-0.043213	0.070801	1.110352	-0.732824	-1.656489	50.816794	0.005618
-0.049561	0.070312	1.120850	-3.221374	-1.969466	-5.122137	0.014004
-0.048096	0.067871	1.115479	-3.183206	-0.694656	-1.282443	0.022444
-0.051025	0.070557	1.124023	-2.854962	-0.801527	-1.480916	0.032974
-0.057129	0.071289	1.118652	-2.938931	-0.748092	-1.511450	0.043161
-0.048828	0.065918	1.115723	-2.854962	-0.839695	-1.381679	0.053209
-0.052246	0.068604	1.115234	-3.091603	-0.923664	-1.419847	0.063244
-0.048828	0.071533	1.098389	-2.923664	-0.687023	-1.274809	0.073334
-0.047852	0.071289	1.122314	-3.038168	-0.893130	-1.229008	0.083765
-0.046875	0.072754	1.115967	-2.961832	-0.931298	-1.381679	0.093782
-0.047363	0.065430	1.114014	-2.946565	-0.755725	-1.328244	0.103819
-0.047363	0.068359	1.104736	-3.152672	-0.832061	-1.297710	0.113834
-0.053955	0.065186	1.112793	-3.022901	-0.656489	-1.580153	0.123885
-0.046875	0.072021	1.112061	-3.038168	-0.793893	-1.335878	0.134025
-0.046875	0.066162	1.108643	-3.106870	-0.748092	-1.404580	0.144145
-0.051025	0.065430	1.103271	-3.038168	-0.809160	-1.374046	0.154238
-0.047852	0.063232	1.108643	-2.900763	-0.610687	-1.519084	0.164334
-0.049561	0.070557	1.111328	-3.114504	-0.862595	-1.412214	0.174352
-0.047607	0.067139	1.116211	-3.007634	-0.809160	-1.351145	0.184397
-0.052246	0.072754	1.114502	-2.931298	-0.801527	-1.534351	0.194402
-0.048828	0.070557	1.111572	-3.183206	-0.725191	-1.381679	0.204482
-0.049561	0.069336	1.115479	-2.839695	-0.679389	-1.412214	0.216671
-0.050049	0.069092	1.118408	-2.946565	-0.847328	-1.290076	0.228111
-0.043945	0.071045	1.110107	-3.030534	-0.671756	-1.351145	0.238741
-0.046631	0.066650	1.114014	-3.045802	-0.809160	-1.312977	0.249689
-0.052979	0.072266	1.109863	-3.137405	-0.763359	-1.358779	0.261763
-0.049316	0.069824	1.109863	-3.137405	-0.748092	-1.358779	0.272070
-0.046875	0.066895	1.107666	-3.137405	-0.687023	-1.412214	0.282928
-0.044678	0.070801	1.111084	-3.145038	-0.633588	-1.305344	0.293359
-0.043213	0.069336	1.118896	-3.213740	-0.679389	-1.389313	0.303367
-0.047607	0.070801	1.114502	-3.000000	-0.610687	-1.503817	0.312866
-0.046631	0.070801	1.118164	-3.038168	-0.832061	-1.396947	0.323066
-0.047607	0.069824	1.118164	-3.145038	-0.908397	-1.229008	0.333444
-0.052734	0.066162	1.111572	-2.984733	-0.900763	-1.511450	0.343900
-0.048584	0.063477	1.108887	-3.007634	-0.916031	-1.374046	0.353274
-0.047119	0.064941	1.105469	-3.022901	-0.748092	-1.320611	0.363494
-0.051025	0.080322	1.113037	-3.038168	-0.900763	-1.343511	0.374305
-0.046631	0.071777	1.116455	-3.015267	-0.801527	-1.381679	0.384452
-0.052002	0.062500	1.117920	-3.022901	-0.839695	-1.282443	0.393813
-0.046143	0.063721	1.111084	-3.007634	-0.893130	-1.541985	0.404033
-0.050781	0.066406	1.115234	-3.053435	-0.671756	-1.244275	0.414186
-0.046143	0.064209	1.115479	-3.061069	-0.748092	-1.389313	0.424528
-0.046143	0.069336	1.118652	-2.977099	-0.694656	-1.328244	0.433861
-0.050293	0.066162	1.107910	-3.000000	-0.778626	-1.473282	0.444388
-0.049072	0.066895	1.104492	-3.137405	-0.709924	-1.213740	0.454442
-0.044922	0.066162	1.108887	-3.007634	-1.000000	-1.366412	0.464778
-0.051514	0.063477	1.110352	-2.916031	-0.740458	-1.404580	0.474379
-0.048340	0.067383	1.112061	-3.068702	-0.832061	-1.496183	0.484517
-0.043213	0.065674	1.111816	-2.793893	-0.877863	-1.343511	0.494852
-0.043213	0.071533	1.112793	-3.106870	-0.671756	-1.351145	0.504914
-0.051514	0.071045	1.113770	-3.160305	-0.801527	-1.396947	0.514326
-0.052002	0.064697	1.113525	-2.992366	-0.870229	-1.213740	0.524719
-0.045166	0.068848	1.122070	-3.160305	-0.870229	-1.366412	0.535159
-0.050293	0.071777	1.108643	-3.030534	-0.816794	-1.351145	0.545103
-0.045410	0.062256	1.110840	-2.961832	-0.778626	-1.335878	0.554403
-0.051270	0.072021	1.114258	-2.854962	-0.969466	-1.297710	0.564838
-0.044189	0.070557	1.110840	-2.938931	-0.679389	-1.381679	0.575340
-0.046387	0.064697	1.114014	-3.129771	-0.725191	-1.603053	0.585470
-0.053223	0.070801	1.111328	-3.091603	-0.702290	-1.503817	0.594687
-0.046631	0.069580	1.109863	-3.000000	-0.702290	-1.488550	0.603994
-0.048828	0.071777	1.110352	-3.015267	-0.725191	-1.442748	0.613175
-0.035645	0.070068	1.116943	-3.061069	-0.755725	-1.564885	0.622984
-0.050781	0.065430	1.117676	-3.267176	-0.931298	-1.221374	0.632623
-0.048584	0.068848	1.109375	-3.000000	-0.778626	-1.381679	0.642112
-0.051270	0.069336	1.115479	-2.923664	-0.839695	-1.389313	0.653227
-0.041748	0.070557	1.114014	-2.954198	-0.709924	-1.366412	0.662635
-0.047852	0.066162	1.116699	-2.885496	-0.900763	-1.396947	0.672260
-0.043945	0.065674	1.126221	-3.114504	-0.862595	-1.572519	0.683110
-0.051270	0.065674	1.112793	-3.129771	-0.900763	-1.290076	0.693346
-0.044434	0.070557	1.115234	-3.099237	-0.694656	-1.541985	0.702732
-0.049561	0.066162	1.106445	-3.038168	-1.022901	-1.343511	0.713418
-0.047363	0.064941	1.112549	-2.977099	-0.923664	-1.305344	0.723836
-0.047852	0.069824	1.112793	-3.083969	-0.954198	-1.396947	0.733916
-0.051025	0.068848	1.114502	-3.000000	-0.839695	-1.564885	0.743465
-0.051025	0.066162	1.113525	-2.938931	-0.740458	-1.312977	0.753942
-0.052979	0.075684	1.105957	-3.061069	-0.755725	-1.328244	0.764130
-0.047363	0.065674	1.112305	-3.099237	-0.687023	-1.305344	0.774362
-0.047363	0.067139	1.108887	-2.992366	-0.786260	-1.335878	0.784641
-0.046143	0.071777	1.106934	-2.954198	-0.900763	-1.396947	0.795171
-0.047852	0.067383	1.108154	-3.083969	-0.748092	-1.343511	0.805543
-0.046875	0.071533	1.111572	-2.862595	-0.946565	-1.503817	0.815329
-0.051025	0.065674	1.120605	-2.946565	-0.679389	-1.381679	0.825889
-0.047607	0.068115	1.108887	-3.045802	-0.633588	-1.450382	0.836259
-0.048828	0.068359	1.116455	-2.931298	-0.755725	-1.236641	0.846638
-0.054443	0.062744	1.117676	-3.053435	-0.770992	-1.519084	0.855978
-0.049561	0.069580	1.110107	-2.984733	-0.618321	-1.404580	0.866128
-0.049561	0.067139	1.112793	-3.122137	-0.916031	-1.396947	0.876438
-0.043457	0.064697	1.100342	-3.114504	-0.862595	-1.251908	0.886865
-0.046387	0.067627	1.118896	-3.000000	-0.793893	-1.442748	0.896236
-0.046387	0.068604	1.110596	-3.114504	-0.885496	-1.427481	0.906655
-0.046387	0.066406	1.113770	-2.977099	-0.725191	-1.458015	0.917017
-0.051514	0.070312	1.111328	-3.122137	-0.778626	-1.221374	0.926973
-0.050293	0.066895	1.110107	-3.038168	-0.839695	-1.320611	0.936466
-0.046631	0.069824	1.111816	-3.099237	-0.839695	-1.175573	0.947208
-0.052246	0.066895	1.120605	-3.167939	-0.900763	-1.236641	0.957656
-0.052246	0.070801	1.115967	-2.931298	-0.809160	-1.396947	0.967376
-0.046143	0.067627	1.116455	-2.992366	-0.778626	-1.320611	0.976681
-0.049072	0.070068	1.115723	-2.992366	-0.786260	-1.358779	0.985832
-0.046387	0.063965	1.118164	-3.190840	-0.923664	-1.381679	0.996633
-0.046875	0.068359	1.110840	-3.122137	-0.809160	-1.465649	1.006747
-0.048096	0.070557	1.117432	-3.030534	-0.931298	-1.488550	1.016799
-0.050537	0.068115	1.118164	-3.175573	-1.022901	-1.328244	1.026066
-0.047607	0.067139	1.119629	-3.083969	-0.885496	-1.442748	1.036951
-0.048828	0.065430	1.114502	-3.160305	-0.931298	-1.358779	1.047318
-0.051514	0.065918	1.113770	-2.984733	-0.778626	-1.458015	1.057350
-0.048096	0.063721	1.112549	-3.259542	-0.870229	-1.396947	1.066622
-0.048584	0.063477	1.111572	-3.091603	-0.641221	-1.351145	1.076877
-0.032471	0.066162	1.110107	-3.030534	-0.900763	-1.480916	1.086939
-0.050537	0.072266	1.117920	-3.061069	-0.839695	-1.335878	1.097108
-0.048584	0.064697	1.114990	-3.099237	-0.854962	-1.458015	1.106509
-0.044434	0.077393	1.103271	-3.022901	-0.839695	-1.297710	1.117122
-0.048584	0.064697	1.115479	-3.015267	-0.755725	-1.351145	1.127579
-0.047607	0.072998	1.115723	-3.091603	-0.740458	-1.267176	1.137427
-0.032471	0.068604	1.115234	-3.328244	-0.763359	-1.465649	1.146724
-0.044189	0.072266	1.100342	-2.992366	-0.679389	-1.335878	1.157636
-0.052002	0.069824	1.112549	-3.152672	-0.694656	-1.305344	1.167960
-0.056152	0.072021	1.112793	-3.091603	-0.824427	-1.343511	1.177628
-0.050781	0.061523	1.110352	-3.137405	-0.755725	-1.473282	1.186973
-0.043945	0.069092	1.113525	-3.030534	-0.778626	-1.503817	1.197776
-0.051514	0.070557	1.115234	-3.122137	-0.870229	-1.351145	1.207253
-0.045166	0.063232	1.110840	-3.068702	-0.801527	-1.412214	1.216546
-0.052002	0.066650	1.116455	-3.053435	-0.877863	-1.343511	1.225731
-0.054688	0.069092	1.119629	-3.229008	-0.969466	-1.458015	1.234937
-0.042969	0.069336	1.110596	-3.122137	-0.816794	-1.190840	1.244735
-0.050049	0.068115	1.103027	-3.076336	-0.633588	-1.328244	1.254016
-0.050781	0.065674	1.112793	-3.183206	-0.900763	-1.580153	1.263545
-0.042236	0.069580	1.123779	-2.946565	-0.946565	-1.290076	1.274049
-0.039062	0.066650	1.112549	-3.190840	-0.770992	-1.312977	1.285103
-0.054932	0.060303	1.113525	-3.106870	-0.732824	-1.442748	1.295038
-0.053467	0.068604	1.117432	-3.083969	-0.847328	-1.328244	1.304345
-0.046631	0.061279	1.121582	-3.152672	-0.854962	-1.381679	1.314438
-0.049072	0.072998	1.124268	-3.068702	-0.778626	-1.351145	1.325256
-0.049316	0.068359	1.115479	-2.977099	-0.832061	-1.358779	1.335423
-0.055420	0.064697	1.113281	-2.900763	-0.816794	-1.381679	1.344820
-0.062500	0.065918	1.111328	-3.213740	-0.862595	-1.488550	1.355342
-0.055420	0.072021	1.108887	-2.839695	-0.679389	-1.442748	1.365697
-0.047363	0.066650	1.105713	-2.961832	-0.839695	-1.335878	1.375907
-0.048096	0.063965	1.126465	-3.183206	-0.687023	-1.427481	1.385244
-0.046143	0.066162	1.114014	-3.000000	-0.717557	-1.389313	1.394859
-0.055176	0.065186	1.117920	-3.152672	-0.786260	-1.381679	1.405376
-0.053223	0.066162	1.118652	-3.083969	-0.717557	-1.221374	1.415685
-0.055664	0.061768	1.110352	-3.137405	-0.732824	-1.374046	1.425837
-0.048340	0.065674	1.111572	-3.198473	-0.748092	-1.427481	1.435104
-0.043457	0.076172	1.113037	-2.977099	-0.923664	-1.335878	1.445695
-0.054199	0.064453	1.113281	-3.175573	-0.946565	-1.358779	1.455810
-0.051025	0.064697	1.120117	-3.068702	-0.572519	-1.458015	1.465929
-0.049316	0.064697	1.116455	-3.129771	-1.030534	-1.412214	1.475541
-0.050537	0.064697	1.114746	-2.916031	-0.656489	-1.389313	1.486029
-0.048096	0.071777	1.107910	-2.916031	-0.786260	-1.480916	1.496019
-0.045410	0.073242	1.104248	-3.076336	-0.770992	-1.435115	1.506144
-0.049805	0.061768	1.116455	-3.045802	-0.770992	-1.511450	1.515560
-0.053467	0.071289	1.103516	-3.083969	-0.725191	-1.465649	1.526061
-0.052246	0.068848	1.102783	-3.190840	-0.931298	-1.480916	1.536634
-0.039795	0.063965	1.117676	-3.106870	-0.832061	-1.503817	1.546550
-0.051758	0.072021	1.114746	-3.061069	-0.877863	-1.259542	1.556299
-0.047607	0.073730	1.112793	-3.122137	-0.717557	-1.412214	1.566856
-0.047852	0.070312	1.114258	-3.030534	-0.816794	-1.374046	1.577034
-0.047852	0.067627	1.118652	-3.083969	-1.106870	-1.343511	1.586749
-0.051025	0.070312	1.115723	-3.122137	-0.625954	-1.503817	1.596292
-0.048340	0.067627	1.113770	-3.007634	-0.450382	-1.335878	1.607030
-0.047852	0.068604	1.118652	-3.122137	-0.862595	-1.473282	1.617342
-0.046631	0.063721	1.112793	-2.938931	-0.709924	-1.419847	1.627022
-0.048828	0.065674	1.113281	-3.030534	-0.717557	-1.435115	1.636271
-0.046387	0.068359	1.113770	-3.129771	-0.748092	-1.267176	1.646928
-0.049561	0.067871	1.115723	-3.122137	-0.587786	-1.465649	1.657152
-0.048828	0.071045	1.109131	-2.992366	-0.557252	-1.419847	1.667362
-0.043945	0.071045	1.121094	-3.145038	-0.908397	-1.473282	1.676737
-0.039795	0.069092	1.114990	-2.946565	-0.687023	-1.412214	1.686825
-0.049805	0.075195	1.106934	-3.114504	-0.824427	-1.633588	1.696955
-0.046875	0.070557	1.112305	-3.053435	-1.083969	-1.503817	1.707169
-0.046875	0.067627	1.106689	-3.000000	-0.717557	-1.480916	1.717442
-0.049072	0.072266	1.114746	-3.160305	-0.931298	-1.122137	1.727967
-0.062500	0.068604	1.114746	-3.076336	-0.839695	-1.404580	1.738375
-0.052490	0.067627	1.112793	-3.160305	-0.908397	-1.435115	1.747874
-0.047607	0.071777	1.111328	-3.175573	-0.984733	-1.404580	1.757196
-0.048828	0.068115	1.123291	-3.175573	-0.641221	-1.473282	1.768193
-0.049316	0.073486	1.113770	-2.908397	-0.778626	-1.435115	1.778671
-0.047363	0.066162	1.112549	-3.068702	-0.824427	-1.320611	1.788212
-0.049316	0.067139	1.111084	-2.923664	-0.839695	-1.343511	1.797453
-0.045410	0.070801	1.126221	-2.847328	-0.793893	-1.419847	1.806676
-0.051025	0.069092	1.114746	-3.229008	-0.793893	-1.465649	1.817392
-0.052002	0.071045	1.111572	-3.045802	-0.755725	-1.305344	1.827687
-0.054688	0.068848	1.113037	-3.076336	-0.778626	-1.312977	1.837525
-0.048828	0.070068	1.110596	-3.251908	-0.870229	-1.152672	1.846894
-0.055420	0.068115	1.116699	-3.106870	-0.839695	-1.297710	1.858070
-0.046143	0.071533	1.111572	-3.160305	-0.832061	-1.374046	1.868737
-0.051270	0.067383	1.110596	-3.030534	-0.732824	-1.549618	1.878911
-0.047363	0.065674	1.113525	-3.129771	-0.595420	-1.389313	1.888423
-0.052002	0.066406	1.108643	-3.015267	-0.832061	-1.396947	1.897632
-0.043945	0.064209	1.118408	-3.106870	-0.954198	-1.435115	1.906838
-0.052734	0.073486	1.110596	-3.122137	-0.832061	-1.389313	1.918999
-0.049561	0.066895	1.108398	-3.160305	-0.717557	-1.480916	1.929265
-0.046143	0.067871	1.108154	-3.099237	-0.809160	-1.473282	1.940882
-0.046387	0.071777	1.113281	-3.053435	-0.641221	-1.396947	1.952688
-0.047607	0.068115	1.108398	-3.030534	-0.763359	-1.389313	1.963094
-0.050293	0.066406	1.122070	-3.122137	-0.984733	-1.427481	1.973357
-0.046631	0.070068	1.112549	-3.114504	-0.702290	-1.427481	1.982857
-0.055176	0.068604	1.113037	-3.175573	-0.908397	-1.396947	1.993052
-0.044434	0.073242	1.119141	-3.053435	-0.740458	-1.427481	2.003199
-0.046143	0.069824	1.108887	-3.015267	-0.923664	-1.320611	2.013543
-0.050293	0.066406	1.109619	-3.053435	-0.885496	-1.687023	2.023551
-0.047363	0.068604	1.113281	-3.015267	-0.839695	-1.183206	2.034214
-0.048828	0.066406	1.110352	-3.091603	-0.801527	-1.374046	2.044666
-0.048584	0.067383	1.112305	-2.923664	-0.717557	-1.312977	2.054795
-0.050293	0.061279	1.115479	-3.038168	-0.839695	-1.404580	2.064923
-0.045654	0.071289	1.118164	-3.183206	-0.694656	-1.236641	2.075223
-0.047607	0.066895	1.112793	-2.923664	-0.725191	-1.419847	2.085616
-0.048096	0.066895	1.100830	-3.213740	-0.809160	-1.152672	2.095324
-0.050293	0.069824	1.110352	-3.106870	-0.671756	-1.526718	2.105528
-0.045654	0.072266	1.121582	-3.030534	-0.885496	-1.358779	2.115805
-0.033447	0.059570	1.124512	-3.022901	-0.824427	-1.496183	2.126138
-0.045654	0.067871	1.111328	-3.007634	-0.847328	-1.328244	2.135564
-0.046875	0.064453	1.108398	-3.129771	-0.961832	-1.595420	2.146583
-0.049805	0.065186	1.110840	-3.000000	-0.900763	-1.282443	2.156990
-0.044922	0.068115	1.114990	-3.053435	-0.847328	-1.389313	2.167013
-0.044189	0.077881	1.108643	-3.061069	-0.694656	-1.274809	2.176593
-0.050781	0.065674	1.115723	-3.068702	-0.870229	-1.549618	2.187370
-0.047607	0.066162	1.117188	-3.053435	-0.725191	-1.297710	2.197554
-0.052979	0.068359	1.111816	-3.038168	-0.893130	-1.297710	2.206989
-0.048584	0.068604	1.116943	-3.045802	-0.648855	-1.396947	2.216407
-0.049316	0.065674	1.116211	-3.030534	-0.671756	-1.557252	2.227282
-0.046387	0.069580	1.108398	-2.916031	-0.931298	-1.366412	2.237388
-0.050293	0.061035	1.111572	-3.015267	-0.961832	-1.450382	2.247577
-0.052002	0.063232	1.110596	-3.122137	-0.900763	-1.404580	2.257024
-0.051270	0.067383	1.111328	-3.206107	-0.793893	-1.503817	2.268343
-0.055420	0.073242	1.115234	-3.045802	-0.992366	-1.175573	2.278361
-0.045654	0.071533	1.118164	-3.038168	-0.755725	-1.282443	2.288302
-0.046387	0.066650	1.099121	-3.206107	-0.870229	-1.213740	2.297693
-0.052490	0.066650	1.118164	-3.106870	-0.694656	-1.473282	2.308572
-0.048096	0.066650	1.108643	-3.083969	-0.839695	-1.450382	2.319183
-0.049072	0.069824	1.119629	-3.007634	-0.992366	-1.473282	2.328839
-0.048096	0.067627	1.120850	-3.022901	-0.603053	-1.435115	2.338199
-0.051514	0.065918	1.112305	-3.190840	-0.885496	-1.450382	2.347482
-0.045410	0.065186	1.123779	-3.022901	-0.809160	-1.374046	2.358368
-0.050293	0.067871	1.113770	-3.114504	-0.908397	-1.282443	2.368559
-0.046875	0.071533	1.109863	-3.167939	-0.809160	-1.465649	2.378202
-0.049561	0.066162	1.112793	-3.106870	-0.694656	-1.297710	2.387637
-0.048584	0.066895	1.100586	-2.893130	-0.778626	-1.167939	2.398335
-0.043945	0.067139	1.093994	-3.000000	-0.786260	-1.458015	2.408469
-0.050293	0.072266	1.109863	-3.068702	-0.824427	-1.366412	2.418332
-0.051514	0.067383	1.107178	-3.160305	-0.717557	-1.290076	2.427653
-0.051758	0.063965	1.115967	-2.931298	-0.687023	-1.396947	2.438670
-0.046387	0.068115	1.113525	-2.847328	-0.839695	-1.572519	2.448760
-0.048340	0.065918	1.104248	-3.007634	-0.778626	-1.435115	2.458575
-0.050781	0.065674	1.114258	-2.992366	-0.854962	-1.503817	2.468100
-0.050293	0.074219	1.118896	-3.175573	-0.755725	-1.335878	2.479439
-0.050293	0.072754	1.106201	-2.938931	-0.732824	-1.396947	2.488932
-0.043213	0.070068	1.117920	-3.175573	-0.923664	-1.374046	2.498450
-0.052002	0.067383	1.119873	-3.000000	-0.832061	-1.435115	2.507950
-0.050049	0.063965	1.100342	-2.961832	-0.503817	-1.442748	2.517585
-0.048096	0.062988	1.115234	-3.213740	-0.679389	-1.557252	2.526875
-0.049805	0.067139	1.123047	-3.030534	-0.694656	-1.396947	2.536002
-0.045410	0.073730	1.122803	-3.221374	-0.832061	-1.381679	2.545145
-0.048584	0.066895	1.118896	-3.190840	-0.931298	-1.435115	2.556127
-0.051025	0.073486	1.111572	-3.099237	-0.908397	-1.435115	2.566915
-0.051025	0.068115	1.113037	-3.030534	-0.893130	-1.526718	2.577276
-0.046387	0.070068	1.119629	-3.015267	-0.885496	-1.534351	2.586807
-0.053955	0.067383	1.110596	-2.969466	-0.854962	-1.442748	2.597875
-0.046631	0.069824	1.107422	-3.190840	-0.862595	-1.496183	2.608078
-0.045898	0.069336	1.105957	-3.198473	-0.679389	-1.404580	2.618241
-0.051758	0.069580	1.110352	-3.076336	-0.877863	-1.419847	2.627680
-0.046631	0.070801	1.109131	-3.190840	-0.679389	-1.343511	2.638242
-0.044434	0.068604	1.118896	-3.099237	-0.854962	-1.351145	2.648545
-0.047119	0.070312	1.115479	-2.969466	-0.687023	-1.358779	2.658282
-0.046143	0.074951	1.114014	-3.206107	-0.885496	-1.389313	2.667841
-0.046387	0.064697	1.110596	-3.099237	-0.900763	-1.267176	2.678744
-0.049072	0.069092	1.123779	-3.068702	-0.854962	-1.389313	2.688863
-0.048584	0.070068	1.110840	-3.183206	-0.740458	-1.458015	2.698593
-0.044922	0.066895	1.116699	-3.030534	-0.870229	-1.519084	2.708159
-0.055176	0.071777	1.115234	-3.160305	-0.885496	-1.328244	2.717634
-0.042969	0.075439	1.116455	-3.137405	-0.824427	-1.389313	2.728415
-0.047852	0.072754	1.116455	-3.122137	-0.824427	-1.412214	2.738633
-0.043213	0.067139	1.116699	-3.213740	-0.824427	-1.396947	2.748478
-0.051514	0.066895	1.111816	-3.129771	-0.648855	-1.381679	2.757890
-0.045410	0.066406	1.111328	-3.007634	-0.908397	-1.290076	2.767774
-0.043457	0.072021	1.111816	-3.244275	-0.992366	-1.290076	2.778743
-0.049805	0.060791	1.113281	-3.152672	-0.702290	-1.427481	2.788549
-0.046631	0.067139	1.111084	-3.015267	-0.786260	-1.167939	2.797967
-0.053467	0.072021	1.113281	-3.114504	-0.648855	-1.404580	2.807665
-0.044434	0.063721	1.114746	-3.137405	-0.786260	-1.381679	2.818555
-0.050293	0.063232	1.116211	-3.045802	-1.015267	-1.274809	2.828538
-0.043457	0.069580	1.113525	-3.083969	-0.709924	-1.343511	2.837983
-0.052002	0.068359	1.114014	-3.000000	-0.862595	-1.488550	2.848781
-0.054443	0.068848	1.111572	-3.000000	-0.969466	-1.335878	2.859014
-0.043945	0.071289	1.105713	-3.000000	-0.793893	-1.358779	2.868983
-0.051758	0.067871	1.115967	-3.152672	-0.870229	-1.335878	2.878631
-0.034668	0.069092	1.111816	-3.000000	-0.557252	-1.435115	2.889535
-0.049316	0.070557	1.110596	-3.091603	-0.786260	-1.450382	2.899322
-0.060547	0.063477	1.119385	-3.022901	-0.916031	-1.290076	2.908812
-0.050537	0.065674	1.112305	-3.122137	-0.824427	-1.427481	2.919914
-0.050781	0.064453	1.113770	-3.038168	-0.885496	-1.419847	2.929963
-0.054443	0.062988	1.115723	-3.091603	-0.824427	-1.419847	2.940061
-0.044189	0.070801	1.117188	-3.083969	-0.824427	-1.526718	2.949838
-0.046875	0.061768	1.116211	-2.923664	-0.954198	-1.335878	2.959698
-0.059082	0.072510	1.117920	-3.160305	-0.625954	-1.503817	2.970527
-0.047363	0.064941	1.125488	-3.099237	-0.648855	-1.450382	2.981203
-0.052979	0.069092	1.116699	-3.091603	-0.717557	-1.320611	2.990753
-0.046631	0.071045	1.106445	-3.022901	-0.786260	-1.328244	3.001196
-0.050781	0.070801	1.109863	-3.114504	-0.832061	-1.458015	3.011405
-0.042480	0.064697	1.114014	-3.007634	-0.770992	-1.274809	3.022033
-0.046143	0.066162	1.123047	-2.969466	-0.885496	-1.366412	3.031594
-0.051025	0.060547	1.099854	-3.022901	-0.793893	-1.366412	3.042047
-0.043213	0.060547	1.109131	-3.053435	-0.877863	-1.442748	3.052502
-0.052490	0.070068	1.110596	-3.221374	-0.893130	-1.503817	3.062566
-0.048340	0.071777	1.116699	-3.030534	-0.816794	-1.458015	3.072377
-0.052734	0.070312	1.112305	-3.022901	-0.969466	-1.358779	3.083061
-0.042725	0.069824	1.118408	-3.106870	-0.732824	-1.343511	3.093523
-0.060547	0.063232	1.105957	-2.908397	-0.877863	-1.427481	3.103209
-0.052246	0.063232	1.117676	-2.984733	-0.801527	-1.435115	3.112818
-0.045654	0.066895	1.108887	-3.091603	-0.717557	-1.358779	3.124218
-0.046387	0.067627	1.108154	-3.083969	-0.755725	-1.343511	3.134261
-0.046631	0.072266	1.111816	-3.061069	-0.755725	-1.183206	3.144001
-0.042725	0.073975	1.121094	-2.992366	-0.938931	-1.458015	3.154773
-0.050293	0.065674	1.116211	-3.236641	-0.793893	-1.458015	3.164375
-0.057617	0.063232	1.104980	-3.213740	-0.557252	-1.396947	3.173942
-0.039062	0.062500	1.117432	-3.320611	-0.763359	-1.404580	3.183176
-0.034912	0.068359	1.105469	-2.900763	-0.786260	-1.335878	3.194274
-0.047852	0.067627	1.111572	-3.099237	-0.709924	-1.541985	3.204205
-0.049805	0.061768	1.114014	-2.992366	-0.679389	-1.435115	3.213678
-0.046387	0.069336	1.111572	-2.984733	-0.824427	-1.282443	3.224548
-0.048584	0.063232	1.114502	-2.931298	-0.732824	-1.351145	3.234666
-0.046143	0.075684	1.116943	-2.908397	-0.824427	-1.404580	3.245021
-0.051270	0.063477	1.114014	-3.030534	-0.763359	-1.297710	3.254383
-0.048584	0.069580	1.124023	-3.030534	-0.755725	-1.396947	3.264832
-0.034912	0.064453	1.111572	-2.938931	-0.786260	-1.335878	3.275466
-0.051270	0.067871	1.119385	-2.916031	-0.656489	-1.343511	3.285554
-0.056152	0.067383	1.110352	-3.038168	-0.908397	-1.427481	3.295010
-0.048828	0.070557	1.110596	-2.885496	-0.755725	-1.267176	3.305934
-0.054688	0.066406	1.117188	-2.931298	-0.778626	-1.206107	3.316752
-0.049316	0.069580	1.117920	-3.068702	-0.641221	-1.427481	3.326435
-0.047363	0.065674	1.107666	-3.259542	-0.641221	-1.419847	3.334474
-0.046875	0.066406	1.114014	-3.045802	-0.961832	-1.396947	3.342993
-0.049072	0.071777	1.112549	-2.992366	-1.000000	-1.374046	3.351336
-0.049805	0.067871	1.117920	-3.137405	-0.778626	-1.496183	3.359887
-0.044434	0.064697	1.108887	-3.198473	-0.679389	-1.389313	3.367959
-0.050537	0.064941	1.113525	-3.076336	-0.725191	-1.549618	3.375727
-0.047852	0.065918	1.109375	-3.259542	-0.832061	-1.290076	3.384431
-0.052246	0.070557	1.121094	-3.061069	-0.809160	-1.297710	3.392799
-0.038086	0.069824	1.116943	-3.152672	-0.748092	-1.328244	3.401132
-0.049561	0.068359	1.115967	-2.885496	-0.809160	-1.534351	3.409191
-0.050781	0.069336	1.112793	-3.198473	-0.877863	-1.419847	3.417907
-0.049072	0.070312	1.109863	-2.893130	-0.870229	-1.480916	3.425998
-0.043213	0.065186	1.114990	-3.000000	-0.832061	-1.389313	3.433991
-0.047363	0.068359	1.119629	-3.061069	-0.816794	-1.488550	3.441731
-0.046387	0.068359	1.097900	-3.007634	-0.916031	-1.435115	3.450120
-0.044922	0.066650	1.113037	-3.198473	-0.778626	-1.328244	3.458642
-0.050537	0.069824	1.107178	-3.053435	-0.854962	-1.572519	3.466963
-0.048096	0.067383	1.113525	-2.877863	-0.595420	-1.458015	3.475204
-0.044678	0.062988	1.110107	-2.916031	-0.687023	-1.534351	3.483085
-0.049805	0.063721	1.115723	-3.053435	-0.618321	-1.358779	3.491580
-0.048828	0.070801	1.117188	-3.244275	-0.946565	-1.290076	3.500114
-0.051514	0.071289	1.110840	-2.977099	-0.748092	-1.389313	3.508540
-0.047363	0.070801	1.100586	-3.167939	-0.740458	-1.213740	3.516920
-0.047363	0.068115	1.113281	-3.030534	-0.618321	-1.396947	3.524786
-0.053223	0.070557	1.122803	-3.007634	-0.916031	-1.366412	3.532723
-0.045410	0.067139	1.111572	-3.099237	-0.732824	-1.465649	3.540349
-0.046143	0.075684	1.109375	-2.877863	-0.679389	-1.297710	3.548869
-0.046631	0.069336	1.113037	-3.022901	-0.893130	-1.297710	3.557571
-0.053955	0.067383	1.108643	-3.160305	-0.625954	-1.206107	3.565872
-0.046143	0.070068	1.115723	-3.030534	-0.862595	-1.305344	3.574046
-0.044922	0.069336	1.109619	-3.099237	-0.702290	-1.267176	3.581932
-0.052734	0.065674	1.094238	-3.061069	-0.770992	-1.427481	3.589860
-0.047363	0.065674	1.115723	-2.969466	-0.992366	-1.335878	3.599047
-0.043701	0.068359	1.115967	-3.167939	-0.725191	-1.351145	3.607518
-0.048828	0.071045	1.111328	-3.091603	-0.557252	-1.503817	3.615423
-0.049805	0.068604	1.115479	-3.099237	-0.809160	-1.335878	3.623428
-0.047852	0.069336	1.105469	-3.076336	-0.870229	-1.267176	3.631253
-0.054688	0.066162	1.118408	-3.221374	-0.755725	-1.412214	3.639412
-0.047363	0.071289	1.107666	-2.961832	-0.793893	-1.320611	3.648653
-0.054932	0.074463	1.120850	-3.083969	-0.885496	-1.511450	3.657046
-0.056152	0.065186	1.110596	-2.961832	-0.893130	-1.427481	3.665346
-0.052246	0.073242	1.110352	-3.106870	-0.832061	-1.419847	3.673428
-0.046875	0.064453	1.107178	-3.022901	-0.854962	-1.404580	3.681612
-0.049072	0.073486	1.108887	-3.129771	-0.832061	-1.358779	3.690965
-0.049316	0.077637	1.116455	-3.206107	-0.786260	-1.343511	3.699442
-0.041992	0.068359	1.110596	-3.206107	-0.786260	-1.351145	3.707499
-0.040771	0.066650	1.109863	-3.114504	-0.946565	-1.419847	3.715367
-0.054932	0.069824	1.111572	-3.061069	-0.824427	-1.290076	3.724214
-0.056152	0.071289	1.107178	-3.076336	-0.633588	-1.404580	3.732690
-0.046875	0.064697	1.114258	-3.007634	-0.786260	-1.458015	3.741346
-0.051025	0.070557	1.109619	-2.961832	-0.923664	-1.343511	3.749197
-0.049072	0.073242	1.115479	-3.129771	-0.923664	-1.328244	3.757034
-0.045166	0.067139	1.115234	-3.061069	-0.847328	-1.412214	3.764790
-0.051270	0.070068	1.113281	-2.946565	-0.725191	-1.351145	3.772683
-0.047119	0.072510	1.122070	-3.129771	-0.839695	-1.465649	3.780450
-0.049316	0.066162	1.116455	-3.091603	-0.854962	-1.412214	3.788024
-0.052734	0.068848	1.115723	-3.106870	-0.893130	-1.419847	3.795526
-0.049805	0.076172	1.111084	-3.061069	-0.877863	-1.503817	3.803029
-0.051758	0.066650	1.114746	-3.030534	-0.687023	-1.374046	3.810615
-0.049805	0.066895	1.128174	-3.038168	-0.702290	-1.526718	3.818167
-0.050537	0.066895	1.113770	-3.206107	-0.702290	-1.290076	3.825807
-0.051514	0.067627	1.111084	-3.114504	-0.977099	-1.366412	3.836724
-0.049561	0.070068	1.108887	-3.190840	-0.717557	-1.404580	3.846869
-0.043457	0.072510	1.112305	-3.045802	-0.778626	-1.206107	3.856919
-0.047363	0.066895	1.109863	-3.206107	-0.618321	-1.519084	3.866354
-0.051025	0.064697	1.116699	-3.076336	-0.847328	-1.427481	3.877216
-0.051270	0.066406	1.120117	-3.053435	-0.847328	-1.396947	3.887643
-0.042480	0.068359	1.117676	-3.167939	-0.732824	-1.419847	3.897529
-0.053711	0.067871	1.110352	-2.847328	-0.763359	-1.343511	3.906923
-0.047607	0.066162	1.112305	-3.106870	-0.824427	-1.374046	3.919212
-0.053467	0.069092	1.112305	-3.160305	-0.793893	-1.503817	3.931381
-0.048340	0.067871	1.116699	-2.992366	-0.824427	-1.557252	3.941093
-0.052734	0.064697	1.113281	-3.068702	-0.870229	-1.312977	3.950605
-0.048584	0.066650	1.105713	-2.916031	-0.877863	-1.335878	3.960497
-0.050781	0.066162	1.106201	-3.091603	-0.717557	-1.427481	3.971706
-0.052002	0.073242	1.110352	-3.167939	-0.832061	-1.480916	3.982294
-0.052490	0.066406	1.111572	-2.961832	-0.839695	-1.381679	3.991706
-0.044922	0.067383	1.114746	-3.236641	-0.618321	-1.335878	4.002122
-0.053955	0.069336	1.110352	-3.160305	-0.755725	-1.458015	4.012609
-0.045654	0.066162	1.127441	-3.106870	-0.832061	-1.480916	4.023100
-0.054199	0.072998	1.121826	-3.022901	-0.671756	-1.305344	4.032740
-0.048096	0.071777	1.120117	-3.022901	-0.969466	-1.496183	4.043156
-0.048828	0.071289	1.120605	-2.954198	-0.877863	-1.366412	4.053192
-0.048584	0.068848	1.115967	-3.290076	-0.885496	-1.358779	4.063628
-0.051270	0.072266	1.121582	-3.099237	-0.938931	-1.480916	4.073049
-0.052979	0.070801	1.112061	-3.045802	-0.961832	-1.335878	4.082734
-0.059570	0.073486	1.114990	-3.213740	-0.862595	-1.274809	4.093716
-0.049316	0.067383	1.113770	-3.190840	-0.961832	-1.374046	4.103964
-0.047363	0.070312	1.113281	-3.053435	-0.877863	-1.259542	4.114037
-0.045410	0.067627	1.112793	-3.045802	-0.854962	-1.557252	4.123653
-0.047852	0.069092	1.115234	-2.931298	-0.916031	-1.458015	4.134535
-0.048340	0.067871	1.111328	-3.076336	-0.664122	-1.312977	4.144641
-0.055908	0.063232	1.112061	-2.977099	-0.725191	-1.396947	4.154663
-0.049805	0.069580	1.115234	-2.923664	-0.870229	-1.374046	4.164310
-0.045166	0.064697	1.101074	-3.137405	-0.816794	-1.442748	4.175056
-0.041504	0.063477	1.113770	-3.068702	-0.923664	-1.442748	4.185650
-0.046143	0.063965	1.114014	-3.229008	-1.061069	-1.320611	4.195761
-0.043945	0.072998	1.109863	-2.938931	-1.000000	-1.274809	4.205253
-0.043457	0.066406	1.117676	-3.053435	-0.648855	-1.381679	4.214984
-0.053467	0.070801	1.108643	-3.083969	-0.740458	-1.427481	4.226254
-0.049072	0.073975	1.114746	-3.167939	-0.763359	-1.465649	4.236852
-0.052490	0.067139	1.117188	-3.068702	-0.946565	-1.221374	4.246478
-0.054199	0.063721	1.111328	-3.137405	-0.786260	-1.267176	4.256743
-0.049072	0.068359	1.113770	-2.900763	-0.854962	-1.389313	4.267381
-0.052734	0.065674	1.112061	-3.274809	-0.740458	-1.343511	4.277332
-0.050293	0.070801	1.105713	-3.167939	-0.854962	-1.374046	4.287128
-0.056152	0.064697	1.110840	-3.145038	-0.946565	-1.580153	4.298188
-0.052002	0.065674	1.114014	-2.954198	-0.709924	-1.366412	4.308516
-0.050781	0.073486	1.112549	-3.145038	-0.885496	-1.435115	4.318223
-0.049805	0.069336	1.114746	-3.206107	-0.832061	-1.389313	4.327830
-0.049316	0.067871	1.114990	-3.068702	-0.694656	-1.274809	4.339123
-0.052246	0.068848	1.101562	-3.076336	-0.671756	-1.374046	4.349110
-0.047363	0.060547	1.103760	-3.022901	-0.961832	-1.351145	4.359154
-0.046387	0.075195	1.105713	-3.114504	-0.656489	-1.541985	4.368770
-0.052979	0.065430	1.117676	-2.870229	-0.954198	-1.312977	4.379686
-0.049072	0.065430	1.118164	-3.038168	-0.839695	-1.320611	4.390043
-0.045898	0.070557	1.109619	-3.213740	-1.076336	-1.229008	4.399850
-0.049805	0.068115	1.113281	-3.206107	-0.618321	-1.351145	4.409749
-0.051758	0.069092	1.121338	-3.137405	-0.648855	-1.458015	4.420656
-0.047607	0.069580	1.101807	-2.916031	-0.801527	-1.259542	4.431222
-0.049316	0.070068	1.109375	-2.969466	-0.770992	-1.480916	4.440740
-0.051758	0.070557	1.118652	-3.007634	-0.824427	-1.450382	4.450160
-0.046387	0.073975	1.112549	-3.122137	-0.900763	-1.534351	4.459692
-0.046387	0.073242	1.107178	-3.259542	-0.984733	-1.320611	4.469035
-0.053223	0.070068	1.108154	-2.923664	-0.587786	-1.404580	4.480564
-0.049805	0.070068	1.123779	-3.068702	-0.961832	-1.366412	4.490836
-0.048584	0.064697	1.109375	-3.106870	-0.916031	-1.282443	4.500565
-0.051758	0.069336	1.107910	-3.053435	-0.984733	-1.396947	4.510253
-0.047363	0.065674	1.105713	-3.152672	-0.916031	-1.312977	4.520942
-0.049805	0.067627	1.114990	-3.045802	-1.061069	-1.564885	4.530976
-0.054932	0.066650	1.094482	-3.137405	-0.862595	-1.274809	4.540849
-0.046875	0.067383	1.118164	-3.015267	-0.656489	-1.603053	4.550489
-0.049072	0.067871	1.109863	-3.343511	-0.625954	-1.587786	4.561670
-0.050293	0.065674	1.113525	-3.229008	-0.824427	-1.488550	4.571076
-0.049316	0.069336	1.113525	-3.114504	-0.809160	-1.473282	4.580775
-0.047607	0.070801	1.113770	-2.954198	-0.664122	-1.412214	4.590408
-0.049805	0.069092	1.113525	-3.183206	-0.694656	-1.641221	4.601135
-0.046875	0.068604	1.120850	-3.190840	-0.427481	-1.351145	4.611225
-0.048584	0.059082	1.111084	-3.206107	-0.916031	-1.358779	4.621018
-0.051270	0.065430	1.106201	-2.931298	-0.801527	-1.312977	4.631895
-0.035645	0.067871	1.114502	-2.885496	-0.740458	-1.366412	4.641439
-0.049072	0.068115	1.112305	-3.259542	-0.740458	-1.366412	4.651212
-0.048584	0.071533	1.122070	-3.061069	-0.870229	-1.190840	4.662353
-0.051270	0.065186	1.114258	-3.190840	-0.824427	-1.381679	4.672617
-0.046387	0.067383	1.104248	-3.061069	-0.923664	-1.290076	4.682353
-0.047852	0.068848	1.116211	-3.030534	-0.763359	-1.312977	4.692639
-0.050049	0.072998	1.116455	-3.129771	-0.847328	-1.419847	4.702744
-0.045898	0.063721	1.113037	-3.129771	-0.633588	-1.236641	4.712463
-0.049805	0.068848	1.120117	-3.038168	-1.038168	-1.282443	4.722385
-0.047363	0.065674	1.119141	-3.145038	-0.740458	-1.458015	4.733094
-0.043213	0.072510	1.112793	-3.167939	-0.801527	-1.656489	4.743510
-0.050049	0.067871	1.104980	-2.954198	-0.877863	-1.114504	4.753760
-0.050293	0.074951	1.113037	-3.038168	-0.740458	-1.221374	4.763346
-0.050537	0.071533	1.117920	-3.206107	-0.954198	-1.450382	4.773372
-0.041992	0.067383	1.116943	-3.244275	-0.770992	-1.557252	4.784440
-0.053711	0.067383	1.124023	-2.938931	-1.022901	-1.419847	4.793985
-0.047119	0.069824	1.113770	-3.206107	-0.832061	-1.450382	4.804145
-0.042725	0.064941	1.115479	-3.061069	-0.816794	-1.618321	4.814030
-0.043457	0.065430	1.112549	-3.091603	-1.160305	-1.328244	4.825061
-0.047852	0.069336	1.109375	-3.236641	-0.687023	-1.389313	4.835661
-0.048096	0.049316	1.111816	-2.709924	-0.732824	-1.045802	4.845895
-0.041504	0.072266	1.112305	-3.297710	-1.175573	-1.824427	4.855365
-0.041504	0.063232	1.112061	-3.458015	-0.740458	-1.778626	4.864818
-0.045654	0.067383	1.113281	-2.992366	-1.396947	-1.358779	4.875802
-0.036865	0.074463	1.123291	-3.977099	-0.442748	-2.595420	4.885865
-0.075439	0.035156	1.155273	-2.595420	-0.564885	-0.389313	4.895844
-0.034424	0.078125	1.099121	-2.854962	2.145038	-1.832061	4.905505
-0.062012	0.069092	1.119629	-3.244275	-0.893130	-1.381679	4.917411
-0.049561	0.071777	1.112793	-3.183206	-0.572519	-1.625954	4.927037
-0.039307	0.062988	1.120850	-3.496183	-0.320611	-1.992366	4.937271
-0.044922	0.057861	1.114990	-2.625954	0.374046	-1.083969	4.946894
-0.044434	0.070557	1.118652	-3.603053	-0.671756	-1.992366	4.957670
-0.047607	0.077148	1.117188	-2.847328	-0.221374	-1.091603	4.968037
-0.056885	0.062988	1.114014	-3.526718	-0.274809	-2.206107	4.978026
-0.051025	0.068604	1.111572	-2.954198	-0.770992	-1.358779	4.987695
-0.050781	0.061768	1.114746	-2.938931	-0.633588	-1.190840	4.998527
-0.052490	0.072754	1.110107	-2.900763	-0.954198	-1.351145	5.008909
-0.056152	0.069336	1.114746	-2.916031	-0.870229	-1.503817	5.018770
-0.050537	0.071045	1.117920	-3.038168	-0.809160	-1.587786	5.028706
-0.046143	0.068359	1.115479	-3.045802	-0.977099	-1.320611	5.039372
-0.051270	0.064697	1.107666	-3.160305	-0.870229	-1.419847	5.049113
-0.039307	0.064453	1.123291	-4.007634	-0.358779	-2.557252	5.058596
-0.047607	0.069092	1.109131	-2.832061	-1.022901	-1.167939	5.068050
-0.046387	0.066406	1.116211	-3.061069	-0.465649	-1.351145	5.077434
-0.053955	0.068848	1.120850	-3.160305	-0.854962	-1.251908	5.087079
-0.044189	0.071289	1.112793	-3.068702	-0.870229	-1.343511	5.096243
-0.051025	0.073486	1.111816	-3.122137	-0.900763	-1.503817	5.105351
-0.053955	0.068604	1.110352	-3.175573	-0.870229	-1.396947	5.116977
-0.053955	0.068115	1.112549	-2.969466	-0.923664	-1.389313	5.127295
-0.053467	0.077148	1.115234	-2.908397	-0.770992	-1.541985	5.137278
-0.044434	0.069092	1.111328	-3.022901	-0.832061	-1.488550	5.146719
-0.043457	0.071289	1.104248	-3.045802	-0.816794	-1.419847	5.157658
-0.054688	0.061523	1.116455	-2.862595	-0.893130	-1.083969	5.167560
-0.046875	0.070312	1.108398	-3.152672	-0.763359	-1.488550	5.177837
-0.050781	0.065674	1.121338	-2.977099	-1.053435	-1.274809	5.187397
-0.043457	0.071045	1.116943	-3.122137	-0.633588	-1.519084	5.198300
-0.042725	0.066406	1.113037	-3.068702	-0.961832	-1.358779	5.207897
-0.051025	0.062500	1.110352	-3.022901	-0.923664	-1.366412	5.217274
-0.052979	0.065430	1.114014	-2.984733	-0.587786	-1.259542	5.228518
-0.051025	0.064941	1.116455	-2.977099	-0.961832	-1.389313	5.239043
-0.050781	0.063965	1.119385	-3.053435	-0.770992	-1.503817	5.248624
-0.053223	0.068604	1.107666	-3.053435	-0.694656	-1.274809	5.258364
-0.044434	0.070557	1.105469	-2.824427	-0.839695	-1.442748	5.269006
-0.049316	0.066895	1.107178	-3.099237	-0.351145	-1.274809	5.279256
-0.043457	0.070557	1.110352	-3.038168	-0.969466	-1.251908	5.289009
-0.035156	0.070068	1.097900	-2.931298	-0.190840	-1.633588	5.298423
-0.032715	0.085938	1.104492	-2.908397	1.312977	-2.450382	5.309257
-0.056152	0.073975	1.115723	-3.183206	0.541985	-1.083969	5.319686
-0.038330	0.061523	1.118164	-3.244275	0.045802	-1.549618	5.329539
-0.050537	0.068115	1.115234	-2.824427	-0.458015	-0.847328	5.339353
-0.059082	0.065674	1.114990	-2.816794	-1.793893	-0.587786	5.350147
-0.050049	0.066650	1.108643	-3.244275	-0.381679	-1.740458	5.360555
-0.049072	0.072021	1.115723	-2.969466	-0.938931	-1.129771	5.370389
-0.048096	0.070801	1.108154	-2.671756	-0.923664	-0.709924	5.380186
-0.053223	0.069336	1.110352	-2.854962	-0.717557	-0.877863	5.390977
-0.050293	0.069824	1.100586	-3.190840	-0.702290	-1.412214	5.401339
-0.054199	0.057861	1.115234	-3.160305	-0.793893	-1.641221	5.410786
-0.051514	0.070801	1.123047	-3.122137	-0.824427	-1.435115	5.420931
-0.031738	0.071533	1.111084	-3.053435	-0.816794	-1.190840	5.431472
-0.045654	0.069092	1.112549	-2.847328	-1.015267	-1.267176	5.441892
-0.049561	0.068604	1.121826	-3.213740	-0.694656	-1.351145	5.451423
-0.051270	0.070068	1.110840	-3.206107	-0.740458	-1.267176	5.461529
-0.050293	0.074219	1.111084	-3.053435	-0.770992	-1.251908	5.472130
-0.046875	0.070068	1.112549	-2.992366	-0.732824	-1.305344	5.481850
-0.045410	0.066162	1.116699	-3.206107	-0.992366	-1.488550	5.491605
-0.047852	0.049072	1.116943	-3.015267	-0.847328	-1.480916	5.501135
-0.047852	0.069580	1.108398	-2.984733	-0.832061	-1.167939	5.511055
-0.055664	0.067139	1.109131	-3.175573	-0.740458	-1.328244	5.522728
-0.048828	0.067139	1.109619	-3.122137	-0.786260	-1.412214	5.533607
-0.052246	0.073486	1.122070	-3.122137	-0.984733	-1.488550	5.543389
-0.045654	0.065430	1.115234	-3.183206	-0.885496	-1.274809	5.553713
-0.052490	0.067139	1.109131	-3.297710	-0.885496	-1.320611	5.564055
-0.053955	0.069824	1.117676	-3.007634	-0.885496	-1.465649	5.573962
-0.050537	0.069580	1.114990	-3.099237	-0.877863	-1.335878	5.583614
-0.047119	0.068604	1.106689	-3.007634	-0.801527	-1.549618	5.594408
-0.051270	0.068848	1.109375	-3.022901	-0.984733	-1.328244	5.604594
-0.047607	0.067871	1.108887	-3.076336	-0.717557	-1.259542	5.614392
-0.049316	0.068359	1.118164	-3.229008	-0.862595	-1.473282	5.624073
-0.049072	0.072510	1.116699	-3.198473	-0.801527	-1.404580	5.634880
-0.051270	0.068359	1.124023	-3.045802	-0.717557	-1.160305	5.645311
-0.044434	0.070068	1.110596	-2.923664	-0.961832	-1.328244	5.655379
-0.048340	0.074707	1.114502	-3.183206	-0.778626	-1.343511	5.664868
-0.052246	0.068359	1.121094	-3.198473	-0.709924	-1.305344	5.674572
-0.052734	0.064697	1.104004	-3.167939	-0.816794	-1.328244	5.685763
-0.043701	0.071045	1.111328	-3.236641	-0.618321	-1.312977	5.695807
-0.048584	0.074951	1.109863	-3.145038	-0.671756	-1.328244	5.705304
-0.053223	0.062988	1.114746	-3.213740	-0.786260	-1.419847	5.716269
-0.047607	0.066406	1.096924	-2.961832	-0.938931	-1.442748	5.725846
-0.053711	0.069092	1.116699	-3.312977	-0.671756	-1.366412	5.735288
-0.052002	0.065674	1.115723	-2.893130	-0.625954	-1.106870	5.744798
-0.049072	0.066162	1.120361	-2.946565	-0.587786	-1.282443	5.756254
-0.045898	0.065674	1.106445	-3.015267	-0.625954	-1.221374	5.766628
-0.048340	0.068604	1.106445	-3.137405	-0.908397	-1.152672	5.776620
-0.051025	0.066162	1.112061	-3.198473	-0.786260	-1.526718	5.786114
-0.056396	0.072266	1.111084	-3.015267	-0.900763	-1.305344	5.797036
-0.054443	0.059814	1.116699	-2.961832	-1.022901	-1.374046	5.807406
-0.049805	0.060303	1.114990	-2.977099	-0.381679	-1.267176	5.817505
-0.045654	0.069824	1.106201	-3.015267	-1.022901	-1.274809	5.826991
-0.051270	0.060547	1.112061	-2.977099	-0.603053	-1.435115	5.838247
-0.049072	0.068359	1.110352	-2.961832	-0.908397	-1.267176	5.848494
-0.046143	0.069824	1.114990	-3.038168	-0.916031	-1.282443	5.858175
-0.049316	0.071289	1.112061	-3.198473	-0.793893	-1.374046	5.867742
-0.044189	0.072998	1.118408	-3.206107	-0.832061	-1.519084	5.878616
-0.051025	0.068359	1.106445	-3.145038	-0.832061	-1.351145	5.889085
-0.046387	0.070557	1.116699	-3.427481	-0.748092	-1.610687	5.898700
-0.048584	0.069092	1.110596	-3.030534	-0.816794	-1.335878	5.908124
-0.054443	0.070801	1.115723	-3.221374	-0.557252	-1.389313	5.921153
-0.053467	0.072510	1.122314	-3.015267	-0.732824	-1.419847	5.932001
-0.046387	0.066406	1.106445	-3.061069	-0.763359	-1.312977	5.941759
-0.053711	0.072021	1.116943	-3.091603	-0.946565	-1.343511	5.951345
-0.045654	0.068359	1.115967	-3.083969	-0.755725	-1.389313	5.962250
-0.052734	0.066650	1.124512	-3.198473	-0.679389	-1.442748	5.972463
-0.053955	0.066650	1.114502	-3.152672	-0.801527	-1.480916	5.981879
-0.047119	0.073242	1.121582	-3.206107	-0.900763	-1.221374	5.992700
-0.056152	0.069336	1.117188	-3.183206	-0.916031	-1.343511	6.003038
-0.052246	0.061035	1.116699	-3.091603	-0.740458	-1.435115	6.013229
-0.044678	0.068848	1.113281	-3.213740	-0.801527	-1.290076	6.022716
-0.049316	0.072510	1.115723	-3.099237	-0.740458	-1.282443	6.032382
-0.037842	0.068115	1.105469	-3.160305	-1.045802	-1.496183	6.043603
-0.055420	0.068604	1.113770	-3.068702	-0.923664	-1.427481	6.053718
-0.049805	0.070557	1.108887	-3.297710	-0.877863	-1.793893	6.063147
-0.052979	0.068115	1.119385	-3.160305	-0.946565	-1.564885	6.072968
-0.049316	0.067139	1.112061	-3.183206	-0.488550	-1.335878	6.083977
-0.049805	0.066406	1.112549	-2.969466	-0.778626	-1.274809	6.094404
-0.046387	0.072754	1.114990	-3.167939	-0.725191	-1.404580	6.103885
-0.050781	0.066406	1.115234	-3.229008	-0.755725	-1.427481	6.114173
-0.043213	0.072754	1.110840	-3.206107	-0.786260	-1.572519	6.123958
-0.051758	0.068604	1.109619	-3.091603	-0.618321	-1.305344	6.134181
-0.049561	0.066650	1.119873	-3.229008	-0.801527	-1.312977	6.144249
-0.044678	0.063721	1.113770	-3.167939	-0.702290	-1.282443	6.155316
-0.047363	0.072021	1.107178	-2.923664	-0.900763	-1.343511	6.165767
-0.048584	0.073730	1.110107	-2.870229	-0.847328	-1.450382	6.175843
-0.050293	0.064453	1.112305	-3.091603	-0.893130	-1.458015	6.185334
-0.054199	0.066162	1.120117	-2.954198	-0.755725	-1.503817	6.196561
-0.048828	0.075195	1.117188	-2.961832	-0.778626	-1.526718	6.206366
-0.048828	0.067627	1.120850	-3.061069	-0.832061	-1.305344	6.215676
-0.054932	0.067383	1.120117	-3.175573	-0.832061	-1.328244	6.226663
-0.051270	0.070557	1.113770	-3.068702	-0.671756	-1.267176	6.237193
-0.044434	0.065918	1.109863	-3.022901	-0.824427	-1.198473	6.247032
-0.051514	0.069092	1.110352	-3.061069	-0.839695	-1.335878	6.256548
-0.033447	0.072021	1.119629	-2.954198	-0.770992	-1.435115	6.267168
-0.049561	0.066650	1.112549	-3.198473	-0.847328	-1.335878	6.277874
-0.047119	0.068359	1.107910	-2.870229	-0.717557	-1.358779	6.288064
-0.051514	0.072266	1.112305	-3.099237	-0.732824	-1.404580	6.297649
-0.057617	0.048340	1.116211	-3.061069	-0.862595	-1.267176	6.308335
-0.044434	0.066650	1.105713	-3.106870	-0.893130	-1.351145	6.318457
-0.045166	0.065186	1.116211	-3.099237	-0.648855	-1.458015	6.327923
-0.046875	0.069580	1.117920	-3.083969	-0.824427	-1.549618	6.337510
-0.047119	0.068604	1.116211	-3.114504	-0.877863	-1.442748	6.347267
-0.047119	0.068359	1.109863	-2.931298	-0.687023	-1.435115	6.356655
-0.046875	0.062988	1.119385	-3.091603	-0.732824	-1.290076	6.365832
-0.047119	0.064453	1.113770	-3.106870	-0.725191	-1.458015	6.375112
-0.054199	0.071045	1.117920	-2.977099	-0.847328	-1.419847	6.384437
-0.044678	0.069580	1.103027	-3.022901	-0.702290	-1.412214	6.393828
-0.050049	0.073242	1.101318	-3.038168	-0.732824	-1.297710	6.404794
-0.050049	0.062744	1.115723	-3.229008	-0.824427	-1.412214	6.414549
-0.048584	0.072021	1.121826	-3.167939	-0.877863	-1.412214	6.424945
-0.045654	0.063232	1.112793	-3.083969	-0.839695	-1.320611	6.435561
-0.049072	0.070068	1.110840	-2.992366	-1.000000	-1.259542	6.446773
-0.046143	0.069336	1.114746	-2.938931	-0.946565	-1.534351	6.457812
-0.042969	0.067871	1.112305	-3.083969	-0.862595	-1.312977	6.468704
-0.048828	0.062744	1.119141	-2.923664	-0.786260	-1.259542	6.479400
-0.054932	0.070801	1.117676	-3.312977	-0.702290	-1.450382	6.490504
-0.047119	0.063477	1.112793	-2.992366	-0.679389	-1.305344	6.501506
-0.055176	0.069336	1.110840	-3.282443	-0.862595	-1.167939	6.512259
-0.052246	0.072998	1.101318	-3.045802	-0.877863	-1.290076	6.523100
-0.046875	0.074219	1.123047	-2.977099	-0.755725	-1.290076	6.534086
-0.054443	0.064209	1.112793	-3.030534	-0.931298	-1.511450	6.545124
-0.047607	0.068115	1.115967	-3.068702	-0.763359	-1.358779	6.555777
-0.051270	0.068848	1.124756	-3.038168	-0.778626	-1.419847	6.566758
-0.051270	0.067627	1.118164	-3.190840	-0.778626	-1.473282	6.577678
-0.054688	0.062988	1.110596	-3.053435	-0.839695	-1.374046	6.588720
-0.047363	0.072998	1.115234	-3.114504	-0.702290	-1.274809	6.599559
-0.047852	0.073975	1.106445	-3.137405	-0.847328	-1.366412	6.610233
-0.052979	0.075439	1.119141	-3.099237	-0.908397	-1.389313	6.621323
-0.050781	0.067139	1.116211	-3.114504	-0.793893	-1.381679	6.632205
-0.051270	0.069580	1.110352	-3.175573	-0.816794	-1.427481	6.643052
-0.053955	0.068115	1.110840	-3.015267	-0.793893	-1.526718	6.653976
-0.051025	0.070312	1.106201	-3.053435	-0.847328	-1.488550	6.664891
-0.052979	0.068359	1.112305	-3.106870	-0.770992	-1.396947	6.675656
-0.044189	0.063232	1.114746	-3.183206	-1.000000	-1.595420	6.686350
-0.050049	0.072021	1.110840	-3.229008	-0.748092	-1.450382	6.697466
-0.049561	0.067627	1.104980	-3.114504	-0.809160	-1.221374	6.708570
-0.046143	0.067871	1.113525	-3.183206	-0.847328	-1.435115	6.719749
-0.052734	0.065186	1.116943	-3.061069	-0.816794	-1.213740	6.730480
-0.049805	0.068604	1.114502	-3.099237	-0.625954	-1.343511	6.741481
-0.047852	0.067383	1.113770	-3.106870	-0.732824	-1.351145	6.751584
-0.061768	0.053467	1.118408	-3.099237	-0.908397	-1.297710	6.760981
-0.045166	0.065674	1.118164	-3.312977	-0.381679	-1.816794	6.770768
-0.054443	0.067139	1.114502	-2.709924	-1.541985	-1.129771	6.781635
-0.079102	0.064209	1.114746	-0.793893	-1.931298	1.076336	6.791975
-0.051270	0.067627	1.122314	-3.160305	-1.343511	-1.580153	6.801873
-0.055176	0.063721	1.109375	-3.267176	-0.389313	-1.328244	6.812611
-0.053955	0.070801	1.119629	-3.114504	-0.946565	-1.435115	6.823578
-0.050781	0.061035	1.114014	-2.893130	-0.908397	-1.450382	6.833667
-0.056396	0.063477	1.121826	-3.030534	-0.854962	-1.236641	6.843394
-0.045654	0.071777	1.113037	-3.076336	-0.740458	-1.343511	6.852933
-0.049805	0.068359	1.111572	-3.083969	-0.748092	-1.442748	6.864092
-0.054932	0.070312	1.109375	-3.076336	-0.580153	-1.267176	6.874373
-0.047363	0.070068	1.100586	-3.068702	-0.656489	-1.374046	6.884147
-0.052734	0.066650	1.114014	-3.137405	-0.992366	-1.694656	6.893988
-0.052734	0.064697	1.114990	-2.503817	-0.374046	-0.374046	6.903495
-0.047607	0.068359	1.126953	-2.603053	-1.213740	-0.328244	6.913953
-0.057373	0.073242	1.113037	-2.183206	-1.641221	0.099237	6.924338
-0.043701	0.073975	1.116455	-2.702290	-0.251908	-0.427481	6.934134
-0.056152	0.069092	1.097168	-3.015267	-0.938931	-0.931298	6.945093
-0.041504	0.061279	1.117432	-3.282443	-0.709924	-1.519084	6.955503
-0.060059	0.074219	1.113525	-2.862595	-1.190840	-1.213740	6.965555
-0.057373	0.062988	1.116943	-2.809160	1.923664	-0.236641	6.974954
-0.055664	0.074951	1.099121	-3.099237	-7.572519	-0.801527	6.985640
-0.059082	0.065674	1.111084	-2.358779	-4.610687	-0.938931	6.996202
-0.057861	0.066650	1.112549	-1.816794	-4.068702	0.526718	7.005890
-0.047852	0.068604	1.115479	-2.557252	-0.816794	-0.801527	7.015655
-0.041260	0.073730	1.116211	-3.267176	-2.312977	-1.458015	7.025126
-0.032959	0.073730	1.117920	-3.236641	-0.900763	-1.580153	7.036689
-0.052490	0.063965	1.118164	-2.931298	1.832061	-0.954198	7.047209
-0.056396	0.058838	1.123291	-4.320611	-0.122137	-2.312977	7.056988
-0.052734	0.063721	1.113770	-2.610687	-1.625954	-0.229008	7.066623
-0.043457	0.083496	1.128418	-2.213740	-5.015267	1.038168	7.077559
-0.049561	0.058838	1.106445	-1.770992	-9.183206	2.839695	7.088331
-0.051758	0.065918	1.117432	-2.862595	-6.396947	2.725191	7.098114
-0.037354	0.088379	1.110107	-5.664122	-3.374046	1.801527	7.107611
-0.057373	0.058594	1.125977	-3.625954	-0.389313	-0.503817	7.117104
-0.029053	0.112549	1.114502	-4.213740	-0.549618	-2.198473	7.128337
-0.020996	0.074707	1.111572	-3.786260	-1.061069	-2.320611	7.138294
-0.049561	0.062744	1.119385	-2.473282	-1.824427	-0.480916	7.146625
0.003418	0.131592	1.118896	-3.725191	-3.549618	-1.748092	7.154631
-0.081787	0.087402	1.107910	-2.290076	-2.366412	-0.290076	7.163101
0.007812	0.104004	1.081787	-3.114504	-1.564885	-1.625954	7.171681
-0.060303	0.054443	1.112305	-2.648855	-0.564885	-0.480916	7.180006
-0.051025	0.092041	1.113037	-2.763359	-1.893130	-0.580153	7.187968
-0.032471	0.054199	1.111084	-3.473282	-0.847328	-1.687023	7.195775
-0.075928	0.086914	1.128662	-2.251908	-2.190840	-0.770992	7.204574
-0.056641	0.058594	1.123535	-2.015267	-0.801527	-0.931298	7.212426
-0.054443	0.075439	1.118652	-3.847328	-1.480916	-2.343511	7.220435
-0.053955	0.050781	1.111816	-3.351145	0.854962	-3.893130	7.229017
-0.050537	0.063232	1.116699	-3.770992	1.213740	-2.229008	7.237664
-0.034668	0.079102	1.121826	-3.229008	0.206107	-2.114504	7.245776
-0.038330	0.080811	1.108398	-3.022901	-1.603053	-1.374046	7.253527
-0.042480	0.068848	1.128906	-2.946565	-0.931298	-1.274809	7.261951
-0.037842	0.068604	1.111572	-3.175573	-0.824427	-1.595420	7.270675
-0.043945	0.074463	1.114746	-3.137405	-0.992366	-1.641221	7.279080
-0.049316	0.069092	1.114258	-2.862595	-0.656489	-1.389313	7.287288
-0.046143	0.062744	1.120850	-3.091603	-1.068702	-1.236641	7.295149
-0.037354	0.072510	1.111816	-3.488550	-0.435115	-1.648855	7.304183
-0.050049	0.065186	1.123535	-3.083969	-0.282443	-1.435115	7.312346
-0.040283	0.059326	1.116455	-2.778626	-1.221374	-1.152672	7.320943
-0.051025	0.060547	1.116211	-3.122137	-1.076336	-1.305344	7.328858
-0.042236	0.054443	1.110107	-2.885496	-1.488550	-0.740458	7.336788
-0.034424	0.070312	1.113281	-2.572519	-1.717557	-0.328244	7.345566
-0.043213	0.069336	1.114502	-2.587786	-2.870229	-0.664122	7.353869
-0.052246	0.060303	1.115723	-2.893130	-1.244275	-0.984733	7.362301
-0.041992	0.066650	1.119873	-3.396947	0.610687	-1.664122	7.370216
-0.040283	0.072266	1.100098	-2.908397	-0.595420	-1.427481	7.378088
-0.038330	0.070801	1.112061	-2.702290	-1.343511	-1.167939	7.387123
-0.037598	0.069336	1.103760	-3.030534	-0.977099	-1.274809	7.395706
-0.040283	0.067383	1.109619	-2.885496	-0.618321	-1.435115	7.404132
-0.037598	0.075195	1.124512	-3.053435	-0.839695	-1.496183	7.411968
-0.034180	0.070068	1.120850	-2.832061	-1.648855	-1.267176	7.420029
-0.046143	0.073242	1.113525	-2.793893	-0.916031	-1.213740	7.428850
-0.048828	0.069824	1.107910	-3.374046	-0.641221	-1.916031	7.437484
-0.035400	0.074219	1.110840	-2.977099	-0.351145	-1.389313	7.445679
-0.030273	0.070068	1.106445	-2.984733	-0.381679	-1.587786	7.453483
-0.044434	0.067383	1.109131	-2.946565	-0.977099	-1.381679	7.461211
-0.045166	0.067383	1.110840	-3.076336	-1.000000	-1.564885	7.469195
-0.049316	0.063721	1.121094	-3.305344	-0.290076	-1.503817	7.478392
-0.034912	0.059570	1.108643	-3.412214	-0.748092	-1.480916	7.487217
-0.045898	0.062744	1.130615	-3.015267	-0.832061	-1.129771	7.495317
-0.037842	0.068359	1.125488	-3.053435	-1.282443	-1.274809	7.503252
-0.038818	0.069580	1.109863	-3.106870	-0.740458	-1.458015	7.512007
-0.047363	0.067139	1.110352	-3.152672	-0.778626	-1.312977	7.520226
-0.042725	0.071289	1.103760	-2.786260	-1.358779	-0.801527	7.528996
-0.039551	0.065430	1.110596	-3.175573	-1.549618	-1.183206	7.537075
-0.032471	0.081543	1.113037	-3.404580	-0.946565	-1.190840	7.544873
-0.033691	0.065674	1.105469	-2.541985	-1.137405	-1.068702	7.553596
-0.049072	0.064209	1.123291	-3.068702	-1.000000	-1.106870	7.561904
-0.037842	0.075928	1.109863	-3.022901	-1.076336	-1.450382	7.570638
-0.043457	0.069336	1.117676	-3.259542	-0.793893	-1.526718	7.578576
-0.029785	0.069092	1.113037	-3.442748	0.145038	-1.984733	7.586389
-0.048584	0.064941	1.107422	-3.244275	0.022901	-1.580153	7.595282
-0.044434	0.068115	1.106934	-3.236641	-1.030534	-1.442748	7.603284
-0.035645	0.070312	1.106201	-3.450382	-0.778626	-1.519084	7.611132
-0.041016	0.069580	1.118164	-2.916031	-1.320611	-0.984733	7.619014
-0.041992	0.062500	1.120605	-2.641221	-1.335878	-0.763359	7.626886
-0.038330	0.071045	1.120605	-3.022901	-1.175573	-1.053435	7.634470
-0.038086	0.066406	1.121826	-3.022901	-0.717557	-1.106870	7.642134
-0.042236	0.070312	1.112061	-3.175573	-0.702290	-1.267176	7.650079
-0.041992	0.070801	1.110352	-3.206107	-0.793893	-1.374046	7.657834
-0.051514	0.051025	1.113037	-3.007634	-1.152672	-1.343511	7.665342
-0.043457	0.072754	1.104248	-3.259542	-0.732824	-1.503817	7.674876
-0.040771	0.070312	1.114258	-3.221374	-1.183206	-1.328244	7.683273
-0.043945	0.069824	1.113525	-3.259542	-1.114504	-1.557252	7.691875
-0.041260	0.070312	1.107422	-2.885496	-1.061069	-1.160305	7.699727
-0.045410	0.066650	1.115479	-2.984733	-0.748092	-1.282443	7.707495
-0.055420	0.059814	1.107910	-2.992366	-0.893130	-1.114504	7.716403
-0.035645	0.072510	1.112305	-3.106870	-0.801527	-1.473282	7.724420
-0.046875	0.064697	1.119141	-2.954198	-0.763359	-1.221374	7.732931
-0.048096	0.069580	1.112305	-3.000000	-1.099237	-1.381679	7.741007
-0.045654	0.061523	1.129883	-3.160305	-0.732824	-1.419847	7.749039
-0.040771	0.068115	1.123291	-3.137405	-0.740458	-1.244275	7.757423
-0.036133	0.065918	1.110596	-3.061069	-1.007634	-1.564885	7.765370
-0.043701	0.067871	1.112305	-2.984733	-0.755725	-1.206107	7.773399
-0.039551	0.070068	1.120850	-3.122137	-0.435115	-1.923664	7.781220
-0.036621	0.071045	1.114990	-3.328244	-0.496183	-1.748092	7.789090
-0.048340	0.063232	1.112793	-2.778626	-0.671756	-1.236641	7.797036
-0.039062	0.075439	1.112305	-2.778626	-0.450382	-1.519084	7.804704
-0.034424	0.068359	1.105225	-3.305344	-1.061069	-1.297710	7.812519
-0.042480	0.050537	1.116699	-3.091603	-0.740458	-1.297710	7.820253
-0.042969	0.071289	1.114990	-3.366412	-0.870229	-1.671756	7.827750
-0.037598	0.074707	1.123535	-2.923664	-0.839695	-1.335878	7.837612
-0.041992	0.065430	1.105469	-3.030534	-0.984733	-1.358779	7.845980
-0.048584	0.063232	1.108154	-3.320611	-0.503817	-1.694656	7.854323
-0.041016	0.068359	1.123291	-3.221374	-0.549618	-1.549618	7.862172
-0.038818	0.070557	1.122314	-3.137405	-1.030534	-1.496183	7.870050
-0.044922	0.062256	1.111816	-2.671756	-0.732824	-1.015267	7.878946
-0.038086	0.075439	1.111572	-3.091603	-0.725191	-1.473282	7.887686
-0.043213	0.063965	1.110596	-3.122137	-0.297710	-1.511450	7.896116
-0.041748	0.065186	1.109619	-3.297710	-0.900763	-1.572519	7.904175
-0.035156	0.067871	1.113770	-2.908397	-0.809160	-1.183206	7.912632
-0.044189	0.070801	1.108398	-2.763359	-0.786260	-1.167939	7.922882
-0.041260	0.071533	1.116455	-3.465649	-0.458015	-1.740458	7.930755
-0.046875	0.065674	1.115479	-3.167939	-0.732824	-1.374046	7.938891
-0.045166	0.073975	1.111816	-3.022901	-0.824427	-1.328244	7.946696
-0.047852	0.064697	1.109375	-2.870229	-0.679389	-1.419847	7.955732
-0.048096	0.065674	1.112549	-2.923664	-1.015267	-1.519084	7.964108
-0.048828	0.067383	1.114502	-2.862595	-0.641221	-1.488550	7.972375
-0.044678	0.069336	1.112793	-3.160305	-0.893130	-1.412214	7.980323
-0.038818	0.065186	1.113770	-3.068702	-0.816794	-1.236641	7.988245
-0.041260	0.068604	1.121826	-2.854962	-0.717557	-1.519084	7.995998
-0.042725	0.069092	1.122803	-2.832061	-0.740458	-1.335878	8.005229
-0.038330	0.066162	1.115723	-2.984733	-0.763359	-1.343511	8.013832
-0.040527	0.071777	1.121338	-2.946565	-0.763359	-1.519084	8.022422
-0.038818	0.070312	1.113281	-3.106870	-0.786260	-1.297710	8.030340
-0.042725	0.068359	1.103516	-2.923664	-0.671756	-1.389313	8.038587
-0.043701	0.067871	1.101562	-3.114504	-0.534351	-1.687023	8.046891
-0.041016	0.070068	1.123535	-3.122137	-0.419847	-1.419847	8.055299
-0.043701	0.066650	1.108154	-2.992366	-0.931298	-1.526718	8.063628
-0.043701	0.069336	1.117920	-2.946565	-1.053435	-1.374046	8.071460
-0.043213	0.069580	1.117188	-3.068702	-0.229008	-1.603053	8.079450
-0.043701	0.076904	1.115723	-2.687023	-0.190840	-1.335878	8.088528
-0.045410	0.059814	1.108643	-3.671756	-0.427481	-1.748092	8.097055
-0.039062	0.065674	1.121582	-2.419847	-2.687023	-0.305344	8.105251
-0.046631	0.067383	1.119873	-3.549618	-0.114504	-0.007634	8.113036
-0.045898	0.070557	1.122559	-3.129771	-0.641221	-1.496183	8.121556
-0.046387	0.063965	1.121094	-3.274809	-1.122137	-1.435115	8.130014
-0.034668	0.077393	1.125977	-3.954198	-0.473282	-2.465649	8.138300
-0.038086	0.062256	1.117676	-3.076336	-0.557252	-1.503817	8.146476
-0.045654	0.068604	1.120361	-2.923664	-0.358779	-1.412214	8.154309
-0.045898	0.074463	1.112793	-3.160305	-0.610687	-1.702290	8.162694
-0.042480	0.073486	1.111084	-3.068702	0.175573	-1.954198	8.171288
-0.040527	0.077148	1.121582	-3.694656	-0.190840	-1.931298	8.179506
-0.047119	0.066406	1.115234	-2.885496	-0.916031	-1.480916	8.187697
-0.031982	0.071777	1.104492	-3.351145	-0.557252	-1.961832	8.195492
-0.048096	0.071045	1.110840	-2.946565	-1.465649	-1.282443	8.204063
-0.043945	0.064697	1.112793	-2.671756	-1.076336	-1.099237	8.211892
-0.041748	0.069824	1.122314	-3.274809	-0.717557	-1.801527	8.219779
-0.033203	0.069336	1.108154	-3.129771	-0.053435	-1.893130	8.227635
-0.032471	0.073486	1.102051	-3.129771	-0.458015	-1.618321	8.236024
-0.045410	0.061523	1.101562	-3.038168	-0.709924	-1.274809	8.245370
-0.044434	0.066650	1.120850	-2.946565	-0.435115	-1.503817	8.253615
-0.036621	0.064453	1.112793	-3.106870	-0.381679	-1.412214	8.261497
-0.045654	0.067383	1.117432	-3.297710	-0.717557	-1.549618	8.269229
-0.039062	0.075928	1.113525	-2.969466	-0.770992	-1.435115	8.277394
-0.042480	0.063965	1.118652	-2.656489	-0.503817	-1.282443	8.285651
-0.045166	0.066895	1.124756	-3.129771	-1.114504	-1.366412	8.293505
-0.043213	0.071045	1.109131	-3.190840	-0.648855	-1.786260	8.301312
-0.056885	0.091797	1.112793	-2.625954	-1.557252	-1.213740	8.309323
-0.024414	0.070312	1.111816	-3.458015	-0.106870	-1.877863	8.318147
-0.051758	0.062500	1.115723	-2.801527	-1.694656	-0.862595	8.326680
-0.040527	0.070312	1.108154	-2.832061	-0.854962	-1.190840	8.335127
-0.051025	0.072754	1.116211	-3.244275	-0.587786	-1.778626	8.343068
-0.061768	0.074707	1.114014	-2.442748	-1.450382	-0.900763	8.350912
-0.041504	0.060791	1.117676	-3.129771	-0.778626	-1.519084	8.360283
-0.047119	0.069336	1.110107	-3.038168	-0.900763	-1.396947	8.368160
-0.037842	0.069336	1.118652	-2.961832	-1.038168	-1.412214	8.376152
-0.051514	0.070801	1.122314	-3.740458	0.099237	-2.167939	8.383981
-0.036133	0.082275	1.108154	-3.358779	-0.610687	-2.251908	8.391906
-0.092285	0.054688	1.142090	-1.725191	-4.671756	1.641221	8.401562
-0.036865	0.061035	1.112061	-2.923664	-1.496183	-1.358779	8.409801
-0.032959	0.071289	1.110352	-3.732824	0.854962	-2.526718	8.418106
-0.048584	0.062988	1.113281	-2.893130	-0.832061	-1.000000	8.425964
-0.041504	0.071533	1.114746	-2.877863	-1.229008	-1.419847	8.433879
-0.044922	0.072021	1.114990	-2.931298	-1.213740	-1.221374	8.441768
-0.046143	0.065918	1.123291	-3.068702	-0.633588	-1.442748	8.450040
-0.035400	0.071045	1.114990	-3.076336	-0.694656	-1.358779	8.458808
-0.039062	0.072998	1.109375	-2.870229	-1.244275	-1.137405	8.467500
-0.037354	0.073242	1.110352	-3.091603	-0.893130	-1.687023	8.475272
-0.035889	0.071533	1.117188	-3.641221	0.129771	-2.160305	8.483137
-0.039062	0.065430	1.121826	-2.458015	-0.618321	-0.893130	8.492026
-0.049072	0.064209	1.113281	-2.961832	-1.305344	-1.389313	8.501206
-0.040527	0.067627	1.118652	-3.229008	-0.954198	-1.610687	8.509169
-0.045898	0.066406	1.114014	-3.076336	-0.778626	-1.297710	8.517233
-0.034424	0.064697	1.109131	-2.938931	-0.969466	-0.992366	8.526593
-0.049561	0.065674	1.113281	-3.076336	-0.709924	-1.465649	8.535162
-0.036377	0.077148	1.121338	-2.671756	-0.641221	-1.190840	8.543490
-0.054932	0.056152	1.116699	-3.030534	-0.389313	-1.282443	8.551344
-0.049561	0.062988	1.117920	-3.106870	-0.183206	-1.595420	8.559433
-0.038330	0.061279	1.116943	-2.770992	-1.190840	-0.824427	8.568451
-0.049316	0.060303	1.104492	-3.358779	0.007634	-1.450382	8.576713
-0.031494	0.072998	1.120850	-2.900763	-0.343511	-1.847328	8.585004
-0.037109	0.070068	1.111816	-2.839695	-1.496183	-1.290076	8.592987
-0.042969	0.064453	1.114746	-2.908397	-1.358779	-1.267176	8.601178
-0.037109	0.073975	1.114014	-3.251908	-0.267176	-1.709924	8.609739
-0.041016	0.067627	1.119873	-3.007634	-0.671756	-1.419847	8.618192
-0.048584	0.071777	1.116211	-2.877863	-0.893130	-1.091603	8.626336
-0.046875	0.063232	1.116455	-3.160305	-0.770992	-1.335878	8.634187
-0.042480	0.063721	1.118896	-3.083969	-0.740458	-1.297710	8.642243
-0.039062	0.070312	1.116943	-2.793893	-1.419847	-0.938931	8.650730
-0.035400	0.062500	1.108643	-3.030534	-1.190840	-1.396947	8.659232
-0.047363	0.066406	1.127930	-3.297710	0.076336	-1.755725	8.666943
-0.044678	0.086182	1.110107	-3.358779	0.114504	-2.076336	8.674700
-0.043213	0.068848	1.126221	-2.587786	-1.206107	-1.152672	8.682991
-0.052734	0.057861	1.110352	-2.969466	-1.030534	-1.229008	8.692195
-0.026367	0.079346	1.096924	-3.885496	-0.221374	-2.030534	8.700551
-0.059082	0.073486	1.106445	-2.290076	-1.526718	-1.083969	8.708570
-0.037354	0.067139	1.114990	-2.229008	-0.984733	-0.458015	8.716364
-0.047852	0.071289	1.114746	-3.572519	-0.633588	-1.862595	8.725092
-0.055664	0.073730	1.119873	-2.923664	-0.938931	-0.969466	8.733436
-0.046143	0.065918	1.105469	-2.862595	-0.778626	-1.038168	8.741826
-0.042969	0.077393	1.104004	-3.213740	-0.297710	-1.664122	8.749662
-0.044922	0.068359	1.119873	-3.068702	-0.824427	-1.412214	8.757441
-0.043457	0.070068	1.104004	-2.961832	-1.160305	-1.114504	8.766036
-0.038574	0.070312	1.111816	-3.351145	-0.580153	-1.625954	8.774666
-0.042236	0.071289	1.123291	-3.786260	0.259542	-2.267176	8.782948
-0.045410	0.068359	1.114502	-2.854962	-1.244275	-1.229008	8.790881
-0.058594	0.055908	1.122803	-3.122137	-0.992366	-1.114504	8.798871
-0.053711	0.061523	1.125244	-3.793893	-0.076336	-2.206107	8.807675
-0.064209	0.059814	1.113525	-3.343511	-0.671756	-1.312977	8.815935
-0.040283	0.056152	1.109619	-2.435115	-1.473282	-0.381679	8.828609
-0.040283	0.074951	1.124023	-3.038168	-1.030534	-1.068702	8.836629
-0.036133	0.061035	1.106934	-3.763359	-0.091603	-1.977099	8.845417
-0.039307	0.079346	1.094971	-2.824427	-1.839695	-1.259542	8.853811
-0.052490	0.064941	1.115234	-1.839695	-2.083969	0.358779	8.862329
0.006104	0.027588	1.144287	-6.068702	-3.717557	-4.335878	8.870203
-0.024902	0.076172	1.117676	-2.221374	2.450382	-1.213740	8.878014
-0.056641	0.057129	1.123779	-2.824427	1.618321	-1.274809	8.885816
-0.043457	0.076416	1.114014	-3.351145	-0.755725	-1.748092	8.893731
-0.039307	0.067383	1.115967	-3.167939	-2.022901	-1.213740	8.901546
-0.051514	0.066650	1.114746	-3.083969	-0.465649	-1.503817	8.909199
-0.049805	0.063965	1.114502	-3.381679	0.809160	-1.740458	8.916999
-0.052734	0.069092	1.116455	-3.358779	0.076336	-2.198473	8.925139
-0.039551	0.042969	1.125000	-3.740458	-0.572519	-3.862595	8.932964
-0.050537	0.079590	1.107422	-3.267176	-1.076336	-1.511450	8.941533
-0.056152	0.057617	1.112061	-2.877863	-1.229008	-0.885496	8.950768
-0.040283	0.068359	1.117432	-2.557252	-0.809160	-1.221374	8.963072
-0.040039	0.066406	1.109863	-3.221374	-0.938931	-1.580153	8.973490
-0.048340	0.067383	1.115723	-3.404580	-0.175573	-1.854962	8.983075
-0.040283	0.071533	1.111572	-2.801527	0.358779	-1.343511	8.993737
-0.035156	0.070557	1.110352	-2.763359	-0.244275	-1.267176	9.004335
-0.036865	0.073242	1.113281	-3.167939	-1.816794	-1.167939	9.014410
-0.044189	0.068115	1.113037	-3.282443	-0.870229	-1.610687	9.024727
-0.039795	0.087402	1.111084	-2.908397	-1.129771	-1.618321	9.034931
-0.043701	0.048828	1.109131	-2.786260	-0.977099	-1.183206	9.045282
-0.039551	0.065918	1.116943	-3.106870	-1.290076	-1.183206	9.055043
-0.037842	0.062988	1.113770	-3.198473	-1.152672	-1.610687	9.065812
-0.054199	0.071533	1.113037	-2.908397	-1.030534	-1.351145	9.076205
-0.044678	0.072998	1.117188	-2.908397	-0.694656	-1.114504	9.086065
-0.041016	0.069824	1.121826	-3.053435	-0.748092	-1.335878	9.095863
-0.040527	0.068848	1.122803	-3.145038	-0.954198	-1.183206	9.106832
-0.045898	0.070068	1.119141	-3.061069	-0.740458	-1.526718	9.117336
-0.038574	0.072998	1.125488	-2.961832	-0.916031	-1.351145	9.127240
-0.040771	0.064209	1.113281	-3.038168	-0.809160	-1.358779	9.136847
-0.048096	0.067383	1.101807	-3.022901	-1.175573	-1.282443	9.147743
-0.051270	0.075684	1.109619	-3.152672	-0.625954	-1.534351	9.157538
-0.042725	0.070801	1.112305	-2.809160	-0.396947	-1.328244	9.167788
-0.045654	0.060791	1.117676	-3.267176	-0.770992	-1.580153	9.177223
-0.008057	0.080078	1.079590	-3.374046	-1.687023	-3.473282	9.188652
-0.057373	0.057129	1.133789	-3.389313	1.328244	-2.351145	9.198792
-0.041504	0.055176	1.119141	-4.229008	2.580153	-4.091603	9.208625
-0.039795	0.057129	1.117676	-3.748092	2.480916	-4.251908	9.218316
-0.045166	0.066895	1.108643	-3.824427	2.290076	-5.000000	9.229059
-0.037842	0.075195	1.096680	-3.862595	2.465649	-4.091603	9.239508
-0.046143	0.052490	1.103271	-3.374046	1.152672	-3.343511	9.249258
-0.027100	0.064209	1.111816	-2.709924	-1.022901	-1.854962	9.258901
-0.058838	0.081299	1.124512	-3.916031	2.694656	-3.496183	9.269940
-0.045898	0.078125	1.114990	-2.549618	-1.068702	-0.755725	9.280072
-0.044434	0.074463	1.113770	-2.938931	-1.748092	-1.358779	9.289807
-0.049072	0.059570	1.095459	-3.381679	0.167939	-3.229008	9.299542
-0.051758	0.059570	1.104492	-2.450382	-1.099237	-1.061069	9.310560
-0.047119	0.067139	1.112549	-3.374046	-1.206107	-1.687023	9.321126
-0.038086	0.058105	1.118164	-2.717557	-1.435115	-0.702290	9.330912
-0.043945	0.070068	1.098389	-2.809160	-1.236641	-0.900763	9.341015
-0.046631	0.065674	1.105957	-2.809160	-1.000000	-1.015267	9.351916
-0.041504	0.066650	1.127441	-3.122137	-0.847328	-1.267176	9.361756
-0.044189	0.067139	1.115723	-3.221374	-1.022901	-1.427481	9.371268
-0.051514	0.067871	1.116455	-3.000000	-0.778626	-0.984733	9.382001
-0.049316	0.067871	1.112305	-3.396947	-0.954198	-1.938931	9.392196
-0.050049	0.064209	1.116455	-3.251908	-0.946565	-2.038168	9.402575
-0.043701	0.071533	1.109619	-3.045802	-0.862595	-2.106870	9.412160
-0.036621	0.068604	1.112061	-2.541985	-0.045802	-1.862595	9.423399
-0.048340	0.040771	1.125244	-3.541985	2.351145	-2.908397	9.433826
-0.026123	0.067871	1.120605	-3.793893	3.282443	-4.236641	9.444059
-0.029541	0.077881	1.106689	-3.022901	0.992366	-3.343511	9.453498
-0.051270	0.071777	1.110352	-3.030534	-1.374046	-3.801527	9.463981
-0.048340	0.058838	1.114014	-2.870229	-0.610687	-3.114504	9.474295
-0.040771	0.089844	1.100342	-3.320611	1.267176	-5.442748	9.484532
-0.053711	0.035645	1.125000	-2.381679	3.595420	-4.694656	9.494474
-0.024902	0.093506	1.105957	-3.320611	3.038168	-4.755725	9.505056
-0.033691	0.100830	1.092041	-4.229008	3.503817	-7.839695	9.515293
-0.041504	0.078369	1.117432	-3.763359	4.404580	-4.694656	9.525593
-0.069824	0.017090	1.123291	-0.984733	7.244275	-5.099237	9.535873
-0.091309	0.062988	1.121826	-2.709924	3.343511	-2.557252	9.546381
-0.041260	0.076660	1.124268	-2.671756	-0.839695	-4.305344	9.557566
-0.048584	0.064697	1.107422	-1.839695	-2.206107	-2.290076	9.567256
-0.046143	0.066406	1.118652	-3.396947	1.916031	-3.099237	9.576823
-0.056885	0.072510	1.113770	-1.931298	-1.557252	-0.458015	9.586364
-0.064453	0.062256	1.112549	-2.992366	-0.862595	-2.404580	9.597953
-0.057129	0.074463	1.111816	-3.000000	-1.229008	-1.954198	9.608235
-0.052734	0.061279	1.108887	-1.770992	-1.763359	0.129771	9.618144
-0.058105	0.067383	1.109375	-3.549618	-1.007634	-2.419847	9.627785
-0.066650	0.066162	1.126465	-2.129771	-1.106870	-0.633588	9.639093
-0.058594	0.102051	1.087646	-5.992366	1.419847	-7.328244	9.649270
-0.059082	0.070801	1.152100	-5.694656	1.534351	-3.213740	9.659074
-0.050293	0.084961	1.102295	-2.832061	-0.732824	-3.679389	9.668668
-0.081787	0.039795	1.133301	-2.618321	-1.427481	-2.114504	9.679627
-0.044678	0.071533	1.104492	-2.839695	-0.633588	-2.198473	9.690075
-0.062500	0.065674	1.108154	-2.854962	-1.274809	-2.381679	9.700505
-0.050293	0.068115	1.110107	-2.870229	-0.519084	-1.137405	9.710869
-0.049072	0.069580	1.123535	-2.961832	-1.114504	-1.419847	9.721122
-0.055664	0.065918	1.118652	-2.900763	-0.946565	-1.290076	9.731444
-0.054443	0.069092	1.112305	-2.908397	-1.206107	-1.198473	9.741320
-0.059326	0.066650	1.110352	-2.839695	-1.091603	-1.068702	9.752143
-0.058594	0.068604	1.107422	-3.045802	-1.106870	-1.458015	9.762406
-0.057861	0.064209	1.108154	-2.832061	-1.229008	-1.122137	9.772545
-0.056396	0.059570	1.110596	-2.801527	-0.702290	-0.732824	9.783071
-0.043701	0.064697	1.130615	-3.259542	-1.404580	-1.480916	9.793636
-0.053711	0.068115	1.119141	-2.625954	-1.862595	-1.267176	9.803857
-0.062256	0.060059	1.098877	-3.076336	-1.007634	-1.396947	9.813288
-0.048096	0.062988	1.119629	-3.122137	-1.450382	-1.671756	9.823859
-0.044678	0.072510	1.135254	-3.824427	-1.442748	-2.541985	9.834381
-0.058350	0.062256	1.099121	-4.106870	0.832061	-3.091603	9.844812
-0.047363	0.058838	1.114502	-2.175573	9.129771	0.648855	9.854322
-0.048828	0.049561	1.134766	-2.946565	2.106870	-2.145038	9.865126
-0.060547	0.049316	1.116699	-2.503817	-0.381679	-2.603053	9.874840
-0.060303	0.069336	1.110840	-2.854962	-1.458015	-1.389313	9.884496
-0.062500	0.063721	1.107422	-3.251908	-0.862595	-1.511450	9.894291
-0.058838	0.065674	1.095459	-2.625954	-0.793893	-0.526718	9.903892
-0.069824	0.077148	1.120605	-2.435115	-2.167939	-0.587786	9.915236
-0.056641	0.065918	1.109863	-3.213740	-1.748092	-1.931298	9.927853
-0.066895	0.056396	1.111572	-2.931298	-0.641221	-0.969466	9.938111
-0.058594	0.071289	1.117676	-2.893130	-0.687023	-1.282443	9.948537
-0.054932	0.069092	1.098389	-3.114504	-0.702290	-1.442748	9.958627
-0.061279	0.066895	1.114746	-2.954198	-1.007634	-1.267176	9.969197
-0.061279	0.068604	1.110840	-2.900763	-0.938931	-1.404580	9.978725
-0.059082	0.070068	1.117188	-2.870229	-1.007634	-1.221374	9.988318
-0.059082	0.067383	1.104248	-3.038168	-0.801527	-1.343511	9.997883
-0.058594	0.064697	1.106445	-2.992366	-0.816794	-1.221374	10.009683
-0.062256	0.066406	1.110352	-3.145038	-0.893130	-1.320611	10.019515
-0.059326	0.069824	1.109619	-2.923664	-0.954198	-1.427481	10.029350
-0.054199	0.059814	1.116699	-2.839695	-1.122137	-1.381679	10.040192
-0.057129	0.062256	1.095703	-2.809160	-1.053435	-1.312977	10.050704
-0.053955	0.065674	1.108398	-2.839695	-1.030534	-1.297710	10.060655
-0.060791	0.068359	1.114746	-3.145038	-0.748092	-1.358779	10.071026
-0.053223	0.066406	1.111328	-2.916031	-0.984733	-1.450382	10.081130
-0.059814	0.061279	1.102783	-3.045802	-1.061069	-1.351145	10.091691
-0.064453	0.066650	1.117432	-3.114504	-1.022901	-1.229008	10.101477
-0.053711	0.066406	1.105713	-3.190840	-0.770992	-1.320611	10.112265
-0.054688	0.062744	1.110596	-3.061069	-0.801527	-1.183206	10.122553
-0.057373	0.061523	1.101074	-2.931298	-1.152672	-1.236641	10.132740
-0.055420	0.065186	1.106201	-3.129771	-0.854962	-1.091603	10.142409
-0.058594	0.071289	1.122803	-2.877863	-0.946565	-1.206107	10.153144
-0.052002	0.062744	1.120850	-3.022901	-1.022901	-1.183206	10.163002
-0.051758	0.065674	1.106201	-3.076336	-0.938931	-1.419847	10.172439
-0.062256	0.063232	1.104492	-3.015267	-0.862595	-1.282443	10.182161
-0.055908	0.067871	1.112305	-3.091603	-1.007634	-1.450382	10.192172
-0.055176	0.065674	1.113037	-2.946565	-0.687023	-1.282443	10.201730
-0.054688	0.066650	1.103271	-3.000000	-0.992366	-1.366412	10.211322
-0.056885	0.063477	1.099365	-3.045802	-1.083969	-1.320611	10.221159
-0.057373	0.065186	1.103027	-3.160305	-0.992366	-1.335878	10.231327
-0.055420	0.065918	1.101318	-3.053435	-1.129771	-1.282443	10.243853
-0.056641	0.060303	1.113281	-3.183206	-0.748092	-1.419847	10.253602
-0.059814	0.067139	1.109375	-3.068702	-0.969466	-1.496183	10.263057
-0.051270	0.062500	1.104492	-2.977099	-0.832061	-1.526718	10.273106
-0.055664	0.067871	1.113281	-3.076336	0.022901	-1.099237	10.283858
-0.048828	0.062988	1.108154	-3.106870	-0.320611	-1.167939	10.293874
-0.057617	0.073975	1.117676	-2.992366	-0.893130	-1.618321	10.303394
-0.053955	0.067139	1.101074	-3.030534	-0.656489	-1.190840	10.314377
-0.054688	0.068359	1.118896	-3.213740	-0.885496	-1.442748	10.324934
-0.058350	0.067627	1.099121	-3.114504	-0.839695	-1.198473	10.335241
-0.049072	0.072266	1.112793	-3.015267	-0.824427	-1.312977	10.344893
-0.058594	0.069824	1.101318	-3.167939	-0.870229	-1.251908	10.354500
-0.058838	0.069824	1.122070	-3.015267	-0.854962	-1.335878	10.365708
-0.055908	0.070068	1.116943	-3.022901	-0.763359	-1.358779	10.375839
-0.062256	0.069580	1.118896	-3.152672	-0.816794	-1.274809	10.385939
-0.062988	0.063721	1.111328	-3.061069	-1.022901	-1.236641	10.395732
-0.050537	0.068604	1.112305	-3.152672	-0.977099	-1.328244	10.406364
-0.054688	0.068604	1.116943	-2.931298	-0.793893	-1.167939	10.416605
-0.056396	0.063232	1.116943	-3.114504	-1.007634	-1.351145	10.426639
-0.059814	0.066162	1.117188	-3.145038	-0.809160	-1.328244	10.436018
-0.064453	0.072754	1.114014	-3.106870	-0.564885	-1.190840	10.447296
-0.058838	0.064453	1.114014	-3.022901	-1.000000	-1.221374	10.457698
-0.053955	0.070801	1.106201	-3.083969	-0.717557	-1.137405	10.467562
-0.048828	0.075195	1.123047	-3.152672	-0.786260	-1.351145	10.477460
-0.059082	0.064697	1.111572	-3.045802	-0.969466	-1.366412	10.488270
-0.062988	0.072021	1.108887	-2.984733	-0.923664	-1.244275	10.498852
-0.055908	0.065918	1.111084	-3.076336	-0.832061	-1.198473	10.508432
-0.053955	0.060059	1.111328	-2.992366	-0.832061	-1.236641	10.517934
-0.052979	0.069092	1.115723	-3.076336	-0.908397	-1.366412	10.529137
-0.056885	0.068848	1.106934	-3.045802	-0.793893	-1.312977	10.539433
-0.052979	0.068848	1.113037	-3.038168	-0.870229	-0.961832	10.549056
-0.054199	0.065918	1.098389	-3.114504	-1.114504	-1.358779	10.559046
-0.057373	0.064697	1.115723	-2.984733	-0.984733	-1.312977	10.569684
-0.063721	0.070068	1.110352	-3.099237	-1.106870	-1.366412	10.579942
-0.058105	0.076416	1.097412	-2.992366	-0.977099	-1.656489	10.589669
