-0.516357	0.099365	0.791992	-3.221374	0.572519	1.022901	0.007184
-0.511719	0.089111	0.789062	-3.229008	1.618321	1.312977	0.015514
-0.509277	0.080811	0.783691	-2.435115	2.061069	1.030534	0.023660
-0.516357	0.083496	0.800293	-1.358779	1.954198	0.519084	0.031948
-0.506592	0.104980	0.799072	-0.885496	1.793893	0.709924	0.040046
-0.511963	0.102783	0.788330	-1.076336	1.687023	1.213740	0.048170
-0.512939	0.108887	0.796387	-1.343511	2.137405	1.458015	0.056239
-0.526123	0.101074	0.820312	-0.007634	1.564885	1.389313	0.064337
-0.525391	0.097900	0.803955	-2.251908	0.992366	1.335878	0.072615
-0.513672	0.101562	0.793457	-2.030534	1.076336	1.190840	0.080929
-0.507080	0.093506	0.784424	-1.946565	1.312977	1.541985	0.089025
-0.510010	0.092041	0.789307	-1.015267	1.801527	1.541985	0.097107
-0.518799	0.097168	0.784180	-1.274809	1.969466	1.709924	0.105183
-0.521973	0.101562	0.801514	-1.557252	1.618321	1.732824	0.113247
-0.521973	0.085449	0.800781	-0.908397	0.625954	1.343511	0.121346
-0.532959	0.087158	0.772705	-0.259542	1.641221	0.946565	0.129459
-0.525879	0.123779	0.776855	1.122137	1.908397	2.206107	0.137574
-0.491211	0.013672	0.864014	-11.732824	10.335878	3.832061	0.145648
-0.508545	0.090576	0.782471	-1.328244	-0.007634	3.549618	0.153747
-0.513672	0.068604	0.788086	-2.175573	0.656489	1.549618	0.161875
-0.510986	0.103271	0.775635	1.916031	1.366412	1.671756	0.169950
-0.510742	0.108887	0.789062	-1.206107	1.702290	1.839695	0.178186
-0.518799	0.094727	0.796387	-2.557252	1.053435	1.938931	0.186267
-0.510742	0.089844	0.789307	-1.946565	1.076336	1.625954	0.194371
-0.510254	0.106445	0.769531	-1.946565	1.206107	1.389313	0.202637
-0.503662	0.103516	0.784912	-1.755725	1.625954	1.664122	0.210736
-0.516602	0.098389	0.783203	-2.267176	1.870229	1.396947	0.219483
-0.509766	0.096191	0.801758	-2.068702	1.786260	1.167939	0.228937
-0.522217	0.104004	0.795654	-2.190840	0.694656	1.038168	0.238368
-0.514404	0.107666	0.793701	-2.450382	0.320611	1.236641	0.247697
-0.510742	0.104004	0.787109	-2.748092	-0.099237	1.404580	0.256873
-0.512939	0.090820	0.769043	-2.465649	0.061069	1.961832	0.266506
-0.510254	0.080566	0.769531	-1.404580	0.885496	1.389313	0.275991
-0.512939	0.090332	0.770752	-0.297710	1.343511	1.000000	0.285121
-0.511719	0.090088	0.779785	1.946565	1.625954	0.625954	0.293805
-0.512207	0.101562	0.779541	0.564885	1.885496	0.671756	0.302068
-0.510254	0.116455	0.780273	0.381679	2.396947	0.770992	0.310371
-0.513672	0.123291	0.785889	-0.564885	2.114504	1.244275	0.318970
-0.521973	0.109375	0.800293	-1.465649	1.465649	1.190840	0.327009
-0.520752	0.112305	0.795898	-1.946565	0.778626	1.022901	0.335406
-0.519287	0.106445	0.784180	-2.427481	0.664122	1.190840	0.343409
-0.511963	0.106689	0.802734	-2.389313	0.946565	1.389313	0.351787
-0.519531	0.101318	0.781738	-2.152672	0.702290	1.419847	0.360030
-0.512695	0.099854	0.774170	-1.496183	0.778626	1.419847	0.368421
-0.509277	0.105469	0.773193	-1.030534	1.480916	1.526718	0.376522
-0.506836	0.094482	0.774414	-1.160305	1.778626	1.541985	0.384912
-0.520508	0.114746	0.790283	-1.511450	1.961832	1.511450	0.393276
-0.520996	0.115967	0.805176	-1.931298	1.526718	1.625954	0.401703
-0.515137	0.117432	0.784668	-2.725191	1.358779	1.816794	0.410076
-0.510498	0.117920	0.787109	-3.213740	1.335878	1.969466	0.418566
-0.514160	0.111328	0.797607	-3.641221	1.664122	2.305344	0.426855
-0.529541	0.101318	0.794434	-3.541985	1.145038	2.625954	0.435005
-0.517090	0.092773	0.784912	-2.984733	0.931298	2.374046	0.443175
-0.530029	0.093018	0.787354	-2.648855	0.664122	2.419847	0.450885
-0.510742	0.095947	0.792725	-2.679389	0.870229	2.572519	0.459134
-0.514648	0.087158	0.794189	-2.465649	0.427481	2.343511	0.467413
-0.515137	0.099854	0.777100	-2.480916	0.435115	2.122137	0.475573
-0.509033	0.096191	0.791016	-2.251908	0.702290	2.312977	0.483823
-0.506592	0.097412	0.777588	-2.351145	1.442748	2.244275	0.492308
-0.506348	0.100098	0.788818	-2.312977	1.839695	2.396947	0.500149
-0.512939	0.093018	0.804688	-2.961832	1.694656	2.152672	0.509485
-0.513428	0.090332	0.795898	-2.427481	1.427481	2.129771	0.518454
-0.510742	0.092285	0.789795	-2.908397	1.557252	1.763359	0.527369
-0.530518	0.086670	0.803711	-2.641221	1.396947	1.641221	0.537668
-0.521973	0.089600	0.795654	-2.679389	0.625954	1.496183	0.546201
-0.517090	0.091309	0.801758	-2.007634	0.312977	1.488550	0.554511
-0.513672	0.101074	0.796875	-2.152672	-0.328244	1.374046	0.562845
-0.515625	0.101318	0.792969	-2.030534	-1.213740	1.984733	0.571370
-0.510254	0.096436	0.788330	-1.969466	-1.328244	1.801527	0.579639
-0.505615	0.099854	0.778076	-2.190840	-0.396947	1.816794	0.587991
-0.508301	0.101318	0.783203	-2.519084	0.351145	1.648855	0.596168
-0.506592	0.103516	0.777588	-3.022901	0.580153	1.725191	0.604623
-0.507080	0.095215	0.781982	-3.000000	1.106870	1.488550	0.613028
-0.511963	0.089600	0.781250	-2.755725	1.603053	0.931298	0.621372
-0.515869	0.092529	0.795654	-2.068702	1.450382	1.236641	0.629640
-0.517090	0.101318	0.795410	-1.908397	1.328244	1.473282	0.637761
-0.509766	0.097412	0.794434	-1.763359	1.152672	1.694656	0.646016
-0.511963	0.103271	0.802734	-1.916031	1.167939	1.763359	0.654014
-0.514160	0.106934	0.800537	-2.015267	1.022901	2.053435	0.662629
-0.507324	0.104736	0.786865	-1.549618	1.000000	2.160305	0.671019
-0.512207	0.109863	0.785645	-1.786260	0.839695	2.358779	0.679464
-0.512451	0.110596	0.785645	-2.099237	0.419847	2.885496	0.687731
-0.503906	0.103271	0.776367	-3.076336	0.488550	2.770992	0.695964
-0.506348	0.093750	0.779541	-3.213740	0.916031	3.076336	0.704350
-0.498535	0.100342	0.776611	-4.770992	1.015267	2.175573	0.712619
-0.500488	0.097412	0.771729	-4.770992	1.274809	1.969466	0.721220
-0.517578	0.088379	0.781250	-5.435115	1.099237	1.816794	0.729525
-0.517090	0.078857	0.781738	-5.351145	0.778626	1.717557	0.737588
-0.514160	0.077637	0.767090	-4.259542	0.328244	1.656489	0.746179
-0.508301	0.079102	0.769531	-2.977099	0.519084	1.770992	0.754238
-0.510986	0.078369	0.765381	-2.229008	0.572519	1.717557	0.762714
-0.505371	0.071777	0.771973	-1.320611	0.717557	1.610687	0.771365
-0.508301	0.071533	0.758057	-0.603053	1.282443	1.068702	0.779684
-0.504150	0.090820	0.776123	-0.106870	1.603053	0.885496	0.787772
-0.503906	0.091309	0.781006	-0.320611	1.648855	0.969466	0.795970
-0.511475	0.093994	0.772461	-0.732824	1.977099	0.748092	0.804266
-0.508789	0.092041	0.781738	-0.977099	2.419847	0.603053	0.812521
-0.510742	0.094727	0.775391	-0.694656	2.526718	0.244275	0.821165
-0.510986	0.091553	0.787598	-0.847328	2.587786	0.664122	0.829541
-0.520752	0.090332	0.792236	-0.458015	3.328244	0.435115	0.837757
-0.512939	0.091064	0.795898	-0.282443	3.145038	0.259542	0.845934
-0.517090	0.102051	0.797119	-0.572519	2.603053	0.076336	0.854024
-0.525635	0.104004	0.800293	-1.526718	1.709924	0.221374	0.862295
-0.523926	0.099365	0.795410	-1.541985	0.664122	0.519084	0.870774
-0.519775	0.097656	0.796143	-1.946565	-0.114504	0.503817	0.879156
-0.512695	0.106934	0.772705	-1.793893	0.358779	0.992366	0.887341
-0.511719	0.110840	0.777344	-2.519084	0.381679	1.412214	0.895629
-0.511475	0.097900	0.781494	-2.442748	0.847328	1.778626	0.903839
-0.510498	0.092529	0.774658	-1.396947	1.236641	1.854962	0.912217
-0.513428	0.106201	0.787842	-1.511450	1.145038	2.129771	0.920602
-0.518555	0.106689	0.795166	-1.870229	1.152672	2.374046	0.928886
-0.519287	0.079346	0.793945	-1.366412	0.938931	1.923664	0.937286
-0.511475	0.088867	0.789062	-0.732824	0.816794	1.549618	0.945341
-0.509521	0.104492	0.777344	-1.175573	1.290076	1.381679	0.953818
-0.514648	0.101562	0.778076	-2.000000	1.717557	1.610687	0.962290
-0.512695	0.089844	0.777344	-2.687023	1.793893	1.442748	0.970853
-0.510498	0.097900	0.797607	-2.381679	1.320611	1.526718	0.979092
-0.516846	0.092773	0.768799	-2.061069	1.557252	1.503817	0.987260
-0.506592	0.101074	0.788330	-1.702290	1.931298	1.679389	0.995579
-0.519287	0.099854	0.780273	-1.961832	1.725191	1.885496	1.004180
-0.507812	0.090576	0.790527	-1.801527	1.526718	2.053435	1.012815
-0.509277	0.085205	0.774414	-1.916031	1.748092	1.755725	1.021291
-0.510254	0.082764	0.770752	-1.725191	1.862595	1.419847	1.029851
-0.506836	0.093994	0.776611	-2.030534	2.320611	1.251908	1.038648
-0.504395	0.094971	0.781250	-2.473282	2.702290	0.931298	1.046895
-0.510010	0.097900	0.782959	-2.778626	2.938931	0.763359	1.055395
-0.505127	0.098145	0.790039	-2.847328	2.931298	0.916031	1.063831
-0.508301	0.097900	0.779785	-2.366412	3.129771	0.832061	1.072392
-0.518799	0.096191	0.792969	-2.236641	3.114504	0.908397	1.080767
-0.513916	0.096680	0.813477	-2.793893	2.320611	0.656489	1.088629
-0.517090	0.089355	0.825195	-2.236641	0.984733	1.076336	1.096718
-0.524414	0.100098	0.811768	-2.099237	0.000000	1.137405	1.104676
-0.508789	0.097656	0.792969	-1.984733	-0.251908	1.297710	1.113336
-0.506104	0.091064	0.785400	-2.297710	-0.122137	1.580153	1.121665
-0.512695	0.078369	0.766357	-1.786260	-0.137405	1.648855	1.130054
-0.505859	0.077148	0.770264	-0.977099	0.732824	1.206107	1.138109
-0.513184	0.079102	0.766846	-0.221374	1.335878	0.664122	1.146470
-0.506348	0.093018	0.771973	0.145038	1.938931	0.427481	1.154774
-0.516602	0.093750	0.768799	-0.969466	2.610687	-0.053435	1.162936
-0.532959	0.103760	0.797363	0.175573	3.374046	0.801527	1.171352
-0.524170	0.100586	0.758789	-3.137405	2.671756	-0.587786	1.179704
-0.529785	0.111084	0.788086	0.335878	2.732824	0.450382	1.188074
-0.518066	0.099365	0.779053	-3.938931	3.694656	-0.152672	1.196250
-0.529785	0.092041	0.780518	-2.083969	3.465649	0.641221	1.204661
-0.536133	0.095947	0.804688	-1.618321	2.984733	0.389313	1.213218
-0.535889	0.113770	0.816895	-1.732824	1.916031	1.022901	1.221719
-0.533447	0.095703	0.797363	-3.145038	0.870229	1.099237	1.230288
-0.528076	0.078857	0.801514	-1.763359	0.297710	0.374046	1.238789
-0.524170	0.123047	0.793213	-1.183206	0.229008	0.473282	1.247083
-0.516357	0.130859	0.793701	-2.885496	0.503817	1.458015	1.255358
-0.518311	0.103271	0.794434	-3.129771	0.946565	2.106870	1.263665
-0.520264	0.083984	0.787109	-2.122137	1.335878	1.625954	1.272225
-0.520508	0.093018	0.791260	-1.389313	1.526718	1.236641	1.280235
-0.517334	0.106934	0.803711	-1.503817	1.618321	1.625954	1.288765
-0.503906	0.101318	0.796387	-1.839695	1.290076	2.129771	1.297059
-0.523193	0.096436	0.801025	-1.175573	1.381679	2.236641	1.305256
-0.524170	0.100830	0.789062	-1.381679	0.847328	2.328244	1.313810
-0.521484	0.098633	0.793945	-1.618321	0.374046	2.328244	1.322344
-0.524170	0.100098	0.806396	-1.839695	-0.038168	2.442748	1.330657
-0.525391	0.093994	0.802490	-1.664122	-0.694656	2.091603	1.339103
-0.514648	0.106689	0.788818	-1.656489	-1.030534	2.198473	1.347448
-0.519043	0.098633	0.785889	-2.877863	-0.763359	1.931298	1.355682
-0.518311	0.105225	0.788330	-3.664122	-0.954198	2.099237	1.364075
-0.514160	0.104004	0.784424	-4.564885	-0.916031	1.992366	1.372274
-0.511719	0.104004	0.782959	-5.198473	-0.648855	1.854962	1.380673
-0.507080	0.097656	0.770264	-5.610687	-0.351145	2.106870	1.389171
-0.510986	0.095947	0.782959	-5.969466	-0.183206	2.145038	1.397255
-0.509033	0.090576	0.783691	-6.160305	0.030534	2.366412	1.405530
-0.506836	0.091064	0.799316	-6.091603	0.358779	2.435115	1.413911
-0.517090	0.069824	0.807129	-5.893130	0.282443	2.259542	1.422389
-0.517578	0.067139	0.802002	-4.557252	-0.259542	2.000000	1.430830
-0.513428	0.055176	0.786377	-2.969466	-0.175573	2.198473	1.439153
-0.511963	0.057861	0.797119	-0.908397	0.206107	2.038168	1.447541
-0.514404	0.047852	0.792480	1.091603	-0.236641	1.763359	1.455576
-0.505859	0.069580	0.773926	2.328244	-0.427481	1.473282	1.464025
-0.500488	0.077148	0.778320	2.648855	-0.129771	0.954198	1.472369
-0.497314	0.097412	0.783691	2.236641	0.442748	0.297710	1.480443
-0.504395	0.105957	0.794189	0.267176	0.450382	0.083969	1.488828
-0.504639	0.104736	0.799316	-0.992366	0.488550	0.022901	1.497225
-0.504150	0.100586	0.788086	-1.160305	0.755725	0.274809	1.505485
-0.508057	0.088867	0.787842	-1.396947	0.923664	0.030534	1.513995
-0.514160	0.084961	0.778564	-0.458015	0.847328	0.083969	1.522690
-0.498779	0.086182	0.774658	0.778626	1.099237	0.236641	1.531048
-0.505615	0.097168	0.777832	1.847328	1.641221	0.366412	1.539823
-0.519043	0.124512	0.785156	1.809160	1.847328	0.534351	1.548512
-0.527100	0.115479	0.796631	0.862595	1.236641	0.870229	1.556925
-0.521973	0.121338	0.796631	-0.267176	0.251908	0.885496	1.565479
-0.513916	0.120850	0.781006	-1.923664	0.419847	0.900763	1.573732
-0.515869	0.124268	0.764648	-3.053435	0.167939	1.068702	1.582168
-0.513184	0.117676	0.771484	-4.076336	0.633588	1.213740	1.590804
-0.507568	0.108398	0.775879	-3.931298	0.748092	1.465649	1.599236
-0.515869	0.103027	0.769043	-3.900763	1.351145	1.259542	1.607526
-0.517090	0.089844	0.783691	-3.190840	1.534351	1.320611	1.615768
-0.514160	0.088135	0.789062	-1.893130	1.709924	1.030534	1.624311
-0.522461	0.083984	0.790771	-1.137405	1.389313	0.847328	1.632626
-0.520264	0.089844	0.784180	-0.541985	1.389313	0.709924	1.640952
-0.519531	0.094727	0.780273	-0.610687	1.259542	0.923664	1.649407
-0.523193	0.095459	0.787354	-0.541985	1.160305	0.687023	1.657517
-0.514160	0.095947	0.778076	-0.702290	0.633588	0.664122	1.665866
-0.512695	0.115479	0.771484	-1.503817	0.908397	0.687023	1.674272
-0.511230	0.116211	0.770508	-3.603053	0.786260	0.572519	1.682733
-0.509766	0.116943	0.781738	-5.267176	0.709924	0.305344	1.690976
-0.510254	0.120361	0.790283	-6.549618	0.740458	0.809160	1.699388
-0.510986	0.113281	0.780518	-5.900763	1.015267	1.152672	1.707718
-0.516113	0.110596	0.783203	-8.320611	0.946565	1.641221	1.715980
-0.510742	0.091064	0.770996	-7.465649	1.412214	1.893130	1.724500
-0.513184	0.072510	0.762695	-5.404580	1.938931	1.816794	1.732222
-0.516113	0.068115	0.771484	-3.427481	2.419847	2.007634	1.739736
-0.515625	0.072754	0.779053	-1.816794	2.366412	2.213740	1.747303
-0.512939	0.075684	0.788818	0.625954	2.358779	-0.022901	1.755915
-0.514404	0.089844	0.793213	0.320611	2.732824	2.335878	1.764204
-0.519775	0.088379	0.797607	-0.022901	1.709924	2.343511	1.772744
-0.521973	0.088135	0.786133	-0.519084	1.549618	2.030534	1.780740
-0.516113	0.090332	0.789307	-0.832061	1.122137	1.801527	1.789350
-0.514893	0.070068	0.787109	-1.389313	0.389313	0.664122	1.797750
-0.503662	0.087646	0.772949	-0.809160	1.320611	0.343511	1.806018
-0.512451	0.096924	0.777344	-1.763359	2.152672	0.167939	1.814304
-0.514160	0.084473	0.805908	-2.007634	2.541985	0.267176	1.822820
-0.522949	0.085938	0.795898	-1.618321	2.251908	0.236641	1.831184
-0.510498	0.098633	0.789062	-1.374046	1.778626	0.312977	1.839500
-0.512695	0.101562	0.797852	-1.381679	1.717557	0.648855	1.847665
-0.514893	0.097900	0.792480	-1.603053	1.305344	0.923664	1.856109
-0.518311	0.094482	0.792236	-1.167939	1.580153	1.152672	1.864182
-0.510742	0.100586	0.789307	-0.801527	1.503817	1.137405	1.872695
-0.514160	0.103760	0.811279	-1.221374	1.923664	1.167939	1.880775
-0.519043	0.103516	0.800293	-1.549618	2.053435	1.442748	1.889107
-0.523682	0.096436	0.800537	-2.000000	1.946565	1.572519	1.897277
-0.524658	0.091064	0.804932	-2.381679	1.740458	1.541985	1.905447
-0.516846	0.086914	0.808350	-2.488550	0.984733	1.083969	1.913960
-0.515137	0.087646	0.793701	-1.931298	0.740458	1.213740	1.922288
-0.511719	0.090088	0.789551	-1.083969	1.145038	1.122137	1.930672
-0.519043	0.093506	0.792236	-0.961832	1.480916	1.503817	1.939196
-0.523438	0.082764	0.797852	-0.374046	0.755725	1.648855	1.947556
-0.523193	0.087158	0.812256	0.618321	0.450382	1.496183	1.955635
-0.516602	0.093018	0.808594	0.870229	-0.015267	1.305344	1.963889
-0.516846	0.097900	0.793457	0.412214	-0.282443	1.435115	1.972529
-0.509521	0.093750	0.779053	-0.595420	0.435115	1.427481	1.980902
-0.517090	0.089355	0.788574	-0.381679	1.015267	1.381679	1.989217
-0.529053	0.093994	0.793945	-0.534351	0.458015	1.473282	1.997662
-0.522705	0.100586	0.786865	-0.458015	0.900763	1.732824	2.006103
-0.522217	0.098145	0.783447	-1.106870	0.633588	1.786260	2.014412
-0.517334	0.083740	0.788330	-1.145038	0.229008	1.633588	2.023100
-0.507812	0.088867	0.773438	-0.396947	0.671756	1.580153	2.031632
-0.508057	0.096924	0.771973	0.061069	1.282443	1.618321	2.039953
-0.510986	0.096680	0.783936	-0.702290	1.290076	1.534351	2.048638
-0.517334	0.098145	0.795166	-0.450382	1.290076	1.664122	2.057006
-0.518799	0.097412	0.775879	-0.709924	1.427481	1.396947	2.065585
-0.523682	0.102539	0.796387	-1.022901	0.992366	1.305344	2.074167
-0.524902	0.096436	0.799072	-1.633588	0.564885	1.419847	2.082466
-0.521240	0.093750	0.794922	-2.022901	-0.786260	1.000000	2.090556
-0.507080	0.093506	0.782227	-1.458015	-0.740458	0.946565	2.099063
-0.503418	0.096680	0.763428	-1.702290	-0.320611	1.061069	2.107492
-0.503418	0.097168	0.767334	-2.030534	0.961832	1.221374	2.115866
-0.509521	0.089355	0.766602	-1.793893	1.106870	1.145038	2.124432
-0.507812	0.090332	0.772705	-1.519084	1.145038	1.320611	2.132834
-0.516357	0.094971	0.778564	-1.305344	1.221374	1.358779	2.141119
-0.519043	0.083984	0.765869	-1.496183	1.580153	1.229008	2.149615
-0.510986	0.093750	0.777588	-1.198473	1.557252	1.145038	2.157717
-0.505859	0.094482	0.773193	-1.106870	1.534351	1.145038	2.165986
-0.512695	0.097412	0.788330	-1.267176	1.755725	0.893130	2.174061
-0.519287	0.100586	0.790527	-2.259542	1.374046	0.595420	2.182284
-0.518311	0.099854	0.785156	-1.419847	0.442748	1.557252	2.190192
-0.508545	0.091309	0.760986	-2.427481	0.786260	0.832061	2.198889
-0.507568	0.099121	0.773926	-1.572519	1.648855	1.236641	2.207112
-0.517090	0.092773	0.785400	-2.198473	1.656489	1.244275	2.215353
-0.515381	0.085449	0.776611	-1.770992	1.305344	0.961832	2.223672
-0.508057	0.096680	0.767578	-1.740458	1.717557	0.847328	2.232038
-0.506836	0.093994	0.775146	-1.740458	2.870229	0.740458	2.240373
-0.520996	0.096924	0.789551	-1.862595	3.083969	0.656489	2.248891
-0.522461	0.092773	0.792236	-1.625954	1.954198	0.396947	2.257034
-0.515137	0.094727	0.780762	-0.801527	1.648855	0.083969	2.265536
-0.513428	0.105225	0.770996	-0.916031	1.877863	0.366412	2.273799
-0.512451	0.100586	0.788574	-1.106870	1.832061	0.473282	2.282328
-0.510498	0.099365	0.789795	-1.297710	1.824427	0.320611	2.290372
-0.513916	0.124512	0.783936	-1.931298	1.908397	0.572519	2.298997
-0.516357	0.114746	0.803467	-2.786260	1.862595	0.656489	2.307370
-0.529785	0.108643	0.814697	-3.404580	0.923664	0.725191	2.315617
-0.520752	0.095215	0.809082	-3.175573	0.091603	0.793893	2.324007
-0.514404	0.093750	0.799561	-3.496183	0.679389	0.709924	2.332234
-0.509277	0.098877	0.809082	-3.190840	1.175573	0.977099	2.340665
-0.524414	0.092773	0.817627	-2.656489	0.900763	1.045802	2.348990
-0.520264	0.092529	0.818359	-1.778626	0.419847	1.114504	2.357374
-0.517822	0.097412	0.812988	-1.106870	0.343511	1.396947	2.365532
-0.517578	0.092773	0.795166	-0.511450	0.198473	1.595420	2.373495
-0.524902	0.083496	0.782715	0.312977	0.381679	2.068702	2.381089
-0.523926	0.085205	0.789795	0.427481	0.671756	2.038168	2.388828
-0.524414	0.093994	0.789062	0.580153	0.770992	1.946565	2.397320
-0.520996	0.087891	0.784668	0.167939	0.938931	1.335878	2.405735
-0.521973	0.100830	0.786133	-0.236641	1.229008	1.160305	2.413981
-0.515869	0.104004	0.791016	-0.938931	1.091603	1.129771	2.422427
-0.530762	0.101074	0.791260	-1.664122	1.473282	1.106870	2.430801
-0.521729	0.090332	0.794678	-1.511450	1.038168	0.801527	2.439367
-0.523926	0.081055	0.795898	-1.465649	1.061069	0.091603	2.447746
-0.514893	0.094238	0.794434	-0.053435	0.870229	0.435115	2.456080
-0.513428	0.095215	0.779785	-0.045802	1.625954	-0.167939	2.464324
-0.527832	0.109863	0.796631	0.229008	1.526718	-0.160305	2.472711
-0.540527	0.110596	0.828125	-1.290076	0.274809	-0.045802	2.481012
-0.532227	0.104980	0.804688	-2.603053	-1.419847	0.091603	2.489317
-0.531982	0.098389	0.790527	-1.015267	-2.412214	0.992366	2.497354
-0.508789	0.108154	0.779053	-1.396947	-2.114504	0.412214	2.505762
-0.523926	0.104736	0.783936	-1.374046	-1.213740	2.198473	2.516728
-0.508789	0.102295	0.749268	-1.206107	-0.351145	2.335878	2.525370
-0.499268	0.104004	0.760742	-1.244275	1.129771	2.076336	2.533767
-0.510742	0.107422	0.781738	-1.160305	1.694656	2.740458	2.542202
-0.522461	0.098145	0.790527	-1.969466	0.412214	2.160305	2.550568
-0.512695	0.103516	0.781738	-1.992366	-0.206107	2.480916	2.559227
-0.504395	0.110352	0.777344	-2.473282	0.221374	2.404580	2.567680
-0.500244	0.099121	0.785156	-2.480916	0.832061	2.610687	2.575443
-0.522461	0.091797	0.769775	-2.328244	0.488550	2.282443	2.583298
-0.516602	0.091553	0.774414	-1.862595	0.404580	2.328244	2.591866
-0.510254	0.086426	0.759277	-1.572519	0.190840	2.526718	2.599844
-0.506592	0.091064	0.761475	-1.076336	0.977099	2.519084	2.608549
-0.505859	0.094238	0.758545	-1.190840	1.022901	2.473282	2.616919
-0.508057	0.089600	0.761475	-1.114504	1.274809	2.099237	2.625244
-0.505371	0.096924	0.758545	-1.427481	1.770992	1.832061	2.633532
-0.500488	0.078857	0.761230	-1.877863	2.664122	1.526718	2.642194
-0.519531	0.096436	0.782959	-2.312977	2.587786	1.572519	2.650575
-0.513184	0.094482	0.780518	-2.877863	1.961832	1.244275	2.658888
-0.521729	0.097900	0.780273	-3.236641	1.389313	1.145038	2.667315
-0.523682	0.087158	0.783203	-2.893130	1.221374	1.137405	2.675555
-0.517822	0.079834	0.792236	-2.183206	0.427481	0.900763	2.683740
-0.530518	0.080811	0.765137	-1.625954	0.114504	0.488550	2.692244
-0.498291	0.088867	0.764648	-0.984733	0.450382	0.625954	2.700351
-0.501709	0.091553	0.765137	-0.541985	1.755725	0.557252	2.708822
-0.506348	0.098633	0.763916	-0.809160	2.030534	0.206107	2.717358
-0.507324	0.099121	0.773438	-1.366412	2.656489	0.435115	2.725747
-0.512939	0.093750	0.780762	-2.045802	2.992366	0.297710	2.733956
-0.518799	0.111084	0.780762	-2.435115	3.175573	0.618321	2.742313
-0.522949	0.100342	0.796387	-2.992366	2.931298	0.908397	2.750840
-0.525879	0.091553	0.809570	-2.687023	2.320611	1.038168	2.758854
-0.513672	0.094971	0.797852	-1.885496	1.839695	1.145038	2.766524
-0.514160	0.093018	0.781494	-1.641221	2.122137	1.076336	2.774292
-0.516113	0.082764	0.774902	-0.931298	2.534351	1.206107	2.781877
-0.513672	0.095703	0.782471	-0.832061	2.862595	0.954198	2.789440
-0.516113	0.109131	0.790527	-0.938931	2.641221	0.839695	2.796918
-0.520508	0.106689	0.794189	-1.763359	2.877863	0.870229	2.804940
-0.509766	0.101074	0.812256	-2.541985	2.801527	0.702290	2.812745
-0.520996	0.104980	0.792725	-2.954198	2.175573	0.832061	2.820902
-0.524170	0.098633	0.795654	-3.427481	2.099237	0.694656	2.829790
-0.520996	0.098877	0.800049	-2.832061	1.732824	0.931298	2.838264
-0.517822	0.091309	0.786621	-2.244275	1.702290	1.091603	2.846598
-0.514160	0.097168	0.790039	-1.755725	2.282443	1.198473	2.855176
-0.519775	0.095947	0.793457	-1.648855	2.213740	1.198473	2.863432
-0.524170	0.099854	0.798096	-1.557252	1.725191	1.290076	2.871872
-0.528320	0.101562	0.807617	-2.045802	1.183206	1.427481	2.880067
-0.517578	0.097168	0.800781	-2.427481	0.427481	1.022901	2.887820
-0.514893	0.097168	0.803467	-2.748092	0.435115	0.885496	2.896293
-0.515625	0.092041	0.792236	-2.633588	0.297710	0.679389	2.904279
-0.515137	0.088135	0.785645	-2.198473	0.893130	0.893130	2.912720
-0.510010	0.088623	0.783691	-1.595420	1.358779	0.625954	2.921085
-0.511963	0.092529	0.784180	-1.030534	1.839695	0.587786	2.929370
-0.511230	0.101562	0.783691	-1.145038	2.251908	0.435115	2.937624
-0.514648	0.104492	0.793213	-0.900763	2.389313	0.549618	2.945672
-0.522949	0.106934	0.801270	-1.450382	2.343511	0.564885	2.954135
-0.528320	0.116455	0.807373	-0.022901	1.916031	0.961832	2.962324
-0.541016	0.106201	0.812988	-2.366412	0.541985	1.038168	2.970822
-0.521973	0.104248	0.804932	-2.160305	-0.358779	1.175573	2.979033
-0.518555	0.098145	0.801758	-1.900763	-0.610687	1.442748	2.987465
-0.519775	0.101318	0.793945	-1.633588	-0.549618	1.488550	2.995895
-0.517578	0.101562	0.780029	-0.793893	-0.175573	1.717557	3.004261
-0.523926	0.099365	0.779297	-0.427481	0.198473	1.679389	3.012169
-0.519775	0.106445	0.792236	-0.534351	0.435115	1.793893	3.020628
-0.518311	0.096191	0.780273	-1.099237	0.435115	1.633588	3.028632
-0.521484	0.104980	0.783447	-0.977099	0.358779	1.358779	3.037201
-0.529785	0.108398	0.794434	-1.114504	0.679389	1.488550	3.045631
-0.521484	0.109375	0.781494	-1.519084	0.847328	1.610687	3.053782
-0.519531	0.105225	0.790039	-1.702290	0.778626	1.656489	3.062554
-0.515381	0.104736	0.776123	-1.465649	0.549618	1.549618	3.071274
-0.502197	0.099365	0.774658	-1.183206	1.106870	1.519084	3.079250
-0.516357	0.110107	0.776123	-1.603053	1.404580	1.618321	3.088069
-0.520020	0.097900	0.783203	-2.076336	1.694656	1.786260	3.096301
-0.519775	0.097412	0.786133	-1.801527	1.282443	1.832061	3.104541
-0.525146	0.098389	0.790283	-2.007634	1.083969	1.862595	3.112418
-0.523193	0.098877	0.788818	-2.427481	0.374046	1.786260	3.121243
-0.521973	0.096680	0.786377	-1.992366	-0.458015	1.916031	3.129346
-0.509766	0.089600	0.768066	-1.557252	-0.427481	1.900763	3.137740
-0.505127	0.103271	0.779297	-1.328244	0.198473	1.511450	3.146021
-0.510498	0.103760	0.770508	-1.816794	0.641221	1.580153	3.154475
-0.515137	0.101807	0.784912	-1.740458	0.541985	1.778626	3.163079
-0.514893	0.098389	0.775635	-1.671756	0.442748	1.824427	3.171579
-0.514893	0.115967	0.779541	-1.740458	0.427481	2.129771	3.179815
-0.512939	0.097168	0.777100	-2.396947	0.519084	2.366412	3.188054
-0.515137	0.097168	0.781006	-2.610687	0.145038	2.435115	3.196302
-0.507812	0.101562	0.760254	-2.770992	0.358779	2.335878	3.204840
-0.507568	0.096436	0.764404	-2.603053	1.038168	2.251908	3.212784
-0.507812	0.099609	0.776611	-2.526718	1.381679	2.129771	3.221382
-0.515381	0.092041	0.777832	-1.984733	1.335878	2.198473	3.229201
-0.513184	0.091064	0.773926	-2.106870	1.320611	2.236641	3.236933
-0.511230	0.097168	0.769531	-2.015267	1.183206	2.152672	3.244740
-0.517578	0.089844	0.781006	-2.679389	0.900763	1.610687	3.253465
-0.511230	0.092041	0.772949	-1.763359	0.244275	2.068702	3.261866
-0.502686	0.083008	0.749023	-2.526718	1.236641	1.167939	3.270295
-0.521973	0.099365	0.786133	-1.969466	1.687023	1.236641	3.278588
-0.513184	0.092773	0.788330	-2.725191	1.068702	1.206107	3.286767
-0.510010	0.083740	0.771973	-1.954198	1.442748	1.145038	3.295040
-0.521973	0.101807	0.775635	-1.381679	2.145038	0.870229	3.303328
-0.521973	0.101318	0.797119	-2.213740	2.030534	0.916031	3.311566
-0.516846	0.093018	0.787109	-2.160305	0.007634	0.557252	3.320057
-0.516357	0.104004	0.793701	-2.229008	1.984733	0.175573	3.328371
-0.518799	0.119141	0.788574	-3.022901	1.977099	0.664122	3.336871
-0.527588	0.102539	0.791260	-3.198473	1.694656	0.870229	3.345077
-0.524658	0.086670	0.801270	-2.717557	1.419847	0.893130	3.353495
-0.518311	0.098633	0.786133	-2.580153	1.312977	0.786260	3.361895
-0.512939	0.096191	0.788086	-2.450382	1.305344	0.908397	3.370423
-0.512939	0.088867	0.786377	-2.145038	1.458015	1.488550	3.378772
-0.515137	0.102783	0.786133	-1.877863	1.770992	1.435115	3.387180
-0.518311	0.097656	0.780518	-1.916031	1.671756	1.458015	3.395502
-0.518066	0.105957	0.789307	-1.847328	1.511450	1.809160	3.403847
-0.515869	0.102051	0.785156	-2.412214	1.335878	1.702290	3.412347
-0.521240	0.107178	0.781250	-2.786260	1.251908	1.900763	3.420405
-0.533203	0.108887	0.795166	-3.244275	1.160305	1.778626	3.428980
-0.524902	0.102783	0.797363	-4.251908	0.625954	2.030534	3.437278
-0.520996	0.087891	0.785156	-4.183206	0.396947	2.122137	3.445457
-0.512939	0.093506	0.775879	-3.595420	0.603053	2.412214	3.453860
-0.511719	0.087891	0.778076	-2.885496	1.206107	2.160305	3.462360
-0.518311	0.076172	0.777100	-2.038168	1.877863	2.091603	3.470903
-0.520020	0.089844	0.787842	-1.770992	1.618321	1.687023	3.479168
-0.514404	0.079102	0.788330	-1.519084	1.290076	1.572519	3.487471
-0.518799	0.102051	0.788818	-2.251908	1.038168	1.618321	3.495901
-0.518799	0.099609	0.807373	-3.068702	1.229008	1.824427	3.504046
-0.523193	0.093994	0.800049	-3.816794	0.480916	1.687023	3.512545
-0.515625	0.090820	0.779297	-4.206107	0.106870	1.694656	3.520439
-0.509033	0.093994	0.772705	-3.816794	1.229008	1.839695	3.528967
-0.510010	0.080811	0.781250	-3.396947	1.755725	1.702290	3.538010
-0.522217	0.080566	0.797607	-2.000000	1.541985	1.374046	3.546059
-0.511963	0.086670	0.788574	-2.030534	1.091603	1.274809	3.554204
-0.507080	0.093018	0.777832	-1.351145	1.282443	1.351145	3.562610
-0.514648	0.094482	0.782715	-2.061069	1.633588	1.465649	3.570590
-0.524414	0.090820	0.805664	-1.900763	1.305344	1.396947	3.579193
-0.527832	0.094482	0.802490	-2.442748	0.045802	1.221374	3.587557
-0.516846	0.079346	0.782227	-3.893130	-0.221374	1.145038	3.595221
-0.508301	0.089355	0.773926	-1.396947	0.641221	1.015267	3.603301
-0.506104	0.104736	0.775635	-1.213740	1.343511	1.221374	3.612167
-0.506592	0.102783	0.780518	-1.259542	1.763359	1.251908	3.620096
-0.516846	0.093018	0.796143	-1.351145	2.206107	1.358779	3.628029
-0.527832	0.100342	0.803711	-1.717557	2.145038	1.221374	3.636925
-0.516113	0.098389	0.799316	-1.656489	1.389313	1.610687	3.645354
-0.526611	0.105957	0.802734	-2.167939	0.664122	1.671756	3.653355
-0.525635	0.097900	0.780518	-2.106870	0.534351	2.030534	3.661135
-0.513916	0.089111	0.779297	-2.000000	0.427481	1.824427	3.668700
-0.515869	0.090332	0.769531	-1.000000	1.045802	2.244275	3.677229
-0.514160	0.086182	0.770752	-0.709924	1.694656	1.816794	3.685816
-0.514893	0.093506	0.788574	-0.328244	1.725191	1.450382	3.694166
-0.514404	0.094971	0.792725	-0.580153	1.603053	1.091603	3.702447
-0.518799	0.101074	0.779053	-0.816794	1.511450	1.198473	3.710658
-0.524902	0.098389	0.789795	-1.763359	1.480916	1.152672	3.719082
-0.522705	0.098877	0.796631	-1.824427	1.053435	1.122137	3.727160
-0.521973	0.091064	0.784180	-1.732824	0.687023	0.893130	3.735532
-0.516113	0.093750	0.765625	-0.961832	1.206107	1.106870	3.743823
-0.505859	0.103760	0.762939	-0.465649	1.618321	1.641221	3.752033
-0.508301	0.102539	0.779053	-0.740458	2.175573	1.595420	3.760300
-0.520752	0.101807	0.791992	-0.847328	2.312977	1.748092	3.768788
-0.528809	0.105957	0.802979	-1.656489	1.648855	1.488550	3.777160
-0.526123	0.096191	0.802734	-2.083969	0.732824	1.511450	3.785599
-0.520020	0.102295	0.783447	-2.870229	0.374046	1.404580	3.793794
-0.513428	0.097168	0.779053	-3.045802	0.816794	1.435115	3.802264
-0.512451	0.088135	0.775879	-3.091603	0.961832	1.549618	3.810442
-0.508301	0.081787	0.764648	-1.801527	1.496183	1.229008	3.818754
-0.517822	0.103516	0.780029	-1.328244	2.106870	1.450382	3.826899
-0.522217	0.106201	0.797607	-1.748092	1.274809	1.687023	3.835369
-0.525146	0.083740	0.787842	-1.778626	1.358779	1.343511	3.843970
-0.519043	0.094727	0.785400	-1.648855	1.167939	1.045802	3.852364
-0.512695	0.100586	0.773682	-2.038168	1.679389	1.160305	3.860525
-0.520020	0.095947	0.777344	-2.717557	1.679389	1.366412	3.868821
-0.520264	0.085938	0.780273	-2.458015	1.717557	1.282443	3.877003
-0.517334	0.089600	0.765625	-1.335878	1.770992	1.175573	3.885531
-0.520996	0.100342	0.787109	-1.473282	2.198473	1.297710	3.893829
-0.520020	0.095947	0.780029	-1.648855	1.923664	1.358779	3.902057
-0.519531	0.096924	0.791992	-1.992366	1.610687	1.190840	3.910331
-0.532227	0.102295	0.803711	-1.870229	1.145038	1.435115	3.918706
-0.523193	0.101562	0.781982	-1.954198	0.816794	1.312977	3.926895
-0.519531	0.104004	0.780518	-2.519084	0.839695	1.198473	3.935162
-0.511475	0.100830	0.775635	-2.824427	1.175573	1.404580	3.943632
-0.514160	0.096191	0.771484	-2.687023	1.297710	1.526718	3.952028
-0.526611	0.092285	0.788574	-2.503817	1.396947	1.557252	3.960169
-0.525391	0.086182	0.789795	-2.038168	1.091603	1.328244	3.968410
-0.521729	0.090820	0.779785	-1.801527	1.015267	1.312977	3.976546
-0.519775	0.085938	0.770020	-1.648855	1.732824	0.977099	3.984968
-0.523682	0.091553	0.783203	-1.442748	2.267176	1.137405	3.993142
-0.525879	0.098389	0.797852	-1.396947	1.946565	1.007634	4.001629
-0.521240	0.098877	0.791504	-1.519084	1.442748	1.045802	4.009874
-0.527100	0.105713	0.795410	-1.152672	1.045802	1.022901	4.017911
-0.524658	0.104980	0.809082	-1.931298	0.297710	1.419847	4.026110
-0.526855	0.090332	0.789062	-1.328244	-0.343511	2.045802	4.034033
-0.518311	0.086914	0.774902	-0.969466	-0.511450	1.847328	4.041675
-0.518799	0.087646	0.787598	-0.053435	-0.099237	1.519084	4.049311
-0.510010	0.093506	0.779541	0.091603	-0.358779	1.755725	4.056861
-0.503906	0.096436	0.780762	-0.374046	0.297710	1.419847	4.065543
-0.512695	0.102539	0.776611	-1.007634	1.068702	1.137405	4.073780
-0.518799	0.100830	0.799561	-1.648855	1.320611	1.175573	4.082379
-0.517090	0.101074	0.795410	-1.862595	0.763359	1.351145	4.090753
-0.512695	0.101807	0.775391	-2.038168	1.129771	1.374046	4.098950
-0.519043	0.098389	0.763916	-1.946565	1.282443	1.748092	4.107223
-0.512207	0.090820	0.755127	-1.572519	1.709924	1.618321	4.115574
-0.517822	0.097900	0.755859	-0.496183	2.648855	1.274809	4.124287
-0.516357	0.101807	0.769531	-1.022901	3.175573	1.206107	4.132300
-0.522949	0.097168	0.778809	-1.687023	2.893130	1.229008	4.140702
-0.520752	0.106934	0.789551	-1.916031	2.480916	1.328244	4.149189
-0.528564	0.098633	0.792236	-2.786260	2.473282	1.389313	4.157698
-0.524658	0.088379	0.790527	-3.038168	1.763359	1.458015	4.165754
-0.523682	0.085205	0.783691	-2.938931	1.320611	1.206107	4.174036
-0.510254	0.071289	0.771973	-2.000000	1.412214	0.732824	4.182618
-0.513184	0.076172	0.775879	-1.114504	1.954198	0.496183	4.190838
-0.509033	0.083252	0.764893	-0.496183	2.229008	0.343511	4.199021
-0.515625	0.095947	0.767334	0.038168	2.190840	0.465649	4.207785
-0.522217	0.099854	0.787354	-0.061069	2.244275	0.450382	4.216507
-0.512939	0.099854	0.785156	-0.725191	1.702290	0.526718	4.224806
-0.514648	0.109863	0.777100	-0.763359	1.954198	0.488550	4.233052
-0.519043	0.118164	0.782227	-1.908397	2.167939	0.763359	4.241350
-0.527832	0.110107	0.786621	-2.312977	1.954198	1.267176	4.249595
-0.531006	0.101562	0.792480	-2.519084	1.519084	1.496183	4.258091
-0.523193	0.103760	0.785400	-2.061069	0.801527	2.053435	4.266419
-0.519043	0.075684	0.770264	-1.717557	0.694656	1.885496	4.274512
-0.517822	0.075195	0.750977	-0.435115	1.190840	0.969466	4.283124
-0.516357	0.092773	0.756104	-0.381679	2.038168	0.717557	4.291363
-0.519531	0.090820	0.760742	-0.473282	2.435115	0.473282	4.299058
-0.519531	0.099609	0.763916	0.007634	2.633588	0.145038	4.306886
-0.517822	0.123047	0.763184	-0.938931	2.885496	0.221374	4.315427
-0.522217	0.136963	0.780762	-3.335878	3.351145	0.206107	4.323442
-0.516357	0.122559	0.795898	-4.992366	3.175573	0.816794	4.332040
-0.527100	0.116211	0.794922	-5.984733	2.412214	1.122137	4.340129
-0.523926	0.104248	0.795166	-6.038168	2.045802	1.244275	4.348665
-0.530273	0.084961	0.802490	-5.748092	2.206107	1.473282	4.356958
-0.531250	0.087402	0.806396	-4.702290	1.603053	1.404580	4.365293
-0.529297	0.093750	0.819824	-5.343511	0.893130	0.809160	4.373494
-0.545410	0.087158	0.798828	-3.755725	-1.954198	1.610687	4.381838
-0.520996	0.091309	0.791992	-3.961832	0.442748	0.832061	4.390360
-0.525635	0.093262	0.782471	-3.076336	0.160305	1.610687	4.398888
-0.509521	0.063721	0.775391	-3.656489	0.534351	0.580153	4.407203
-0.524170	0.083008	0.782715	0.000000	1.732824	0.648855	4.415451
-0.517090	0.107666	0.788330	-1.755725	1.870229	0.732824	4.423627
-0.528076	0.100342	0.804199	-2.450382	2.190840	1.206107	4.432232
-0.522217	0.074219	0.795654	-2.473282	1.526718	0.404580	4.440403
-0.532227	0.092041	0.800293	-0.137405	2.007634	0.442748	4.448975
-0.533936	0.115479	0.804932	-1.801527	1.587786	0.977099	4.457025
-0.537842	0.099854	0.812988	-2.412214	0.816794	1.519084	4.465481
-0.536865	0.080566	0.815918	-1.832061	-0.335878	1.122137	4.473861
-0.525146	0.099121	0.793701	-0.763359	-0.259542	1.007634	4.482283
-0.516846	0.108643	0.778809	-1.137405	0.671756	1.389313	4.490701
-0.524170	0.093018	0.790039	-1.847328	0.778626	1.396947	4.499182
-0.532471	0.084229	0.795166	-0.419847	0.160305	1.580153	4.507857
-0.521484	0.095703	0.765869	-0.381679	0.236641	1.221374	4.518190
-0.525146	0.100586	0.792480	-0.458015	0.404580	1.503817	4.526262
-0.528320	0.086914	0.797119	-0.801527	-0.137405	1.412214	4.534720
-0.522461	0.088623	0.778564	-0.175573	-0.099237	1.183206	4.543020
-0.514648	0.109863	0.772949	-0.129771	0.412214	1.198473	4.551567
-0.520020	0.109375	0.777344	-0.977099	1.068702	1.656489	4.559760
-0.528076	0.093506	0.807373	-1.396947	0.816794	1.671756	4.568151
-0.522461	0.098633	0.802979	-1.404580	0.274809	1.496183	4.576443
-0.529785	0.100098	0.787842	-1.793893	-0.083969	1.801527	4.584709
-0.525879	0.094238	0.785889	-1.809160	-0.290076	1.748092	4.592672
-0.519043	0.091064	0.778809	-1.381679	-0.366412	1.847328	4.601592
-0.517090	0.083496	0.783203	-0.770992	-0.503817	1.618321	4.609962
-0.508301	0.100830	0.765869	-0.167939	-0.053435	1.358779	4.618211
-0.515625	0.103760	0.780273	-0.748092	0.503817	1.458015	4.626423
-0.518555	0.096680	0.789795	-1.106870	1.061069	1.160305	4.635174
-0.516602	0.103271	0.785889	-1.114504	0.709924	0.992366	4.643470
-0.523193	0.107422	0.780273	-1.480916	0.870229	1.045802	4.651720
-0.529297	0.103271	0.781006	-2.068702	0.847328	1.267176	4.659716
-0.524414	0.094727	0.781494	-2.610687	0.366412	1.351145	4.668134
-0.521240	0.098145	0.782227	-2.328244	0.412214	1.328244	4.676161
-0.517334	0.103516	0.777588	-1.480916	0.526718	1.755725	4.684384
-0.515137	0.101807	0.771484	-1.877863	0.641221	1.511450	4.692997
-0.523682	0.096191	0.773438	-1.198473	1.366412	1.824427	4.701373
-0.526123	0.108887	0.783203	-1.526718	1.267176	1.809160	4.709728
-0.526855	0.100830	0.786865	-1.648855	1.106870	1.900763	4.718090
-0.524170	0.098389	0.772461	-2.358779	1.022901	1.679389	4.726558
-0.528564	0.109131	0.786377	-2.351145	0.435115	1.549618	4.735277
-0.533203	0.096924	0.802002	-3.099237	-0.412214	1.305344	4.743486
-0.522217	0.090332	0.784180	-2.870229	-1.328244	1.198473	4.751708
-0.509033	0.102539	0.761963	-3.007634	-0.847328	0.977099	4.760126
-0.505371	0.107666	0.769775	-2.648855	0.679389	1.633588	4.768424
-0.516846	0.098145	0.773926	-1.893130	0.954198	1.625954	4.776507
-0.530518	0.097900	0.784424	-1.030534	1.122137	1.725191	4.784994
-0.521729	0.100342	0.788330	-0.809160	0.412214	1.908397	4.793395
-0.517090	0.098877	0.797607	-0.862595	0.305344	1.908397	4.801820
-0.512207	0.106201	0.795410	-1.213740	-0.213740	1.877863	4.810193
-0.516846	0.101318	0.779785	-1.564885	-0.343511	1.885496	4.818504
-0.510742	0.104004	0.775146	-2.190840	-0.122137	1.564885	4.826768
-0.516602	0.092285	0.771240	-2.061069	0.748092	1.526718	4.835233
-0.516113	0.090332	0.787109	-1.969466	0.717557	1.167939	4.843777
-0.523193	0.097656	0.783203	-1.030534	1.221374	1.122137	4.851683
-0.524414	0.093262	0.783203	-0.503817	1.129771	1.221374	4.860075
-0.527344	0.091553	0.776123	0.198473	1.061069	0.900763	4.868319
-0.521484	0.102783	0.782227	0.916031	1.419847	0.786260	4.876613
-0.529297	0.109131	0.780273	0.580153	2.206107	0.854962	4.885008
-0.526855	0.113281	0.794189	0.320611	2.083969	0.984733	4.892735
-0.532227	0.112061	0.802734	-0.282443	1.877863	1.152672	4.901429
-0.528076	0.118896	0.816406	-0.702290	1.190840	1.351145	4.909735
-0.517578	0.122070	0.811035	-1.458015	0.343511	1.671756	4.917990
-0.517822	0.120117	0.817627	-2.061069	-0.206107	1.816794	4.926294
-0.520264	0.111816	0.807373	-1.755725	-0.610687	2.458015	4.934420
-0.517334	0.107178	0.797852	-1.099237	-0.893130	2.816794	4.942325
-0.509766	0.100098	0.767578	-0.053435	-1.175573	3.351145	4.950536
-0.508301	0.101318	0.750488	1.000000	-0.251908	3.946565	4.958957
-0.511963	0.101562	0.764160	0.419847	0.114504	3.648855	4.967287
-0.528809	0.097656	0.753662	0.618321	-0.053435	3.725191	4.975551
-0.525879	0.098877	0.750000	-1.137405	0.122137	2.778626	4.984022
-0.529297	0.103516	0.743164	-2.129771	0.099237	2.236641	4.992276
-0.516602	0.096436	0.747314	-2.870229	0.595420	3.511450	5.000774
-0.506104	0.082031	0.731934	-6.221374	1.473282	1.152672	5.009149
-0.509766	0.077881	0.754395	-2.946565	2.129771	2.282443	5.017560
-0.512939	0.066406	0.752686	-2.679389	2.198473	0.969466	5.025970
-0.505859	0.070068	0.743652	0.137405	2.290076	1.335878	5.034410
-0.500000	0.090332	0.733887	1.580153	2.137405	1.862595	5.042717
-0.505615	0.107178	0.731934	2.687023	2.541985	2.351145	5.051400
-0.507568	0.078369	0.728271	3.580153	2.145038	2.702290	5.059396
-0.518066	0.072021	0.730225	4.702290	2.648855	2.343511	5.067753
-0.510986	0.082764	0.702393	5.625954	2.145038	1.740458	5.076196
-0.495605	0.095947	0.687012	5.175573	3.458015	0.725191	5.084686
-0.501221	0.121338	0.708984	2.496183	5.496183	-0.427481	5.092973
-0.524414	0.141846	0.755859	-3.671756	6.664122	-1.267176	5.101604
-0.537354	0.129395	0.802979	-8.961832	5.694656	-1.618321	5.110161
-0.541992	0.108398	0.799072	-11.908397	4.351145	-1.717557	5.118598
-0.535400	0.091064	0.788818	-12.068702	3.977099	-1.709924	5.126903
-0.526855	0.073486	0.775146	-9.961832	3.931298	-0.870229	5.135465
-0.524170	0.073486	0.760010	-6.297710	3.893130	-0.305344	5.143328
-0.513184	0.071045	0.765381	-2.274809	5.053435	0.183206	5.151576
-0.522217	0.093506	0.791748	0.595420	5.832061	0.435115	5.160066
-0.535645	0.096436	0.807373	1.633588	5.694656	0.946565	5.167993
-0.538330	0.117920	0.825439	0.419847	4.541985	0.954198	5.176513
-0.534424	0.122559	0.821045	-2.167939	4.251908	0.793893	5.184853
-0.529053	0.110107	0.802002	-5.022901	4.038168	0.717557	5.193177
-0.532715	0.104492	0.813477	-6.862595	4.015267	0.862595	5.201464
-0.536133	0.086426	0.815186	-7.022901	3.854962	0.709924	5.209928
-0.533936	0.064209	0.815186	-6.267176	3.854962	0.572519	5.218331
-0.530518	0.065186	0.816406	-3.297710	3.297710	0.488550	5.226667
-0.535156	0.077148	0.831787	-1.282443	2.755725	0.595420	5.235183
-0.539062	0.085205	0.816406	-0.549618	2.175573	0.717557	5.243427
-0.531738	0.080811	0.822021	0.076336	1.183206	0.465649	5.251921
-0.521973	0.093750	0.808594	0.755725	0.954198	0.290076	5.260142
-0.524414	0.119141	0.802002	0.076336	0.946565	0.625954	5.268887
-0.531738	0.098877	0.806885	-1.366412	0.847328	0.801527	5.277120
-0.516602	0.094727	0.791016	-1.206107	1.366412	0.442748	5.285495
-0.521729	0.105225	0.770264	-1.099237	2.114504	0.458015	5.293880
-0.529785	0.106689	0.786133	-1.366412	2.282443	0.717557	5.302107
-0.531250	0.104492	0.801758	-1.541985	2.458015	0.916031	5.310373
-0.526123	0.109131	0.792480	-1.251908	2.282443	1.038168	5.318886
-0.533936	0.111816	0.784668	-0.938931	2.106870	1.343511	5.327278
-0.543213	0.097900	0.797363	-0.931298	1.832061	1.511450	5.335635
-0.538574	0.097168	0.803711	-1.038168	1.328244	1.290076	5.343846
-0.531494	0.096191	0.784668	-0.885496	1.038168	1.389313	5.352357
-0.533447	0.099609	0.787354	-0.183206	1.229008	1.702290	5.360583
-0.534424	0.110840	0.801758	-0.458015	0.687023	1.664122	5.368732
-0.527100	0.095459	0.804199	-0.687023	0.480916	1.526718	5.377253
-0.529053	0.107666	0.795654	-0.198473	0.740458	1.648855	5.385710
-0.526855	0.110840	0.807129	-0.625954	0.679389	1.862595	5.393944
-0.522705	0.104248	0.797607	-1.190840	0.603053	2.068702	5.402414
-0.532471	0.094971	0.791992	-1.358779	0.580153	1.908397	5.410551
-0.527588	0.091064	0.795410	-1.198473	0.297710	1.763359	5.418395
-0.522461	0.097900	0.788330	-0.885496	0.282443	1.870229	5.426561
-0.526123	0.101318	0.788574	-0.312977	-0.091603	2.061069	5.434959
-0.531250	0.105713	0.790039	0.114504	0.335878	2.015267	5.443533
-0.533447	0.114990	0.783691	0.045802	0.038168	2.404580	5.451708
-0.523926	0.113037	0.782471	-0.549618	1.931298	2.412214	5.460030
-0.514404	0.106689	0.792969	-0.305344	0.099237	2.839695	5.468063
-0.518555	0.108398	0.777344	-0.343511	-0.145038	2.816794	5.475849
-0.530762	0.104980	0.787842	-1.015267	-0.648855	2.870229	5.483725
-0.523682	0.096924	0.778320	-1.229008	-1.251908	3.061069	5.491291
-0.518311	0.094482	0.767334	-1.221374	-1.022901	2.541985	5.498998
-0.530518	0.100586	0.762207	-0.687023	-0.625954	2.648855	5.506502
-0.517090	0.103271	0.759766	-1.427481	-0.213740	2.656489	5.514515
-0.527100	0.089355	0.767578	-1.763359	0.328244	2.083969	5.523484
-0.534180	0.091064	0.768311	-1.618321	0.244275	1.664122	5.531998
-0.528320	0.099365	0.764648	-1.854962	0.358779	1.396947	5.540472
-0.531982	0.096191	0.771484	-2.122137	-0.053435	1.847328	5.548940
-0.521484	0.090820	0.762207	-1.664122	-1.946565	1.992366	5.557597
-0.521484	0.086182	0.761963	-0.809160	0.312977	2.038168	5.565696
-0.517578	0.090576	0.758057	-0.335878	0.595420	1.870229	5.573961
-0.511230	0.095459	0.750244	0.366412	0.496183	1.702290	5.581851
-0.521973	0.099854	0.750977	0.396947	1.374046	1.595420	5.589943
-0.523193	0.107422	0.779297	-0.152672	1.557252	1.564885	5.597681
-0.524658	0.106445	0.790771	-1.389313	0.770992	1.114504	5.606987
-0.517334	0.108154	0.751953	-1.687023	0.755725	1.000000	5.615410
-0.515137	0.111816	0.753174	-2.198473	1.175573	1.351145	5.623810
-0.501221	0.108398	0.771729	-2.786260	1.427481	1.603053	5.632198
-0.520752	0.099609	0.778564	-2.572519	1.458015	1.496183	5.640673
-0.526123	0.095947	0.766846	-1.893130	0.824427	1.213740	5.649159
-0.525879	0.104736	0.772461	-1.374046	0.725191	1.114504	5.657545
-0.529053	0.104736	0.772705	-1.427481	0.519084	1.396947	5.665868
-0.525146	0.104492	0.770996	-2.175573	0.633588	1.427481	5.674374
-0.528076	0.092773	0.772705	-2.114504	0.755725	1.328244	5.682807
-0.525635	0.089600	0.759277	-1.687023	1.152672	1.259542	5.691301
-0.518311	0.093506	0.763428	-2.122137	1.717557	1.106870	5.699582
-0.522705	0.093994	0.767822	-2.450382	2.297710	1.099237	5.707920
-0.532227	0.089600	0.780029	-2.435115	2.435115	0.732824	5.716282
-0.531738	0.093506	0.783203	-2.244275	2.450382	0.312977	5.724619
-0.530518	0.095215	0.782959	-1.954198	2.282443	0.091603	5.733056
-0.522461	0.100586	0.785645	-2.007634	2.404580	0.366412	5.741364
-0.531006	0.086182	0.783691	-1.465649	2.030534	0.206107	5.749736
-0.533447	0.097168	0.778076	0.160305	2.175573	-0.206107	5.757998
-0.526855	0.112061	0.769775	0.572519	2.198473	-0.412214	5.766290
-0.521240	0.115479	0.779785	0.396947	2.564885	0.030534	5.774423
-0.526367	0.126465	0.781738	-0.465649	2.503817	0.824427	5.782544
-0.538574	0.127686	0.796631	-1.152672	2.061069	0.923664	5.790357
-0.543213	0.121338	0.802979	-1.595420	1.648855	0.977099	5.798043
-0.539795	0.114746	0.797607	-2.267176	0.870229	1.206107	5.805616
-0.532471	0.115723	0.775635	-2.526718	0.503817	1.381679	5.813249
-0.536133	0.093018	0.768311	-1.786260	0.839695	1.267176	5.820795
-0.527100	0.094482	0.767578	-0.786260	1.473282	1.145038	5.829972
-0.526611	0.097168	0.762695	-0.297710	1.702290	1.343511	5.838373
-0.523438	0.105957	0.767822	-0.282443	2.389313	1.167939	5.846771
-0.530762	0.112793	0.782959	-0.824427	2.251908	1.000000	5.855102
-0.536621	0.112305	0.789307	-1.374046	1.908397	0.816794	5.863061
-0.528809	0.104980	0.789307	-1.603053	1.526718	0.916031	5.871629
-0.527588	0.103027	0.774414	-2.106870	1.740458	1.083969	5.880014
-0.525879	0.106934	0.787109	-2.450382	1.717557	1.206107	5.888510
-0.537842	0.100098	0.792236	-1.832061	1.198473	0.847328	5.896874
-0.523193	0.094482	0.785889	-0.511450	0.984733	0.572519	5.904977
-0.523682	0.107422	0.767334	-0.038168	0.748092	0.954198	5.913461
-0.518555	0.110596	0.776611	-0.389313	0.961832	0.725191	5.921802
-0.525635	0.112061	0.790527	-0.656489	1.145038	0.709924	5.930252
-0.530518	0.113037	0.796387	-1.404580	0.923664	0.824427	5.938680
-0.529785	0.113525	0.784912	-1.877863	0.641221	0.519084	5.947036
-0.532471	0.112061	0.775391	-1.610687	1.000000	0.770992	5.955271
-0.529785	0.098145	0.781982	-1.053435	0.870229	0.732824	5.963710
-0.523926	0.098389	0.774170	-0.190840	1.045802	0.648855	5.972091
-0.527344	0.108398	0.771484	-0.137405	1.297710	0.603053	5.980472
-0.536377	0.116455	0.772949	0.213740	1.381679	0.992366	5.988937
-0.531006	0.118408	0.777100	0.183206	1.511450	1.061069	5.997494
-0.534180	0.128906	0.789062	-0.106870	1.038168	1.190840	6.005635
-0.546387	0.122314	0.776611	-1.267176	0.809160	1.389313	6.013850
-0.535156	0.115479	0.782959	-1.969466	0.625954	1.312977	6.022241
-0.537354	0.115479	0.784912	-2.458015	0.137405	1.954198	6.030829
-0.530518	0.114990	0.783203	-2.618321	-0.175573	2.053435	6.039279
-0.530762	0.109619	0.777832	-2.473282	-0.068702	2.343511	6.047891
-0.524414	0.105957	0.769775	-2.297710	-0.167939	2.450382	6.056383
-0.523438	0.102295	0.771729	-1.618321	-0.068702	2.190840	6.064708
-0.528076	0.100830	0.764160	-1.236641	0.648855	2.038168	6.073103
-0.528809	0.101318	0.782471	-1.458015	0.793893	2.099237	6.081262
-0.531006	0.097412	0.791992	-1.709924	0.618321	2.061069	6.089942
-0.526611	0.099854	0.781982	-1.763359	0.213740	2.015267	6.098310
-0.529785	0.101562	0.776123	-1.801527	0.167939	1.709924	6.106516
-0.521240	0.107178	0.755859	-1.404580	0.320611	1.381679	6.115093
-0.525391	0.102051	0.771240	-1.145038	0.916031	1.221374	6.123760
-0.521973	0.103271	0.765869	-0.847328	1.167939	1.213740	6.132397
-0.524902	0.108398	0.775879	-0.732824	1.145038	1.526718	6.140735
-0.529541	0.110107	0.788330	-1.206107	0.786260	1.656489	6.149269
-0.524170	0.116455	0.784424	-1.419847	0.480916	1.648855	6.157601
-0.520752	0.111572	0.768066	-2.183206	0.473282	1.748092	6.166080
-0.514648	0.106934	0.769531	-1.946565	0.480916	1.763359	6.174574
-0.522705	0.099609	0.762207	-2.206107	0.580153	1.877863	6.183000
-0.530029	0.102783	0.774902	-1.656489	1.190840	1.854962	6.191406
-0.526123	0.097412	0.782715	-1.137405	0.748092	1.748092	6.199886
-0.527344	0.107910	0.773682	-1.076336	0.595420	1.557252	6.208283
-0.518799	0.109131	0.776611	-1.099237	0.580153	1.641221	6.216295
-0.525391	0.110352	0.780273	-1.702290	0.564885	1.595420	6.224055
-0.523682	0.111328	0.777832	-2.282443	0.473282	1.519084	6.232517
-0.523682	0.103271	0.776123	-2.396947	0.335878	1.129771	6.240972
-0.523193	0.104248	0.765869	-1.946565	0.694656	1.076336	6.249390
-0.528076	0.117920	0.764648	-2.083969	0.717557	1.458015	6.257706
-0.524414	0.109619	0.772705	-2.137405	0.732824	1.748092	6.265894
-0.525879	0.102051	0.763184	-1.862595	0.748092	1.625954	6.274266
-0.521729	0.103027	0.759521	-1.618321	1.030534	1.458015	6.282561
-0.522461	0.116211	0.768555	-1.633588	1.503817	1.732824	6.291070
-0.526855	0.108643	0.780029	-1.900763	1.870229	1.770992	6.299452
-0.525879	0.109619	0.776611	-2.061069	0.984733	1.748092	6.308096
-0.533203	0.113525	0.781982	-1.885496	1.229008	1.763359	6.316402
-0.529053	0.111328	0.786865	-2.183206	0.938931	1.816794	6.324690
-0.530518	0.099854	0.775146	-2.175573	0.572519	1.770992	6.333288
-0.513184	0.107910	0.762207	-1.801527	0.473282	1.595420	6.341564
-0.516602	0.115479	0.760986	-1.618321	1.206107	1.763359	6.349919
-0.521973	0.114502	0.776611	-1.977099	1.320611	1.618321	6.358321
-0.526611	0.119629	0.780273	-2.465649	1.442748	1.595420	6.366568
-0.528809	0.120117	0.778320	-2.557252	1.496183	1.534351	6.374901
-0.533203	0.109131	0.793457	-2.809160	0.984733	1.541985	6.383211
-0.523438	0.109863	0.778076	-2.618321	0.877863	1.496183	6.391282
-0.522705	0.104980	0.766846	-2.076336	1.435115	1.587786	6.399775
-0.521240	0.102295	0.766113	-1.786260	1.870229	1.702290	6.408047
-0.525879	0.104248	0.779297	-1.664122	1.900763	1.931298	6.416452
-0.526855	0.115479	0.772705	-1.824427	1.396947	2.198473	6.424721
-0.529785	0.107666	0.770508	-2.206107	1.106870	2.160305	6.433523
-0.531006	0.105469	0.785400	-2.480916	1.106870	1.977099	6.441972
-0.524902	0.114502	0.778076	-3.190840	0.931298	1.824427	6.450425
-0.520752	0.104004	0.764893	-3.503817	0.839695	1.793893	6.458798
-0.519531	0.099854	0.768555	-3.259542	1.442748	1.549618	6.467198
-0.517822	0.101074	0.768066	-3.061069	1.770992	1.427481	6.475444
-0.524170	0.099854	0.776611	-2.770992	1.923664	1.259542	6.484016
-0.534424	0.101562	0.790039	-2.595420	1.603053	1.427481	6.492259
-0.524414	0.102783	0.776855	-2.328244	1.190840	1.503817	6.500745
-0.520996	0.119385	0.793701	-2.748092	0.877863	1.961832	6.510922
-0.530029	0.107422	0.790283	-2.847328	1.145038	2.114504	6.520158
-0.534668	0.101562	0.782959	-2.839695	0.893130	2.221374	6.528623
-0.522949	0.107178	0.789307	-2.656489	0.931298	2.374046	6.537058
-0.527588	0.101318	0.772461	-3.076336	0.839695	2.526718	6.545431
-0.528320	0.097168	0.781738	-2.534351	0.572519	2.236641	6.554051
-0.523193	0.091553	0.777832	-2.099237	0.557252	2.007634	6.562515
-0.525146	0.095459	0.763184	-2.137405	0.687023	1.916031	6.570836
-0.519043	0.091797	0.760498	-2.007634	1.290076	1.847328	6.579359
-0.518066	0.094238	0.775879	-1.442748	2.022901	1.709924	6.587686
-0.519043	0.104248	0.781250	-1.213740	2.007634	1.595420	6.595917
-0.528809	0.101074	0.789062	-0.916031	1.938931	1.816794	6.604310
-0.532227	0.106445	0.784668	-1.061069	1.305344	2.000000	6.612753
-0.532471	0.112061	0.793945	-1.496183	0.786260	1.961832	6.621017
-0.527344	0.104248	0.793701	-1.923664	0.427481	1.946565	6.629394
-0.525635	0.096680	0.794434	-2.374046	0.129771	1.824427	6.638166
-0.516602	0.096436	0.780273	-2.473282	-0.076336	1.954198	6.646489
-0.525879	0.095947	0.780518	-2.259542	0.450382	1.824427	6.654989
-0.517578	0.096924	0.775146	-2.374046	0.396947	1.816794	6.663401
-0.528076	0.093262	0.778320	-2.503817	0.389313	3.900763	6.671666
-0.526123	0.084717	0.781738	-2.190840	0.679389	1.595420	6.679804
-0.527832	0.087891	0.752441	-2.580153	0.694656	1.129771	6.688622
-0.528564	0.086914	0.757568	-2.488550	0.503817	0.381679	6.696611
-0.524658	0.084717	0.760010	-2.251908	1.175573	0.221374	6.705239
-0.523193	0.091797	0.764648	-1.648855	1.908397	0.099237	6.713673
-0.525879	0.104980	0.766113	-2.053435	2.404580	0.251908	6.721914
-0.528809	0.095703	0.784912	-1.900763	2.671756	0.015267	6.730381
-0.534424	0.091309	0.795410	-1.587786	2.312977	-0.389313	6.738934
-0.537354	0.105225	0.790527	-1.106870	1.885496	-0.236641	6.747362
-0.540039	0.114746	0.789551	-1.259542	1.748092	-0.061069	6.755712
-0.533691	0.108154	0.805664	-1.190840	1.068702	0.152672	6.764066
-0.530762	0.104736	0.797363	-1.213740	0.519084	0.000000	6.772416
-0.529541	0.112793	0.778320	-1.068702	0.572519	0.244275	6.780574
-0.530518	0.120850	0.783447	-1.297710	0.755725	0.519084	6.789142
-0.527100	0.115234	0.782227	-1.725191	0.633588	0.679389	6.797212
-0.537354	0.113281	0.788818	-1.534351	0.450382	0.656489	6.805762
-0.536133	0.115967	0.780273	-1.419847	0.274809	0.969466	6.814090
-0.526611	0.115479	0.782959	-1.900763	0.419847	1.175573	6.822442
-0.532715	0.114990	0.785889	-2.083969	0.305344	1.374046	6.830826
-0.527344	0.104980	0.784424	-1.541985	-0.206107	1.541985	6.839434
-0.528809	0.102295	0.774902	-1.206107	-0.106870	1.564885	6.847768
-0.526611	0.096924	0.771240	-0.519084	0.229008	1.595420	6.855999
-0.527100	0.099854	0.766602	0.145038	0.496183	1.526718	6.863903
-0.526367	0.111572	0.755127	0.824427	1.106870	1.786260	6.872042
-0.523438	0.119141	0.761719	0.480916	1.511450	1.572519	6.879894
-0.534180	0.121582	0.792725	-0.427481	1.381679	1.595420	6.889046
-0.537354	0.124268	0.785400	-1.351145	0.740458	1.526718	6.897093
-0.528320	0.124023	0.782715	-2.045802	0.549618	1.671756	6.905494
-0.521973	0.118408	0.780762	-2.595420	0.603053	1.992366	6.913976
-0.524170	0.115479	0.772949	-3.137405	0.580153	2.099237	6.922375
-0.527832	0.104248	0.764404	-3.137405	0.687023	1.900763	6.930972
-0.528076	0.088379	0.761230	-2.160305	0.465649	2.007634	6.939428
-0.521484	0.094482	0.771240	-0.854962	0.870229	1.603053	6.947782
-0.519775	0.100342	0.771973	-0.931298	0.793893	1.374046	6.956184
-0.518799	0.112549	0.761230	-1.053435	1.374046	1.442748	6.964523
-0.520508	0.103271	0.775391	-1.305344	1.473282	1.351145	6.972884
-0.525879	0.114502	0.773682	-1.496183	1.564885	1.206107	6.981330
-0.520508	0.125488	0.775146	-2.702290	1.190840	1.305344	6.989540
-0.523682	0.111084	0.771973	-3.213740	0.702290	1.435115	6.997895
-0.519043	0.113525	0.763428	-2.396947	1.435115	1.595420	7.006171
-0.524170	0.113281	0.773438	-2.503817	1.526718	1.656489	7.014441
-0.531494	0.100830	0.777100	-2.870229	1.297710	1.992366	7.022901
-0.539551	0.098633	0.791992	-2.305344	0.312977	1.786260	7.031382
-0.528564	0.104736	0.776611	-1.786260	-0.045802	1.557252	7.039472
-0.516602	0.115967	0.780273	-2.091603	0.633588	1.610687	7.048030
-0.523682	0.105957	0.780518	-2.557252	1.000000	1.625954	7.056381
-0.527832	0.100342	0.774170	-2.511450	0.473282	1.702290	7.065024
-0.518555	0.107666	0.767334	-2.068702	0.717557	1.580153	7.073405
-0.525635	0.114258	0.769043	-2.083969	1.396947	1.557252	7.081976
-0.525146	0.110596	0.779053	-2.610687	1.549618	1.908397	7.090282
-0.524658	0.096436	0.780029	-2.335878	1.381679	1.770992	7.098661
-0.523682	0.103271	0.765381	-1.916031	1.748092	1.725191	7.106554
-0.524170	0.105469	0.777344	-2.274809	2.000000	1.541985	7.115112
-0.524170	0.105469	0.776611	-2.450382	2.106870	1.603053	7.123436
-0.525391	0.095459	0.780273	-2.488550	1.519084	1.625954	7.131844
-0.531006	0.101807	0.782227	-2.412214	1.732824	1.519084	7.140053
-0.533691	0.098877	0.791748	-2.458015	1.603053	1.229008	7.148730
-0.526367	0.103271	0.784668	-2.328244	1.320611	1.320611	7.157108
-0.521973	0.104248	0.777344	-2.290076	1.167939	1.488550	7.165579
-0.525391	0.109131	0.786865	-2.343511	1.427481	1.358779	7.173837
-0.530029	0.108398	0.787598	-2.167939	0.984733	1.404580	7.182451
-0.534912	0.117432	0.792969	-2.748092	0.076336	1.496183	7.190600
-0.528809	0.100098	0.789062	-3.061069	0.114504	1.541985	7.199146
-0.519287	0.111084	0.779297	-2.938931	0.114504	1.854962	7.207437
-0.519775	0.101562	0.777588	-2.931298	0.404580	1.847328	7.216300
-0.528809	0.098145	0.773682	-3.061069	0.923664	1.992366	7.224688
-0.517090	0.088135	0.767090	-2.213740	1.114504	1.633588	7.233098
-0.518799	0.092285	0.769043	-1.145038	1.717557	1.458015	7.241316
-0.523438	0.099854	0.766357	-1.458015	2.167939	1.427481	7.249599
-0.527832	0.092041	0.780273	-1.496183	1.900763	1.358779	7.257940
-0.534180	0.089355	0.775391	-1.343511	1.908397	1.366412	7.266250
-0.525635	0.102539	0.792969	-1.480916	1.229008	0.893130	7.274672
-0.525879	0.107422	0.795410	-2.022901	1.106870	0.946565	7.283118
-0.521240	0.108398	0.769043	-2.625954	1.213740	1.198473	7.291262
-0.527100	0.102783	0.788818	-2.572519	1.534351	1.320611	7.299735
-0.532715	0.103760	0.794434	-2.351145	0.740458	1.297710	7.307846
-0.528320	0.106689	0.788330	-2.297710	0.251908	1.267176	7.316487
-0.534424	0.100830	0.767334	-2.381679	0.465649	1.503817	7.324856
-0.525146	0.097412	0.775146	-1.740458	0.717557	1.427481	7.333284
-0.526611	0.095703	0.770020	-1.412214	0.923664	1.297710	7.341559
-0.525391	0.110352	0.787354	-1.358779	0.862595	1.007634	7.350173
-0.521484	0.117188	0.772949	-1.648855	0.885496	1.389313	7.358391
-0.522461	0.114258	0.782715	-2.587786	1.221374	1.419847	7.367056
-0.529541	0.106201	0.793213	-3.083969	0.946565	1.557252	7.375333
-0.532227	0.104980	0.782471	-3.366412	0.618321	1.374046	7.383920
-0.524902	0.102051	0.780273	-2.969466	0.511450	1.580153	7.392217
-0.525879	0.099854	0.777832	-2.412214	0.458015	1.709924	7.400678
-0.523926	0.097900	0.771240	-2.145038	0.748092	1.740458	7.408900
-0.522705	0.104004	0.775635	-1.282443	0.679389	1.534351	7.417390
-0.526367	0.107666	0.781738	-0.770992	0.847328	1.259542	7.425584
-0.520020	0.115967	0.771729	-1.206107	1.259542	0.923664	7.434055
-0.528809	0.118896	0.779053	-2.129771	1.213740	1.282443	7.442495
-0.536377	0.110352	0.790283	-2.374046	1.007634	1.366412	7.450921
-0.526367	0.103760	0.784424	-2.244275	0.282443	1.343511	7.459298
-0.521973	0.109375	0.779297	-1.702290	0.290076	1.793893	7.467691
-0.523926	0.102783	0.766846	-1.305344	0.419847	1.778626	7.475976
-0.523193	0.105225	0.773438	-0.480916	0.916031	1.877863	7.484458
-0.515137	0.109131	0.754395	-0.198473	1.526718	1.786260	7.492721
-0.523926	0.119629	0.774902	-0.595420	1.732824	1.702290	7.500573
-0.527100	0.119629	0.785156	-1.488550	1.618321	1.824427	7.508716
-0.536621	0.114258	0.785400	-2.458015	0.977099	1.755725	7.516475
-0.532715	0.111328	0.791748	-2.816794	-0.145038	1.893130	7.524361
-0.535645	0.107666	0.754395	-3.106870	-0.488550	1.946565	7.533702
-0.526123	0.101807	0.756348	-2.839695	-0.114504	1.900763	7.541935
-0.512695	0.086182	0.745850	-2.610687	0.534351	1.885496	7.550113
-0.519531	0.091309	0.763428	-2.198473	1.374046	1.274809	7.558539
-0.526123	0.096436	0.770020	-2.183206	1.190840	1.068702	7.567091
-0.517334	0.107422	0.773926	-2.221374	1.389313	1.152672	7.575329
-0.519775	0.095459	0.775635	-2.381679	1.610687	0.847328	7.583977
-0.532471	0.110840	0.789795	-2.725191	1.595420	0.725191	7.592296
-0.527344	0.108643	0.778320	-3.061069	1.709924	0.709924	7.600484
-0.530762	0.105713	0.777100	-3.099237	1.633588	0.511450	7.608740
-0.536865	0.120605	0.781738	-2.679389	1.625954	0.839695	7.616884
-0.528564	0.115967	0.789795	-2.656489	1.083969	1.091603	7.625248
-0.526367	0.112793	0.784668	-2.534351	1.190840	1.198473	7.633657
-0.517822	0.112305	0.781006	-2.748092	1.167939	1.366412	7.641913
-0.532959	0.108643	0.772461	-2.893130	0.526718	1.671756	7.650255
-0.536621	0.109375	0.786621	-2.832061	0.366412	1.648855	7.658891
-0.525635	0.105713	0.777100	-2.671756	0.000000	1.458015	7.667504
-0.518066	0.105225	0.765137	-2.717557	0.473282	1.709924	7.675903
-0.527100	0.098633	0.763916	-2.656489	1.114504	1.488550	7.684421
-0.525635	0.099854	0.781250	-2.503817	1.396947	1.458015	7.692807
-0.523926	0.095459	0.786621	-2.458015	1.045802	1.244275	7.701011
-0.527832	0.097900	0.781982	-2.137405	1.167939	1.091603	7.709471
-0.532227	0.103760	0.778809	-2.396947	1.549618	1.244275	7.717518
-0.536133	0.102295	0.792480	-2.633588	1.419847	1.053435	7.726183
-0.545410	0.103271	0.794189	-1.931298	0.503817	1.351145	7.734830
-0.525391	0.104980	0.774170	-1.450382	0.893130	1.603053	7.743226
-0.525879	0.115723	0.782959	-1.442748	1.061069	0.015267	7.751475
-0.526367	0.107422	0.785889	-1.847328	1.167939	2.213740	7.759935
-0.528076	0.103027	0.792969	-1.969466	0.664122	2.206107	7.768315
-0.526123	0.102295	0.780518	-1.541985	0.938931	2.083969	7.776554
-0.524170	0.113525	0.787842	-2.259542	1.007634	2.068702	7.785070
-0.524658	0.101074	0.784912	-2.824427	1.229008	2.175573	7.793543
-0.528564	0.091064	0.796143	-2.664122	1.030534	2.083969	7.801696
-0.525391	0.097900	0.785889	-2.908397	0.488550	1.870229	7.810145
-0.525391	0.098633	0.795410	-2.496183	0.198473	2.053435	7.818247
-0.516602	0.099365	0.773682	-2.099237	0.557252	1.969466	7.826513
-0.520508	0.097412	0.778809	-1.938931	1.030534	1.923664	7.835007
-0.521973	0.103760	0.775635	-2.000000	1.183206	1.938931	7.843308
-0.526123	0.100342	0.775146	-2.267176	1.122137	1.709924	7.851533
-0.526611	0.101807	0.784668	-2.496183	0.679389	1.816794	7.859892
-0.531006	0.100098	0.794922	-2.473282	0.778626	1.809160	7.868134
-0.524902	0.098877	0.776367	-2.106870	0.801527	2.007634	7.876425
-0.520508	0.095459	0.775146	-1.725191	1.190840	1.763359	7.884926
-0.529541	0.100586	0.767090	-1.282443	1.679389	1.946565	7.893501
-0.528809	0.098633	0.770508	-1.007634	1.587786	1.847328	7.901906
-0.521729	0.109863	0.771240	-1.236641	1.564885	1.984733	7.910152
-0.530029	0.119629	0.764404	-2.137405	1.381679	2.106870	7.918560
-0.533936	0.122803	0.775146	-3.351145	1.381679	2.503817	7.926922
-0.529297	0.099121	0.761963	-3.496183	0.748092	3.045802	7.935206
-0.515869	0.093018	0.754883	-3.114504	0.809160	2.717557	7.943761
-0.512451	0.081787	0.742188	-2.893130	1.114504	2.366412	7.952081
-0.507568	0.085205	0.736572	-2.694656	2.114504	1.641221	7.960620
-0.500000	0.089600	0.756104	-2.618321	3.419847	1.305344	7.968991
-0.517822	0.088135	0.770752	-2.839695	3.809160	0.725191	7.977465
-0.528076	0.102295	0.789062	-3.229008	3.167939	0.198473	7.985872
-0.546875	0.104248	0.804932	-3.160305	2.145038	0.389313	7.994215
-0.525635	0.103027	0.799072	-3.145038	1.389313	0.580153	8.002724
-0.529297	0.104004	0.770020	-2.152672	1.167939	0.938931	8.010807
-0.520264	0.110352	0.765137	-1.786260	1.396947	0.854962	8.019403
-0.520020	0.108398	0.768799	-1.595420	1.916031	1.114504	8.027555
-0.524170	0.111084	0.780762	-1.404580	2.015267	1.297710	8.035823
-0.528809	0.117188	0.793213	-1.824427	2.251908	1.190840	8.044426
-0.531250	0.120117	0.787109	-2.786260	1.572519	1.320611	8.052622
-0.526855	0.110352	0.787842	-3.732824	1.564885	1.465649	8.060975
-0.526123	0.102295	0.784180	-3.748092	1.137405	1.213740	8.069708
-0.526123	0.094238	0.769043	-3.366412	1.229008	1.351145	8.078394
-0.526123	0.097412	0.769531	-2.748092	2.061069	1.305344	8.086663
-0.524170	0.091064	0.764893	-1.832061	2.435115	1.229008	8.094905
-0.536865	0.100098	0.774170	-1.091603	2.679389	1.351145	8.103227
-0.528320	0.109131	0.795410	-1.282443	2.755725	1.458015	8.111446
-0.536621	0.111328	0.800049	-2.053435	2.343511	1.648855	8.119765
-0.539795	0.105957	0.789062	-2.496183	1.900763	1.755725	8.128152
-0.526611	0.107910	0.787598	-2.847328	1.381679	1.595420	8.136542
-0.532471	0.102783	0.781494	-3.099237	1.770992	1.709924	8.144368
-0.535645	0.098633	0.800293	-3.511450	1.083969	1.755725	8.152735
-0.547119	0.084473	0.806396	-3.038168	-0.351145	1.549618	8.160696
-0.526367	0.089355	0.782471	-2.106870	-0.877863	1.267176	8.169646
-0.520264	0.099609	0.767090	-1.832061	0.022901	1.290076	8.178431
-0.522217	0.096191	0.773438	-1.816794	1.343511	1.412214	8.186771
-0.523682	0.094971	0.769531	-1.259542	1.236641	1.221374	8.195237
-0.522461	0.099609	0.770264	-1.221374	1.793893	1.267176	8.203661
-0.546631	0.105713	0.784912	-1.534351	2.061069	1.374046	8.211676
-0.530273	0.100830	0.789551	-2.061069	1.954198	1.557252	8.220176
-0.537842	0.101562	0.787354	-2.114504	1.786260	1.465649	8.228421
-0.531494	0.101562	0.778320	-2.091603	1.503817	1.610687	8.236874
-0.532959	0.102051	0.783691	-2.351145	1.610687	2.251908	8.245454
-0.529053	0.085449	0.781006	-2.053435	1.480916	1.694656	8.253983
-0.532227	0.098145	0.780518	-1.610687	1.267176	1.824427	8.262437
-0.526123	0.100830	0.779297	-2.030534	1.595420	1.900763	8.270689
-0.529541	0.100342	0.794678	-2.175573	1.450382	2.106870	8.279290
-0.535400	0.101562	0.783203	-2.175573	0.801527	2.076336	8.287598
-0.533203	0.098877	0.784668	-1.908397	0.587786	1.961832	8.295932
-0.527588	0.108154	0.781982	-2.183206	0.312977	1.763359	8.304345
-0.526855	0.090820	0.780273	-1.877863	0.389313	1.610687	8.312575
-0.523682	0.087891	0.773438	-1.312977	0.854962	1.190840	8.320988
-0.520020	0.096436	0.777100	-1.343511	1.152672	1.221374	8.329578
-0.534668	0.091064	0.786133	-1.610687	0.900763	1.259542	8.337937
-0.531006	0.094727	0.782471	-0.916031	0.488550	1.251908	8.346119
-0.533447	0.099365	0.777100	-0.847328	0.366412	1.358779	8.354430
-0.529785	0.101807	0.749023	-1.091603	0.679389	1.916031	8.362734
-0.528076	0.088135	0.755859	-1.267176	1.068702	1.664122	8.370964
-0.531006	0.093018	0.764404	-1.473282	1.236641	1.580153	8.379476
-0.532959	0.095215	0.775635	-2.183206	0.923664	1.251908	8.387824
-0.520508	0.099365	0.776367	-3.007634	1.053435	1.068702	8.396144
-0.525635	0.095703	0.771729	-3.557252	1.312977	0.916031	8.404563
-0.521973	0.086670	0.780273	-3.465649	1.572519	0.618321	8.412866
-0.532959	0.086914	0.779541	-2.603053	1.664122	0.564885	8.421369
-0.526367	0.081055	0.770264	-1.580153	2.000000	0.343511	8.429883
-0.525391	0.098389	0.788574	-0.343511	1.580153	0.610687	8.438145
-0.533203	0.103271	0.788330	0.206107	0.977099	0.641221	8.446491
-0.527100	0.104736	0.769531	0.007634	1.045802	1.183206	8.454921
-0.526367	0.102539	0.770264	-0.648855	1.053435	0.931298	8.463272
-0.527344	0.109131	0.790039	-1.267176	0.839695	0.503817	8.471516
-0.524414	0.100830	0.785400	-2.152672	0.816794	0.572519	8.480078
-0.527344	0.101807	0.769043	-2.725191	0.824427	0.076336	8.488548
-0.526123	0.099609	0.770752	-3.000000	0.732824	-0.076336	8.496859
-0.523926	0.095459	0.770508	-2.587786	0.801527	0.007634	8.505103
-0.528809	0.097900	0.756348	-1.000000	0.740458	0.580153	8.515666
-0.537598	0.102539	0.772705	-0.229008	0.786260	0.480916	8.524020
-0.538574	0.106689	0.770264	0.473282	0.770992	0.770992	8.532455
-0.535645	0.113525	0.774902	0.221374	1.175573	0.923664	8.540509
-0.542480	0.113037	0.781006	-0.656489	1.213740	1.022901	8.548924
-0.532471	0.117188	0.792969	-1.213740	0.328244	1.015267	8.557344
-0.532471	0.120117	0.773193	-1.748092	0.656489	1.549618	8.565549
-0.522217	0.112549	0.784912	-1.885496	0.839695	1.709924	8.573757
-0.524902	0.104248	0.784912	-3.908397	0.519084	2.122137	8.582867
-0.529297	0.097900	0.768555	-0.473282	0.175573	2.183206	8.591681
-0.520508	0.108154	0.767090	0.656489	0.717557	2.396947	8.600161
-0.527832	0.110596	0.762451	0.251908	1.282443	2.389313	8.608452
-0.529541	0.109375	0.765625	-0.251908	1.412214	2.511450	8.616754
-0.534668	0.112549	0.772705	-1.427481	1.000000	2.007634	8.625035
-0.530762	0.111328	0.779541	-3.137405	0.778626	1.793893	8.633671
-0.523682	0.101562	0.778564	-4.480916	0.793893	1.396947	8.641442
-0.525391	0.093018	0.767090	-4.511450	0.992366	1.007634	8.650099
-0.516602	0.091309	0.776611	-4.099237	0.717557	0.687023	8.658323
-0.521973	0.089111	0.773438	-3.213740	0.755725	0.793893	8.666739
-0.523193	0.090820	0.774902	-2.480916	1.213740	0.725191	8.675055
-0.516113	0.089111	0.788574	-1.022901	0.954198	0.770992	8.683828
-0.525146	0.105713	0.788818	-0.511450	0.595420	0.580153	8.692422
-0.526611	0.109375	0.793701	-0.396947	0.564885	0.961832	8.700851
-0.530029	0.121094	0.781982	-1.541985	0.404580	1.106870	8.709169
-0.536377	0.106689	0.775635	-1.763359	-0.106870	1.236641	8.717615
-0.524658	0.100342	0.774414	-1.648855	-0.145038	1.236641	8.725655
-0.519531	0.109375	0.766602	-1.755725	0.519084	1.580153	8.734465
-0.523682	0.105469	0.762207	-1.870229	0.687023	1.885496	8.742458
-0.521240	0.102051	0.766846	-1.519084	1.061069	1.603053	8.751126
-0.519287	0.098633	0.768799	-1.450382	1.603053	1.763359	8.759804
-0.525391	0.106201	0.785156	-1.564885	1.732824	1.725191	8.768336
-0.530762	0.107178	0.784180	-1.977099	1.473282	1.732824	8.776641
-0.531494	0.112305	0.774170	-2.198473	1.435115	1.816794	8.784565
-0.533691	0.092529	0.793457	-2.450382	0.938931	1.801527	8.792365
-0.530762	0.101562	0.788574	-1.656489	0.129771	1.549618	8.800055
-0.517822	0.101074	0.770996	-1.503817	0.251908	1.427481	8.807589
-0.522461	0.099854	0.774658	-1.320611	0.511450	1.572519	8.815347
-0.530273	0.098389	0.784912	-1.328244	0.076336	1.717557	8.824377
-0.529785	0.101562	0.767822	-1.114504	0.053435	1.702290	8.832887
-0.522461	0.110840	0.763184	-1.954198	0.015267	1.618321	8.841272
-0.523438	0.102051	0.763428	-2.671756	0.877863	1.503817	8.849572
-0.520996	0.100098	0.779297	-2.633588	0.679389	1.465649	8.857919
-0.519531	0.096924	0.781738	-2.335878	1.068702	1.496183	8.866193
-0.520508	0.105225	0.780518	-2.534351	1.244275	1.610687	8.874382
-0.527100	0.100098	0.787598	-2.534351	1.251908	1.732824	8.882728
-0.528076	0.095215	0.794434	-2.328244	0.610687	1.893130	8.891247
-0.526611	0.094971	0.781250	-1.984733	0.687023	1.923664	8.899685
-0.519775	0.103027	0.780762	-2.366412	0.793893	1.938931	8.907962
-0.523438	0.092773	0.774170	-2.564885	0.870229	1.816794	8.916249
-0.527832	0.095947	0.782227	-2.786260	1.114504	1.503817	8.924548
-0.529785	0.092041	0.794922	-2.908397	0.786260	1.641221	8.932893
-0.528076	0.090332	0.781250	-2.717557	0.244275	1.030534	8.941117
-0.528564	0.096924	0.784668	-2.595420	0.045802	0.885496	8.949698
-0.523682	0.097168	0.786865	-2.435115	-0.366412	0.900763	8.958247
-0.524170	0.097656	0.782715	-2.160305	-0.526718	0.900763	8.966443
-0.514648	0.102783	0.763428	-1.854962	-0.312977	0.793893	8.974644
-0.521973	0.103027	0.771484	-1.931298	0.541985	0.488550	8.983081
-0.524658	0.111328	0.782715	-2.290076	0.709924	0.648855	8.991542
-0.518799	0.101807	0.777832	-3.244275	0.740458	0.671756	9.000191
-0.529053	0.108154	0.772461	-3.427481	1.175573	1.030534	9.008508
-0.527100	0.104248	0.789795	-3.679389	1.038168	1.083969	9.016630
-0.528076	0.089600	0.785889	-3.664122	0.374046	0.938931	9.024972
-0.526123	0.084961	0.787109	-3.244275	0.061069	0.175573	9.033159
-0.517090	0.099854	0.782715	-2.435115	-0.480916	0.160305	9.041717
-0.519287	0.101074	0.757568	-1.755725	-0.038168	0.366412	9.049572
-0.519775	0.095215	0.760010	-0.732824	0.496183	0.534351	9.058127
-0.519043	0.099854	0.740723	0.595420	0.748092	0.885496	9.066482
-0.526611	0.107422	0.733643	1.221374	1.885496	1.061069	9.074959
-0.526855	0.112305	0.741455	1.564885	2.152672	1.992366	9.083424
-0.533936	0.083984	0.751709	1.595420	3.618321	0.992366	9.091860
-0.542236	0.111084	0.762695	1.595420	3.328244	0.801527	9.100192
-0.543457	0.120850	0.778809	-1.122137	2.984733	0.030534	9.108515
-0.540771	0.120605	0.787354	-3.419847	2.618321	-0.297710	9.116928
-0.546387	0.136963	0.794434	-5.114504	1.450382	-0.725191	9.125331
-0.524170	0.137451	0.780518	-7.267176	1.236641	-0.282443	9.133784
-0.530518	0.098145	0.785889	-6.374046	1.641221	0.503817	9.142275
-0.544189	0.098145	0.803955	-5.755725	0.969466	0.740458	9.150531
-0.521484	0.112549	0.766846	-2.931298	-0.847328	1.129771	9.158889
-0.506348	0.101318	0.755371	-2.664122	0.114504	1.351145	9.167286
-0.507324	0.100342	0.755371	0.770992	1.435115	2.885496	9.175555
-0.511475	0.116455	0.769287	1.732824	1.908397	2.992366	9.183915
-0.522949	0.145264	0.772949	1.221374	1.923664	4.320611	9.192387
-0.520996	0.110596	0.785156	-0.885496	1.038168	4.870229	9.200977
-0.519287	0.104980	0.769287	-1.442748	1.259542	4.351145	9.209592
-0.533691	0.108887	0.765625	-3.435115	1.732824	4.083969	9.218342
-0.525879	0.098389	0.770508	-7.419847	1.862595	3.175573	9.226710
-0.519775	0.055664	0.761475	-7.740458	1.557252	2.541985	9.235388
-0.513184	0.042236	0.744141	-5.809160	2.786260	0.977099	9.243888
-0.510742	0.074463	0.772705	-4.129771	3.656489	0.580153	9.252077
-0.522461	0.063965	0.776367	-4.549618	3.259542	0.587786	9.260508
-0.520264	0.047607	0.784424	-1.351145	2.160305	0.267176	9.268767
-0.512695	0.072021	0.770996	1.671756	2.969466	-0.435115	9.277719
-0.516602	0.109131	0.796387	0.450382	3.458015	-0.694656	9.286188
-0.534668	0.112305	0.815186	-1.183206	3.076336	-0.038168	9.294645
-0.541260	0.101318	0.807129	-3.572519	1.503817	-0.328244	9.303019
-0.517578	0.112061	0.803467	-4.099237	1.198473	-0.465649	9.311356
-0.528564	0.105713	0.781738	-4.900763	1.114504	0.427481	9.319693
-0.525391	0.089355	0.775146	-4.229008	1.564885	0.412214	9.328276
-0.525391	0.085449	0.776855	-2.290076	2.038168	0.725191	9.336591
-0.519287	0.083252	0.778320	-0.748092	3.290076	0.839695	9.344897
-0.528809	0.105957	0.793213	-0.183206	3.519084	0.900763	9.353098
-0.536621	0.114014	0.809814	-0.305344	3.007634	1.053435	9.361412
-0.552734	0.120850	0.820801	-2.190840	1.603053	1.595420	9.369835
-0.531006	0.086670	0.785400	-2.259542	0.435115	2.259542	9.378429
-0.520996	0.081299	0.775635	0.000000	1.664122	1.389313	9.386662
-0.534668	0.114258	0.786621	0.152672	1.755725	2.160305	9.395070
-0.538574	0.097656	0.807129	-2.740458	1.488550	1.824427	9.403519
-0.536621	0.082031	0.786377	-0.519084	1.000000	2.007634	9.411843
-0.537842	0.100586	0.793213	0.045802	1.366412	1.702290	9.420187
-0.545654	0.127930	0.812500	-1.748092	1.053435	2.465649	9.428020
-0.536133	0.086426	0.802002	-5.648855	-0.748092	2.213740	9.436298
-0.523926	0.056152	0.765137	-2.503817	-0.274809	2.305344	9.444132
-0.526855	0.068848	0.754150	-0.419847	1.229008	1.419847	9.452677
-0.535889	0.094482	0.785156	-0.274809	1.427481	2.030534	9.460889
-0.529785	0.076416	0.774902	-0.809160	1.236641	2.137405	9.469257
-0.530273	0.070801	0.774414	0.938931	1.259542	1.679389	9.477963
-0.537842	0.099609	0.790771	1.381679	1.251908	1.519084	9.486097
-0.544678	0.108398	0.794922	-0.114504	0.389313	1.557252	9.494421
-0.535156	0.096924	0.780029	-1.213740	-0.862595	1.595420	9.502905
-0.522949	0.088135	0.743408	-0.381679	-0.221374	1.312977	9.511308
-0.530029	0.095215	0.763916	-0.809160	0.877863	1.221374	9.519634
-0.521729	0.092285	0.769775	-1.908397	1.389313	1.045802	9.528026
-0.529297	0.085449	0.764893	-1.404580	0.625954	0.969466	9.536342
-0.532715	0.075928	0.767334	0.022901	1.000000	0.114504	9.544472
-0.533691	0.108887	0.780762	0.198473	1.702290	0.007634	9.553051
-0.543213	0.122314	0.792725	-1.312977	1.389313	0.374046	9.561232
-0.544434	0.100586	0.814697	-3.366412	0.198473	0.977099	9.569697
-0.526367	0.093506	0.777100	-2.931298	-0.603053	0.923664	9.578389
-0.519287	0.116943	0.741455	0.114504	-0.450382	1.519084	9.586723
-0.522949	0.120361	0.746826	-0.603053	1.389313	2.129771	9.595210
-0.523438	0.098145	0.760986	-0.870229	2.717557	2.366412	9.603531
-0.528809	0.104492	0.767090	-1.801527	3.312977	1.862595	9.612035
-0.536377	0.100830	0.795654	1.648855	2.145038	1.908397	9.620352
-0.542480	0.118408	0.802979	-3.671756	-0.183206	-0.198473	9.628859
-0.518311	0.107910	0.779053	-2.190840	-0.297710	1.061069	9.636644
-0.531494	0.089844	0.757812	-2.755725	0.145038	0.656489	9.644415
-0.545898	0.083008	0.771973	-1.305344	0.496183	1.358779	9.652199
-0.531494	0.089600	0.773682	-1.656489	0.709924	0.053435	9.659802
-0.503906	0.075928	0.754883	0.358779	1.381679	1.068702	9.667297
-0.526855	0.095703	0.784180	0.335878	1.832061	0.381679	9.674770
-0.536865	0.103271	0.781738	-0.671756	0.832061	0.435115	9.682404
-0.538330	0.115723	0.787354	0.099237	1.465649	0.526718	9.689894
-0.539307	0.108154	0.800049	-1.145038	1.572519	0.725191	9.697524
-0.530029	0.107910	0.806152	-1.351145	1.152672	1.595420	9.705168
-0.524902	0.110596	0.770752	-1.007634	1.419847	2.053435	9.712798
-0.522461	0.117676	0.776367	-1.480916	1.595420	1.893130	9.720480
-0.529785	0.114502	0.778320	-2.671756	1.480916	1.564885	9.728083
-0.533691	0.087402	0.780518	-0.923664	1.480916	2.564885	9.735941
-0.536133	0.093750	0.769775	-0.427481	2.015267	1.580153	9.743463
-0.539795	0.112549	0.793213	-1.671756	1.763359	1.282443	9.751146
-0.547363	0.114746	0.802490	-2.900763	0.519084	0.992366	9.760233
-0.539062	0.098389	0.785156	-2.824427	-0.122137	0.824427	9.769377
-0.531982	0.103271	0.767090	-2.282443	0.335878	0.641221	9.779295
-0.525146	0.104736	0.762207	-1.702290	1.206107	0.786260	9.789598
-0.531494	0.104248	0.767822	-1.167939	1.778626	0.854962	9.799066
-0.534912	0.115479	0.788574	-0.259542	1.961832	0.977099	9.808259
-0.547119	0.125488	0.787842	-0.877863	1.694656	1.374046	9.817414
-0.541260	0.121826	0.792725	-1.305344	0.358779	1.870229	9.826518
-0.538086	0.113281	0.776123	-2.099237	-0.015267	2.305344	9.835953
-0.526611	0.111328	0.776611	-2.022901	0.106870	3.076336	9.846907
-0.532471	0.097656	0.774902	-1.396947	0.534351	2.770992	9.857095
-0.516846	0.100098	0.777832	-0.946565	-0.236641	2.709924	9.867303
-0.526855	0.101562	0.760254	-1.114504	-0.190840	2.511450	9.877547
-0.525635	0.102295	0.764404	-0.969466	0.015267	2.541985	9.888080
-0.527832	0.093750	0.759766	-1.320611	0.267176	2.488550	9.898264
-0.517822	0.094482	0.748779	-0.755725	0.732824	2.404580	9.908682
-0.522217	0.097656	0.761963	0.061069	1.305344	2.389313	9.918744
-0.527588	0.099609	0.757568	-0.083969	1.511450	2.786260	9.928865
-0.521484	0.095947	0.765869	-0.549618	1.870229	2.480916	9.939678
-0.528564	0.096191	0.790527	-1.015267	1.312977	2.251908	9.949699
-0.515625	0.094971	0.780762	-1.618321	1.274809	2.030534	9.959908
-0.524170	0.095459	0.766846	-1.801527	1.145038	1.877863	9.969933
-0.520508	0.095947	0.767578	-1.351145	1.671756	1.488550	9.980652
-0.522461	0.087402	0.771729	-1.068702	1.244275	1.786260	9.991416
-0.522461	0.095215	0.770508	-0.664122	1.374046	1.190840	10.001571
-0.536133	0.104980	0.772461	-0.877863	1.206107	1.061069	10.011999
-0.530762	0.110596	0.776123	-2.160305	0.519084	1.045802	10.022351
-0.526123	0.081787	0.771973	-3.106870	0.641221	0.687023	10.032621
-0.537354	0.102539	0.753174	-3.419847	1.519084	-0.175573	10.043482
-0.520020	0.093018	0.760742	-3.465649	1.854962	0.137405	10.053814
-0.524902	0.085693	0.748047	-2.007634	2.564885	-0.145038	10.063662
-0.535645	0.104736	0.788574	-0.625954	2.916031	0.152672	10.073118
-0.545898	0.093994	0.793701	-0.679389	1.564885	0.343511	10.082514
-0.527832	0.094727	0.778320	1.007634	1.061069	0.458015	10.093941
-0.531250	0.112549	0.770752	0.503817	1.679389	0.427481	10.104110
-0.523926	0.108887	0.770752	-0.595420	2.167939	0.648855	10.114272
-0.546387	0.111084	0.783203	-1.015267	1.854962	0.259542	10.124612
-0.532227	0.108887	0.792969	-1.000000	1.427481	0.343511	10.135035
-0.535645	0.111328	0.789795	-1.786260	0.587786	0.549618	10.145603
-0.532227	0.098633	0.773926	-2.236641	0.106870	0.832061	10.156165
-0.534668	0.103516	0.758545	-1.755725	0.671756	0.778626	10.166698
-0.524414	0.093750	0.761230	-0.824427	0.984733	1.221374	10.176628
-0.538818	0.107910	0.777100	0.175573	1.244275	1.175573	10.187493
-0.534424	0.111084	0.787842	-0.610687	0.664122	1.404580	10.197862
-0.526367	0.112549	0.785400	-1.503817	0.015267	1.358779	10.208094
-0.530762	0.101807	0.758057	-0.969466	0.305344	1.412214	10.218298
-0.520020	0.097412	0.761230	-0.259542	0.748092	1.290076	10.228507
-0.524170	0.099609	0.748047	0.977099	1.732824	1.312977	10.238976
-0.525146	0.105225	0.760254	0.519084	2.580153	1.465649	10.249480
-0.535645	0.108887	0.780762	-0.351145	2.488550	0.893130	10.259599
-0.545898	0.119141	0.787354	-1.702290	1.564885	0.435115	10.270153
-0.528564	0.108643	0.783203	-3.496183	1.618321	0.328244	10.280134
-0.525879	0.093994	0.777588	-3.656489	1.320611	0.114504	10.290635
-0.528076	0.102539	0.777832	-2.877863	1.526718	0.274809	10.301038
-0.524170	0.104492	0.782471	-1.122137	2.480916	0.267176	10.311453
-0.533691	0.098145	0.797119	-0.381679	1.221374	0.519084	10.322287
-0.532959	0.111328	0.802490	1.175573	0.786260	0.587786	10.332639
-0.532715	0.118408	0.790771	1.137405	0.099237	1.129771	10.342747
-0.544434	0.111572	0.775146	0.480916	0.267176	0.862595	10.353083
-0.534668	0.107910	0.784424	-0.091603	0.381679	0.862595	10.363047
-0.529785	0.130371	0.781982	-0.572519	0.106870	1.267176	10.373885
-0.525635	0.116699	0.779785	-1.885496	-0.305344	1.106870	10.383479
-0.535400	0.100586	0.776855	-0.557252	-0.129771	1.496183	10.394111
-0.520020	0.117920	0.760254	-1.160305	0.305344	1.030534	10.404951
-0.536621	0.115967	0.771484	-1.801527	0.885496	0.931298	10.415208
-0.535156	0.113037	0.779053	-1.648855	1.053435	0.862595	10.425851
-0.533447	0.113037	0.777100	-1.435115	1.221374	1.129771	10.436537
-0.537109	0.109619	0.792725	-1.465649	0.885496	1.229008	10.447069
-0.547363	0.127686	0.788818	-1.328244	0.259542	1.068702	10.457593
-0.535889	0.119385	0.794189	-1.648855	-0.129771	1.816794	10.467532
-0.531250	0.110840	0.774902	-1.183206	0.183206	1.893130	10.478213
-0.525879	0.123779	0.771973	-0.198473	0.687023	2.122137	10.488011
-0.538574	0.114258	0.784912	-0.725191	0.320611	2.717557	10.498497
-0.536377	0.116699	0.789307	-0.595420	0.022901	2.709924	10.509534
-0.525635	0.116943	0.793213	-1.916031	-0.374046	3.091603	10.521870
-0.523926	0.101074	0.784912	-2.229008	-1.007634	3.328244	10.532262
-0.518311	0.090576	0.762939	-1.053435	-1.358779	2.954198	10.542534
-0.508789	0.101562	0.764893	-0.541985	-0.923664	2.793893	10.553060
-0.509033	0.101318	0.746582	-0.717557	-0.725191	2.877863	10.563520
-0.511230	0.098877	0.761963	-0.816794	-0.213740	2.290076	10.573660
-0.518555	0.112793	0.779541	-1.809160	-0.297710	1.519084	10.583594
-0.525391	0.109863	0.766846	-3.419847	-0.427481	1.160305	10.594118
-0.520020	0.101807	0.754883	-3.450382	-0.312977	1.106870	10.604434
-0.516846	0.092773	0.754639	-2.610687	0.145038	1.244275	10.614646
-0.520752	0.093262	0.747314	-2.076336	0.709924	0.954198	10.625118
-0.514893	0.099854	0.756592	-0.870229	1.374046	0.656489	10.635528
-0.518555	0.106445	0.752441	-0.381679	1.702290	0.572519	10.645704
-0.537354	0.115479	0.753906	-0.954198	1.908397	-0.167939	10.656307
-0.533936	0.130371	0.764404	-1.671756	1.534351	0.320611	10.665901
-0.542236	0.118164	0.771973	-3.480916	0.977099	0.694656	10.675509
-0.531738	0.112061	0.776855	-2.374046	0.618321	0.488550	10.686580
-0.526855	0.124268	0.770020	-2.801527	0.809160	0.954198	10.697069
-0.518311	0.118164	0.779785	-2.763359	0.984733	1.106870	10.706546
-0.524658	0.110107	0.765381	-1.480916	1.335878	1.740458	10.716699
-0.524902	0.115234	0.767334	-1.603053	1.374046	1.702290	10.726358
-0.520508	0.106201	0.776123	-1.763359	1.526718	2.229008	10.736971
-0.521240	0.090332	0.773682	-1.251908	1.992366	1.839695	10.747722
-0.527344	0.103271	0.785645	-1.259542	1.961832	1.389313	10.757973
-0.523926	0.095215	0.774658	-1.114504	1.374046	1.709924	10.768363
-0.527100	0.104492	0.776855	-1.358779	1.656489	1.503817	10.778886
-0.517090	0.096191	0.781494	-1.977099	1.778626	0.877863	10.789140
-0.525391	0.094238	0.784668	-1.381679	2.351145	1.076336	10.799757
-0.537354	0.094482	0.791260	-1.160305	1.603053	0.541985	10.810248
-0.527588	0.101074	0.790527	-0.847328	0.893130	0.435115	10.820360
-0.531494	0.102783	0.771240	-0.984733	0.580153	0.442748	10.830584
-0.533936	0.106445	0.777344	-1.106870	0.458015	0.564885	10.840781
-0.532471	0.103760	0.768066	-1.564885	0.061069	0.419847	10.850683
-0.527344	0.109375	0.757568	-1.541985	0.893130	1.946565	10.861221
-0.528809	0.119873	0.767334	-2.603053	1.931298	0.519084	10.871417
-0.543701	0.100586	0.783203	-3.083969	1.824427	0.221374	10.881714
-0.539551	0.101318	0.785645	-2.381679	1.458015	-0.068702	10.891558
-0.533691	0.109619	0.791504	-2.236641	1.389313	0.312977	10.902015
-0.536377	0.103760	0.800781	-1.595420	1.427481	0.244275	10.912373
-0.537842	0.119141	0.807129	-0.931298	0.839695	0.198473	10.922511
-0.535156	0.116455	0.799561	-1.290076	0.152672	0.473282	10.933134
-0.533691	0.118896	0.785889	-1.190840	-0.374046	0.854962	10.943497
-0.531494	0.115723	0.788086	-1.511450	-0.343511	1.152672	10.954220
-0.527100	0.116455	0.788818	-1.625954	-0.404580	1.412214	10.964620
-0.521484	0.122559	0.782959	-2.030534	-0.045802	1.221374	10.975077
-0.526367	0.117188	0.771240	-1.923664	0.381679	1.763359	10.985183
-0.524170	0.111328	0.759766	-2.290076	0.076336	1.893130	10.995239
-0.527832	0.102783	0.769287	-1.656489	0.595420	3.885496	11.005963
-0.538330	0.109131	0.778809	-1.603053	0.633588	1.839695	11.016480
-0.540039	0.107666	0.782471	-1.213740	-0.274809	1.801527	11.026784
-0.527588	0.111816	0.778320	-1.114504	-0.717557	1.610687	11.037416
-0.526611	0.112305	0.762939	-1.282443	-0.847328	1.198473	11.047770
-0.529297	0.106445	0.763672	-1.404580	-0.549618	1.312977	11.058546
-0.526123	0.106689	0.775635	-1.526718	-0.167939	1.213740	11.068977
-0.527832	0.114502	0.773682	-0.694656	-0.160305	1.175573	11.078956
-0.521729	0.117188	0.765137	-0.984733	-0.251908	1.282443	11.089488
-0.518066	0.115967	0.771484	-1.229008	-0.145038	1.190840	11.099244
-0.516846	0.114014	0.768555	-1.374046	0.267176	1.335878	11.109875
-0.520508	0.094971	0.770020	-1.496183	-0.045802	1.229008	11.120563
-0.510742	0.109131	0.771240	-1.106870	0.053435	0.763359	11.130833
-0.514648	0.113037	0.763184	-1.458015	0.832061	1.038168	11.141089
-0.509766	0.109131	0.775391	-1.931298	1.038168	1.129771	11.151354
-0.519775	0.112549	0.773682	-2.145038	1.053435	1.190840	11.161837
-0.520264	0.103027	0.787354	-1.893130	0.793893	1.511450	11.172116
-0.515381	0.095703	0.782715	-1.473282	0.488550	1.816794	11.182372
-0.524658	0.095215	0.791748	-0.603053	0.427481	1.839695	11.192844
-0.501953	0.104980	0.779297	-0.725191	-0.068702	1.755725	11.203471
-0.514160	0.095215	0.764893	-0.877863	0.091603	1.374046	11.213859
-0.502930	0.106201	0.756836	-1.297710	0.473282	0.916031	11.224181
-0.519531	0.099121	0.753662	-1.870229	1.366412	0.587786	11.234333
-0.529785	0.100586	0.771484	-1.763359	2.045802	0.198473	11.244869
-0.540771	0.108154	0.791748	-1.801527	1.633588	0.190840	11.255280
-0.537598	0.113281	0.789062	-1.755725	0.229008	0.068702	11.265837
-0.516113	0.123291	0.775391	-0.022901	0.374046	0.671756	11.276042
-0.522949	0.111328	0.766846	-1.893130	0.610687	0.763359	11.285995
-0.512451	0.119873	0.758057	-1.679389	1.709924	1.335878	11.296580
-0.516357	0.120850	0.775635	-2.656489	2.267176	1.412214	11.306906
-0.529053	0.110596	0.787109	-3.458015	1.809160	1.458015	11.317188
-0.533691	0.109131	0.798828	-3.854962	1.374046	1.259542	11.328021
-0.529297	0.098145	0.778076	-3.839695	0.610687	1.167939	11.338000
-0.527832	0.098633	0.767822	-3.206107	1.206107	0.900763	11.348063
-0.525879	0.095947	0.770020	-2.572519	1.389313	0.809160	11.358129
-0.528809	0.093018	0.778076	-2.076336	1.480916	0.503817	11.367988
-0.530273	0.107178	0.777344	-1.572519	1.389313	0.625954	11.378439
-0.538818	0.117676	0.791016	-1.709924	1.633588	0.770992	11.388833
-0.538330	0.120361	0.796387	-1.625954	1.396947	1.190840	11.399543
-0.527100	0.120361	0.797363	-1.557252	1.351145	1.641221	11.409789
-0.530518	0.126709	0.789062	-0.938931	0.824427	2.145038	11.420006
-0.523682	0.111084	0.773193	-0.404580	0.625954	2.603053	11.430390
-0.526123	0.111816	0.763428	-0.244275	1.022901	2.503817	11.440653
-0.529541	0.105713	0.777588	-0.503817	1.442748	2.213740	11.451078
-0.533691	0.110107	0.794678	-1.083969	0.480916	2.267176	11.461329
-0.526611	0.109619	0.770020	-1.366412	-0.022901	2.251908	11.471664
-0.520508	0.102051	0.767578	-1.908397	0.709924	1.786260	11.481852
-0.519531	0.102539	0.772461	-1.603053	0.786260	1.603053	11.491940
-0.526611	0.098633	0.783447	-1.053435	0.648855	0.992366	11.502676
-0.521240	0.112549	0.768555	-0.366412	1.259542	1.007634	11.512846
-0.527832	0.112061	0.784424	-0.709924	1.015267	1.351145	11.523168
-0.528076	0.102051	0.783447	-0.389313	-1.954198	1.122137	11.533361
-0.523193	0.114258	0.767090	-0.801527	0.343511	0.778626	11.543598
-0.526123	0.106689	0.781250	-1.770992	0.854962	0.633588	11.554448
-0.524170	0.114746	0.785889	-2.343511	0.839695	0.297710	11.564906
-0.524414	0.110352	0.774170	-3.366412	0.885496	0.427481	11.575322
-0.527100	0.097412	0.773193	-2.022901	1.358779	0.412214	11.585643
-0.530762	0.114990	0.782959	-1.396947	1.503817	0.442748	11.595689
-0.531006	0.108398	0.777588	-0.847328	1.259542	0.862595	11.606121
-0.523438	0.117188	0.789062	-0.236641	1.335878	1.137405	11.616413
-0.523193	0.113770	0.786621	-1.267176	1.526718	1.374046	11.626725
-0.528320	0.113281	0.807861	-2.076336	0.755725	1.335878	11.636885
-0.544434	0.115967	0.799316	-2.458015	0.061069	1.526718	11.647169
-0.525146	0.111328	0.766602	-2.114504	0.022901	1.908397	11.657764
-0.530762	0.101807	0.778320	-1.709924	-0.053435	1.946565	11.668307
-0.516846	0.098877	0.753906	-0.450382	0.183206	1.816794	11.678776
-0.518555	0.107178	0.771729	-0.519084	0.717557	1.755725	11.689399
-0.519043	0.116455	0.776123	-0.534351	0.786260	1.717557	11.699640
-0.523682	0.109863	0.763184	-1.541985	1.015267	1.427481	11.709942
-0.523438	0.106689	0.765869	-2.045802	1.038168	1.274809	11.719306
-0.522705	0.104492	0.760742	-2.954198	1.366412	0.770992	11.729767
-0.504639	0.096680	0.765137	-3.083969	1.503817	0.183206	11.740070
-0.518799	0.100586	0.771240	-2.610687	1.709924	-0.251908	11.750427
-0.525635	0.100342	0.774902	-2.847328	2.015267	-0.404580	11.760913
-0.521973	0.106201	0.789062	-2.396947	2.038168	-0.793893	11.771305
-0.524170	0.118896	0.777100	-1.984733	1.931298	-0.839695	11.781862
-0.536133	0.127197	0.792480	-2.045802	1.381679	-0.519084	11.792063
-0.537598	0.136230	0.798584	-2.000000	0.725191	0.526718	11.802308
-0.521729	0.117676	0.780029	-3.465649	0.412214	0.519084	11.812787
-0.527100	0.124512	0.800537	-2.290076	0.549618	1.587786	11.822941
-0.529541	0.118164	0.787842	-1.351145	0.259542	2.328244	11.833439
-0.535400	0.106201	0.792725	-2.381679	-0.045802	1.809160	11.843591
-0.532715	0.110596	0.793213	-1.022901	0.229008	1.984733	11.853774
-0.526611	0.106934	0.784668	-1.320611	0.320611	1.625954	11.864448
-0.526611	0.116455	0.781006	-1.854962	-0.022901	1.687023	11.874899
-0.518311	0.115234	0.768311	-2.580153	0.068702	1.435115	11.885189
-0.519531	0.108398	0.784180	-3.236641	0.343511	1.152672	11.894984
-0.514893	0.111572	0.781494	-3.290076	0.488550	1.061069	11.905428
-0.532715	0.101074	0.792236	-2.648855	0.160305	1.129771	11.915630
-0.527100	0.100830	0.795410	-1.664122	-0.572519	1.297710	11.925867
-0.522705	0.096680	0.775879	-0.679389	-0.534351	1.564885	11.936268
-0.518555	0.109131	0.773926	-0.419847	-0.213740	0.870229	11.946423
-0.517090	0.112793	0.759033	-0.870229	0.343511	0.977099	11.957006
-0.515869	0.115234	0.775879	-1.900763	0.938931	0.969466	11.967896
-0.524414	0.119629	0.775391	-2.625954	1.038168	0.801527	11.978386
-0.517822	0.120117	0.785889	-3.618321	0.778626	1.083969	11.988301
-0.512939	0.100830	0.772949	-4.198473	0.877863	1.213740	11.998176
-0.514893	0.104736	0.792480	-2.641221	1.717557	1.175573	12.008579
-0.522461	0.110596	0.790283	-2.190840	1.488550	1.633588	12.019239
-0.528809	0.098877	0.800537	-1.732824	0.671756	1.984733	12.029851
-0.523682	0.098633	0.807373	-1.305344	-0.427481	1.251908	12.040495
-0.522705	0.100342	0.789795	-1.244275	-1.633588	1.374046	12.050837
-0.530273	0.098877	0.771240	-1.526718	-0.877863	1.190840	12.061120
-0.510498	0.106201	0.756104	-1.305344	-0.022901	0.977099	12.071409
-0.509521	0.109375	0.735107	-1.419847	0.954198	0.740458	12.081707
-0.517822	0.111572	0.760010	-1.923664	2.099237	0.435115	12.092123
-0.516602	0.111816	0.767334	-1.984733	2.465649	0.450382	12.101952
-0.517090	0.129150	0.781006	-2.732824	2.641221	0.786260	12.112603
-0.521729	0.112549	0.761230	-3.305344	2.541985	0.977099	12.122959
-0.524414	0.113525	0.766602	-3.893130	2.847328	1.160305	12.133173
-0.530029	0.117676	0.787354	-4.389313	2.137405	1.106870	12.143383
-0.536865	0.098145	0.795166	-4.175573	1.687023	1.312977	12.153651
-0.531982	0.095703	0.786621	-3.786260	1.450382	1.099237	12.163827
-0.537842	0.097656	0.800537	-2.687023	0.267176	1.137405	12.174595
-0.532715	0.102051	0.782471	-1.488550	-0.030534	1.343511	12.184714
-0.513428	0.109131	0.765869	-0.877863	1.152672	1.412214	12.195291
-0.522217	0.110107	0.786133	-0.816794	2.076336	1.312977	12.205468
-0.524902	0.114990	0.791260	-0.893130	2.015267	1.259542	12.216164
-0.529053	0.116943	0.797852	-1.618321	2.137405	1.366412	12.226263
-0.530029	0.109375	0.799072	-2.290076	1.801527	1.702290	12.236729
-0.530029	0.110840	0.790283	-1.931298	1.396947	1.992366	12.247114
-0.531982	0.106201	0.791992	-1.557252	1.152672	1.862595	12.257037
-0.521240	0.115479	0.779053	-1.702290	0.923664	2.129771	12.266686
-0.531982	0.121094	0.782959	-1.931298	1.167939	2.000000	12.277469
-0.530273	0.114990	0.803955	-2.694656	0.374046	1.770992	12.288162
-0.529053	0.109131	0.781250	-2.610687	-0.167939	1.839695	12.298453
-0.539551	0.106934	0.775635	-3.458015	-0.305344	1.801527	12.308626
-0.529297	0.097168	0.779297	-3.198473	-0.435115	1.770992	12.319211
-0.519775	0.078369	0.761963	-2.381679	0.442748	1.412214	12.329283
-0.517578	0.094482	0.766602	-1.702290	1.183206	1.534351	12.339562
-0.526611	0.097412	0.772705	-1.740458	1.938931	1.312977	12.350058
-0.534912	0.100586	0.800049	-2.755725	1.671756	0.839695	12.360593
-0.536865	0.098877	0.804443	-2.816794	0.015267	0.977099	12.370900
-0.530029	0.107910	0.794189	-3.175573	-0.954198	0.748092	12.381224
-0.519775	0.111328	0.782959	-2.740458	-0.557252	1.015267	12.391650
-0.517090	0.092041	0.787842	-2.015267	-0.633588	1.427481	12.401788
-0.516602	0.109375	0.780029	-0.992366	-0.167939	1.488550	12.412100
-0.510498	0.122559	0.777588	-2.030534	0.770992	1.946565	12.422643
-0.527344	0.121582	0.797363	-3.274809	0.229008	2.061069	12.432912
-0.513672	0.107422	0.791016	-3.725191	-0.251908	2.099237	12.442859
-0.516113	0.104492	0.779785	-3.290076	0.106870	2.190840	12.453427
-0.522949	0.093262	0.780518	-1.938931	0.038168	2.648855	12.463747
-0.519043	0.087158	0.759521	-0.244275	0.648855	2.427481	12.474296
-0.520020	0.101074	0.765381	0.503817	0.778626	2.190840	12.484491
-0.531006	0.106689	0.784180	1.038168	0.702290	2.366412	12.494637
-0.516846	0.098877	0.759277	0.534351	1.251908	1.732824	12.504801
-0.518799	0.124023	0.787109	0.473282	1.603053	1.091603	12.517875
-0.534912	0.141113	0.811768	-2.862595	0.015267	1.900763	12.527908
-0.532715	0.096924	0.808350	-4.549618	-1.725191	1.473282	12.538254
-0.521973	0.098633	0.788086	-2.977099	-2.022901	0.969466	12.548531
-0.508301	0.102295	0.776123	-1.946565	-1.656489	0.969466	12.559124
-0.512695	0.088623	0.777100	-0.251908	-0.587786	1.007634	12.569504
-0.518066	0.103516	0.771973	1.328244	0.251908	1.000000	12.579850
-0.527100	0.127441	0.794678	0.503817	-0.435115	1.099237	12.590131
-0.512207	0.111328	0.775879	-0.893130	-0.763359	1.083969	12.600588
-0.500732	0.118408	0.772461	-0.595420	0.679389	1.244275	12.611524
-0.521484	0.121826	0.766602	-1.442748	1.061069	1.603053	12.621836
-0.521729	0.114502	0.789062	-1.946565	1.267176	1.687023	12.631781
-0.544922	0.101562	0.793457	-1.496183	-0.549618	3.900763	12.641856
