-0.681152	-0.193848	0.741211	1.740458	-0.145038	0.992366	0.003265
-0.697754	-0.198486	0.739502	-0.129771	-0.702290	-0.977099	0.013067
-0.696289	-0.189697	0.733398	-1.755725	0.167939	0.167939	0.022486
-0.690674	-0.199707	0.735596	1.488550	-0.122137	0.717557	0.032114
-0.679688	-0.192383	0.741211	0.152672	-0.717557	0.595420	0.041559
-0.687500	-0.201172	0.744873	-0.977099	-0.969466	0.770992	0.051083
-0.686523	-0.198975	0.731201	0.412214	-0.923664	0.625954	0.060558
-0.690430	-0.197998	0.741699	-0.885496	-0.557252	0.816794	0.069855
-0.689697	-0.196289	0.738770	0.450382	-0.679389	1.343511	0.083236
-0.683350	-0.187500	0.735352	0.160305	-0.595420	0.801527	0.092657
-0.682861	-0.200684	0.731689	-0.847328	-0.877863	0.061069	0.102079
-0.680908	-0.197998	0.733398	-0.221374	-0.480916	0.450382	0.111573
-0.687500	-0.198242	0.736816	0.648855	-0.198473	0.793893	0.121052
-0.683105	-0.200684	0.743896	0.541985	-0.099237	0.946565	0.130655
-0.684814	-0.201416	0.748779	1.183206	-0.366412	0.793893	0.140029
-0.672363	-0.178467	0.727783	-0.725191	-0.427481	-0.770992	0.149582
-0.690430	-0.200684	0.743896	-0.648855	0.198473	0.122137	0.158892
-0.689209	-0.204590	0.731934	1.610687	-0.137405	0.870229	0.168433
-0.685303	-0.195557	0.733887	0.274809	-0.305344	1.312977	0.178009
-0.694336	-0.199463	0.737061	-0.656489	-0.839695	0.503817	0.187346
-0.678223	-0.205322	0.739746	-0.381679	-0.541985	0.633588	0.196882
-0.688477	-0.195312	0.748047	0.366412	-0.396947	0.916031	0.206291
-0.686279	-0.198975	0.735107	-0.580153	-0.312977	0.755725	0.215895
-0.681641	-0.202881	0.735596	0.152672	-1.198473	0.366412	0.225523
-0.695068	-0.197754	0.730713	-1.320611	-0.549618	0.557252	0.234897
-0.693604	-0.197510	0.749512	0.702290	-0.396947	0.969466	0.244220
-0.676514	-0.191650	0.726562	0.122137	-0.320611	0.862595	0.253888
-0.695557	-0.202393	0.731445	-0.641221	-0.488550	0.618321	0.263370
-0.689209	-0.202148	0.730713	1.557252	-0.167939	0.694656	0.272865
-0.689941	-0.203125	0.731934	-0.114504	-0.297710	0.969466	0.282377
-0.689941	-0.188965	0.748047	-0.580153	-0.328244	0.717557	0.291251
-0.679688	-0.193115	0.738770	-0.312977	-0.274809	0.465649	0.301067
-0.684814	-0.202148	0.736816	0.587786	-0.282443	0.938931	0.310564
-0.687744	-0.190918	0.739746	1.290076	-0.076336	1.320611	0.319794
-0.681641	-0.188721	0.738037	-0.572519	-0.450382	0.473282	0.329677
-0.677002	-0.196777	0.747803	-1.435115	-0.488550	0.595420	0.339015
-0.664795	-0.197510	0.759766	-2.015267	-0.458015	1.931298	0.348352
-0.673828	-0.194580	0.727295	0.587786	-0.290076	1.297710	0.357706
-0.701904	-0.198486	0.739746	-0.221374	-0.786260	0.793893	0.367114
-0.699707	-0.195312	0.736328	-0.740458	-0.511450	0.793893	0.376644
-0.689453	-0.199219	0.728760	1.099237	-0.557252	0.664122	0.386244
-0.675293	-0.201172	0.747070	-0.664122	-0.725191	0.572519	0.395602
-0.683838	-0.194580	0.720215	0.717557	-1.015267	0.732824	0.405157
-0.686279	-0.206299	0.731201	0.488550	-0.412214	1.427481	0.414618
-0.678711	-0.196777	0.742432	-0.549618	-1.053435	0.755725	0.424131
-0.702881	-0.196289	0.726807	-1.312977	-0.297710	1.916031	0.433619
-0.691406	-0.200928	0.747070	-2.496183	-0.061069	0.763359	0.443388
-0.676514	-0.191650	0.723877	2.022901	-0.175573	0.503817	0.452825
-0.677734	-0.193848	0.737549	-1.221374	-0.435115	1.549618	0.462216
-0.683350	-0.199707	0.735352	2.145038	0.244275	1.251908	0.471580
-0.684814	-0.190430	0.739014	1.229008	0.290076	1.213740	0.481233
-0.682373	-0.197266	0.751953	-2.038168	-2.022901	-0.366412	0.490714
-0.680176	-0.218750	0.734131	-0.755725	-0.679389	0.832061	0.499302
-0.683105	-0.193604	0.742432	1.519084	-0.603053	1.114504	0.507799
-0.691162	-0.192627	0.726562	-1.694656	0.099237	0.580153	0.516063
-0.692627	-0.208008	0.727783	-1.122137	-0.725191	0.503817	0.524586
-0.696777	-0.204346	0.743896	1.641221	-0.328244	1.099237	0.533015
-0.691406	-0.186768	0.729004	-0.083969	-0.977099	1.030534	0.541356
-0.686279	-0.192139	0.739502	-1.167939	-0.793893	0.809160	0.549863
-0.681885	-0.201660	0.732422	0.167939	-0.564885	0.908397	0.557815
-0.679688	-0.185303	0.738037	0.358779	-0.496183	0.412214	0.565805
-0.689209	-0.199219	0.738770	-1.068702	-0.587786	0.152672	0.573389
-0.680664	-0.204102	0.728760	-0.671756	-1.091603	0.213740	0.582777
-0.693359	-0.196777	0.733887	-0.816794	-0.320611	0.969466	0.590889
-0.685303	-0.198975	0.731934	0.496183	-0.625954	0.625954	0.598914
-0.685059	-0.198975	0.737793	-0.083969	-0.854962	0.473282	0.608004
-0.695801	-0.190430	0.740234	-0.221374	-0.725191	0.595420	0.616383
-0.686035	-0.205811	0.727051	0.381679	-0.167939	1.267176	0.625011
-0.689941	-0.198975	0.740967	0.580153	0.030534	1.290076	0.633442
-0.704102	-0.205566	0.728516	2.320611	-0.580153	0.984733	0.641877
-0.673340	-0.196045	0.744873	-1.412214	-2.290076	0.282443	0.650252
-0.686279	-0.218262	0.736572	-2.564885	-0.664122	1.297710	0.658651
-0.677490	-0.197754	0.724609	2.641221	-0.221374	0.320611	0.667184
-0.687500	-0.187988	0.737305	-1.984733	-0.877863	0.496183	0.675872
-0.678955	-0.193115	0.734619	0.175573	-0.335878	0.480916	0.684057
-0.692871	-0.201416	0.743408	0.152672	-0.045802	1.358779	0.692449
-0.694580	-0.202148	0.732422	1.427481	-0.358779	1.366412	0.700612
-0.678223	-0.193848	0.730225	0.793893	-0.572519	1.114504	0.709098
-0.697754	-0.203613	0.743896	-0.923664	-0.854962	0.618321	0.717498
-0.685547	-0.208008	0.726318	0.198473	-1.167939	0.641221	0.725888
-0.705322	-0.193359	0.743652	-0.091603	-1.503817	-0.427481	0.734428
-0.687012	-0.207520	0.732666	-2.381679	-0.641221	-0.114504	0.742859
-0.678711	-0.203369	0.738770	-0.251908	-1.290076	-0.068702	0.751103
-0.695557	-0.205566	0.741455	-0.404580	-0.091603	1.160305	0.759539
-0.688232	-0.207520	0.734863	0.839695	-0.458015	1.045802	0.767976
-0.689697	-0.189209	0.740479	0.213740	-0.931298	1.282443	0.776299
-0.674316	-0.201416	0.747559	-0.190840	-0.114504	1.038168	0.784780
-0.689209	-0.199219	0.731201	1.847328	0.145038	1.053435	0.793199
-0.676270	-0.180176	0.728516	-0.122137	-0.328244	1.091603	0.801451
-0.694092	-0.203613	0.720947	-0.198473	-0.732824	-0.396947	0.809943
-0.701660	-0.212646	0.723389	-2.290076	-0.946565	-0.541985	0.818381
-0.696777	-0.213379	0.740967	-1.068702	-0.381679	0.740458	0.826931
-0.683105	-0.197266	0.746338	2.496183	-0.419847	0.900763	0.835394
-0.685547	-0.179199	0.730225	-0.969466	-0.931298	1.022901	0.843763
-0.692383	-0.193359	0.730957	-0.404580	-0.297710	0.312977	0.852319
-0.686279	-0.209229	0.739502	-0.671756	-0.625954	0.572519	0.860708
-0.682861	-0.199463	0.738525	-0.633588	-0.458015	0.458015	0.869258
-0.679199	-0.205322	0.739258	-0.312977	-0.442748	0.748092	0.877931
-0.683105	-0.197266	0.733398	-0.229008	-0.931298	0.358779	0.886324
-0.689209	-0.190186	0.744629	-0.152672	-0.618321	0.152672	0.894548
-0.691406	-0.204834	0.751709	-0.152672	-0.938931	0.694656	0.902868
-0.684082	-0.200195	0.752686	0.282443	-0.694656	0.877863	0.911300
-0.685547	-0.197754	0.735596	0.175573	-0.099237	0.526718	0.919688
-0.684082	-0.202148	0.734863	0.954198	-0.183206	1.206107	0.928330
-0.677979	-0.194336	0.736084	1.679389	0.091603	1.183206	0.936796
-0.683838	-0.196045	0.743652	0.801527	-0.061069	0.709924	0.945320
-0.687500	-0.201904	0.739502	-0.511450	-0.366412	0.534351	0.953827
-0.696289	-0.208496	0.718506	1.198473	-1.145038	-0.916031	0.962271
-0.708008	-0.215088	0.737549	-2.541985	-0.450382	-0.282443	0.970876
-0.694824	-0.210938	0.729736	0.068702	0.083969	0.320611	0.979460
-0.696289	-0.198242	0.748779	0.465649	-0.351145	0.465649	0.987874
-0.697266	-0.198242	0.724365	-1.770992	-0.511450	0.137405	0.995910
-0.693604	-0.191895	0.735840	-1.274809	-0.984733	1.068702	1.004481
-0.679443	-0.206299	0.732666	1.366412	-0.549618	0.961832	1.012980
-0.681641	-0.194824	0.731445	0.007634	-1.137405	0.557252	1.021442
-0.682129	-0.185303	0.730469	-1.564885	-0.969466	0.274809	1.029958
-0.676758	-0.196289	0.723389	0.167939	0.053435	1.076336	1.038435
-0.687744	-0.191162	0.747314	0.526718	-0.816794	0.610687	1.047102
-0.679932	-0.197998	0.740234	-0.534351	-0.763359	0.641221	1.055492
-0.682617	-0.208984	0.737305	0.091603	-0.519084	0.694656	1.064006
-0.687744	-0.202393	0.740967	0.328244	-0.229008	1.297710	1.072523
-0.681396	-0.195068	0.739258	1.198473	-0.206107	0.984733	1.081165
-0.687988	-0.196777	0.738037	0.053435	-0.175573	1.122137	1.089535
-0.682373	-0.196777	0.736816	1.641221	-1.938931	0.961832	1.098394
-0.663330	-0.168213	0.765869	-3.664122	-0.183206	2.045802	1.107124
-0.674805	-0.202637	0.739258	-2.709924	-0.633588	0.519084	1.115873
-0.684570	-0.202393	0.739746	2.045802	-0.328244	0.541985	1.124258
-0.683594	-0.186279	0.748047	0.740458	0.198473	0.045802	1.132612
-0.694336	-0.198975	0.729248	-1.931298	-0.618321	0.458015	1.141129
-0.690430	-0.201416	0.736572	0.641221	-0.404580	0.541985	1.149615
-0.681396	-0.200928	0.738281	-0.648855	-0.778626	0.358779	1.158075
-0.684814	-0.197021	0.733154	-1.106870	-0.541985	0.702290	1.166509
-0.683838	-0.196777	0.730469	-0.083969	-0.694656	0.801527	1.175045
-0.680420	-0.195312	0.736816	0.206107	-0.748092	1.038168	1.183466
-0.682373	-0.202881	0.737793	0.099237	-0.610687	1.091603	1.191565
-0.683350	-0.193848	0.731201	0.358779	-0.511450	0.679389	1.199524
-0.680420	-0.191895	0.744385	-1.053435	-0.900763	0.229008	1.207368
-0.672607	-0.201660	0.744141	-1.580153	-0.236641	0.091603	1.215656
-0.704102	-0.198486	0.739258	1.305344	-0.229008	0.992366	1.224956
-0.686523	-0.199951	0.737305	-0.526718	-0.396947	1.709924	1.233463
-0.686035	-0.197754	0.744873	1.824427	0.190840	1.229008	1.241844
-0.682373	-0.189453	0.735107	0.473282	0.190840	1.152672	1.250215
-0.708008	-0.209473	0.728027	-0.793893	-0.816794	0.061069	1.258620
-0.692627	-0.224365	0.723633	-1.564885	-1.412214	0.160305	1.267017
-0.684082	-0.217773	0.748779	-1.893130	-0.839695	1.305344	1.275741
-0.688965	-0.196533	0.740967	2.106870	-0.190840	1.015267	1.284170
-0.686035	-0.199951	0.743408	-1.984733	-0.824427	0.587786	1.292596
-0.690674	-0.204590	0.727051	-0.541985	-0.763359	0.251908	1.300969
-0.687500	-0.194092	0.739502	-0.458015	-0.557252	0.717557	1.309543
-0.678223	-0.197021	0.737305	0.091603	-0.312977	0.229008	1.317696
-0.691162	-0.193848	0.738525	-0.213740	-0.351145	0.419847	1.326247
-0.679199	-0.202881	0.741699	-0.152672	-0.603053	0.419847	1.334655
-0.677002	-0.200684	0.735840	-0.106870	-0.709924	0.045802	1.343004
-0.683594	-0.194092	0.737549	0.022901	-0.679389	-0.038168	1.351312
-0.677490	-0.194336	0.742676	-0.786260	-0.740458	0.396947	1.359814
-0.695557	-0.202393	0.738770	-0.534351	-0.862595	0.122137	1.368260
-0.682861	-0.205078	0.747070	0.503817	-0.656489	0.503817	1.376946
-0.685791	-0.197754	0.735352	0.114504	-0.305344	0.725191	1.385403
-0.685547	-0.202148	0.744141	0.244275	0.076336	1.419847	1.393720
-0.686035	-0.197754	0.731934	0.488550	-0.320611	1.366412	1.401884
-0.687012	-0.191162	0.744873	0.549618	-0.679389	0.473282	1.410491
-0.676758	-0.198486	0.739258	-0.442748	-0.938931	0.251908	1.418660
-0.687988	-0.204346	0.742432	-0.152672	-0.374046	1.381679	1.427291
-0.696045	-0.200684	0.741943	2.030534	0.061069	1.038168	1.435748
-0.685547	-0.180664	0.747559	0.687023	-0.137405	1.137405	1.444325
-0.678711	-0.196045	0.741943	-0.312977	-0.007634	0.427481	1.452620
-0.684814	-0.198486	0.759033	0.381679	-0.282443	0.740458	1.461139
-0.682373	-0.200439	0.739746	1.038168	0.236641	0.778626	1.469511
-0.694092	-0.195557	0.738281	1.083969	-0.816794	0.687023	1.477964
-0.698730	-0.213867	0.728027	-1.290076	-1.511450	-0.061069	1.486518
-0.683105	-0.199219	0.739014	-0.984733	-0.793893	0.832061	1.494861
-0.694824	-0.197266	0.729492	0.343511	-0.809160	0.671756	1.503064
-0.692871	-0.197998	0.733154	-0.824427	-0.740458	0.580153	1.511365
-0.689209	-0.200195	0.729492	-0.183206	-0.687023	0.778626	1.519696
-0.692139	-0.203613	0.730225	0.870229	-1.099237	1.282443	1.528316
-0.687500	-0.195312	0.746094	0.557252	-0.297710	1.099237	1.536794
-0.688721	-0.191650	0.736084	-1.458015	-1.053435	0.022901	1.545513
-0.691406	-0.204346	0.732910	-2.816794	-1.053435	0.595420	1.554047
-0.683594	-0.211426	0.730225	0.900763	-0.526718	0.931298	1.562456
-0.662109	-0.189697	0.743652	0.969466	-1.496183	0.419847	1.570849
-0.684082	-0.202393	0.733643	-1.175573	0.427481	0.450382	1.579424
-0.698730	-0.201660	0.748779	0.755725	-0.404580	0.908397	1.587978
-0.686768	-0.207275	0.744385	3.038168	0.534351	0.923664	1.596442
-0.700439	-0.196533	0.738037	-0.076336	-0.083969	0.725191	1.604720
-0.689697	-0.194092	0.744141	-0.083969	0.427481	0.687023	1.613470
-0.661621	-0.174805	0.724365	0.343511	-0.564885	-2.618321	1.621901
-0.698242	-0.192139	0.743896	-1.954198	0.190840	-0.534351	1.630465
-0.664062	-0.211182	0.733887	3.534351	-0.099237	0.641221	1.639134
-0.675293	-0.184326	0.745850	0.938931	-0.748092	0.282443	1.647734
-0.697754	-0.202637	0.746094	-1.480916	-0.480916	-0.580153	1.656150
-0.687256	-0.211426	0.730957	0.030534	-0.541985	0.145038	1.664800
-0.683350	-0.198486	0.718994	0.526718	-0.977099	0.755725	1.673283
-0.677246	-0.196777	0.740234	-0.717557	-0.748092	0.534351	1.681715
-0.684082	-0.205566	0.737305	-0.328244	-0.778626	0.358779	1.690155
-0.690674	-0.186523	0.729492	-0.091603	-1.030534	-0.038168	1.698577
-0.686279	-0.187744	0.734375	-0.793893	-0.931298	0.549618	1.706883
-0.685059	-0.189453	0.735840	-0.274809	-1.366412	0.305344	1.715340
-0.673096	-0.194824	0.757568	-1.633588	0.328244	0.122137	1.723533
-0.688477	-0.198242	0.743896	-0.595420	-0.183206	0.541985	1.732034
-0.691162	-0.202637	0.731201	1.099237	-0.435115	0.786260	1.740463
-0.684082	-0.197754	0.742188	1.893130	-0.221374	1.290076	1.748878
-0.685059	-0.192871	0.749268	0.572519	0.061069	0.900763	1.757471
-0.696777	-0.202881	0.737305	0.419847	0.061069	0.793893	1.765932
-0.703125	-0.213379	0.729248	0.877863	-1.427481	-1.282443	1.774411
-0.690430	-0.209961	0.739746	-2.007634	-0.725191	-0.541985	1.782753
-0.684082	-0.224365	0.723877	0.595420	-0.396947	0.473282	1.791298
-0.687744	-0.194336	0.742920	2.847328	-0.580153	0.778626	1.799690
-0.694092	-0.178467	0.726318	-1.618321	-0.877863	0.801527	1.808155
-0.677734	-0.199463	0.744629	-1.015267	-0.526718	0.229008	1.816051
-0.684814	-0.202393	0.745361	0.427481	-0.778626	0.282443	1.824718
-0.687012	-0.201660	0.745850	-0.961832	-1.099237	0.648855	1.833256
-0.680176	-0.197266	0.739502	0.290076	-0.633588	0.396947	1.841129
-0.683350	-0.194824	0.743164	-0.419847	-0.465649	1.122137	1.849579
-0.678955	-0.192871	0.730713	0.343511	-0.541985	0.259542	1.857984
-0.683105	-0.195557	0.741211	-1.045802	-1.297710	-0.015267	1.866621
-0.685059	-0.202881	0.737061	-1.343511	-0.435115	0.206107	1.875088
-0.680176	-0.199219	0.739014	0.557252	-0.847328	0.053435	1.883473
-0.666992	-0.198730	0.744629	-1.595420	0.297710	-1.893130	1.891939
-0.689697	-0.204834	0.724854	0.984733	-0.442748	1.022901	1.900186
-0.694824	-0.182617	0.741699	0.091603	0.167939	1.465649	1.908757
-0.680176	-0.216553	0.738770	1.526718	0.335878	0.938931	1.917277
-0.681396	-0.199219	0.740723	0.885496	1.938931	1.221374	1.925757
-0.681152	-0.204102	0.735840	0.480916	-0.320611	1.351145	1.934085
-0.675049	-0.194580	0.767090	-0.366412	-1.167939	1.152672	1.942550
-0.676514	-0.198975	0.736084	-1.702290	-0.389313	0.595420	1.951057
-0.690186	-0.200684	0.745117	0.770992	-0.473282	0.702290	1.959584
-0.685303	-0.197754	0.739990	-0.160305	-0.519084	1.137405	1.968150
-0.686768	-0.197021	0.741699	0.549618	-0.297710	0.732824	1.976778
-0.679443	-0.198242	0.734619	-0.694656	-0.801527	0.320611	1.985117
-0.685547	-0.191895	0.733154	-0.572519	-0.458015	0.877863	1.993394
-0.687744	-0.198730	0.733887	-0.923664	-0.740458	0.648855	2.001837
-0.677979	-0.197998	0.742676	-0.839695	-0.534351	1.015267	2.010334
-0.673584	-0.192871	0.735840	0.923664	-0.480916	0.732824	2.018635
-0.685547	-0.197021	0.734863	-0.679389	-0.893130	0.427481	2.027270
-0.690918	-0.199951	0.730957	-0.709924	-0.885496	0.427481	2.035496
-0.679688	-0.194824	0.745850	0.419847	-1.076336	0.282443	2.044204
-0.691162	-0.198975	0.741211	-0.473282	-0.778626	0.633588	2.052689
-0.682861	-0.199951	0.753174	0.129771	-0.633588	0.862595	2.060923
-0.679932	-0.195801	0.742432	0.595420	-0.526718	1.358779	2.069471
-0.687744	-0.192871	0.749756	1.381679	-0.236641	1.358779	2.080225
-0.688232	-0.199951	0.723389	0.015267	-0.167939	0.809160	2.088396
-0.683105	-0.194580	0.742920	-0.717557	0.053435	0.366412	2.096981
-0.695557	-0.200928	0.730469	0.648855	-0.022901	0.519084	2.105406
-0.687012	-0.189941	0.747803	0.122137	-0.213740	1.068702	2.113919
-0.680420	-0.191650	0.734375	-0.030534	-0.206107	0.671756	2.121778
-0.682129	-0.204590	0.743408	-2.282443	-0.488550	0.732824	2.129950
-0.688721	-0.208008	0.733154	-0.045802	-0.396947	0.938931	2.138260
-0.683105	-0.187012	0.738281	1.381679	-0.717557	0.816794	2.147512
-0.683105	-0.197998	0.736084	-2.328244	-0.824427	0.748092	2.156133
-0.677002	-0.210938	0.734375	0.007634	-0.366412	0.595420	2.164595
-0.682373	-0.205566	0.740723	1.099237	-0.534351	0.541985	2.173294
-0.689941	-0.197266	0.738525	-0.862595	-1.198473	0.175573	2.181989
-0.684082	-0.196289	0.741943	-1.580153	-1.328244	0.114504	2.190522
-0.685059	-0.206543	0.742188	-1.282443	-1.114504	0.206107	2.198970
-0.690674	-0.203857	0.724365	0.572519	-0.633588	0.587786	2.207188
-0.697021	-0.195068	0.740723	0.427481	-0.160305	1.465649	2.215846
-0.682861	-0.198242	0.743896	1.030534	-0.053435	0.816794	2.224304
-0.683105	-0.189941	0.730713	-0.801527	-0.221374	0.740458	2.232782
-0.685303	-0.203369	0.736328	0.549618	-0.175573	0.564885	2.241304
-0.680420	-0.202148	0.741211	0.961832	-0.152672	1.381679	2.249576
-0.681396	-0.197998	0.736572	0.984733	-0.183206	0.908397	2.258068
-0.699951	-0.201416	0.740723	0.366412	-0.404580	0.198473	2.266635
-0.691895	-0.213135	0.742920	-1.908397	-1.358779	0.068702	2.275209
-0.700439	-0.219238	0.727539	-0.122137	-0.900763	0.923664	2.283645
-0.672363	-0.191406	0.747314	2.473282	-0.358779	0.816794	2.292163
-0.684326	-0.216064	0.734863	-0.778626	-0.740458	0.625954	2.300656
-0.693359	-0.185303	0.755371	-1.305344	-0.374046	0.351145	2.309125
-0.682861	-0.212158	0.733887	-0.251908	-0.648855	0.740458	2.317559
-0.689209	-0.205811	0.743164	1.167939	-0.816794	0.954198	2.326103
-0.695557	-0.191895	0.738770	0.374046	-0.633588	0.473282	2.334412
-0.683594	-0.200684	0.751953	-2.374046	-1.419847	0.114504	2.342520
-0.675537	-0.207764	0.724609	-1.404580	-0.923664	0.366412	2.350974
-0.678711	-0.207031	0.734131	-0.312977	-1.274809	0.679389	2.359438
-0.690186	-0.194824	0.738281	-0.786260	-0.763359	0.755725	2.367793
-0.666992	-0.195068	0.756348	-0.854962	0.236641	0.106870	2.376285
-0.678223	-0.203857	0.743408	0.412214	-0.251908	0.396947	2.384812
-0.697266	-0.199707	0.727051	-1.167939	-0.580153	1.106870	2.393180
-0.675537	-0.206787	0.728271	2.847328	0.328244	1.267176	2.401851
-0.682129	-0.196777	0.744629	0.702290	-0.198473	1.190840	2.410059
-0.679688	-0.199707	0.739746	0.412214	0.122137	0.862595	2.418530
-0.679199	-0.197754	0.749756	1.198473	0.267176	1.152672	2.426768
-0.685303	-0.202881	0.742920	0.351145	-0.732824	0.244275	2.434857
-0.702393	-0.215088	0.736572	-1.977099	-1.366412	0.061069	2.443160
-0.697021	-0.225830	0.721436	1.396947	-0.534351	1.152672	2.451850
-0.697754	-0.185791	0.740967	2.549618	-0.328244	1.152672	2.460232
-0.681152	-0.192871	0.740967	-1.916031	-0.816794	0.610687	2.468691
-0.678223	-0.208740	0.741943	-0.145038	-0.541985	0.274809	2.476821
-0.683594	-0.190430	0.738770	1.312977	-0.534351	0.572519	2.484888
-0.673584	-0.197021	0.753662	-1.648855	-0.625954	0.664122	2.492750
-0.694092	-0.201904	0.743164	-0.251908	-0.984733	0.244275	2.501216
-0.695068	-0.208252	0.737061	0.068702	-0.717557	0.793893	2.509864
-0.672852	-0.195068	0.742920	0.625954	-1.236641	0.832061	2.518364
-0.685547	-0.191406	0.741943	-1.748092	-1.007634	0.610687	2.526736
-0.682617	-0.206543	0.735352	-0.961832	-0.610687	0.473282	2.535400
-0.673584	-0.197998	0.734863	0.335878	-0.900763	0.343511	2.543775
-0.688232	-0.213135	0.732422	-0.328244	-1.106870	0.396947	2.552302
-0.693848	-0.204590	0.733887	-0.015267	-0.488550	1.091603	2.560938
-0.675537	-0.193848	0.742432	0.824427	-0.503817	1.038168	2.569245
-0.689209	-0.195801	0.747559	0.786260	-0.175573	0.923664	2.577670
-0.677246	-0.200684	0.745605	1.030534	0.274809	0.793893	2.586126
-0.676025	-0.196777	0.749756	0.541985	0.030534	0.923664	2.594391
-0.688965	-0.212158	0.737793	0.511450	-0.557252	0.007634	2.602676
-0.696777	-0.213623	0.746582	-1.633588	-1.183206	-0.435115	2.611082
-0.690674	-0.207520	0.721191	0.045802	-0.236641	1.045802	2.619336
-0.680420	-0.201904	0.748535	2.022901	0.022901	0.854962	2.627892
-0.660400	-0.189941	0.756104	-1.412214	-0.152672	-0.129771	2.636152
-0.692139	-0.211914	0.730713	-1.519084	-0.709924	0.648855	2.644665
-0.678955	-0.191650	0.746582	1.450382	-0.564885	0.908397	2.653339
-0.683350	-0.194824	0.735352	-1.137405	-0.595420	0.473282	2.661783
-0.701172	-0.204102	0.733887	-0.992366	-0.419847	0.206107	2.670210
-0.688965	-0.203125	0.749023	0.587786	-0.450382	1.702290	2.679119
-0.666504	-0.194824	0.730713	-0.038168	-1.473282	0.465649	2.687551
-0.670410	-0.200439	0.740723	-2.358779	-1.175573	0.015267	2.696005
-0.689697	-0.201416	0.723145	-0.473282	-0.595420	0.053435	2.704574
-0.676025	-0.202148	0.767090	0.732824	-0.236641	0.648855	2.713018
-0.695312	-0.197510	0.728516	-1.557252	-0.152672	0.923664	2.721479
-0.681641	-0.197266	0.730713	-0.435115	-0.007634	0.824427	2.730034
-0.679443	-0.210938	0.757568	0.480916	-0.450382	0.793893	2.737973
-0.697754	-0.191406	0.731201	0.251908	0.145038	1.145038	2.746345
-0.669922	-0.201660	0.729980	1.618321	0.015267	0.801527	2.755064
-0.711914	-0.175293	0.738525	1.229008	-1.893130	-4.824427	2.763310
-0.731689	-0.214111	0.709473	-3.450382	-0.122137	0.091603	2.771601
-0.657959	-0.198242	0.733398	0.328244	0.145038	0.908397	2.780243
-0.666504	-0.197021	0.763428	0.099237	0.290076	-0.603053	2.788723
-0.673096	-0.256592	0.773682	1.183206	2.549618	6.801527	2.797323
-0.549561	-0.393555	0.665039	39.030534	-1.702290	24.106870	2.805808
-0.491943	-0.199951	0.688721	98.625954	9.022901	45.297710	2.814188
-0.655762	-0.134521	0.675293	102.778626	2.137405	51.969466	2.822557
-0.848877	-0.071045	0.737793	98.900763	0.450382	35.206107	2.831194
-0.742432	0.046875	1.036377	25.458015	-2.755725	23.534351	2.839339
-0.650879	-0.036377	0.687012	-24.625954	-8.000000	14.725191	2.847749
-0.710693	-0.220703	0.783447	-9.160305	-3.175573	2.145038	2.856173
-0.739014	-0.250732	0.781982	21.328244	-1.091603	11.381679	2.864502
-0.658691	-0.128418	0.759521	27.114504	0.167939	19.404580	2.872887
-0.644043	-0.089355	0.755371	25.290076	0.305344	13.190840	2.881367
-0.698486	-0.095947	0.780029	8.480916	1.076336	6.900763	2.889834
-0.693604	-0.107178	0.723877	1.114504	-0.335878	5.580153	2.898303
-0.682373	-0.137451	0.778320	3.587786	-0.328244	5.381679	2.906588
-0.653809	-0.098145	0.748047	0.763359	1.450382	0.488550	2.914968
-0.613281	-0.132812	0.781006	-8.526718	3.977099	-1.725191	2.923400
-0.657471	-0.124268	0.791260	-8.007634	3.000000	-2.343511	2.932186
-0.714844	-0.131592	0.746338	-12.099237	5.969466	0.000000	2.940338
-0.662354	-0.114258	0.799072	-6.854962	8.351145	-1.374046	2.949024
-0.726318	-0.098145	0.642822	-11.839695	0.053435	-4.343511	2.957396
-0.675781	-0.126709	0.833740	-28.664122	6.748092	-4.015267	2.965773
-0.732666	-0.145020	0.590820	-23.076336	-3.129771	-3.603053	2.974228
-0.770752	-0.164551	0.773926	-7.564885	-5.664122	-7.160305	2.982588
-0.720459	-0.127686	0.740967	-33.015267	-12.702290	-12.290076	2.991068
-0.630615	-0.165527	0.758301	-26.946565	-7.358779	-9.648855	2.999456
-0.747803	-0.173096	0.729004	-12.442748	1.396947	-1.824427	3.007962
-0.707275	-0.168213	0.746338	9.931298	-5.152672	2.969466	3.016455
-0.728271	-0.115967	0.750732	4.045802	-2.305344	2.809160	3.024819
-0.710693	-0.184570	0.739746	-2.106870	-1.038168	4.519084	3.033546
-0.689941	-0.159424	0.732178	9.580153	-8.030534	2.152672	3.041903
-0.686035	-0.133057	0.727295	10.847328	-4.671756	5.389313	3.050442
-0.751709	-0.147461	0.623047	8.427481	-17.297710	4.961832	3.058735
-0.729004	-0.066650	0.777344	2.435115	-2.679389	4.954198	3.067165
-0.664307	-0.187744	0.653076	9.427481	-3.419847	6.641221	3.075739
-0.643555	-0.157471	0.805176	17.847328	0.167939	8.229008	3.084155
-0.663330	-0.153320	0.731445	15.152672	1.763359	9.908397	3.092565
-0.683594	-0.135010	0.742676	14.160305	1.442748	10.709924	3.101026
-0.685303	-0.102783	0.732422	20.305344	-3.786260	7.702290	3.109293
-0.698975	-0.088135	0.740723	7.290076	-1.633588	5.038168	3.117566
-0.742920	-0.126709	0.690674	-1.519084	-1.557252	5.618321	3.125439
-0.681152	-0.099854	0.739014	6.267176	1.190840	4.366412	3.133892
-0.682617	-0.128418	0.810547	3.511450	-0.793893	-0.221374	3.141669
-0.696777	-0.142822	0.751953	-2.137405	1.160305	2.480916	3.150530
-0.684570	-0.114502	0.788086	-2.503817	2.206107	-0.236641	3.158892
-0.710449	-0.115723	0.697021	-10.000000	1.839695	-0.969466	3.167560
-0.739014	-0.163086	0.768311	-3.305344	-0.167939	-0.282443	3.176356
-0.691650	-0.125732	0.752441	-3.900763	2.923664	1.183206	3.184837
-0.671875	-0.139648	0.732422	-1.816794	0.450382	-0.587786	3.193440
-0.697754	-0.152588	0.764404	-4.335878	0.603053	0.656489	3.202100
-0.687744	-0.090820	0.757080	-6.221374	1.610687	-0.839695	3.210428
-0.656738	-0.119141	0.716064	-5.274809	2.908397	1.137405	3.219205
-0.671387	-0.176025	0.822021	9.572519	-6.190840	-2.549618	3.227880
-0.688232	-0.126709	0.770264	-4.938931	0.458015	1.717557	3.236293
-0.685059	-0.157227	0.738281	-1.923664	-0.175573	1.160305	3.244648
-0.683838	-0.113770	0.744629	-0.870229	-0.480916	1.419847	3.253330
-0.691650	-0.143799	0.760986	0.641221	1.137405	-0.480916	3.262077
-0.660156	-0.140381	0.745605	-1.625954	1.030534	0.381679	3.270654
-0.683105	-0.150391	0.719971	-2.167939	0.839695	0.106870	3.279400
-0.703857	-0.145264	0.735596	-1.358779	0.732824	1.061069	3.287720
-0.702148	-0.157227	0.750732	-1.000000	1.366412	3.854962	3.296346
-0.692871	-0.146240	0.779297	0.282443	0.435115	1.580153	3.304759
-0.687744	-0.127686	0.734863	-2.900763	-0.496183	1.251908	3.312976
-0.580566	-0.115479	0.790771	-2.961832	10.687023	0.152672	3.321502
-0.618408	-0.149414	0.793701	0.083969	6.694656	-3.030534	3.330122
-0.666260	-0.167236	0.784912	0.770992	-0.862595	-2.519084	3.338542
-0.675537	-0.152832	0.748291	-6.801527	0.389313	-1.213740	3.346946
-0.695312	-0.185303	0.733398	-5.251908	0.183206	0.175573	3.355558
-0.699951	-0.129883	0.737793	-2.610687	-0.091603	0.038168	3.363674
-0.695312	-0.151611	0.741699	-1.732824	0.099237	0.312977	3.372059
-0.667236	-0.228516	0.845947	9.076336	-15.480916	2.534351	3.380887
-0.711182	-0.075439	0.822266	-2.610687	0.343511	3.106870	3.389433
-0.686523	-0.171631	0.728027	-0.725191	-0.251908	0.374046	3.398005
-0.683838	-0.137451	0.739990	3.839695	0.496183	1.351145	3.406490
-0.681152	-0.137207	0.742920	-1.610687	0.366412	0.465649	3.414808
-0.685303	-0.145264	0.739746	-0.381679	1.412214	1.778626	3.423211
-0.739258	-0.138184	0.733154	2.305344	2.473282	2.916031	3.431911
-0.697998	-0.130371	0.757080	-0.030534	0.076336	1.175573	3.440393
-0.686035	-0.150146	0.739258	-1.221374	1.282443	1.076336	3.448675
-0.695801	-0.132080	0.808105	3.099237	11.366412	1.290076	3.457278
-0.829590	-0.184814	0.709229	-11.618321	7.007634	4.557252	3.465463
-0.723389	-0.135742	0.732910	5.282443	1.389313	3.267176	3.473967
-0.694580	-0.122314	0.734863	1.908397	0.274809	1.389313	3.482559
-0.693604	-0.148926	0.747070	1.274809	0.923664	1.633588	3.490845
-0.696777	-0.132324	0.747070	1.381679	0.175573	1.480916	3.499375
-0.690918	-0.132568	0.736816	-0.351145	0.320611	1.015267	3.508020
-0.695068	-0.136963	0.738770	-0.427481	0.450382	0.221374	3.516335
-0.694092	-0.136719	0.737793	-3.259542	0.549618	0.061069	3.524883
-0.694824	-0.142090	0.754639	-0.824427	0.557252	0.167939	3.533605
-0.692139	-0.135498	0.734863	-2.236641	0.389313	0.320611	3.542695
-0.704102	-0.144287	0.748779	-0.236641	0.351145	0.458015	3.551160
-0.693848	-0.132568	0.748291	0.396947	0.160305	1.137405	3.559839
-0.694580	-0.134277	0.747070	0.381679	0.427481	1.038168	3.568055
-0.702148	-0.135986	0.734619	1.038168	-0.007634	1.015267	3.576821
-0.698242	-0.130371	0.738281	1.076336	0.496183	-0.122137	3.585426
-0.698486	-0.158691	0.740479	-0.358779	-0.053435	-0.145038	3.593728
-0.697266	-0.140869	0.743408	0.816794	0.206107	0.900763	3.602098
-0.695557	-0.129639	0.745117	-1.343511	-0.137405	-0.068702	3.610640
-0.699707	-0.130371	0.730713	-3.229008	0.282443	0.236641	3.619175
-0.697021	-0.146240	0.758545	0.427481	0.595420	0.099237	3.627601
-0.693848	-0.141846	0.752197	-1.702290	-0.297710	-0.145038	3.636202
-0.698975	-0.148438	0.750000	-0.259542	0.274809	0.862595	3.644729
-0.699707	-0.148193	0.748779	1.595420	-0.030534	1.480916	3.653031
-0.696289	-0.132080	0.746582	1.335878	-0.061069	1.541985	3.660991
-0.694580	-0.144531	0.750977	-0.198473	-0.061069	1.328244	3.669395
-0.697998	-0.135498	0.747559	0.251908	0.061069	0.977099	3.678282
-0.695312	-0.146729	0.743896	0.702290	1.923664	1.664122	3.686663
-0.693604	-0.166016	0.739502	4.404580	-0.923664	3.954198	3.695064
-0.649658	-0.101807	0.800293	7.038168	8.908397	0.786260	3.703731
-0.777588	-0.220459	0.759766	13.900763	-0.725191	0.740458	3.712493
-0.700439	-0.067383	0.689941	-3.832061	0.740458	2.114504	3.721050
-0.696045	-0.172607	0.762695	-2.244275	1.938931	0.587786	3.729767
-0.688965	-0.101562	0.727051	2.038168	0.137405	0.603053	3.738302
-0.736084	-0.118652	0.650635	-4.511450	-6.893130	2.610687	3.746473
-0.714844	-0.154541	0.745117	3.687023	-1.045802	1.458015	3.754390
-0.697510	-0.104736	0.746338	1.259542	-0.595420	1.114504	3.762140
-0.705811	-0.140869	0.743896	-2.580153	-0.335878	0.244275	3.769829
-0.703125	-0.148438	0.745605	-0.114504	-0.213740	0.648855	3.777978
-0.689453	-0.132080	0.742920	-0.152672	0.587786	0.610687	3.787041
-0.691895	-0.154541	0.767090	-1.458015	-0.816794	0.519084	3.795380
-0.697266	-0.133545	0.746338	1.022901	-0.442748	0.977099	3.803698
-0.694580	-0.146240	0.748047	-0.832061	0.221374	1.297710	3.812248
-0.686523	-0.138916	0.753418	1.320611	-0.725191	1.534351	3.820613
-0.703613	-0.126709	0.746094	-0.641221	-0.015267	0.877863	3.829336
-0.694092	-0.134277	0.743896	0.175573	0.351145	0.381679	3.837822
-0.694580	-0.122803	0.748291	-1.358779	-0.167939	0.099237	3.846125
-0.699951	-0.137207	0.742676	-0.931298	0.442748	0.068702	3.854760
-0.694092	-0.141113	0.737793	-1.572519	0.015267	0.259542	3.863177
-0.690918	-0.132812	0.743896	-1.076336	-0.167939	0.007634	3.871459
-0.695312	-0.137939	0.737549	-1.190840	0.022901	0.305344	3.879984
-0.696289	-0.134521	0.736328	-0.396947	0.267176	0.549618	3.888328
-0.690918	-0.137451	0.738525	-0.335878	0.068702	0.374046	3.896751
-0.695557	-0.129150	0.736816	-0.114504	-0.152672	0.748092	3.904586
-0.698242	-0.140381	0.734863	-0.068702	-0.297710	0.656489	3.912425
-0.695068	-0.136963	0.746582	0.122137	-0.183206	0.213740	3.920492
-0.685791	-0.133057	0.743164	-1.000000	-0.190840	0.320611	3.928351
-0.691162	-0.136475	0.749756	-1.877863	0.106870	-0.251908	3.936031
-0.703857	-0.132568	0.747803	-1.732824	0.160305	-0.770992	3.943637
-0.641846	-0.097656	0.667969	-2.977099	-8.076336	0.984733	3.953230
-0.743652	-0.102295	0.750488	-3.206107	0.923664	1.786260	3.961435
-0.699951	-0.129150	0.736328	0.503817	-0.801527	-2.351145	3.969260
-0.706055	-0.158936	0.746582	-4.000000	-0.503817	-0.717557	3.977210
-0.693115	-0.122314	0.750244	-2.732824	0.259542	-1.709924	3.985520
-0.710938	-0.134033	0.742676	-8.015267	1.374046	-2.290076	3.994571
-0.698242	-0.138428	0.733887	-5.458015	2.129771	-2.687023	4.002659
-0.700439	-0.126709	0.737793	-7.122137	0.503817	-2.389313	4.011307
-0.703125	-0.145264	0.721191	-9.770992	0.496183	-2.687023	4.019582
-0.691895	-0.159424	0.729492	-2.702290	0.404580	-1.572519	4.028576
-0.700195	-0.140381	0.756836	-4.702290	0.572519	-1.175573	4.036951
-0.708984	-0.113525	0.741455	-8.236641	0.374046	-2.343511	4.045507
-0.691406	-0.159424	0.751709	-10.816794	-0.969466	-3.603053	4.053577
-0.685059	-0.192627	0.728516	-3.358779	-0.435115	-0.809160	4.062069
-0.693115	-0.146973	0.746826	1.122137	-0.022901	0.755725	4.070681
-0.708008	-0.144043	0.736328	-1.343511	0.404580	0.221374	4.081834
-0.700684	-0.154297	0.725098	-0.099237	0.748092	0.824427	4.090269
-0.696533	-0.153076	0.730713	1.748092	-0.007634	1.374046	4.098661
-0.691895	-0.137207	0.725342	0.557252	-0.106870	0.648855	4.106660
-0.718506	-0.151367	0.754150	-1.145038	0.328244	-0.091603	4.114548
-0.701660	-0.151367	0.718994	-0.106870	0.091603	0.969466	4.122382
-0.698242	-0.147217	0.744629	0.801527	0.244275	1.083969	4.130398
-0.692627	-0.150146	0.729736	-0.465649	-0.175573	0.694656	4.138364
-0.697754	-0.151123	0.748535	-0.114504	-0.099237	0.900763	4.147384
-0.693848	-0.146240	0.743652	0.870229	-0.152672	0.793893	4.155477
-0.696289	-0.146973	0.744873	0.030534	-0.244275	0.770992	4.164176
-0.699219	-0.141113	0.737061	0.748092	-0.160305	0.458015	4.172628
-0.694092	-0.148438	0.736084	-0.740458	-0.145038	0.694656	4.180934
-0.708252	-0.141357	0.749023	-0.412214	-0.122137	-0.389313	4.189656
-0.695312	-0.142090	0.732666	-1.603053	0.374046	-0.526718	4.197661
-0.683594	-0.158936	0.746582	-3.061069	-0.030534	-1.366412	4.206451
-0.694580	-0.163574	0.777588	-8.114504	-0.099237	-2.335878	4.214888
-0.685547	-0.128662	0.738770	-5.763359	1.442748	-3.320611	4.223515
-0.700195	-0.156982	0.744629	-6.854962	0.213740	-2.045802	4.232050
-0.700928	-0.164062	0.716797	-2.946565	-0.389313	0.374046	4.240611
-0.709473	-0.148682	0.735840	0.763359	0.007634	1.007634	4.249094
-0.692139	-0.141357	0.729736	0.358779	-0.083969	0.717557	4.257662
-0.703125	-0.150635	0.740967	-0.809160	-0.259542	0.358779	4.266147
-0.694824	-0.152100	0.727783	-0.061069	-0.091603	0.427481	4.274060
-0.693359	-0.143311	0.730469	-0.679389	-0.122137	0.618321	4.281915
-0.692383	-0.155762	0.746338	-0.809160	0.488550	0.824427	4.290786
-0.704346	-0.154053	0.743652	1.267176	0.900763	1.076336	4.299382
-0.637207	-0.146240	0.739502	-0.374046	4.312977	1.954198	4.307646
-0.763916	-0.137939	0.737061	-2.664122	4.435115	2.129771	4.316121
-0.687012	-0.180176	0.735840	1.175573	-0.687023	1.328244	4.324620
-0.691650	-0.146729	0.756592	2.580153	-0.862595	1.900763	4.333239
-0.699951	-0.160400	0.734863	0.480916	-0.297710	1.045802	4.341349
-0.681396	-0.137451	0.742676	-1.366412	0.053435	0.129771	4.349887
-0.694092	-0.161621	0.729248	-1.167939	0.007634	-1.954198	4.358390
-0.692383	-0.149658	0.735352	-0.190840	0.083969	0.870229	4.366953
-0.700195	-0.160156	0.738770	-0.854962	0.007634	-0.022901	4.375545
-0.634277	-0.203369	0.782959	0.366412	6.015267	4.000000	4.383907
-0.666748	-0.118408	0.763184	0.870229	2.610687	2.854962	4.392283
-0.690918	-0.167480	0.726562	-2.244275	-0.740458	0.984733	4.400404
-0.710449	-0.154541	0.740967	2.358779	0.244275	1.297710	4.408231
-0.704834	-0.147461	0.729492	-0.083969	-0.389313	1.053435	4.416081
-0.702881	-0.161133	0.728271	1.580153	-0.045802	1.564885	4.424917
-0.697021	-0.144287	0.728760	0.480916	-0.496183	0.961832	4.433359
-0.704590	-0.163086	0.732422	-0.282443	-0.549618	1.183206	4.441572
-0.700928	-0.149170	0.730469	2.137405	-0.770992	1.343511	4.449451
-0.710938	-0.143311	0.737793	0.038168	-0.755725	1.129771	4.458141
-0.700684	-0.153564	0.729736	0.671756	-0.580153	0.786260	4.466691
-0.704102	-0.151855	0.742676	0.007634	-0.519084	0.717557	4.475191
-0.709473	-0.154297	0.728760	0.076336	-0.183206	1.167939	4.483431
-0.706787	-0.149414	0.738281	0.366412	-0.015267	0.801527	4.491696
-0.699951	-0.153564	0.730957	-0.511450	-0.259542	0.824427	4.500229
-0.695312	-0.139404	0.728760	0.603053	0.000000	0.931298	4.508686
-0.699951	-0.146484	0.740234	-0.511450	-0.267176	0.534351	4.516878
-0.696777	-0.155273	0.727783	-0.633588	-0.320611	0.488550	4.525389
-0.700439	-0.152832	0.731445	-0.374046	-0.106870	0.366412	4.533899
-0.696289	-0.145264	0.729736	0.297710	-0.381679	0.343511	4.542243
-0.709717	-0.151611	0.744629	-0.503817	-0.465649	0.488550	4.550922
-0.706299	-0.145508	0.738037	-0.549618	-0.206107	0.114504	4.559269
-0.697510	-0.146484	0.738281	-1.442748	-0.045802	0.290076	4.567635
-0.704102	-0.149658	0.734863	-0.534351	-0.076336	0.358779	4.576017
-0.699951	-0.153809	0.744385	-0.702290	-0.236641	0.206107	4.584404
-0.701904	-0.151611	0.738281	-0.038168	-0.282443	-0.038168	4.592664
-0.702148	-0.154297	0.725098	0.480916	-0.236641	0.511450	4.601229
-0.706055	-0.152344	0.724609	0.030534	-0.480916	0.862595	4.609724
-0.704590	-0.158447	0.736084	0.519084	-0.419847	0.687023	4.617909
-0.708252	-0.153809	0.738037	0.442748	-0.603053	0.961832	4.626459
-0.700439	-0.156250	0.734863	0.770992	-0.503817	1.160305	4.634916
-0.706055	-0.148193	0.739258	0.198473	-0.458015	1.122137	4.643281
-0.705322	-0.152344	0.734131	0.229008	-0.312977	1.335878	4.651709
-0.702881	-0.151367	0.739502	0.244275	-0.534351	0.503817	4.660385
-0.697754	-0.149658	0.738037	0.030534	-0.167939	0.801527	4.668830
-0.702393	-0.144775	0.737549	-0.221374	-0.076336	0.694656	4.676968
-0.701660	-0.151367	0.735352	-0.702290	-0.167939	-0.061069	4.684877
-0.701416	-0.155518	0.728516	-0.656489	-0.435115	0.251908	4.693028
-0.703369	-0.160889	0.726074	-1.106870	-0.404580	0.893130	4.701960
-0.706543	-0.151855	0.743408	-0.129771	-0.374046	0.541985	4.710363
-0.708984	-0.147217	0.735596	0.137405	-0.519084	0.076336	4.718542
-0.707275	-0.149170	0.736816	-0.015267	-0.328244	0.526718	4.727428
-0.703369	-0.149170	0.740234	-0.038168	-0.053435	0.748092	4.735910
-0.697510	-0.162598	0.732910	0.328244	-0.404580	1.083969	4.744414
-0.697266	-0.147461	0.742676	-0.053435	-0.282443	0.832061	4.752791
-0.702148	-0.154297	0.735107	0.366412	-0.442748	0.709924	4.761389
-0.703613	-0.150391	0.733643	0.648855	-0.328244	1.068702	4.769973
-0.703857	-0.146484	0.722412	0.526718	-0.435115	0.450382	4.778358
-0.703125	-0.151611	0.738770	0.442748	-0.442748	0.458015	4.786979
-0.704346	-0.150391	0.741211	-0.236641	-0.595420	0.648855	4.795380
-0.699219	-0.145752	0.732666	0.549618	-0.412214	0.786260	4.803347
-0.707764	-0.149658	0.729980	0.068702	-0.557252	0.488550	4.812209
-0.703857	-0.148926	0.725342	0.450382	-0.381679	0.412214	4.820667
-0.690430	-0.144775	0.725342	0.900763	-0.541985	1.030534	4.829270
-0.701416	-0.148193	0.736084	0.335878	-0.541985	1.160305	4.837681
-0.702393	-0.150146	0.729492	0.587786	-0.259542	0.824427	4.846017
-0.699951	-0.143799	0.748291	0.374046	-0.274809	0.610687	4.854430
-0.699463	-0.156982	0.738037	-0.496183	-0.267176	0.793893	4.862817
-0.699707	-0.144775	0.722656	0.412214	-0.503817	0.992366	4.871104
-0.703613	-0.151855	0.730469	-0.244275	-0.213740	0.450382	4.879841
-0.706543	-0.150635	0.731934	-0.458015	-0.076336	1.931298	4.887766
-0.706299	-0.157715	0.722168	-0.786260	-0.251908	0.274809	4.895704
-0.707520	-0.149170	0.743652	-0.297710	-0.709924	0.366412	4.904564
-0.700684	-0.154297	0.730713	-0.641221	-0.557252	0.656489	4.913048
-0.702393	-0.158936	0.734619	1.206107	-0.610687	1.045802	4.921241
-0.700928	-0.144287	0.735840	0.251908	-0.473282	1.106870	4.929914
-0.702393	-0.155762	0.744141	0.450382	-0.404580	0.938931	4.938252
-0.708984	-0.152344	0.736328	0.259542	-0.519084	0.984733	4.946768
-0.702393	-0.151611	0.718750	1.213740	-0.641221	1.106870	4.955176
-0.701416	-0.144287	0.738281	0.526718	-0.580153	1.000000	4.963638
-0.700928	-0.153564	0.742432	0.053435	-0.534351	0.458015	4.971826
-0.692383	-0.152344	0.742676	0.030534	-0.435115	0.709924	4.980330
-0.707031	-0.152588	0.730469	0.480916	-0.458015	1.038168	4.988682
-0.703125	-0.149658	0.735107	-0.015267	-0.389313	0.786260	4.997080
-0.695557	-0.147217	0.728760	0.274809	-0.404580	0.511450	5.005300
-0.697266	-0.152344	0.731689	-0.152672	-0.320611	0.564885	5.013774
-0.702637	-0.155273	0.728760	-0.603053	-0.419847	0.419847	5.022510
-0.701660	-0.149658	0.743652	0.282443	-0.213740	0.786260	5.031312
-0.695801	-0.147705	0.736816	-0.496183	-0.267176	0.190840	5.039706
-0.706299	-0.153564	0.729736	-0.442748	-0.083969	0.152672	5.047619
-0.705322	-0.151367	0.739990	-0.671756	-0.221374	0.473282	5.055594
-0.701172	-0.150146	0.730469	-0.534351	-0.015267	0.099237	5.063354
-0.693604	-0.155762	0.739990	-1.259542	-0.129771	0.236641	5.072430
-0.700439	-0.153320	0.738770	-0.396947	-0.221374	0.038168	5.081046
-0.704102	-0.155273	0.731201	-0.671756	-0.267176	0.419847	5.089510
-0.701416	-0.153809	0.733887	0.480916	-0.190840	0.206107	5.097960
-0.704590	-0.159180	0.730713	0.145038	-0.473282	1.015267	5.105930
-0.700684	-0.148438	0.729980	0.931298	-0.374046	1.145038	5.114561
-0.702148	-0.151611	0.730713	0.641221	-0.778626	0.893130	5.123036
-0.701416	-0.148682	0.729492	1.099237	-0.435115	1.259542	5.131497
-0.697021	-0.150879	0.729492	0.389313	-0.381679	1.290076	5.139945
-0.708984	-0.146240	0.724121	0.450382	0.206107	0.793893	5.148339
-0.717773	-0.150391	0.728516	0.526718	-0.267176	0.793893	5.156642
-0.700195	-0.148438	0.738037	0.137405	-0.572519	0.839695	5.165169
-0.701416	-0.151367	0.744629	-1.923664	-0.358779	0.793893	5.173600
-0.701660	-0.149170	0.756348	0.419847	-0.389313	0.526718	5.182025
-0.693604	-0.150879	0.728760	0.190840	-0.206107	0.763359	5.190269
-0.706787	-0.152344	0.744629	0.068702	-0.435115	0.412214	5.198849
-0.697754	-0.147461	0.726562	-0.664122	-0.251908	0.404580	5.207044
-0.699951	-0.152588	0.736328	-0.358779	-0.213740	0.328244	5.215846
-0.703613	-0.153320	0.729736	-0.755725	-0.190840	0.419847	5.224463
-0.697754	-0.149902	0.732666	-1.213740	-0.244275	0.175573	5.232951
-0.697021	-0.155762	0.733887	-0.160305	-0.007634	0.511450	5.241671
-0.717041	-0.153564	0.738770	-0.587786	-0.290076	0.374046	5.250039
-0.704346	-0.160889	0.737305	-0.198473	-0.496183	0.435115	5.258396
-0.705811	-0.155518	0.736328	0.763359	-0.748092	0.832061	5.267048
-0.694336	-0.153564	0.731934	0.015267	-0.419847	1.236641	5.275634
-0.699707	-0.144531	0.748047	0.244275	-0.351145	0.931298	5.284140
-0.699219	-0.147461	0.732422	0.007634	-0.274809	0.328244	5.292592
-0.699463	-0.153564	0.732178	-0.106870	-0.366412	0.572519	5.301272
-0.701416	-0.155029	0.724854	0.083969	-0.396947	0.824427	5.309692
-0.701416	-0.155273	0.727783	-0.809160	-0.274809	0.206107	5.318049
-0.700195	-0.159424	0.728271	-0.290076	-0.328244	0.702290	5.326769
-0.698975	-0.150146	0.732666	0.267176	-0.335878	0.679389	5.334891
-0.701416	-0.151123	0.732422	0.000000	-0.274809	0.885496	5.343300
-0.696533	-0.149658	0.742188	0.045802	-0.145038	0.435115	5.351690
-0.699951	-0.152832	0.727295	0.160305	-0.297710	0.030534	5.360149
-0.699951	-0.159424	0.728271	-0.351145	-0.793893	0.870229	5.368649
-0.696289	-0.152100	0.726318	0.038168	-0.450382	0.664122	5.377080
-0.689697	-0.145752	0.734619	0.122137	-0.305344	0.480916	5.385721
-0.708252	-0.148682	0.735107	-0.671756	-0.053435	0.312977	5.394052
-0.702637	-0.153076	0.734375	-0.297710	0.114504	0.534351	5.402675
-0.711182	-0.151123	0.743896	0.412214	-0.305344	0.893130	5.410987
-0.704590	-0.154785	0.728027	-0.198473	-0.442748	0.549618	5.419437
-0.692871	-0.147461	0.728760	-0.572519	-0.442748	0.381679	5.427946
-0.707520	-0.151855	0.743164	0.465649	-0.290076	0.809160	5.436461
-0.695801	-0.152344	0.731201	0.503817	-0.480916	0.969466	5.444887
-0.702637	-0.148682	0.733154	0.305344	-0.389313	0.641221	5.453337
-0.703125	-0.151855	0.722656	-0.099237	-0.496183	0.801527	5.461856
-0.702881	-0.153809	0.719971	0.320611	-0.557252	1.137405	5.470090
-0.700928	-0.143066	0.741943	-0.099237	-0.366412	0.877863	5.478553
-0.703369	-0.150391	0.739258	0.030534	-0.488550	0.503817	5.486931
-0.713867	-0.147705	0.734863	1.206107	-0.083969	0.938931	5.495003
-0.699951	-0.150635	0.730469	0.343511	-0.320611	0.656489	5.503609
-0.705811	-0.151611	0.740967	0.465649	-0.343511	0.755725	5.511805
-0.700195	-0.151123	0.727539	0.534351	-0.320611	0.778626	5.520423
-0.694336	-0.147949	0.738770	0.549618	-0.206107	0.969466	5.528990
-0.699951	-0.150146	0.737793	-0.145038	-0.381679	0.786260	5.536968
-0.699463	-0.152344	0.732178	0.137405	-0.709924	0.603053	5.544840
-0.703125	-0.149170	0.729492	0.000000	-0.427481	0.717557	5.553542
-0.702881	-0.146973	0.733398	-0.328244	-0.229008	0.618321	5.562075
-0.703613	-0.155029	0.731934	0.152672	-0.435115	0.625954	5.570474
-0.697510	-0.145508	0.742188	0.404580	-0.358779	0.770992	5.579072
-0.699707	-0.149902	0.749512	-0.648855	-0.427481	0.809160	5.587499
-0.699951	-0.153564	0.731934	1.007634	-0.534351	0.557252	5.595991
-0.698242	-0.154053	0.735352	-0.061069	-0.236641	0.870229	5.604302
-0.708496	-0.162842	0.735840	1.442748	-0.358779	0.618321	5.612651
-0.702148	-0.149902	0.732666	0.648855	-0.435115	0.839695	5.621135
-0.701904	-0.151367	0.732178	-0.320611	-0.702290	0.725191	5.629806
-0.698975	-0.154785	0.730957	0.099237	-0.488550	0.412214	5.638046
-0.701660	-0.144775	0.731445	0.007634	-0.641221	0.244275	5.646450
-0.704834	-0.162598	0.729248	0.381679	-0.282443	0.618321	5.654996
-0.695557	-0.155029	0.727539	0.702290	-0.465649	0.832061	5.663457
-0.712158	-0.149902	0.738525	0.061069	-0.496183	0.671756	5.671455
-0.706787	-0.151123	0.732910	0.610687	-0.259542	1.183206	5.680200
-0.707764	-0.147461	0.722412	0.832061	-0.465649	1.106870	5.688189
-0.706055	-0.150146	0.726074	0.297710	-0.503817	0.954198	5.696082
-0.705078	-0.149414	0.729492	0.244275	-0.389313	0.786260	5.703829
-0.696777	-0.145996	0.733643	-0.213740	-0.229008	0.458015	5.711768
-0.699951	-0.151611	0.732666	-0.435115	-0.297710	0.977099	5.719780
-0.698486	-0.147217	0.736084	-0.572519	-0.427481	0.183206	5.729847
-0.697266	-0.153076	0.732910	-0.664122	-0.198473	0.312977	5.738243
-0.707031	-0.148438	0.729248	-0.396947	-0.267176	0.297710	5.746754
-0.700928	-0.149658	0.719971	0.015267	-0.412214	0.320611	5.755486
-0.706543	-0.151367	0.727539	0.022901	-0.534351	0.503817	5.763732
-0.700928	-0.154053	0.733643	0.480916	-0.656489	0.931298	5.772034
-0.706787	-0.152588	0.734863	1.160305	-0.580153	1.282443	5.780405
-0.703857	-0.153320	0.742676	1.458015	-0.412214	1.206107	5.789302
-0.694092	-0.148926	0.733398	0.389313	-0.312977	1.030534	5.797884
-0.700928	-0.153076	0.749512	0.664122	-0.450382	0.854962	5.806204
-0.695312	-0.146240	0.745117	0.213740	-0.480916	0.832061	5.814004
-0.699951	-0.150879	0.729736	0.007634	-0.427481	0.770992	5.821796
-0.705322	-0.141357	0.735596	-0.045802	-0.290076	0.717557	5.830863
-0.693604	-0.142090	0.729492	0.297710	-0.213740	0.435115	5.839452
-0.704102	-0.152344	0.732910	-1.137405	-0.251908	0.190840	5.847764
-0.701660	-0.152100	0.732910	-0.015267	-0.190840	0.328244	5.856253
-0.703613	-0.153564	0.739014	-0.206107	-0.618321	1.015267	5.864661
-0.697266	-0.148193	0.732422	0.000000	-0.519084	0.549618	5.873022
-0.700928	-0.151855	0.726807	-0.152672	-0.328244	0.656489	5.881788
-0.702148	-0.145264	0.740723	0.221374	-0.251908	0.977099	5.890207
-0.705566	-0.153809	0.730469	-0.427481	-0.519084	0.664122	5.898619
-0.716553	-0.145264	0.743652	0.045802	-0.229008	0.396947	5.906745
-0.700928	-0.149902	0.741455	-0.244275	-0.412214	0.236641	5.915378
-0.701904	-0.148193	0.743164	-0.442748	-0.297710	0.480916	5.923538
-0.697266	-0.155029	0.724365	0.091603	-0.259542	0.450382	5.932291
-0.712646	-0.154785	0.749023	-0.236641	-0.351145	0.687023	5.940828
-0.703613	-0.157715	0.728760	0.137405	-0.511450	0.587786	5.949222
-0.696289	-0.147217	0.736328	0.267176	-0.297710	1.000000	5.957748
-0.696533	-0.148926	0.738037	0.038168	-0.465649	1.129771	5.966024
-0.695068	-0.152100	0.727051	1.190840	-0.679389	0.816794	5.974539
-0.699219	-0.146973	0.725830	-0.099237	-0.534351	0.595420	5.982958
-0.697998	-0.159668	0.731445	0.541985	-0.167939	1.099237	5.991422
-0.702393	-0.148682	0.721924	0.717557	-0.465649	1.236641	5.999779
-0.698242	-0.149658	0.734619	-0.106870	-0.358779	0.358779	6.008218
-0.702148	-0.155029	0.723145	0.832061	-0.427481	0.854962	6.016880
-0.701416	-0.141357	0.745605	-1.732824	-0.244275	0.534351	6.025378
-0.699951	-0.150879	0.723877	-1.114504	-0.145038	0.511450	6.033908
-0.715332	-0.148682	0.738770	0.076336	-0.213740	0.732824	6.042406
-0.690186	-0.154053	0.727783	0.702290	-0.419847	0.450382	6.050814
-0.701416	-0.150879	0.737305	-1.221374	-0.381679	0.259542	6.059252
-0.703369	-0.155273	0.738770	-0.755725	-0.122137	-0.007634	6.068266
-0.711182	-0.154297	0.727051	0.290076	-0.328244	0.671756	6.079148
-0.706787	-0.145752	0.737793	-0.847328	-0.076336	0.770992	6.087536
-0.702148	-0.147217	0.721436	-0.900763	-0.160305	0.038168	6.095890
-0.703857	-0.148193	0.728027	-1.374046	-0.099237	-0.175573	6.104234
-0.703857	-0.164307	0.723389	1.427481	-0.442748	0.740458	6.112386
-0.689209	-0.146484	0.733887	-0.396947	-0.137405	1.030534	6.120872
-0.691650	-0.152100	0.738770	-0.083969	-0.488550	0.687023	6.129354
-0.705078	-0.148926	0.729736	0.702290	-0.381679	0.648855	6.137812
-0.700439	-0.155762	0.738770	-0.717557	-0.503817	0.954198	6.146537
-0.693115	-0.147461	0.739746	1.534351	-0.465649	1.656489	6.154963
-0.697998	-0.149658	0.725342	-0.328244	-0.625954	0.923664	6.163214
-0.683350	-0.161621	0.746338	0.770992	-0.068702	1.000000	6.171642
-0.699951	-0.144043	0.751221	-0.061069	-0.587786	1.206107	6.180115
-0.698242	-0.155029	0.752441	-0.366412	-0.251908	0.335878	6.188631
-0.702148	-0.156982	0.715820	0.175573	-0.229008	0.450382	6.197185
-0.702393	-0.145752	0.736572	-0.786260	-0.572519	0.671756	6.205467
-0.703613	-0.150391	0.723633	1.129771	-1.946565	0.633588	6.213789
-0.705322	-0.150391	0.734375	0.122137	-0.450382	0.442748	6.222393
-0.704834	-0.150879	0.723633	-0.366412	-0.389313	0.129771	6.230703
-0.697510	-0.149658	0.737793	-1.213740	-0.251908	0.450382	6.239249
-0.690918	-0.149902	0.732422	-0.954198	-0.305344	0.419847	6.247640
-0.707031	-0.158447	0.730225	-0.091603	-0.335878	-0.206107	6.256275
-0.699463	-0.148193	0.744141	-0.633588	0.122137	-0.251908	6.264749
-0.701172	-0.150391	0.750488	-2.465649	0.488550	-0.244275	6.273491
-0.705322	-0.164062	0.723633	-1.984733	-0.351145	0.206107	6.282125
-0.703369	-0.149414	0.743408	0.442748	0.007634	0.732824	6.290676
-0.707764	-0.151123	0.731689	-0.129771	-0.343511	0.717557	6.299296
-0.703125	-0.156738	0.728760	1.000000	-0.427481	1.038168	6.307722
-0.699951	-0.153076	0.730225	0.389313	-0.541985	1.076336	6.315962
-0.697754	-0.151123	0.724121	1.381679	-0.503817	1.160305	6.324351
-0.688477	-0.147705	0.736816	0.732824	-0.442748	1.099237	6.332316
-0.710205	-0.145996	0.732910	0.511450	-0.786260	0.770992	6.340474
-0.703857	-0.142822	0.726074	0.832061	-0.709924	0.541985	6.349291
-0.711670	-0.148926	0.727051	0.045802	-0.519084	0.755725	6.357239
-0.701172	-0.147949	0.733398	0.740458	-0.442748	0.648855	6.366108
-0.702637	-0.145996	0.737305	-0.679389	-0.236641	0.541985	6.374822
-0.700195	-0.150635	0.729736	0.625954	-0.465649	0.549618	6.383340
-0.706543	-0.145508	0.730225	-0.923664	-0.206107	0.343511	6.391757
-0.702393	-0.155518	0.745361	-0.290076	-0.351145	0.267176	6.400248
-0.703125	-0.147217	0.731689	0.419847	-0.312977	0.908397	6.408569
-0.702148	-0.143311	0.732910	-0.503817	-0.312977	0.549618	6.417086
-0.699463	-0.144043	0.738525	-0.175573	-0.328244	0.160305	6.425738
-0.700928	-0.147705	0.730469	-0.435115	-0.259542	0.450382	6.433894
-0.699951	-0.150146	0.734131	-0.106870	-0.465649	0.519084	6.441931
-0.704834	-0.159668	0.726807	-0.717557	-0.335878	0.190840	6.450580
-0.703613	-0.144775	0.730469	-0.099237	-0.343511	0.648855	6.459031
-0.698242	-0.153076	0.723389	1.106870	-0.083969	1.038168	6.467378
-0.710693	-0.150879	0.739014	0.137405	-0.427481	0.603053	6.475926
-0.701660	-0.153809	0.734619	0.267176	-0.038168	0.793893	6.484425
-0.704102	-0.156738	0.742920	0.320611	-0.290076	0.969466	6.492773
-0.694580	-0.148682	0.730225	1.221374	-0.259542	1.450382	6.501262
-0.701416	-0.141357	0.735107	0.534351	-0.305344	0.832061	6.509569
-0.695801	-0.145264	0.728027	-0.374046	-0.358779	0.389313	6.518148
-0.704346	-0.150146	0.746094	-0.190840	-0.290076	0.473282	6.526620
-0.694580	-0.149658	0.729980	-0.068702	-0.236641	0.366412	6.534787
-0.699951	-0.153809	0.724365	-0.870229	-0.450382	0.312977	6.543213
-0.698486	-0.149170	0.736572	-0.152672	-0.587786	0.251908	6.551667
-0.704834	-0.156250	0.739990	-0.274809	-0.427481	0.519084	6.560005
-0.702148	-0.152100	0.733154	-0.030534	-0.366412	0.786260	6.568526
-0.707275	-0.155029	0.730713	-0.641221	-0.267176	0.259542	6.577039
-0.702393	-0.155029	0.743408	-0.511450	-0.167939	0.648855	6.585340
-0.700684	-0.151123	0.732422	-0.106870	-0.175573	0.893130	6.593485
-0.698730	-0.154297	0.730469	-0.053435	-0.496183	0.320611	6.602035
-0.699219	-0.126953	0.730225	-0.557252	0.068702	0.083969	6.610487
-0.697998	-0.158691	0.733398	-0.885496	-0.343511	0.076336	6.619052
-0.706055	-0.151123	0.733398	-1.297710	-0.229008	0.389313	6.627626
-0.700195	-0.147705	0.729004	-0.221374	-0.137405	0.221374	6.635872
-0.699707	-0.153320	0.734619	-0.748092	-0.374046	0.450382	6.644232
-0.694336	-0.153809	0.719971	0.503817	-0.427481	1.061069	6.652542
-0.695557	-0.147949	0.749268	-0.931298	-0.839695	0.893130	6.660952
-0.697021	-0.156738	0.733398	1.030534	-0.641221	0.488550	6.669484
-0.702637	-0.152832	0.745361	0.557252	-0.740458	0.938931	6.678103
-0.694336	-0.155762	0.737793	0.145038	-0.488550	1.251908	6.686652
-0.705322	-0.150391	0.739258	0.480916	-0.419847	0.992366	6.694859
-0.700439	-0.149658	0.727539	0.328244	-0.473282	0.862595	6.703405
-0.705566	-0.155029	0.723877	0.000000	-0.641221	0.580153	6.711557
-0.698242	-0.148682	0.738770	-0.320611	-0.274809	0.465649	6.720156
-0.705811	-0.160156	0.727783	-1.908397	-0.282443	0.419847	6.728386
-0.701416	-0.157227	0.733643	0.160305	-0.488550	1.007634	6.736271
-0.696289	-0.156006	0.729980	-0.206107	-0.335878	0.603053	6.744147
-0.697998	-0.156738	0.736816	-1.091603	-0.183206	0.320611	6.753203
-0.705322	-0.146973	0.739258	0.167939	-0.396947	0.122137	6.761673
-0.710449	-0.157715	0.730469	-0.854962	-0.427481	0.312977	6.770223
-0.699219	-0.153076	0.740234	0.007634	-0.450382	0.694656	6.778888
-0.704590	-0.150391	0.729492	-0.587786	-0.488550	0.656489	6.787693
-0.694824	-0.152100	0.727783	-0.793893	-0.671756	0.297710	6.796016
-0.700195	-0.157471	0.728760	-0.916031	-0.450382	0.412214	6.804503
-0.700928	-0.147949	0.737305	-0.923664	-0.206107	0.480916	6.812977
-0.701660	-0.144775	0.737549	-1.068702	0.099237	-0.160305	6.821378
-0.683838	-0.145508	0.738525	-2.305344	0.748092	-0.412214	6.829976
-0.699951	-0.160400	0.731201	-1.183206	0.022901	-0.488550	6.838434
-0.704834	-0.152100	0.738037	-4.251908	-0.450382	-0.061069	6.846766
-0.708740	-0.145508	0.711914	-2.969466	0.328244	0.488550	6.855392
-0.714355	-0.146729	0.745605	-1.229008	-0.450382	0.122137	6.863692
-0.697998	-0.147949	0.741455	-0.030534	-0.503817	-0.106870	6.872217
-0.704590	-0.157715	0.724121	-1.267176	-0.290076	-0.091603	6.880659
-0.698975	-0.145020	0.730713	-3.076336	-0.076336	-0.541985	6.889255
-0.696289	-0.154053	0.727539	-2.687023	-0.183206	-0.343511	6.897791
-0.699707	-0.148926	0.734619	-3.572519	-0.167939	-0.809160	6.906317
-0.682617	-0.165527	0.728271	-8.083969	-2.106870	-0.587786	6.914702
-0.809570	-0.243408	0.704590	0.786260	9.526718	-1.190840	6.923061
-0.718750	-0.134033	0.703857	-5.351145	3.595420	1.236641	6.931444
-0.717285	-0.184082	0.718506	-0.458015	2.015267	0.152672	6.939885
-0.700928	-0.157471	0.756592	-2.839695	2.511450	0.870229	6.948005
-0.718506	-0.174072	0.726074	-2.618321	2.587786	1.137405	6.956629
-0.712158	-0.168701	0.713867	1.885496	1.015267	1.969466	6.964961
-0.704102	-0.139160	0.723633	1.732824	0.969466	1.885496	6.972741
-0.703369	-0.162598	0.729004	-1.053435	1.267176	0.908397	6.980910
-0.698486	-0.141846	0.735840	1.358779	2.068702	1.442748	6.989370
-0.685547	-0.151611	0.720459	-1.038168	4.801527	1.358779	6.997917
-0.826416	-0.114014	0.708008	4.167939	12.381679	6.022901	7.006628
-0.697754	-0.115479	0.679443	-4.206107	3.312977	0.236641	7.015221
-0.720215	-0.191406	0.748779	-1.954198	0.938931	-0.709924	7.023607
-0.697754	-0.144531	0.710938	-0.526718	0.267176	0.770992	7.032108
-0.706299	-0.151123	0.734619	-0.641221	0.633588	-1.877863	7.040112
-0.712402	-0.143555	0.713379	-2.145038	1.687023	-0.580153	7.048576
-0.701660	-0.167236	0.706055	-0.549618	-0.053435	-0.358779	7.056911
-0.716064	-0.157715	0.743164	-0.290076	0.450382	0.015267	7.065526
-0.704834	-0.155273	0.707520	-1.824427	-0.198473	-0.732824	7.073769
-0.694092	-0.165283	0.730713	-3.083969	-0.763359	-0.122137	7.082591
-0.710449	-0.178223	0.739502	-1.450382	-0.450382	-0.488550	7.091064
-0.704590	-0.147461	0.733887	-2.755725	-0.358779	-0.305344	7.099507
-0.714600	-0.176270	0.733643	-1.839695	-0.221374	-0.389313	7.107924
-0.714844	-0.150146	0.721924	-0.236641	-0.122137	0.343511	7.116358
-0.706787	-0.155273	0.738037	-0.091603	0.862595	0.053435	7.124797
-0.714355	-0.167725	0.713867	0.526718	0.129771	0.854962	7.133196
-0.711426	-0.161621	0.719971	0.534351	-0.053435	1.167939	7.141838
-0.704834	-0.162842	0.725830	1.251908	-0.221374	1.274809	7.150113
-0.700928	-0.157227	0.720215	0.778626	-0.358779	1.351145	7.158534
-0.696777	-0.149902	0.724365	1.519084	-0.564885	0.847328	7.167013
-0.702881	-0.158936	0.736572	0.427481	-0.328244	1.122137	7.175493
-0.704102	-0.157471	0.729248	1.083969	-0.641221	0.801527	7.183986
-0.702637	-0.152832	0.726318	0.045802	-0.549618	0.778626	7.192114
-0.709961	-0.155518	0.720459	-1.053435	-0.427481	0.351145	7.199924
-0.718262	-0.146240	0.727783	-1.473282	0.236641	-0.725191	7.208634
-0.714844	-0.160400	0.717773	-0.259542	0.236641	1.946565	7.217243
-0.716309	-0.153320	0.703369	-0.618321	0.221374	0.267176	7.225783
-0.711182	-0.165527	0.720703	-0.511450	-0.335878	0.030534	7.234246
-0.714355	-0.159424	0.720947	-0.541985	-0.190840	-0.129771	7.242242
-0.700928	-0.159424	0.718506	-1.244275	-0.129771	-0.122137	7.250911
-0.710205	-0.157227	0.737061	-1.541985	-0.030534	-0.305344	7.259423
-0.700928	-0.164062	0.729004	-2.007634	1.938931	-0.809160	7.267796
-0.705811	-0.166260	0.726074	-0.938931	0.114504	-0.267176	7.276250
-0.715332	-0.153809	0.726562	-1.366412	0.160305	-0.748092	7.284996
-0.710938	-0.162598	0.715332	-3.190840	-0.366412	-0.267176	7.293425
-0.705566	-0.162842	0.718262	-0.259542	-0.297710	0.366412	7.302167
-0.709229	-0.154785	0.729492	0.007634	-0.183206	0.106870	7.310586
-0.704590	-0.157959	0.710449	-0.832061	-0.053435	0.229008	7.319024
-0.701172	-0.159424	0.723633	-0.740458	-0.526718	0.244275	7.327400
-0.705811	-0.163574	0.727295	-0.328244	-0.465649	0.496183	7.335870
-0.706543	-0.163818	0.732422	1.465649	-0.610687	0.740458	7.344023
-0.704834	-0.155029	0.728516	-0.030534	-0.358779	0.809160	7.352331
-0.713135	-0.160156	0.722656	-0.076336	-0.526718	0.221374	7.360869
-0.706055	-0.162842	0.726074	0.328244	-0.160305	0.114504	7.369338
-0.699707	-0.158447	0.713135	-1.480916	-0.847328	-0.045802	7.378000
-0.695557	-0.172607	0.725342	0.572519	-0.847328	0.282443	7.386407
-0.705322	-0.153809	0.724854	-0.068702	-0.625954	0.656489	7.394930
-0.704346	-0.161865	0.732422	-1.931298	-0.290076	0.595420	7.403164
-0.704346	-0.160400	0.723389	0.603053	-0.480916	0.809160	7.411643
-0.699951	-0.165039	0.728516	-0.969466	-0.389313	0.351145	7.420209
-0.707275	-0.168457	0.718994	-1.229008	-0.076336	0.259542	7.428599
-0.721680	-0.145508	0.714844	-1.099237	-0.412214	-0.122137	7.437243
-0.708740	-0.165527	0.729736	-2.748092	-0.809160	-0.251908	7.445576
-0.701172	-0.164551	0.716064	-4.396947	0.908397	-0.175573	7.454108
-0.716309	-0.159668	0.724854	-2.236641	-0.061069	-0.198473	7.462496
-0.691650	-0.161133	0.719727	-1.557252	-1.015267	-0.129771	7.470848
-0.708496	-0.170166	0.725830	-1.862595	-0.946565	0.206107	7.479344
-0.715332	-0.160645	0.720215	-3.000000	0.106870	0.122137	7.487177
-0.703857	-0.161621	0.720215	-2.564885	-0.198473	-0.244275	7.495703
-0.712402	-0.171631	0.719727	-1.648855	-0.190840	0.122137	7.504220
-0.708496	-0.161133	0.714355	-0.183206	-0.122137	0.603053	7.512468
-0.711670	-0.162598	0.722168	0.374046	-0.290076	0.389313	7.521048
-0.710938	-0.155762	0.723389	-0.290076	-0.396947	0.022901	7.529736
-0.719482	-0.166260	0.723389	-1.335878	-0.664122	0.068702	7.538198
-0.697021	-0.163086	0.730469	-0.908397	-0.595420	-0.259542	7.546472
-0.716797	-0.175049	0.723633	-2.801527	-0.320611	-0.068702	7.555163
-0.694092	-0.158203	0.730957	0.129771	0.015267	-0.923664	7.563425
-0.723633	-0.181885	0.727051	-2.274809	0.305344	0.305344	7.571915
-0.710205	-0.173340	0.704102	-0.770992	-0.061069	0.251908	7.580488
-0.709717	-0.165527	0.714844	-2.030534	-0.625954	0.496183	7.588957
-0.718262	-0.168945	0.722168	-1.099237	0.068702	-0.381679	7.597438
-0.697998	-0.160645	0.729248	-2.679389	-0.755725	-0.954198	7.605812
-0.697266	-0.179443	0.719971	-2.381679	-0.022901	-0.900763	7.613664
-0.716309	-0.173340	0.702393	-0.251908	-0.152672	0.320611	7.621693
-0.708496	-0.169922	0.734619	-0.297710	-0.229008	1.160305	7.630343
-0.699951	-0.169922	0.717041	0.282443	-0.503817	0.687023	7.638907
-0.702393	-0.168701	0.727539	0.435115	-0.709924	0.725191	7.647158
-0.699951	-0.170166	0.719482	0.709924	-0.229008	0.984733	7.655002
-0.707275	-0.172119	0.716064	1.129771	-0.305344	1.206107	7.663017
-0.708496	-0.166016	0.716553	0.328244	-0.412214	0.885496	7.671625
-0.709961	-0.173584	0.716309	0.954198	-0.320611	0.893130	7.680306
-0.698486	-0.160889	0.719727	1.381679	-0.458015	1.129771	7.688719
-0.710449	-0.163086	0.723877	0.190840	-0.656489	1.045802	7.697183
-0.712646	-0.166504	0.718750	0.442748	-0.259542	0.419847	7.705657
-0.711426	-0.167236	0.728027	-0.374046	-0.374046	0.603053	7.714075
-0.704346	-0.167969	0.722168	1.007634	-0.381679	0.931298	7.722413
-0.706543	-0.162109	0.727051	0.618321	-0.297710	0.862595	7.731129
-0.711182	-0.164551	0.724365	0.022901	-0.343511	0.603053	7.739548
-0.710449	-0.168213	0.731445	0.312977	-0.221374	0.648855	7.747986
-0.701416	-0.163330	0.725830	0.030534	-0.358779	0.931298	7.756306
-0.705078	-0.166504	0.718262	-0.122137	-0.099237	0.396947	7.764574
-0.703125	-0.163330	0.718506	-0.076336	-0.053435	0.068702	7.773081
-0.706543	-0.165527	0.727295	-0.832061	-0.251908	0.114504	7.781701
-0.698975	-0.166992	0.714355	-1.221374	-0.206107	0.290076	7.789912
-0.713135	-0.165527	0.717773	-0.946565	-0.297710	0.061069	7.798647
-0.703857	-0.157959	0.716553	-1.343511	-0.358779	-0.328244	7.807155
-0.699707	-0.159668	0.727539	-0.984733	-0.366412	0.213740	7.815782
-0.707520	-0.158447	0.724854	0.412214	0.007634	0.526718	7.824257
-0.714111	-0.168457	0.722900	-0.541985	-0.564885	0.618321	7.832642
-0.710693	-0.173828	0.722168	1.061069	-0.122137	0.893130	7.841180
-0.703613	-0.169189	0.711914	0.351145	-0.625954	1.083969	7.849582
-0.711426	-0.171387	0.713867	1.465649	-0.473282	1.534351	7.858419
-0.713623	-0.166504	0.726074	2.610687	-0.603053	2.007634	7.866713
-0.706787	-0.164307	0.718994	1.488550	-0.641221	1.198473	7.875346
-0.706787	-0.177734	0.714844	1.435115	-0.748092	1.618321	7.883801
-0.715088	-0.162354	0.724365	0.961832	-0.854962	1.839695	7.892202
-0.717041	-0.168945	0.732666	1.503817	-0.206107	1.732824	7.900994
-0.712646	-0.159912	0.717041	1.335878	-0.809160	0.748092	7.909556
-0.708496	-0.159424	0.717285	-0.648855	-0.167939	0.503817	7.918014
-0.715576	-0.160645	0.717041	0.022901	-0.641221	0.557252	7.926256
-0.713135	-0.164307	0.717773	1.190840	-0.259542	1.068702	7.934992
-0.707520	-0.164795	0.728516	0.274809	-0.404580	0.839695	7.943376
-0.706787	-0.160889	0.710449	0.465649	-0.320611	0.358779	7.951827
-0.711182	-0.172119	0.729980	-0.503817	-0.748092	0.526718	7.959720
-0.701416	-0.168701	0.723877	-0.679389	-0.580153	0.587786	7.968328
-0.701416	-0.161133	0.713379	0.961832	-0.190840	0.763359	7.976703
-0.705566	-0.168945	0.719238	0.587786	-0.580153	0.969466	7.985292
-0.710449	-0.159180	0.728027	0.267176	-0.290076	0.732824	7.993746
-0.711182	-0.162598	0.735352	0.145038	-0.251908	0.603053	8.002595
-0.707520	-0.163330	0.718262	0.000000	-0.374046	0.748092	8.011122
-0.711914	-0.164307	0.722168	0.343511	-0.358779	0.732824	8.019667
-0.710205	-0.169434	0.716553	0.557252	-0.427481	0.778626	8.028026
-0.707031	-0.169678	0.723877	0.862595	-0.549618	1.000000	8.036607
-0.712891	-0.161377	0.711914	1.106870	-0.450382	1.053435	8.044892
-0.702637	-0.158447	0.731445	0.770992	0.259542	1.198473	8.053337
-0.699707	-0.171631	0.717773	1.900763	-0.267176	1.305344	8.061805
-0.709229	-0.154785	0.719971	-0.832061	-0.557252	1.061069	8.070158
-0.704102	-0.162598	0.727051	0.053435	-0.519084	0.717557	8.081421
-0.710938	-0.170654	0.737793	0.183206	-0.480916	0.549618	8.090195
-0.706299	-0.166504	0.718018	0.297710	-0.625954	0.610687	8.098603
-0.706543	-0.162354	0.723145	0.061069	-0.404580	0.786260	8.107079
-0.718506	-0.175049	0.717041	-0.358779	-0.473282	0.687023	8.115379
-0.709717	-0.169434	0.724121	0.610687	-0.793893	0.687023	8.123894
-0.703125	-0.164307	0.729492	0.320611	-0.381679	1.083969	8.132250
-0.703369	-0.156738	0.724121	0.236641	-0.129771	0.641221	8.140777
-0.712158	-0.167725	0.728760	-0.465649	0.145038	0.671756	8.149205
-0.707275	-0.170166	0.711914	0.595420	-0.328244	0.503817	8.157644
-0.708496	-0.163086	0.725586	-0.099237	-0.106870	0.832061	8.166001
-0.708252	-0.161865	0.716553	-0.450382	-0.366412	0.625954	8.174003
-0.700928	-0.163330	0.719971	-0.534351	-0.274809	0.404580	8.182602
-0.710693	-0.162354	0.731689	0.030534	-0.145038	0.557252	8.191263
-0.706787	-0.168213	0.728760	-0.625954	-0.465649	0.389313	8.199617
-0.705078	-0.166260	0.709961	0.145038	-0.099237	0.625954	8.208004
-0.706299	-0.158936	0.719482	-0.809160	-0.343511	0.251908	8.216559
-0.711426	-0.162354	0.712891	0.450382	-0.274809	0.419847	8.224940
-0.718262	-0.166260	0.725342	0.251908	-0.458015	0.885496	8.233281
-0.713867	-0.157715	0.718262	0.900763	-0.587786	0.793893	8.241748
-0.710449	-0.159424	0.723145	0.587786	-0.458015	0.885496	8.249983
-0.708496	-0.161621	0.730225	-0.076336	-0.687023	0.931298	8.257827
-0.707520	-0.167969	0.722412	1.160305	-0.687023	1.083969	8.266117
-0.706787	-0.153320	0.714600	0.473282	-0.625954	1.007634	8.274592
-0.711914	-0.163574	0.729004	-0.213740	-0.511450	0.687023	8.282942
-0.706543	-0.164307	0.703125	0.267176	-0.511450	0.488550	8.291350
-0.708984	-0.164307	0.716309	0.061069	-0.618321	0.549618	8.299766
-0.704834	-0.165771	0.726074	0.351145	-0.374046	0.694656	8.308233
-0.706787	-0.157471	0.720703	-0.442748	-0.503817	0.778626	8.316913
-0.710449	-0.158691	0.725098	-0.114504	-0.335878	0.770992	8.325481
-0.707764	-0.159180	0.724121	-0.175573	-0.099237	0.442748	8.333670
-0.709229	-0.169922	0.724121	0.083969	-0.236641	0.648855	8.342479
-0.700439	-0.160889	0.712646	-0.213740	-0.687023	0.480916	8.350791
-0.708740	-0.171387	0.714111	0.259542	-0.618321	0.648855	8.359423
-0.708008	-0.156738	0.717529	-0.343511	-0.305344	0.389313	8.367524
-0.705078	-0.156738	0.717041	-0.564885	-0.419847	0.328244	8.376134
-0.702148	-0.161621	0.712158	0.503817	-0.496183	0.854962	8.384912
-0.704102	-0.165527	0.726074	-0.648855	-0.351145	0.442748	8.393373
-0.710938	-0.166260	0.722168	0.396947	-0.396947	0.984733	8.401748
-0.705078	-0.166260	0.726318	0.587786	-0.335878	0.732824	8.410249
-0.718262	-0.160645	0.720703	0.351145	-0.259542	0.763359	8.418681
-0.699707	-0.164551	0.726318	0.358779	-0.251908	0.503817	8.427346
-0.710938	-0.168945	0.723877	-0.267176	-0.465649	1.015267	8.435799
-0.707275	-0.160156	0.729248	0.633588	-0.526718	1.137405	8.444299
-0.704346	-0.163086	0.710205	0.000000	-0.229008	0.717557	8.452609
-0.706787	-0.172119	0.729736	-0.320611	-0.328244	0.832061	8.461270
-0.708740	-0.164062	0.704834	0.557252	-0.122137	0.832061	8.469565
-0.707031	-0.165771	0.729980	-0.297710	-0.427481	0.572519	8.478006
-0.707275	-0.165283	0.723389	0.244275	-0.435115	0.847328	8.486324
-0.703857	-0.163818	0.729980	0.206107	-0.297710	0.694656	8.494818
-0.707764	-0.164307	0.725342	-0.305344	-0.725191	0.374046	8.503347
-0.713379	-0.169189	0.721924	-0.022901	-0.526718	0.534351	8.511841
-0.709473	-0.165771	0.714844	0.526718	-0.549618	1.099237	8.520338
-0.711182	-0.163330	0.713623	0.526718	-0.282443	0.916031	8.528830
-0.714355	-0.158691	0.723145	-0.099237	-0.236641	0.480916	8.537213
-0.710205	-0.160645	0.725830	-0.534351	-0.206107	0.534351	8.545943
-0.711182	-0.160400	0.721191	0.282443	-0.305344	0.687023	8.554191
-0.705078	-0.159180	0.718994	0.022901	-0.358779	0.755725	8.562741
-0.707031	-0.159180	0.721680	0.213740	-0.473282	0.656489	8.570886
-0.706543	-0.161865	0.723145	-0.106870	-0.419847	0.832061	8.578751
-0.717773	-0.164551	0.725586	0.664122	-0.564885	0.977099	8.586901
-0.706299	-0.163574	0.712646	0.366412	-0.702290	0.931298	8.595637
-0.708984	-0.160400	0.721191	0.190840	-0.419847	0.877863	8.604255
-0.708008	-0.163086	0.715332	-0.106870	-0.580153	0.725191	8.612651
-0.709717	-0.166748	0.713135	-0.053435	-0.312977	0.732824	8.621126
-0.707764	-0.165039	0.718506	0.312977	-0.465649	0.473282	8.629510
-0.703125	-0.168457	0.717285	0.312977	-0.534351	0.801527	8.638056
-0.708740	-0.160156	0.733154	0.374046	-0.450382	0.656489	8.646564
-0.708496	-0.162109	0.728516	-0.129771	-0.587786	0.748092	8.655075
-0.712402	-0.164307	0.721680	0.015267	-0.213740	0.564885	8.663493
-0.708984	-0.156250	0.716309	-0.244275	-0.190840	0.526718	8.671756
-0.711182	-0.167969	0.721436	-0.709924	-0.312977	0.427481	8.680134
-0.709473	-0.162354	0.732910	-0.251908	-0.290076	0.328244	8.688439
-0.708740	-0.160645	0.721436	-0.625954	-0.290076	0.541985	8.696843
-0.715820	-0.165771	0.712402	0.030534	-0.244275	0.618321	8.705302
-0.709717	-0.163330	0.718506	-0.458015	-0.274809	0.335878	8.713471
-0.711670	-0.168701	0.720947	-0.977099	-0.458015	0.648855	8.721968
-0.708984	-0.163330	0.730225	-0.061069	-0.458015	0.625954	8.730449
-0.705078	-0.166992	0.722168	-0.503817	-0.320611	0.839695	8.738838
-0.710449	-0.166260	0.723633	0.381679	-0.435115	0.648855	8.747319
-0.706543	-0.161377	0.720459	0.076336	-0.671756	0.755725	8.755805
-0.702148	-0.168701	0.720703	0.160305	-0.587786	1.320611	8.764097
-0.705322	-0.166016	0.728271	1.122137	-0.312977	1.473282	8.772456
-0.706787	-0.159180	0.742676	-2.549618	-0.709924	1.473282	8.780825
-0.707764	-0.156250	0.715088	0.213740	0.160305	0.725191	8.789142
-0.717041	-0.161865	0.720459	-0.374046	-0.213740	0.564885	8.797484
-0.720459	-0.155273	0.737305	3.022901	0.450382	-1.893130	8.806015
-0.711670	-0.149170	0.716797	-2.229008	-0.206107	0.198473	8.814497
-0.709961	-0.164795	0.714600	-1.564885	-0.633588	0.366412	8.822756
-0.707764	-0.166260	0.722900	0.465649	-0.572519	0.786260	8.831088
-0.705078	-0.160400	0.729736	0.236641	-0.572519	0.519084	8.840377
-0.712402	-0.166016	0.714355	0.770992	-0.328244	0.725191	8.849292
-0.713623	-0.159180	0.719727	0.099237	-0.450382	0.671756	8.858028
-0.710938	-0.157715	0.719238	-0.748092	-0.183206	0.335878	8.866570
-0.707275	-0.173340	0.723877	-0.190840	-0.534351	0.541985	8.874885
-0.706299	-0.159180	0.722900	0.022901	-0.595420	0.923664	8.882713
-0.706299	-0.159180	0.719238	-0.083969	-0.534351	0.503817	8.891383
-0.711914	-0.154785	0.731689	-0.786260	-0.335878	0.068702	8.899192
-0.708008	-0.167480	0.712646	-0.496183	-0.519084	0.335878	8.907220
-0.711914	-0.158447	0.732178	-0.664122	-0.511450	0.480916	8.915646
-0.700928	-0.156494	0.725342	-0.862595	-0.412214	0.122137	8.924590
-0.712158	-0.172607	0.721924	0.045802	-0.229008	0.351145	8.933055
-0.706299	-0.156494	0.728516	0.244275	-0.366412	0.641221	8.941596
-0.711182	-0.165039	0.721191	0.244275	-0.618321	1.000000	8.950287
-0.708496	-0.159180	0.724854	0.992366	-0.709924	1.175573	8.958724
-0.704102	-0.168213	0.723145	0.580153	-0.656489	0.938931	8.967107
-0.709473	-0.171143	0.728760	1.435115	-0.458015	0.809160	8.975614
-0.708740	-0.167236	0.728760	0.175573	-0.305344	0.641221	8.984076
-0.705078	-0.158203	0.703613	-0.473282	-0.496183	0.755725	8.992651
-0.700195	-0.165771	0.715088	-1.099237	-0.648855	0.687023	9.001297
-0.709717	-0.159912	0.722656	0.259542	-0.496183	0.740458	9.009833
-0.706787	-0.163574	0.722656	1.106870	-0.175573	1.038168	9.018132
-0.706299	-0.159424	0.728516	0.129771	-0.381679	0.984733	9.026729
-0.707520	-0.164062	0.723389	0.122137	-0.343511	0.839695	9.035224
-0.717285	-0.166992	0.724609	-0.694656	-0.419847	0.312977	9.043691
-0.707031	-0.164551	0.725830	-0.732824	-0.297710	0.351145	9.052111
-0.706299	-0.159180	0.716064	-0.229008	-0.152672	0.679389	9.060597
-0.706055	-0.172852	0.717285	0.167939	-0.259542	0.725191	9.068819
-0.707764	-0.164062	0.718506	-0.671756	-0.351145	0.549618	9.077463
-0.715088	-0.160645	0.716553	-0.282443	-0.335878	0.496183	9.085949
-0.701660	-0.165527	0.723145	-0.435115	-0.320611	0.557252	9.094330
-0.713135	-0.169922	0.724365	0.145038	-0.419847	0.763359	9.102806
-0.705811	-0.156494	0.728760	-1.083969	-0.503817	0.374046	9.111127
-0.710693	-0.176270	0.717529	-0.396947	-0.603053	0.374046	9.119432
-0.711670	-0.173828	0.716797	0.549618	-0.366412	0.854962	9.127922
-0.705811	-0.162109	0.726807	0.893130	-0.442748	0.961832	9.136557
-0.712158	-0.168213	0.727783	0.244275	-0.312977	0.862595	9.145030
-0.710205	-0.169434	0.725342	0.374046	-0.511450	0.931298	9.153420
-0.718018	-0.169922	0.723633	0.656489	0.175573	0.374046	9.161784
-0.715332	-0.158447	0.712891	0.061069	-0.488550	0.480916	9.170187
-0.705811	-0.162354	0.703125	-0.167939	-0.366412	0.862595	9.178663
-0.707764	-0.160645	0.703125	0.839695	-0.450382	1.251908	9.187307
-0.702148	-0.165039	0.723145	0.045802	-0.389313	0.793893	9.195638
-0.710205	-0.164307	0.729248	0.358779	-0.312977	0.328244	9.204098
-0.707764	-0.166504	0.722412	-1.259542	-0.534351	0.312977	9.212255
-0.704102	-0.159180	0.718994	0.061069	-0.343511	0.770992	9.220848
-0.718262	-0.165771	0.725342	-0.824427	-0.435115	0.473282	9.229219
-0.705566	-0.159912	0.717529	-0.916031	-0.770992	0.404580	9.237792
-0.712402	-0.157227	0.718750	-1.290076	-0.366412	0.259542	9.246285
-0.705322	-0.164307	0.717773	-0.465649	-0.312977	0.610687	9.254717
-0.706787	-0.166992	0.723145	0.106870	-0.526718	0.832061	9.263207
-0.705811	-0.160156	0.727295	-0.343511	-0.335878	0.465649	9.271626
-0.716064	-0.184326	0.722656	0.213740	-0.458015	0.541985	9.280120
-0.708496	-0.166504	0.730957	-0.083969	-0.450382	0.900763	9.288597
-0.708008	-0.166748	0.718506	0.122137	-0.450382	0.679389	9.297100
-0.704102	-0.168945	0.713379	1.419847	-0.763359	0.954198	9.305334
-0.708984	-0.168213	0.730713	0.335878	-0.862595	1.137405	9.313790
-0.706543	-0.161865	0.714111	0.480916	-0.534351	1.000000	9.322275
-0.704834	-0.165527	0.725098	0.335878	-0.473282	0.671756	9.330759
-0.688965	-0.167725	0.730957	-0.160305	-0.786260	0.618321	9.339232
-0.708984	-0.167725	0.714111	0.442748	-0.396947	0.702290	9.347794
-0.711426	-0.171143	0.729248	-0.679389	-0.587786	0.725191	9.356179
-0.707520	-0.166748	0.725586	0.465649	-0.259542	0.885496	9.364820
-0.704346	-0.156494	0.724121	-0.351145	-0.419847	0.442748	9.373368
-0.708252	-0.167236	0.719727	-0.473282	-0.396947	0.534351	9.381651
-0.703125	-0.155273	0.711670	0.221374	-0.343511	0.908397	9.389907
-0.713867	-0.160400	0.730713	-0.816794	-0.435115	0.488550	9.398750
-0.705322	-0.178467	0.720947	0.114504	-0.244275	-0.396947	9.406854
-0.705811	-0.165283	0.721924	-0.351145	-0.175573	0.549618	9.415657
-0.713867	-0.165283	0.726074	0.824427	-0.335878	0.770992	9.424351
-0.707520	-0.161621	0.726807	-0.358779	-0.106870	0.465649	9.432622
-0.710205	-0.174805	0.717529	-0.160305	-0.358779	0.610687	9.441098
-0.706299	-0.156006	0.718506	0.839695	-0.488550	1.221374	9.449632
-0.708496	-0.158936	0.716553	0.358779	-0.519084	0.885496	9.457959
-0.713623	-0.168213	0.723145	0.702290	-0.557252	1.114504	9.466407
-0.718994	-0.165283	0.718262	-0.358779	-0.503817	1.442748	9.474750
-0.706055	-0.157959	0.721924	1.374046	-0.137405	1.068702	9.483364
-0.719482	-0.166504	0.721436	-0.633588	-0.366412	0.526718	9.491464
-0.705322	-0.163818	0.714844	1.206107	-0.442748	0.770992	9.499517
-0.708008	-0.158691	0.722656	0.328244	-0.251908	0.870229	9.507561
-0.708252	-0.162842	0.721680	0.038168	-0.297710	0.572519	9.516891
-0.711670	-0.160400	0.723145	0.198473	-0.351145	0.717557	9.525193
-0.704346	-0.163574	0.720459	-0.480916	-0.419847	0.816794	9.533239
-0.710693	-0.160889	0.726807	0.396947	-0.160305	0.740458	9.541213
-0.709229	-0.161621	0.716309	0.473282	-0.435115	0.816794	9.549627
-0.707764	-0.157471	0.730225	0.145038	-0.358779	0.702290	9.558392
-0.708008	-0.157227	0.724609	0.091603	-0.297710	0.580153	9.566762
-0.706543	-0.161865	0.719238	-0.358779	-0.206107	0.335878	9.575252
-0.701660	-0.165771	0.724854	-0.389313	-0.595420	0.022901	9.583727
-0.707520	-0.164062	0.717529	-0.595420	-0.374046	0.412214	9.592019
-0.708984	-0.156250	0.725586	0.282443	-0.167939	0.503817	9.600725
-0.711914	-0.161133	0.715332	0.129771	0.015267	0.435115	9.608868
-0.706299	-0.167725	0.725830	-0.755725	-0.167939	0.381679	9.617549
-0.698730	-0.169922	0.729004	0.175573	-0.312977	0.358779	9.626036
-0.710449	-0.166992	0.723145	-0.190840	-0.435115	0.847328	9.634026
-0.710938	-0.166748	0.718018	1.122137	-0.587786	1.015267	9.642608
-0.705078	-0.165771	0.734863	1.274809	-0.770992	1.099237	9.651240
-0.707764	-0.166260	0.713867	0.374046	-0.656489	1.213740	9.659686
-0.705322	-0.166016	0.725342	1.442748	-0.381679	1.076336	9.668172
-0.708008	-0.166992	0.713623	-0.473282	-0.755725	0.511450	9.676641
-0.717529	-0.164307	0.729248	0.412214	-0.633588	0.442748	9.685062
-0.711182	-0.161621	0.723633	-0.175573	-0.618321	0.404580	9.693383
-0.712891	-0.158691	0.727295	0.366412	-0.282443	0.557252	9.701913
-0.707520	-0.165283	0.721191	-0.045802	-0.351145	0.244275	9.710052
-0.706543	-0.165527	0.731201	-0.213740	-0.427481	0.488550	9.718380
-0.712646	-0.162109	0.710693	-0.167939	-0.351145	0.358779	9.726816
-0.703613	-0.167725	0.727539	-0.465649	-0.580153	0.396947	9.735178
-0.714600	-0.165527	0.722656	-0.198473	-0.404580	0.183206	9.743599
-0.710205	-0.165283	0.721924	0.625954	-0.419847	0.740458	9.752174
-0.706787	-0.164062	0.728516	0.213740	-0.320611	0.877863	9.760626
-0.715088	-0.169189	0.726807	-0.396947	-0.244275	0.633588	9.768985
-0.705322	-0.174316	0.723145	-0.045802	-0.236641	0.702290	9.777339
-0.712646	-0.161133	0.722168	-0.251908	-0.297710	0.564885	9.785792
-0.704346	-0.159180	0.713379	-0.114504	-0.412214	0.358779	9.794480
-0.712646	-0.166260	0.727051	-0.419847	-0.389313	0.450382	9.802385
-0.712158	-0.166992	0.723145	1.038168	-0.526718	0.648855	9.810828
-0.713623	-0.160889	0.729736	0.511450	-0.366412	0.809160	9.819141
-0.707764	-0.170410	0.716309	0.343511	-0.534351	0.961832	9.827630
-0.701904	-0.162842	0.731445	1.083969	-0.618321	1.061069	9.835968
-0.716797	-0.162842	0.709473	0.908397	-0.442748	1.236641	9.844586
-0.711426	-0.160645	0.735596	1.068702	-0.587786	0.786260	9.852961
-0.709717	-0.168213	0.718018	0.114504	-0.458015	0.877863	9.861243
-0.707275	-0.164551	0.727051	0.725191	-0.351145	0.671756	9.869811
-0.709717	-0.152588	0.727539	-0.496183	-0.229008	0.496183	9.878281
-0.705322	-0.173584	0.710449	-0.183206	-0.435115	0.526718	9.886864
-0.705566	-0.166748	0.720215	-0.305344	-0.442748	0.862595	9.895530
-0.707520	-0.156494	0.721924	1.893130	-0.305344	0.442748	9.903985
-0.712158	-0.171387	0.722900	-0.763359	-0.412214	0.122137	9.912372
-0.701660	-0.175293	0.719971	-0.061069	-0.312977	0.748092	9.920767
-0.718506	-0.157471	0.723389	-0.503817	-0.458015	0.404580	9.929177
-0.709229	-0.165283	0.722656	-0.038168	-0.381679	0.305344	9.937624
-0.712402	-0.164551	0.727539	-0.206107	-0.389313	0.305344	9.946455
-0.705811	-0.164551	0.709473	0.320611	-0.282443	0.809160	9.954760
-0.706787	-0.160400	0.722900	0.312977	-0.458015	0.664122	9.962974
-0.710449	-0.163574	0.728027	0.480916	-0.396947	0.824427	9.971170
-0.708252	-0.165283	0.705322	-0.229008	-0.312977	0.916031	9.979803
-0.709473	-0.161133	0.724854	0.351145	-0.427481	0.877863	9.988069
-0.709961	-0.169189	0.713623	0.412214	-0.427481	1.022901	9.996971
-0.714111	-0.162598	0.722900	1.122137	-0.549618	0.824427	10.005609
-0.699219	-0.152588	0.718994	0.145038	-0.442748	0.862595	10.014149
-0.709229	-0.161865	0.708008	0.343511	-0.496183	0.931298	10.022507
-0.710938	-0.158203	0.724121	0.496183	-0.358779	0.755725	10.031153
-0.706299	-0.161865	0.725098	0.198473	-0.358779	0.702290	10.039820
-0.706055	-0.164062	0.730469	-0.419847	-0.473282	0.809160	10.048495
-0.706299	-0.164551	0.728271	-0.282443	-0.496183	0.328244	10.056924
-0.706299	-0.167236	0.727051	0.335878	-0.381679	0.862595	10.065357
-0.706543	-0.158936	0.737793	0.183206	-0.282443	0.679389	10.073600
-0.708984	-0.163086	0.726807	-0.229008	-0.389313	0.351145	10.084303
-0.708740	-0.165527	0.724121	-0.007634	-0.206107	0.404580	10.092711
-0.715332	-0.168457	0.724365	-0.648855	-0.381679	0.442748	10.101325
-0.713135	-0.164307	0.728271	0.129771	-0.351145	0.335878	10.109632
-0.707031	-0.161377	0.724121	-0.557252	-0.511450	0.267176	10.118064
-0.706299	-0.163818	0.721436	-0.068702	-0.458015	0.702290	10.126454
-0.704346	-0.163818	0.731201	-1.946565	-0.152672	1.015267	10.134842
-0.710205	-0.156250	0.722412	-0.893130	-0.458015	0.511450	10.143211
-0.708496	-0.166260	0.710449	-0.198473	-0.229008	0.396947	10.151841
-0.706055	-0.165283	0.728271	0.122137	-0.656489	0.877863	10.160407
-0.713379	-0.167969	0.726074	0.114504	-0.396947	0.664122	10.168734
-0.711670	-0.167725	0.722656	0.198473	-0.580153	0.946565	10.176741
-0.710205	-0.159668	0.718994	0.893130	-0.641221	1.206107	10.185157
-0.710938	-0.161865	0.718994	0.534351	-0.572519	1.099237	10.193039
-0.712402	-0.162109	0.724365	0.595420	-0.534351	0.816794	10.202108
-0.708252	-0.165771	0.716309	0.770992	-0.549618	0.709924	10.210543
-0.708740	-0.165527	0.716309	0.221374	-0.641221	1.122137	10.219115
-0.709473	-0.166016	0.713623	0.717557	-0.648855	1.244275	10.227479
-0.714600	-0.160889	0.730957	0.076336	-0.603053	0.908397	10.235924
-0.706787	-0.158691	0.724121	0.427481	-0.595420	0.580153	10.244624
-0.711426	-0.159668	0.730713	-0.312977	-0.480916	0.908397	10.252958
-0.711670	-0.161865	0.727539	0.229008	-0.488550	0.740458	10.261443
-0.704834	-0.166016	0.730713	0.022901	-0.374046	0.274809	10.269953
-0.706787	-0.165283	0.713623	-0.114504	-0.580153	0.641221	10.278271
-0.711914	-0.167480	0.729492	-0.496183	-0.450382	0.618321	10.286850
-0.698975	-0.163574	0.721436	0.015267	-0.320611	0.519084	10.295435
-0.718750	-0.159668	0.717041	0.000000	-0.374046	0.625954	10.304085
-0.708008	-0.162842	0.731934	-0.625954	-0.175573	0.786260	10.312321
-0.712158	-0.172363	0.718018	-0.061069	-0.312977	0.641221	10.320762
-0.706299	-0.162842	0.715332	-0.396947	-0.625954	0.465649	10.329144
-0.703613	-0.161865	0.726562	-0.465649	-0.450382	0.549618	10.337558
-0.703613	-0.160156	0.711426	0.030534	-0.419847	0.763359	10.346245
-0.704102	-0.162354	0.721924	0.000000	-0.419847	0.824427	10.354556
-0.702881	-0.161865	0.720947	0.198473	-0.641221	1.053435	10.363005
-0.705811	-0.163818	0.720947	0.259542	-0.557252	0.603053	10.371518
-0.708496	-0.161865	0.729248	0.870229	-0.610687	1.198473	10.379703
-0.708252	-0.157959	0.723633	0.625954	-0.625954	0.900763	10.388472
-0.705566	-0.158447	0.712891	0.160305	-0.694656	0.694656	10.397033
-0.696289	-0.154297	0.728516	-0.175573	-0.366412	0.458015	10.405678
-0.701660	-0.166260	0.721924	-0.229008	-0.740458	0.633588	10.413723
-0.708008	-0.156006	0.729492	0.755725	-1.015267	0.809160	10.422258
-0.699463	-0.164551	0.720947	0.167939	-0.450382	0.702290	10.430507
-0.712646	-0.163086	0.735596	0.305344	-0.809160	0.709924	10.438868
-0.693115	-0.168701	0.726562	-0.038168	-0.419847	0.580153	10.447377
-0.711182	-0.158447	0.735107	-0.679389	-0.641221	0.519084	10.455767
-0.706055	-0.158936	0.721436	-0.198473	-0.259542	0.435115	10.464500
-0.707520	-0.164062	0.721924	-0.549618	-0.221374	0.251908	10.472944
-0.709961	-0.163330	0.721436	-0.274809	-0.290076	0.519084	10.481351
-0.710693	-0.157959	0.720215	0.091603	-0.259542	0.519084	10.490118
-0.703613	-0.158447	0.721680	-1.152672	-0.389313	-0.022901	10.498712
-0.705078	-0.166016	0.720459	-1.587786	-0.137405	0.175573	10.507220
-0.711670	-0.154297	0.730957	-2.145038	-0.145038	-0.404580	10.515461
-0.704102	-0.166748	0.718750	-1.358779	-0.061069	-0.488550	10.524171
-0.724121	-0.170166	0.733398	-1.839695	-0.381679	-0.358779	10.532333
-0.719482	-0.167480	0.711426	-2.221374	0.183206	0.099237	10.541018
-0.711670	-0.170654	0.720459	-0.274809	-0.267176	0.343511	10.549836
-0.707520	-0.166016	0.716309	0.877863	-0.083969	1.198473	10.558691
-0.700928	-0.187744	0.751953	-1.900763	-0.259542	-0.595420	10.567175
-0.702393	-0.192627	0.728516	-1.534351	-0.526718	-0.183206	10.575636
-0.701660	-0.143799	0.712646	-0.816794	0.076336	0.404580	10.583919
-0.712402	-0.185547	0.740479	0.778626	-0.290076	0.633588	10.592385
-0.702148	-0.171387	0.733643	1.083969	-0.427481	1.381679	10.600996
-0.707031	-0.154785	0.732422	0.656489	-0.480916	0.526718	10.609460
-0.702637	-0.165039	0.732910	-0.809160	-0.190840	0.862595	10.617653
-0.706299	-0.162598	0.726074	-0.206107	-0.274809	0.473282	10.626243
-0.712646	-0.167969	0.721924	-0.473282	-0.274809	0.480916	10.634632
-0.708252	-0.161377	0.718994	0.267176	-0.343511	0.358779	10.643084
-0.707275	-0.158691	0.723633	-0.305344	-0.435115	0.488550	10.651826
-0.706299	-0.168213	0.723633	0.022901	-0.374046	0.106870	10.660252
-0.709229	-0.166748	0.715820	-0.442748	-0.755725	0.511450	10.668561
-0.714600	-0.174072	0.722412	0.519084	-0.748092	0.656489	10.676991
-0.717041	-0.156738	0.719971	-0.267176	-0.496183	1.000000	10.685404
-0.704346	-0.162842	0.733643	-0.206107	-0.229008	1.114504	10.693727
-0.710449	-0.164062	0.726074	-0.358779	-0.312977	0.977099	10.702388
-0.706299	-0.157715	0.725098	0.312977	-0.396947	0.900763	10.710752
-0.709961	-0.157471	0.723389	0.297710	-0.091603	0.648855	10.719122
-0.703613	-0.167236	0.715332	-0.335878	1.946565	0.870229	10.727509
-0.699219	-0.166016	0.729492	0.541985	-0.335878	0.618321	10.735808
-0.705078	-0.168945	0.720703	0.374046	-0.381679	1.076336	10.744468
-0.699951	-0.167480	0.716553	0.442748	-0.748092	1.068702	10.752980
-0.702881	-0.166748	0.735352	0.770992	0.145038	0.679389	10.761455
-0.700439	-0.174072	0.735840	0.083969	-0.175573	0.740458	10.769820
-0.703857	-0.165771	0.729492	0.068702	-0.679389	1.053435	10.778354
-0.699707	-0.156250	0.709229	0.450382	-0.473282	1.251908	10.786834
-0.701904	-0.158936	0.721924	0.961832	-0.458015	1.114504	10.795464
-0.709473	-0.157471	0.742432	0.404580	-0.450382	0.786260	10.803958
-0.698730	-0.161621	0.718018	0.458015	-0.106870	0.885496	10.812291
-0.705078	-0.165771	0.729492	-0.648855	-0.236641	0.694656	10.820063
-0.709961	-0.159912	0.728027	0.167939	-0.129771	0.129771	10.827934
-0.692139	-0.161621	0.720215	-0.610687	-0.160305	0.534351	10.835715
-0.715576	-0.166504	0.717285	0.160305	-0.366412	0.381679	10.844727
-0.703857	-0.171143	0.704590	-0.267176	-1.839695	-0.961832	10.853294
-0.700195	-0.173584	0.712646	2.656489	-0.938931	0.870229	10.861632
-0.702637	-0.163330	0.735352	3.641221	-1.274809	1.503817	10.870393
-0.702637	-0.167969	0.720215	1.061069	-0.816794	2.007634	10.878917
-0.708252	-0.177002	0.724854	2.816794	-0.480916	1.290076	10.887312
-0.708252	-0.164062	0.721191	1.381679	-0.343511	1.458015	10.896090
-0.702148	-0.168701	0.725342	1.900763	-0.450382	0.000000	10.904555
-0.723877	-0.165039	0.720459	3.381679	-0.053435	1.129771	10.913089
-0.703613	-0.156494	0.721191	-1.702290	-0.610687	0.641221	10.921590
-0.725830	-0.173828	0.733154	1.717557	-0.137405	1.587786	10.930062
-0.699463	-0.145264	0.710449	1.763359	-0.244275	1.496183	10.938397
-0.708740	-0.166992	0.725830	0.488550	-0.618321	1.320611	10.946927
-0.699951	-0.156250	0.709717	1.717557	-0.564885	0.946565	10.955369
-0.713135	-0.160889	0.721924	-0.351145	-0.473282	0.938931	10.963672
-0.700195	-0.153564	0.704590	-0.061069	-0.458015	0.030534	10.972066
-0.711182	-0.163818	0.730713	-1.198473	-0.442748	0.328244	10.980872
-0.704590	-0.157227	0.711670	-0.022901	-0.511450	0.221374	10.989372
-0.709961	-0.155518	0.723389	-0.587786	-0.175573	-0.129771	10.997870
-0.710449	-0.167236	0.724365	-2.167939	-0.305344	-0.480916	11.006354
-0.713623	-0.172119	0.722656	-1.183206	-0.946565	-0.167939	11.014794
-0.710449	-0.166260	0.716064	-0.717557	-0.351145	0.213740	11.023133
-0.706787	-0.170166	0.718994	0.549618	0.152672	-0.236641	11.031255
-0.698242	-0.145996	0.689209	-0.396947	-1.251908	-1.954198	11.039862
-0.707275	-0.165771	0.732910	0.984733	-0.740458	0.412214	11.048472
-0.696533	-0.157471	0.725586	1.114504	-0.190840	0.328244	11.056921
-0.705078	-0.165039	0.714111	-0.587786	-0.511450	0.419847	11.065272
-0.724121	-0.156494	0.704590	-0.656489	-0.221374	0.648855	11.074003
-0.720947	-0.152588	0.723877	-0.923664	0.793893	0.000000	11.082458
-0.714600	-0.167480	0.711182	-1.022901	-0.022901	0.068702	11.091024
-0.699707	-0.167725	0.722656	1.038168	-0.923664	1.526718	11.099513
-0.705811	-0.171631	0.741699	2.419847	-0.641221	1.068702	11.107964
-0.703857	-0.154053	0.739746	-0.564885	0.145038	0.343511	11.116362
-0.704346	-0.176270	0.723389	-0.213740	0.503817	0.206107	11.124720
-0.701416	-0.167969	0.721191	1.748092	-0.534351	1.068702	11.133059
-0.705566	-0.155273	0.721436	-0.480916	-0.618321	1.091603	11.141482
-0.708984	-0.164307	0.717285	0.213740	-0.526718	0.343511	11.150041
-0.704346	-0.162842	0.706787	-0.236641	-0.450382	0.839695	11.158372
-0.716309	-0.161133	0.729492	-0.030534	-0.526718	0.709924	11.166830
-0.707031	-0.155029	0.709717	-1.152672	-0.557252	0.496183	11.175237
-0.712891	-0.160645	0.725342	0.167939	-0.404580	0.396947	11.183613
-0.718262	-0.144287	0.709717	-0.374046	-1.519084	-0.267176	11.191994
-0.666016	-0.200439	0.747559	3.259542	-3.664122	-0.145038	11.200407
-0.709717	-0.143799	0.729248	-1.816794	-1.160305	1.946565	11.208902
-0.714355	-0.189453	0.728271	-2.900763	-2.435115	-0.236641	11.217423
-0.708740	-0.161865	0.726807	2.351145	-0.923664	0.572519	11.225811
-0.701904	-0.156006	0.723877	-0.358779	-0.297710	0.748092	11.234113
-0.728516	-0.168701	0.708740	1.580153	-1.587786	1.030534	11.242557
-0.708008	-0.153564	0.715576	1.641221	0.160305	0.839695	11.251134
-0.650391	-0.168213	0.764160	7.633588	2.114504	-6.244275	11.259504
-0.688232	-0.207031	0.706543	8.687023	0.702290	-3.801527	11.268007
-0.701416	-0.165527	0.737793	-2.480916	-2.038168	0.175573	11.276379
-0.715576	-0.160645	0.723633	-3.099237	-1.145038	0.404580	11.284831
-0.723633	-0.155762	0.709717	-0.687023	0.099237	0.503817	11.293240
-0.711670	-0.143311	0.717041	-0.519084	-0.687023	0.244275	11.301630
-0.717773	-0.167236	0.728760	-0.068702	-0.236641	-0.167939	11.310272
-0.718262	-0.166748	0.713135	-0.312977	-0.396947	0.366412	11.318609
-0.709717	-0.164062	0.721436	-0.282443	-0.335878	0.801527	11.327092
-0.701416	-0.159912	0.720947	-0.221374	-0.488550	0.717557	11.335540
-0.705078	-0.159180	0.720947	-0.129771	-0.480916	0.244275	11.344413
-0.708252	-0.165771	0.730225	-0.244275	-0.427481	0.396947	11.352714
-0.707275	-0.164795	0.719727	1.000000	-0.526718	0.725191	11.361096
-0.702637	-0.152588	0.720459	-1.183206	-0.732824	-0.099237	11.369400
-0.703369	-0.168213	0.714111	-1.969466	-0.625954	-0.137405	11.377857
-0.706543	-0.163330	0.726807	0.160305	-0.961832	0.061069	11.386419
-0.712158	-0.170410	0.729980	-1.030534	-1.038168	-0.022901	11.394948
-0.705078	-0.160400	0.726318	0.251908	-0.496183	0.389313	11.403246
-0.705078	-0.163330	0.720215	-0.748092	-0.526718	0.030534	11.411833
-0.706787	-0.167480	0.715576	0.526718	-0.534351	0.740458	11.420304
-0.704346	-0.162354	0.720947	0.030534	-0.687023	0.809160	11.428914
-0.713135	-0.171631	0.720459	0.198473	-0.488550	0.717557	11.437187
-0.711914	-0.169678	0.724365	1.740458	-0.496183	1.190840	11.445801
-0.709473	-0.167969	0.725586	0.786260	-0.587786	1.595420	11.453778
-0.708008	-0.161865	0.731934	1.526718	-0.534351	1.312977	11.461620
-0.706787	-0.156738	0.728271	0.839695	-0.625954	1.137405	11.470332
-0.695312	-0.166992	0.717773	-0.801527	-0.709924	1.175573	11.478728
-0.699463	-0.164795	0.720947	1.671756	-0.465649	0.580153	11.487267
-0.707764	-0.165527	0.726807	-0.198473	-0.664122	0.641221	11.495936
-0.710938	-0.164307	0.722900	-0.305344	-0.511450	0.587786	11.504373
-0.707520	-0.162354	0.719971	0.045802	-0.282443	0.679389	11.512730
-0.708252	-0.163574	0.713867	0.610687	-0.923664	1.007634	11.521094
-0.709717	-0.163818	0.730469	0.595420	-0.687023	0.435115	11.529484
-0.709229	-0.165527	0.716553	0.580153	-0.694656	0.809160	11.537713
-0.712891	-0.161133	0.713379	0.725191	-0.938931	0.954198	11.546515
-0.701172	-0.149658	0.727783	0.145038	-0.458015	0.541985	11.555011
-0.711426	-0.156494	0.722412	-1.564885	-0.366412	-0.236641	11.563463
-0.706787	-0.167236	0.713379	-1.175573	-0.732824	0.106870	11.572073
-0.708496	-0.161621	0.711182	0.328244	-0.748092	0.854962	11.580548
-0.742188	-0.191895	0.699707	-0.167939	0.541985	2.847328	11.589109
-0.704834	-0.275635	0.708252	12.419847	-5.137405	5.083969	11.597792
-0.696045	-0.105469	0.766357	17.374046	0.770992	3.152672	11.606298
-0.711914	-0.163574	0.764160	5.015267	-1.343511	0.656489	11.614859
-0.725098	-0.205811	0.729492	0.259542	-0.633588	1.541985	11.623137
-0.725098	-0.164307	0.754639	5.557252	0.183206	3.580153	11.631591
-0.729004	-0.151611	0.691162	9.549618	-0.870229	4.358779	11.640007
-0.743408	-0.124023	0.711670	4.015267	-0.664122	3.595420	11.647820
-0.716309	-0.149414	0.698730	5.282443	-2.923664	2.061069	11.655731
-0.696045	-0.151855	0.731934	8.801527	-1.320611	3.419847	11.664645
-0.693115	-0.145752	0.744385	5.717557	-2.022901	3.725191	11.673117
-0.690918	-0.135498	0.729736	5.045802	-1.137405	2.801527	11.681426
-0.697021	-0.139404	0.747559	2.244275	-0.610687	0.656489	11.690022
-0.712891	-0.132080	0.731689	-3.770992	-0.381679	-0.236641	11.698494
-0.706543	-0.148682	0.714111	-3.076336	0.778626	-0.687023	11.707151
-0.708984	-0.145752	0.731201	-4.961832	0.030534	-1.679389	11.715604
-0.710205	-0.149658	0.725098	-6.732824	-0.564885	-2.450382	11.723969
-0.808350	-0.162598	0.669922	-2.549618	-8.572519	-2.541985	11.732250
-0.800049	-0.057129	0.657227	0.885496	-21.282443	-22.251908	11.740751
-0.646240	-0.225342	0.802490	-12.068702	-13.793893	-12.267176	11.748850
-0.735107	-0.209229	0.736816	14.450382	-11.328244	-3.213740	11.757268
