-0.175537	0.802002	0.501221	-3.717557	1.534351	-0.229008	0.004640
-0.158936	0.820312	0.509033	-2.984733	0.824427	-0.648855	0.014680
-0.169189	0.819580	0.498291	-3.000000	0.946565	-0.167939	0.024351
-0.168945	0.801758	0.507080	-3.274809	1.129771	-0.030534	0.034031
-0.171875	0.798584	0.511963	-2.671756	1.007634	-0.320611	0.043620
-0.167969	0.794678	0.505859	-2.839695	1.015267	-0.053435	0.052677
-0.164307	0.790527	0.471924	-2.648855	1.259542	-0.992366	0.062193
-0.175781	0.799561	0.470459	-3.358779	1.671756	-0.832061	0.071547
-0.178467	0.800049	0.491455	-2.938931	1.244275	-1.389313	0.081372
-0.179932	0.815430	0.479736	-3.465649	1.465649	-0.496183	0.090710
-0.172119	0.809326	0.482910	-3.022901	0.893130	-0.519084	0.100335
-0.164307	0.806641	0.482910	-2.961832	1.526718	-1.167939	0.109848
-0.175049	0.797363	0.469482	-2.870229	0.786260	-1.145038	0.119384
-0.156738	0.787842	0.479248	-3.648855	1.312977	-0.251908	0.129087
-0.172363	0.793701	0.498779	-3.129771	1.045802	-0.580153	0.138483
-0.172119	0.801270	0.490967	-3.175573	1.190840	-0.541985	0.148060
-0.167725	0.800293	0.496094	-2.900763	1.152672	-0.236641	0.157158
-0.175049	0.802246	0.488770	-3.068702	1.022901	-0.503817	0.166760
-0.175049	0.809814	0.508057	-3.442748	1.198473	-0.229008	0.176132
-0.169434	0.806885	0.497803	-2.916031	0.946565	-0.221374	0.185751
-0.177246	0.792480	0.472168	-3.061069	1.435115	-0.374046	0.195159
-0.169922	0.792236	0.477539	-3.183206	1.465649	-0.740458	0.204616
-0.170166	0.798584	0.487549	-3.442748	1.442748	-0.114504	0.214031
-0.172607	0.796631	0.474854	-2.213740	0.793893	-1.221374	0.223555
-0.171631	0.805908	0.469482	-3.450382	1.183206	-0.564885	0.233146
-0.174561	0.813965	0.497070	-3.198473	1.152672	-0.190840	0.242574
-0.173340	0.807617	0.491211	-2.465649	0.832061	-0.931298	0.252283
-0.169189	0.800293	0.491943	-2.862595	1.076336	-0.687023	0.261601
-0.173096	0.796387	0.490479	-3.022901	1.221374	-0.984733	0.270884
-0.173096	0.799316	0.478760	-3.007634	1.106870	-0.488550	0.280369
-0.171143	0.796631	0.479004	-3.549618	1.969466	-0.145038	0.289825
-0.171875	0.793213	0.489746	-3.664122	1.229008	-0.656489	0.299120
-0.156982	0.798828	0.499268	-3.244275	1.244275	-0.625954	0.308778
-0.170166	0.810547	0.489746	-2.923664	1.358779	0.053435	0.318293
-0.174561	0.807373	0.488037	-2.687023	0.908397	-0.778626	0.328046
-0.171631	0.799805	0.477051	-3.419847	1.351145	-0.328244	0.337985
-0.176514	0.795654	0.485352	-3.198473	1.297710	-1.022901	0.347320
-0.176758	0.792480	0.472412	-2.603053	1.053435	-0.671756	0.356786
-0.170654	0.793701	0.471680	-2.603053	1.190840	-0.793893	0.366348
-0.175781	0.807129	0.477783	-2.961832	1.129771	-0.404580	0.375790
-0.175049	0.810547	0.481689	-3.053435	0.923664	-0.099237	0.385177
-0.165527	0.800049	0.495605	-2.770992	1.053435	-1.091603	0.394665
-0.174316	0.796875	0.489502	-3.129771	1.206107	-0.427481	0.403999
-0.166016	0.807617	0.495361	-3.297710	1.083969	-0.824427	0.412991
-0.172852	0.796875	0.487793	-2.328244	0.946565	-0.900763	0.422032
-0.169434	0.792480	0.489746	-3.580153	1.328244	0.145038	0.431482
-0.169189	0.794189	0.488281	-3.244275	1.267176	-0.732824	0.441394
-0.168213	0.804443	0.494629	-3.358779	1.412214	-0.534351	0.450767
-0.171875	0.808105	0.494873	-3.091603	1.099237	-0.259542	0.460129
-0.175049	0.805176	0.483154	-2.519084	0.961832	-0.473282	0.469664
-0.174805	0.809326	0.477783	-3.206107	1.213740	-0.267176	0.479317
-0.166260	0.803955	0.474854	-3.152672	1.114504	-0.709924	0.488850
-0.174561	0.801758	0.481934	-2.977099	1.099237	-0.603053	0.498245
-0.173096	0.785645	0.479736	-3.656489	1.244275	-0.183206	0.507775
-0.169678	0.803711	0.497070	-3.290076	1.343511	-1.015267	0.517316
-0.169434	0.805176	0.482910	-3.045802	1.061069	-0.183206	0.526970
-0.167480	0.802490	0.492188	-3.549618	1.175573	-0.221374	0.536447
-0.177490	0.804932	0.499023	-3.183206	1.236641	-0.572519	0.545955
-0.171631	0.802979	0.500488	-3.244275	1.297710	-0.732824	0.555802
-0.173340	0.798096	0.483154	-2.702290	1.190840	-0.809160	0.566011
-0.173340	0.796875	0.487549	-3.450382	1.496183	-0.297710	0.576065
-0.170166	0.800049	0.469482	-3.083969	1.259542	-0.374046	0.586806
-0.175537	0.795654	0.482910	-3.190840	1.297710	-0.709924	0.597825
-0.178467	0.797363	0.494141	-3.374046	1.419847	-0.244275	0.607852
-0.173340	0.809814	0.483154	-3.030534	1.061069	-0.564885	0.617302
-0.176025	0.794434	0.483643	-3.000000	1.366412	-0.389313	0.626997
-0.173096	0.798340	0.477051	-3.244275	1.038168	-1.328244	0.636592
-0.173828	0.801758	0.469238	-3.114504	1.061069	-0.740458	0.646209
-0.168701	0.795166	0.493408	-3.122137	0.832061	-0.625954	0.655640
-0.169189	0.806641	0.499268	-2.519084	1.114504	-0.038168	0.665125
-0.178467	0.800049	0.486084	-3.137405	1.015267	-0.320611	0.674682
-0.174316	0.800537	0.502197	-2.595420	1.137405	-1.290076	0.684016
-0.166260	0.805664	0.498047	-2.946565	1.206107	-0.931298	0.693723
-0.169678	0.803223	0.492676	-3.022901	1.282443	-0.778626	0.703246
-0.174805	0.796143	0.487793	-3.473282	1.328244	-0.435115	0.712871
-0.187012	0.802490	0.485352	-2.893130	1.366412	-0.603053	0.722258
-0.169678	0.804199	0.475830	-2.763359	1.366412	-0.129771	0.732097
-0.185547	0.796387	0.476562	-3.274809	0.954198	-0.854962	0.741622
-0.166016	0.805908	0.484619	-3.404580	1.160305	-0.022901	0.751183
-0.169434	0.813232	0.493896	-3.297710	1.160305	-0.328244	0.760667
-0.174316	0.803223	0.493652	-3.244275	0.977099	0.167939	0.770244
-0.172852	0.803467	0.481445	-2.809160	1.236641	-0.755725	0.780150
-0.167480	0.801758	0.494141	-3.687023	1.229008	-0.366412	0.789598
-0.174805	0.791748	0.482422	-2.503817	0.801527	-1.770992	0.799239
-0.171631	0.804688	0.479492	-3.137405	1.229008	0.099237	0.808553
-0.176025	0.793945	0.489258	-3.030534	1.251908	-0.045802	0.818219
-0.168945	0.801514	0.488281	-2.541985	1.297710	-1.465649	0.827893
-0.176025	0.798096	0.489746	-3.000000	1.412214	-0.732824	0.837278
-0.170654	0.802734	0.487793	-3.076336	1.396947	-0.969466	0.846764
-0.166016	0.807861	0.498535	-3.183206	1.358779	-0.572519	0.856194
-0.170410	0.807617	0.488525	-2.938931	1.198473	-0.648855	0.865940
-0.171631	0.801758	0.476318	-3.625954	1.358779	-0.480916	0.875414
-0.177246	0.802490	0.476807	-3.496183	1.282443	-0.427481	0.884861
-0.175537	0.799316	0.482666	-3.190840	1.534351	-0.374046	0.894267
-0.173828	0.800049	0.487549	-2.366412	0.702290	-0.770992	0.903774
-0.187012	0.798828	0.490234	-4.244275	1.519084	0.167939	0.913141
-0.167725	0.802979	0.489746	-2.900763	0.977099	-1.687023	0.922672
-0.176270	0.807617	0.500732	-2.954198	1.091603	-0.221374	0.932331
-0.171387	0.794434	0.496338	-2.870229	1.015267	-0.900763	0.941831
-0.163574	0.813477	0.482422	-2.244275	0.702290	-1.557252	0.951149
-0.168945	0.800049	0.487061	-3.259542	1.274809	0.259542	0.960724
-0.165527	0.788086	0.496826	-2.618321	1.145038	-0.809160	0.970080
-0.176025	0.802490	0.484375	-2.480916	1.145038	-1.152672	0.979046
-0.171875	0.805908	0.480713	-3.450382	1.564885	-0.557252	0.987886
-0.177002	0.800537	0.496826	-3.419847	1.458015	-0.633588	0.998110
-0.173584	0.809082	0.494385	-3.465649	1.473282	-0.198473	1.007576
-0.168701	0.801025	0.487549	-3.374046	1.366412	-0.290076	1.016898
-0.170166	0.802002	0.487305	-3.458015	1.160305	-0.137405	1.026737
-0.170898	0.808350	0.483643	-3.213740	0.938931	-0.137405	1.036238
-0.171387	0.797119	0.484375	-2.816794	0.900763	0.419847	1.045696
-0.173828	0.796875	0.487305	-3.564885	1.519084	-0.274809	1.054595
-0.167236	0.795654	0.476807	-2.496183	1.053435	-1.496183	1.063931
-0.180176	0.800293	0.481934	-2.854962	1.290076	-0.274809	1.073388
-0.178467	0.796631	0.492432	-3.580153	1.572519	-1.473282	1.083352
-0.160156	0.819092	0.479736	-4.167939	1.160305	-0.160305	1.092659
-0.172119	0.800293	0.490479	-0.022901	0.679389	0.045802	1.102166
-0.182373	0.797119	0.488525	-3.526718	1.290076	0.076336	1.111692
-0.168701	0.803955	0.489502	-2.564885	1.114504	-1.312977	1.121250
-0.170654	0.802246	0.485107	-3.282443	1.183206	-0.946565	1.130933
-0.173096	0.803711	0.480225	-4.190840	1.412214	0.160305	1.140492
-0.164062	0.802979	0.485107	-5.816794	1.458015	0.251908	1.150271
-0.169434	0.807861	0.489502	-3.091603	1.206107	-0.656489	1.159795
-0.176025	0.805908	0.485840	-2.984733	0.923664	-0.839695	1.169377
-0.165771	0.803955	0.486084	-3.839695	1.381679	0.099237	1.179599
-0.175293	0.804932	0.481934	-2.671756	0.870229	-0.755725	1.189129
-0.162598	0.801514	0.488770	-3.206107	1.458015	-0.618321	1.198917
-0.170166	0.792236	0.482178	-2.709924	0.916031	-0.618321	1.208712
-0.166016	0.800049	0.490234	-3.816794	1.511450	0.541985	1.217938
-0.165527	0.810791	0.495117	-2.664122	1.129771	-1.091603	1.227787
-0.180176	0.809082	0.484619	-3.083969	1.160305	0.190840	1.237218
-0.178955	0.791260	0.487793	-3.251908	1.274809	-0.458015	1.246618
-0.162109	0.805420	0.493652	-3.038168	1.312977	-1.419847	1.256147
-0.170654	0.798584	0.480469	-3.045802	1.221374	-0.557252	1.265467
-0.170898	0.798096	0.469727	-3.320611	1.351145	-0.671756	1.275553
-0.166992	0.804443	0.493164	-3.458015	1.335878	-0.740458	1.284636
-0.172363	0.808594	0.490723	-3.030534	1.282443	-0.496183	1.294233
-0.172119	0.792480	0.477051	-3.541985	1.206107	-0.213740	1.303518
-0.169922	0.797119	0.482422	-3.106870	0.916031	-0.732824	1.313094
-0.157959	0.804443	0.487305	-3.129771	1.145038	0.045802	1.322603
-0.167725	0.796387	0.487793	-2.541985	1.045802	-0.793893	1.332078
-0.166504	0.805664	0.478027	-2.946565	1.175573	-0.198473	1.341627
-0.178467	0.794922	0.476074	-2.832061	0.854962	-0.801527	1.350968
-0.171875	0.796875	0.493652	-3.625954	1.282443	0.381679	1.360502
-0.171631	0.799316	0.499756	-3.587786	1.229008	-1.007634	1.370014
-0.166992	0.802246	0.497314	-2.839695	1.122137	-0.419847	1.379861
-0.173340	0.790283	0.488770	-3.129771	1.221374	-0.206107	1.389295
-0.167969	0.812012	0.500977	-2.755725	1.053435	-1.114504	1.398542
-0.172607	0.805664	0.499268	-2.908397	1.167939	-1.206107	1.408045
-0.166504	0.800537	0.482666	-2.633588	1.229008	-1.091603	1.417920
-0.175049	0.801270	0.473633	-3.549618	1.450382	-0.015267	1.427483
-0.171387	0.797607	0.483643	-3.061069	1.145038	-0.755725	1.436962
-0.175781	0.798340	0.478760	-3.244275	1.381679	-0.687023	1.446520
-0.182617	0.808105	0.474365	-3.442748	1.503817	-0.076336	1.455905
-0.176025	0.804443	0.488770	-3.381679	1.022901	-0.099237	1.465394
-0.167480	0.799805	0.482666	-2.992366	0.877863	0.030534	1.475171
-0.170166	0.803711	0.477783	-3.145038	1.335878	-0.389313	1.484417
-0.175781	0.806396	0.498047	-3.152672	1.366412	-0.213740	1.493903
-0.181152	0.796143	0.491455	-3.671756	1.106870	-0.099237	1.503290
-0.166260	0.789795	0.494141	-3.251908	1.305344	-1.519084	1.512761
-0.166748	0.805176	0.484131	-3.091603	1.259542	-0.190840	1.522253
-0.174316	0.797363	0.492676	-3.122137	1.305344	0.488550	1.531838
-0.168213	0.801025	0.503418	-2.725191	0.847328	-1.503817	1.541395
-0.159180	0.801270	0.499023	-2.717557	1.083969	-1.030534	1.550780
-0.174561	0.808594	0.485107	-3.290076	1.236641	-0.603053	1.560194
-0.169922	0.807373	0.488770	-2.870229	1.458015	-0.839695	1.569609
-0.168457	0.799072	0.484131	-3.030534	1.366412	-0.564885	1.579126
-0.169678	0.800049	0.474121	-3.145038	1.282443	-0.412214	1.588435
-0.171143	0.800781	0.483398	-3.709924	1.152672	-0.366412	1.598107
-0.174805	0.799316	0.490234	-3.274809	1.366412	-0.267176	1.607268
-0.171875	0.792480	0.496826	-2.801527	1.213740	-0.351145	1.616919
-0.170410	0.797852	0.475586	-2.648855	1.175573	-0.916031	1.626493
-0.169189	0.813965	0.487305	-3.641221	1.480916	-0.061069	1.636022
-0.165039	0.802979	0.495605	-3.083969	1.152672	-0.946565	1.645670
-0.173584	0.797363	0.487793	-3.022901	0.992366	-1.022901	1.655152
-0.168213	0.791260	0.497314	-2.587786	1.038168	-0.618321	1.664564
-0.161377	0.813965	0.491211	-2.900763	1.328244	-0.931298	1.674133
-0.175049	0.803711	0.471436	-2.854962	1.267176	0.061069	1.683848
-0.178467	0.795166	0.484619	-3.702290	1.450382	-0.213740	1.692992
-0.170898	0.797119	0.500000	-2.267176	0.870229	-1.648855	1.701930
-0.175537	0.810547	0.478027	-2.832061	1.213740	-0.572519	1.710999
-0.175049	0.795654	0.478516	-2.969466	1.129771	-0.580153	1.720257
-0.173828	0.802734	0.488525	-3.511450	1.549618	-0.229008	1.730897
-0.161865	0.802734	0.496582	-3.259542	0.961832	-0.679389	1.740492
-0.170898	0.798096	0.484863	-2.893130	1.053435	-0.572519	1.749914
-0.173340	0.797607	0.483154	-3.473282	0.885496	-0.335878	1.759975
-0.171387	0.799316	0.492188	-3.496183	1.236641	0.038168	1.769656
-0.167969	0.796875	0.501221	-2.984733	1.122137	-0.549618	1.779280
-0.170410	0.798096	0.488525	-3.374046	1.465649	-0.732824	1.789189
-0.164795	0.801758	0.503906	-2.809160	1.106870	-0.854962	1.798636
-0.180420	0.802002	0.478027	-3.458015	1.328244	-0.595420	1.807871
-0.171387	0.798340	0.499512	-3.236641	1.198473	-1.916031	1.817563
-0.165283	0.806641	0.479980	-2.740458	0.770992	-0.564885	1.827121
-0.177979	0.796631	0.487061	-2.671756	0.938931	0.389313	1.836678
-0.171143	0.803711	0.485596	-3.473282	1.160305	-0.595420	1.846136
-0.175537	0.801514	0.479736	-2.328244	0.748092	-1.793893	1.855646
-0.157227	0.803467	0.488037	-2.961832	1.068702	-0.847328	1.865069
-0.175293	0.802246	0.478271	-2.877863	0.923664	-0.458015	1.874660
-0.174316	0.796143	0.484619	-3.564885	1.206107	-0.030534	1.884168
-0.172607	0.809082	0.489014	-3.282443	1.061069	-0.114504	1.893433
-0.173828	0.812500	0.500000	-3.160305	1.213740	-0.541985	1.902961
-0.169922	0.803467	0.498291	-2.824427	1.091603	-0.763359	1.912572
-0.177002	0.802246	0.486816	-3.641221	1.633588	-0.251908	1.922021
-0.166016	0.801270	0.495117	-3.335878	1.343511	-0.328244	1.931579
-0.165039	0.801025	0.488037	-3.229008	1.496183	-0.541985	1.941028
-0.160889	0.806396	0.496582	-2.984733	1.564885	-0.809160	1.950522
-0.175293	0.794189	0.472168	-2.687023	1.167939	-1.885496	1.960027
-0.164551	0.810547	0.489502	-3.145038	1.061069	-0.320611	1.969391
-0.167969	0.809326	0.484375	-2.870229	0.885496	-0.145038	1.978994
-0.179932	0.808594	0.491943	-2.755725	1.145038	0.091603	1.988297
-0.174805	0.793701	0.496094	-3.274809	1.099237	-0.129771	1.997607
-0.170410	0.814941	0.488281	-2.259542	0.740458	-1.328244	2.007232
-0.164551	0.805664	0.499023	-2.992366	1.015267	-0.610687	2.016576
-0.169434	0.798096	0.482910	-2.633588	0.885496	-1.099237	2.026097
-0.173828	0.805664	0.491211	-4.229008	1.465649	-0.137405	2.035472
-0.168701	0.793213	0.498291	-3.282443	1.114504	-0.923664	2.044954
-0.167725	0.810059	0.498535	-3.259542	1.068702	-0.343511	2.054512
-0.170898	0.799316	0.484619	-3.091603	1.244275	-0.870229	2.063974
-0.173340	0.796875	0.491211	-3.519084	1.259542	-0.274809	2.073842
-0.172607	0.802246	0.490234	-3.473282	1.595420	0.053435	2.083325
-0.173828	0.799316	0.491455	-3.038168	1.129771	-0.679389	2.092661
-0.167725	0.797363	0.481934	-3.267176	1.282443	-0.213740	2.102407
-0.178223	0.798096	0.485352	-3.045802	1.221374	-0.358779	2.111857
-0.175049	0.803467	0.485107	-3.396947	1.152672	-0.541985	2.121306
-0.168457	0.803467	0.487549	-3.396947	1.282443	0.076336	2.130775
-0.168701	0.799561	0.489990	-2.717557	1.114504	-0.396947	2.140264
-0.171631	0.799072	0.484131	-2.641221	0.938931	-0.778626	2.149625
-0.173828	0.800537	0.488037	-2.916031	1.083969	-1.038168	2.159134
-0.171387	0.801514	0.500244	-3.114504	1.229008	-0.687023	2.168532
-0.174316	0.798340	0.492188	-2.832061	1.030534	-1.015267	2.178245
-0.171387	0.788818	0.471680	-2.946565	1.045802	-0.564885	2.187727
-0.168457	0.803711	0.486572	-3.274809	1.389313	-0.557252	2.197112
-0.172852	0.805420	0.495605	-2.832061	1.282443	-0.900763	2.206896
-0.169434	0.808838	0.492920	-3.465649	1.519084	-0.221374	2.216155
-0.172119	0.799561	0.481445	-3.167939	1.167939	-0.709924	2.225956
-0.173340	0.795410	0.484619	-3.679389	1.496183	0.160305	2.235457
-0.171143	0.800537	0.483643	-3.022901	1.190840	-0.541985	2.244843
-0.179199	0.801025	0.482422	-3.412214	1.061069	-0.053435	2.254385
-0.169434	0.798096	0.486084	-3.351145	1.274809	-0.496183	2.263872
-0.171387	0.799316	0.489014	-3.465649	1.366412	-0.763359	2.272877
-0.169189	0.803711	0.489258	-3.297710	1.000000	-1.083969	2.282486
-0.163574	0.806641	0.491211	-3.068702	1.114504	-0.045802	2.292179
-0.179199	0.796387	0.486328	-3.061069	1.091603	0.007634	2.301674
-0.177490	0.800049	0.493408	-2.511450	0.809160	-1.045802	2.311265
-0.166016	0.803711	0.483887	-2.839695	0.908397	-0.610687	2.320653
-0.169678	0.803711	0.496338	-2.694656	0.854962	-0.877863	2.330224
-0.176025	0.800049	0.491211	-2.618321	1.183206	-0.946565	2.339676
-0.156494	0.796631	0.484619	-3.213740	1.366412	-0.473282	2.349137
-0.156982	0.811035	0.498535	-3.076336	1.213740	-0.748092	2.359036
-0.174561	0.802490	0.495605	-2.885496	0.992366	-1.030534	2.368562
-0.172607	0.802734	0.479736	-2.900763	1.106870	-0.580153	2.378711
-0.179199	0.796387	0.493896	-3.595420	1.351145	-0.450382	2.388315
-0.175781	0.799316	0.496582	-3.488550	1.229008	-0.015267	2.397714
-0.166748	0.804443	0.491455	-2.854962	0.885496	-0.389313	2.406981
-0.171631	0.801514	0.484619	-3.122137	1.145038	0.160305	2.416501
-0.179199	0.797852	0.479004	-3.213740	1.038168	-0.664122	2.426076
-0.175537	0.799316	0.500488	-3.267176	1.305344	-1.045802	2.435529
-0.173340	0.802979	0.494385	-2.709924	0.977099	-0.450382	2.444965
-0.157227	0.810547	0.495605	-3.061069	1.564885	-0.114504	2.454476
-0.172119	0.795654	0.482666	-2.763359	0.931298	-0.534351	2.464140
-0.170898	0.800293	0.487549	-3.160305	0.961832	-0.419847	2.473886
-0.160400	0.801270	0.491699	-2.816794	1.190840	-0.480916	2.483321
-0.168701	0.802979	0.490723	-2.633588	0.946565	-0.877863	2.492861
-0.172363	0.798584	0.473145	-3.274809	1.167939	-0.732824	2.502332
-0.166260	0.801270	0.487549	-3.572519	1.412214	-0.679389	2.511434
-0.168945	0.807617	0.488037	-2.786260	1.221374	-0.816794	2.520873
-0.165527	0.804443	0.487305	-3.587786	1.328244	-0.137405	2.530448
-0.175293	0.799072	0.500488	-3.099237	1.267176	-0.419847	2.539891
-0.168701	0.803711	0.494141	-3.045802	1.083969	-0.610687	2.549015
-0.166992	0.804199	0.496338	-3.511450	1.511450	-0.381679	2.558532
-0.184082	0.797363	0.485840	-3.305344	1.328244	-0.374046	2.569791
-0.167969	0.798584	0.509766	-2.954198	1.206107	-0.580153	2.579389
-0.170898	0.806641	0.492920	-3.183206	1.297710	-1.007634	2.588892
-0.168945	0.812012	0.489746	-3.152672	1.404580	-0.480916	2.598425
-0.177979	0.804199	0.485596	-2.679389	1.076336	-1.068702	2.608119
-0.173828	0.802490	0.476807	-3.282443	1.190840	-0.511450	2.617726
-0.169434	0.798828	0.483643	-2.633588	0.717557	-1.229008	2.627146
-0.173584	0.802490	0.483154	-3.229008	1.519084	-0.633588	2.636685
-0.177734	0.796631	0.480469	-3.183206	1.175573	-0.412214	2.646201
-0.171387	0.795898	0.496338	-3.198473	1.374046	-0.793893	2.655548
-0.170166	0.801758	0.478271	-3.694656	1.213740	-0.236641	2.665060
-0.170898	0.805908	0.497314	-2.923664	1.091603	-0.671756	2.674655
-0.164795	0.804199	0.492188	-2.954198	1.015267	0.122137	2.684110
-0.170654	0.802490	0.487793	-3.022901	1.335878	-0.358779	2.693891
-0.166992	0.798828	0.491211	-2.770992	1.320611	-1.053435	2.703497
-0.169678	0.805664	0.482666	-3.007634	1.022901	-0.778626	2.712746
-0.167969	0.786377	0.488525	-2.961832	0.671756	-0.595420	2.722492
-0.167725	0.811768	0.484375	-3.412214	1.312977	-1.167939	2.732086
-0.174805	0.802246	0.494141	-2.954198	1.038168	-0.351145	2.741499
-0.168457	0.797607	0.473389	-3.007634	1.122137	-0.053435	2.750965
-0.170166	0.793701	0.475830	-2.442748	1.259542	-1.000000	2.760374
-0.171875	0.803711	0.491699	-2.824427	1.213740	-1.045802	2.770012
-0.163818	0.799561	0.482178	-3.099237	1.106870	-0.954198	2.779584
-0.171631	0.800293	0.495117	-3.679389	1.320611	-0.580153	2.789102
-0.166016	0.798340	0.492676	-3.030534	1.007634	-0.511450	2.798721
-0.172607	0.798828	0.485352	-3.183206	1.290076	-0.603053	2.808300
-0.167480	0.802246	0.492188	-3.320611	1.183206	-0.335878	2.817797
-0.168213	0.805908	0.498779	-3.206107	1.374046	-0.160305	2.827454
-0.172852	0.795410	0.496338	-2.618321	0.977099	-0.564885	2.837105
-0.169189	0.805908	0.483643	-3.022901	1.267176	-0.358779	2.846544
-0.167969	0.798584	0.486572	-3.099237	1.190840	-0.977099	2.856097
-0.170166	0.799561	0.492920	-3.343511	1.145038	-0.290076	2.866123
-0.167236	0.802979	0.493896	-2.671756	1.213740	-0.984733	2.876085
-0.169678	0.806641	0.475098	-3.160305	1.297710	-0.038168	2.885476
-0.172852	0.792725	0.491699	-3.419847	1.236641	0.076336	2.895020
-0.171875	0.803711	0.498291	-2.816794	1.282443	-1.595420	2.904300
-0.173096	0.810791	0.487549	-2.946565	1.198473	-0.656489	2.913856
-0.172607	0.789795	0.486816	-2.694656	1.061069	-0.793893	2.923862
-0.173584	0.806885	0.483398	-3.099237	1.374046	-0.687023	2.933318
-0.168701	0.802002	0.488281	-3.274809	1.206107	-0.312977	2.943084
-0.175537	0.792725	0.483643	-3.122137	1.068702	-0.519084	2.952597
-0.174561	0.791748	0.475342	-3.251908	1.282443	-0.519084	2.961914
-0.166504	0.804443	0.491699	-3.488550	1.251908	0.167939	2.971569
-0.166504	0.805420	0.481689	-2.977099	0.732824	-0.526718	2.980611
-0.171143	0.802246	0.482910	-3.412214	1.045802	-0.236641	2.990036
-0.175049	0.801514	0.489258	-3.320611	1.396947	-1.198473	2.999930
-0.173828	0.804443	0.484375	-2.702290	1.083969	-1.549618	3.009392
-0.172119	0.793701	0.482910	-3.015267	0.977099	-0.572519	3.018731
-0.167969	0.813721	0.493652	-3.114504	1.083969	-0.541985	3.028482
-0.176025	0.801758	0.485352	-3.145038	0.854962	0.396947	3.037758
-0.171143	0.789062	0.493652	-3.328244	1.183206	-0.839695	3.047597
-0.169678	0.802490	0.484863	-2.351145	0.832061	-1.083969	3.057120
-0.168945	0.797119	0.481201	-2.931298	1.114504	-0.603053	3.066608
-0.172363	0.799072	0.496582	-3.427481	1.366412	-0.427481	3.076284
-0.165527	0.804443	0.503418	-3.221374	1.236641	-1.030534	3.085772
-0.166748	0.800049	0.494629	-3.175573	1.068702	-0.992366	3.095204
-0.173828	0.799316	0.484863	-3.351145	1.343511	-0.442748	3.104684
-0.172119	0.801025	0.480469	-3.343511	1.274809	-0.366412	3.114221
-0.176025	0.804199	0.492920	-3.099237	1.267176	-0.312977	3.123293
-0.163818	0.796875	0.480957	-3.190840	1.206107	-0.847328	3.132902
-0.178223	0.806885	0.483887	-3.305344	1.251908	-0.175573	3.142519
-0.175293	0.805176	0.480713	-2.984733	1.091603	-1.580153	3.151993
-0.170410	0.805908	0.490967	-3.045802	0.801527	-0.908397	3.161618
-0.172852	0.816406	0.480713	-3.022901	0.961832	0.076336	3.171276
-0.175537	0.798096	0.476807	-2.832061	0.786260	-0.061069	3.181084
-0.176025	0.797119	0.499023	-3.175573	1.007634	-0.465649	3.190564
-0.177246	0.795654	0.487061	-2.793893	1.038168	-0.893130	3.200114
-0.170166	0.799805	0.497559	-2.748092	0.969466	-1.068702	3.209692
-0.170898	0.796143	0.491943	-2.923664	1.122137	-0.648855	3.219040
-0.168701	0.799805	0.492432	-3.068702	1.221374	-0.557252	3.228647
-0.169189	0.805420	0.486328	-3.129771	1.343511	-0.633588	3.238035
-0.166016	0.808350	0.497070	-3.320611	1.496183	-0.511450	3.247428
-0.173584	0.794434	0.486084	-2.961832	1.129771	-0.564885	3.257013
-0.183838	0.791260	0.484375	-3.122137	1.435115	-0.259542	3.266368
-0.167236	0.802490	0.490234	-3.122137	1.091603	0.190840	3.276116
-0.166992	0.797607	0.494873	-3.000000	1.190840	-0.603053	3.285544
-0.180908	0.799316	0.488525	-2.916031	1.038168	-0.297710	3.295041
-0.176270	0.799316	0.490234	-3.534351	1.625954	0.206107	3.304602
-0.166016	0.803711	0.501221	-3.206107	1.083969	-0.862595	3.314012
-0.168213	0.807861	0.501709	-2.694656	0.809160	-0.526718	3.323799
-0.168457	0.790283	0.480713	-3.755725	1.076336	0.404580	3.333159
-0.166992	0.796143	0.501465	-3.320611	1.427481	-0.664122	3.342485
-0.172852	0.808594	0.489502	-2.503817	1.053435	-1.145038	3.352284
-0.177490	0.796387	0.475586	-3.526718	1.381679	-0.801527	3.361853
-0.168457	0.795654	0.496338	-3.274809	0.916031	-1.068702	3.370944
-0.166260	0.815186	0.490723	-3.267176	1.213740	-0.114504	3.381030
-0.170898	0.801025	0.489258	-3.305344	1.511450	-0.717557	3.390517
-0.170898	0.801758	0.488770	-3.335878	1.297710	-0.503817	3.400015
-0.170898	0.805664	0.495361	-3.381679	1.267176	-0.297710	3.409606
-0.166016	0.799805	0.497070	-3.129771	1.351145	-0.465649	3.419135
-0.168213	0.799316	0.486084	-3.137405	1.526718	-1.038168	3.428505
-0.167236	0.796143	0.476807	-3.053435	1.099237	-1.000000	3.437594
-0.172119	0.799805	0.496094	-3.328244	1.251908	0.351145	3.446485
-0.170166	0.810303	0.499268	-3.328244	1.198473	-0.900763	3.455629
-0.171631	0.805908	0.492188	-2.671756	1.083969	-0.320611	3.466166
-0.169434	0.800049	0.490479	-3.541985	1.412214	0.076336	3.475700
-0.171387	0.802979	0.488281	-2.236641	0.900763	-1.213740	3.485186
-0.167480	0.798340	0.483887	-2.793893	0.969466	-0.977099	3.495977
-0.170898	0.788086	0.495361	-3.183206	1.259542	-0.534351	3.514696
-0.171143	0.798096	0.487305	-3.053435	0.908397	-0.564885	3.524397
-0.171631	0.799561	0.487305	-3.145038	1.236641	-0.694656	3.533939
-0.181152	0.811035	0.484863	-3.618321	1.458015	-0.305344	3.543546
-0.172852	0.800049	0.491211	-3.183206	1.022901	-0.351145	3.552988
-0.170654	0.796631	0.488770	-2.854962	1.068702	-0.603053	3.562344
-0.167725	0.799072	0.482422	-3.335878	1.183206	-0.473282	3.572191
-0.166992	0.797607	0.482910	-3.030534	1.198473	-0.282443	3.581800
-0.171387	0.798096	0.491943	-2.824427	1.229008	0.206107	3.591394
-0.171143	0.807373	0.490723	-3.519084	1.526718	-0.381679	3.600910
-0.171387	0.806885	0.486572	-3.083969	1.251908	-0.435115	3.610405
-0.169189	0.804932	0.495605	-3.190840	1.229008	0.274809	3.619398
-0.172119	0.805176	0.494629	-2.557252	1.030534	-1.160305	3.628517
-0.174805	0.800049	0.483154	-2.954198	0.946565	-1.221374	3.638141
-0.173340	0.798340	0.479004	-3.022901	1.015267	-0.603053	3.647698
-0.174805	0.795898	0.482910	-3.076336	0.969466	-0.480916	3.657195
-0.172607	0.802490	0.478027	-3.259542	1.358779	-0.824427	3.666651
-0.171387	0.804688	0.489746	-3.229008	1.160305	-0.458015	3.676193
-0.168457	0.806396	0.492188	-3.282443	1.351145	-0.320611	3.685714
-0.175049	0.809082	0.490234	-3.129771	1.106870	-0.595420	3.695355
-0.174316	0.797119	0.488770	-3.076336	0.938931	-0.351145	3.704877
-0.173584	0.796875	0.495605	-3.167939	1.480916	-0.305344	3.714519
-0.171631	0.802979	0.496582	-3.236641	1.190840	-0.068702	3.724064
-0.171143	0.793213	0.495361	-3.236641	1.259542	-0.160305	3.733759
-0.175049	0.796631	0.483887	-3.465649	1.381679	-0.450382	3.742634
-0.172119	0.802734	0.491211	-3.351145	1.389313	-0.572519	3.751541
-0.169189	0.800537	0.500244	-3.030534	1.282443	-0.450382	3.760424
-0.174316	0.801270	0.487793	-2.763359	1.198473	-0.641221	3.769564
-0.183838	0.800293	0.494385	-2.992366	1.259542	-1.030534	3.780133
-0.169189	0.797607	0.473633	-3.053435	1.160305	-0.641221	3.789808
-0.173340	0.792725	0.495850	-2.908397	0.954198	-0.442748	3.799479
-0.171875	0.801758	0.486572	-3.335878	1.221374	-0.358779	3.808887
-0.172119	0.805664	0.489014	-2.778626	1.091603	-0.832061	3.818461
-0.170654	0.797852	0.484863	-2.931298	1.274809	-0.824427	3.827957
-0.179199	0.799805	0.485596	-3.488550	1.160305	-0.786260	3.837355
-0.170654	0.803467	0.494141	-3.320611	1.328244	-0.305344	3.846808
-0.172119	0.799072	0.494141	-3.122137	1.259542	-0.358779	3.856119
-0.165771	0.797852	0.473877	-3.328244	1.503817	-0.030534	3.865646
-0.179932	0.810303	0.491943	-3.458015	1.603053	-0.320611	3.875417
-0.161377	0.797607	0.490723	-3.305344	1.396947	-0.480916	3.884858
-0.169922	0.795166	0.487305	-2.961832	0.923664	-0.526718	3.894410
-0.175293	0.802002	0.487549	-3.007634	1.083969	-0.396947	3.903930
-0.156494	0.807373	0.484619	-3.374046	1.419847	-0.404580	3.913336
-0.171143	0.805908	0.491455	-2.916031	1.404580	-1.022901	3.922933
-0.172119	0.796143	0.500977	-2.702290	0.969466	-0.633588	3.932570
-0.165527	0.804688	0.489990	-3.160305	0.977099	-0.900763	3.942000
-0.171387	0.802002	0.481201	-2.992366	1.190840	-0.419847	3.951460
-0.171143	0.809570	0.496094	-3.083969	1.053435	-0.206107	3.960833
-0.171387	0.795410	0.490967	-2.648855	0.839695	-1.083969	3.970453
-0.166992	0.810547	0.485352	-3.091603	1.129771	-0.969466	3.980035
-0.175049	0.783203	0.483398	-2.961832	1.190840	-0.732824	3.989659
-0.164551	0.800537	0.500488	-3.694656	1.641221	-0.290076	3.999064
-0.165527	0.802734	0.485352	-2.908397	1.053435	-0.679389	4.008695
-0.168457	0.801025	0.492432	-3.435115	1.251908	-0.412214	4.018268
-0.173828	0.802246	0.486816	-3.671756	1.549618	-0.251908	4.028042
-0.171387	0.802002	0.487305	-3.404580	1.274809	-0.183206	4.037594
-0.175049	0.804199	0.482178	-2.877863	1.076336	-0.412214	4.046752
-0.169678	0.794189	0.485840	-3.557252	1.305344	-0.557252	4.056376
-0.172119	0.798584	0.494873	-2.984733	1.091603	-0.969466	4.065851
-0.175293	0.797852	0.486084	-2.862595	0.900763	-0.526718	4.075704
-0.175781	0.803467	0.477051	-3.160305	1.419847	-0.709924	4.085141
-0.168457	0.806396	0.493408	-2.900763	1.221374	-0.900763	4.095390
-0.167969	0.794189	0.498779	-2.839695	1.000000	0.038168	4.105026
-0.170654	0.800781	0.488770	-3.725191	1.343511	-0.801527	4.114404
-0.164307	0.803467	0.495361	-2.167939	0.740458	-1.610687	4.124513
-0.166260	0.806396	0.496094	-3.320611	1.251908	-0.458015	4.133834
-0.172607	0.798340	0.478027	-2.503817	1.122137	-0.893130	4.143333
-0.179443	0.813477	0.500488	-5.832061	1.587786	-0.030534	4.152856
-0.165771	0.805420	0.484863	-2.984733	1.152672	-0.732824	4.162409
-0.174805	0.795166	0.481445	-3.076336	1.160305	-0.786260	4.172157
-0.175781	0.795166	0.491699	-3.519084	1.320611	-0.374046	4.181858
-0.167969	0.805664	0.495850	-3.206107	1.160305	-0.351145	4.191380
-0.171875	0.800049	0.492920	-3.389313	1.053435	-1.938931	4.200928
-0.176025	0.793701	0.482422	-2.916031	1.206107	-0.374046	4.210417
-0.168701	0.805176	0.493408	-3.213740	1.297710	-0.725191	4.219709
-0.173584	0.801025	0.490967	-2.816794	0.740458	-1.229008	4.229471
-0.173340	0.800537	0.485352	-3.496183	1.290076	-0.748092	4.238963
-0.169922	0.804688	0.488281	-2.801527	1.022901	-0.839695	4.248434
-0.173340	0.806641	0.492432	-3.091603	1.076336	0.099237	4.257643
-0.166992	0.793457	0.484619	-2.603053	1.145038	-0.763359	4.266476
-0.168213	0.805908	0.486084	-2.045802	0.572519	-0.671756	4.275624
-0.172119	0.801025	0.496094	-3.618321	1.312977	-0.503817	4.285865
-0.171631	0.809570	0.491943	-2.396947	0.862595	-1.473282	4.295268
-0.175293	0.802002	0.485352	-4.152672	1.580153	-0.160305	4.304838
-0.169434	0.806885	0.484375	-2.358779	0.908397	-1.152672	4.314425
-0.169678	0.806885	0.489746	-3.595420	1.503817	-0.244275	4.323799
-0.171631	0.795410	0.482178	-3.068702	1.374046	-0.274809	4.333336
-0.171143	0.804932	0.486816	-3.450382	1.427481	-0.198473	4.342626
-0.171387	0.790527	0.476318	-2.900763	1.022901	-0.290076	4.352034
-0.170166	0.802979	0.489258	-2.900763	0.984733	-0.580153	4.361600
-0.175537	0.800537	0.486572	-3.259542	1.267176	-0.343511	4.371130
-0.173828	0.802246	0.489258	-2.946565	0.885496	-0.763359	4.380858
-0.172119	0.801514	0.490234	-3.702290	1.442748	-1.045802	4.390300
-0.161377	0.807861	0.486816	-3.671756	1.251908	-0.786260	4.399785
-0.186523	0.799316	0.487549	-3.603053	1.045802	0.251908	4.409281
-0.171143	0.798340	0.490967	-2.580153	0.931298	-0.770992	4.418735
-0.171143	0.796143	0.491455	-3.076336	1.114504	-0.641221	4.428796
-0.175537	0.793457	0.483887	-2.870229	0.946565	-1.389313	4.438167
-0.176514	0.802979	0.488770	-3.320611	1.358779	-0.809160	4.447874
-0.173340	0.807129	0.495117	-3.358779	1.251908	-0.221374	4.457189
-0.166260	0.806641	0.494385	-2.854962	1.000000	-0.587786	4.466719
-0.176270	0.791748	0.478760	-3.435115	1.274809	-0.488550	4.476231
-0.173096	0.799072	0.481934	-3.679389	1.274809	-0.137405	4.485910
-0.168701	0.800293	0.503906	-3.427481	1.274809	-0.083969	4.495209
-0.165283	0.798584	0.494385	-2.648855	1.068702	-0.610687	4.504615
-0.170410	0.800781	0.486572	-3.259542	1.312977	-0.229008	4.514084
-0.178223	0.805176	0.491211	-3.015267	1.312977	-0.702290	4.523606
-0.168457	0.807373	0.491943	-3.145038	1.053435	-0.335878	4.533280
-0.175049	0.807373	0.489502	-3.007634	0.358779	-0.694656	4.542832
-0.173828	0.806885	0.475830	-3.022901	1.045802	-0.580153	4.552326
-0.170654	0.796631	0.493652	-3.106870	1.167939	0.274809	4.561618
-0.173584	0.801270	0.501465	-2.984733	1.076336	-0.832061	4.573700
-0.168213	0.804688	0.478760	-2.893130	1.198473	-1.396947	4.583495
-0.168945	0.797607	0.488770	-3.251908	1.167939	-0.328244	4.592846
-0.172607	0.799316	0.485107	-3.366412	1.358779	-0.465649	4.602702
-0.163086	0.808105	0.486816	-2.679389	1.152672	-1.068702	4.612415
-0.168945	0.798340	0.492188	-3.511450	1.366412	-0.206107	4.621888
-0.173096	0.801270	0.483398	-3.160305	1.175573	-0.816794	4.631841
-0.165527	0.805420	0.488770	-3.396947	1.007634	-0.213740	4.641344
-0.172119	0.793457	0.487793	-3.305344	1.137405	-0.221374	4.650707
-0.166504	0.795898	0.488281	-3.167939	1.251908	-0.122137	4.660036
-0.166260	0.792725	0.493652	-2.854962	1.114504	-1.129771	4.669597
-0.177246	0.796631	0.490479	-3.068702	1.099237	-0.908397	4.679235
-0.164307	0.796875	0.495117	-2.832061	1.022901	-1.480916	4.689113
-0.165039	0.812012	0.489502	-2.900763	0.984733	0.496183	4.698680
-0.167236	0.801758	0.489014	-2.893130	1.282443	0.145038	4.708538
-0.170166	0.805664	0.486084	-2.557252	0.832061	-1.290076	4.718175
-0.167236	0.800537	0.491211	-3.488550	1.190840	-0.770992	4.727753
-0.169922	0.802002	0.488525	-2.801527	1.190840	-0.801527	4.737204
-0.168213	0.803711	0.484863	-3.221374	1.381679	-0.435115	4.746537
-0.166748	0.809814	0.483398	-3.404580	1.389313	-0.633588	4.756374
-0.169434	0.803711	0.485596	-3.045802	1.160305	-0.580153	4.766056
-0.174316	0.801514	0.482910	-3.305344	1.358779	-0.381679	4.775458
-0.174561	0.792480	0.489990	-3.335878	1.229008	-0.404580	4.784870
-0.171387	0.804932	0.483643	-3.267176	1.129771	-0.465649	4.794360
-0.171631	0.802734	0.484619	-3.137405	1.030534	-0.236641	4.803321
-0.172607	0.796875	0.482422	-3.290076	1.320611	-0.458015	4.813034
-0.172119	0.788574	0.480225	-3.297710	1.221374	-0.954198	4.822647
-0.168701	0.802734	0.484619	-2.809160	1.129771	-1.389313	4.832178
-0.166016	0.806396	0.494385	-3.152672	0.961832	-0.618321	4.841789
-0.173828	0.809082	0.496338	-2.656489	1.175573	-0.175573	4.851067
-0.175293	0.805176	0.477295	-3.221374	1.190840	-0.343511	4.860640
-0.166748	0.796875	0.486572	-3.320611	1.236641	-0.885496	4.870001
-0.165771	0.804443	0.491699	-2.656489	1.038168	-0.946565	4.879549
-0.168457	0.797363	0.486572	-2.961832	1.312977	-0.030534	4.889009
-0.175781	0.793457	0.496094	-3.175573	1.282443	-0.618321	4.898258
-0.169678	0.801758	0.489990	-3.480916	1.458015	-0.198473	4.907376
-0.167480	0.806396	0.491211	-2.977099	1.343511	-0.954198	4.916252
-0.170410	0.805664	0.495361	-2.984733	1.160305	-0.625954	4.926475
-0.170166	0.797852	0.483643	-3.320611	1.244275	-0.343511	4.935883
-0.165039	0.805420	0.495361	-3.167939	1.137405	-0.389313	4.945261
-0.171387	0.798096	0.494385	-2.847328	0.961832	-0.358779	4.954386
-0.158203	0.800293	0.488525	-3.351145	1.167939	-0.206107	4.963920
-0.173096	0.799316	0.482910	-2.870229	0.931298	-1.053435	4.973298
-0.171631	0.799561	0.484619	-3.198473	1.190840	-1.244275	4.982698
-0.174805	0.799805	0.488525	-3.198473	1.297710	-0.900763	4.992351
-0.171387	0.811279	0.486328	-2.916031	1.083969	-0.290076	5.001808
-0.165771	0.803223	0.481201	-3.106870	1.030534	0.259542	5.011298
-0.170166	0.801514	0.485840	-2.946565	1.290076	-1.053435	5.020740
-0.168213	0.793701	0.489746	-2.572519	1.106870	-1.297710	5.030542
-0.168701	0.801270	0.499268	-3.030534	1.351145	-0.358779	5.040087
-0.171631	0.791504	0.486816	-2.694656	1.022901	-0.946565	5.049556
-0.171875	0.799072	0.487793	-3.633588	1.580153	-0.381679	5.059090
-0.171875	0.806885	0.493896	-2.961832	0.946565	-1.000000	5.068387
-0.170898	0.805420	0.488037	-3.152672	1.061069	-0.473282	5.078184
-0.169434	0.796875	0.481934	-3.122137	1.267176	-0.190840	5.087652
-0.168945	0.794189	0.481689	-3.160305	1.145038	-0.618321	5.097180
-0.172119	0.799316	0.477783	-3.106870	1.236641	-0.267176	5.106816
-0.169922	0.797852	0.496582	-3.396947	1.473282	0.076336	5.116211
-0.160156	0.797607	0.486084	-2.687023	0.824427	-1.015267	5.125947
-0.176270	0.796387	0.488037	-3.206107	1.381679	1.946565	5.135522
-0.174072	0.807129	0.501221	-3.022901	1.343511	-1.244275	5.145082
-0.165771	0.807617	0.486816	-3.099237	1.244275	-0.641221	5.154409
-0.176270	0.799805	0.493164	-3.236641	1.320611	0.450382	5.163737
-0.176758	0.800537	0.494629	-2.519084	0.885496	-1.106870	5.173337
-0.166016	0.799561	0.499268	-3.068702	1.038168	-0.877863	5.183129
-0.156494	0.794189	0.480957	-2.992366	1.114504	-0.450382	5.192452
-0.169189	0.796631	0.487793	-3.549618	1.526718	-0.343511	5.202059
-0.169678	0.801758	0.484619	-2.793893	1.167939	-0.946565	5.211541
-0.169189	0.802002	0.484131	-3.129771	1.160305	-0.732824	5.221182
-0.171387	0.799316	0.482910	-3.305344	1.404580	-0.229008	5.230820
-0.171631	0.804199	0.500000	-3.358779	1.290076	-0.587786	5.240232
-0.167236	0.801270	0.490479	-2.839695	0.763359	-0.442748	5.249597
-0.178467	0.794678	0.485596	-3.335878	1.183206	-0.251908	5.259179
-0.164795	0.796631	0.479492	-3.175573	1.274809	-0.679389	5.269203
-0.173096	0.796631	0.491211	-3.221374	0.961832	-0.854962	5.278688
-0.177002	0.794678	0.493164	-3.297710	1.274809	-0.351145	5.288016
-0.158691	0.799805	0.500000	-2.610687	0.961832	-1.099237	5.297838
-0.170654	0.806152	0.485596	-2.893130	0.923664	0.229008	5.307337
-0.177490	0.793945	0.487305	-3.061069	1.221374	-0.511450	5.316834
-0.173096	0.801758	0.490723	-2.847328	1.213740	-1.389313	5.326561
-0.168701	0.794922	0.494385	-2.900763	1.251908	-1.175573	5.336069
-0.166016	0.801025	0.486572	-2.541985	1.061069	-0.343511	5.345941
-0.181641	0.806885	0.480225	-3.335878	1.259542	-0.145038	5.355639
-0.166260	0.796875	0.496338	-3.442748	1.198473	-0.366412	5.364828
-0.168701	0.800537	0.492432	-3.007634	1.045802	-0.702290	5.374457
-0.175293	0.800781	0.492676	-3.068702	1.435115	-0.442748	5.384167
-0.171631	0.801514	0.490967	-3.206107	1.351145	-0.419847	5.393325
-0.174561	0.806641	0.491943	-3.061069	1.068702	-0.244275	5.402886
-0.167480	0.805908	0.492188	-3.190840	1.152672	-0.106870	5.412425
-0.167969	0.797363	0.494629	-2.961832	1.091603	-0.709924	5.421886
-0.177002	0.795898	0.487793	-3.488550	1.190840	-1.160305	5.431576
-0.176758	0.798340	0.480469	-2.450382	0.702290	-1.183206	5.441086
-0.170654	0.809082	0.487305	-4.000000	1.717557	-0.145038	5.450582
-0.172852	0.802246	0.492432	-2.404580	1.267176	-0.503817	5.460041
-0.171387	0.803223	0.472412	-3.137405	1.030534	0.114504	5.469397
-0.172363	0.792725	0.486084	-2.709924	1.068702	-0.938931	5.478789
-0.170166	0.797852	0.494385	-2.839695	0.709924	-0.862595	5.488461
-0.171875	0.800781	0.488281	-3.198473	1.351145	-0.557252	5.497912
-0.172119	0.799561	0.482666	-3.427481	1.320611	-0.587786	5.507326
-0.168701	0.798096	0.497559	-3.557252	1.282443	-0.458015	5.516735
-0.175781	0.808350	0.482422	-2.763359	0.885496	-0.877863	5.526500
-0.171875	0.813232	0.478271	-3.381679	1.297710	-0.381679	5.535826
-0.160400	0.798584	0.497559	-3.244275	1.236641	-0.267176	5.544641
-0.156982	0.796875	0.483398	-3.450382	1.175573	-0.381679	5.554160
-0.171387	0.793213	0.482178	-2.709924	1.068702	-0.633588	5.563733
-0.169922	0.803955	0.491211	-3.549618	1.427481	-1.946565	5.572994
-0.174561	0.787842	0.482666	-2.755725	1.129771	-1.221374	5.582242
-0.170654	0.803467	0.483887	-3.343511	1.122137	-1.427481	5.591824
-0.172852	0.797119	0.512695	-3.137405	1.083969	-0.580153	5.601546
-0.167480	0.806885	0.489014	-2.290076	1.152672	-1.488550	5.611079
-0.175293	0.803955	0.486816	-3.083969	1.167939	0.740458	5.620344
-0.173096	0.792236	0.502686	-3.045802	1.007634	-0.625954	5.630023
-0.169189	0.800781	0.495850	-2.633588	1.206107	-1.465649	5.639673
-0.167480	0.793945	0.490479	-2.992366	1.198473	-0.893130	5.648969
-0.175781	0.792969	0.477783	-3.167939	1.175573	-0.664122	5.658278
-0.169189	0.806152	0.503906	-3.328244	1.190840	-0.152672	5.667628
-0.170654	0.807373	0.497803	-2.885496	1.114504	-0.816794	5.677325
-0.171875	0.808594	0.488037	-2.938931	1.236641	-0.534351	5.686759
-0.166504	0.802490	0.490723	-3.366412	1.229008	-0.251908	5.696385
-0.172119	0.804688	0.498047	-3.244275	1.267176	-0.763359	5.705929
-0.176758	0.799072	0.479980	-2.748092	0.893130	-0.618321	5.715516
-0.166992	0.799316	0.494873	-3.366412	1.267176	-0.450382	5.725476
-0.173096	0.803467	0.495605	-2.854962	1.320611	-0.702290	5.735159
-0.172852	0.799072	0.490723	-3.221374	1.076336	-1.297710	5.744872
-0.169189	0.805664	0.489502	-3.160305	1.007634	-0.717557	5.754219
-0.164307	0.813232	0.486572	-3.488550	1.572519	-0.809160	5.763856
-0.173828	0.796875	0.498779	-2.625954	0.977099	-0.221374	5.773254
-0.168701	0.795898	0.488281	-3.541985	1.114504	-0.190840	5.783176
-0.159668	0.801758	0.489746	-2.885496	0.839695	-0.839695	5.792790
-0.168701	0.805176	0.494873	-3.030534	1.137405	-0.816794	5.801921
-0.183350	0.793457	0.482422	-2.938931	1.068702	-0.694656	5.811552
-0.170654	0.804199	0.491699	-3.687023	1.473282	-0.473282	5.820995
-0.169434	0.806641	0.484619	-2.954198	1.053435	-0.885496	5.830528
-0.167969	0.801514	0.487061	-3.007634	1.374046	-0.290076	5.840031
-0.177490	0.794922	0.493408	-3.137405	1.007634	-0.473282	5.850044
-0.174561	0.802734	0.494629	-2.946565	1.061069	-0.236641	5.859569
-0.170654	0.799805	0.488281	-3.465649	1.541985	-0.022901	5.869055
-0.167969	0.798584	0.486572	-2.679389	0.946565	-0.977099	5.878804
-0.170410	0.796875	0.481201	-3.267176	1.396947	-0.770992	5.888355
-0.179932	0.802734	0.486328	-3.572519	1.343511	-0.847328	5.897927
-0.168945	0.804443	0.498535	-3.381679	1.374046	-0.931298	5.907310
-0.166748	0.807129	0.491211	-2.503817	0.977099	0.328244	5.916900
-0.175049	0.794678	0.475586	-2.847328	1.076336	0.038168	5.926371
-0.166504	0.799561	0.485352	-3.236641	1.167939	-1.038168	5.936108
-0.169434	0.806641	0.495850	-2.854962	0.984733	-0.961832	5.945765
-0.168701	0.803223	0.483154	-2.969466	1.312977	-0.793893	5.955240
-0.174316	0.800781	0.491211	-2.839695	1.083969	-0.877863	5.964557
-0.167969	0.801025	0.485840	-3.335878	1.297710	-0.267176	5.974230
-0.185791	0.797363	0.484619	-2.946565	1.106870	-0.946565	5.983527
-0.173828	0.804443	0.490723	-3.396947	1.290076	-0.320611	5.992897
-0.171631	0.802246	0.482422	-3.229008	1.251908	-0.564885	6.002580
-0.179688	0.803223	0.484131	-3.190840	1.198473	-0.465649	6.011933
-0.171387	0.802490	0.482910	-3.465649	0.954198	-0.175573	6.021501
-0.169922	0.800049	0.478760	-3.969466	1.503817	-0.007634	6.030992
-0.170410	0.796143	0.487793	-2.862595	1.091603	-0.610687	6.040722
-0.181885	0.802002	0.486328	-3.343511	1.183206	-0.557252	6.050187
-0.166992	0.803711	0.469971	-2.992366	0.969466	-0.587786	6.059771
-0.171143	0.803223	0.497070	-3.183206	1.282443	-0.442748	6.069320
-0.170898	0.798096	0.487061	-2.770992	0.954198	-0.259542	6.078897
-0.175293	0.796143	0.487549	-3.015267	1.129771	-0.358779	6.088453
-0.171143	0.798096	0.491455	-3.122137	1.061069	-0.671756	6.097884
-0.167480	0.805420	0.494629	-2.778626	1.053435	-0.625954	6.107204
-0.176514	0.790771	0.489990	-2.839695	1.175573	-1.068702	6.116945
-0.171143	0.806152	0.479248	-2.908397	1.091603	-0.931298	6.126577
-0.175781	0.802002	0.493408	-3.480916	1.435115	-0.503817	6.136022
-0.169189	0.800293	0.490479	-2.740458	1.129771	-0.725191	6.145541
-0.167725	0.793945	0.479980	-3.198473	1.404580	-0.290076	6.154981
-0.170654	0.793213	0.483398	-3.320611	1.374046	-0.694656	6.164481
-0.168945	0.800781	0.488770	-3.427481	1.496183	-0.366412	6.174056
-0.166748	0.800049	0.488281	-3.305344	1.366412	-0.312977	6.183139
-0.170654	0.797363	0.490234	-3.244275	1.320611	-0.381679	6.192494
-0.175049	0.803711	0.497803	-3.183206	1.297710	-0.076336	6.201499
-0.158936	0.798584	0.490234	-3.091603	1.343511	-0.832061	6.211205
-0.177246	0.799072	0.471191	-2.931298	0.832061	-0.702290	6.220740
-0.170166	0.794922	0.493164	-3.007634	1.236641	-1.312977	6.230444
-0.171875	0.800781	0.489990	-2.977099	0.900763	-0.091603	6.239826
-0.170166	0.802979	0.487305	-3.114504	1.122137	0.221374	6.249309
-0.171875	0.792969	0.492188	-2.717557	0.877863	-0.954198	6.258764
-0.168457	0.804199	0.494385	-2.908397	0.954198	-0.664122	6.268184
-0.165527	0.803467	0.489746	-2.656489	1.076336	-1.221374	6.277769
-0.173096	0.802979	0.486572	-2.923664	1.114504	-0.458015	6.287431
-0.171875	0.801270	0.495117	-3.496183	1.206107	-0.251908	6.296672
-0.167969	0.802246	0.496826	-2.648855	0.908397	-1.045802	6.306294
-0.169189	0.795898	0.489502	-3.061069	1.137405	-0.648855	6.315758
-0.171143	0.797363	0.487305	-3.366412	1.503817	-0.549618	6.325794
-0.172607	0.796143	0.487793	-3.290076	1.503817	-0.366412	6.335275
-0.159912	0.799072	0.501465	-3.152672	1.175573	0.053435	6.344733
-0.173096	0.793213	0.487305	-2.709924	0.877863	-0.725191	6.354181
-0.170166	0.808350	0.471436	-3.389313	1.267176	-0.687023	6.363592
-0.169678	0.796875	0.493164	-3.282443	1.137405	-0.732824	6.373116
-0.175049	0.798340	0.491699	-3.236641	1.183206	-0.511450	6.382842
-0.173340	0.793457	0.482910	-2.923664	0.961832	-1.000000	6.392646
-0.171631	0.800781	0.496582	-3.122137	1.511450	-0.106870	6.402034
-0.167236	0.806152	0.490234	-2.931298	1.358779	-0.366412	6.411508
-0.170410	0.807129	0.494385	-2.564885	1.061069	-0.381679	6.420960
-0.171875	0.793945	0.487305	-3.427481	1.160305	-0.770992	6.431041
-0.169434	0.802734	0.492676	-2.816794	0.877863	-1.129771	6.440477
-0.167480	0.804199	0.498535	-2.908397	1.145038	-0.389313	6.450221
-0.164551	0.804443	0.494141	-2.648855	0.923664	-0.923664	6.459753
-0.170166	0.800781	0.480225	-3.106870	1.206107	-1.099237	6.469374
-0.174561	0.801514	0.472168	-3.335878	1.488550	-0.343511	6.479125
-0.174072	0.801758	0.492676	-3.145038	1.274809	-0.381679	6.488695
-0.171875	0.793213	0.483887	-3.297710	1.351145	-0.519084	6.498328
-0.170410	0.804688	0.484863	-3.358779	1.229008	-0.290076	6.507262
-0.163574	0.811523	0.496582	-3.259542	1.167939	-0.015267	6.516106
-0.172852	0.802246	0.486328	-3.312977	1.351145	-0.152672	6.526279
-0.169434	0.795898	0.501221	-2.862595	1.358779	-0.664122	6.536487
-0.165527	0.798828	0.492676	-2.809160	1.206107	-1.274809	6.545987
-0.171387	0.796387	0.486084	-2.809160	1.351145	-0.847328	6.555512
-0.175781	0.791504	0.482666	-3.648855	1.587786	-0.442748	6.566206
-0.166992	0.808105	0.494141	-3.183206	1.221374	-0.244275	6.576264
-0.169678	0.800049	0.495117	-2.893130	1.083969	-0.740458	6.586164
-0.179199	0.806152	0.485840	-2.503817	0.923664	-1.244275	6.595629
-0.164307	0.812744	0.475586	-3.061069	1.213740	-0.664122	6.604949
-0.170898	0.804688	0.487549	-3.312977	1.122137	-0.396947	6.614430
-0.167969	0.797119	0.493652	-3.206107	1.435115	-0.687023	6.624052
-0.172852	0.797119	0.486572	-2.709924	1.015267	-0.740458	6.633581
-0.169922	0.803955	0.485107	-3.404580	1.290076	-0.175573	6.642909
-0.165527	0.794189	0.488281	-3.335878	1.381679	-0.572519	6.652308
-0.177734	0.796143	0.484619	-3.320611	1.160305	-0.679389	6.661811
-0.168213	0.807373	0.489990	-3.022901	1.229008	-0.458015	6.671415
-0.166016	0.803955	0.493652	-3.236641	1.106870	-0.236641	6.680959
-0.168945	0.798584	0.494873	-2.839695	0.954198	-0.274809	6.690597
-0.170166	0.802979	0.493164	-3.190840	1.213740	-0.687023	6.700194
-0.165527	0.796387	0.485352	-2.862595	0.992366	-0.679389	6.709717
-0.173096	0.801758	0.483398	-3.320611	1.351145	-0.755725	6.719239
-0.172607	0.810303	0.486572	-3.351145	1.244275	-0.419847	6.728810
-0.173340	0.799072	0.501709	-2.770992	1.038168	-0.946565	6.738448
-0.166748	0.808350	0.488281	-2.793893	1.312977	-0.557252	6.747873
-0.165527	0.804443	0.489258	-2.404580	0.938931	-0.809160	6.757560
-0.175293	0.798340	0.482666	-3.465649	1.305344	-0.587786	6.767080
-0.174072	0.806641	0.490479	-3.702290	1.473282	-0.312977	6.776747
-0.157227	0.802734	0.499756	-2.954198	0.992366	-0.572519	6.786419
-0.168213	0.794189	0.488281	-3.122137	1.213740	-0.496183	6.795795
-0.177246	0.795898	0.491455	-3.595420	1.419847	-0.427481	6.805330
-0.177734	0.801270	0.492676	-3.625954	1.221374	-0.328244	6.814632
-0.170410	0.807373	0.500000	-3.145038	1.099237	-0.198473	6.823876
-0.172119	0.798340	0.491699	-2.374046	0.946565	-0.862595	6.832764
-0.167725	0.799316	0.491943	-3.290076	1.213740	0.015267	6.841628
-0.167969	0.797363	0.493164	-2.801527	1.290076	-1.587786	6.851484
-0.171143	0.802246	0.479004	-2.893130	1.145038	-0.923664	6.861082
-0.176025	0.794434	0.477539	-3.022901	1.137405	-1.053435	6.870546
-0.184082	0.798584	0.487549	-2.870229	0.977099	-0.229008	6.879990
-0.172363	0.803223	0.495361	-2.977099	1.282443	0.167939	6.889650
-0.170166	0.800293	0.490723	-3.305344	1.213740	-1.000000	6.899467
-0.169189	0.803467	0.496582	-2.267176	1.122137	-1.664122	6.909039
-0.168945	0.803467	0.487061	-2.786260	1.122137	-0.625954	6.918534
-0.180664	0.800781	0.482422	-3.030534	1.290076	-0.541985	6.928069
-0.164795	0.801758	0.485107	-3.404580	1.458015	-0.290076	6.937726
-0.171143	0.798096	0.489502	-2.961832	1.236641	-0.564885	6.947213
-0.174072	0.801758	0.487061	-2.923664	1.389313	-0.946565	6.956968
-0.173340	0.798584	0.491943	-3.267176	1.320611	-0.381679	6.966415
-0.170410	0.802246	0.489502	-3.251908	1.259542	-0.152672	6.976072
-0.167725	0.804443	0.488770	-3.244275	1.381679	-0.061069	6.985619
-0.171143	0.795898	0.486328	-3.076336	1.526718	-0.297710	6.995087
-0.159668	0.799805	0.482910	-2.778626	1.320611	-0.671756	7.004557
-0.164795	0.801270	0.477051	-3.412214	1.282443	-1.091603	7.014458
-0.173828	0.794678	0.494873	-3.083969	1.183206	0.351145	7.024237
-0.175781	0.806152	0.490479	-3.526718	1.450382	-1.129771	7.033303
-0.162354	0.810547	0.481689	-2.946565	1.076336	-0.167939	7.043016
-0.169922	0.803467	0.494629	-3.183206	1.045802	0.160305	7.052548
-0.162598	0.805664	0.490234	-2.343511	0.885496	-0.977099	7.062121
-0.167236	0.802246	0.493896	-2.786260	0.893130	-1.160305	7.071691
-0.167969	0.795410	0.488281	-2.832061	1.106870	-0.702290	7.081435
-0.166016	0.803711	0.489990	-3.458015	1.328244	-0.160305	7.091013
-0.171143	0.802002	0.488037	-3.091603	1.198473	-0.664122	7.100458
-0.179688	0.799316	0.493896	-2.717557	1.259542	-1.038168	7.109884
-0.163330	0.809082	0.478516	-3.351145	1.366412	-0.396947	7.119506
-0.170166	0.802734	0.491699	-3.267176	1.396947	-0.526718	7.129193
-0.172852	0.803711	0.484619	-3.114504	1.129771	-0.137405	7.138716
-0.174561	0.800781	0.495361	-3.992366	1.312977	0.938931	7.148317
-0.169434	0.798096	0.497070	-2.740458	0.893130	-1.267176	7.157800
-0.172119	0.806152	0.489258	-3.106870	1.267176	-0.419847	7.167455
-0.172119	0.798584	0.493164	-1.938931	1.122137	-1.305344	7.177076
-0.167725	0.808350	0.488770	-2.786260	1.366412	-0.396947	7.186528
-0.166992	0.811035	0.476562	-2.801527	1.412214	0.053435	7.196012
-0.167480	0.805176	0.490234	-3.022901	1.083969	-0.442748	7.205489
-0.168457	0.804443	0.486572	-2.129771	0.992366	-0.954198	7.215063
-0.165771	0.808838	0.478271	-2.251908	0.984733	-0.984733	7.224477
-0.169189	0.806152	0.482666	-2.793893	1.083969	-1.221374	7.233767
-0.166992	0.805176	0.492188	-2.099237	0.755725	-1.320611	7.243265
-0.168701	0.803955	0.486816	-2.854962	1.305344	-0.671756	7.252848
-0.160156	0.808838	0.488281	-2.229008	1.099237	-1.045802	7.262297
-0.157715	0.805664	0.482666	-2.389313	0.603053	-1.320611	7.271705
-0.159424	0.790039	0.469238	-2.931298	0.641221	-0.961832	7.281507
-0.162354	0.786621	0.473877	-3.496183	0.770992	-0.564885	7.291084
-0.161621	0.783691	0.490967	-3.664122	0.450382	-0.641221	7.300425
-0.180420	0.787598	0.497070	-3.221374	0.503817	-0.854962	7.309968
-0.186768	0.795410	0.492920	-3.061069	0.709924	-0.549618	7.319434
-0.201904	0.786133	0.508057	-3.572519	1.038168	1.946565	7.329094
-0.187988	0.783691	0.504639	-3.473282	1.114504	-0.206107	7.338449
-0.187500	0.803711	0.505371	-2.664122	1.503817	-1.343511	7.348041
-0.188721	0.789062	0.471924	-3.717557	1.725191	0.488550	7.357513
-0.180176	0.763916	0.482178	-4.625954	2.335878	1.236641	7.366940
-0.180176	0.782959	0.489746	-3.267176	1.671756	-0.267176	7.376762
-0.178223	0.796387	0.485352	-3.427481	1.900763	0.801527	7.386181
-0.168213	0.789307	0.492188	-3.305344	2.038168	-0.206107	7.395566
-0.151367	0.823486	0.499756	-3.816794	1.931298	-0.862595	7.405086
-0.149170	0.836670	0.477295	-3.625954	1.770992	-0.442748	7.414506
-0.142578	0.835205	0.475342	-3.648855	1.213740	0.007634	7.423972
-0.140625	0.822021	0.476074	-2.732824	0.572519	-1.122137	7.432817
-0.161865	0.808105	0.475342	-3.259542	0.740458	-0.557252	7.441688
-0.172607	0.793213	0.474854	-4.244275	0.862595	-0.022901	7.451038
-0.179688	0.780518	0.502686	-3.190840	1.083969	-0.587786	7.461070
-0.183105	0.803223	0.498291	-3.435115	0.793893	-0.977099	7.470360
-0.177002	0.794189	0.509766	-3.465649	1.229008	0.000000	7.479777
-0.177002	0.803467	0.500000	-3.610687	1.519084	0.137405	7.489318
-0.164795	0.823486	0.507324	-2.732824	1.519084	-0.816794	7.498888
-0.169434	0.802490	0.477783	-2.351145	0.755725	-0.687023	7.508338
-0.169922	0.786377	0.481201	-3.297710	-0.251908	-0.847328	7.517853
-0.164795	0.799805	0.483398	-3.061069	0.778626	-1.122137	7.527523
-0.182373	0.800537	0.505371	-3.679389	1.259542	0.435115	7.537021
-0.183350	0.787598	0.493164	-2.557252	1.099237	0.068702	7.546378
-0.182129	0.806641	0.492188	-2.160305	0.832061	-1.580153	7.555956
-0.168457	0.811768	0.489014	-2.595420	0.916031	-0.870229	7.565330
-0.168213	0.802246	0.485596	-3.229008	1.038168	-1.129771	7.575103
-0.163818	0.807373	0.485107	-3.267176	0.984733	-0.190840	7.584639
-0.168213	0.811035	0.501465	-2.969466	1.160305	-0.305344	7.594460
-0.173340	0.790039	0.490967	-3.061069	1.167939	-0.816794	7.603930
-0.176758	0.797852	0.491211	-3.511450	1.366412	-0.496183	7.613608
-0.172119	0.800293	0.496338	-3.717557	1.564885	-0.725191	7.622875
-0.167480	0.798340	0.493408	-3.320611	1.450382	-0.793893	7.632477
-0.169678	0.803467	0.483398	-3.083969	1.183206	-0.106870	7.642003
-0.173828	0.802490	0.484619	-3.473282	1.595420	-0.190840	7.651683
-0.169678	0.805908	0.494873	-3.206107	1.404580	-0.366412	7.661217
-0.168945	0.800049	0.492920	-3.358779	1.267176	-0.122137	7.670485
-0.172363	0.791748	0.481689	-2.946565	1.083969	-0.954198	7.680210
-0.170898	0.801514	0.485107	-3.251908	1.221374	-0.702290	7.689675
-0.161377	0.793701	0.500244	-2.038168	0.320611	-0.961832	7.698977
-0.177979	0.807373	0.482422	-2.603053	0.946565	-0.244275	7.708967
-0.175537	0.807861	0.475342	-3.396947	1.129771	0.221374	7.718525
-0.168701	0.798828	0.508057	-2.198473	0.664122	-1.076336	7.728374
-0.175049	0.798340	0.489014	-2.694656	0.816794	-0.969466	7.737587
-0.164307	0.801514	0.487793	-3.022901	1.053435	-0.992366	7.747219
-0.182861	0.798584	0.510010	-4.809160	0.458015	-0.862595	7.756758
-0.163330	0.789307	0.498291	-3.381679	0.870229	1.809160	7.766256
-0.167725	0.793213	0.498291	-5.076336	1.793893	0.221374	7.775972
-0.168701	0.812988	0.483154	-1.732824	0.229008	-1.816794	7.785397
-0.171631	0.798340	0.477295	-5.122137	2.091603	1.198473	7.794916
-0.158203	0.798340	0.493164	-2.404580	1.335878	-1.114504	7.804316
-0.162598	0.805908	0.498779	-3.519084	1.343511	0.030534	7.813752
-0.187256	0.798584	0.471436	-3.000000	1.030534	-0.236641	7.823138
-0.174072	0.801270	0.472168	-3.282443	1.297710	-0.312977	7.832644
-0.169922	0.790771	0.494141	-3.374046	1.198473	-0.778626	7.842476
-0.172363	0.792969	0.497314	-2.709924	1.106870	-1.244275	7.851909
-0.171387	0.797607	0.492188	-3.335878	1.190840	-0.297710	7.861462
-0.164307	0.806152	0.489990	-2.450382	0.809160	-0.664122	7.870864
-0.171387	0.797119	0.488770	-3.030534	1.259542	0.038168	7.880655
-0.171631	0.805176	0.491211	-3.503817	1.221374	-0.129771	7.890309
-0.169678	0.802734	0.498047	-2.534351	1.045802	-0.847328	7.899840
-0.163330	0.796631	0.493652	-2.969466	0.984733	-0.480916	7.909328
-0.171631	0.791504	0.471924	-2.770992	1.091603	-1.061069	7.918899
-0.167480	0.806641	0.490723	-3.366412	1.229008	-0.496183	7.928528
-0.168213	0.807373	0.499268	-3.145038	0.916031	0.030534	7.937782
-0.173340	0.798096	0.496582	-2.923664	0.938931	-0.755725	7.947279
-0.167725	0.802246	0.482178	-3.160305	1.267176	-0.694656	7.956570
-0.169922	0.802246	0.489014	-3.442748	1.541985	-0.343511	7.966171
-0.175537	0.798340	0.492432	-3.007634	1.305344	-0.389313	7.975657
-0.174805	0.799805	0.480225	-3.022901	1.015267	-0.259542	7.985202
-0.166748	0.794189	0.487793	-3.549618	1.389313	0.038168	7.994640
-0.175049	0.797607	0.496826	-3.167939	1.320611	-0.206107	8.004149
-0.172119	0.796631	0.485107	-2.961832	1.152672	-0.877863	8.013601
-0.187256	0.802979	0.496338	-2.854962	1.053435	-1.160305	8.022977
-0.163574	0.799072	0.501709	-2.984733	1.206107	-1.000000	8.032602
-0.171143	0.800781	0.483398	-2.946565	1.137405	-0.732824	8.041983
-0.173096	0.800537	0.493164	-3.297710	1.229008	0.274809	8.051687
-0.162109	0.791992	0.485596	-3.015267	1.053435	-0.587786	8.061531
-0.173096	0.799316	0.485840	-2.572519	1.053435	-1.305344	8.071078
-0.169922	0.798340	0.485107	-3.190840	1.114504	-0.664122	8.080637
-0.172119	0.803955	0.490967	-2.946565	1.030534	-0.519084	8.090202
-0.169189	0.798584	0.489746	-2.961832	1.030534	-0.374046	8.099830
-0.173340	0.801514	0.491455	-2.946565	0.885496	-0.641221	8.108739
-0.169189	0.802490	0.496582	-3.099237	1.229008	-0.526718	8.118248
-0.170166	0.801758	0.484375	-3.229008	0.977099	-0.450382	8.127497
-0.163330	0.793945	0.488525	-3.305344	1.473282	-0.381679	8.137405
-0.169189	0.794678	0.484619	-3.671756	1.251908	-0.450382	8.146896
-0.169189	0.803711	0.496582	-3.396947	1.358779	-0.687023	8.156186
-0.162354	0.798340	0.493652	-3.114504	1.297710	-0.465649	8.165738
-0.169189	0.807861	0.489258	-3.114504	1.366412	-0.694656	8.175868
-0.175537	0.799316	0.488770	-3.603053	1.435115	-0.351145	8.185371
-0.168945	0.797363	0.498535	-3.045802	1.366412	-0.900763	8.194894
-0.167480	0.798828	0.482910	-3.213740	1.282443	-0.267176	8.204386
-0.172607	0.792480	0.486328	-2.541985	0.877863	-0.725191	8.213841
-0.173828	0.809326	0.485107	-3.862595	1.435115	-0.099237	8.223315
-0.176025	0.802979	0.493652	-3.000000	1.297710	-0.770992	8.233073
-0.161865	0.799072	0.503906	-2.648855	0.748092	-0.519084	8.242728
-0.162598	0.798096	0.487793	-2.419847	0.625954	-0.748092	8.252132
-0.157471	0.800049	0.489014	-2.832061	0.732824	-1.282443	8.261648
-0.168213	0.796631	0.486572	-3.106870	1.312977	-0.793893	8.271138
-0.165283	0.808350	0.485840	-2.946565	0.862595	-0.366412	8.280820
-0.170898	0.799316	0.493896	-3.251908	1.335878	-0.267176	8.290315
-0.173096	0.800049	0.487305	-2.839695	1.122137	-1.290076	8.300241
-0.173828	0.806641	0.487305	-3.290076	1.587786	-0.473282	8.309803
-0.170898	0.792725	0.498291	-3.656489	1.572519	-0.091603	8.319557
-0.173828	0.795898	0.495605	-3.152672	1.183206	-0.618321	8.329226
-0.173096	0.801514	0.488525	-3.480916	1.297710	-0.259542	8.338655
-0.166748	0.808350	0.494385	-2.801527	1.221374	-0.587786	8.347996
-0.166016	0.803467	0.499023	-3.374046	1.312977	0.053435	8.357816
-0.171387	0.796875	0.492188	-3.083969	1.328244	-0.435115	8.367106
-0.172852	0.805664	0.491455	-3.007634	1.129771	-1.244275	8.377085
-0.178955	0.797607	0.495605	-2.885496	1.183206	-0.916031	8.386610
-0.164062	0.793945	0.491211	-2.290076	1.167939	-0.954198	8.396058
-0.166260	0.805664	0.490723	-3.183206	0.954198	0.396947	8.405450
-0.176514	0.796387	0.495605	-3.137405	0.732824	-1.946565	8.414878
-0.170166	0.803223	0.494385	-3.160305	1.328244	-1.000000	8.424420
-0.163574	0.805420	0.486328	-2.427481	0.854962	-1.083969	8.433736
-0.172363	0.781494	0.489258	-2.847328	1.267176	-0.717557	8.443232
-0.171631	0.802734	0.476074	-3.114504	1.114504	-0.442748	8.452741
-0.175537	0.797363	0.494629	-3.396947	1.145038	-0.274809	8.462135
-0.165283	0.803711	0.504883	-2.969466	1.190840	-0.557252	8.471798
-0.169922	0.802002	0.483887	-2.984733	1.145038	-1.000000	8.480360
-0.170166	0.802490	0.478760	-3.564885	1.297710	-0.435115	8.488486
-0.171387	0.801758	0.501465	-3.251908	1.320611	-0.618321	8.497399
-0.167480	0.798096	0.491943	-3.221374	1.129771	-0.458015	8.505917
-0.166748	0.803223	0.493896	-3.244275	1.167939	-0.099237	8.514431
-0.173828	0.796631	0.491455	-3.358779	1.389313	-0.511450	8.522699
-0.164795	0.808105	0.490479	-3.267176	1.282443	-0.381679	8.531304
-0.175537	0.805908	0.492920	-3.091603	1.305344	-0.473282	8.539765
-0.170166	0.801270	0.489502	-3.106870	1.221374	-0.595420	8.548116
-0.177979	0.796875	0.484619	-3.106870	1.259542	-0.603053	8.556505
-0.173828	0.798340	0.489502	-3.236641	1.221374	-0.854962	8.565366
-0.165527	0.808350	0.489502	-3.122137	1.351145	-0.290076	8.575361
-0.175781	0.800293	0.485596	-3.374046	1.351145	0.083969	8.583774
-0.168213	0.796631	0.495605	-2.755725	1.068702	-0.931298	8.592183
-0.163086	0.795410	0.484131	-2.656489	0.847328	-1.068702	8.602167
-0.168213	0.798584	0.479248	-2.984733	1.259542	-0.770992	8.610670
-0.171143	0.793945	0.484375	-2.954198	1.305344	-0.198473	8.618557
-0.174072	0.790283	0.497559	-3.687023	1.526718	-0.030534	8.627065
-0.173584	0.795166	0.491943	-3.213740	1.206107	-0.740458	8.635879
-0.158203	0.804688	0.492188	-3.145038	1.297710	-0.549618	8.644095
-0.172607	0.806885	0.487793	-2.809160	0.984733	-0.557252	8.652428
-0.167480	0.794922	0.483398	-3.503817	1.473282	-0.190840	8.660354
-0.171387	0.802490	0.479492	-3.122137	1.213740	-0.595420	8.668298
-0.173584	0.800537	0.489746	-3.160305	1.312977	-0.435115	8.677519
-0.173584	0.803711	0.495117	-3.198473	1.167939	-0.465649	8.685909
-0.168945	0.800049	0.496094	-3.083969	1.396947	-0.198473	8.694269
-0.168213	0.800781	0.487549	-3.312977	1.083969	-0.664122	8.702670
-0.170654	0.795166	0.494873	-2.984733	0.839695	-1.007634	8.711170
-0.185547	0.801514	0.487793	-3.267176	1.152672	-0.786260	8.719632
-0.161133	0.807617	0.500244	-2.954198	1.137405	-0.587786	8.728332
-0.167969	0.802246	0.487793	-2.748092	1.106870	-0.847328	8.736978
-0.173584	0.795654	0.479492	-3.206107	1.244275	0.305344	8.745255
-0.173096	0.799561	0.485352	-3.526718	1.015267	-0.274809	8.753074
-0.168945	0.803711	0.497803	-3.000000	0.816794	-0.488550	8.760736
-0.169922	0.795166	0.494629	-2.450382	0.641221	-0.717557	8.769125
-0.175293	0.797363	0.486328	-2.458015	0.969466	-1.068702	8.777514
-0.169922	0.798096	0.488770	-3.099237	1.129771	-0.992366	8.786470
-0.169678	0.812744	0.488770	-3.282443	1.374046	-0.595420	8.794879
-0.166504	0.811279	0.485596	-3.061069	1.122137	-0.381679	8.803369
-0.169678	0.783447	0.490479	-2.977099	1.053435	-0.297710	8.812039
-0.169678	0.793945	0.492188	-3.145038	1.068702	-1.099237	8.820607
-0.169189	0.800537	0.490967	-3.114504	1.190840	-0.648855	8.829187
-0.171631	0.801514	0.482910	-3.412214	1.396947	-0.358779	8.837680
-0.168945	0.798584	0.486328	-3.480916	1.274809	-0.229008	8.846274
-0.167236	0.802246	0.489990	-3.160305	1.335878	-0.381679	8.854846
-0.170654	0.796387	0.490967	-3.114504	1.175573	-0.557252	8.863257
-0.165527	0.801270	0.489502	-3.274809	1.351145	-0.748092	8.871658
-0.170654	0.799316	0.514404	-3.450382	1.572519	-0.786260	8.880341
-0.163330	0.800537	0.492676	-2.519084	0.694656	-0.503817	8.888909
-0.173096	0.804443	0.491211	-3.381679	1.267176	0.244275	8.897292
-0.173828	0.808350	0.495850	-2.862595	1.251908	-1.320611	8.905790
-0.166992	0.803711	0.477051	-2.984733	1.000000	-0.297710	8.914352
-0.177246	0.800293	0.485352	-3.000000	1.389313	-0.183206	8.922670
-0.166016	0.798584	0.491211	-2.877863	1.160305	-0.885496	8.931296
-0.165039	0.804199	0.491211	-2.732824	0.847328	-0.992366	8.939749
-0.168701	0.796875	0.485107	-2.541985	0.717557	-0.442748	8.948127
-0.174561	0.794678	0.489502	-3.137405	1.007634	-0.702290	8.956583
-0.171631	0.806641	0.486084	-3.007634	1.015267	-0.526718	8.964552
-0.166992	0.796875	0.493652	-3.404580	1.190840	-0.221374	8.973158
-0.162842	0.802246	0.473145	-3.251908	1.335878	-0.503817	8.981743
-0.164307	0.803955	0.486816	-2.725191	1.106870	-0.870229	8.990139
-0.170654	0.802246	0.487793	-3.236641	1.305344	-0.755725	8.998605
-0.178711	0.790283	0.485352	-3.061069	1.221374	-0.511450	9.006920
-0.173340	0.797852	0.483398	-3.450382	1.404580	0.030534	9.015435
-0.169922	0.799316	0.490723	-3.099237	1.114504	-0.625954	9.023994
-0.167969	0.800781	0.496582	-2.870229	1.083969	-0.748092	9.032179
-0.170654	0.790283	0.495117	-2.885496	1.351145	-0.893130	9.040773
-0.171143	0.797119	0.491699	-3.458015	1.442748	-0.877863	9.049124
-0.166504	0.798584	0.482178	-2.816794	1.206107	-1.068702	9.057750
-0.168457	0.808105	0.485352	-3.465649	1.213740	0.396947	9.065684
-0.171387	0.811035	0.480713	-3.053435	0.931298	-0.328244	9.074317
-0.166992	0.801270	0.482422	-3.473282	1.427481	0.045802	9.082630
-0.220215	0.808350	0.473389	1.801527	9.083969	-8.877863	9.090972
-0.107910	0.862793	0.615479	-38.557252	-1.412214	24.839695	9.099459
-0.159668	0.756348	0.458252	-7.687023	-3.587786	0.580153	9.108095
-0.215820	0.745605	0.451660	6.625954	-5.816794	-13.374046	9.116665
-0.192627	0.791748	0.329102	-19.969466	4.175573	8.839695	9.125211
-0.115723	0.832031	0.477783	-9.473282	-0.931298	5.519084	9.133532
-0.154785	0.771973	0.516602	-23.534351	2.190840	19.007634	9.141973
-0.177490	0.763916	0.600098	-9.465649	0.595420	-5.061069	9.150339
-0.204590	0.841309	0.441162	-28.541985	1.351145	14.167939	9.158779
-0.158936	0.716309	0.478271	3.503817	1.687023	-4.740458	9.167417
-0.144287	0.801025	0.539551	8.427481	1.740458	-9.206107	9.175944
-0.139404	0.835205	0.514404	-2.045802	1.091603	0.572519	9.184310
-0.166260	0.802979	0.509521	-7.832061	3.259542	2.778626	9.192749
-0.149658	0.768311	0.485840	-3.984733	1.267176	-0.244275	9.201171
-0.160645	0.797363	0.501953	5.374046	1.099237	-5.488550	9.209562
-0.166016	0.804443	0.484375	-0.366412	1.297710	-2.832061	9.217942
-0.174072	0.810303	0.491943	-5.587786	2.679389	-0.244275	9.226729
-0.185059	0.788574	0.524902	-3.229008	1.877863	-1.122137	9.234941
-0.163818	0.789551	0.474854	-4.977099	3.931298	3.007634	9.243678
-0.147949	0.783936	0.502441	3.381679	0.015267	-6.641221	9.252318
-0.160400	0.801514	0.486572	0.961832	3.053435	-2.000000	9.260716
-0.157227	0.824219	0.499512	3.511450	-0.244275	-3.389313	9.268696
-0.166016	0.797607	0.503662	0.290076	1.312977	-1.374046	9.277457
-0.160645	0.821045	0.469727	-8.992366	1.175573	1.633588	9.285779
-0.160889	0.786621	0.508789	-7.618321	1.870229	3.328244	9.294150
-0.167480	0.761230	0.529541	-5.045802	0.038168	0.358779	9.302680
-0.152588	0.798096	0.479492	-1.992366	-1.213740	-2.694656	9.310991
-0.165771	0.796143	0.479248	-2.534351	0.671756	-0.160305	9.319036
-0.162598	0.785645	0.481934	-4.351145	0.801527	0.229008	9.327347
-0.158447	0.812988	0.526611	-1.297710	-0.305344	-1.587786	9.335770
-0.165283	0.795898	0.521240	-0.412214	-0.938931	-1.221374	9.344359
-0.175049	0.822021	0.434570	-13.954198	7.549618	0.503817	9.352839
-0.160645	0.795410	0.499512	-21.259542	0.969466	12.160305	9.361372
-0.153564	0.800293	0.502441	-23.480916	1.679389	10.862595	9.369798
-0.158936	0.828613	0.522217	-31.190840	5.778626	15.274809	9.378128
-0.195068	0.760498	0.489014	-19.061069	2.488550	-0.854962	9.386590
-0.144287	0.817383	0.485352	-32.473282	0.190840	17.320611	9.394476
-0.179688	0.758789	0.559814	-11.236641	-2.198473	-7.190840	9.402462
-0.161133	0.797119	0.511230	-7.687023	3.259542	3.167939	9.410072
-0.170654	0.786377	0.521729	-3.595420	2.114504	2.511450	9.418307
-0.189209	0.787109	0.448242	0.458015	4.221374	4.839695	9.427267
-0.156250	0.700439	0.514893	34.068702	-1.099237	-28.916031	9.435751
-0.122559	0.905273	0.567627	-20.824427	0.030534	12.389313	9.443929
-0.132080	0.790283	0.520996	-9.229008	1.877863	5.549618	9.451757
-0.212646	0.732910	0.495361	0.541985	-5.419847	-2.045802	9.459869
-0.165039	0.815918	0.502441	-26.679389	-17.374046	4.129771	9.468543
-0.218750	0.818604	0.498535	-11.938931	-9.648855	2.778626	9.476437
-0.106934	0.767822	0.472412	-18.564885	-6.801527	0.816794	9.485031
-0.078369	0.651123	0.409912	44.625954	-24.793893	-41.282443	9.493327
-0.099365	0.768311	0.439209	43.809160	-8.160305	-10.488550	9.501897
-0.215576	0.771484	0.595947	58.145038	-9.122137	-59.526718	9.510399
-0.220459	0.841553	0.587646	15.419847	3.328244	-4.954198	9.518966
-0.144043	0.825195	0.583740	17.404580	-4.007634	-18.778626	9.527440
-0.204346	0.936279	0.515137	6.725191	0.030534	-4.740458	9.536060
-0.135498	0.827393	0.577637	16.580153	-2.450382	-11.412214	9.544178
-0.158203	0.854492	0.535400	3.000000	-2.923664	4.900763	9.552609
-0.225098	0.843750	0.495361	6.969466	-5.038168	-2.198473	9.560911
-0.100098	0.781738	0.390381	7.625954	0.946565	-1.961832	9.569586
-0.148193	0.763184	0.464844	6.854962	1.099237	-5.297710	9.577631
-0.175537	0.829102	0.444336	-3.877863	-0.396947	7.931298	9.586335
-0.136719	0.764893	0.472900	-5.755725	0.198473	2.969466	9.594608
-0.171875	0.778809	0.462402	-3.038168	1.221374	0.198473	9.603202
-0.176758	0.784424	0.467041	-4.213740	1.832061	1.916031	9.611604
-0.170654	0.815918	0.473877	3.160305	0.755725	-4.488550	9.620003
-0.169434	0.800293	0.491943	7.427481	0.740458	-2.618321	9.628574
-0.168213	0.798340	0.467285	16.824427	1.587786	-15.541985	9.637124
-0.147949	0.805176	0.466064	13.610687	1.549618	-8.572519	9.645497
-0.174072	0.776611	0.374268	6.862595	1.259542	-4.343511	9.653895
-0.196045	0.828369	0.467285	33.183206	-1.755725	-22.648855	9.662184
-0.171875	0.778076	0.487305	9.870229	-0.778626	-2.320611	9.670629
-0.145508	0.807373	0.475830	17.824427	-3.877863	-16.961832	9.679025
-0.195312	0.878174	0.477783	12.427481	-6.885496	-6.854962	9.687521
-0.164062	0.849609	0.502686	7.259542	-3.389313	-0.534351	9.695960
-0.167480	0.882324	0.529053	14.358779	-8.977099	-12.877863	9.704334
-0.171387	0.859375	0.489990	0.755725	3.274809	1.595420	9.712853
-0.123535	0.823242	0.453857	10.000000	-10.389313	-6.671756	9.721228
-0.167236	0.880859	0.455566	6.480916	1.045802	-5.931298	9.729737
-0.175293	0.786133	0.476318	11.022901	-1.083969	-8.419847	9.738149
-0.179688	0.783691	0.445312	6.419847	-1.832061	-5.541985	9.746377
-0.174316	0.791992	0.444580	7.519084	-2.748092	-4.946565	9.755101
-0.158203	0.805664	0.451660	5.908397	-1.213740	-5.045802	9.763755
-0.153076	0.826172	0.479248	9.007634	-5.068702	-12.450382	9.772171
-0.196289	0.844727	0.458252	13.259542	-2.648855	-8.160305	9.780555
-0.154297	0.826172	0.487061	14.786260	-4.503817	-6.816794	9.789386
-0.191895	0.843994	0.483398	11.755725	-7.152672	-9.389313	9.797769
-0.183105	0.830811	0.441162	10.961832	-2.244275	-6.671756	9.806305
-0.036133	0.781006	0.403076	7.885496	-16.343511	9.335878	9.814617
-0.261475	0.865479	0.489258	35.267176	-22.167939	-25.427481	9.823180
-0.224365	0.844482	0.379639	24.954198	-4.297710	-23.732824	9.831691
-0.197998	0.798340	0.440186	21.213740	-4.610687	-7.725191	9.840160
-0.156738	0.804199	0.427002	24.854962	-6.694656	-14.221374	9.848693
-0.219238	0.831787	0.444336	8.427481	-4.007634	-0.839695	9.857100
-0.153320	0.825195	0.457031	32.435115	-4.870229	-21.000000	9.865467
-0.167969	0.864990	0.426025	27.885496	-5.091603	-19.992366	9.873861
-0.160889	0.858643	0.417236	31.236641	-5.450382	-15.061069	9.881595
-0.155029	0.813965	0.416992	26.519084	-17.145038	-9.236641	9.889647
-0.130127	0.827393	0.422852	37.267176	-20.694656	-22.557252	9.898552
-0.192627	0.838867	0.428223	27.549618	-19.152672	-10.900763	9.907033
-0.165527	0.855713	0.376221	17.572519	-17.549618	-7.274809	9.915479
-0.158203	0.887695	0.392334	20.061069	-14.931298	-7.618321	9.923823
-0.187988	0.905029	0.392090	-6.954198	-0.977099	6.725191	9.932076
-0.195068	0.884277	0.468994	13.122137	-5.419847	-5.969466	9.940628
-0.164062	0.828369	0.456543	15.748092	-11.122137	-9.366412	9.948669
-0.198486	0.878906	0.350098	6.137405	-5.061069	-9.503817	9.957341
-0.183838	0.855225	0.382568	3.977099	-9.442748	0.969466	9.965713
-0.252441	0.822021	0.428467	10.938931	-10.137405	-8.076336	9.973599
-0.145508	0.817383	0.349121	4.114504	-5.343511	-4.778626	9.981770
-0.208984	0.885742	0.415527	0.160305	-2.404580	-0.900763	9.990342
-0.230713	0.832764	0.397461	10.916031	-3.160305	-11.335878	9.998821
-0.186523	0.874756	0.422363	-0.458015	0.870229	1.885496	10.007283
-0.188965	0.865723	0.423584	6.908397	-1.076336	-7.137405	10.016021
-0.189453	0.871338	0.395020	9.633588	-1.603053	-6.816794	10.024379
-0.221680	0.825684	0.423096	-1.206107	2.511450	-1.480916	10.032249
-0.216797	0.884766	0.405518	-0.465649	0.908397	-0.030534	10.040571
-0.179688	0.830078	0.409180	-1.671756	0.419847	-2.007634	10.048365
-0.191406	0.863037	0.365479	-6.526718	-0.160305	-0.793893	10.057435
-0.189453	0.837646	0.386719	-10.099237	1.977099	3.480916	10.065745
-0.202881	0.829590	0.401611	-17.931298	1.648855	8.106870	10.074150
-0.155029	0.843994	0.420166	-4.297710	0.122137	-2.938931	10.082565
-0.180908	0.835205	0.425781	-1.870229	1.404580	2.396947	10.091078
-0.203369	0.870117	0.388672	-1.625954	0.702290	-1.587786	10.099414
-0.167969	0.844971	0.407227	1.099237	-0.190840	-3.603053	10.107956
-0.173340	0.800049	0.391602	1.129771	-3.488550	1.664122	10.116551
-0.208252	0.835205	0.369629	-0.946565	0.183206	-0.580153	10.125017
-0.174316	0.857422	0.383789	-2.862595	0.709924	-0.335878	10.133502
-0.194336	0.875977	0.426758	-1.320611	-1.854962	-2.984733	10.142057
-0.202881	0.847168	0.399902	-0.450382	0.435115	-3.320611	10.150552
-0.176514	0.867188	0.382812	-9.274809	6.496183	-0.480916	10.159000
-0.181396	0.871094	0.403076	-4.687023	2.022901	0.931298	10.167652
-0.180176	0.849609	0.404297	-1.167939	0.870229	-2.396947	10.175982
-0.196289	0.868896	0.393066	-8.839695	1.954198	3.335878	10.184560
-0.191650	0.854004	0.413330	-5.328244	1.618321	0.015267	10.192432
-0.186279	0.850098	0.390625	-2.091603	1.748092	-1.809160	10.200226
-0.191406	0.833496	0.386963	-2.557252	2.259542	-1.511450	10.208172
-0.188232	0.845459	0.389648	-1.931298	1.931298	-1.229008	10.217350
-0.187988	0.834473	0.394287	-2.458015	2.801527	-1.198473	10.225731
-0.186279	0.841309	0.379395	-1.305344	2.419847	-2.343511	10.234190
-0.187988	0.865479	0.404785	-5.358779	2.702290	0.068702	10.242574
-0.177002	0.855713	0.404541	-2.099237	2.290076	-1.702290	10.251018
-0.179932	0.843750	0.377441	2.167939	1.496183	-1.931298	10.259250
-0.182861	0.896240	0.390869	5.877863	0.862595	-4.786260	10.268331
-0.197021	0.869873	0.380859	-0.083969	1.251908	-1.473282	10.276565
-0.188232	0.856201	0.382568	-5.526718	1.557252	0.053435	10.285531
-0.181641	0.834473	0.399902	-5.832061	0.404580	0.030534	10.293985
-0.139648	0.799805	0.354492	-4.809160	-4.053435	5.236641	10.302448
0.029541	0.741211	0.303467	-6.633588	-17.969466	25.030534	10.310878
-0.270508	0.859131	0.290283	-10.854962	-4.755725	1.854962	10.319198
-0.136963	0.837891	0.438232	-9.053435	5.732824	4.870229	10.327831
-0.224609	0.829346	0.410156	4.106870	-1.053435	-4.465649	10.336645
-0.182617	0.864746	0.395264	-2.328244	0.778626	-1.160305	10.345164
-0.180664	0.858887	0.416504	-0.557252	0.801527	-2.351145	10.353676
-0.178955	0.836182	0.416260	3.564885	1.198473	-3.946565	10.362011
-0.196289	0.837402	0.377197	7.366412	-0.916031	-7.801527	10.370605
-0.179932	0.860107	0.380615	5.396947	0.129771	-4.564885	10.378957
-0.188721	0.837158	0.401611	7.160305	0.450382	-5.549618	10.387660
-0.193604	0.917969	0.396240	-0.534351	1.412214	-2.687023	10.396004
-0.197510	0.858398	0.395752	-6.687023	2.419847	0.427481	10.404755
-0.189209	0.849121	0.392090	-5.664122	2.267176	0.496183	10.413073
-0.175049	0.863281	0.389160	-3.198473	2.190840	-0.679389	10.421806
-0.177246	0.849365	0.391357	-2.572519	1.053435	-1.007634	10.430438
-0.185547	0.836670	0.382812	-0.786260	0.259542	-1.900763	10.438861
-0.183594	0.829102	0.386230	1.541985	-0.465649	-3.229008	10.447391
-0.190674	0.833984	0.384277	3.809160	-1.045802	-3.748092	10.455767
-0.195312	0.842285	0.393799	5.083969	-0.061069	-5.038168	10.464011
-0.201416	0.858643	0.388672	5.541985	0.389313	-4.893130	10.472579
-0.209229	0.873535	0.365479	-5.374046	2.740458	0.816794	10.481048
-0.184082	0.870850	0.406494	1.045802	1.251908	-2.931298	10.489713
-0.178467	0.877930	0.391846	4.946565	0.832061	-5.366412	10.497812
-0.186279	0.852783	0.381592	4.343511	0.679389	-4.610687	10.505897
-0.189453	0.858643	0.379883	2.488550	0.526718	-3.763359	10.514532
-0.180420	0.850586	0.392822	1.557252	0.893130	-3.763359	10.522860
-0.196533	0.845947	0.377686	0.816794	1.015267	-2.725191	10.531296
-0.191650	0.855225	0.377930	-0.450382	0.625954	-2.343511	10.539822
-0.189209	0.851074	0.389160	-1.801527	0.984733	-1.053435	10.548218
-0.193848	0.863037	0.396729	0.114504	1.152672	-2.526718	10.556605
-0.193848	0.859131	0.388428	0.709924	0.854962	-2.404580	10.565646
-0.196533	0.867188	0.378418	3.496183	-1.893130	-5.381679	10.574932
-0.173096	0.858887	0.376709	2.755725	-0.038168	-5.015267	10.583221
-0.195557	0.854248	0.365723	-0.847328	1.435115	-1.992366	10.591831
-0.203125	0.845459	0.382568	-1.809160	1.419847	-0.763359	10.600254
-0.190430	0.855713	0.380615	0.679389	0.938931	-2.755725	10.609156
-0.201172	0.857910	0.382324	0.015267	0.595420	-3.312977	10.617424
-0.197754	0.863770	0.381104	0.954198	0.984733	-2.671756	10.625930
-0.190186	0.843994	0.385742	3.396947	0.839695	-3.839695	10.634412
-0.208008	0.867920	0.379883	2.984733	-0.076336	-4.190840	10.642696
-0.205566	0.869141	0.374756	0.083969	0.000000	-2.694656	10.651061
-0.193359	0.867432	0.378418	-0.198473	0.687023	-2.648855	10.659528
-0.196289	0.865967	0.380615	-0.641221	1.213740	-2.183206	10.667844
-0.199951	0.857422	0.380859	0.419847	0.664122	-3.106870	10.675679
-0.195312	0.859375	0.370117	-0.488550	1.099237	-2.343511	10.683648
-0.196777	0.853271	0.374756	-0.381679	1.068702	-1.839695	10.691793
-0.193604	0.853760	0.368408	-0.709924	0.916031	-2.022901	10.700426
-0.200684	0.836914	0.365723	2.519084	-0.748092	-5.007634	10.709163
-0.209961	0.865967	0.367188	0.961832	1.366412	-3.648855	10.717414
-0.202393	0.800293	0.372559	-1.748092	1.251908	1.160305	10.725622
-0.200928	0.875244	0.382324	1.198473	0.259542	-2.167939	10.734451
-0.202637	0.862549	0.375000	-0.641221	1.175573	-1.664122	10.742653
-0.196045	0.861328	0.367676	-0.862595	0.793893	-2.473282	10.751134
-0.202148	0.880859	0.364014	-5.465649	1.854962	-1.061069	10.759648
-0.188232	0.857666	0.394287	-3.725191	1.625954	-0.541985	10.768131
-0.194824	0.857178	0.375000	-1.488550	1.053435	-1.954198	10.776907
-0.200439	0.847656	0.375488	-0.312977	1.007634	-1.816794	10.785682
-0.195068	0.855957	0.376221	2.572519	0.450382	-3.511450	10.794465
-0.195312	0.863281	0.366943	2.221374	0.129771	-3.450382	10.802537
-0.187500	0.858643	0.365234	3.137405	-1.229008	-5.198473	10.811046
-0.201172	0.877441	0.368408	-1.992366	-0.435115	-1.061069	10.819271
-0.206055	0.874023	0.372803	-1.175573	0.511450	-2.305344	10.827871
-0.193848	0.862305	0.373291	-1.068702	0.740458	-1.709924	10.836478
-0.199707	0.865723	0.376709	-0.946565	0.893130	-1.297710	10.845072
-0.197998	0.869141	0.368164	-1.870229	0.641221	-1.419847	10.853655
-0.205322	0.860352	0.354980	-2.839695	1.061069	-0.908397	10.862123
-0.195557	0.861572	0.361084	-2.954198	1.290076	-0.732824	10.870479
-0.197998	0.852539	0.367432	-1.732824	0.908397	-1.244275	10.878879
-0.197754	0.852539	0.369385	-1.229008	1.183206	-1.473282	10.887515
-0.193604	0.843750	0.372559	-0.282443	1.045802	-1.488550	10.895984
-0.197998	0.860352	0.364014	2.458015	0.572519	-3.076336	10.904283
-0.217529	0.871582	0.358398	1.427481	0.007634	-2.519084	10.912809
-0.203125	0.868164	0.346680	-0.335878	0.328244	-2.167939	10.921281
-0.208252	0.884521	0.361816	-4.152672	0.076336	-1.801527	10.929900
-0.197998	0.838379	0.394043	-4.175573	1.580153	-0.022901	10.938780
0.151611	0.741455	0.297119	-6.427481	-9.763359	10.824427	10.947209
-0.304199	0.912354	0.336670	29.931298	-10.106870	-16.664122	10.955772
-0.166504	0.948486	0.311035	-21.106870	12.022901	3.694656	10.964282
-0.204590	0.819336	0.411621	-2.664122	1.267176	0.183206	10.972644
-0.197754	0.863525	0.380371	1.709924	1.160305	-3.847328	10.980953
-0.214844	0.832520	0.333496	-0.877863	0.229008	-3.328244	10.989615
-0.189697	0.869385	0.353027	-5.847328	-0.236641	0.938931	10.997953
-0.134521	0.831055	0.361084	-2.236641	-4.557252	1.068702	11.006342
-0.218262	0.899658	0.401123	8.946565	-4.923664	-7.404580	11.014817
-0.235352	0.868652	0.355713	-1.923664	2.572519	-1.229008	11.023102
-0.192139	0.858643	0.373291	-2.885496	1.717557	-0.152672	11.031532
-0.201416	0.876953	0.362061	-2.549618	2.068702	-0.190840	11.040284
-0.199951	0.872070	0.365479	-0.832061	1.190840	-1.885496	11.048724
-0.205322	0.886230	0.360840	-5.557252	1.572519	0.931298	11.057150
-0.206299	0.863525	0.380615	-1.687023	0.656489	-1.572519	11.065600
-0.197266	0.859375	0.358643	-0.351145	0.832061	-2.190840	11.074147
-0.210449	0.864746	0.365234	-2.961832	1.145038	-0.534351	11.082542
-0.197266	0.864014	0.364014	0.175573	0.687023	-2.427481	11.091196
-0.195312	0.866943	0.353760	-3.450382	0.969466	-1.618321	11.099693
-0.191895	0.848877	0.364502	-3.908397	0.305344	-1.984733	11.108281
-0.193848	0.868164	0.353760	-2.572519	1.435115	-1.137405	11.116330
-0.199463	0.843750	0.369141	-0.358779	1.129771	-1.190840	11.124803
-0.201416	0.881348	0.358398	-0.099237	1.572519	-1.450382	11.133281
-0.208984	0.872314	0.367920	-0.969466	0.755725	-1.503817	11.142030
-0.215820	0.874756	0.355713	-2.267176	1.076336	-1.229008	11.150404
-0.194824	0.865723	0.362793	-5.305344	1.549618	0.290076	11.158941
-0.202393	0.862793	0.360352	-3.076336	1.465649	-0.610687	11.167480
-0.203369	0.864258	0.359863	-1.259542	1.435115	-1.572519	11.175997
-0.204346	0.863525	0.358154	-2.114504	1.480916	-1.114504	11.184075
-0.203369	0.858887	0.363525	-2.557252	1.671756	-0.893130	11.192722
-0.204834	0.864014	0.358398	-2.145038	1.526718	-1.061069	11.201225
-0.189209	0.865234	0.367920	-0.618321	0.961832	-1.259542	11.209691
-0.204102	0.866455	0.354736	-0.198473	0.824427	-1.809160	11.218049
-0.174561	0.856201	0.364990	-0.969466	1.450382	-0.893130	11.226399
-0.201660	0.875000	0.360107	0.137405	0.992366	-2.274809	11.234908
-0.198486	0.870850	0.364990	0.809160	0.534351	-3.068702	11.243522
-0.203613	0.864502	0.354736	-2.045802	0.793893	-1.702290	11.251768
-0.206543	0.870605	0.357666	-5.450382	1.641221	2.007634	11.260247
-0.205078	0.868408	0.363037	-1.503817	0.916031	-1.053435	11.268770
-0.205811	0.868896	0.360596	-0.916031	0.763359	-1.717557	11.277254
-0.197266	0.862549	0.356934	-1.190840	0.916031	-1.893130	11.285923
-0.198975	0.856201	0.359131	-3.557252	1.122137	0.259542	11.294542
-0.204590	0.864258	0.364990	-2.503817	1.129771	-0.969466	11.303070
-0.208984	0.869385	0.352539	-4.580153	1.152672	-0.022901	11.311395
-0.205811	0.870117	0.366699	-5.801527	1.664122	0.442748	11.319313
-0.201660	0.872803	0.366943	-4.992366	1.381679	0.068702	11.327019
-0.197510	0.870605	0.353027	-3.839695	1.419847	-0.625954	11.335014
-0.203857	0.867920	0.358154	-4.839695	1.480916	0.320611	11.342637
-0.201660	0.863037	0.357422	-5.022901	1.312977	0.022901	11.350215
-0.201660	0.867676	0.365967	-4.801527	0.984733	-0.114504	11.358820
-0.201660	0.862793	0.364014	-4.946565	1.732824	0.129771	11.367400
-0.206055	0.860840	0.363281	-2.946565	1.511450	-0.572519	11.376152
-0.202881	0.862305	0.352539	-2.274809	1.335878	-0.725191	11.384600
-0.202148	0.844971	0.357666	-1.916031	1.343511	-0.725191	11.393001
-0.202881	0.859863	0.352783	-1.251908	1.290076	-0.992366	11.401495
-0.201172	0.868408	0.362549	-1.450382	1.297710	-1.106870	11.409868
-0.199219	0.856934	0.362549	-1.580153	1.175573	-0.633588	11.418147
-0.188721	0.855957	0.371826	-2.564885	1.870229	0.496183	11.426049
-0.209717	0.870361	0.357666	-2.938931	2.015267	0.106870	11.434010
-0.202148	0.870117	0.367920	-1.442748	1.160305	-1.297710	11.443095
-0.200684	0.871582	0.363037	-3.160305	1.427481	-0.732824	11.451891
-0.200684	0.866943	0.372070	-1.755725	0.625954	-1.702290	11.460441
-0.207520	0.864014	0.360840	-3.687023	1.610687	0.122137	11.468895
-0.201660	0.864990	0.362061	-3.893130	1.732824	0.541985	11.477232
-0.209717	0.863037	0.357666	-2.465649	1.022901	-0.389313	11.485769
-0.206055	0.868408	0.355469	-2.862595	1.068702	-0.473282	11.494229
-0.202881	0.862061	0.359863	-2.709924	1.061069	-0.366412	11.502708
-0.205322	0.870361	0.356445	-1.854962	1.183206	-1.053435	11.511163
-0.202148	0.870117	0.366455	-1.305344	0.961832	-1.381679	11.519349
-0.208008	0.867676	0.357666	-3.427481	1.282443	-0.740458	11.527595
-0.204346	0.860107	0.371826	-1.671756	0.717557	-0.854962	11.535741
-0.202393	0.859131	0.361084	-2.748092	1.961832	0.893130	11.543296
-0.211182	0.872803	0.354492	-1.572519	1.083969	-0.687023	11.551049
-0.206055	0.864258	0.352051	-0.877863	1.000000	-1.847328	11.558680
-0.202148	0.864014	0.353271	-1.862595	1.099237	-1.427481	11.566253
-0.198975	0.854736	0.360352	-2.137405	1.061069	-1.641221	11.573825
-0.204590	0.859619	0.362793	-1.587786	1.129771	-1.183206	11.581370
-0.197998	0.862549	0.351074	-1.877863	1.160305	-1.320611	11.589109
-0.204346	0.862305	0.354736	-2.610687	1.137405	-0.908397	11.597383
-0.208252	0.867188	0.366211	-3.503817	1.259542	-0.374046	11.606081
-0.206299	0.868408	0.369385	-3.435115	0.969466	-0.366412	11.614460
-0.197510	0.868896	0.368164	-1.366412	0.908397	-1.335878	11.622609
-0.202881	0.871582	0.357178	-0.687023	1.061069	-1.366412	11.631215
-0.204590	0.865723	0.346924	-1.152672	0.824427	-1.312977	11.639432
-0.200195	0.866943	0.354492	-2.312977	1.038168	-0.687023	11.648425
-0.210449	0.864258	0.354736	-3.053435	0.816794	-0.305344	11.656854
-0.195068	0.860840	0.364502	-3.473282	0.862595	-0.152672	11.665336
-0.202881	0.869141	0.361084	-2.641221	0.923664	-0.885496	11.673681
-0.206543	0.860840	0.348389	-2.137405	0.770992	-1.129771	11.682159
-0.200928	0.868896	0.353760	-2.625954	1.007634	-0.977099	11.690587
-0.205078	0.864990	0.353027	-3.267176	1.122137	-0.641221	11.699331
-0.206787	0.857178	0.358887	-2.603053	1.068702	-0.740458	11.707518
-0.208252	0.868408	0.354980	-2.503817	1.053435	-0.824427	11.715662
-0.201172	0.865234	0.354980	-1.778626	1.282443	-1.251908	11.723408
-0.201660	0.865479	0.358398	-2.114504	1.076336	-0.969466	11.731041
-0.200439	0.864746	0.358887	-2.183206	1.007634	-0.870229	11.738751
-0.207031	0.866699	0.363770	-2.450382	1.221374	-0.778626	11.746655
-0.208008	0.867432	0.357422	-2.305344	1.267176	-1.000000	11.754229
-0.204102	0.872314	0.362061	-3.206107	1.519084	-0.541985	11.761790
-0.198975	0.862305	0.350342	-3.091603	1.732824	-0.503817	11.769422
-0.194580	0.860840	0.355957	-2.633588	1.320611	-0.603053	11.777204
-0.208252	0.869873	0.352295	-0.832061	1.061069	-1.564885	11.785384
-0.202393	0.873535	0.347168	-0.633588	0.854962	-1.610687	11.793882
-0.200195	0.866943	0.349121	-0.236641	0.885496	-2.106870	11.802540
-0.206055	0.871338	0.357666	-3.526718	1.465649	-1.221374	11.811181
-0.195557	0.858398	0.363281	1.374046	-0.519084	-2.938931	11.819822
-0.223145	0.855713	0.347168	-2.870229	2.244275	-0.732824	11.828017
-0.207031	0.874023	0.357178	-3.893130	1.297710	0.183206	11.836542
-0.199707	0.871094	0.359131	-1.709924	1.297710	-1.465649	11.844806
-0.225342	0.864258	0.333740	-5.114504	1.931298	0.809160	11.853189
-0.196533	0.854736	0.367432	-3.946565	1.251908	0.007634	11.861914
-0.200684	0.888428	0.350586	-2.580153	0.954198	-1.213740	11.870073
-0.199951	0.863281	0.355469	-4.236641	1.351145	-0.145038	11.878647
-0.206543	0.864502	0.361572	-3.206107	0.992366	-0.450382	11.887079
-0.201416	0.872070	0.353760	-2.152672	0.587786	-1.267176	11.895653
-0.207520	0.863037	0.357910	-2.832061	0.549618	-0.679389	11.904276
-0.205322	0.861328	0.374756	-2.221374	0.786260	-0.809160	11.912741
-0.207520	0.872314	0.352051	-1.809160	0.633588	-0.916031	11.921054
-0.201416	0.872314	0.356201	-1.854962	-0.030534	-1.412214	11.929413
-0.074951	0.762939	0.307861	-2.320611	-4.396947	5.297710	11.938249
-0.275391	0.959961	0.349121	13.007634	-8.732824	-6.755725	11.946577
-0.227051	0.915039	0.346924	-11.786260	1.099237	4.984733	11.954665
-0.191406	0.870605	0.387207	-3.015267	-0.442748	-0.511450	11.963250
-0.208984	0.848877	0.372803	-0.137405	1.641221	-2.198473	11.971152
-0.208252	0.869629	0.339600	1.938931	0.839695	-2.320611	11.979853
-0.216553	0.854492	0.339355	-2.557252	1.160305	-0.992366	11.988250
-0.198242	0.864746	0.352783	-5.641221	1.770992	0.923664	11.996899
-0.195068	0.872803	0.354248	-3.480916	1.618321	-0.496183	12.005336
-0.206543	0.868652	0.337158	-1.694656	1.076336	-1.366412	12.013900
-0.204346	0.866699	0.350098	-3.503817	1.229008	0.007634	12.022219
-0.203613	0.871582	0.353516	-3.748092	1.465649	-0.526718	12.030600
-0.205811	0.864746	0.351807	-2.244275	1.137405	-1.045802	12.038585
-0.207764	0.865723	0.355225	-3.137405	1.053435	-0.580153	12.047154
-0.204834	0.867676	0.352783	-2.572519	0.916031	-0.503817	12.055674
-0.204102	0.874512	0.353760	-1.977099	1.137405	-1.091603	12.064205
-0.205322	0.865723	0.348145	-2.160305	0.877863	-0.893130	12.072412
-0.203857	0.867676	0.356689	-2.282443	1.053435	-0.717557	12.081092
-0.205322	0.871826	0.349121	-1.030534	0.931298	-1.404580	12.089744
-0.208740	0.872803	0.340088	-3.374046	1.442748	-0.969466	12.098512
-0.210449	0.865723	0.347656	-5.320611	1.381679	0.091603	12.106923
-0.202393	0.872803	0.348633	-4.793893	1.664122	-0.129771	12.115315
-0.204834	0.864258	0.360352	-2.633588	1.152672	-0.702290	12.123742
-0.207275	0.868896	0.350586	-0.809160	1.030534	-1.473282	12.132093
-0.209229	0.862549	0.352539	-0.839695	0.763359	-1.511450	12.140513
-0.209229	0.872070	0.346436	-2.549618	0.740458	-0.717557	12.148966
-0.200439	0.867188	0.364502	-3.526718	0.832061	-0.549618	12.157458
-0.211914	0.880127	0.348145	-4.618321	1.335878	0.877863	12.166019
-0.203369	0.873047	0.361328	-4.320611	1.290076	0.206107	12.174234
-0.201660	0.866455	0.354736	-3.328244	0.923664	-0.595420	12.182661
-0.200684	0.871094	0.351318	-3.328244	1.190840	-0.450382	12.191082
-0.203613	0.874756	0.355469	-3.786260	1.389313	-0.519084	12.199802
-0.206787	0.861084	0.355225	-3.664122	1.381679	-0.488550	12.208275
-0.198730	0.867676	0.354248	-2.740458	1.335878	-0.946565	12.216658
-0.208008	0.868408	0.339355	-2.816794	1.419847	-0.862595	12.225062
-0.202393	0.867432	0.356445	-2.473282	1.297710	-0.862595	12.233390
-0.208740	0.865723	0.355469	-2.351145	1.267176	-1.007634	12.241980
-0.199951	0.866211	0.362549	-2.129771	1.442748	-1.274809	12.250298
-0.210449	0.868408	0.355713	-2.435115	1.572519	-0.641221	12.258783
-0.201172	0.866455	0.348877	-2.870229	1.473282	-0.633588	12.267384
-0.203125	0.884521	0.350098	-4.946565	1.984733	0.381679	12.275595
-0.202393	0.870605	0.355225	-4.412214	1.816794	0.091603	12.284101
-0.200928	0.870117	0.350098	-2.541985	1.465649	-0.671756	12.292749
-0.206055	0.870605	0.356201	-1.137405	1.305344	-1.358779	12.301395
-0.211182	0.867920	0.345215	-1.312977	0.969466	-1.519084	12.309957
-0.204590	0.869141	0.348389	-3.206107	1.038168	-0.496183	12.318535
-0.207031	0.864746	0.343018	-3.473282	1.145038	-0.587786	12.326922
-0.210449	0.864014	0.357178	-3.335878	1.053435	-0.496183	12.335454
-0.200684	0.864746	0.360352	-2.000000	1.053435	-0.977099	12.343226
-0.209961	0.871094	0.353760	-1.419847	1.076336	-1.274809	12.351798
-0.212402	0.871582	0.352783	-1.984733	1.091603	-0.916031	12.360244
-0.208252	0.863037	0.350342	-2.519084	1.015267	-0.824427	12.368910
-0.202637	0.863037	0.358643	-3.045802	1.129771	-0.717557	12.377447
-0.207275	0.872559	0.347656	-2.427481	1.297710	-1.007634	12.385912
-0.202148	0.868408	0.355469	-2.580153	1.206107	-0.809160	12.394528
-0.202637	0.866455	0.354492	-2.832061	1.145038	-0.923664	12.402773
-0.207764	0.859375	0.350098	-2.419847	1.206107	-0.694656	12.411163
-0.203369	0.864746	0.361084	-2.091603	1.320611	-1.053435	12.419689
-0.211670	0.862061	0.348633	-2.610687	1.244275	-0.916031	12.428044
-0.205811	0.872314	0.355713	-3.480916	1.206107	-0.496183	12.436672
-0.203857	0.869873	0.348145	-4.290076	1.381679	-0.267176	12.445098
-0.208984	0.869873	0.351562	-3.519084	1.190840	-0.732824	12.453846
-0.208252	0.873535	0.352539	-2.374046	1.000000	-0.992366	12.462338
-0.202148	0.874512	0.356934	-2.587786	1.297710	-0.740458	12.470865
-0.208740	0.866943	0.342285	-5.183206	1.412214	0.595420	12.479559
-0.208008	0.864990	0.366699	-3.938931	1.068702	-0.358779	12.488098
-0.215088	0.873779	0.338867	-6.038168	0.984733	1.015267	12.496794
-0.201416	0.868652	0.364014	-2.694656	0.977099	-0.587786	12.505268
-0.206787	0.866455	0.349121	-2.297710	0.854962	-0.580153	12.513764
-0.213135	0.868164	0.356201	-3.541985	1.435115	-0.251908	12.522266
-0.203857	0.872314	0.358398	-4.083969	1.587786	-0.038168	12.530650
-0.213135	0.875244	0.367676	-3.664122	1.374046	-0.702290	12.539264
-0.200439	0.885986	0.355957	-3.145038	1.320611	-0.725191	12.547927
-0.202148	0.877441	0.351807	-3.778626	1.893130	-0.305344	12.556234
-0.205811	0.864746	0.351807	-4.480916	1.641221	0.000000	12.565008
-0.201416	0.862305	0.352783	-4.244275	1.419847	-0.145038	12.574863
-0.202637	0.867188	0.343994	-4.000000	1.343511	-0.282443	12.583142
-0.207764	0.867188	0.352051	-3.847328	1.320611	-0.274809	12.591708
-0.204102	0.869141	0.353760	-5.374046	1.679389	0.335878	12.599867
-0.194336	0.868164	0.355469	-4.068702	1.381679	0.015267	12.607703
-0.209473	0.873291	0.351074	-2.549618	1.465649	-0.961832	12.615773
-0.211182	0.863770	0.350586	-3.175573	1.229008	-0.893130	12.624774
-0.205566	0.873535	0.355957	-3.763359	1.022901	-0.244275	12.633094
-0.198730	0.869873	0.353516	-4.480916	1.030534	0.015267	12.641630
-0.201660	0.861328	0.346436	-4.312977	1.045802	-0.274809	12.649718
-0.207275	0.868408	0.360596	-5.091603	1.030534	0.236641	12.658357
-0.203857	0.868408	0.352783	-5.022901	0.832061	0.183206	12.666561
-0.201660	0.863770	0.359375	-4.068702	0.709924	-0.251908	12.675026
-0.202881	0.871826	0.356689	-3.480916	0.862595	-0.473282	12.683580
-0.211426	0.880371	0.337402	-10.541985	2.068702	0.633588	12.691942
-0.194336	0.864014	0.373779	-9.832061	1.145038	2.274809	12.700510
-0.200684	0.878662	0.353516	-6.114504	1.007634	0.022901	12.709027
-0.209473	0.863770	0.359619	-7.404580	1.664122	0.977099	12.717377
-0.201904	0.859619	0.363281	-6.259542	1.374046	0.450382	12.726095
-0.206055	0.871826	0.362549	-5.549618	1.229008	0.366412	12.734320
-0.212891	0.864014	0.355469	-5.366412	0.977099	0.717557	12.742838
-0.194580	0.866943	0.364990	-4.412214	1.213740	-0.297710	12.751355
-0.208984	0.867676	0.354736	-4.114504	1.251908	-0.702290	12.759933
-0.202148	0.867432	0.358643	-5.572519	1.725191	0.687023	12.768137
-0.203369	0.870605	0.371582	-6.374046	1.839695	0.908397	12.776661
-0.197021	0.868896	0.361572	-5.877863	1.946565	0.824427	12.785224
-0.202148	0.871826	0.360107	-5.687023	1.633588	0.641221	12.793553
-0.206787	0.872559	0.358154	-4.175573	1.030534	-0.412214	12.802307
-0.204102	0.872803	0.356934	-5.465649	1.328244	0.259542	12.810742
-0.211670	0.869629	0.368896	-6.725191	1.900763	0.816794	12.819312
-0.204102	0.853516	0.349854	-8.816794	1.778626	1.977099	12.827989
-0.205566	0.854492	0.359375	-8.068702	1.213740	1.374046	12.836377
-0.200928	0.862305	0.361572	-9.007634	1.709924	1.847328	12.844965
-0.196045	0.861084	0.359619	-10.335878	2.549618	4.366412	12.853318
-0.197266	0.861816	0.366943	-5.480916	1.603053	0.793893	12.861716
-0.218506	0.872314	0.368896	-4.503817	1.748092	0.038168	12.870004
-0.199951	0.869385	0.364990	-3.458015	1.412214	-0.274809	12.878424
-0.203125	0.866699	0.363037	-3.053435	1.366412	-0.687023	12.887026
-0.196533	0.866943	0.364746	-3.396947	1.618321	-0.725191	12.895541
-0.202148	0.865967	0.364258	-3.992366	1.740458	-0.213740	12.904196
-0.197754	0.864502	0.362305	-4.076336	1.351145	-0.305344	12.912782
-0.201660	0.861816	0.371338	-3.770992	1.366412	-0.488550	12.921026
-0.198242	0.857422	0.368164	-2.877863	1.099237	-0.557252	12.929614
-0.199219	0.859863	0.367920	-3.061069	1.175573	-0.862595	12.937962
-0.196777	0.864014	0.369385	-4.312977	1.198473	0.274809	12.946547
-0.211914	0.871338	0.342041	-9.366412	3.129771	0.984733	12.954578
-0.181641	0.850586	0.380615	-5.603053	1.404580	1.145038	12.963103
-0.196289	0.882568	0.364502	-0.122137	0.885496	-2.297710	12.971648
-0.207764	0.856201	0.367432	-1.908397	0.954198	-1.305344	12.980334
-0.203613	0.865723	0.366699	-3.297710	0.946565	-0.366412	12.988605
-0.198486	0.861328	0.356201	-7.183206	1.984733	0.870229	12.997267
-0.197510	0.861572	0.379150	-6.648855	1.839695	1.335878	13.005626
-0.203125	0.872070	0.359375	-4.053435	1.496183	-0.595420	13.014038
-0.206055	0.863037	0.365234	-6.435115	1.549618	1.358779	13.022386
-0.198486	0.859619	0.374268	-6.000000	1.877863	0.977099	13.030827
-0.200928	0.851318	0.376465	-3.877863	1.419847	-0.045802	13.039360
-0.204346	0.868896	0.369141	-3.625954	1.267176	-0.473282	13.047770
-0.189697	0.862793	0.368652	-4.625954	1.625954	0.328244	13.056026
-0.199707	0.868896	0.363281	-5.343511	1.702290	0.603053	13.064552
-0.204590	0.861572	0.375244	-6.305344	1.366412	0.954198	13.072794
-0.200439	0.864990	0.367920	-5.511450	1.633588	0.923664	13.081312
-0.194092	0.860352	0.368408	-4.412214	1.458015	-0.122137	13.090005
-0.193115	0.864990	0.356934	-4.969466	1.465649	-0.015267	13.098738
-0.197998	0.854248	0.358887	-6.366412	1.778626	1.282443	13.107242
-0.196533	0.851318	0.375000	-3.992366	1.625954	0.343511	13.115912
-0.189697	0.866943	0.376465	-5.091603	1.664122	0.297710	13.124387
-0.203369	0.857178	0.368408	-6.923664	1.709924	1.442748	13.132818
-0.198730	0.862305	0.382080	-6.580153	1.847328	1.267176	13.141360
-0.199707	0.860596	0.373291	-5.488550	1.992366	0.519084	13.149934
-0.193359	0.870361	0.372314	-6.236641	1.916031	1.091603	13.158132
-0.199219	0.871338	0.369873	-6.122137	1.870229	0.961832	13.166573
-0.197998	0.852783	0.375000	-7.351145	1.992366	1.595420	13.174699
-0.193604	0.858643	0.376953	-5.358779	1.694656	0.923664	13.183289
-0.196045	0.855957	0.359131	-3.229008	1.328244	-0.679389	13.191858
-0.197998	0.848145	0.355957	-4.641221	1.572519	-0.068702	13.200400
-0.198730	0.862061	0.375732	-6.152672	1.442748	1.282443	13.208971
-0.194336	0.871338	0.385254	-5.404580	1.687023	1.068702	13.217512
-0.181641	0.892578	0.376465	-3.030534	1.167939	-1.236641	13.225987
-0.200928	0.844238	0.385498	-6.343511	2.396947	2.351145	13.234187
-0.201904	0.864014	0.351318	-2.877863	1.290076	-0.519084	13.242013
-0.192383	0.869629	0.378662	-5.656489	2.114504	0.732824	13.250539
-0.174805	0.835938	0.394287	3.770992	0.213740	-6.427481	13.258527
-0.208496	0.866211	0.351562	-4.580153	2.374046	0.572519	13.266324
-0.198486	0.855469	0.384033	-4.022901	1.984733	0.358779	13.273948
-0.201416	0.860107	0.381348	-3.778626	1.900763	-0.572519	13.282212
-0.194580	0.863281	0.383545	-2.748092	1.641221	-1.015267	13.291032
-0.206543	0.862061	0.367920	-4.885496	1.412214	1.305344	13.299682
-0.216064	0.859131	0.364990	-3.458015	0.282443	-1.664122	13.308505
-0.189209	0.877930	0.385010	-5.671756	1.183206	0.366412	13.316993
-0.204346	0.884277	0.367676	-15.488550	0.679389	6.229008	13.325573
-0.200195	0.875977	0.364502	-26.816794	2.083969	10.221374	13.334072
-0.231445	0.913574	0.387939	-45.137405	3.977099	23.022901	13.342547
-0.195557	0.891846	0.393555	-64.129771	5.969466	35.854962	13.351240
-0.200684	0.854980	0.391357	-69.427481	6.625954	35.778626	13.359621
-0.196777	0.838379	0.362549	-71.061069	11.610687	43.832061	13.367509
-0.176270	0.829590	0.442871	-82.931298	32.877863	41.106870	13.376123
-0.140625	0.826660	0.416260	-65.648855	18.870229	37.580153	13.384492
-0.174561	0.850342	0.395264	-38.732824	14.129771	16.015267	13.392877
-0.151855	0.824951	0.439209	-43.572519	14.969466	24.748092	13.401584
