-0.129395	0.787598	0.510742	-3.099237	0.946565	-0.908397	0.004886
-0.134277	0.799072	0.512695	-4.770992	1.717557	2.610687	0.014569
-0.138916	0.802002	0.512207	-2.312977	1.206107	-2.038168	0.024205
-0.134277	0.791748	0.510010	-2.396947	0.916031	0.740458	0.033644
-0.145996	0.798584	0.504150	-3.595420	1.114504	1.068702	0.043143
-0.130127	0.808594	0.510498	-1.671756	0.282443	-2.206107	0.052649
-0.139648	0.796875	0.517334	-3.801527	1.389313	0.679389	0.062026
-0.150635	0.786865	0.511475	-1.969466	1.137405	-1.389313	0.071327
-0.135986	0.804688	0.518311	-2.213740	0.755725	-1.633588	0.084890
-0.138916	0.784180	0.509521	-2.389313	1.282443	-2.045802	0.094297
-0.137695	0.791504	0.487061	-1.702290	0.824427	-1.618321	0.103549
-0.138672	0.801514	0.512207	-4.083969	1.305344	-0.007634	0.113059
-0.137695	0.792969	0.506104	-3.000000	0.946565	-0.526718	0.122600
-0.140869	0.801758	0.507080	-4.725191	1.694656	2.290076	0.132199
-0.138672	0.778320	0.512939	-3.648855	1.106870	-1.862595	0.141583
-0.134766	0.792236	0.538574	-4.290076	1.580153	1.847328	0.151054
-0.141602	0.798828	0.505127	-0.938931	0.870229	-1.442748	0.160546
-0.136963	0.808594	0.520264	-5.221374	2.221374	3.656489	0.169938
-0.134521	0.783447	0.526611	-3.816794	1.847328	-0.832061	0.179567
-0.137695	0.797363	0.509766	-1.015267	1.389313	-2.664122	0.188922
-0.142578	0.803467	0.510010	-4.625954	1.839695	0.664122	0.198363
-0.138428	0.795898	0.500244	-1.549618	0.763359	-2.236641	0.207966
-0.130615	0.790527	0.519531	-1.900763	0.908397	-1.702290	0.217470
-0.147705	0.790039	0.511963	-4.763359	1.603053	-1.221374	0.227129
-0.146240	0.797607	0.515381	-5.496183	1.618321	-4.282443	0.236540
-0.130127	0.787842	0.516113	-2.099237	0.709924	-2.862595	0.245949
-0.135986	0.780273	0.507568	-4.679389	1.435115	1.702290	0.255501
-0.146240	0.802979	0.497070	-1.763359	0.801527	-1.053435	0.264995
-0.134766	0.803955	0.529053	-4.763359	1.671756	0.633588	0.274493
-0.143799	0.785645	0.520508	-2.687023	1.122137	-0.297710	0.283890
-0.134277	0.802246	0.518311	-3.709924	1.091603	0.419847	0.292720
-0.148438	0.786133	0.501709	-4.320611	1.137405	-0.190840	0.302647
-0.137207	0.796875	0.526123	-3.396947	1.442748	-1.641221	0.312038
-0.128418	0.788330	0.510986	-2.541985	1.091603	0.938931	0.321511
-0.143799	0.782959	0.501709	-3.526718	1.167939	-0.320611	0.331153
-0.125977	0.786865	0.522461	1.870229	-0.396947	-6.358779	0.340583
-0.131836	0.795410	0.513428	-4.183206	2.083969	1.427481	0.349889
-0.140625	0.795410	0.512939	0.984733	1.129771	-2.328244	0.359335
-0.139893	0.803955	0.496826	-5.702290	1.824427	1.694656	0.368676
-0.145020	0.789062	0.528076	-2.580153	0.564885	-1.374046	0.378319
-0.141357	0.813232	0.501953	-3.755725	2.061069	-0.419847	0.387730
-0.141113	0.776123	0.513184	-3.213740	1.167939	-0.648855	0.397307
-0.136719	0.807617	0.501709	-2.679389	0.633588	-0.496183	0.406651
-0.139648	0.781250	0.499512	-3.923664	0.603053	0.641221	0.416122
-0.167236	0.788330	0.548096	-1.877863	-7.564885	0.984733	0.425764
-0.162109	0.803955	0.533203	-7.572519	0.938931	3.015267	0.435246
-0.141846	0.801514	0.509277	0.763359	-0.389313	-6.244275	0.445004
-0.138428	0.793945	0.514404	-4.412214	1.412214	2.030534	0.454407
-0.149902	0.780029	0.512939	-2.641221	0.664122	-0.122137	0.463793
-0.126953	0.813721	0.517090	-3.091603	1.045802	1.709924	0.473206
-0.147705	0.771729	0.490967	-2.007634	2.236641	-1.427481	0.482796
-0.138672	0.786865	0.508057	-5.725191	1.419847	1.580153	0.492173
-0.140869	0.811279	0.503418	-1.503817	0.519084	-1.236641	0.500738
-0.142822	0.795166	0.511475	-7.229008	3.061069	5.312977	0.509095
-0.139648	0.774414	0.522949	1.366412	1.694656	-4.526718	0.517507
-0.139160	0.808105	0.515625	-4.221374	1.748092	2.419847	0.526004
-0.144287	0.794434	0.506592	-1.916031	1.580153	-1.251908	0.534377
-0.131836	0.793213	0.522949	-3.717557	1.244275	-1.687023	0.542685
-0.134521	0.797607	0.509277	-1.106870	0.641221	-2.595420	0.551196
-0.141846	0.784424	0.496338	-0.984733	0.748092	-0.931298	0.559125
-0.148682	0.795898	0.498535	-6.396947	3.900763	-0.648855	0.567081
-0.131836	0.782471	0.498291	-4.297710	-2.114504	-2.977099	0.575607
-0.130615	0.795898	0.507812	-1.320611	0.916031	0.183206	0.584145
-0.151367	0.791992	0.508301	-2.534351	0.167939	-2.740458	0.592195
-0.134766	0.792969	0.520508	-3.770992	1.030534	-0.099237	0.600508
-0.145508	0.792725	0.503174	-2.809160	0.587786	-1.106870	0.609432
-0.147949	0.804199	0.514648	-3.618321	1.259542	0.167939	0.617800
-0.141357	0.787354	0.495361	-2.923664	0.419847	-1.167939	0.626341
-0.141357	0.781250	0.516357	-4.641221	1.458015	1.977099	0.634817
-0.117920	0.792236	0.518799	-1.541985	0.816794	-0.580153	0.643243
-0.170654	0.800293	0.501221	-3.679389	1.610687	0.900763	0.651565
-0.130615	0.796875	0.490967	-0.213740	2.809160	-4.961832	0.660138
-0.130371	0.778809	0.513428	-3.198473	2.870229	2.389313	0.668499
-0.148926	0.782471	0.511719	0.206107	1.885496	-4.427481	0.677201
-0.122803	0.825439	0.513184	-5.076336	1.916031	3.000000	0.685582
-0.137695	0.794678	0.508789	-4.580153	1.587786	1.160305	0.693832
-0.140137	0.803955	0.509766	0.083969	1.946565	0.312977	0.701892
-0.149170	0.784912	0.515137	-5.916031	2.244275	0.778626	0.710525
-0.135498	0.790039	0.516602	-0.870229	0.389313	-4.625954	0.719015
-0.156006	0.798584	0.500244	-5.213740	0.687023	0.343511	0.727427
-0.125244	0.817139	0.471436	-10.725191	4.770992	3.320611	0.735818
-0.128174	0.770020	0.505615	1.900763	-0.190840	-6.786260	0.744166
-0.138916	0.799072	0.510010	-5.709924	1.778626	1.526718	0.752486
-0.127686	0.795410	0.535889	-2.717557	-0.977099	-3.343511	0.760843
-0.145020	0.800781	0.508057	-4.061069	0.732824	0.648855	0.769399
-0.139893	0.785645	0.516357	-2.213740	0.442748	-1.450382	0.777791
-0.150146	0.814941	0.489990	-10.114504	2.679389	6.206107	0.786104
-0.134521	0.782471	0.516113	0.297710	0.473282	-2.961832	0.794671
-0.139404	0.780762	0.501709	-6.091603	1.534351	1.801527	0.802733
-0.128906	0.789795	0.520508	-0.603053	0.198473	-1.809160	0.811240
-0.146729	0.789062	0.504150	-3.511450	2.343511	1.687023	0.819793
-0.135986	0.816406	0.512207	-2.770992	1.740458	0.389313	0.828365
-0.143555	0.791748	0.533936	-1.328244	2.175573	-0.221374	0.836851
-0.139160	0.811768	0.503662	-3.389313	1.763359	-0.343511	0.845273
-0.143799	0.798340	0.507568	-3.038168	1.450382	-0.511450	0.853618
-0.147705	0.785645	0.506104	-2.633588	0.824427	-0.236641	0.862115
-0.141602	0.801758	0.510742	-0.832061	0.679389	-1.717557	0.870651
-0.140625	0.795166	0.498047	-2.633588	0.969466	-3.541985	0.879378
-0.140381	0.793213	0.510986	-2.931298	0.862595	-0.984733	0.887622
-0.131348	0.798584	0.513672	-2.480916	0.572519	-2.328244	0.896019
-0.140381	0.801514	0.518555	-5.053435	0.068702	1.167939	0.904241
-0.131836	0.791260	0.522949	-1.824427	1.564885	0.343511	0.912595
-0.136230	0.805664	0.513428	-3.114504	0.816794	-0.755725	0.921143
-0.137207	0.791748	0.490723	-2.839695	0.954198	-0.335878	0.929769
-0.136230	0.787598	0.505859	-3.335878	0.977099	0.763359	0.938277
-0.143799	0.791504	0.502441	-3.198473	1.282443	-0.419847	0.946734
-0.125977	0.786621	0.507568	-1.564885	2.374046	-0.862595	0.955305
-0.130127	0.814941	0.521973	-2.389313	0.740458	1.351145	0.963661
-0.131836	0.790527	0.495361	-1.022901	1.603053	-1.206107	0.972243
-0.139893	0.800049	0.511230	-5.267176	2.900763	5.839695	0.980823
-0.141846	0.797607	0.500000	-2.458015	1.549618	-2.091603	0.989197
-0.137207	0.802979	0.522461	-2.167939	1.458015	-0.587786	0.997253
-0.136230	0.789307	0.504639	-2.832061	0.488550	0.267176	1.005778
-0.119385	0.770020	0.509033	-3.022901	0.809160	-3.038168	1.014320
-0.150879	0.797119	0.506348	-1.893130	1.091603	-0.053435	1.022758
-0.153320	0.802979	0.498535	-2.404580	0.557252	-1.687023	1.031407
-0.126221	0.789307	0.515869	-5.000000	0.931298	-0.954198	1.039852
-0.141357	0.780518	0.506104	-5.328244	1.511450	-0.305344	1.048517
-0.135254	0.805908	0.519287	-1.236641	0.564885	-2.740458	1.056988
-0.136475	0.802002	0.515381	-4.007634	1.503817	0.755725	1.065445
-0.140381	0.787598	0.506348	-2.656489	1.045802	-1.427481	1.074095
-0.138916	0.796143	0.506592	-3.145038	1.152672	0.229008	1.082552
-0.137939	0.789062	0.498047	-3.625954	1.290076	0.618321	1.090953
-0.139404	0.788330	0.516602	-1.511450	1.801527	-0.488550	1.099938
-0.147217	0.783936	0.505127	-2.580153	0.381679	-0.755725	1.108450
-0.144287	0.795898	0.499756	-3.343511	1.770992	-0.824427	1.117174
-0.132080	0.791748	0.509521	-3.519084	2.213740	1.183206	1.125689
-0.131592	0.788086	0.527344	-1.129771	1.725191	-1.618321	1.134053
-0.142090	0.808350	0.496582	-2.419847	0.938931	-0.916031	1.142537
-0.138184	0.801270	0.512451	-2.809160	1.450382	-0.587786	1.150905
-0.129639	0.782715	0.520996	-3.641221	1.297710	-2.160305	1.159496
-0.139160	0.803711	0.519775	-1.236641	0.770992	-2.740458	1.167906
-0.146484	0.803467	0.505371	-4.755725	1.717557	1.061069	1.176352
-0.138672	0.786377	0.518066	-3.893130	1.587786	-0.763359	1.184911
-0.141357	0.794434	0.505127	-1.206107	0.732824	-2.885496	1.192864
-0.135010	0.798096	0.516113	-3.206107	1.213740	-1.038168	1.200827
-0.144775	0.789551	0.502686	-4.007634	-0.122137	-1.938931	1.208669
-0.131836	0.819336	0.508545	-9.893130	1.557252	5.748092	1.217684
-0.138916	0.759277	0.526611	0.480916	0.076336	-2.946565	1.226407
-0.137207	0.799805	0.496826	-4.709924	1.305344	0.480916	1.234807
-0.128662	0.805420	0.508545	-0.786260	0.305344	0.297710	1.243248
-0.147705	0.774902	0.498535	-2.648855	2.328244	0.793893	1.251618
-0.132324	0.798340	0.514404	-2.969466	-0.526718	-0.328244	1.260146
-0.143311	0.789062	0.510498	-4.931298	1.679389	2.007634	1.268555
-0.135742	0.811279	0.519531	-2.839695	1.931298	0.549618	1.277047
-0.135742	0.791748	0.523193	-3.809160	1.740458	0.473282	1.285481
-0.149658	0.796387	0.511475	-1.824427	1.198473	-1.488550	1.294103
-0.148438	0.804443	0.514648	-4.061069	1.305344	-0.343511	1.302403
-0.138184	0.782227	0.524902	-2.572519	1.083969	-1.786260	1.310862
-0.135254	0.800781	0.500488	-2.389313	1.244275	-1.022901	1.319221
-0.137695	0.785645	0.501709	-1.137405	0.603053	-1.259542	1.327668
-0.137451	0.796143	0.510986	-4.648855	0.786260	-0.832061	1.335985
-0.148438	0.802246	0.501465	-1.793893	1.381679	-2.984733	1.344513
-0.141113	0.791748	0.507812	-3.862595	1.343511	-0.534351	1.352664
-0.143799	0.792480	0.507568	-3.442748	0.992366	-1.152672	1.361246
-0.138672	0.802979	0.507568	-5.992366	0.061069	0.229008	1.369559
-0.144043	0.794434	0.513428	-4.969466	2.366412	0.419847	1.378373
-0.158691	0.787354	0.520996	-1.908397	1.290076	-2.328244	1.386699
-0.134277	0.797119	0.508057	-4.267176	1.717557	0.404580	1.395218
-0.143311	0.782471	0.506836	-2.992366	1.022901	-0.511450	1.403240
-0.130615	0.770508	0.503418	-0.938931	0.343511	-2.000000	1.411898
-0.140381	0.799316	0.517578	-3.435115	0.786260	2.259542	1.420206
-0.134277	0.791748	0.523193	0.083969	0.435115	-4.022901	1.428706
-0.144775	0.808105	0.510498	-1.526718	1.213740	-0.381679	1.437168
-0.141357	0.805908	0.503662	-1.167939	0.526718	-0.679389	1.445625
-0.142822	0.797119	0.510498	-2.450382	0.969466	-1.412214	1.454043
-0.140381	0.810303	0.508789	-3.656489	2.305344	1.580153	1.462442
-0.136719	0.785156	0.514893	-4.671756	1.778626	-1.564885	1.470828
-0.133057	0.783691	0.505127	-2.007634	1.038168	-0.877863	1.479355
-0.145020	0.802246	0.486816	-3.595420	2.030534	0.961832	1.487814
-0.138672	0.798340	0.523926	-4.190840	1.503817	-1.122137	1.496272
-0.125244	0.783203	0.508545	-4.610687	1.198473	0.022901	1.504399
-0.135498	0.803467	0.506348	-2.694656	0.717557	-2.083969	1.512792
-0.144043	0.798584	0.514404	-3.030534	1.442748	0.022901	1.521097
-0.133789	0.782471	0.510742	-8.190840	1.274809	-3.839695	1.529778
-0.137451	0.789307	0.509033	-3.725191	1.427481	0.221374	1.538162
-0.144775	0.786865	0.504883	-2.610687	1.000000	-0.725191	1.547035
-0.148682	0.805420	0.512451	-2.137405	0.503817	-2.839695	1.555361
-0.137451	0.801758	0.521484	-5.167939	0.717557	-0.916031	1.563770
-0.128174	0.779541	0.501465	-9.229008	0.297710	2.297710	1.572242
-0.142578	0.788818	0.510742	1.022901	0.221374	-2.267176	1.580832
-0.132568	0.806885	0.507568	-3.549618	0.000000	0.221374	1.589403
-0.115967	0.787842	0.517822	0.427481	0.732824	-1.984733	1.597887
-0.154785	0.793457	0.505127	-1.916031	1.335878	0.328244	1.606005
-0.142090	0.807373	0.506348	-1.977099	0.984733	-1.580153	1.614917
-0.141846	0.790527	0.518799	-4.229008	3.061069	2.778626	1.623235
-0.132324	0.801270	0.518799	1.099237	1.244275	-3.442748	1.631986
-0.141846	0.799316	0.512939	-2.809160	1.969466	1.328244	1.640499
-0.149170	0.781006	0.510986	-3.625954	1.213740	0.854962	1.649154
-0.140625	0.804443	0.515381	-2.763359	1.427481	-2.748092	1.657646
-0.135742	0.787109	0.517090	-2.923664	1.145038	0.557252	1.666280
-0.147217	0.800781	0.518311	-3.511450	0.351145	-1.389313	1.674711
-0.150635	0.819092	0.493408	-2.366412	0.961832	-2.312977	1.683034
-0.137451	0.791016	0.499756	-5.473282	3.496183	1.503817	1.691557
-0.130127	0.782471	0.524902	-1.702290	-0.213740	-3.366412	1.699958
-0.145996	0.802490	0.507568	-3.900763	0.656489	-1.984733	1.708188
-0.133057	0.787598	0.509766	-5.900763	1.122137	1.671756	1.716763
-0.143799	0.779785	0.508545	-3.946565	1.145038	-0.244275	1.725087
-0.118652	0.801514	0.518311	-2.282443	0.893130	-1.938931	1.733444
-0.136475	0.798340	0.519775	-4.206107	1.503817	1.419847	1.741879
-0.140625	0.790039	0.509766	-2.511450	0.419847	-0.221374	1.750334
-0.148926	0.796631	0.505371	-1.312977	2.045802	-1.061069	1.758936
-0.135498	0.790771	0.513672	-2.129771	1.725191	-0.992366	1.767319
-0.134277	0.791016	0.516846	-3.198473	0.656489	1.083969	1.775841
-0.152100	0.793945	0.492432	-1.076336	0.572519	-0.763359	1.784299
-0.143555	0.810791	0.518066	-4.503817	2.786260	2.106870	1.792707
-0.134033	0.775146	0.523926	-3.221374	0.603053	-0.343511	1.801168
-0.150146	0.805664	0.497803	-0.190840	1.549618	-2.473282	1.809481
-0.131836	0.799561	0.513672	-3.198473	1.366412	0.839695	1.817770
-0.143799	0.770508	0.519531	-2.847328	1.259542	-2.328244	1.826072
-0.140137	0.806396	0.521973	-1.022901	0.511450	-2.702290	1.834574
-0.145020	0.812256	0.506836	-3.725191	1.160305	-0.160305	1.842429
-0.138916	0.786133	0.504150	-3.679389	0.893130	-0.183206	1.850857
-0.138916	0.791504	0.514893	-4.251908	1.053435	-0.648855	1.859446
-0.139404	0.791504	0.505371	-7.786260	0.885496	-0.511450	1.867950
-0.135498	0.783691	0.506348	-0.694656	0.450382	-4.083969	1.876513
-0.151855	0.803467	0.501221	-3.572519	0.534351	-0.671756	1.884958
-0.139648	0.793945	0.513916	-7.236641	0.450382	2.419847	1.893346
-0.130615	0.798340	0.503418	-1.267176	0.732824	-1.419847	1.901764
-0.156006	0.795654	0.491211	-2.595420	3.190840	0.679389	1.910070
-0.117676	0.810791	0.524658	-2.725191	1.732824	0.641221	1.918685
-0.131592	0.772461	0.514404	-0.709924	0.335878	-0.946565	1.927041
-0.139404	0.799316	0.518311	-2.671756	0.687023	0.916031	1.935385
-0.155029	0.793457	0.494141	-3.106870	1.244275	1.541985	1.944000
-0.143311	0.806396	0.513916	-4.328244	1.900763	0.511450	1.952367
-0.125000	0.776855	0.530762	-3.961832	1.381679	0.106870	1.960986
-0.143311	0.805908	0.510742	-1.625954	1.572519	-0.824427	1.969544
-0.149902	0.796387	0.504883	-3.045802	1.007634	-0.488550	1.978201
-0.141113	0.792725	0.518311	-3.259542	1.404580	-0.213740	1.986495
-0.135742	0.795898	0.522461	-1.977099	1.129771	-2.183206	1.994850
-0.140625	0.778076	0.508545	-1.549618	0.984733	-3.877863	2.003262
-0.141357	0.800781	0.503662	-2.671756	0.946565	-0.961832	2.011748
-0.145752	0.783691	0.519531	-2.488550	1.053435	-3.877863	2.020117
-0.135498	0.793701	0.515381	-3.847328	1.496183	-0.480916	2.028587
-0.147217	0.808105	0.526611	-5.389313	-0.282443	-0.229008	2.036957
-0.140625	0.781250	0.504639	-6.503817	2.038168	2.175573	2.045635
-0.135742	0.789307	0.516113	-0.511450	0.297710	-4.786260	2.054052
-0.125977	0.813965	0.517822	-3.893130	1.274809	1.839695	2.062348
-0.138672	0.782959	0.517090	-3.427481	0.786260	0.427481	2.070839
-0.144775	0.800049	0.509277	-1.717557	0.694656	-2.358779	2.081567
-0.143066	0.792969	0.504150	-4.984733	1.832061	2.160305	2.089814
-0.140869	0.779053	0.509521	0.427481	1.625954	-2.664122	2.098413
-0.136963	0.815186	0.510254	-2.564885	1.717557	0.625954	2.106731
-0.130127	0.803467	0.502930	-3.954198	2.137405	0.251908	2.115252
-0.136475	0.782959	0.522705	-3.267176	1.770992	0.496183	2.123076
-0.140869	0.798096	0.507568	-3.816794	1.312977	0.610687	2.131263
-0.137207	0.805420	0.515137	-3.450382	1.122137	-0.503817	2.139714
-0.142822	0.786621	0.521240	-2.809160	0.793893	-0.603053	2.149005
-0.147217	0.796387	0.510742	-4.312977	1.190840	-1.145038	2.157423
-0.139648	0.792236	0.520508	-1.152672	0.274809	-0.969466	2.165917
-0.146973	0.795166	0.510010	-4.328244	0.000000	-0.694656	2.174879
-0.138184	0.796143	0.517090	-4.473282	0.328244	-1.908397	2.183385
-0.147217	0.781250	0.508789	-5.496183	0.954198	-3.305344	2.191941
-0.141357	0.795410	0.516357	-2.160305	0.641221	-1.366412	2.200362
-0.135986	0.793457	0.530273	-5.099237	1.549618	0.687023	2.208710
-0.137695	0.817627	0.510986	-1.526718	0.526718	-2.435115	2.217300
-0.138184	0.791992	0.487305	-5.328244	2.083969	2.541985	2.225663
-0.139893	0.782227	0.514160	-1.465649	1.587786	-0.587786	2.234142
-0.143555	0.795898	0.514893	-2.534351	1.022901	-0.732824	2.242627
-0.130615	0.790039	0.498535	-0.755725	1.312977	-2.473282	2.251025
-0.129150	0.799561	0.507080	-2.244275	0.755725	0.534351	2.259395
-0.139404	0.797119	0.506592	-2.022901	-0.190840	-1.099237	2.268031
-0.137695	0.789551	0.497070	-3.572519	1.473282	-0.572519	2.276640
-0.140625	0.806885	0.497559	-2.755725	2.251908	0.015267	2.285195
-0.133545	0.783691	0.531250	-1.603053	1.137405	-2.053435	2.293557
-0.142822	0.798340	0.512451	-4.580153	1.641221	1.961832	2.302061
-0.139648	0.801758	0.512451	-0.061069	1.534351	-0.839695	2.310554
-0.136719	0.780029	0.514648	-6.061069	1.923664	0.625954	2.318958
-0.144287	0.793457	0.504150	-1.885496	0.534351	-2.450382	2.327431
-0.145264	0.797607	0.510010	-9.244275	1.404580	-1.091603	2.335737
-0.130859	0.773438	0.502441	-2.984733	0.969466	-2.488550	2.344009
-0.143555	0.777832	0.498291	-2.687023	1.572519	-2.862595	2.352296
-0.128174	0.792725	0.508789	-1.404580	-0.229008	-2.900763	2.360731
-0.142334	0.805420	0.501465	-8.687023	1.458015	2.648855	2.369194
-0.136475	0.795654	0.489258	-8.465649	-0.526718	1.870229	2.377800
-0.150146	0.783691	0.511230	-1.641221	1.038168	-0.473282	2.386256
-0.143066	0.796875	0.527588	-3.870229	0.961832	0.007634	2.394806
-0.131836	0.801514	0.508545	-1.969466	1.076336	-0.671756	2.403135
-0.136475	0.783691	0.507324	-1.923664	1.061069	-0.961832	2.411382
-0.136963	0.801270	0.516602	-3.717557	1.572519	0.618321	2.419920
-0.150635	0.786865	0.508545	-2.206107	1.717557	-2.000000	2.428044
-0.128662	0.788330	0.526123	-1.977099	1.458015	2.648855	2.436419
-0.147949	0.794434	0.500732	-0.587786	0.282443	-1.801527	2.444741
-0.133545	0.816650	0.514404	-2.358779	3.366412	1.137405	2.453174
-0.139648	0.776123	0.509766	-3.320611	1.442748	-0.381679	2.461605
-0.143555	0.794922	0.494629	-2.961832	1.450382	-0.816794	2.469983
-0.130859	0.806396	0.506592	-2.511450	1.519084	-1.931298	2.478127
-0.129639	0.780029	0.526855	-3.641221	0.633588	-0.381679	2.486199
-0.135254	0.799561	0.518555	-3.519084	1.175573	-2.923664	2.494069
-0.151123	0.792725	0.506592	-5.389313	1.045802	-2.549618	2.502876
-0.145020	0.793457	0.518555	-6.366412	0.572519	0.427481	2.511293
-0.136719	0.794189	0.511963	-3.450382	0.549618	-1.320611	2.519680
-0.130859	0.794189	0.502441	-3.648855	0.885496	-1.854962	2.528043
-0.143311	0.792725	0.508057	-2.404580	0.923664	-1.412214	2.536870
-0.151855	0.780762	0.499756	-3.541985	1.167939	-0.961832	2.545361
-0.134277	0.792480	0.518311	-5.717557	1.030534	-0.786260	2.553871
-0.125000	0.795898	0.534668	-1.664122	0.137405	-1.022901	2.562280
-0.135498	0.787109	0.508301	-3.885496	0.687023	0.793893	2.570660
-0.127930	0.801514	0.502686	-0.022901	0.870229	-0.015267	2.578981
-0.137451	0.801270	0.521973	-1.015267	0.419847	0.083969	2.587460
-0.145020	0.799072	0.517578	-3.801527	1.328244	-0.458015	2.595728
-0.137207	0.785156	0.539551	-0.679389	0.183206	1.694656	2.604088
-0.143555	0.789795	0.507812	-2.648855	1.213740	-2.908397	2.612492
-0.150146	0.820068	0.498535	-3.213740	3.389313	-0.343511	2.620776
-0.143555	0.766113	0.511230	-5.534351	2.595420	2.603053	2.629206
-0.142334	0.801514	0.523926	-0.908397	0.198473	-2.114504	2.637613
-0.148926	0.803955	0.497070	-4.030534	1.480916	-0.137405	2.646041
-0.137939	0.790039	0.516846	-1.618321	0.885496	-1.541985	2.654728
-0.136963	0.788086	0.514893	-3.740458	1.335878	-0.977099	2.663421
-0.149902	0.826172	0.512451	-3.061069	0.702290	-1.351145	2.671745
-0.146973	0.796875	0.506104	-7.305344	1.229008	1.335878	2.680503
-0.127441	0.771240	0.518311	-6.458015	0.633588	0.213740	2.688961
-0.148438	0.786133	0.525391	-1.541985	-0.305344	-2.007634	2.697431
-0.139648	0.809814	0.487549	-0.908397	-0.885496	-6.312977	2.705971
-0.127197	0.789795	0.510742	-11.641221	0.969466	5.389313	2.714473
-0.157715	0.768555	0.522949	-0.732824	2.389313	-0.381679	2.722899
-0.127441	0.807373	0.526367	3.832061	-1.717557	-8.496183	2.731311
-0.138184	0.822754	0.468994	-8.259542	4.259542	6.969466	2.739291
-0.155762	0.744385	0.517090	6.580153	-0.038168	-1.931298	2.747674
-0.135986	0.812988	0.521729	3.091603	1.045802	-6.167939	2.756373
-0.118408	0.805664	0.519043	0.885496	0.496183	1.984733	2.764746
-0.136719	0.759277	0.495117	14.770992	1.778626	-7.603053	2.772904
-0.148438	0.821289	0.517090	4.183206	-1.946565	-3.534351	2.781662
-0.174072	0.798828	0.515869	-5.381679	2.183206	2.969466	2.790214
-0.111816	0.768066	0.534180	11.229008	0.961832	-9.030534	2.798745
-0.123047	0.772705	0.526367	17.778626	-1.206107	-10.984733	2.807140
-0.127441	0.735352	0.413574	27.763359	4.259542	-12.358779	2.815583
-0.148926	0.701660	0.476074	54.290076	-0.160305	-45.190840	2.824018
-0.147217	0.940918	0.523682	-1.152672	23.061069	34.129771	2.832478
-0.227295	0.675049	0.619873	2.129771	-2.251908	22.954198	2.840772
-0.143311	0.805664	0.499756	32.183206	-9.061069	-12.129771	2.849031
-0.142578	0.987061	0.485352	36.427481	-15.435115	-22.610687	2.857500
-0.170654	0.835205	0.423340	-9.030534	-6.770992	20.282443	2.865920
-0.125732	0.742676	0.520996	1.786260	2.160305	9.045802	2.874301
-0.090576	0.813965	0.496582	22.167939	-3.893130	-4.900763	2.882686
-0.163574	0.793701	0.456299	14.290076	-6.396947	-9.923664	2.891220
-0.387451	0.927002	0.477051	3.931298	3.190840	-14.206107	2.899693
-0.083496	0.736328	0.353760	-14.381679	15.603053	17.419847	2.907879
-0.058838	0.823242	0.472656	3.793893	-2.900763	-5.938931	2.916410
-0.168457	0.825195	0.468994	-17.267176	4.541985	12.938931	2.925046
-0.149658	0.772461	0.472412	-5.458015	6.045802	-4.229008	2.933606
-0.135986	0.851074	0.452637	-4.862595	9.259542	-0.755725	2.941823
-0.114746	0.825195	0.494873	-6.549618	5.458015	2.595420	2.950340
-0.143066	0.792969	0.478027	-2.595420	3.190840	-1.954198	2.958716
-0.148438	0.824707	0.496582	9.618321	1.282443	-14.557252	2.967099
-0.148926	0.813721	0.454590	8.587786	1.351145	-7.267176	2.975535
-0.108398	0.801025	0.498047	8.221374	-10.633588	-3.969466	2.984060
-0.137695	0.734863	0.490723	5.000000	-12.068702	2.610687	2.992485
-0.181396	0.813965	0.479004	25.083969	-6.259542	-19.519084	3.000959
-0.220459	0.869141	0.431396	40.381679	1.854962	-30.244275	3.009452
-0.142822	0.804932	0.466553	30.496183	-0.671756	-18.290076	3.017839
-0.150391	0.858398	0.529053	37.603053	-0.893130	-23.595420	3.026188
-0.270264	0.856689	0.668457	29.595420	-24.931298	-19.992366	3.035074
-0.352539	0.825439	0.335205	24.175573	-34.374046	-7.839695	3.043394
-0.158691	0.887939	0.435547	14.564885	-6.091603	-9.847328	3.051727
-0.102295	0.846680	0.471680	21.221374	-12.251908	-11.839695	3.060140
-0.135986	0.835449	0.430664	12.251908	-7.297710	-6.618321	3.068557
-0.122559	0.835205	0.430420	15.099237	-3.549618	-2.564885	3.077068
-0.144775	0.817139	0.475342	32.519084	-10.129771	-22.541985	3.085575
-0.158936	0.794678	0.409912	25.190840	-5.954198	-14.366412	3.093967
-0.140869	0.846680	0.413818	23.083969	-5.129771	-11.946565	3.102373
-0.170898	0.846924	0.406494	22.832061	-6.450382	-11.709924	3.110810
-0.170166	0.813477	0.393555	27.099237	-2.351145	-16.015267	3.118873
-0.158936	0.858398	0.403809	23.648855	-2.709924	-13.267176	3.126894
-0.134277	0.884521	0.399658	21.458015	-1.366412	-13.251908	3.135209
-0.149414	0.871582	0.409180	21.526718	-9.061069	-13.839695	3.143395
-0.180420	0.849854	0.438721	23.412214	-5.740458	-12.793893	3.151803
-0.166748	0.836914	0.378174	11.122137	-3.358779	-5.885496	3.160399
-0.167480	0.871826	0.415527	6.267176	0.038168	-5.534351	3.168969
-0.156738	0.838867	0.406250	6.114504	-0.816794	-6.000000	3.177838
-0.147705	0.803711	0.411621	4.412214	-2.274809	-5.419847	3.186296
-0.188965	0.850098	0.447266	7.366412	-5.511450	-9.366412	3.194930
-0.186279	0.856934	0.385742	0.038168	1.832061	-3.206107	3.203499
-0.131592	0.842041	0.393311	1.091603	-1.183206	-1.984733	3.211737
-0.157715	0.843018	0.424805	2.969466	-4.450382	-6.229008	3.220620
-0.148438	0.885498	0.415039	11.229008	-3.145038	-9.343511	3.229184
-0.172607	0.857178	0.418213	10.320611	-4.931298	-7.183206	3.237742
-0.167725	0.853027	0.402344	10.396947	-3.931298	-9.122137	3.246187
-0.182129	0.854492	0.390381	11.068702	-5.938931	-8.076336	3.254795
-0.173340	0.851074	0.365723	8.030534	-2.709924	-4.572519	3.263537
-0.159180	0.867676	0.391602	11.526718	-2.511450	-7.038168	3.272084
-0.168945	0.842285	0.391846	14.870229	-4.870229	-9.366412	3.280818
-0.193359	0.884766	0.411377	17.175573	-4.587786	-12.229008	3.289148
-0.196533	0.853271	0.375977	17.656489	-6.022901	-12.305344	3.297693
-0.150879	0.846191	0.397461	15.748092	-2.748092	-8.503817	3.306121
-0.172852	0.856689	0.383789	17.030534	-9.167939	-11.717557	3.314324
-0.173096	0.855469	0.344482	7.877863	-4.106870	-4.137405	3.322797
-0.177734	0.868652	0.397461	12.854962	-7.648855	-8.740458	3.331509
-0.195557	0.865967	0.377441	8.244275	-5.595420	-6.007634	3.339956
-0.187500	0.844482	0.371826	2.992366	-2.702290	-3.870229	3.348409
-0.181885	0.844971	0.386230	2.877863	-1.992366	-1.664122	3.356972
-0.173096	0.870117	0.378906	6.236641	-4.572519	-4.022901	3.365160
-0.171631	0.881348	0.407471	5.839695	-0.725191	-4.473282	3.373578
-0.174072	0.882568	0.375732	4.213740	-1.274809	-5.015267	3.382273
-0.187256	0.877441	0.366699	0.748092	-1.755725	-4.679389	3.390829
-0.179688	0.858643	0.382324	-0.183206	1.114504	-1.702290	3.399396
-0.160400	0.881104	0.375732	4.251908	-0.076336	-4.145038	3.407904
-0.173584	0.870117	0.364014	4.091603	-2.312977	-4.938931	3.416233
-0.168945	0.860107	0.386963	2.000000	-0.251908	-3.106870	3.424820
-0.175049	0.871826	0.375488	6.648855	-1.541985	-6.694656	3.433247
-0.184814	0.868896	0.373291	4.824427	-1.664122	-5.396947	3.441835
-0.127197	0.822754	0.348145	2.786260	-1.389313	0.374046	3.450214
-0.146973	0.897705	0.415527	17.664122	-10.007634	-11.030534	3.458609
-0.217285	0.893555	0.387451	16.198473	-5.328244	-9.427481	3.466885
-0.201904	0.855957	0.354248	3.641221	0.419847	-3.259542	3.475587
-0.160156	0.857910	0.388184	6.564885	-0.694656	-5.442748	3.484072
-0.173584	0.878906	0.361816	7.358779	-0.122137	-5.045802	3.492207
-0.183105	0.874023	0.352295	3.916031	1.183206	-5.816794	3.500798
-0.179688	0.868408	0.355957	0.259542	1.374046	-1.633588	3.509313
-0.172852	0.863037	0.353760	-0.022901	0.549618	-2.816794	3.517763
-0.186523	0.853271	0.359619	3.526718	-0.931298	-4.587786	3.526296
-0.192139	0.876465	0.366211	0.541985	0.267176	-2.328244	3.535234
-0.184326	0.882812	0.360107	0.251908	-0.091603	-1.358779	3.544292
-0.181396	0.865479	0.365479	1.778626	-0.549618	-3.175573	3.552470
-0.178955	0.864746	0.364990	3.030534	-0.511450	-2.618321	3.561277
-0.171143	0.860840	0.373779	7.465649	-2.045802	-4.022901	3.569547
-0.178955	0.872070	0.353271	2.862595	0.328244	-1.488550	3.578338
-0.162109	0.844971	0.350586	10.190840	-4.160305	-8.183206	3.586824
-0.188721	0.876465	0.353027	9.419847	-3.641221	-7.389313	3.595090
-0.176025	0.870361	0.342285	5.961832	-2.076336	-4.778626	3.603504
-0.188477	0.876221	0.354492	4.717557	-1.206107	-3.549618	3.612132
-0.187744	0.881104	0.351074	3.198473	-0.992366	-1.900763	3.620499
-0.190430	0.875488	0.351562	2.900763	-1.755725	-3.190840	3.629022
-0.179443	0.870361	0.364502	4.198473	-1.923664	-4.152672	3.637611
-0.184570	0.881348	0.351807	5.343511	-1.923664	-2.702290	3.646173
-0.197998	0.903564	0.351562	2.000000	-0.480916	-1.839695	3.654382
-0.197998	0.878662	0.344238	1.320611	0.015267	-2.618321	3.662282
-0.190430	0.885254	0.336670	-2.496183	1.038168	-1.175573	3.670837
-0.201172	0.885498	0.335693	-2.343511	0.793893	-0.251908	3.679663
-0.187988	0.873047	0.355957	-2.114504	-0.267176	-0.145038	3.688071
-0.196289	0.870850	0.330078	-3.145038	-2.793893	0.137405	3.696636
-0.174561	0.888184	0.324463	-9.236641	-4.404580	6.274809	3.705404
-0.167725	0.887451	0.365967	-2.633588	1.511450	5.076336	3.713899
-0.174072	0.832275	0.355957	-0.564885	1.221374	-0.763359	3.722402
-0.196289	0.912354	0.333252	-4.045802	1.862595	-0.358779	3.731160
-0.200195	0.867920	0.337402	-0.595420	-0.816794	-1.244275	3.739675
-0.184082	0.861328	0.359863	-3.633588	1.045802	0.206107	3.747784
-0.182861	0.882568	0.348877	2.862595	-0.503817	-4.480916	3.755680
-0.200928	0.887451	0.326904	0.549618	0.229008	-2.442748	3.763442
-0.194580	0.871338	0.344727	-3.137405	1.725191	-0.259542	3.771086
-0.184814	0.879395	0.345703	-0.221374	-0.152672	-1.687023	3.779250
-0.175293	0.861328	0.372070	8.045802	-1.732824	-3.954198	3.788443
-0.185791	0.864502	0.342041	4.213740	0.015267	-2.549618	3.796776
-0.189941	0.879639	0.345947	1.786260	0.893130	-1.641221	3.805090
-0.184326	0.890869	0.355225	3.251908	-0.259542	-3.312977	3.813661
-0.179199	0.891113	0.339844	0.259542	0.625954	-2.419847	3.822042
-0.189697	0.874512	0.337891	-1.389313	0.755725	-1.145038	3.830715
-0.176514	0.887451	0.342041	-4.595420	1.312977	-0.396947	3.839238
-0.181396	0.871094	0.349121	-5.641221	1.442748	0.244275	3.847638
-0.191162	0.884033	0.328857	-5.335878	1.480916	0.381679	3.856089
-0.179443	0.882812	0.343994	-6.648855	1.931298	1.198473	3.864550
-0.173340	0.867920	0.352539	-4.717557	1.427481	-0.137405	3.872777
-0.187500	0.877441	0.330566	-4.076336	1.725191	-0.129771	3.881427
-0.187744	0.879883	0.329346	-3.519084	1.755725	-0.190840	3.889749
-0.184082	0.880859	0.340088	-2.496183	1.152672	-1.053435	3.898071
-0.185791	0.874268	0.349609	-1.770992	0.870229	-1.259542	3.905941
-0.184326	0.872803	0.342041	-1.122137	0.763359	-1.328244	3.913904
-0.180908	0.873535	0.347656	1.335878	0.244275	-2.580153	3.921807
-0.187988	0.876709	0.325928	1.587786	0.030534	-2.954198	3.929623
-0.174072	0.867188	0.345215	5.938931	-2.671756	-5.160305	3.937309
-0.150879	0.866211	0.322021	8.419847	-5.427481	-6.816794	3.946185
-0.193359	0.873779	0.349121	9.389313	-5.000000	-5.473282	3.954648
-0.199219	0.891357	0.332031	4.885496	-3.671756	-4.404580	3.962742
-0.188232	0.883545	0.352783	2.160305	-1.641221	-2.435115	3.970577
-0.173584	0.889160	0.357666	4.106870	-1.175573	-2.938931	3.978530
-0.191162	0.890625	0.326660	0.282443	-3.129771	-2.473282	3.986808
-0.192871	0.880859	0.326416	-7.664122	0.274809	2.893130	3.995996
-0.184082	0.864502	0.341309	-6.923664	-1.122137	2.198473	4.004020
-0.182373	0.876709	0.338135	-7.167939	-0.671756	2.847328	4.012718
-0.177002	0.866943	0.337402	-4.732824	-2.732824	0.618321	4.021096
-0.195557	0.879395	0.334229	-7.916031	-0.503817	1.618321	4.029930
-0.184082	0.879395	0.344238	-6.717557	0.259542	2.099237	4.038362
-0.182617	0.885010	0.338867	-7.977099	0.259542	2.793893	4.046924
-0.182617	0.875488	0.355469	-5.549618	0.167939	1.343511	4.055180
-0.184326	0.875488	0.360596	-5.137405	1.259542	1.847328	4.063427
-0.177490	0.882812	0.347168	-4.610687	1.778626	0.526718	4.072092
-0.189697	0.877197	0.340576	-3.374046	0.854962	-0.748092	4.083253
-0.172363	0.862549	0.347900	-2.694656	0.557252	-1.633588	4.091680
-0.168457	0.854736	0.356445	-1.870229	0.755725	-1.335878	4.100047
-0.125244	0.792725	0.320801	-0.236641	-2.343511	1.213740	4.107962
-0.203857	0.876709	0.324707	0.923664	0.717557	-1.290076	4.115860
-0.180176	0.885986	0.335693	-2.870229	1.503817	-0.190840	4.123686
-0.170654	0.870605	0.350830	2.022901	0.541985	-2.679389	4.131695
-0.177979	0.874756	0.343994	1.343511	0.992366	-1.259542	4.139813
-0.186768	0.878906	0.335205	0.824427	0.557252	-1.725191	4.148689
-0.183838	0.894531	0.339355	1.305344	0.374046	-1.954198	4.156762
-0.183105	0.887207	0.325928	-1.038168	0.778626	-1.007634	4.165459
-0.190430	0.882568	0.335938	-2.160305	0.732824	-0.740458	4.174095
-0.167969	0.886230	0.335693	-5.259542	1.374046	-0.381679	4.182254
-0.185791	0.889160	0.345215	-4.656489	1.122137	0.297710	4.190986
-0.187256	0.884277	0.339844	-4.282443	0.916031	0.274809	4.198974
-0.197998	0.891113	0.335205	-6.534351	-0.473282	-0.030534	4.207739
-0.189697	0.875000	0.336426	-9.809160	2.404580	3.534351	4.216333
-0.193359	0.884277	0.334717	-6.900763	1.389313	1.633588	4.224981
-0.176514	0.884521	0.339111	-8.496183	0.923664	0.488550	4.233468
-0.172119	0.861328	0.349121	-5.916031	1.274809	0.580153	4.242009
-0.176025	0.878662	0.348633	-2.603053	1.221374	-0.625954	4.250526
-0.177979	0.888916	0.336914	-1.770992	1.167939	-1.183206	4.259095
-0.181396	0.872559	0.334717	-2.068702	0.969466	-1.160305	4.267466
-0.186768	0.875977	0.335449	0.167939	0.045802	-2.381679	4.275408
-0.201904	0.885742	0.332764	3.152672	-4.465649	-6.664122	4.283212
-0.194580	0.875488	0.335449	-2.152672	0.412214	0.641221	4.292197
-0.183350	0.874756	0.341797	0.763359	0.160305	-2.114504	4.300793
-0.191162	0.814209	0.314697	7.022901	-10.648855	-6.473282	4.308922
-0.214600	0.907227	0.324707	11.564885	-5.786260	-8.877863	4.317501
-0.178467	0.907715	0.343262	-2.770992	1.557252	0.709924	4.326074
-0.187988	0.882080	0.334473	-1.297710	0.977099	-1.259542	4.334643
-0.179443	0.890625	0.340820	-3.618321	1.206107	-0.549618	4.342822
-0.186279	0.869141	0.337158	-2.938931	0.862595	-0.480916	4.351276
-0.179688	0.881104	0.343262	-2.877863	0.839695	-0.587786	4.359802
-0.186523	0.871582	0.328125	-2.839695	1.213740	-1.206107	4.368375
-0.163818	0.881592	0.326416	-5.549618	0.694656	1.129771	4.376977
-0.209717	0.897705	0.344971	-3.870229	1.251908	-0.748092	4.385206
-0.184082	0.921387	0.328857	-4.694656	0.801527	0.396947	4.393605
-0.186035	0.878174	0.344727	-2.900763	1.702290	-0.480916	4.401733
-0.187744	0.870605	0.314697	-2.198473	0.183206	-1.022901	4.409550
-0.181152	0.876953	0.342773	-3.030534	1.923664	0.137405	4.417406
-0.177490	0.864746	0.328857	0.290076	0.969466	-1.702290	4.426258
-0.181396	0.872803	0.326660	1.244275	1.312977	-0.916031	4.434848
-0.207275	0.900879	0.324219	5.007634	0.396947	-5.114504	4.442888
-0.188477	0.876465	0.340820	2.076336	0.351145	-2.015267	4.450755
-0.187256	0.882568	0.334473	0.740458	1.297710	-1.206107	4.459547
-0.193359	0.887451	0.333496	0.068702	1.145038	-1.687023	4.468102
-0.180908	0.888428	0.326172	0.404580	0.541985	-2.190840	4.476498
-0.182617	0.892578	0.331299	-2.175573	1.381679	-0.656489	4.484780
-0.182373	0.891357	0.321289	-1.000000	0.977099	-2.053435	4.493100
-0.182129	0.890381	0.331543	-5.267176	1.045802	-0.083969	4.501618
-0.184814	0.875977	0.329590	-3.870229	1.038168	-0.679389	4.509980
-0.181396	0.890625	0.328613	-4.389313	0.862595	-0.625954	4.518184
-0.184082	0.890625	0.329346	-5.221374	0.679389	-0.450382	4.526714
-0.183838	0.877441	0.325684	-2.793893	1.083969	-0.656489	4.535339
-0.185791	0.884521	0.313965	-4.709924	0.763359	-0.259542	4.543552
-0.182617	0.876465	0.338623	-4.076336	1.297710	-0.045802	4.552279
-0.181396	0.871826	0.331787	-3.167939	0.557252	-0.984733	4.560670
-0.186768	0.884277	0.337891	-3.809160	1.213740	-0.603053	4.569048
-0.180420	0.870117	0.332520	-2.709924	0.893130	-0.679389	4.577432
-0.187012	0.862305	0.335449	-3.725191	0.893130	-0.106870	4.585842
-0.184814	0.880127	0.324463	-3.732824	0.793893	-0.396947	4.594123
-0.188477	0.881104	0.342773	-2.458015	1.511450	-0.908397	4.602583
-0.186035	0.885254	0.328369	-1.229008	1.061069	-0.748092	4.611006
-0.190674	0.888184	0.328125	-2.442748	1.885496	-0.404580	4.619296
-0.186279	0.881592	0.338867	-1.488550	1.312977	-0.587786	4.627794
-0.186279	0.878174	0.327393	-0.427481	0.938931	-0.908397	4.636378
-0.186035	0.869385	0.330078	-0.534351	1.167939	-1.320611	4.644700
-0.185547	0.883789	0.331055	-2.389313	1.312977	-0.702290	4.653191
-0.183838	0.885986	0.327148	-2.381679	1.213740	-0.770992	4.661811
-0.186523	0.881836	0.331299	-4.137405	1.083969	-0.435115	4.670226
-0.180420	0.877197	0.332031	-3.442748	0.885496	-0.526718	4.678280
-0.190186	0.876709	0.334961	-3.427481	1.213740	-0.526718	4.686179
-0.187012	0.882568	0.333252	-4.847328	0.702290	0.083969	4.694729
-0.190430	0.881836	0.342529	-5.786260	1.763359	-0.022901	4.703399
-0.181641	0.873535	0.336914	-3.076336	0.938931	-1.122137	4.711720
-0.190430	0.900879	0.328369	-4.244275	1.557252	-0.343511	4.719836
-0.184082	0.876709	0.342041	-3.198473	1.091603	-0.480916	4.728814
-0.188721	0.888672	0.335693	-3.847328	1.305344	-0.511450	4.737452
-0.180420	0.870361	0.334961	-1.839695	1.221374	-0.877863	4.745856
-0.183838	0.869385	0.333984	-2.732824	1.022901	-0.290076	4.754232
-0.183594	0.895020	0.312988	-3.396947	1.198473	-0.473282	4.762840
-0.176758	0.875000	0.337891	-2.641221	1.656489	-0.625954	4.771287
-0.191650	0.871826	0.333008	0.954198	0.839695	-1.297710	4.779675
-0.190918	0.868164	0.331787	0.000000	0.839695	-0.770992	4.788474
-0.183838	0.877930	0.318115	-0.748092	1.091603	-0.702290	4.796810
-0.190674	0.878418	0.337891	-2.961832	1.358779	-1.954198	4.805064
-0.188232	0.891602	0.324463	-4.595420	1.038168	-0.068702	4.813615
-0.184570	0.878174	0.327881	-0.038168	1.229008	-0.381679	4.822034
-0.181396	0.881348	0.333252	-1.885496	0.824427	-1.015267	4.830668
-0.187500	0.896729	0.325439	-2.259542	1.091603	-0.679389	4.839058
-0.186523	0.882812	0.335449	-3.000000	0.900763	-0.358779	4.847311
-0.192627	0.882812	0.330078	-3.000000	0.854962	-0.725191	4.855841
-0.188232	0.881104	0.331299	-5.022901	1.465649	-0.549618	4.864220
-0.186768	0.884277	0.334717	-5.244275	0.595420	-0.053435	4.872517
-0.185303	0.873535	0.322998	-4.290076	1.007634	-0.526718	4.881165
-0.202148	0.876709	0.331299	-4.404580	1.190840	-0.267176	4.889038
-0.176514	0.878906	0.331299	-4.083969	1.038168	-0.572519	4.896983
-0.180176	0.878906	0.332520	-3.916031	1.358779	-0.282443	4.905901
-0.181641	0.880127	0.334229	-2.496183	0.885496	-0.282443	4.914428
-0.185791	0.879150	0.323242	-3.106870	1.458015	-0.801527	4.922686
-0.183838	0.882568	0.328125	-3.007634	1.358779	-0.595420	4.931343
-0.180664	0.890869	0.335449	-3.778626	1.312977	-0.328244	4.939654
-0.184570	0.878418	0.339844	-3.129771	1.076336	-0.213740	4.948194
-0.182861	0.863770	0.319824	-1.435115	0.877863	-1.022901	4.956606
-0.183105	0.875488	0.338379	-0.725191	1.335878	-0.877863	4.965001
-0.186768	0.886230	0.330811	-0.251908	1.404580	-1.145038	4.973238
-0.187256	0.882080	0.333740	-1.045802	1.732824	-0.610687	4.981729
-0.188721	0.886963	0.340820	-1.854962	1.442748	-0.717557	4.990104
-0.174072	0.888916	0.331543	-1.938931	1.679389	-0.496183	4.998369
-0.181885	0.882324	0.324707	-1.954198	1.267176	-0.450382	5.006774
-0.190430	0.888916	0.316162	-2.374046	1.435115	-0.694656	5.015266
-0.183594	0.883545	0.339111	-3.732824	1.129771	-0.251908	5.023820
-0.185059	0.887939	0.329834	-4.229008	1.030534	-0.366412	5.032739
-0.187500	0.883545	0.342773	-5.000000	0.900763	-0.412214	5.041002
-0.185791	0.889648	0.326660	-4.221374	1.206107	-0.679389	5.048918
-0.181396	0.875244	0.331299	-6.236641	1.145038	-0.083969	5.056877
-0.186768	0.885010	0.333984	-4.145038	0.977099	-0.702290	5.065032
-0.188477	0.882080	0.324707	-4.908397	1.297710	-0.259542	5.073760
-0.183838	0.877441	0.331299	-3.198473	0.793893	-0.274809	5.082437
-0.198242	0.881104	0.328125	-3.366412	1.198473	-0.770992	5.090864
-0.183838	0.893311	0.324951	-4.732824	1.480916	-0.267176	5.099358
-0.177490	0.880615	0.334961	-3.816794	1.068702	-0.641221	5.107381
-0.181396	0.885254	0.324219	-1.076336	1.068702	-0.870229	5.115983
-0.186279	0.893799	0.332031	-2.740458	1.786260	-0.877863	5.124585
-0.181152	0.895264	0.342773	-2.709924	2.099237	-0.648855	5.132904
-0.192871	0.879639	0.340088	-0.839695	1.603053	-0.633588	5.141308
-0.189209	0.883301	0.328857	-0.465649	1.625954	-1.000000	5.149711
-0.179443	0.892334	0.336426	-1.900763	1.572519	-0.755725	5.158079
-0.193115	0.889160	0.329590	-2.160305	1.106870	-0.809160	5.166595
-0.180664	0.889893	0.327881	-3.343511	1.641221	-0.671756	5.175030
-0.186523	0.889648	0.327148	-2.335878	1.267176	-0.725191	5.183426
-0.187256	0.883789	0.330566	-4.175573	1.267176	-0.519084	5.191623
-0.183105	0.894287	0.330078	-4.679389	1.099237	-0.190840	5.200250
-0.184082	0.885742	0.331787	-4.740458	0.847328	-0.274809	5.208490
-0.185303	0.882812	0.318359	-5.167939	1.190840	-0.503817	5.217243
-0.191895	0.877930	0.334473	-4.854962	1.198473	-0.122137	5.225940
-0.187012	0.877441	0.336670	-2.793893	0.732824	-0.595420	5.234305
-0.185547	0.863770	0.320312	-2.442748	0.870229	-0.870229	5.242981
-0.187012	0.864990	0.332764	-2.450382	0.946565	-0.053435	5.251421
-0.175537	0.877686	0.344727	-2.549618	1.190840	-0.335878	5.259817
-0.183350	0.879639	0.338379	-3.900763	1.061069	-0.664122	5.268466
-0.186768	0.886230	0.329834	-1.229008	1.152672	-1.000000	5.276935
-0.177246	0.877686	0.338379	-1.297710	1.221374	-0.832061	5.285653
-0.196045	0.896729	0.343262	-0.893130	1.450382	-1.328244	5.294120
-0.195801	0.882080	0.331055	-2.908397	1.687023	-0.190840	5.302690
-0.178223	0.893066	0.330322	-2.816794	1.244275	-1.175573	5.311017
-0.186768	0.884277	0.332275	-3.015267	1.076336	-0.083969	5.319508
-0.187500	0.882812	0.324951	-3.274809	0.740458	-0.534351	5.328094
-0.182861	0.882812	0.344238	-2.259542	1.465649	-0.503817	5.336320
-0.187012	0.888428	0.322266	-2.541985	1.068702	-1.030534	5.344728
-0.185059	0.869141	0.330811	-3.748092	1.198473	-0.259542	5.353157
-0.183350	0.867676	0.334473	-1.938931	0.824427	-0.801527	5.361472
-0.189453	0.891357	0.327393	-5.709924	0.839695	0.488550	5.370087
-0.179932	0.885498	0.334717	-3.801527	1.198473	-0.893130	5.378614
-0.185303	0.883545	0.333496	-5.114504	1.664122	-0.022901	5.387158
-0.179688	0.896240	0.322266	-4.526718	1.152672	-0.847328	5.395431
-0.193848	0.889404	0.327393	-3.328244	1.305344	-0.587786	5.404145
-0.181641	0.890625	0.320068	-3.694656	1.358779	-0.625954	5.412529
-0.184814	0.875977	0.330811	-5.396947	0.702290	0.190840	5.420797
-0.181885	0.873047	0.334473	-2.717557	1.160305	-0.297710	5.429345
-0.184326	0.897217	0.331299	-2.450382	1.068702	-1.022901	5.437841
-0.183105	0.874512	0.315186	-0.809160	1.282443	-0.580153	5.446360
-0.187744	0.881104	0.321045	-1.885496	0.931298	-0.549618	5.454734
-0.189941	0.881836	0.348389	-0.427481	1.351145	-0.625954	5.463143
-0.186768	0.882568	0.328369	-0.961832	1.267176	-0.931298	5.471508
-0.186523	0.891846	0.332520	-2.412214	1.526718	-0.458015	5.480057
-0.179443	0.887939	0.329346	-2.587786	0.992366	-0.587786	5.488244
-0.185303	0.889648	0.326416	-2.847328	1.374046	-0.587786	5.496311
-0.181641	0.890625	0.318359	-3.015267	1.167939	-0.519084	5.505004
-0.185547	0.883301	0.325195	-2.641221	0.839695	-0.732824	5.513163
-0.186035	0.897217	0.329590	-4.687023	0.893130	-0.183206	5.521977
-0.180420	0.882812	0.327881	-3.908397	1.412214	-0.557252	5.530308
-0.186279	0.879150	0.332520	-3.839695	0.977099	-0.343511	5.538298
-0.186279	0.875000	0.327637	-4.091603	1.229008	-0.320611	5.546437
-0.192383	0.867676	0.340820	-2.961832	0.610687	-0.129771	5.555130
-0.187988	0.873535	0.326172	-2.328244	0.977099	-1.206107	5.563567
-0.188477	0.883301	0.334717	-3.450382	1.664122	-0.427481	5.571858
-0.187988	0.867432	0.336426	-1.206107	0.809160	-0.610687	5.580498
-0.189941	0.861328	0.321777	-2.839695	0.839695	-0.335878	5.588921
-0.184326	0.883545	0.326904	-3.229008	1.076336	-0.541985	5.597309
-0.187256	0.890137	0.333008	-3.198473	1.458015	-0.419847	5.605718
-0.179688	0.874023	0.312988	0.083969	0.587786	-0.847328	5.613983
-0.185547	0.882324	0.326904	-2.045802	1.404580	-0.427481	5.622445
-0.184082	0.883057	0.327393	-3.106870	1.190840	-0.648855	5.631097
-0.186279	0.881348	0.323486	-2.954198	1.488550	-0.778626	5.639357
-0.189697	0.878418	0.337891	-3.671756	1.106870	-0.236641	5.647895
-0.183350	0.878418	0.331543	-1.725191	1.183206	-0.885496	5.656402
-0.185303	0.877197	0.322510	-2.358779	1.229008	-0.503817	5.664812
-0.191895	0.892090	0.323975	-2.320611	1.320611	-0.709924	5.673027
-0.185303	0.889404	0.321289	-3.083969	1.198473	-0.450382	5.681594
-0.185791	0.891357	0.329346	-4.320611	1.404580	-0.381679	5.689504
-0.189453	0.882568	0.325928	-3.664122	1.198473	-0.282443	5.697358
-0.179443	0.880371	0.317871	-4.496183	1.152672	-0.450382	5.705202
-0.193604	0.885742	0.326660	-5.641221	1.015267	-0.244275	5.713070
-0.180420	0.897461	0.332031	-6.709924	1.671756	0.305344	5.721090
-0.184326	0.886230	0.340332	-4.106870	1.618321	-0.618321	5.731230
-0.181152	0.883057	0.325684	-5.068702	1.183206	-0.389313	5.739542
-0.182617	0.880127	0.330322	-3.770992	1.526718	-0.473282	5.748091
-0.181396	0.881348	0.331299	-3.328244	1.122137	-0.564885	5.756807
-0.185303	0.885498	0.327393	-3.389313	1.015267	-0.480916	5.765186
-0.178955	0.881104	0.332031	-2.488550	1.633588	-0.603053	5.773483
-0.182129	0.899170	0.329590	-2.129771	1.129771	-0.908397	5.781979
-0.184082	0.887451	0.340820	-0.366412	1.450382	-0.961832	5.790709
-0.185547	0.878662	0.322754	-0.366412	1.419847	-0.656489	5.799247
-0.202637	0.876221	0.322266	-1.496183	1.083969	-0.549618	5.807519
-0.184326	0.885498	0.329834	-0.992366	1.068702	-0.801527	5.815328
-0.187256	0.884277	0.323486	-2.717557	1.000000	-0.396947	5.823358
-0.183594	0.870850	0.317383	-1.671756	1.099237	-0.534351	5.832295
-0.193115	0.884521	0.317139	-2.152672	1.061069	-0.702290	5.840858
-0.184570	0.888672	0.331543	-2.870229	1.022901	-0.465649	5.849165
-0.187500	0.874512	0.333740	-2.809160	1.267176	-0.557252	5.857698
-0.189697	0.885742	0.328857	-4.572519	1.396947	-0.473282	5.866149
-0.177734	0.881836	0.326416	-3.885496	1.015267	-0.282443	5.874475
-0.183838	0.885010	0.328125	-3.419847	1.000000	-0.351145	5.883104
-0.184082	0.870850	0.324463	-3.503817	0.824427	-0.129771	5.891523
-0.173096	0.886230	0.325928	-3.709924	1.083969	-0.809160	5.900059
-0.182617	0.875977	0.323975	-4.244275	1.503817	0.175573	5.908341
-0.181152	0.880371	0.326416	-4.526718	0.938931	-0.442748	5.916797
-0.182617	0.884277	0.329102	-3.503817	1.297710	-0.396947	5.925146
-0.186768	0.888916	0.326904	-3.854962	0.931298	-0.648855	5.933715
-0.189453	0.880859	0.322754	-4.053435	1.435115	-0.351145	5.942147
-0.189941	0.881836	0.338135	-3.206107	0.938931	-0.610687	5.950620
-0.184814	0.873535	0.326904	-0.633588	0.809160	-0.923664	5.959048
-0.187744	0.866943	0.327881	-0.954198	0.938931	-0.267176	5.967387
-0.188477	0.881104	0.337646	-1.061069	1.083969	-0.816794	5.975871
-0.177002	0.871582	0.328857	0.732824	1.358779	-1.564885	5.984401
-0.185547	0.889893	0.326904	-1.244275	1.648855	-0.503817	5.992828
-0.192139	0.876465	0.337402	-2.083969	1.007634	-0.343511	6.001099
-0.188721	0.886719	0.328125	-1.145038	1.015267	-1.106870	6.009492
-0.184814	0.904297	0.328857	-4.717557	1.755725	-0.198473	6.018334
-0.187500	0.890625	0.348633	-1.763359	1.358779	-0.740458	6.026833
-0.189209	0.886719	0.328857	-3.893130	1.145038	-0.862595	6.035447
-0.184326	0.897949	0.343018	-2.992366	1.473282	-0.732824	6.043813
-0.190674	0.888184	0.328857	-3.786260	1.511450	-0.427481	6.052282
-0.192383	0.902100	0.321045	-3.954198	1.091603	-1.229008	6.060763
-0.190918	0.887939	0.336426	-2.511450	1.167939	-0.717557	6.069691
-0.187256	0.883545	0.330078	-6.068702	0.923664	-0.061069	6.080596
-0.189697	0.857178	0.341309	-3.038168	0.511450	0.213740	6.088955
-0.180908	0.886963	0.319336	-2.290076	0.977099	-1.412214	6.097176
-0.190430	0.885742	0.329590	-3.793893	1.977099	-0.488550	6.105679
-0.184082	0.881836	0.332764	-3.328244	1.160305	-0.442748	6.113677
-0.178955	0.883789	0.343506	-3.503817	1.229008	-0.167939	6.122300
-0.185547	0.882324	0.331299	-2.847328	0.969466	-0.748092	6.130898
-0.192139	0.898926	0.319824	-4.839695	0.977099	-0.122137	6.139313
-0.180176	0.880859	0.350586	-1.106870	1.496183	-0.412214	6.147940
-0.190186	0.883789	0.330078	1.167939	0.862595	-1.389313	6.156260
-0.184570	0.887207	0.315430	-1.587786	1.931298	-0.687023	6.164630
-0.203613	0.909180	0.329102	-4.213740	1.061069	-0.458015	6.173047
-0.173828	0.902832	0.333984	-1.725191	0.923664	-0.335878	6.181403
-0.192627	0.877441	0.330811	-1.167939	0.732824	-0.465649	6.190095
-0.190430	0.895264	0.331787	-1.893130	0.694656	-1.206107	6.198519
-0.211670	0.894775	0.314453	-1.358779	1.564885	0.198473	6.206872
-0.184326	0.882812	0.324463	-2.809160	0.618321	-1.053435	6.215383
-0.183594	0.885986	0.317139	-4.824427	1.465649	-0.061069	6.223790
-0.185547	0.877441	0.330811	-2.625954	0.839695	-0.664122	6.232015
-0.186279	0.868408	0.329102	-1.702290	0.931298	-0.916031	6.240674
-0.192139	0.875000	0.329590	-4.259542	1.297710	-0.229008	6.248959
-0.191406	0.885010	0.337646	-3.587786	1.091603	-0.633588	6.257630
-0.202148	0.905762	0.323975	-5.351145	1.534351	-0.824427	6.266180
-0.184814	0.890381	0.327881	-5.282443	2.137405	-0.190840	6.275157
-0.184326	0.875977	0.339844	-4.412214	1.648855	-0.465649	6.283535
-0.183838	0.890137	0.327393	-3.809160	0.961832	-0.167939	6.292093
-0.181152	0.885010	0.327637	-3.519084	1.335878	-0.595420	6.300731
-0.186279	0.881592	0.331299	-2.320611	1.183206	-0.671756	6.309224
-0.177734	0.882324	0.325439	-2.793893	1.198473	-0.549618	6.317282
-0.183838	0.882812	0.320312	-1.809160	1.290076	-0.900763	6.325659
-0.187744	0.872803	0.334961	-2.549618	1.152672	-0.366412	6.333618
-0.187744	0.858154	0.331787	-2.053435	0.572519	-0.709924	6.341781
-0.177490	0.885010	0.330078	-0.763359	1.801527	-1.183206	6.350608
-0.179932	0.879150	0.315430	-1.366412	1.206107	-0.564885	6.358854
-0.180420	0.875488	0.328857	-3.259542	1.427481	-0.030534	6.367529
-0.186035	0.883545	0.326416	-3.648855	1.282443	-0.419847	6.376233
-0.181641	0.890137	0.324951	-3.946565	0.778626	-0.404580	6.384705
-0.181885	0.887451	0.326172	-2.946565	1.068702	-0.145038	6.393119
-0.186279	0.886719	0.337646	-3.038168	1.068702	-0.343511	6.401665
-0.187988	0.888672	0.333252	-3.480916	1.244275	-0.702290	6.409977
-0.191406	0.885010	0.337646	-1.969466	1.152672	-0.519084	6.418415
-0.189941	0.879639	0.329102	-4.694656	0.687023	-0.068702	6.427039
-0.179932	0.887451	0.335449	-3.496183	1.343511	-0.748092	6.435192
-0.179199	0.892578	0.335205	-3.839695	1.312977	-0.450382	6.443377
-0.175049	0.897705	0.331787	-4.015267	1.473282	-0.557252	6.451994
-0.188232	0.880127	0.341064	-2.885496	1.389313	-0.549618	6.460319
-0.184082	0.893066	0.325684	-3.152672	1.427481	-0.938931	6.468743
-0.192383	0.904541	0.330811	-5.641221	1.152672	-0.175573	6.477326
-0.182373	0.890869	0.324707	-3.190840	1.236641	-0.389313	6.485864
-0.189453	0.887451	0.330322	-3.755725	1.328244	-0.648855	6.494222
-0.184326	0.884521	0.325928	-1.709924	1.366412	-1.129771	6.502623
-0.183105	0.883545	0.326172	-1.244275	0.923664	-0.603053	6.510880
-0.191895	0.876709	0.322754	-1.290076	1.183206	-1.053435	6.519433
-0.185547	0.904297	0.316895	-3.022901	1.564885	-0.664122	6.528046
-0.193848	0.882812	0.320557	-2.083969	1.328244	-0.763359	6.536080
-0.188232	0.879883	0.327637	-2.641221	1.221374	-0.480916	6.544606
-0.202393	0.876465	0.330322	-2.946565	1.099237	-0.488550	6.553042
-0.189453	0.899658	0.319092	-2.106870	1.320611	-0.473282	6.561429
-0.186523	0.884766	0.328369	-2.900763	1.404580	-0.526718	6.569910
-0.186768	0.895264	0.324463	-3.312977	1.297710	-0.664122	6.578358
-0.187012	0.875977	0.333496	-3.435115	1.114504	-0.816794	6.586689
-0.188477	0.889404	0.325195	-3.458015	1.145038	-0.656489	6.595047
-0.187500	0.887939	0.337891	-2.931298	1.145038	-1.038168	6.603402
-0.179688	0.867432	0.321533	-1.832061	1.045802	-0.534351	6.611893
-0.187012	0.886963	0.327881	-3.427481	1.160305	-0.641221	6.620478
-0.187500	0.884521	0.339844	-4.419847	1.106870	-0.534351	6.629029
-0.186035	0.890137	0.314697	-4.244275	1.068702	-0.580153	6.637189
-0.190430	0.872314	0.330811	-3.175573	1.076336	-0.450382	6.645648
-0.178223	0.867920	0.334229	-1.412214	0.564885	-0.671756	6.653986
-0.179932	0.843506	0.332764	-0.931298	0.534351	0.229008	6.662262
-0.186523	0.887207	0.319824	-0.877863	0.732824	-0.946565	6.670793
-0.180908	0.868408	0.345947	-0.984733	1.435115	-0.236641	6.679516
-0.194580	0.891113	0.321777	-2.702290	1.229008	-0.358779	6.688036
-0.187500	0.876709	0.339111	-1.404580	1.435115	-0.717557	6.696326
-0.184570	0.886475	0.315186	-3.114504	0.824427	-0.068702	6.704828
-0.181641	0.877197	0.333252	-2.725191	1.190840	-0.213740	6.712979
-0.182861	0.876465	0.323242	-3.305344	0.534351	-0.641221	6.721457
-0.189209	0.883545	0.322510	-2.992366	1.122137	-0.251908	6.729702
-0.184082	0.888428	0.339844	-3.000000	1.038168	-0.648855	6.737562
-0.184814	0.878906	0.322266	-3.610687	0.839695	-0.435115	6.745456
-0.179443	0.875000	0.326660	-4.343511	1.030534	-0.190840	6.754707
-0.194824	0.883301	0.331787	-4.748092	0.587786	-0.343511	6.762956
-0.201172	0.883545	0.327637	-4.801527	1.419847	-0.404580	6.771668
-0.195557	0.889648	0.322998	-4.954198	0.679389	0.244275	6.780436
-0.187744	0.847168	0.340088	-3.320611	0.969466	0.091603	6.789102
-0.189453	0.895264	0.322510	-3.893130	0.541985	-0.145038	6.797544
-0.182617	0.866211	0.342529	-4.229008	1.389313	-0.366412	6.805987
-0.191650	0.884277	0.333496	-5.015267	0.694656	-0.503817	6.814314
-0.182129	0.865234	0.336914	-2.442748	0.580153	-0.633588	6.822840
-0.180664	0.872070	0.321045	-4.152672	1.633588	-0.641221	6.831456
-0.175537	0.886963	0.326172	-0.511450	1.343511	-1.534351	6.839836
-0.186523	0.885498	0.320557	2.763359	1.610687	0.053435	6.848191
-0.186035	0.881836	0.342773	5.725191	2.183206	-0.969466	6.856717
-0.189209	0.903564	0.331543	4.938931	1.099237	-1.175573	6.865160
-0.182373	0.881104	0.326172	2.015267	1.213740	-0.312977	6.873557
-0.189453	0.899658	0.318604	1.748092	0.290076	-1.458015	6.882071
-0.182617	0.879883	0.332031	-0.648855	0.900763	-0.824427	6.890709
-0.184326	0.891602	0.317871	-3.580153	0.412214	-0.427481	6.899098
-0.193359	0.878906	0.315430	-4.931298	0.374046	-0.541985	6.907757
-0.173828	0.894287	0.317871	-9.625954	-0.366412	-0.183206	6.916012
-0.197998	0.903320	0.335693	-3.091603	-0.274809	-1.931298	6.924584
-0.187988	0.901611	0.323242	-8.053435	0.816794	0.687023	6.932818
-0.189453	0.896973	0.336670	-5.229008	0.152672	-1.213740	6.941272
-0.188965	0.864502	0.332275	-5.526718	0.511450	0.083969	6.949537
-0.183105	0.898926	0.336914	-5.648855	1.274809	-0.213740	6.958021
-0.179199	0.885010	0.336914	-3.992366	1.030534	-1.274809	6.966248
-0.190430	0.891113	0.321533	-4.427481	1.549618	-0.312977	6.974379
-0.177979	0.864502	0.323486	-3.809160	1.183206	-0.496183	6.982179
-0.184326	0.857910	0.334961	-0.343511	0.801527	-0.045802	6.990776
-0.141357	0.689453	0.238037	-3.190840	-6.595420	10.740458	6.999301
-0.216553	0.976807	0.341553	5.091603	-7.511450	-6.748092	7.008178
-0.170654	0.904053	0.382324	-4.282443	4.160305	0.656489	7.016626
-0.197998	0.908691	0.322510	-0.709924	-0.923664	-3.160305	7.025181
-0.194092	0.879395	0.336426	-5.366412	1.167939	1.503817	7.033422
-0.181641	0.884521	0.326172	-4.259542	0.335878	-1.229008	7.041639
-0.189941	0.883301	0.307129	-3.129771	0.572519	-0.213740	7.049999
-0.181885	0.879150	0.319824	-4.770992	0.877863	0.221374	7.058502
-0.188721	0.896729	0.330322	-3.603053	0.206107	-0.198473	7.066970
-0.181152	0.870117	0.315674	-4.618321	0.587786	-0.442748	7.075576
-0.185059	0.884521	0.322998	-4.847328	0.427481	-0.175573	7.084055
-0.186768	0.885010	0.323975	-4.175573	0.603053	-0.778626	7.092448
-0.188477	0.881592	0.335205	-5.282443	0.419847	-0.274809	7.100909
-0.187744	0.892578	0.318359	-5.076336	0.358779	-0.305344	7.109247
-0.190918	0.892334	0.334961	-7.190840	0.221374	-0.061069	7.117751
-0.174561	0.886963	0.319824	-7.236641	0.671756	0.625954	7.126240
-0.172607	0.884277	0.327393	-7.091603	0.748092	0.450382	7.134570
-0.182129	0.858643	0.338623	-1.572519	0.877863	-0.091603	7.143214
-0.193115	0.884277	0.322510	-6.961832	0.564885	-0.167939	7.151453
-0.183594	0.873535	0.335449	-4.030534	1.381679	-0.068702	7.159838
-0.183350	0.868652	0.332275	-1.114504	1.198473	-0.534351	7.168436
-0.184326	0.881348	0.325439	-3.694656	1.038168	-1.938931	7.177003
-0.178711	0.876953	0.327393	-2.541985	1.076336	-0.770992	7.185418
-0.183105	0.875000	0.335938	-2.099237	0.847328	-0.175573	7.193381
-0.185791	0.876709	0.327881	-3.488550	0.793893	-0.664122	7.201226
-0.186768	0.874268	0.333740	-2.557252	0.862595	-0.793893	7.210066
-0.183594	0.886475	0.326904	-3.709924	0.893130	1.938931	7.218659
-0.186768	0.876953	0.336182	-3.221374	0.786260	-0.519084	7.227165
-0.181641	0.891357	0.335449	-3.236641	1.198473	-0.679389	7.235590
-0.187012	0.890625	0.336182	-4.343511	0.770992	-0.839695	7.243814
-0.182617	0.883301	0.327637	-4.557252	1.083969	-0.618321	7.252221
-0.182617	0.886230	0.327148	-3.916031	0.687023	-0.648855	7.260740
-0.186035	0.883789	0.330322	-4.488550	0.687023	-0.305344	7.269170
-0.180908	0.898438	0.322266	-7.122137	1.045802	-0.404580	7.277563
-0.175781	0.885986	0.328369	-5.763359	0.854962	-0.030534	7.286415
-0.178711	0.887695	0.332275	-6.106870	1.282443	0.229008	7.294899
-0.182129	0.884277	0.331299	-4.549618	0.984733	-0.419847	7.303653
-0.185791	0.875977	0.335449	-4.908397	0.610687	0.022901	7.311974
-0.185547	0.874512	0.335205	-4.183206	0.832061	-0.114504	7.320428
-0.174316	0.873047	0.339355	-2.992366	1.030534	-0.534351	7.328857
-0.181396	0.887451	0.341309	-2.687023	1.305344	-0.389313	7.337391
-0.180176	0.878906	0.339844	-1.236641	1.236641	-0.786260	7.345317
-0.182129	0.882568	0.331787	-1.946565	1.053435	-0.259542	7.353669
-0.187256	0.876465	0.342285	-2.229008	0.732824	-1.938931	7.362169
-0.176758	0.874512	0.339600	-2.152672	1.351145	-0.717557	7.370671
-0.187744	0.881836	0.334961	-2.679389	1.007634	-0.603053	7.379305
-0.183838	0.884033	0.335449	-2.732824	1.206107	-0.633588	7.387805
-0.175537	0.877441	0.337158	-2.572519	0.748092	-0.641221	7.396362
-0.181641	0.876953	0.339844	-1.297710	0.938931	-0.465649	7.404473
-0.181396	0.881104	0.321045	-4.114504	0.603053	-0.061069	7.413111
-0.181396	0.892090	0.340332	-6.526718	0.931298	0.030534	7.421631
-0.172607	0.894775	0.327637	-5.229008	0.984733	-0.496183	7.430021
-0.177734	0.902100	0.324463	-7.274809	0.824427	-0.076336	7.438653
-0.178711	0.885010	0.334473	-4.633588	0.709924	-0.770992	7.446992
-0.176514	0.881836	0.329102	-5.908397	1.610687	0.183206	7.455422
-0.187500	0.882080	0.337158	-4.496183	0.572519	-0.404580	7.463889
-0.173828	0.875000	0.336182	-4.603053	1.312977	-0.793893	7.472262
-0.185059	0.880859	0.337891	-3.587786	1.129771	-0.618321	7.480665
-0.184326	0.879395	0.327148	-4.389313	0.946565	-0.603053	7.488483
-0.176025	0.878174	0.339355	-4.251908	0.885496	-0.480916	7.497081
-0.180176	0.870117	0.338135	-1.984733	1.183206	-1.045802	7.505657
-0.187500	0.852539	0.338135	0.816794	0.824427	-0.938931	7.513815
-0.192627	0.844482	0.330078	-0.274809	0.458015	0.290076	7.522484
-0.178955	0.879883	0.325195	-0.595420	1.374046	-1.297710	7.531049
-0.177734	0.884277	0.338379	-2.519084	1.175573	-0.068702	7.539612
-0.184326	0.879639	0.335205	0.503817	1.030534	-1.198473	7.547792
-0.182373	0.885742	0.328125	-2.381679	1.190840	-0.458015	7.556575
-0.172119	0.876953	0.341064	-1.916031	0.450382	-1.175573	7.565023
-0.175781	0.874512	0.330566	-1.770992	1.274809	0.198473	7.573307
-0.185059	0.882812	0.335693	-2.694656	0.877863	-0.496183	7.581907
-0.182129	0.890625	0.348145	-5.595420	0.511450	-0.106870	7.590351
-0.182861	0.886230	0.337402	-4.015267	1.000000	-0.595420	7.598845
-0.185791	0.888672	0.354248	-5.900763	0.755725	0.167939	7.607127
-0.176025	0.892090	0.338867	-5.824427	1.076336	1.946565	7.615005
-0.188477	0.878906	0.335938	-4.374046	0.908397	-0.160305	7.622994
-0.176758	0.879639	0.339111	-3.809160	1.244275	-0.389313	7.631862
-0.187744	0.888184	0.339844	-5.106870	0.664122	-0.351145	7.640318
-0.176270	0.875244	0.331543	-4.229008	1.572519	-0.404580	7.648437
-0.180420	0.889404	0.342773	-4.496183	1.007634	-0.091603	7.656288
-0.176270	0.884033	0.339600	-3.129771	1.137405	-0.526718	7.664325
-0.191895	0.860840	0.338867	-3.557252	0.893130	-0.366412	7.672899
-0.178955	0.878662	0.331787	-2.977099	1.061069	-0.488550	7.681720
-0.173096	0.900391	0.338135	-5.923664	0.870229	0.206107	7.690128
-0.175293	0.881104	0.332764	-1.335878	1.740458	-1.114504	7.698588
-0.179932	0.884033	0.337158	-2.412214	1.312977	-0.702290	7.707035
-0.177979	0.886475	0.343994	-1.068702	1.572519	-0.862595	7.715508
-0.180908	0.878662	0.341309	-1.694656	1.213740	-0.748092	7.723807
-0.188721	0.880859	0.340088	-1.442748	1.496183	-1.129771	7.732487
-0.183838	0.880859	0.328125	-2.389313	1.427481	-0.725191	7.740955
-0.181641	0.885986	0.334961	-2.145038	1.404580	-0.717557	7.749296
-0.187012	0.875977	0.339355	-3.251908	1.198473	-0.603053	7.757727
-0.182861	0.880859	0.334961	-3.984733	1.183206	-0.557252	7.765957
-0.173828	0.889893	0.337158	-4.305344	1.328244	-0.717557	7.774462
-0.186279	0.890137	0.335449	-4.847328	0.900763	-0.328244	7.783134
-0.180664	0.890381	0.328125	-4.557252	0.984733	-0.282443	7.791191
-0.180664	0.874023	0.339600	-4.709924	0.908397	-0.167939	7.799971
-0.180176	0.887451	0.334717	-4.198473	0.992366	-0.427481	7.808461
-0.172119	0.874756	0.344971	-3.755725	0.725191	-0.664122	7.817092
-0.179688	0.879150	0.340332	-4.755725	0.862595	-0.381679	7.825763
-0.195801	0.881348	0.350098	-3.885496	1.488550	-0.213740	7.834225
-0.178711	0.879639	0.341064	-2.984733	1.038168	-0.442748	7.842550
-0.186035	0.891357	0.350830	-2.641221	1.404580	-0.343511	7.851162
-0.186523	0.879150	0.321533	-0.816794	1.671756	-1.793893	7.859831
-0.183105	0.881836	0.338135	-0.519084	1.732824	-0.893130	7.868203
-0.189941	0.873535	0.344238	-0.832061	0.877863	0.061069	7.876642
-0.186768	0.879883	0.325928	-0.870229	1.389313	-0.519084	7.885349
-0.193115	0.884033	0.336914	-1.511450	1.358779	-0.526718	7.893502
-0.183838	0.816895	0.306885	-2.290076	3.839695	0.916031	7.902366
-0.187744	0.852783	0.330078	-0.068702	-0.022901	-1.511450	7.910955
-0.177246	0.874268	0.323730	-3.549618	1.045802	-0.793893	7.919399
-0.183594	0.885742	0.337402	-2.740458	1.091603	-1.183206	7.927593
-0.177979	0.881836	0.332520	-3.465649	1.290076	-0.320611	7.936385
-0.177002	0.875977	0.336914	-4.022901	1.106870	-0.351145	7.944849
-0.174805	0.886230	0.335205	-4.938931	0.984733	-0.290076	7.953147
-0.180176	0.875000	0.339844	-4.396947	1.106870	-0.290076	7.961022
-0.184082	0.874756	0.332520	-4.450382	0.389313	-0.435115	7.969653
-0.176514	0.883789	0.329102	-5.167939	1.335878	-0.305344	7.978012
-0.177979	0.884277	0.331787	-3.541985	1.412214	-0.648855	7.986741
-0.181152	0.883789	0.335938	-5.534351	1.190840	-0.206107	7.995240
-0.182617	0.893799	0.342285	-3.320611	0.908397	-0.534351	8.004019
-0.189209	0.880127	0.344482	-4.740458	1.213740	-0.091603	8.012510
-0.180664	0.878906	0.335693	-3.435115	1.167939	-0.664122	8.021084
-0.185547	0.883789	0.339111	-2.877863	1.465649	-0.511450	8.029432
-0.182617	0.887451	0.331787	-2.656489	1.374046	-0.725191	8.037935
-0.180664	0.871094	0.335938	-0.045802	1.183206	-0.984733	8.046196
-0.178711	0.869629	0.339844	-0.801527	0.946565	-0.526718	8.054714
-0.185059	0.884521	0.314697	-2.709924	0.900763	-0.748092	8.063209
-0.185059	0.871338	0.327881	-1.595420	1.694656	-1.320611	8.071569
-0.185547	0.874268	0.342773	-3.290076	1.374046	-0.923664	8.082772
-0.181396	0.883301	0.331299	-2.473282	1.274809	-0.694656	8.091595
-0.179443	0.877441	0.342285	-2.709924	1.358779	-0.274809	8.100024
-0.183838	0.881592	0.336670	-2.633588	0.885496	-0.664122	8.108435
-0.181396	0.880127	0.357666	-3.229008	1.442748	-0.534351	8.116902
-0.177490	0.890869	0.351562	-2.374046	1.412214	-0.786260	8.125226
-0.185059	0.888672	0.340332	-2.755725	1.412214	-0.641221	8.133677
-0.177979	0.887207	0.334473	-4.450382	0.946565	-0.183206	8.142158
-0.178223	0.883301	0.337646	-3.900763	0.931298	-0.221374	8.150598
-0.180908	0.886230	0.346680	-5.167939	1.122137	-0.343511	8.158954
-0.177979	0.882324	0.345947	-3.755725	1.251908	-1.015267	8.167398
-0.178223	0.881104	0.328369	-4.938931	1.442748	-0.274809	8.175512
-0.186035	0.866211	0.337891	-3.641221	1.198473	-0.900763	8.183960
-0.176270	0.885254	0.324219	-1.992366	1.366412	-0.526718	8.192653
-0.178711	0.874023	0.344971	-4.244275	1.045802	-0.129771	8.200926
-0.183838	0.886719	0.316650	-3.320611	1.076336	-0.740458	8.209328
-0.179443	0.886475	0.341309	-4.091603	1.358779	-0.076336	8.218029
-0.175049	0.894531	0.342773	-5.404580	0.740458	0.297710	8.226391
-0.177490	0.873779	0.353271	-1.816794	1.442748	-0.519084	8.234825
-0.177490	0.884766	0.329102	-1.053435	0.725191	-0.687023	8.243154
-0.183350	0.868164	0.341797	-0.931298	1.419847	-0.786260	8.251257
-0.181152	0.878174	0.336182	-1.198473	1.351145	-1.198473	8.259267
-0.143066	0.878418	0.343262	-2.106870	5.465649	-0.534351	8.267403
-0.182373	0.902344	0.332764	-0.824427	1.053435	-2.381679	8.275900
-0.175781	0.887939	0.341064	-3.251908	1.992366	0.175573	8.284366
-0.173584	0.886719	0.348633	-2.435115	0.519084	-0.946565	8.292692
-0.185791	0.878418	0.338867	-2.190840	1.587786	-0.664122	8.301078
-0.178711	0.882324	0.351318	-4.633588	1.099237	-0.335878	8.309616
-0.183594	0.875488	0.337158	-4.045802	0.954198	-0.236641	8.318253
-0.183105	0.877197	0.334961	-4.198473	0.854962	-0.549618	8.326876
-0.172119	0.892334	0.326416	-6.351145	0.717557	0.389313	8.335141
-0.174316	0.898926	0.340088	-3.412214	1.328244	-0.877863	8.343921
-0.183594	0.862305	0.343994	-4.145038	0.916031	0.061069	8.352207
-0.180176	0.882568	0.327637	-4.267176	1.122137	-0.923664	8.360819
-0.187744	0.877930	0.341309	-4.358779	1.404580	-0.389313	8.369173
-0.172607	0.885742	0.346436	-3.160305	1.061069	-0.648855	8.377562
-0.183838	0.867432	0.340088	-2.641221	1.465649	-0.839695	8.386379
-0.181396	0.883057	0.339844	-3.206107	1.145038	-0.465649	8.394828
-0.177979	0.881104	0.335938	-1.809160	1.335878	-0.702290	8.403086
-0.184814	0.882568	0.334229	-0.977099	1.083969	-1.190840	8.411679
-0.189209	0.894043	0.329834	-1.312977	1.923664	-1.175573	8.420044
-0.184082	0.889648	0.348389	-1.206107	1.511450	-0.969466	8.428754
-0.180420	0.887207	0.347900	-2.038168	1.732824	-0.603053	8.437224
-0.177979	0.883789	0.337158	-1.809160	1.404580	-0.847328	8.445680
-0.186768	0.883301	0.334717	-2.664122	1.221374	-0.488550	8.453919
-0.183350	0.882568	0.339111	-2.442748	1.603053	-0.534351	8.462672
-0.182861	0.882812	0.339355	-3.251908	1.129771	-0.793893	8.471035
-0.182861	0.881592	0.344482	-2.709924	1.129771	-0.564885	8.479327
-0.180176	0.886230	0.336426	-3.763359	1.351145	-0.305344	8.487628
-0.180908	0.880127	0.337891	-3.343511	1.030534	-0.755725	8.496247
-0.174561	0.890137	0.330811	-5.114504	0.816794	0.366412	8.504715
-0.182617	0.885498	0.330811	-3.633588	0.984733	-0.580153	8.513153
-0.182373	0.875244	0.333252	-3.488550	1.259542	-0.450382	8.521721
-0.181152	0.888184	0.332275	-3.809160	1.099237	-0.519084	8.530238
-0.185059	0.883301	0.337891	-3.847328	1.206107	-0.763359	8.538760
-0.179688	0.885010	0.340576	-3.969466	0.977099	-0.229008	8.547280
-0.186035	0.880127	0.342773	-3.572519	1.038168	-0.610687	8.555661
-0.180664	0.881592	0.332275	-3.236641	1.198473	-0.694656	8.564212
-0.184814	0.882812	0.337646	-2.809160	1.251908	-0.717557	8.572176
-0.180664	0.882080	0.337158	-2.526718	1.305344	-0.480916	8.580055
-0.182129	0.884766	0.334473	-2.335878	0.816794	-1.954198	8.588423
-0.183350	0.866943	0.343262	-1.221374	1.198473	-0.755725	8.597200
-0.189697	0.890869	0.344971	-2.572519	1.549618	-0.770992	8.605568
-0.182129	0.883789	0.343994	-1.946565	1.541985	-0.687023	8.614054
-0.184570	0.886230	0.327881	-1.740458	1.450382	-0.816794	8.622508
-0.181396	0.884033	0.332031	-1.824427	1.251908	-0.763359	8.630908
-0.182129	0.886475	0.332520	-2.297710	1.374046	-0.335878	8.639370
-0.184082	0.884521	0.334961	-1.755725	1.427481	-0.786260	8.647989
-0.184814	0.882812	0.337158	-2.526718	1.694656	-0.572519	8.656401
-0.187256	0.886475	0.336182	-2.526718	1.297710	-0.862595	8.664959
-0.182617	0.882812	0.332764	-4.267176	1.206107	-0.412214	8.673064
-0.179443	0.880127	0.341553	-3.709924	0.862595	-0.312977	8.681537
-0.177979	0.884033	0.336426	-5.595420	0.854962	-0.152672	8.689776
-0.187500	0.879883	0.356445	-4.198473	0.839695	-0.343511	8.698292
-0.184082	0.887939	0.339600	-4.106870	0.679389	-0.167939	8.706652
-0.189209	0.877197	0.326416	-4.137405	1.297710	-0.732824	8.714995
-0.190430	0.881836	0.342285	-4.061069	0.923664	-0.122137	8.723388
-0.180176	0.883301	0.341064	-3.977099	1.137405	-0.381679	8.731860
-0.182617	0.878662	0.331787	-2.793893	1.068702	-0.580153	8.740241
-0.185791	0.877930	0.336670	-3.259542	1.358779	-0.503817	8.748674
-0.191895	0.855469	0.344238	-1.343511	0.847328	-0.419847	8.757127
-0.178711	0.862305	0.331055	-2.106870	0.832061	0.206107	8.765510
-0.186035	0.881836	0.338135	-2.305344	1.526718	-1.106870	8.773759
-0.157471	0.898926	0.350342	-1.381679	-0.076336	0.503817	8.782144
-0.187256	0.854980	0.319336	0.961832	0.549618	-0.870229	8.790447
-0.180908	0.887695	0.331543	-3.526718	1.145038	0.221374	8.799019
-0.182861	0.878174	0.331787	-0.267176	0.709924	-1.511450	8.807453
-0.182129	0.867188	0.335205	-2.862595	1.381679	0.618321	8.815836
-0.186279	0.875732	0.331299	-1.389313	0.648855	-1.015267	8.824205
-0.184082	0.881836	0.322266	-2.091603	1.190840	-0.328244	8.832478
-0.184814	0.879639	0.326904	-1.908397	1.236641	-1.015267	8.841946
-0.179199	0.881104	0.332031	-2.648855	1.259542	-0.801527	8.850699
-0.183350	0.880859	0.324463	-5.587786	0.809160	-0.244275	8.859463
-0.180420	0.876221	0.338867	-4.351145	0.679389	-0.061069	8.868091
-0.182129	0.886230	0.338867	-4.259542	0.946565	-0.221374	8.876208
-0.182129	0.880371	0.334717	-4.519084	1.274809	-0.442748	8.884340
-0.182861	0.880371	0.328369	-3.633588	1.030534	-0.450382	8.892673
-0.187500	0.875244	0.330322	-4.419847	1.053435	-0.244275	8.900615
-0.183105	0.879150	0.347656	-4.000000	1.251908	-0.709924	8.908528
-0.184326	0.886475	0.335205	-5.000000	1.312977	-0.198473	8.917345
-0.182373	0.877930	0.330811	-3.572519	1.167939	-0.648855	8.926003
-0.192139	0.861816	0.332275	-0.824427	0.824427	-0.900763	8.934619
-0.192871	0.847656	0.332764	-2.206107	0.435115	-1.908397	8.942970
-0.184326	0.883057	0.324463	-0.778626	1.473282	-1.221374	8.951597
-0.199463	0.867676	0.347656	-0.503817	1.435115	-1.015267	8.960209
-0.187744	0.890137	0.329834	-0.076336	0.977099	-0.969466	8.968505
-0.186768	0.885986	0.334961	-1.801527	0.893130	-0.847328	8.976951
-0.174805	0.873779	0.337891	-1.694656	1.076336	-0.648855	8.985545
-0.182617	0.877441	0.334717	-2.045802	1.137405	-0.625954	8.994035
-0.190430	0.888428	0.344238	-2.038168	0.664122	-0.198473	9.002642
-0.176758	0.882324	0.330811	-1.366412	0.847328	-0.068702	9.011262
-0.192871	0.868408	0.329102	-0.412214	1.061069	-0.534351	9.019649
-0.186279	0.886230	0.324463	-3.412214	1.038168	-0.770992	9.028084
-0.185547	0.882080	0.338379	-4.862595	1.183206	-0.519084	9.036658
-0.181152	0.892090	0.339355	-4.763359	1.190840	-0.335878	9.045167
-0.187256	0.884033	0.346680	-4.740458	0.633588	-0.496183	9.053431
-0.184082	0.874756	0.332764	-4.725191	1.000000	-0.427481	9.061918
-0.182373	0.884033	0.332520	-6.015267	1.167939	-0.435115	9.070338
-0.180176	0.874756	0.341309	-4.664122	1.175573	-0.229008	9.078800
-0.185303	0.884033	0.326416	-3.679389	0.908397	-0.564885	9.087376
-0.187744	0.864502	0.346436	-3.633588	1.068702	-0.442748	9.095629
-0.181641	0.912842	0.323975	-6.854962	1.236641	0.694656	9.104132
-0.169189	0.858643	0.353027	-1.770992	1.519084	-0.374046	9.112603
-0.180420	0.891602	0.312744	-2.938931	0.916031	-1.007634	9.120734
-0.179932	0.874512	0.345215	-1.328244	1.885496	-1.259542	9.129328
-0.185547	0.882568	0.334961	-0.572519	1.412214	-1.251908	9.137981
-0.184814	0.891113	0.334961	-1.320611	1.694656	-0.961832	9.146472
-0.173096	0.887451	0.343018	-2.183206	1.427481	-0.305344	9.154880
-0.193359	0.877686	0.331299	-2.328244	1.198473	-0.351145	9.163238
-0.183350	0.863281	0.335205	-2.801527	1.076336	-0.267176	9.171697
-0.179199	0.882080	0.329346	-3.305344	0.679389	-0.145038	9.180176
-0.178467	0.879395	0.337646	-2.610687	1.167939	-0.770992	9.188670
-0.184814	0.875732	0.331055	-2.793893	1.061069	-0.709924	9.197082
-0.179199	0.899902	0.334717	-6.083969	1.038168	0.122137	9.205399
-0.178955	0.879639	0.345703	-3.175573	0.938931	-0.213740	9.213760
-0.194336	0.885986	0.334229	-4.488550	0.549618	-0.114504	9.222132
-0.189453	0.874512	0.342773	-3.389313	1.595420	-0.435115	9.230612
-0.184082	0.879150	0.345215	-4.480916	1.129771	-0.625954	9.239195
-0.183105	0.876709	0.343018	-4.122137	1.213740	-0.358779	9.247619
-0.187500	0.900635	0.341064	-4.564885	1.152672	-0.244275	9.256109
-0.179688	0.895020	0.343018	-3.893130	1.526718	-0.389313	9.264599
-0.179688	0.883789	0.335449	-3.167939	0.793893	-0.419847	9.273047
-0.181396	0.877441	0.341064	-3.725191	1.114504	-0.564885	9.281524
-0.179688	0.880615	0.349609	-6.290076	0.877863	1.045802	9.290006
-0.179199	0.864014	0.355225	0.419847	0.687023	-0.190840	9.298439
-0.193115	0.864990	0.312988	-0.465649	1.267176	-1.244275	9.306774
-0.186279	0.879639	0.335938	-2.038168	1.977099	-1.549618	9.315382
-0.182373	0.878662	0.340820	-0.664122	1.030534	-0.564885	9.323589
-0.184814	0.888916	0.323730	-2.587786	1.358779	-0.641221	9.332075
-0.187256	0.875977	0.342529	-2.129771	1.465649	-1.053435	9.340658
-0.181885	0.893311	0.324951	-3.007634	0.793893	-0.725191	9.349109
-0.182617	0.876709	0.332275	-2.427481	1.282443	-0.480916	9.357744
-0.183105	0.892090	0.333740	-2.748092	1.389313	-0.694656	9.366124
-0.183105	0.894775	0.331055	-4.694656	1.335878	-0.534351	9.374855
-0.150391	0.892334	0.355225	-2.000000	3.412214	-0.282443	9.383000
-0.201660	0.867188	0.330811	-1.908397	0.847328	-1.389313	9.391427
-0.184326	0.875000	0.356445	-3.366412	1.755725	-0.526718	9.400070
-0.177490	0.885498	0.335449	-4.832061	1.396947	-0.816794	9.408511
-0.181396	0.879883	0.340332	-3.801527	1.526718	-0.442748	9.417254
-0.182373	0.886475	0.329346	-4.305344	0.832061	-0.549618	9.425666
-0.176758	0.882812	0.352539	-4.274809	0.809160	-0.259542	9.434087
-0.186279	0.882568	0.332764	-4.022901	1.122137	-0.793893	9.442536
-0.184570	0.878174	0.328613	-2.656489	0.938931	-0.427481	9.451157
-0.179199	0.887939	0.339111	-2.992366	1.183206	-0.511450	9.459284
-0.171143	0.909668	0.319336	-6.816794	1.282443	0.503817	9.467877
-0.177490	0.878662	0.369141	-1.045802	1.366412	-0.977099	9.476048
-0.188477	0.908447	0.332764	-2.564885	1.045802	-1.083969	9.484837
-0.166016	0.893311	0.333496	-3.091603	2.122137	-0.969466	9.492761
-0.180176	0.887207	0.339355	-2.000000	1.068702	-1.030534	9.500810
-0.191650	0.879883	0.327637	-2.740458	1.496183	-0.923664	9.509082
-0.182129	0.878662	0.338623	-2.610687	1.305344	-0.908397	9.518230
-0.183105	0.883301	0.340820	-2.679389	1.000000	-0.541985	9.526500
-0.179688	0.875244	0.347656	-3.793893	1.526718	-0.656489	9.534567
-0.181641	0.880371	0.336426	-2.816794	0.938931	-0.770992	9.542646
-0.177002	0.878662	0.336426	-3.496183	1.396947	-0.381679	9.550906
-0.187012	0.880371	0.335205	-4.236641	1.167939	-0.374046	9.559708
-0.183105	0.882324	0.333252	-4.068702	1.076336	-0.946565	9.568168
-0.171387	0.893311	0.331543	-4.862595	1.603053	-0.297710	9.576643
-0.179932	0.881592	0.338867	-4.175573	0.954198	-0.496183	9.585169
-0.179932	0.882080	0.328613	-5.297710	1.221374	-0.396947	9.593296
-0.184326	0.904785	0.341309	-5.145038	1.244275	-0.526718	9.602152
-0.181885	0.889893	0.340088	-4.290076	0.832061	-0.801527	9.610356
-0.180664	0.881104	0.332764	-4.068702	1.534351	-0.229008	9.618997
-0.182861	0.862793	0.337891	-2.366412	0.412214	-0.732824	9.627324
-0.191650	0.864258	0.318359	-2.015267	1.251908	-0.557252	9.635581
-0.191162	0.882080	0.335938	-0.786260	1.030534	-1.595420	9.644176
-0.182861	0.879150	0.328857	-1.480916	1.007634	-0.251908	9.652649
-0.182617	0.879639	0.334229	-0.633588	1.396947	-0.709924	9.661006
-0.185547	0.883057	0.328369	-1.312977	0.732824	-0.687023	9.669499
-0.180664	0.868408	0.333252	-1.648855	1.435115	-0.725191	9.678042
-0.188232	0.884521	0.328613	-2.251908	1.557252	-0.961832	9.686473
-0.184082	0.875977	0.335938	-1.870229	0.969466	-0.694656	9.694814
-0.187988	0.876709	0.334961	-3.427481	0.946565	-0.412214	9.703276
-0.181396	0.878906	0.339355	-2.404580	1.267176	-0.656489	9.711454
-0.182617	0.885498	0.336182	-2.740458	0.969466	-0.564885	9.719817
-0.184082	0.875732	0.331787	-4.007634	0.625954	0.030534	9.728268
-0.179932	0.877441	0.334473	-3.656489	1.068702	-0.549618	9.736563
-0.184082	0.893311	0.338867	-4.580153	0.847328	-0.664122	9.745134
-0.192383	0.875977	0.330566	-2.160305	1.099237	-0.541985	9.753505
-0.176270	0.884033	0.319092	-4.152672	1.152672	-0.137405	9.761931
-0.189453	0.861816	0.331543	-1.488550	1.190840	-0.847328	9.770328
-0.182373	0.895752	0.328613	-5.427481	2.091603	-0.633588	9.778767
-0.175537	0.886230	0.330078	-4.847328	0.900763	-0.259542	9.787236
-0.178467	0.887207	0.333984	-4.847328	1.343511	-0.259542	9.795831
-0.182373	0.871582	0.329102	-4.496183	1.129771	-0.511450	9.803684
-0.181152	0.890625	0.330078	-2.244275	1.290076	-0.923664	9.812297
-0.192139	0.896729	0.339600	-1.839695	1.725191	-3.030534	9.820612
-0.182617	0.886475	0.360107	-1.839695	2.427481	-0.923664	9.829037
-0.174072	0.895264	0.340576	-1.229008	0.465649	-0.358779	9.837306
-0.183105	0.888428	0.340332	-0.610687	1.854962	-0.725191	9.846073
-0.176758	0.895508	0.343262	-3.152672	1.351145	-0.106870	9.854354
-0.180908	0.889648	0.341309	-1.740458	0.809160	-0.625954	9.862654
-0.191162	0.882324	0.333252	-2.015267	0.938931	-0.534351	9.871190
-0.187988	0.869873	0.347900	-2.198473	1.114504	-0.625954	9.879649
-0.186279	0.881836	0.329346	-2.305344	1.091603	-0.832061	9.888316
-0.186035	0.881104	0.344482	-3.267176	1.305344	-0.442748	9.896891
-0.184814	0.876709	0.330322	-3.923664	0.664122	-0.526718	9.905426
-0.189941	0.874023	0.329102	-3.664122	1.183206	-0.435115	9.913679
-0.189453	0.885010	0.339600	-4.458015	1.007634	-0.374046	9.922157
-0.180176	0.886963	0.341553	-4.610687	0.938931	-0.290076	9.930588
-0.185547	0.878174	0.333252	-3.610687	1.015267	-0.297710	9.939121
-0.187256	0.877197	0.339600	-4.534351	1.213740	-0.351145	9.947757
-0.177246	0.882568	0.333252	-3.190840	0.938931	-0.618321	9.956157
-0.182129	0.885742	0.338867	-3.717557	1.404580	-0.465649	9.964415
-0.183105	0.882324	0.337158	-2.824427	1.038168	-0.732824	9.972709
-0.181152	0.875732	0.335693	-2.564885	1.335878	-0.404580	9.981183
-0.192139	0.863281	0.330078	-1.717557	0.862595	-0.694656	9.989463
-0.180176	0.871338	0.333496	-2.748092	0.946565	0.076336	9.998375
-0.179688	0.891113	0.343018	-2.557252	1.595420	-1.122137	10.007057
-0.179443	0.874268	0.335449	-1.877863	0.763359	-0.335878	10.015484
-0.182129	0.878174	0.324219	-1.648855	0.961832	-0.458015	10.024082
-0.183105	0.879150	0.337646	-2.328244	1.412214	-0.694656	10.032487
-0.177979	0.877441	0.331787	-2.259542	1.236641	-0.931298	10.041110
-0.181885	0.875977	0.342773	-2.984733	1.465649	-0.473282	10.049834
-0.185059	0.878662	0.332031	-3.396947	0.893130	-0.183206	10.058362
-0.178955	0.884521	0.331787	-2.656489	1.427481	-0.770992	10.066790
-0.181396	0.881348	0.336182	-3.534351	1.068702	-0.496183	10.076185
-0.178223	0.884766	0.344482	-3.450382	0.954198	-0.412214	10.085701
-0.184570	0.878662	0.334961	-3.396947	0.740458	-0.129771	10.094423
-0.179199	0.898438	0.341309	-5.564885	0.961832	-0.198473	10.102705
-0.171143	0.866943	0.330811	-4.030534	0.862595	0.053435	10.111045
-0.174561	0.892822	0.346924	-5.496183	1.015267	0.519084	10.119354
-0.183594	0.888672	0.331299	-2.877863	1.519084	-1.251908	10.127783
-0.181641	0.889160	0.332275	-4.541985	1.633588	-0.419847	10.136250
-0.181396	0.872559	0.345215	-3.007634	1.511450	-0.580153	10.144658
-0.184570	0.880615	0.350830	-4.053435	1.091603	0.183206	10.153242
-0.182373	0.875244	0.331543	-3.175573	1.297710	-0.511450	10.161780
-0.181885	0.883057	0.341064	-2.732824	1.236641	-0.732824	10.170143
-0.178467	0.880127	0.338379	-2.824427	1.267176	-0.687023	10.178059
-0.181396	0.878906	0.342529	-1.557252	1.229008	-0.977099	10.186510
-0.185059	0.849121	0.349121	0.267176	1.061069	-1.099237	10.194590
-0.178955	0.867920	0.332520	-2.282443	0.282443	0.274809	10.203531
-0.188965	0.872559	0.335205	-0.977099	1.374046	-0.633588	10.211994
-0.194580	0.869141	0.341797	-0.305344	1.274809	-0.977099	10.220417
-0.187500	0.866943	0.336426	-1.427481	0.984733	-0.587786	10.228854
-0.179932	0.881104	0.336182	-2.877863	1.129771	-0.564885	10.237283
-0.182617	0.877930	0.341797	-2.198473	1.282443	-0.664122	10.245938
-0.181396	0.883057	0.339600	-2.763359	1.282443	-0.435115	10.254486
-0.184082	0.879639	0.348877	-2.351145	1.435115	-1.030534	10.262867
-0.179688	0.883545	0.324219	-3.679389	1.099237	-0.732824	10.271353
-0.181885	0.880859	0.334717	-4.183206	1.045802	-0.129771	10.279759
-0.183105	0.886963	0.336426	-4.511450	1.221374	-0.541985	10.288282
-0.181641	0.873779	0.333496	-3.473282	0.709924	-0.541985	10.296910
-0.187988	0.869385	0.334473	-3.419847	0.786260	1.900763	10.305422
-0.184082	0.883789	0.336182	-4.503817	1.435115	-0.534351	10.313745
-0.180908	0.880859	0.332764	-4.122137	1.061069	-0.549618	10.322167
-0.185303	0.886475	0.334717	-4.809160	0.862595	0.244275	10.330575
-0.182861	0.878662	0.344238	-3.801527	1.114504	-0.404580	10.339083
-0.187500	0.874023	0.337646	-5.068702	0.862595	-1.931298	10.347537
-0.182617	0.881104	0.332031	-3.221374	1.412214	-0.480916	10.355969
-0.181641	0.874268	0.345215	-3.083969	1.450382	-0.671756	10.364514
-0.176025	0.882080	0.332031	-2.923664	1.076336	-0.442748	10.372840
-0.186768	0.873535	0.344238	-2.099237	1.351145	-0.618321	10.381110
-0.188721	0.875488	0.324463	-1.633588	1.007634	-0.969466	10.389805
-0.182129	0.882812	0.325684	-0.030534	0.847328	-0.458015	10.398349
-0.189941	0.864746	0.326904	-1.847328	0.519084	-0.236641	10.407062
-0.179688	0.876953	0.352295	-3.000000	1.687023	-0.114504	10.415071
-0.180664	0.890137	0.342285	-2.312977	0.809160	-0.412214	10.423674
-0.188232	0.882324	0.324951	-2.664122	1.221374	-0.312977	10.431921
-0.188965	0.888672	0.337158	-2.793893	1.282443	-1.007634	10.440289
-0.189697	0.883301	0.333008	-2.877863	1.160305	-0.832061	10.448674
-0.183838	0.876709	0.335205	-3.801527	0.885496	-0.503817	10.457323
-0.181885	0.871582	0.332275	-4.213740	1.381679	-0.473282	10.465846
-0.183838	0.879150	0.338623	-4.770992	0.839695	-0.267176	10.474457
-0.184570	0.872070	0.332031	-5.236641	0.496183	0.190840	10.482664
-0.186279	0.878174	0.334473	-5.549618	0.473282	0.366412	10.491550
-0.180664	0.873291	0.340332	-5.992366	0.549618	0.427481	10.500030
-0.179932	0.884766	0.335693	-6.320611	0.511450	0.022901	10.508635
-0.189697	0.869385	0.339600	-5.435115	0.877863	0.068702	10.516957
-0.177979	0.884277	0.329346	-8.053435	0.137405	0.351145	10.525580
-0.179199	0.875977	0.345703	-6.595420	0.625954	0.053435	10.533748
-0.181152	0.872314	0.345703	-2.541985	1.221374	-1.160305	10.542432
-0.180664	0.881836	0.332275	-2.122137	1.503817	-0.694656	10.551230
-0.179932	0.879150	0.344482	-3.480916	0.900763	-0.442748	10.560064
-0.176758	0.879639	0.325684	-2.335878	0.259542	-0.022901	10.568496
-0.195068	0.880371	0.322021	-1.740458	0.106870	0.328244	10.577029
-0.183838	0.883545	0.343262	0.343511	1.564885	-1.511450	10.585218
-0.185059	0.898438	0.341309	-0.816794	1.351145	-0.641221	10.593668
-0.185059	0.884521	0.339355	-2.297710	1.137405	-0.114504	10.602300
-0.189453	0.870605	0.334717	-1.984733	1.259542	-0.564885	10.610803
-0.185059	0.903320	0.325195	-2.374046	0.992366	-0.969466	10.618997
-0.185547	0.871582	0.350098	-4.603053	1.687023	-0.633588	10.627704
-0.180908	0.882080	0.345215	-3.160305	0.610687	-0.557252	10.636229
-0.187500	0.879150	0.333008	-1.977099	1.114504	-0.129771	10.644736
-0.185791	0.864502	0.343262	-4.122137	1.190840	-0.305344	10.653217
-0.184570	0.885010	0.332031	-4.167939	0.992366	-0.862595	10.661557
-0.166748	0.893555	0.339355	-3.931298	1.022901	0.656489	10.670053
-0.178955	0.888916	0.349609	-4.465649	0.587786	0.198473	10.678454
-0.173584	0.885010	0.342041	-3.587786	1.045802	0.190840	10.686696
-0.195557	0.866455	0.328613	-3.946565	0.603053	0.290076	10.695434
-0.186523	0.868408	0.349121	-3.748092	1.167939	-0.488550	10.703687
-0.186523	0.865479	0.339844	-3.229008	0.946565	-0.610687	10.712248
-0.191895	0.861572	0.334229	-5.427481	0.709924	-0.183206	10.720428
-0.181396	0.879639	0.359131	-4.396947	0.961832	-0.229008	10.728910
-0.176514	0.877197	0.334717	-4.022901	0.984733	-0.480916	10.737211
-0.185303	0.873047	0.342041	-3.458015	1.038168	-0.358779	10.745905
-0.176758	0.879395	0.340332	-2.603053	1.328244	-1.122137	10.754419
-0.186035	0.883301	0.338867	-1.328244	0.748092	-0.793893	10.762798
-0.179688	0.895264	0.342773	-2.473282	1.793893	-0.923664	10.771263
-0.183838	0.870850	0.364014	-1.793893	1.274809	-0.717557	10.779761
-0.185791	0.887207	0.333740	-1.259542	0.977099	-1.022901	10.788150
-0.181396	0.886963	0.335449	-3.213740	1.625954	-0.938931	10.796758
-0.181152	0.892334	0.340088	-3.557252	0.870229	-0.541985	10.805388
-0.177979	0.873779	0.332031	-2.748092	1.404580	-0.458015	10.813570
-0.192139	0.883545	0.344482	-3.404580	0.977099	-1.190840	10.821369
-0.182129	0.886230	0.347656	-5.312977	1.442748	-0.564885	10.829199
-0.183350	0.889648	0.339844	-6.786260	0.854962	-0.183206	10.837015
-0.184326	0.878418	0.338867	-6.190840	0.893130	-0.549618	10.846072
-0.175781	0.863770	0.362305	-7.404580	0.473282	-0.458015	10.854766
-0.182617	0.879150	0.358643	-6.496183	1.603053	-0.091603	10.862939
-0.187012	0.885010	0.352051	-9.450382	0.564885	0.587786	10.871819
-0.171387	0.874023	0.352295	-11.625954	2.160305	0.519084	10.880290
-0.175537	0.886230	0.355469	-8.328244	1.297710	0.969466	10.888718
-0.206543	0.878662	0.357666	-7.656489	2.519084	-0.152672	10.897494
-0.189209	0.918701	0.219727	-60.687023	29.290076	53.274809	10.905958
-0.127441	0.830566	0.462402	-17.099237	0.786260	7.763359	10.914520
-0.159668	0.892822	0.348389	-6.435115	2.435115	1.038168	10.922921
-0.193604	0.864258	0.340820	-2.389313	0.564885	-0.595420	10.931478
-0.169922	0.856201	0.354980	-4.167939	1.832061	0.236641	10.939721
-0.169922	0.886719	0.354248	-0.938931	0.977099	-0.893130	10.948244
-0.169922	0.867188	0.354736	-1.305344	1.923664	-1.129771	10.956851
-0.180420	0.864990	0.350830	1.374046	1.496183	-1.755725	10.965140
-0.178467	0.867920	0.339844	-2.083969	1.022901	-0.312977	10.973501
-0.165527	0.879150	0.360352	-1.824427	1.557252	-0.893130	10.982218
-0.178955	0.878418	0.351074	-2.030534	1.282443	-1.351145	10.990773
-0.176270	0.882324	0.342529	-3.000000	1.419847	-0.770992	10.999294
-0.180664	0.886230	0.356934	-4.557252	1.297710	-0.725191	11.007786
-0.172363	0.885254	0.363281	-5.412214	1.030534	-1.045802	11.016102
-0.180176	0.874023	0.359863	-5.671756	0.793893	-0.603053	11.024477
-0.184082	0.876709	0.367920	-6.465649	1.114504	-0.381679	11.032818
-0.170654	0.869141	0.369385	-8.083969	1.068702	0.503817	11.041178
-0.178467	0.874268	0.351074	-6.694656	1.221374	0.290076	11.049758
-0.173584	0.872803	0.346436	-6.328244	0.480916	0.633588	11.058243
-0.171631	0.859863	0.342529	-8.862595	1.366412	2.000000	11.066616
-0.216309	0.888184	0.301270	-14.274809	7.770992	9.732824	11.075474
-0.157227	0.862549	0.376465	-15.984733	3.389313	7.450382	11.083933
-0.186279	0.872803	0.362549	-7.671756	0.786260	0.679389	11.092337
-0.177246	0.886230	0.348633	-6.679389	0.503817	1.435115	11.100899
-0.169678	0.870361	0.355713	-5.045802	0.992366	-0.496183	11.109355
-0.183350	0.881104	0.349121	-4.412214	2.007634	-0.198473	11.117703
-0.176758	0.888672	0.347168	-5.396947	1.656489	-0.549618	11.126149
-0.176025	0.867676	0.352539	-3.702290	1.175573	-0.358779	11.134397
-0.175049	0.856445	0.353516	-3.473282	1.244275	-0.931298	11.142795
-0.173096	0.871338	0.347656	-2.816794	0.908397	-0.687023	11.151336
-0.177246	0.870361	0.359619	-1.610687	1.458015	-0.984733	11.159849
-0.169922	0.909180	0.369873	-6.900763	1.198473	1.167939	11.168154
-0.168213	0.859131	0.370850	0.404580	1.343511	-1.160305	11.176613
-0.180176	0.876465	0.342041	-1.450382	1.770992	-1.152672	11.185038
-0.175049	0.881836	0.363525	-3.809160	1.358779	-1.167939	11.193357
-0.181885	0.901611	0.371094	-6.847328	0.610687	0.320611	11.201727
-0.174316	0.892334	0.376221	-7.305344	1.160305	-0.748092	11.210233
-0.177246	0.899170	0.360596	-7.862595	0.923664	0.961832	11.218823
-0.179199	0.885254	0.368652	-11.877863	0.664122	3.900763	11.227222
-0.167725	0.964844	0.366455	-35.946565	15.015267	25.167939	11.235593
-0.128906	0.846924	0.414551	-27.183206	7.259542	19.618321	11.244079
-0.149414	0.830811	0.359375	-15.320611	3.786260	4.213740	11.252545
-0.152344	0.878174	0.364502	-18.106870	2.137405	6.816794	11.260925
-0.199219	0.842773	0.358154	-20.137405	7.244275	13.045802	11.269321
-0.155029	0.836426	0.359619	-14.297710	4.862595	8.297710	11.277795
-0.145996	0.878418	0.370850	-9.992366	1.816794	2.343511	11.286244
-0.159668	0.865234	0.385498	-10.236641	2.366412	4.732824	11.294788
-0.163330	0.863770	0.377441	-7.129771	1.778626	2.038168	11.303097
-0.158936	0.872803	0.383789	-2.297710	1.496183	-0.893130	11.311689
-0.161133	0.870605	0.380859	-1.671756	1.022901	-0.854962	11.319921
-0.152588	0.874512	0.389404	-5.450382	1.305344	0.595420	11.328481
-0.165771	0.842773	0.378418	-0.458015	1.129771	-0.290076	11.337127
-0.167725	0.844482	0.375000	3.122137	1.534351	-2.694656	11.345767
-0.163330	0.864746	0.375244	-0.122137	1.809160	-1.534351	11.354224
-0.157471	0.867188	0.383789	0.832061	1.641221	-1.641221	11.362503
-0.171143	0.874512	0.356201	1.740458	1.404580	-3.068702	11.370852
-0.175049	0.873535	0.382568	2.175573	0.236641	-5.503817	11.379206
-0.177490	0.874023	0.383545	-1.358779	1.229008	-2.458015	11.387844
-0.159912	0.874268	0.380127	-0.099237	1.618321	-1.160305	11.396355
-0.162598	0.871094	0.373779	-4.145038	0.793893	-0.526718	11.404623
-0.165283	0.860840	0.371094	-5.809160	0.839695	0.877863	11.413273
-0.165283	0.869873	0.377441	-5.824427	0.694656	1.946565	11.421614
-0.160889	0.871094	0.375977	-5.519084	1.122137	0.404580	11.430285
-0.154785	0.870117	0.390137	-8.175573	-1.931298	1.549618	11.438575
-0.168213	0.864502	0.390381	-8.442748	0.748092	1.633588	11.447130
-0.170898	0.855957	0.369629	-5.595420	0.916031	0.435115	11.455113
-0.167236	0.854736	0.369385	-5.190840	1.473282	-0.305344	11.462897
-0.170898	0.858154	0.369141	-5.183206	1.099237	0.503817	11.471652
-0.170166	0.877441	0.356934	-10.312977	4.000000	6.961832	11.480160
-0.155762	0.848145	0.390137	-4.916031	1.259542	0.404580	11.488644
-0.165039	0.877441	0.378906	-1.290076	1.290076	-0.954198	11.497335
-0.164795	0.850830	0.362305	1.122137	0.610687	-0.297710	11.505695
-0.167480	0.867188	0.366943	0.854962	1.809160	-3.145038	11.514152
-0.158447	0.870605	0.374756	-1.000000	1.618321	-1.496183	11.522430
-0.170166	0.879883	0.381836	-1.389313	1.961832	-1.259542	11.530793
-0.167236	0.865234	0.369629	-2.557252	1.167939	-0.045802	11.539234
-0.156494	0.865967	0.382324	-3.824427	0.977099	-0.290076	11.547952
-0.173828	0.859619	0.380371	-0.885496	1.221374	-1.427481	11.556427
-0.158691	0.871338	0.374268	-4.274809	1.320611	-0.236641	11.564957
-0.160889	0.871094	0.381836	-5.045802	0.312977	0.335878	11.573467
-0.173096	0.875732	0.384766	-7.633588	0.748092	0.687023	11.581969
-0.156738	0.898682	0.404541	-20.664122	-0.396947	7.091603	11.590534
-0.197266	0.954102	0.373291	-41.564885	17.366412	28.580153	11.599181
-0.163818	0.853516	0.413818	-61.335878	24.885496	41.083969	11.607719
-0.094238	0.850586	0.381836	-44.526718	22.786260	23.053435	11.616180
-0.144775	0.863770	0.439453	-32.854962	8.129771	15.557252	11.624586
-0.187012	0.876465	0.395264	-30.320611	17.450382	15.633588	11.633011
-0.163574	0.841309	0.375488	-33.251908	17.885496	19.267176	11.641303
-0.136475	0.818115	0.390869	-39.984733	16.183206	24.824427	11.649093
-0.154053	0.812012	0.419189	-23.755725	10.931298	6.160305	11.657043
-0.131592	0.851318	0.406982	-27.076336	13.221374	14.931298	11.666073
-0.140625	0.838379	0.404785	-16.709924	9.152672	6.458015	11.674654
-0.132812	0.806885	0.394775	-5.198473	7.343511	-1.816794	11.682921
-0.146240	0.837891	0.400635	-2.916031	1.045802	-2.358779	11.691452
-0.144531	0.852783	0.407959	0.290076	1.908397	-2.671756	11.699909
-0.142822	0.855713	0.404785	4.190840	1.580153	-6.801527	11.708472
-0.136230	0.835205	0.414307	6.213740	0.625954	-5.061069	11.717008
-0.163574	0.864014	0.416016	-4.091603	-0.045802	4.603053	11.725313
-0.151611	0.874268	0.424805	-18.694656	2.259542	7.740458	11.733699
-0.140625	0.892822	0.404297	-52.648855	3.061069	32.290076	11.742053
-0.250977	0.888672	0.435059	-70.778626	7.755725	48.412214	11.750348
-0.145508	0.870850	0.419922	-49.465649	22.526718	28.847328	11.758555
