-0.253418	0.083984	1.053955	1.671756	-0.748092	-0.236641	0.002712
-0.261475	0.101318	1.044434	0.053435	0.061069	0.435115	0.011432
-0.246826	0.100098	1.043701	-0.335878	0.755725	1.725191	0.019646
-0.262695	0.063965	1.058594	-0.732824	0.793893	1.290076	0.027978
-0.257568	0.073975	1.062500	-1.106870	0.450382	1.137405	0.036108
-0.259033	0.075684	1.062744	-0.610687	-0.290076	1.229008	0.044236
-0.261475	0.065918	1.055176	-1.916031	-1.083969	1.465649	0.052363
-0.260010	0.053223	1.059082	-0.152672	-0.297710	1.068702	0.060483
-0.248779	0.053711	1.051758	1.664122	0.351145	0.801527	0.068784
-0.249023	0.077637	1.049072	3.748092	0.404580	0.419847	0.077090
-0.245850	0.062744	1.055908	3.320611	0.015267	0.053435	0.085152
-0.252441	0.079590	1.057861	2.984733	0.198473	-0.312977	0.093315
-0.242676	0.087646	1.062500	1.358779	-0.267176	-0.389313	0.101430
-0.251221	0.092773	1.040771	0.305344	-0.900763	-0.290076	0.109587
-0.243896	0.096924	1.042236	-2.267176	-0.679389	0.083969	0.117690
-0.246582	0.094727	1.045654	-2.083969	-0.244275	0.992366	0.125782
-0.248047	0.059326	1.048828	-2.412214	0.244275	1.000000	0.133832
-0.255371	0.061035	1.050049	-1.007634	0.755725	1.801527	0.142073
-0.248535	0.051025	1.064941	-0.312977	0.595420	0.923664	0.150230
-0.255371	0.049072	1.063477	0.160305	0.122137	0.702290	0.158376
-0.257812	0.060791	1.064453	0.236641	-0.335878	0.137405	0.166499
-0.250488	0.071289	1.066162	0.282443	-0.709924	-0.015267	0.174765
-0.243896	0.074707	1.050781	-0.167939	-1.282443	-0.351145	0.182939
-0.238525	0.065674	1.024658	0.488550	-1.038168	-0.244275	0.191057
-0.247314	0.075684	1.034180	0.625954	-0.473282	-0.297710	0.199175
-0.249268	0.092041	1.050781	1.557252	-0.717557	-0.534351	0.207291
-0.256592	0.095703	1.067627	1.213740	-1.473282	-0.213740	0.215349
-0.257080	0.105225	1.047363	0.702290	-1.977099	0.557252	0.225481
-0.239502	0.092041	1.021973	-0.725191	-0.618321	1.022901	0.235485
-0.247803	0.078857	1.037109	-1.564885	-0.145038	0.977099	0.244988
-0.251953	0.072998	1.048096	-1.251908	-0.106870	0.625954	0.254333
-0.254639	0.079590	1.053467	-0.687023	-0.526718	1.534351	0.263561
-0.249268	0.069092	1.054443	-0.183206	-0.076336	1.343511	0.273375
-0.256348	0.062744	1.043945	0.465649	-0.099237	1.015267	0.282715
-0.249512	0.075684	1.042725	0.328244	-0.587786	0.656489	0.292178
-0.249023	0.073486	1.053955	-0.290076	-0.167939	0.519084	0.301485
-0.239990	0.071777	1.049316	-0.885496	-0.519084	0.343511	0.311065
-0.249512	0.091553	1.059570	-1.381679	-0.564885	1.022901	0.320764
-0.263916	0.076416	1.061279	-1.076336	-0.748092	1.496183	0.330122
-0.263184	0.059814	1.075439	0.091603	-1.496183	1.389313	0.338929
-0.258057	0.059814	1.062012	1.671756	-1.702290	1.053435	0.348405
-0.253174	0.077393	1.043945	2.618321	-1.190840	1.267176	0.358043
-0.250732	0.080078	1.033936	1.343511	-1.122137	1.213740	0.367543
-0.238037	0.066406	1.021240	0.190840	-0.786260	0.770992	0.377022
-0.235352	0.062256	1.032715	-1.122137	-0.396947	0.007634	0.386283
-0.246582	0.084229	1.024902	-2.442748	0.480916	0.267176	0.395772
-0.259277	0.071289	1.055176	-3.022901	0.618321	0.030534	0.405458
-0.257080	0.082764	1.065674	-2.099237	-0.091603	0.557252	0.414525
-0.249268	0.084229	1.055908	-0.961832	-0.488550	1.343511	0.424251
-0.258057	0.067871	1.041260	0.099237	-0.083969	2.000000	0.433284
-0.258789	0.056396	1.054932	1.106870	0.244275	1.931298	0.442087
-0.258057	0.059570	1.065918	1.992366	-0.427481	1.267176	0.451612
-0.245117	0.058105	1.051025	0.778626	-0.603053	0.847328	0.461369
-0.251953	0.046875	1.048828	-0.129771	-0.641221	-0.190840	0.470785
-0.248779	0.066650	1.048584	-0.381679	-1.664122	-0.938931	0.480146
-0.248779	0.100342	1.025635	-1.236641	-1.229008	0.045802	0.489656
-0.253662	0.093994	1.009033	-2.335878	-0.198473	1.251908	0.499120
-0.253418	0.067627	1.054688	-1.374046	0.351145	1.679389	0.508689
-0.256348	0.063965	1.070557	-0.274809	-0.572519	1.198473	0.517886
-0.249268	0.071777	1.060547	-0.458015	-1.244275	1.068702	0.527617
-0.250977	0.065918	1.056885	-1.167939	-1.213740	0.893130	0.536933
-0.246338	0.067383	1.048340	-0.793893	-0.702290	0.839695	0.546831
-0.253662	0.066162	1.045654	-0.396947	-1.114504	0.770992	0.556680
-0.238281	0.056396	1.010010	-0.106870	-0.832061	0.694656	0.566703
-0.237793	0.077881	1.027100	0.816794	0.748092	0.534351	0.576292
-0.240723	0.089600	1.038086	0.137405	1.511450	0.450382	0.586126
-0.250488	0.052490	1.063477	-0.251908	1.076336	1.916031	0.595299
-0.251953	0.043945	1.051270	0.396947	0.045802	-0.839695	0.605117
-0.255127	0.063232	1.056641	0.664122	0.030534	-0.954198	0.614543
-0.257324	0.073486	1.048340	1.396947	0.175573	-0.786260	0.624088
-0.258301	0.081787	1.055420	1.824427	0.190840	-0.396947	0.633226
-0.263916	0.091309	1.060059	2.297710	-0.167939	-0.068702	0.642712
-0.262451	0.104248	1.056396	1.503817	-2.045802	0.709924	0.652299
-0.252686	0.110840	1.049561	-0.610687	-2.374046	1.427481	0.661626
-0.240723	0.099121	1.019043	-1.862595	-1.992366	2.450382	0.671018
-0.242676	0.072021	1.028564	-3.328244	-0.320611	2.419847	0.680532
-0.254150	0.053223	1.051025	-2.580153	0.541985	1.526718	0.690040
-0.250732	0.041748	1.064209	-2.290076	-0.076336	1.015267	0.699379
-0.246582	0.049316	1.049316	-0.702290	-0.030534	1.015267	0.708417
-0.252441	0.042480	1.049561	-0.221374	0.389313	0.435115	0.717386
-0.255371	0.041748	1.066406	1.206107	-0.160305	0.694656	0.726179
-0.249268	0.063232	1.055176	1.770992	-0.633588	0.412214	0.734811
-0.259033	0.062256	1.057129	1.167939	-1.465649	0.244275	0.744117
-0.252930	0.065918	1.052979	0.404580	-2.351145	-0.358779	0.754394
-0.256836	0.079834	1.049072	0.732824	-2.381679	-0.572519	0.766121
-0.245117	0.068848	1.024414	0.526718	-1.893130	-0.152672	0.777919
-0.243408	0.064209	1.010010	2.282443	-0.412214	-0.236641	0.789805
-0.234619	0.075928	1.013672	2.931298	0.213740	-0.442748	0.802382
-0.246582	0.086182	1.022217	1.816794	1.106870	-1.083969	0.814032
-0.248779	0.103760	1.049072	-0.801527	1.702290	0.412214	0.830838
-0.264404	0.068848	1.064941	-1.664122	1.900763	0.511450	0.842519
-0.263184	0.067871	1.078857	-0.763359	0.519084	1.244275	0.854550
-0.267334	0.055664	1.084717	0.335878	-0.366412	1.343511	0.866665
-0.265869	0.046387	1.059570	0.916031	-1.213740	0.740458	0.878237
-0.261719	0.065674	1.062012	0.946565	-2.335878	0.000000	0.890096
-0.254395	0.071777	1.037598	-0.198473	-2.473282	-0.969466	0.902343
-0.253906	0.099365	1.038574	0.419847	-1.267176	-0.198473	0.914096
-0.251221	0.097900	1.046143	0.900763	-0.946565	0.946565	0.925949
-0.256592	0.084717	1.059082	0.969466	-0.473282	1.580153	0.937787
-0.253662	0.092041	1.034668	0.793893	-0.251908	1.908397	0.949614
-0.245605	0.074951	1.060059	-1.381679	-0.694656	1.992366	0.961482
-0.251465	0.059326	1.036621	-2.580153	-0.519084	1.152672	0.973022
-0.259521	0.065674	1.065186	-2.618321	-0.549618	0.946565	0.983930
-0.261475	0.052490	1.062500	-1.030534	-1.015267	1.053435	0.996185
-0.253174	0.069580	1.057129	2.015267	-1.511450	1.015267	1.007939
-0.247314	0.087402	1.054688	-0.114504	-1.633588	1.648855	1.020116
-0.252197	0.057129	1.052246	-1.961832	-1.778626	0.793893	1.031847
-0.242920	0.070801	1.050293	-1.938931	-2.068702	0.587786	1.043346
-0.250000	0.075195	1.022705	-2.022901	-1.404580	0.679389	1.055178
-0.238770	0.076660	1.039307	-1.603053	-0.374046	1.358779	1.067641
-0.251953	0.069580	1.040283	-0.381679	-0.916031	1.977099	1.079455
-0.245117	0.082764	1.041260	0.488550	-1.167939	1.511450	1.091590
-0.242676	0.082764	1.033447	-0.290076	-0.931298	1.664122	1.103219
-0.247559	0.075195	1.036377	-0.648855	-0.175573	1.587786	1.115061
-0.255859	0.077881	1.038818	-0.137405	0.122137	1.564885	1.127296
-0.255127	0.064941	1.052002	-1.206107	-1.763359	0.625954	1.139194
-0.240723	0.072266	1.041748	-1.091603	-2.244275	0.709924	1.150918
-0.238281	0.062012	1.026367	-1.770992	-0.916031	0.694656	1.162845
-0.248779	0.037842	1.061279	-0.274809	-0.740458	0.351145	1.175021
-0.247803	0.056152	1.047119	1.992366	-0.984733	0.343511	1.186734
-0.250732	0.060059	1.030029	2.106870	-0.541985	0.755725	1.198863
-0.236572	0.060547	1.027832	2.496183	0.007634	0.603053	1.210559
-0.248291	0.087891	1.025391	1.862595	0.381679	0.427481	1.223007
-0.237061	0.079590	1.017334	0.137405	0.748092	1.320611	1.234963
-0.255127	0.061035	1.026855	0.198473	1.244275	0.725191	1.246705
-0.246582	0.075928	1.045654	1.038168	0.977099	0.473282	1.258660
-0.255127	0.076904	1.052734	0.694656	-0.129771	0.412214	1.271658
-0.245361	0.084229	1.027100	0.267176	-0.068702	1.587786	1.283880
-0.250000	0.061279	1.046875	-0.587786	1.076336	1.282443	1.295809
-0.248291	0.046875	1.053711	0.366412	1.198473	0.977099	1.307624
-0.236816	0.065918	1.048096	0.984733	0.839695	0.236641	1.319612
-0.257568	0.072510	1.069092	1.030534	0.442748	0.366412	1.331368
-0.245850	0.074951	1.044189	0.076336	0.770992	0.511450	1.343518
-0.252197	0.072266	1.059814	-0.190840	-0.015267	0.519084	1.355293
-0.261475	0.058594	1.063965	-0.061069	-0.343511	0.488550	1.367446
-0.249756	0.063477	1.053223	1.137405	-0.259542	0.206107	1.379042
-0.250488	0.082764	1.049072	1.541985	0.458015	0.656489	1.390810
-0.247314	0.085205	1.055176	0.625954	0.580153	0.435115	1.402635
-0.253662	0.095947	1.054199	-1.175573	-0.038168	1.198473	1.414097
-0.258057	0.074219	1.058594	-2.396947	0.396947	0.854962	1.426313
-0.259766	0.064453	1.064453	-1.885496	-0.961832	0.763359	1.438238
-0.252686	0.059570	1.048096	-0.053435	-1.015267	1.122137	1.449874
-0.239746	0.070312	1.038574	1.213740	-0.167939	1.290076	1.461839
-0.248779	0.069580	1.047852	-0.114504	0.251908	1.343511	1.473666
-0.254883	0.081055	1.050781	-2.587786	-0.236641	1.580153	1.485710
-0.265625	0.059570	1.053711	-2.885496	-0.114504	1.473282	1.497293
-0.261475	0.072998	1.052734	-1.030534	-0.427481	0.809160	1.509226
-0.247803	0.092529	1.043213	-0.809160	-0.656489	1.587786	1.521143
-0.251953	0.084473	1.035400	-1.175573	-0.511450	1.854962	1.533538
-0.247559	0.067383	1.030273	-1.190840	0.427481	1.969466	1.545209
-0.258789	0.056885	1.044678	-0.877863	1.007634	1.564885	1.556328
-0.260010	0.045654	1.062012	0.793893	0.687023	0.709924	1.568644
-0.262451	0.055664	1.059082	1.877863	-0.206107	0.480916	1.580457
-0.260254	0.083496	1.048096	-0.297710	-1.832061	0.931298	1.592318
-0.252197	0.088135	1.042480	-2.496183	-2.893130	2.320611	1.604169
-0.248047	0.078613	1.030029	-4.572519	-3.114504	2.839695	1.615658
-0.241943	0.044434	1.026123	-3.022901	-1.366412	2.160305	1.627593
-0.251465	0.040771	1.028320	-1.488550	-0.618321	0.633588	1.639449
-0.253174	0.060059	1.045166	0.984733	-0.328244	0.534351	1.651127
-0.253174	0.050781	1.032715	2.778626	-0.099237	0.763359	1.662746
-0.250977	0.076660	1.021240	3.083969	-0.053435	1.068702	1.673883
-0.250732	0.078125	1.040283	0.854962	0.419847	0.816794	1.686176
-0.243408	0.077637	1.027344	-0.061069	0.282443	-0.213740	1.697826
-0.238037	0.117432	1.007812	-0.549618	1.335878	0.396947	1.709573
-0.247314	0.083740	1.035156	-1.374046	1.877863	1.343511	1.721637
-0.246826	0.064209	1.052246	0.320611	1.396947	0.793893	1.733511
-0.248291	0.067139	1.068115	0.625954	1.221374	1.564885	1.745153
-0.256836	0.026367	1.088135	0.977099	0.519084	0.763359	1.757381
-0.262207	0.065674	1.058594	1.099237	-0.381679	0.503817	1.769752
-0.254395	0.080078	1.028809	-0.312977	0.564885	1.374046	1.781574
-0.253418	0.081543	1.038330	-0.786260	1.297710	1.496183	1.793092
-0.260742	0.104980	1.030762	-0.625954	1.374046	1.832061	1.805002
-0.249512	0.118164	1.037842	-1.351145	1.656489	3.671756	1.817471
-0.260986	0.088623	1.033936	-3.015267	1.656489	4.908397	1.829180
-0.264648	0.034180	1.064453	-1.610687	1.679389	3.297710	1.840947
-0.267334	0.042969	1.068604	0.641221	0.603053	1.572519	1.852648
-0.260986	0.059082	1.081787	0.267176	-1.183206	1.190840	1.864032
-0.255859	0.045898	1.067627	0.160305	-1.847328	0.251908	1.876332
-0.250488	0.075684	1.044678	0.183206	-1.809160	-0.679389	1.888333
-0.247314	0.096436	1.023682	-1.030534	-0.351145	0.801527	1.899969
-0.250977	0.074951	1.048096	-1.595420	0.290076	1.587786	1.911778
-0.258057	0.049316	1.064209	0.145038	-0.236641	1.351145	1.923964
-0.259521	0.072998	1.046387	0.633588	-0.320611	1.526718	1.936013
-0.260742	0.042725	1.055664	-0.725191	-0.587786	1.122137	1.947962
-0.272217	0.032715	1.067627	-0.160305	-1.351145	-0.511450	1.959850
-0.266602	0.077393	1.046875	1.007634	-2.007634	-0.335878	1.972154
-0.253906	0.095703	1.032959	0.465649	-1.801527	0.351145	1.984195
-0.248535	0.078369	1.029297	0.702290	-1.068702	0.664122	1.996090
-0.246582	0.087158	1.016357	0.839695	-0.343511	0.748092	2.007553
-0.256836	0.098877	1.033936	-1.358779	0.389313	1.366412	2.020684
-0.264160	0.050049	1.062256	-2.595420	-0.137405	2.282443	2.032835
-0.266357	0.035889	1.058838	-1.748092	-0.954198	1.106870	2.044721
-0.257324	0.037598	1.061768	-1.824427	-1.824427	0.030534	2.056585
-0.241211	0.041260	1.053223	-0.167939	-1.732824	-0.847328	2.068118
-0.242920	0.059326	1.025635	1.816794	-1.106870	-1.053435	2.080341
-0.253662	0.088135	1.028809	2.526718	-0.549618	-0.427481	2.092031
-0.252930	0.080322	1.032959	2.076336	-0.870229	0.618321	2.103825
-0.248779	0.070801	1.018066	0.625954	-0.801527	0.083969	2.116198
-0.251953	0.073242	1.027344	-0.732824	-0.267176	-0.320611	2.127889
-0.250977	0.077393	1.035400	-0.633588	0.244275	-0.641221	2.139978
-0.252197	0.073975	1.050781	0.030534	1.038168	0.022901	2.151662
-0.269531	0.065918	1.093750	0.511450	-0.786260	0.297710	2.163266
-0.254150	0.093506	1.058105	0.282443	-1.664122	1.061069	2.175477
-0.263916	0.059082	1.030273	-0.908397	-0.755725	1.236641	2.187395
-0.256836	0.064941	1.060791	0.648855	-0.946565	0.312977	2.199173
-0.240723	0.084473	1.045410	-0.366412	-0.717557	0.412214	2.210919
-0.239746	0.060059	1.040771	-0.297710	-0.122137	0.274809	2.223033
-0.245605	0.066895	1.039795	-0.053435	0.778626	0.106870	2.234850
-0.256592	0.061523	1.057617	0.160305	1.114504	-0.358779	2.246541
-0.277832	0.053955	1.087891	1.709924	-0.305344	-0.312977	2.257893
-0.259766	0.062744	1.059570	2.206107	-1.076336	-0.389313	2.269153
-0.258789	0.064209	1.051270	1.496183	-1.236641	-1.007634	2.280072
-0.253906	0.092773	1.041260	-0.717557	-2.282443	-1.061069	2.291002
-0.255371	0.094971	1.037354	-1.916031	-1.557252	0.343511	2.302855
-0.244629	0.082031	1.025635	-2.267176	-0.603053	1.809160	2.314701
-0.251221	0.076172	1.057373	-0.923664	-0.717557	2.541985	2.326956
-0.250244	0.068604	1.035156	0.076336	-0.786260	2.320611	2.338555
-0.243652	0.065674	1.027100	-0.480916	-0.145038	1.251908	2.350258
-0.254395	0.064941	1.049805	-1.595420	-0.198473	1.061069	2.361911
-0.260742	0.057861	1.051025	-2.732824	-0.183206	0.839695	2.373178
-0.260498	0.054199	1.052246	-1.251908	-0.549618	0.458015	2.385586
-0.254150	0.066406	1.039062	0.114504	0.137405	0.694656	2.397522
-0.261475	0.066895	1.048584	1.534351	0.251908	0.954198	2.409439
-0.263916	0.079590	1.062256	1.305344	-0.404580	1.435115	2.421496
-0.267090	0.073486	1.059082	-0.641221	-0.931298	1.534351	2.433318
-0.263184	0.059326	1.058105	-2.297710	-1.152672	0.770992	2.445136
-0.252197	0.057373	1.040771	-1.816794	-1.206107	0.000000	2.457547
-0.244385	0.048096	1.044678	-0.786260	-0.839695	-0.221374	2.469987
-0.246094	0.056396	1.040527	1.175573	-0.534351	-0.091603	2.481820
-0.253418	0.065186	1.042236	3.106870	-0.305344	0.206107	2.493514
-0.255615	0.066406	1.046875	3.106870	-0.709924	-0.389313	2.505591
-0.255127	0.089600	1.035889	1.419847	-1.496183	-0.259542	2.517193
-0.237305	0.146973	1.021240	-1.175573	-1.916031	2.076336	2.529373
-0.256836	-0.003662	1.041504	-6.854962	0.755725	0.664122	2.541006
-0.269287	0.073730	1.086914	0.694656	-0.045802	0.450382	2.552864
-0.273193	0.070068	1.062744	0.396947	-2.343511	2.312977	2.564690
-0.249268	0.020508	1.029541	0.885496	-2.137405	0.702290	2.576643
-0.240723	0.078125	0.998779	6.549618	-1.374046	-1.083969	2.588619
-0.243896	0.131836	1.051270	-0.396947	-0.274809	-0.160305	2.600455
-0.236572	0.088135	0.988525	-2.916031	0.465649	1.549618	2.612108
-0.250488	0.064453	1.026855	-2.167939	3.259542	1.740458	2.623729
-0.264893	0.107910	1.108643	-4.244275	1.580153	3.061069	2.635766
-0.264404	0.093262	1.069824	-4.961832	-0.473282	6.160305	2.647448
-0.248779	0.169922	1.059082	-13.015267	-1.702290	15.786260	2.659755
-0.248291	-0.059326	1.021240	-13.366412	-0.450382	14.839695	2.672197
-0.255615	-0.080811	1.050049	-5.061069	1.290076	4.816794	2.683804
-0.268555	0.062256	1.081543	0.236641	0.259542	0.358779	2.696171
-0.260986	0.084961	1.063477	0.572519	-1.450382	1.793893	2.707890
-0.248779	0.062744	1.022461	2.679389	-0.427481	1.801527	2.719842
-0.255615	0.079834	1.040527	3.496183	-0.442748	1.381679	2.732172
-0.253662	0.078369	1.057129	0.809160	-0.786260	0.549618	2.743757
-0.239258	0.094482	1.001953	-1.549618	-0.778626	1.824427	2.756470
-0.252441	0.062988	1.039062	-3.519084	1.732824	1.984733	2.769131
-0.255127	0.061768	1.079834	-3.045802	0.412214	1.114504	2.781276
-0.254395	0.072021	1.050781	-0.297710	-0.580153	1.442748	2.793267
-0.244873	0.104980	1.044678	-2.809160	0.603053	4.267176	2.807794
-0.255371	0.145508	1.061523	-3.221374	-1.938931	10.473282	2.820433
-0.277588	0.005615	1.073730	-7.213740	-1.473282	9.480916	2.832810
-0.268555	-0.042725	1.053955	-2.106870	-1.770992	4.229008	2.844057
-0.253906	0.042236	1.042480	1.862595	-0.916031	0.389313	2.856292
-0.247803	0.067383	1.038818	-0.404580	-0.977099	0.099237	2.868452
-0.250977	0.036377	1.042236	-0.282443	-1.251908	-0.442748	2.880090
-0.246826	0.031982	1.052734	3.022901	-1.801527	-1.412214	2.892014
-0.251465	0.049805	1.043701	5.587786	-2.099237	-2.198473	2.902938
-0.240967	0.071289	1.022217	4.679389	-1.656489	-1.557252	2.913881
-0.243652	0.061035	1.025879	2.366412	-0.603053	-1.358779	2.926149
-0.251465	0.054443	1.055664	1.717557	-0.923664	-2.221374	2.938093
-0.249023	0.048096	1.061035	1.358779	-1.549618	-3.015267	2.949849
-0.251709	0.059082	1.056152	2.198473	-1.648855	-3.740458	2.961699
-0.250488	0.142822	1.028076	-1.694656	-0.572519	1.106870	2.973729
-0.251221	0.035156	1.058838	-4.167939	-0.206107	2.305344	2.985297
-0.255127	0.010254	1.065918	1.137405	-1.328244	-0.511450	2.997608
-0.241699	0.078125	1.035400	2.549618	-0.984733	-0.694656	3.009404
-0.253906	0.056641	1.049805	0.908397	-1.526718	-0.847328	3.020769
-0.254883	0.055176	1.039795	1.961832	-1.625954	-1.877863	3.030990
-0.256104	0.090088	1.020752	2.167939	-0.435115	-1.778626	3.041490
-0.259521	0.101318	1.053223	0.877863	-0.244275	-0.809160	3.051821
-0.257080	0.084961	1.057617	0.847328	-0.320611	0.022901	3.062090
-0.250488	0.119629	1.031738	-0.633588	-0.122137	2.236641	3.072674
-0.244873	0.080566	1.045654	-2.648855	0.465649	3.793893	3.082288
-0.247559	0.024170	1.056885	-2.137405	0.030534	2.656489	3.092755
-0.252197	0.029053	1.057129	0.045802	-0.229008	0.496183	3.103305
-0.246826	0.082275	1.044434	-0.564885	-0.229008	0.488550	3.113521
-0.242432	0.111328	1.042725	-3.160305	-1.076336	2.305344	3.123860
-0.241699	0.119873	1.023193	-7.259542	0.419847	6.122137	3.134141
-0.241943	0.101807	1.030273	-7.129771	1.610687	9.465649	3.144427
-0.248779	0.108154	1.060791	-8.977099	2.290076	11.931298	3.154396
-0.255371	-0.018555	1.065186	-8.610687	0.893130	9.709924	3.164941
-0.260986	-0.031250	1.057129	-4.053435	0.320611	4.145038	3.174518
-0.258301	0.050049	1.086182	0.465649	-0.503817	1.412214	3.185311
-0.254883	0.066895	1.076904	-0.122137	-1.610687	0.946565	3.195321
-0.246582	0.047119	1.052246	0.068702	-1.633588	0.641221	3.205832
-0.258057	0.036865	1.031494	0.702290	-1.175573	-1.091603	3.216455
-0.242188	0.040527	1.037109	4.213740	-0.541985	-2.038168	3.226722
-0.241943	0.044189	1.046387	5.213740	-0.251908	-3.221374	3.236904
-0.242432	0.058350	1.056885	7.053435	-1.541985	-3.961832	3.247024
-0.257080	0.005371	1.062256	5.312977	-2.610687	-7.748092	3.257225
-0.252930	0.043213	1.063965	8.267176	-2.854962	-8.923664	3.267803
-0.248535	0.070557	1.040283	7.267176	-2.328244	-8.809160	3.278103
-0.252441	0.142090	1.009521	4.503817	-1.969466	-5.381679	3.288507
-0.247803	0.200195	1.029053	-2.099237	0.534351	1.412214	3.298118
-0.260254	0.052002	1.078369	-6.274809	0.290076	4.343511	3.308912
-0.260010	-0.001709	1.063232	-1.564885	-0.755725	2.213740	3.319452
-0.237549	0.071289	1.021240	1.564885	-0.328244	1.068702	3.329935
-0.241943	0.068359	1.040039	0.641221	0.625954	1.129771	3.339934
-0.249512	0.035889	1.042969	2.259542	-0.198473	-0.152672	3.350524
-0.250977	0.065186	1.065674	1.977099	-0.893130	-1.496183	3.360839
-0.260498	0.074707	1.047119	0.595420	-1.007634	-1.274809	3.371523
-0.255127	0.039062	1.064941	0.267176	-1.076336	-1.702290	3.382144
-0.252930	0.033447	1.065430	2.671756	-1.358779	-2.106870	3.392434
-0.247070	0.057129	1.045410	3.549618	-1.145038	-1.984733	3.402413
-0.254883	0.037354	1.033447	3.297710	-0.038168	-2.229008	3.412850
-0.259277	0.056152	1.056641	3.992366	-0.473282	-2.435115	3.422688
-0.253174	0.074707	1.060059	3.366412	-1.549618	-2.175573	3.432572
-0.254883	0.072754	1.039062	1.702290	-2.106870	-1.396947	3.442903
-0.246582	0.066895	1.032227	0.145038	-1.641221	-1.213740	3.454225
-0.241943	0.073242	1.017578	-0.030534	-1.091603	-0.435115	3.464930
-0.243408	0.053711	1.020508	-0.328244	-0.137405	-0.671756	3.475164
-0.250488	0.051758	1.032959	1.244275	0.038168	-0.870229	3.485684
-0.245117	0.061523	1.032715	1.641221	0.007634	-0.984733	3.495973
-0.247070	0.089355	1.012695	-0.038168	0.725191	0.580153	3.506257
-0.254639	0.070557	1.044678	-1.480916	1.038168	1.053435	3.516780
-0.251465	0.061523	1.051758	-0.274809	0.664122	0.977099	3.527205
-0.247803	0.079102	1.031494	-0.045802	0.274809	0.648855	3.537043
-0.244873	0.082031	1.020508	-0.938931	1.366412	0.343511	3.546457
-0.249512	0.087646	1.077637	-1.862595	0.992366	0.541985	3.556119
-0.249512	0.160156	1.032715	-7.221374	0.496183	5.312977	3.567975
-0.256348	0.115723	1.044189	-11.625954	1.412214	10.557252	3.578630
-0.269043	0.076416	1.076660	-9.038168	2.389313	15.061069	3.588827
-0.268799	-0.055908	1.068359	-9.335878	0.732824	10.519084	3.598669
-0.264160	-0.069824	1.059082	-1.206107	0.503817	3.030534	3.609098
-0.253174	0.063477	1.057861	3.656489	0.694656	-0.496183	3.619846
-0.258545	0.091797	1.060791	1.404580	-0.183206	0.244275	3.630178
-0.254639	0.041748	1.049561	1.213740	-0.297710	-0.374046	3.640196
-0.246338	0.050537	1.020752	2.702290	0.274809	-2.030534	3.650981
-0.252930	0.057373	1.031250	3.045802	0.114504	-3.305344	3.661171
-0.243652	0.083252	1.021240	2.587786	0.961832	-2.824427	3.671455
-0.250732	0.062256	1.046631	3.175573	1.389313	-2.007634	3.681766
-0.262207	0.053467	1.072998	4.045802	0.977099	-2.183206	3.691976
-0.258301	0.084961	1.060303	3.717557	0.526718	-1.129771	3.702259
-0.257080	0.092529	1.061523	1.740458	0.465649	0.465649	3.712508
-0.261475	0.056885	1.071777	0.404580	-0.221374	0.297710	3.723076
-0.257812	0.044434	1.076660	0.610687	-1.251908	-0.931298	3.733114
-0.264404	0.068359	1.043945	0.343511	-1.190840	-1.511450	3.743320
-0.245850	0.052734	1.039795	0.732824	-1.488550	-1.396947	3.753906
-0.245605	0.037354	1.041016	2.534351	-1.160305	-2.213740	3.763948
-0.248779	0.040039	1.038330	4.503817	-1.404580	-3.488550	3.774535
-0.248291	0.047119	1.033203	6.167939	-0.923664	-4.236641	3.784695
-0.254150	0.040039	1.044189	6.664122	-0.137405	-5.679389	3.794923
-0.257324	0.016357	1.052734	7.793893	0.145038	-8.755725	3.806283
-0.260498	0.030029	1.059570	9.725191	-0.610687	-11.633588	3.816767
-0.259033	0.115723	1.053223	8.847328	-0.007634	-10.656489	3.827188
-0.245117	0.199707	1.033203	4.320611	-1.709924	-4.557252	3.837427
-0.245850	0.143799	1.038330	-0.877863	-1.274809	1.229008	3.847221
-0.250000	0.018555	1.047363	-0.091603	-1.244275	1.564885	3.857827
-0.248535	0.069824	1.027832	3.206107	-0.480916	0.748092	3.868389
-0.246338	0.094482	1.021484	0.740458	1.076336	2.000000	3.878793
-0.248535	0.074219	1.042480	-1.534351	0.900763	3.351145	3.888906
-0.247803	0.091309	1.035889	-3.633588	1.870229	4.221374	3.899311
-0.251465	0.066895	1.058105	-5.496183	1.229008	4.778626	3.909395
-0.259033	0.030762	1.062988	-5.167939	0.328244	3.412214	3.919851
-0.257324	0.025879	1.056885	-2.190840	-0.221374	1.496183	3.930388
-0.251221	0.073730	1.040283	-0.679389	-0.160305	1.213740	3.940724
-0.258301	0.080811	1.039307	0.320611	0.351145	2.083969	3.951019
-0.265137	0.054688	1.050781	1.106870	0.412214	1.648855	3.961299
-0.262451	0.059082	1.048096	2.137405	-0.145038	0.312977	3.971879
-0.251709	0.060303	1.060547	1.709924	-1.229008	-0.793893	3.982391
-0.250000	0.064941	1.050781	1.641221	-1.274809	-1.564885	3.992849
-0.252197	0.090820	1.053223	-0.022901	-2.328244	-0.931298	4.003226
-0.244873	0.082520	1.045898	-1.038168	-2.152672	0.351145	4.013295
-0.248535	0.055176	1.027344	-0.038168	-1.167939	0.694656	4.024024
-0.254883	0.071045	1.038086	0.763359	-0.183206	1.251908	4.034348
-0.253174	0.071533	1.032959	0.114504	0.442748	1.435115	4.044586
-0.268066	0.041992	1.048828	0.610687	0.580153	1.236641	4.054823
-0.253662	0.031738	1.062012	0.877863	0.145038	-0.480916	4.065029
-0.255371	0.075684	1.053711	1.877863	-0.122137	-0.595420	4.075742
-0.262451	0.070801	1.047119	-0.061069	-0.931298	-0.541985	4.086529
-0.255371	0.059570	1.033447	0.816794	-0.244275	-0.969466	4.096988
-0.250732	0.072998	1.041504	1.854962	0.511450	-1.335878	4.107527
-0.257568	0.126953	1.057129	0.335878	-0.213740	0.839695	4.117875
-0.248779	0.128662	1.035645	-4.580153	-0.717557	4.526718	4.128544
-0.239014	0.071777	1.014160	-5.854962	-0.206107	7.160305	4.138620
-0.236328	0.041992	1.031006	-4.694656	1.145038	6.145038	4.149045
-0.264648	0.099121	1.064453	-4.267176	0.068702	6.480916	4.159031
-0.264893	0.011230	1.042969	-6.687023	-0.312977	3.824427	4.169838
-0.258789	0.012451	1.041016	-1.450382	0.503817	1.198473	4.179675
-0.260498	0.083984	1.068848	-0.923664	0.145038	0.763359	4.189839
-0.254150	0.076660	1.068848	-1.229008	-0.740458	2.129771	4.199312
-0.235596	0.028320	1.038818	-1.923664	-1.038168	1.465649	4.210044
-0.252686	0.048096	1.030762	2.076336	0.152672	0.664122	4.220244
-0.256104	0.078369	1.045898	1.938931	0.801527	0.656489	4.230668
-0.253906	0.050537	1.044922	1.160305	0.549618	0.244275	4.240907
-0.252441	0.047363	1.060547	1.167939	-0.038168	-0.503817	4.251279
-0.257324	0.060791	1.042725	1.312977	-0.694656	-0.824427	4.261389
-0.250488	0.058350	1.033936	0.923664	-0.190840	-1.221374	4.272084
-0.265869	0.050537	1.059570	2.320611	0.015267	-1.458015	4.282084
-0.268799	0.060547	1.072266	3.587786	-0.725191	-2.015267	4.292337
-0.261719	0.075684	1.064209	3.480916	-1.580153	-1.977099	4.302600
-0.251221	0.082520	1.054932	2.625954	-1.740458	-1.038168	4.312227
-0.245117	0.068848	1.035645	1.526718	-1.473282	0.015267	4.321875
-0.246582	0.049805	1.026611	1.183206	-0.603053	-0.534351	4.331327
-0.249023	0.053711	1.027588	0.099237	-1.946565	-1.190840	4.340802
-0.254639	0.052490	1.040771	-0.137405	0.137405	-1.458015	4.352194
-0.255127	0.073730	1.046387	0.129771	0.267176	-1.610687	4.362568
-0.260010	0.087891	1.050293	0.030534	-0.183206	-0.480916	4.373047
-0.250000	0.090332	1.060303	-0.190840	-0.572519	1.030534	4.383491
-0.275146	0.056885	1.056152	0.671756	-1.351145	1.633588	4.393716
-0.250000	0.052002	1.035400	1.763359	-1.717557	0.740458	4.404072
-0.246338	0.075195	1.021240	2.106870	-1.229008	-0.007634	4.414120
-0.251465	0.079102	1.014160	0.282443	-0.954198	-0.641221	4.424169
-0.245850	0.065918	1.017090	0.534351	0.412214	-1.015267	4.434612
-0.241699	0.113770	1.024170	-0.282443	1.488550	0.748092	4.444906
-0.249756	0.083008	1.044189	-2.068702	1.770992	2.160305	4.455144
-0.254639	0.043701	1.049561	-0.977099	1.290076	2.167939	4.465154
-0.251709	0.060791	1.045166	0.190840	1.946565	1.496183	4.476075
-0.255371	0.067139	1.061768	-0.412214	2.732824	1.213740	4.486125
-0.266846	0.045654	1.087646	-0.595420	1.106870	0.183206	4.496477
-0.263672	0.051758	1.072754	1.083969	0.229008	0.068702	4.506470
-0.267578	0.048584	1.072266	1.511450	0.274809	-0.442748	4.517180
-0.264160	0.042725	1.116699	1.206107	-1.908397	-1.496183	4.527113
-0.267822	0.064209	1.062012	1.580153	-3.786260	-1.870229	4.537617
-0.251953	0.094971	1.020996	1.000000	-2.251908	-1.198473	4.548082
-0.264404	0.086182	1.025879	0.793893	-0.526718	-0.412214	4.558634
-0.261475	0.086914	1.034912	2.091603	-0.190840	-0.114504	4.569183
-0.255127	0.086182	1.036865	3.244275	0.305344	0.381679	4.579937
-0.251465	0.100586	1.035156	2.587786	0.587786	1.236641	4.590334
-0.255615	0.078369	1.041992	-0.129771	0.832061	1.061069	4.600443
-0.260498	0.054688	1.060547	-1.641221	0.183206	-0.038168	4.609963
-0.259521	0.077881	1.082031	-2.381679	-1.091603	0.442748	4.619466
-0.254639	0.065674	1.037354	-2.786260	-1.450382	1.068702	4.629640
-0.258789	0.042480	1.036621	-1.015267	-0.778626	1.053435	4.641056
-0.258545	0.050781	1.049316	0.167939	-0.694656	0.480916	4.651644
-0.254883	0.074219	1.062256	-0.687023	-0.923664	1.045802	4.661725
-0.254150	0.044189	1.055176	-1.091603	-1.114504	1.312977	4.672005
-0.257324	0.026855	1.048828	0.595420	-0.564885	0.221374	4.682477
-0.252930	0.049072	1.035156	2.221374	-0.274809	-0.442748	4.692721
-0.242432	0.078369	1.030518	2.458015	0.328244	-0.282443	4.702697
-0.253662	0.072998	1.044434	1.274809	-0.190840	-0.541985	4.713212
-0.262939	0.065186	1.055176	-0.511450	-1.534351	-1.725191	4.724089
-0.254639	0.090088	1.049316	0.022901	-1.702290	-1.328244	4.734220
-0.254639	0.098633	1.027832	-1.061069	-1.374046	-0.503817	4.744924
-0.248779	0.077637	1.014648	-0.305344	0.137405	0.297710	4.755438
-0.255859	0.087158	1.032715	0.236641	1.099237	1.175573	4.766497
-0.261963	0.079590	1.057861	-0.427481	1.274809	1.770992	4.776788
-0.259033	0.057617	1.061035	-0.473282	1.389313	3.900763	4.787201
-0.265625	0.040527	1.070068	-0.916031	-0.618321	0.625954	4.798578
-0.268799	0.038818	1.075195	0.274809	-2.244275	0.488550	4.810609
-0.251709	0.047852	1.055420	1.145038	-2.748092	0.557252	4.820616
-0.247070	0.042969	1.028564	0.778626	-2.137405	0.053435	4.830343
-0.245850	0.071533	1.037354	0.137405	-1.450382	-0.923664	4.840983
-0.253662	0.074219	1.034424	-0.412214	-0.229008	-1.145038	4.851459
-0.256348	0.087891	1.045898	0.992366	0.152672	-0.312977	4.861607
-0.263428	0.084961	1.037354	0.923664	0.488550	0.786260	4.872052
-0.260010	0.079102	1.029541	0.564885	0.854962	1.068702	4.882427
-0.251465	0.055176	1.073486	-0.183206	-0.122137	0.740458	4.892844
-0.268311	0.066895	1.080811	0.015267	-1.648855	0.396947	4.902998
-0.257812	0.056885	1.039307	-0.557252	-2.030534	0.129771	4.913241
-0.258057	0.065674	1.024170	-0.633588	-1.992366	-0.236641	4.923363
-0.250488	0.068604	1.023682	-0.358779	-1.458015	-0.282443	4.933732
-0.247314	0.065674	1.024658	1.030534	-0.587786	0.358779	4.944669
-0.244629	0.111816	1.021973	-0.137405	-0.511450	2.045802	4.954925
-0.238525	0.157471	1.018066	-6.458015	0.679389	5.763359	4.965191
-0.242676	0.137451	1.041504	-11.435115	1.587786	10.030534	4.975264
-0.251709	0.036377	1.056641	-11.992366	1.900763	10.984733	4.985830
-0.254883	0.099609	1.056885	-7.977099	-0.206107	12.572519	4.995797
-0.261230	-0.010986	1.052734	-11.816794	-1.152672	7.045802	5.006454
-0.265625	-0.046143	1.045166	-3.465649	-0.862595	1.473282	5.016631
-0.256836	0.062256	1.045654	1.297710	-0.045802	-1.274809	5.026556
-0.257812	0.092773	1.054932	0.595420	-0.694656	-0.312977	5.036465
-0.261963	0.061768	1.041016	-0.633588	-0.038168	0.381679	5.046970
-0.253174	0.030762	1.058350	2.419847	0.099237	-0.198473	5.057361
-0.268555	0.053467	1.065430	3.137405	0.106870	-1.435115	5.067726
-0.268799	0.045166	1.062988	3.839695	-0.732824	-2.175573	5.078142
-0.257812	0.038574	1.054443	3.977099	-0.572519	-3.946565	5.088420
-0.263672	0.032715	1.069824	4.511450	-0.083969	-5.595420	5.098539
-0.258301	0.037109	1.070068	5.809160	-1.343511	-7.511450	5.108961
-0.243164	0.082520	1.026855	6.816794	-1.442748	-7.267176	5.119450
-0.232666	0.102295	1.032227	6.709924	-0.519084	-4.992366	5.129478
-0.246826	0.093994	1.045654	5.213740	-0.541985	-3.618321	5.139448
-0.260498	0.099854	1.040771	5.832061	-0.832061	-2.137405	5.149946
-0.250488	0.140137	1.028564	0.099237	0.412214	0.854962	5.160301
-0.270020	0.110840	1.050537	-4.893130	0.832061	3.503817	5.170692
-0.275391	0.045898	1.071045	-5.312977	-0.305344	3.633588	5.181017
-0.264160	0.048828	1.060059	-2.847328	-1.458015	2.770992	5.191213
-0.244629	0.048340	1.024170	-1.763359	-1.282443	1.816794	5.201291
-0.253174	0.037842	1.028320	0.145038	-0.473282	0.763359	5.211760
-0.257080	0.048096	1.051758	1.992366	-1.198473	-0.038168	5.222135
-0.256348	0.071777	1.041504	2.595420	-1.625954	-0.236641	5.232780
-0.254883	0.067383	1.038086	1.809160	-1.137405	-0.427481	5.242660
-0.248779	0.057373	1.033691	1.488550	-0.900763	-0.923664	5.253214
-0.252441	0.054688	1.041260	1.183206	-0.564885	-1.679389	5.263612
-0.247559	0.069580	1.034668	0.442748	-0.030534	-1.564885	5.274107
-0.239502	0.139404	1.006104	-4.106870	1.236641	2.305344	5.284428
-0.261475	0.087646	1.068848	-7.305344	0.969466	5.824427	5.295062
-0.274414	0.019775	1.083740	-6.534351	-1.137405	5.488550	5.305157
-0.256836	0.048828	1.037109	-2.007634	-2.206107	4.572519	5.316026
-0.245117	0.056396	1.014404	-1.809160	-1.465649	3.488550	5.326353
-0.249268	0.022461	1.025146	-0.923664	-0.137405	1.114504	5.336538
-0.257812	0.051758	1.036133	1.473282	0.511450	-0.580153	5.346702
-0.250977	0.084229	1.034180	1.122137	0.862595	-0.007634	5.357061
-0.249512	0.067627	1.034912	0.870229	1.320611	0.213740	5.367263
-0.261475	0.041748	1.050049	1.938931	0.702290	-0.625954	5.378016
-0.242676	0.048096	1.033447	3.633588	0.511450	-1.267176	5.388099
-0.238525	0.073486	1.037598	4.022901	0.106870	-1.832061	5.398600
-0.245361	0.067871	1.046875	3.343511	0.496183	-1.541985	5.409167
-0.251953	0.079346	1.031494	2.229008	0.320611	-1.038168	5.419793
-0.251953	0.090576	1.043945	-0.900763	1.450382	0.320611	5.430313
-0.265869	0.047119	1.080811	-1.290076	1.038168	1.015267	5.440529
-0.261719	0.036621	1.074951	0.519084	0.320611	0.312977	5.450930
-0.265625	0.058105	1.067139	2.549618	-0.419847	-0.068702	5.460918
-0.257812	0.072266	1.046631	2.557252	-0.038168	0.183206	5.470834
-0.260498	0.066650	1.045898	2.916031	0.404580	-0.076336	5.480454
-0.255615	0.081543	1.056396	1.778626	0.000000	-0.671756	5.490806
-0.254395	0.098145	1.033203	-0.648855	0.022901	-0.625954	5.501385
-0.255859	0.083740	1.048096	-0.725191	0.015267	0.267176	5.511460
-0.251221	0.071045	1.057129	0.099237	-0.068702	0.587786	5.522110
-0.250488	0.100098	1.024658	0.358779	-0.068702	2.297710	5.532332
-0.254395	0.081543	1.047607	-1.236641	0.839695	3.580153	5.542620
-0.258301	0.051270	1.062744	-1.435115	0.610687	2.809160	5.552983
-0.266357	0.063965	1.059326	-1.450382	-0.083969	1.664122	5.563120
-0.263916	0.060059	1.072998	-2.564885	-0.587786	0.938931	5.573570
-0.276855	0.047119	1.054199	-1.839695	-0.526718	0.519084	5.583892
-0.257324	0.045898	1.032959	-0.694656	-0.702290	0.167939	5.593970
-0.261230	0.056396	1.042969	1.587786	0.122137	0.251908	5.604390
-0.252686	0.060791	1.047363	2.633588	0.419847	0.603053	5.614441
-0.260498	0.053711	1.059570	2.839695	-0.656489	0.053435	5.624867
-0.258301	0.056885	1.048340	2.480916	-2.045802	-1.114504	5.635317
-0.258545	0.090088	1.009277	1.305344	-2.068702	-0.862595	5.645634
-0.250977	0.091797	1.010010	-0.213740	-0.213740	-0.145038	5.655812
-0.262939	0.086914	1.032227	-0.671756	0.022901	0.648855	5.666278
-0.249756	0.084961	1.038086	-0.458015	-0.213740	1.557252	5.676430
-0.239502	0.070557	1.016846	0.198473	0.221374	2.335878	5.686712
-0.249023	0.062988	1.027832	0.511450	1.404580	1.770992	5.696780
-0.252930	0.059326	1.043701	0.129771	1.694656	1.137405	5.707201
-0.261719	0.051758	1.063477	-0.618321	0.885496	0.496183	5.717801
-0.272217	0.032959	1.047119	-0.885496	0.526718	-0.213740	5.727903
-0.254150	0.100586	1.035156	-0.167939	-0.725191	-0.076336	5.738181
-0.261963	0.066895	1.048096	-1.671756	0.465649	0.938931	5.748734
-0.265137	0.048096	1.070801	0.076336	0.091603	1.145038	5.758884
-0.274414	0.045898	1.069336	1.122137	-0.770992	0.458015	5.769402
-0.260010	0.093262	1.032959	-0.312977	-1.198473	1.564885	5.779765
-0.260986	0.072998	1.043457	-1.984733	-0.473282	2.068702	5.789878
-0.261719	0.056396	1.044189	-2.282443	-0.625954	1.190840	5.800220
-0.253662	0.070312	1.041748	-1.427481	-0.099237	0.603053	5.810631
-0.262695	0.067139	1.056396	-0.694656	0.572519	0.664122	5.821351
-0.264160	0.063721	1.060547	1.114504	0.603053	1.221374	5.831415
-0.279053	0.065430	1.085205	1.221374	-1.389313	0.656489	5.841226
-0.267822	0.085205	1.067383	-0.908397	-2.809160	1.374046	5.851601
-0.264648	0.070801	1.024414	-2.053435	-2.305344	1.671756	5.861454
-0.254150	0.060791	1.050537	-1.351145	-1.786260	1.190840	5.871981
-0.262207	0.061768	1.030762	-0.526718	-1.175573	1.152672	5.881795
-0.254639	0.069336	1.031006	0.206107	-0.328244	0.931298	5.892268
-0.249756	0.064697	1.025879	-0.374046	0.511450	0.694656	5.902591
-0.260010	0.056641	1.089111	-0.862595	-0.740458	0.030534	5.913251
-0.248047	0.096436	1.061279	-3.419847	-2.946565	1.435115	5.923803
-0.260010	0.074707	1.043701	-3.885496	-2.694656	3.129771	5.933845
-0.257812	0.040039	1.046631	-3.259542	-2.251908	3.160305	5.944116
-0.260742	0.036377	1.045654	-0.541985	-1.763359	2.061069	5.954458
-0.260498	0.055908	1.025879	0.496183	-0.671756	1.152672	5.964787
-0.257812	0.069336	1.046143	0.625954	-0.206107	1.038168	5.975195
-0.249756	0.077393	1.045410	-0.198473	-0.083969	0.595420	5.985327
-0.249268	0.072998	1.016113	-0.717557	0.396947	0.648855	5.995643
-0.258789	0.065918	1.035156	-0.923664	0.839695	1.022901	6.006075
-0.254395	0.063721	1.049072	-0.702290	0.809160	1.145038	6.016691
-0.260498	0.035889	1.052002	0.381679	-0.312977	0.954198	6.027065
-0.256592	0.038818	1.034424	1.664122	-0.755725	0.129771	6.037425
-0.256104	0.059082	1.048828	1.412214	-0.022901	-0.198473	6.047646
-0.263428	0.066895	1.058594	1.274809	-0.419847	0.358779	6.058089
-0.250000	0.046875	1.041016	-0.167939	-1.358779	-0.114504	6.068506
-0.255127	0.057617	1.011475	-0.740458	-0.412214	-0.931298	6.079450
-0.255615	0.086914	1.047119	-1.885496	-0.068702	-0.381679	6.089701
-0.257080	0.066406	1.052246	-1.198473	-0.022901	0.419847	6.099724
-0.263916	0.055664	1.037598	0.099237	0.145038	0.740458	6.109146
-0.267334	0.055176	1.035645	1.259542	-0.068702	0.343511	6.119485
-0.258789	0.070068	1.030762	1.694656	-0.251908	0.160305	6.130044
-0.258301	0.095703	1.044678	0.511450	0.290076	1.175573	6.140048
-0.256592	0.078613	1.054443	-1.045802	0.190840	1.793893	6.150393
-0.262451	0.049316	1.056152	-1.427481	-0.251908	1.274809	6.160559
-0.271240	0.052734	1.067871	-0.908397	-1.198473	0.236641	6.171311
-0.264893	0.057373	1.062500	-1.931298	-1.419847	0.358779	6.181660
-0.260742	0.052490	1.039795	0.244275	-1.320611	0.167939	6.192013
-0.259033	0.057861	1.008545	1.366412	-0.236641	-0.061069	6.202333
-0.242188	0.090576	1.011963	0.335878	1.244275	1.045802	6.212818
-0.241455	0.114014	1.028320	-2.206107	2.664122	3.557252	6.223195
-0.250977	0.064941	1.050537	-4.671756	2.656489	4.351145	6.233792
-0.267822	0.059814	1.081787	-4.450382	0.778626	3.534351	6.244102
-0.264160	0.047363	1.052734	-3.290076	0.061069	2.679389	6.254045
-0.255615	0.041748	1.047607	-2.633588	0.129771	1.717557	6.264287
-0.270996	0.032715	1.077393	-0.847328	-0.877863	0.740458	6.275061
-0.259277	0.018066	1.025391	1.190840	-1.770992	0.229008	6.285286
-0.246582	0.047119	1.014893	3.366412	-0.671756	-0.236641	6.295756
-0.247803	0.058838	1.028320	3.427481	0.290076	-0.717557	6.305877
-0.248291	0.083496	1.025879	3.236641	0.572519	-0.358779	6.316076
-0.249756	0.093262	1.018311	1.419847	1.091603	0.458015	6.325492
-0.248779	0.085693	1.019287	-0.679389	1.427481	1.114504	6.335873
-0.242432	0.071777	1.028320	-2.251908	1.671756	0.549618	6.346322
-0.265137	0.042236	1.054932	-1.595420	2.061069	0.312977	6.356342
-0.272705	0.038330	1.090576	0.312977	1.557252	-0.305344	6.366505
-0.269775	0.056152	1.084229	1.412214	-0.435115	-0.267176	6.376969
-0.271484	0.061768	1.056396	1.358779	-0.755725	0.076336	6.387484
-0.276367	0.049316	1.047119	1.687023	0.007634	-0.007634	6.397599
-0.268311	0.060547	1.052979	2.404580	0.534351	-0.282443	6.407726
-0.264404	0.100098	1.044189	0.778626	-0.328244	0.007634	6.418171
-0.264893	0.095703	1.042236	-0.977099	-0.122137	1.213740	6.428198
-0.257080	0.086914	1.041748	-1.618321	0.106870	1.435115	6.438546
-0.268799	0.083008	1.053467	-2.175573	-0.961832	0.938931	6.448914
-0.260254	0.089111	1.062500	-3.595420	-1.587786	1.595420	6.458877
-0.252930	0.064453	1.045898	-3.068702	-1.389313	2.236641	6.469047
-0.263184	0.036377	1.052490	-1.328244	-1.106870	1.770992	6.478821
-0.272217	0.028809	1.053955	1.152672	-1.442748	0.832061	6.489440
-0.260010	0.054688	1.035645	2.068702	-0.923664	0.251908	6.499704
-0.263916	0.069092	1.041016	1.557252	-0.732824	0.679389	6.509819
-0.251709	0.048584	1.047363	-0.160305	-0.946565	0.274809	6.521172
-0.263428	0.060791	1.036377	-1.198473	-0.862595	-0.763359	6.531437
-0.260498	0.057373	1.043213	-1.351145	-1.114504	-0.381679	6.542182
-0.260986	0.052490	1.059326	0.290076	-0.801527	-0.152672	6.552139
-0.264648	0.053467	1.055420	1.786260	-1.526718	0.427481	6.562466
-0.255615	0.079834	1.035889	0.671756	-1.076336	1.778626	6.572123
-0.246338	0.039062	1.030273	0.526718	-0.351145	1.725191	6.582868
-0.252197	0.041016	1.035400	1.259542	-0.129771	0.534351	6.592612
-0.254639	0.083984	1.035645	-0.129771	-1.145038	-0.572519	6.602799
-0.258789	0.084717	1.020752	-2.305344	-0.290076	0.122137	6.613212
-0.255371	0.070557	1.051514	-1.671756	0.145038	0.549618	6.623859
-0.261963	0.068848	1.043701	-0.526718	0.030534	0.572519	6.633847
-0.262451	0.080811	1.042969	0.312977	-1.183206	0.496183	6.644023
-0.260742	0.062500	1.035889	0.557252	-1.145038	1.068702	6.653998
-0.265381	0.048584	1.046631	0.610687	-0.557252	0.709924	6.664279
-0.267822	0.022461	1.069336	1.213740	-1.931298	-0.610687	6.674109
-0.262207	0.030518	1.046387	3.183206	-2.557252	-1.564885	6.683863
-0.265381	0.045654	1.024414	4.236641	-1.656489	-2.053435	6.694813
-0.258301	0.046143	1.042480	3.053435	-1.343511	-3.053435	6.704841
-0.261230	0.057617	1.063721	2.633588	-2.763359	-3.832061	6.715587
-0.255859	0.133301	1.016113	0.030534	-2.587786	-1.603053	6.725661
-0.253418	0.117432	1.012695	-3.106870	-0.534351	1.870229	6.735743
-0.256104	0.048096	1.041748	-1.572519	0.175573	2.488550	6.745694
-0.260498	0.055176	1.029053	1.000000	0.496183	2.099237	6.755570
-0.256836	0.072998	1.018555	1.076336	1.206107	1.396947	6.765120
-0.260254	0.054688	1.032471	0.091603	1.198473	1.290076	6.773389
-0.259766	0.047363	1.060303	-0.511450	0.503817	-0.114504	6.781182
-0.254150	0.064209	1.055420	-0.679389	-0.320611	-0.450382	6.788708
-0.254395	0.068604	1.050049	-1.229008	-0.633588	-0.114504	6.796620
-0.257812	0.057373	1.031738	-0.923664	0.061069	0.106870	6.806148
-0.260742	0.051270	1.062012	0.534351	-0.152672	-0.419847	6.815159
-0.250732	0.062012	1.069580	2.122137	-1.236641	0.007634	6.823845
-0.253174	0.071289	1.039795	2.145038	-1.458015	0.549618	6.832430
-0.261963	0.083496	1.019287	0.740458	-0.251908	1.763359	6.840886
-0.253418	0.071289	1.029541	-0.885496	0.732824	2.206107	6.849505
-0.253662	0.075439	1.042969	-2.473282	1.473282	2.709924	6.857996
-0.250977	0.066895	1.056152	-3.343511	1.335878	3.236641	6.866457
-0.251953	0.044434	1.048828	-3.496183	1.145038	3.114504	6.875009
-0.265381	0.041260	1.064941	-2.793893	0.526718	1.786260	6.883103
-0.267578	0.044189	1.084473	-1.809160	-0.687023	0.748092	6.891725
-0.267334	0.063477	1.062012	-0.595420	-1.770992	0.610687	6.900018
-0.261963	0.058350	1.041504	-0.442748	-1.603053	0.450382	6.907998
-0.260254	0.059326	1.033936	0.641221	-0.648855	-0.114504	6.916377
-0.266113	0.063477	1.036865	1.358779	-0.366412	-0.007634	6.924653
-0.274902	0.073975	1.056641	1.389313	-0.099237	-0.076336	6.933084
-0.269531	0.071289	1.059326	0.572519	-0.786260	-0.137405	6.941674
-0.253418	0.076660	1.057129	0.381679	-0.572519	-0.106870	6.949978
-0.253418	0.069092	1.051025	0.366412	-0.633588	-0.053435	6.957877
-0.262939	0.079102	1.041016	0.229008	-0.778626	0.664122	6.965933
-0.237793	0.200195	1.028076	-6.137405	-1.450382	5.335878	6.973800
-0.244873	0.220215	1.023926	-14.122137	-1.061069	12.412214	6.981535
-0.251221	0.221436	1.007080	-18.167939	-1.961832	20.900763	6.990062
-0.254150	0.133545	1.056885	-23.068702	-0.106870	28.297710	6.999234
-0.279541	-0.158691	1.063477	-23.923664	-0.763359	23.251908	7.007642
-0.285156	-0.234375	1.067383	-12.251908	-1.435115	10.404580	7.016187
-0.275146	-0.096191	1.069824	-1.702290	-1.335878	0.557252	7.024459
-0.262939	0.091064	1.068359	2.816794	-1.236641	-0.091603	7.033014
-0.254395	0.106201	1.043945	-1.160305	-1.526718	1.580153	7.041232
-0.256836	0.015137	1.029053	-0.839695	-1.312977	1.687023	7.049665
-0.259766	0.023193	1.028564	2.053435	-0.839695	-0.030534	7.058074
-0.260254	0.062012	1.031982	2.709924	-0.198473	-0.900763	7.066847
-0.256348	0.050781	1.051025	2.091603	-0.335878	-1.328244	7.075006
-0.279541	0.007324	1.053467	3.603053	-1.122137	-2.641221	7.083275
-0.258545	0.001465	1.044922	7.053435	-0.900763	-4.664122	7.091845
-0.262695	0.016602	1.029785	8.480916	-0.152672	-7.099237	7.100467
-0.270020	-0.046143	1.070801	7.656489	-0.839695	-12.229008	7.108822
-0.283691	0.016113	1.109131	11.374046	-3.725191	-13.824427	7.117272
-0.270996	0.085693	1.100098	9.305344	-7.526718	-13.786260	7.125309
-0.258545	0.114746	1.026855	7.282443	-8.122137	-10.908397	7.133237
-0.248291	0.092285	0.980469	6.564885	-5.801527	-7.595420	7.141371
-0.255127	0.066406	1.007812	6.862595	-3.358779	-6.297710	7.149248
-0.256104	0.116943	1.026367	5.022901	-2.328244	-3.183206	7.158205
-0.242188	0.159912	1.025879	2.007634	-2.106870	1.007634	7.166212
-0.232422	0.111328	1.006348	-2.465649	-1.366412	3.068702	7.174013
-0.235352	0.034424	1.004150	-2.893130	0.190840	2.923664	7.181613
-0.247070	0.022217	1.015137	-1.480916	1.213740	1.137405	7.189719
-0.246094	0.048340	1.027588	-0.396947	2.290076	0.320611	7.199370
-0.261475	0.052246	1.061523	-0.687023	2.442748	-0.282443	7.207721
-0.259277	0.052002	1.064453	-0.328244	1.503817	-0.305344	7.216217
-0.267090	0.046387	1.054688	1.076336	0.358779	-0.549618	7.224808
-0.264648	0.052490	1.049561	2.328244	-0.282443	-0.641221	7.232862
-0.251465	0.059570	1.040283	3.572519	-0.442748	-0.862595	7.241748
-0.249268	0.058594	1.021484	3.923664	-0.427481	-0.854962	7.250021
-0.240723	0.062012	1.016357	4.358779	0.488550	-1.305344	7.258736
-0.243652	0.086426	1.000732	2.740458	1.007634	-0.778626	7.267184
-0.240234	0.088623	1.010010	0.381679	2.076336	-0.931298	7.275605
-0.252930	0.063721	1.043945	-0.847328	2.877863	-0.664122	7.284006
-0.247314	0.081299	1.057129	-2.145038	2.709924	0.236641	7.292088
-0.268555	0.066895	1.064453	-3.045802	2.641221	0.946565	7.300830
-0.250244	0.037354	1.081543	-2.015267	2.129771	1.419847	7.309314
-0.264160	0.020752	1.071533	-0.045802	1.259542	1.175573	7.317744
-0.258301	0.030518	1.066406	1.992366	1.198473	0.916031	7.326076
-0.265869	0.059570	1.077148	2.580153	1.022901	0.572519	7.334405
-0.268066	0.059326	1.079102	1.282443	0.022901	0.641221	7.342957
-0.266113	0.057129	1.059326	1.274809	-0.244275	0.916031	7.351337
-0.260254	0.053955	1.045410	1.427481	-0.129771	0.129771	7.359886
-0.258545	0.068115	1.056641	1.167939	-0.389313	-0.297710	7.368552
-0.256104	0.056396	1.045166	0.419847	-0.839695	-1.526718	7.376916
-0.258789	0.058350	1.049072	1.091603	-0.992366	-1.816794	7.384699
-0.259766	0.075928	1.041260	1.809160	-0.801527	-2.190840	7.392518
-0.257324	0.087158	1.055420	1.419847	-0.763359	-1.442748	7.400413
-0.269043	0.068604	1.055908	1.633588	-0.679389	-1.015267	7.408117
-0.259033	0.051025	1.061768	2.664122	-0.572519	-0.725191	7.417467
-0.255615	0.074219	1.034912	2.442748	0.343511	-0.290076	7.425912
-0.262207	0.086426	1.044678	1.641221	0.809160	1.022901	7.434087
-0.256836	0.062500	1.063477	0.610687	0.503817	1.763359	7.442580
-0.252441	0.037598	1.056641	1.213740	-0.717557	0.778626	7.450943
-0.251953	0.046387	1.037842	1.328244	-0.839695	-0.351145	7.459424
-0.245850	0.071289	1.035400	0.625954	-0.358779	-0.603053	7.467932
-0.246338	0.072266	1.039551	-0.923664	0.053435	-0.328244	7.476409
-0.254150	0.068359	1.054199	-1.793893	0.068702	-0.274809	7.484729
-0.257812	0.049316	1.070312	-2.167939	-0.519084	-0.183206	7.493124
-0.265625	0.045898	1.067871	-0.954198	-1.465649	0.419847	7.501546
-0.260498	0.057861	1.045166	0.114504	-1.488550	0.893130	7.510161
-0.261963	0.075195	1.031006	1.267176	-0.885496	1.297710	7.518492
-0.261475	0.057373	1.043701	1.419847	-0.603053	1.412214	7.527059
-0.254639	0.063477	1.045654	1.824427	-0.793893	1.618321	7.535266
-0.253174	0.075195	1.020020	1.458015	-0.389313	1.984733	7.543795
-0.251465	0.064697	1.014648	-0.259542	0.198473	1.503817	7.552160
-0.253662	0.053223	1.046631	-2.419847	-0.045802	0.297710	7.560587
-0.258057	0.057617	1.042725	-2.183206	-0.427481	-1.274809	7.569100
-0.258545	0.089600	1.043945	-2.038168	-0.595420	-0.839695	7.577433
-0.254639	0.090088	1.037842	-2.290076	-0.213740	0.320611	7.585700
-0.255371	0.061768	1.044434	-0.419847	0.458015	1.419847	7.594272
-0.263184	0.037842	1.051758	1.450382	0.763359	1.320611	7.602825
-0.258057	0.051025	1.060059	3.175573	0.641221	0.725191	7.611638
-0.263184	0.060547	1.061768	2.961832	0.267176	-0.328244	7.620095
-0.266846	0.076172	1.047119	2.229008	-0.267176	0.885496	7.628305
-0.261475	0.072998	1.042236	-0.160305	-0.740458	1.458015	7.636784
-0.260498	0.068115	1.055176	-1.709924	-1.343511	1.122137	7.645121
-0.257568	0.055664	1.054932	-2.167939	-1.938931	1.503817	7.653558
-0.259766	0.056396	1.023926	-1.709924	-1.702290	1.244275	7.661918
-0.243896	0.075439	1.011230	-1.603053	-0.938931	1.244275	7.670708
-0.245605	0.075195	1.020752	-2.244275	-0.274809	1.198473	7.678925
-0.256348	0.062744	1.028320	-2.267176	0.106870	1.580153	7.686850
-0.250977	0.055176	1.028076	-1.320611	0.389313	1.893130	7.695666
-0.257812	0.041260	1.037354	0.175573	0.793893	1.343511	7.703747
-0.253662	0.053711	1.045166	1.824427	0.900763	0.839695	7.712424
-0.263184	0.062988	1.054443	2.213740	0.549618	0.801527	7.721061
-0.266846	0.071289	1.050049	1.625954	0.488550	0.877863	7.729681
-0.260010	0.071045	1.046631	1.358779	0.396947	0.664122	7.737939
-0.270508	0.062012	1.069092	0.206107	-0.328244	0.167939	7.746039
-0.261475	0.060059	1.058350	-0.122137	-1.404580	-0.358779	7.754983
-0.264648	0.073242	1.028809	-0.793893	-1.106870	-0.374046	7.763479
-0.255371	0.075439	1.032959	-0.885496	-0.412214	0.091603	7.771795
-0.248535	0.062500	1.048340	-0.854962	-0.198473	0.473282	7.780140
-0.257568	0.046631	1.036865	0.022901	-0.305344	0.732824	7.788706
-0.249268	0.048096	1.043213	0.587786	-0.778626	0.832061	7.797198
-0.254395	0.069824	1.032471	0.335878	0.145038	1.190840	7.805126
-0.248535	0.067139	1.042725	-0.931298	0.793893	1.954198	7.813741
-0.260010	0.042236	1.058594	-1.740458	0.671756	1.557252	7.822490
-0.258789	0.044922	1.066895	-2.229008	0.160305	0.198473	7.830804
-0.252197	0.046387	1.070312	-2.381679	-0.366412	-0.519084	7.839047
-0.260254	0.067627	1.064453	-1.603053	-0.587786	-0.160305	7.847523
-0.266846	0.071777	1.060059	-0.526718	-0.198473	0.740458	7.856095
-0.264893	0.067383	1.052246	0.961832	-0.274809	1.091603	7.864342
-0.265137	0.061035	1.064941	1.068702	-0.755725	0.717557	7.873008
-0.269043	0.064209	1.082764	0.503817	-1.549618	0.458015	7.881322
-0.269775	0.077881	1.072021	0.389313	-2.198473	0.763359	7.889525
-0.269531	0.066895	1.053223	-0.206107	-2.015267	0.770992	7.898167
-0.262207	0.054932	1.043457	0.267176	-1.641221	0.778626	7.906317
-0.262451	0.043457	1.040527	-0.099237	-2.213740	0.465649	7.914885
-0.260498	0.048340	1.047363	-0.725191	-2.442748	0.106870	7.923639
-0.257812	0.065186	1.042480	-0.603053	-2.251908	0.053435	7.932049
-0.258789	0.059814	1.041260	-1.122137	-2.519084	0.854962	7.940542
-0.250000	0.051514	1.023926	-0.832061	-2.297710	0.656489	7.948970
-0.236084	0.048096	1.010742	-0.297710	-1.374046	0.694656	7.957550
-0.241455	0.059570	1.008545	-0.160305	0.312977	0.145038	7.965936
-0.253174	0.066162	1.039062	0.519084	1.190840	0.404580	7.974277
-0.255859	0.072998	1.064209	0.305344	0.633588	0.824427	7.982681
-0.263672	0.053467	1.060791	0.435115	-0.412214	0.877863	7.991161
-0.258789	0.044189	1.047363	1.183206	-0.778626	0.335878	7.999744
-0.260010	0.071289	1.046631	0.442748	-0.435115	-0.274809	8.007684
-0.266846	0.060547	1.077637	-0.488550	-1.129771	-0.167939	8.016409
-0.272705	0.057129	1.086182	-0.458015	-2.877863	0.091603	8.024734
-0.255615	0.069580	1.052246	-0.809160	-4.442748	0.274809	8.032674
-0.250488	0.084961	1.029541	-0.656489	-3.816794	1.374046	8.041273
-0.246826	0.099609	1.001465	-1.923664	-2.259542	2.732824	8.049275
-0.241943	0.067383	1.019287	-2.893130	-0.801527	3.381679	8.058193
-0.256348	0.040039	1.020020	-2.358779	0.358779	2.816794	8.066498
-0.259521	0.052246	1.037109	-2.648855	0.603053	2.022901	8.075005
-0.262939	0.058350	1.041504	-3.236641	0.748092	1.740458	8.083342
-0.247559	0.051270	1.046143	-3.374046	0.152672	1.442748	8.091888
-0.261719	0.037354	1.056152	-2.312977	-0.412214	0.732824	8.100246
-0.260498	0.036621	1.055664	-0.061069	-1.015267	0.809160	8.108581
-0.263672	0.055908	1.047119	1.557252	-1.259542	0.900763	8.117420
-0.247559	0.060303	1.026855	2.030534	-0.832061	0.587786	8.125734
-0.253174	0.053955	1.025879	1.297710	-0.862595	0.045802	8.134140
-0.247314	0.034668	1.032227	1.190840	-0.427481	-0.541985	8.143017
-0.255371	0.037598	1.032227	1.954198	0.358779	-1.351145	8.151449
-0.255615	0.069336	1.038574	1.648855	0.496183	-1.183206	8.159793
-0.253418	0.083008	1.023682	0.404580	1.061069	-0.389313	8.168406
-0.256592	0.051025	1.041748	0.068702	1.022901	0.335878	8.176687
-0.257324	0.059570	1.044922	-0.274809	0.725191	0.801527	8.185062
-0.264404	0.049072	1.065430	-0.572519	-0.503817	0.106870	8.193591
-0.260498	0.053711	1.033447	0.656489	-0.862595	0.366412	8.201818
-0.250732	0.070068	1.020508	0.572519	-0.030534	0.404580	8.210209
-0.258789	0.071777	1.035889	0.129771	-0.045802	0.450382	8.218879
-0.257812	0.074707	1.061035	-0.458015	-0.412214	0.702290	8.227478
-0.263184	0.077148	1.047119	0.053435	-0.900763	1.244275	8.235816
-0.255615	0.063232	1.041260	0.541985	-0.625954	1.229008	8.244234
-0.257324	0.061035	1.035400	0.755725	-0.152672	1.351145	8.252811
-0.247559	0.048584	1.064941	0.351145	0.076336	1.183206	8.261093
-0.260010	0.040039	1.058594	-0.213740	-0.267176	0.488550	8.269832
-0.249268	0.039795	1.050781	-0.152672	-0.122137	0.305344	8.278162
-0.251465	0.059326	1.053467	-0.732824	0.053435	0.297710	8.286928
-0.254150	0.053955	1.047607	-1.007634	0.381679	0.717557	8.295612
-0.252197	0.036621	1.045654	-0.366412	1.076336	0.312977	8.303887
-0.266846	0.038330	1.072021	0.603053	0.435115	-0.206107	8.312001
-0.264404	0.059570	1.085693	0.641221	-0.984733	-0.183206	8.320921
-0.273193	0.063232	1.064941	0.938931	-1.870229	0.259542	8.329406
-0.255371	0.075195	1.033936	0.549618	-1.679389	0.412214	8.337730
-0.259033	0.076904	1.038818	0.312977	-0.816794	0.389313	8.346330
-0.259277	0.081543	1.032959	-0.465649	-1.946565	0.496183	8.354652
-0.263916	0.081299	1.056396	-0.862595	0.030534	0.175573	8.362962
-0.270264	0.065186	1.066650	-0.167939	-0.442748	0.488550	8.371412
-0.268311	0.075195	1.054932	0.305344	-0.633588	0.961832	8.380066
-0.263184	0.075195	1.038086	0.290076	-0.503817	1.297710	8.388381
-0.260498	0.058350	1.036133	-0.083969	-0.183206	1.442748	8.396796
-0.246094	0.056152	1.041748	-0.625954	-0.580153	1.923664	8.404855
-0.250000	0.072998	1.041748	-2.099237	-0.114504	2.236641	8.413326
-0.246338	0.055176	1.043457	-2.877863	-0.175573	2.396947	8.421886
-0.250488	0.033447	1.050049	-3.061069	-0.687023	1.641221	8.430381
-0.254150	0.031738	1.060059	-1.709924	-0.916031	1.564885	8.438817
-0.253906	0.041016	1.038818	-1.648855	-0.595420	1.145038	8.447254
-0.255371	0.030762	1.043701	-0.893130	-1.954198	0.885496	8.455449
-0.262207	0.040771	1.049561	0.541985	0.183206	0.717557	8.463990
-0.257568	0.043213	1.034912	0.961832	-0.022901	0.496183	8.472529
-0.257324	0.058105	1.016113	0.961832	0.770992	0.259542	8.481197
-0.264404	0.059570	1.040771	0.267176	1.175573	-0.045802	8.489768
-0.261719	0.076416	1.075928	-0.870229	-0.480916	-0.366412	8.498174
-0.253662	0.099121	1.042236	-2.442748	-1.511450	1.083969	8.506430
-0.256348	0.079590	1.010986	-3.511450	-0.854962	2.129771	8.514880
-0.262939	0.038330	1.010986	-3.259542	0.412214	1.908397	8.523385
-0.259277	0.035889	1.041992	-0.809160	0.458015	1.603053	8.531830
-0.260498	0.058594	1.058350	0.389313	0.045802	1.473282	8.540121
-0.269775	0.055908	1.045898	1.022901	-0.442748	0.961832	8.548711
-0.259521	0.058838	1.041748	1.007634	-0.862595	0.938931	8.556999
-0.258789	0.069336	1.059082	-0.396947	-0.969466	1.251908	8.565283
-0.262939	0.059570	1.043701	-1.137405	-0.786260	1.534351	8.574079
-0.252197	0.040527	1.039551	-0.908397	-0.297710	0.931298	8.582051
-0.252930	0.032227	1.048096	-0.114504	-0.015267	0.595420	8.590454
-0.251465	0.055664	1.029541	-0.954198	-0.427481	0.625954	8.598811
-0.254150	0.066406	1.039795	-2.175573	0.389313	1.022901	8.607060
-0.256592	0.046387	1.050781	-2.083969	0.419847	1.290076	8.615571
-0.254150	0.039795	1.043701	-1.068702	0.526718	1.328244	8.623742
-0.251465	0.044678	1.039795	0.259542	0.633588	1.083969	8.632687
-0.260254	0.041748	1.055664	0.954198	0.190840	0.213740	8.641188
-0.271240	0.055908	1.077637	1.984733	-1.015267	-0.236641	8.649583
-0.262451	0.079102	1.069580	2.328244	-3.908397	0.015267	8.658062
-0.259277	0.088135	1.032471	1.748092	-1.412214	0.007634	8.666497
-0.260010	0.089600	1.027588	0.274809	-0.755725	-0.145038	8.674410
-0.267334	0.087646	1.041260	-1.282443	0.122137	0.267176	8.682905
-0.267822	0.061523	1.060059	-1.511450	-0.129771	0.580153	8.691354
-0.268311	0.056641	1.056396	-0.694656	-0.526718	0.763359	8.699631
-0.264893	0.042725	1.072510	0.030534	-1.106870	0.687023	8.708082
-0.253906	0.037109	1.063721	1.152672	-2.015267	0.786260	8.716630
-0.251709	0.040527	1.026123	1.740458	-1.564885	0.893130	8.724773
-0.243896	0.041992	1.022949	1.244275	-0.725191	0.442748	8.733279
-0.250732	0.031006	1.027832	0.954198	0.145038	0.030534	8.741864
-0.246582	0.035889	1.052246	0.618321	0.068702	-0.694656	8.750066
-0.251465	0.050781	1.050049	0.763359	-0.213740	-1.106870	8.758782
-0.254150	0.060059	1.043701	0.923664	-0.015267	-0.664122	8.766982
-0.257324	0.059326	1.052734	1.167939	0.068702	-0.328244	8.775428
-0.267334	0.053467	1.067627	1.198473	-0.290076	-0.526718	8.783883
-0.270996	0.067627	1.067139	0.625954	-1.244275	-0.320611	8.792488
-0.265137	0.062988	1.054199	-0.061069	-1.702290	0.167939	8.803521
-0.263428	0.058105	1.051270	-0.404580	-1.251908	0.351145	8.811940
-0.260254	0.045410	1.049805	0.274809	-1.000000	0.229008	8.820688
-0.259033	0.050293	1.039307	1.618321	-0.664122	0.221374	8.828916
-0.255371	0.043701	1.021973	2.610687	-0.038168	-0.297710	8.837417
-0.251709	0.051758	1.036133	3.770992	0.526718	-0.412214	8.845944
-0.256836	0.076904	1.045654	3.335878	0.595420	-0.633588	8.854224
-0.260010	0.069580	1.054688	1.015267	-0.106870	-0.702290	8.862647
-0.271484	0.068604	1.082031	-0.900763	-1.633588	-0.816794	8.871146
-0.264160	0.075684	1.071045	-1.709924	-3.061069	-0.236641	8.879773
-0.256592	0.079834	1.042969	-2.557252	-3.000000	1.007634	8.888033
-0.265869	0.065186	1.047119	-2.068702	-2.122137	2.251908	8.896679
-0.257568	0.036377	1.044678	-1.244275	-1.694656	1.938931	8.905002
-0.255127	0.033936	1.031738	0.251908	-1.709924	1.473282	8.913371
-0.257568	0.038330	1.027344	0.633588	-1.152672	0.832061	8.921874
-0.246338	0.032959	1.013184	1.068702	-0.122137	0.511450	8.929948
-0.243164	0.054443	1.019531	1.580153	0.541985	0.160305	8.938651
-0.241699	0.077393	1.039795	0.244275	0.412214	0.244275	8.947099
-0.256836	0.057617	1.045166	-0.877863	0.351145	0.694656	8.955258
-0.255371	0.053955	1.041016	-0.603053	0.297710	0.473282	8.963818
-0.269531	0.060547	1.051025	-0.938931	0.633588	0.129771	8.972432
-0.269775	0.062012	1.046631	-0.595420	0.389313	-0.114504	8.980975
-0.262207	0.062744	1.056152	-0.229008	-0.068702	0.488550	8.989232
-0.256836	0.090088	1.030029	-1.610687	-0.183206	2.366412	8.997922
-0.261719	0.062988	1.034912	-2.427481	0.694656	3.152672	9.006335
-0.256348	0.033936	1.048584	-1.916031	0.305344	2.992366	9.014798
-0.258789	0.025391	1.051758	-0.229008	0.229008	2.175573	9.023453
-0.255615	0.043701	1.051270	-0.297710	0.007634	1.618321	9.031557
-0.256348	0.041748	1.044678	-0.732824	0.381679	0.519084	9.040105
-0.268799	0.026855	1.065674	-0.312977	-0.511450	-0.557252	9.048447
-0.266846	0.049561	1.060303	1.007634	-1.374046	-0.931298	9.056773
-0.260742	0.047119	1.048340	1.114504	-1.664122	-0.740458	9.065231
-0.249756	0.057617	1.029053	1.038168	-0.954198	-0.381679	9.073776
-0.237061	0.062744	1.027344	1.076336	-0.122137	-0.412214	9.082265
-0.260254	0.045654	1.046143	1.099237	0.732824	-0.984733	9.090580
-0.249023	0.104492	1.046387	1.534351	-1.076336	-0.106870	9.099074
-0.251709	0.081299	1.022949	-1.076336	0.106870	0.793893	9.107414
-0.267334	0.047852	1.052246	-0.572519	0.282443	0.419847	9.116139
-0.263916	0.045410	1.050537	-0.053435	-0.267176	0.580153	9.124140
-0.262207	0.055908	1.049805	0.297710	-0.709924	0.519084	9.131953
-0.262939	0.057617	1.042725	0.977099	-1.015267	0.679389	9.140393
-0.252930	0.056396	1.031982	0.557252	-0.320611	0.206107	9.151859
-0.246094	0.066895	1.023438	0.412214	0.221374	0.213740	9.160260
-0.250977	0.064697	1.038574	-0.725191	0.282443	0.175573	9.169395
-0.239746	0.056885	1.044678	-0.358779	0.229008	0.152672	9.179563
-0.246826	0.082520	1.015869	-0.709924	0.656489	1.419847	9.189098
-0.240967	0.067627	1.038086	-1.671756	1.603053	3.015267	9.199948
-0.266602	0.023926	1.060303	-1.381679	1.236641	2.206107	9.210336
-0.269043	0.069580	1.055664	-0.618321	0.648855	1.847328	9.220792
-0.263184	0.052490	1.064453	-2.801527	0.351145	1.893130	9.230951
-0.271240	0.016846	1.071533	-1.938931	-0.297710	1.091603	9.240921
-0.265137	0.036621	1.060547	0.442748	-0.770992	-0.221374	9.251340
-0.262451	0.060303	1.056396	1.618321	-0.381679	-0.427481	9.261698
-0.256104	0.062744	1.041992	2.160305	-0.404580	-0.236641	9.271970
-0.256104	0.070312	1.044678	2.572519	-0.351145	-0.412214	9.282471
-0.256104	0.075195	1.040039	2.900763	-0.183206	0.137405	9.292779
-0.250977	0.095459	1.045654	1.839695	-0.832061	1.213740	9.303001
-0.262451	0.083496	1.036133	-0.534351	-0.725191	2.427481	9.312684
-0.251953	0.046387	1.040771	-1.694656	-0.267176	2.145038	9.323009
-0.252686	0.029297	1.035156	-0.900763	-0.374046	0.427481	9.333392
-0.251709	0.049316	1.044189	0.419847	-0.312977	0.114504	9.343777
-0.250000	0.041992	1.036377	1.519084	0.076336	0.244275	9.354350
-0.256348	0.037598	1.027832	3.061069	0.763359	-0.297710	9.364491
-0.261230	0.043213	1.064453	4.106870	0.534351	-0.167939	9.375049
-0.276611	0.066406	1.063232	1.854962	-0.534351	-0.992366	9.385864
-0.264648	0.059082	1.050781	0.755725	-0.229008	-0.442748	9.395728
-0.266602	0.045898	1.068115	0.038168	0.190840	-1.053435	9.406543
-0.268799	0.044434	1.086426	0.786260	-1.076336	-0.977099	9.416905
-0.264160	0.072266	1.061035	0.824427	-1.343511	-0.137405	9.426977
-0.252930	0.078369	1.034180	-0.061069	-1.045802	1.129771	9.437410
-0.261719	0.047852	1.038818	-0.564885	-0.137405	1.206107	9.448214
-0.265381	0.053955	1.048828	0.694656	-0.358779	0.679389	9.458779
-0.266846	0.068115	1.045410	0.908397	-0.931298	1.106870	9.469235
-0.251953	0.072998	1.016602	0.709924	-0.374046	1.435115	9.479488
-0.251709	0.064697	1.030762	-1.015267	0.297710	1.236641	9.489791
-0.250000	0.049316	1.062012	-1.786260	-0.068702	0.648855	9.499768
-0.259766	0.044189	1.054443	-1.572519	-0.900763	0.343511	9.510064
-0.256592	0.032959	1.055420	-1.236641	-0.763359	0.099237	9.520396
-0.265137	0.022705	1.047363	0.114504	-0.633588	-0.458015	9.530541
-0.261963	0.032471	1.050781	1.641221	-0.770992	-0.832061	9.540879
-0.256836	0.079346	1.045654	1.641221	-0.893130	0.297710	9.551156
-0.265137	0.068848	1.034424	-0.007634	-0.343511	0.503817	9.561415
-0.269043	0.074951	1.057617	0.229008	0.221374	0.625954	9.572010
-0.263672	0.084473	1.047607	-1.236641	-0.786260	0.549618	9.582270
-0.249268	0.059082	1.022461	-1.885496	-0.541985	0.137405	9.592727
-0.256348	0.032715	1.023438	-1.213740	0.328244	-0.259542	9.602772
-0.256104	0.060791	1.034424	-0.007634	0.091603	-0.343511	9.613152
-0.258789	0.057373	1.055664	1.267176	-0.526718	0.114504	9.623670
-0.256836	0.051025	1.042236	2.419847	-0.274809	0.099237	9.633873
-0.263184	0.074951	1.049561	1.946565	0.015267	0.061069	9.643800
-0.262451	0.075928	1.057861	-0.145038	-0.190840	0.511450	9.653705
-0.266357	0.060547	1.058594	-1.175573	-0.396947	0.251908	9.664530
-0.257812	0.056152	1.052734	-0.816794	-0.580153	0.137405	9.674924
-0.255371	0.079590	1.045166	-0.396947	-0.335878	1.435115	9.685012
-0.251465	0.049805	1.038330	-1.129771	-0.541985	1.648855	9.695100
-0.250244	0.047363	1.021240	-0.748092	0.465649	1.328244	9.705224
-0.252930	0.053467	1.040527	-0.793893	1.175573	0.732824	9.716141
-0.267822	0.061035	1.057617	-1.618321	0.923664	0.793893	9.726351
-0.265625	0.048096	1.068359	-0.648855	-0.251908	1.106870	9.736527
-0.264404	0.031738	1.061279	0.870229	-1.358779	0.519084	9.746564
-0.256592	0.066895	1.042969	1.679389	-1.633588	0.671756	9.757495
-0.258301	0.069336	1.027344	0.442748	-1.213740	1.083969	9.768055
-0.263672	0.048096	1.036865	-0.221374	-0.809160	0.328244	9.778199
-0.256592	0.060059	1.032715	0.083969	-0.664122	0.045802	9.787837
-0.250488	0.070068	1.034180	0.114504	-0.328244	0.732824	9.798672
-0.257812	0.065674	1.038086	0.305344	0.129771	1.480916	9.808927
-0.249268	0.066650	1.033203	0.091603	0.702290	1.648855	9.819990
-0.275879	0.063477	1.044434	-0.618321	0.938931	1.763359	9.830033
-0.260742	0.050537	1.054688	-1.442748	0.580153	1.442748	9.840175
-0.263428	0.029785	1.052246	-0.847328	0.351145	0.541985	9.850307
-0.267822	0.033203	1.064453	0.122137	-0.564885	-0.198473	9.860602
-0.271240	0.043701	1.057129	1.618321	-1.526718	-0.687023	9.870991
-0.263184	0.058350	1.042480	2.244275	-1.358779	-0.374046	9.881241
-0.250000	0.069580	1.016602	2.221374	-0.671756	-0.358779	9.891528
-0.260010	0.074463	1.046875	1.648855	-0.305344	-0.183206	9.901621
-0.269043	0.065430	1.048584	1.167939	-0.213740	0.022901	9.911755
-0.265625	0.070312	1.051025	1.229008	-0.534351	0.290076	9.922346
-0.269043	0.069092	1.045410	0.167939	0.160305	0.618321	9.932673
-0.259766	0.037598	1.048584	-0.305344	-0.083969	-0.053435	9.942435
-0.257812	0.037842	1.039795	1.068702	-0.061069	-0.473282	9.952252
-0.262695	0.064209	1.039795	1.068702	0.374046	-0.305344	9.962207
-0.263916	0.057861	1.048340	0.610687	0.335878	0.229008	9.972815
-0.258789	0.056641	1.044434	1.045802	0.213740	0.679389	9.983298
-0.258545	0.062012	1.052490	0.832061	-0.458015	0.839695	9.994009
-0.263428	0.053955	1.028809	0.114504	-0.290076	0.633588	10.004200
-0.253906	0.052246	1.020264	-0.274809	0.465649	-0.038168	10.014286
-0.260498	0.076172	1.051514	-0.083969	0.725191	-0.129771	10.025071
-0.268555	0.064453	1.065186	-0.900763	-0.290076	0.458015	10.035568
-0.261963	0.052734	1.061279	-0.786260	-1.267176	0.465649	10.045721
-0.265381	0.064453	1.048340	-1.007634	-1.213740	0.717557	10.056440
-0.270508	0.042480	1.069580	-1.007634	-0.725191	0.732824	10.067342
-0.268311	0.040039	1.062988	0.809160	-1.312977	-0.053435	10.077592
-0.258545	0.058838	1.021484	1.862595	-1.068702	-0.328244	10.087952
-0.252930	0.072754	1.010010	2.312977	-0.312977	-0.198473	10.098584
-0.249023	0.082764	1.017822	1.671756	0.320611	-0.106870	10.108917
-0.257080	0.097168	1.019775	-0.412214	0.862595	1.015267	10.119332
-0.260498	0.077393	1.045898	-2.442748	0.580153	1.587786	10.129692
-0.253174	0.047607	1.053711	-2.213740	0.633588	1.511450	10.139846
-0.264160	0.041504	1.062012	-0.595420	0.648855	1.282443	10.150533
-0.267822	0.016113	1.089844	-0.122137	-0.274809	0.679389	10.160374
-0.260986	0.029785	1.068604	0.984733	-1.312977	0.007634	10.171366
-0.264404	0.037109	1.059814	1.015267	-1.419847	-0.389313	10.181455
-0.250244	0.044678	1.049561	0.213740	-1.458015	-0.770992	10.191739
-0.259521	0.059570	1.042480	0.030534	-0.549618	-1.564885	10.202033
-0.271240	0.084229	1.069092	-0.160305	-1.183206	-1.404580	10.212489
-0.275879	0.076172	1.067627	0.603053	-2.755725	-0.961832	10.222636
-0.280273	0.100342	1.033936	1.511450	-2.687023	0.618321	10.232915
-0.252441	0.099365	1.019043	0.335878	-1.656489	1.862595	10.243181
-0.254150	0.057861	1.021240	-0.229008	-0.938931	1.824427	10.253399
-0.247314	0.060303	1.034668	-0.740458	-1.083969	1.152672	10.263579
-0.256348	0.046631	1.041748	-1.167939	-0.633588	0.870229	10.274192
-0.249268	0.047363	1.035156	-0.916031	-0.480916	0.755725	10.284541
-0.256348	0.043213	1.038574	-0.122137	-0.015267	0.137405	10.294857
-0.256348	0.062500	1.045166	-0.076336	0.244275	0.587786	10.304991
-0.257080	0.059326	1.046387	-0.122137	0.175573	0.893130	10.315626
-0.253906	0.052246	1.043701	-0.183206	0.442748	0.954198	10.325790
-0.256348	0.068359	1.055908	-0.549618	0.206107	1.366412	10.335928
-0.270020	0.041992	1.089111	-1.679389	-0.717557	1.351145	10.346275
-0.275391	0.036377	1.072754	-0.633588	-2.267176	0.732824	10.356576
-0.267334	0.045654	1.041748	-0.106870	-2.709924	0.282443	10.367020
-0.260010	0.054199	1.024170	0.534351	-1.824427	-0.244275	10.377278
-0.243408	0.062988	1.018555	0.977099	-0.984733	-0.122137	10.387544
-0.237061	0.078369	0.996094	1.267176	-0.511450	0.709924	10.397712
-0.239014	0.066650	1.008545	0.816794	0.480916	0.862595	10.408147
-0.243408	0.067383	1.012939	0.618321	1.679389	0.877863	10.418906
-0.263672	0.069092	1.047852	-0.694656	1.664122	0.351145	10.429255
-0.276123	0.054932	1.062744	-1.870229	0.381679	0.167939	10.439492
-0.269287	0.050781	1.062500	-1.374046	-0.282443	0.320611	10.449829
-0.266846	0.067627	1.057861	-1.274809	-0.175573	1.297710	10.460080
-0.266602	0.036377	1.068604	-1.816794	0.206107	2.145038	10.470920
-0.261963	0.026611	1.071289	0.595420	-0.679389	0.969466	10.481473
-0.263184	0.041504	1.074951	1.603053	-1.847328	0.633588	10.491609
-0.260986	0.049072	1.042236	1.694656	-2.129771	-0.083969	10.502287
-0.261719	0.048096	1.028809	1.465649	-1.229008	-0.343511	10.512286
-0.263672	0.063477	1.026123	0.854962	-0.435115	-0.656489	10.522581
-0.259521	0.090820	1.034180	-0.015267	-0.297710	0.404580	10.533033
-0.255127	0.072998	1.024902	-1.221374	0.091603	0.877863	10.543345
-0.254639	0.074707	1.023438	-0.809160	0.480916	1.114504	10.553400
-0.267090	0.079590	1.038818	-0.732824	0.236641	1.603053	10.563500
-0.250488	0.063232	1.054199	-1.160305	-0.343511	1.503817	10.573841
-0.251953	0.051514	1.032471	-0.274809	-0.770992	1.488550	10.584169
-0.241943	0.058105	1.027344	-0.206107	0.167939	1.167939	10.593947
-0.251709	0.049316	1.060791	-0.954198	0.580153	0.526718	10.603966
-0.253906	0.052979	1.047119	-0.648855	0.167939	0.297710	10.614097
-0.249512	0.053711	1.032227	-0.473282	0.213740	0.435115	10.624552
-0.264404	0.051270	1.053467	0.061069	0.549618	0.389313	10.635148
-0.261719	0.061523	1.059082	0.862595	0.412214	0.297710	10.645488
-0.262939	0.068604	1.040527	1.541985	0.351145	0.603053	10.655657
-0.260254	0.068604	1.047363	1.557252	0.366412	0.694656	10.666165
-0.255127	0.060303	1.045410	1.282443	0.412214	0.488550	10.676659
-0.259521	0.057617	1.033203	1.229008	0.412214	0.030534	10.686961
-0.258301	0.073730	1.053223	0.671756	0.312977	-0.137405	10.698038
-0.256592	0.072266	1.038818	0.366412	-0.068702	0.374046	10.708156
-0.266846	0.076904	1.043701	-0.030534	0.297710	0.541985	10.718638
-0.260254	0.070801	1.041260	0.068702	0.816794	0.854962	10.728892
-0.264160	0.051270	1.062988	-0.190840	0.541985	1.198473	10.739828
-0.257324	0.062744	1.062988	-0.099237	0.053435	1.511450	10.749774
-0.264648	0.066406	1.046875	-0.549618	-0.015267	2.122137	10.759852
-0.268066	0.048828	1.049072	-1.519084	0.549618	2.320611	10.769822
-0.273438	0.036133	1.074951	-1.099237	0.381679	1.984733	10.780592
-0.275879	0.038818	1.076172	-0.251908	-0.618321	1.167939	10.790966
-0.260254	0.037354	1.049805	-0.160305	-0.587786	0.648855	10.803726
-0.268066	0.042969	1.061768	0.290076	-1.190840	0.152672	10.813631
-0.267822	0.056152	1.046875	0.526718	-1.519084	-0.030534	10.824284
-0.258789	0.066406	1.043945	0.725191	-1.778626	0.389313	10.834439
-0.267578	0.062012	1.022705	1.129771	-1.900763	0.793893	10.844546
-0.258789	0.066895	1.017822	0.908397	-1.183206	0.984733	10.854803
-0.267578	0.057861	1.020508	0.328244	-0.793893	0.946565	10.864976
-0.265869	0.062256	1.024658	-1.595420	-0.007634	0.778626	10.874877
-0.268799	0.037354	1.032471	-2.496183	0.625954	0.435115	10.885729
-0.264648	0.031494	1.066895	-1.671756	0.435115	0.198473	10.896150
-0.268799	0.050293	1.053223	-1.190840	-0.358779	0.709924	10.906263
-0.272705	0.038574	1.053711	-0.122137	-0.267176	1.206107	10.916306
-0.261230	0.039062	1.037109	1.816794	-0.847328	0.854962	10.926989
-0.260498	0.052490	1.046875	1.305344	-1.099237	0.465649	10.937195
-0.255371	0.028809	1.034424	0.396947	-1.160305	-0.656489	10.947720
-0.254150	0.060303	1.034668	0.435115	-0.946565	-1.328244	10.957933
-0.251221	0.061035	1.025879	-0.648855	-0.687023	-1.221374	10.968095
-0.250244	0.049561	1.032715	-0.656489	0.282443	-1.366412	10.978541
-0.255615	0.054199	1.042236	1.091603	0.671756	-0.847328	10.988907
-0.250488	0.052490	1.046387	1.145038	0.679389	-0.732824	10.999015
-0.266846	0.067871	1.046143	2.610687	0.030534	-0.259542	11.009206
-0.271240	0.052490	1.067139	1.106870	-0.381679	-0.022901	11.019318
-0.273926	0.048584	1.051758	2.282443	-1.114504	-0.343511	11.029934
-0.266602	0.071533	1.031982	1.572519	-0.664122	-0.809160	11.040281
-0.262451	0.069092	1.020752	0.480916	-0.541985	-0.938931	11.050838
-0.262695	0.056885	1.027100	1.175573	-0.053435	-1.396947	11.061378
-0.255615	0.099854	1.030762	0.442748	-0.267176	-0.282443	11.071886
-0.250488	0.073486	1.031982	-1.480916	-0.167939	0.717557	11.082560
-0.262939	0.042725	1.050537	-1.030534	-0.145038	0.297710	11.092894
-0.259521	0.063232	1.047607	-0.122137	0.030534	0.793893	11.103092
-0.258545	0.052002	1.050537	-0.572519	-0.045802	1.015267	11.113453
-0.264648	0.043213	1.053467	0.053435	-0.381679	0.816794	11.123638
-0.266846	0.046631	1.062500	-0.160305	-1.244275	-0.343511	11.134527
-0.277344	0.065918	1.070312	1.083969	-1.809160	-0.229008	11.144813
-0.263916	0.065430	1.033936	1.091603	-2.045802	0.694656	11.154877
-0.260254	0.059082	1.018311	1.763359	-1.312977	0.221374	11.165209
-0.245361	0.065918	1.019287	1.480916	-0.633588	-0.389313	11.175824
-0.257324	0.087646	1.018066	0.183206	0.160305	-0.198473	11.186056
-0.256104	0.075928	1.027832	-1.702290	0.572519	0.152672	11.196238
-0.265381	0.071045	1.043457	-0.946565	1.190840	0.664122	11.206434
-0.267090	0.072021	1.052490	-0.381679	1.488550	1.351145	11.216419
-0.268799	0.074219	1.063965	-0.068702	0.969466	2.213740	11.226886
-0.271484	0.052734	1.068359	-0.198473	-0.351145	2.488550	11.236851
-0.262207	0.031982	1.064453	0.251908	-1.465649	1.969466	11.246906
-0.252197	0.037354	1.047607	0.778626	-1.770992	0.511450	11.257215
-0.240723	0.046875	1.040039	0.213740	-1.404580	-0.045802	11.267702
-0.262207	0.039795	1.041504	-0.282443	-0.900763	-0.587786	11.278549
-0.254883	0.062256	1.049561	0.083969	-0.564885	-0.076336	11.288665
-0.264404	0.060547	1.045410	0.213740	-0.679389	0.641221	11.299010
-0.261475	0.066895	1.044922	0.427481	-1.000000	1.122137	11.308697
-0.259033	0.091797	1.037842	-0.824427	-0.702290	2.328244	11.319057
-0.260986	0.072510	1.042480	-2.419847	-0.732824	2.870229	11.329138
-0.258789	0.033203	1.036133	-1.396947	-0.694656	1.465649	11.340374
-0.258789	0.067139	1.033691	-0.251908	-0.717557	0.549618	11.350557
-0.266602	0.065674	1.046631	-0.679389	-0.618321	0.244275	11.360778
-0.256836	0.056641	1.034424	-0.305344	-0.610687	0.496183	11.370821
-0.252441	0.066650	1.030029	-0.099237	-0.007634	0.343511	11.381651
-0.255615	0.055908	1.043457	-0.679389	0.320611	0.702290	11.391953
-0.267822	0.031250	1.052734	0.412214	0.343511	0.221374	11.402129
-0.270508	0.045410	1.052246	0.801527	0.595420	-0.229008	11.412453
-0.261719	0.047363	1.062744	1.167939	0.129771	-0.389313	11.422561
-0.270996	0.045166	1.069824	1.755725	-0.938931	-0.755725	11.432818
-0.258057	0.059326	1.051270	2.954198	-1.549618	-0.908397	11.443060
-0.252930	0.074707	1.028320	1.366412	-1.618321	-0.908397	11.453784
-0.255615	0.076660	1.032959	-0.442748	-0.763359	-0.122137	11.464008
-0.253662	0.066406	1.041016	-1.061069	-0.328244	-1.931298	11.474125
-0.261963	0.055176	1.040771	-0.625954	-0.145038	0.473282	11.484483
-0.256348	0.054443	1.032471	0.236641	0.160305	0.564885	11.494499
-0.263184	0.064941	1.044922	0.664122	0.862595	0.435115	11.505155
-0.271729	0.065674	1.067627	0.458015	0.076336	0.816794	11.515284
-0.262207	0.063232	1.049072	0.702290	-0.137405	0.717557	11.525349
-0.270752	0.058350	1.051514	-0.282443	-0.076336	0.427481	11.535849
-0.256836	0.042480	1.058105	-0.549618	-0.862595	-0.534351	11.546066
-0.259766	0.064941	1.041260	0.290076	-0.954198	-0.374046	11.556408
-0.255127	0.070557	1.026367	-1.091603	-0.427481	0.358779	11.566711
-0.263184	0.048340	1.054443	-1.480916	-0.206107	0.045802	11.577215
-0.264648	0.058105	1.059814	-0.664122	-0.366412	0.305344	11.587406
-0.259033	0.065430	1.054443	-1.083969	-0.312977	0.954198	11.597802
-0.267822	0.038086	1.062500	-0.595420	-0.259542	1.152672	11.608057
-0.272217	0.046875	1.071045	0.587786	-0.641221	0.679389	11.618059
-0.263428	0.057373	1.060791	-0.015267	-1.290076	0.129771	11.628570
-0.269775	0.065430	1.043457	-0.488550	-1.610687	0.152672	11.638950
-0.264893	0.059570	1.045166	-1.351145	-1.778626	0.229008	11.649104
-0.264160	0.052979	1.033447	-0.839695	-1.641221	-0.022901	11.659347
-0.260986	0.072998	1.026123	0.091603	-1.000000	0.763359	11.669795
-0.245605	0.054443	1.031738	-0.198473	-0.511450	1.129771	11.680741
-0.252441	0.051514	1.044189	-0.320611	-0.816794	0.221374	11.691044
-0.256592	0.060303	1.049561	-0.450382	-1.221374	0.251908	11.701702
-0.256104	0.065674	1.046143	-1.641221	-1.496183	0.259542	11.711888
-0.261475	0.057373	1.037354	-2.419847	-1.290076	0.748092	11.722586
-0.254150	0.060059	1.032715	-3.152672	-0.763359	0.167939	11.732860
-0.269043	0.052246	1.051758	-2.946565	-0.687023	0.702290	11.743236
-0.269775	0.046631	1.055176	-1.816794	-0.572519	1.099237	11.753530
-0.261230	0.051025	1.056641	-0.870229	-1.015267	1.335878	11.763964
-0.264893	0.052002	1.064941	-0.251908	-2.343511	1.068702	11.774413
-0.256348	0.040283	1.043701	0.427481	-2.793893	0.412214	11.784576
-0.247070	0.062744	1.005859	0.259542	-1.511450	0.358779	11.794881
-0.259766	0.064209	1.030762	-0.473282	-0.442748	0.541985	11.805177
-0.258057	0.055664	1.046143	-1.015267	-0.442748	0.694656	11.815858
-0.253418	0.054443	1.040283	-1.312977	-0.122137	0.488550	11.826463
-0.261719	0.047852	1.056641	-1.770992	-0.213740	0.015267	11.836454
-0.255127	0.055176	1.052246	-1.290076	-0.641221	-0.122137	11.847033
-0.256836	0.062012	1.035645	-0.557252	-0.473282	0.786260	11.856651
-0.257812	0.043945	1.048828	-0.137405	-0.351145	1.145038	11.867356
-0.272461	0.045410	1.054199	0.618321	-0.427481	1.282443	11.877293
-0.263428	0.049561	1.059814	0.541985	-0.900763	1.061069	11.886594
-0.268311	0.038574	1.063965	0.534351	-1.022901	0.801527	11.895931
-0.270020	0.048096	1.061523	-0.236641	-1.274809	0.381679	11.905689
-0.263184	0.032227	1.042236	-0.893130	-1.511450	-0.152672	11.917417
-0.249756	0.051514	1.056641	-1.282443	-1.984733	-0.755725	11.928078
-0.246826	0.065674	1.043213	-0.908397	-2.251908	-0.053435	11.938770
-0.250488	0.046387	1.030518	-0.221374	-1.312977	0.435115	11.948937
-0.262939	0.040039	1.043945	0.854962	-1.396947	0.213740	11.959418
-0.263672	0.048828	1.038330	1.656489	-1.465649	0.458015	11.969639
-0.253418	0.053467	1.024658	1.854962	-0.709924	0.641221	11.980200
-0.262451	0.060791	1.025635	0.793893	-0.511450	0.213740	11.990597
-0.260742	0.058350	1.026123	-0.122137	-0.328244	0.129771	12.000256
-0.254639	0.069824	1.034912	-0.305344	-0.175573	0.671756	12.010701
-0.240967	0.065186	1.030029	-0.763359	0.167939	0.725191	12.021464
-0.252930	0.051514	1.032471	-1.183206	0.625954	0.778626	12.031958
-0.263428	0.033691	1.056641	-1.076336	0.312977	0.404580	12.042202
-0.253174	0.037354	1.055420	-0.687023	-0.374046	0.297710	12.052453
-0.258545	0.038818	1.057373	0.160305	-0.404580	0.358779	12.062752
-0.268799	0.021484	1.068359	0.656489	-1.061069	0.091603	12.072869
-0.242676	0.035889	1.061523	1.732824	-1.625954	-0.450382	12.083267
-0.257568	0.056152	1.047607	1.473282	-1.938931	-0.717557	12.093556
-0.250488	0.061523	1.019287	1.213740	-1.702290	-0.992366	12.103518
-0.256348	0.072998	1.034180	1.076336	-0.977099	-0.961832	12.113873
-0.256836	0.048340	1.052734	2.114504	-0.541985	-0.763359	12.123466
-0.255127	0.044678	1.042725	0.389313	-1.206107	-1.656489	12.133321
-0.252686	0.022461	1.006836	3.351145	-2.366412	-5.488550	12.143831
-0.241943	0.240234	0.997559	3.312977	0.160305	-0.732824	12.154395
-0.258789	0.075439	1.032471	-4.618321	1.045802	3.671756	12.164439
-0.265137	-0.034180	1.072754	-1.687023	-0.030534	0.465649	12.175029
-0.261230	0.078369	1.067871	1.015267	-1.496183	-0.343511	12.185748
-0.244629	0.083252	1.041016	-2.580153	-1.129771	0.893130	12.195207
-0.255371	0.034180	1.052979	-1.496183	-0.259542	1.320611	12.205762
-0.258301	0.069092	1.062012	-0.908397	-0.076336	1.465649	12.216347
-0.251709	0.081299	1.058594	-3.022901	-0.404580	3.610687	12.226650
-0.254639	0.024170	1.050049	-3.221374	-0.908397	3.618321	12.237186
-0.255859	0.025879	1.053467	-1.206107	-0.824427	2.076336	12.247412
-0.260498	0.050781	1.067871	-0.885496	-1.290076	1.671756	12.257792
-0.258789	0.044434	1.055420	-1.290076	-1.442748	1.625954	12.267896
-0.261475	0.035645	1.050049	-0.335878	-1.725191	0.847328	12.278648
-0.255859	0.054443	1.044189	-0.198473	-1.435115	0.709924	12.289079
-0.265869	0.053955	1.046143	-0.030534	-1.290076	0.748092	12.299364
-0.245605	0.079834	1.020020	-1.190840	-1.610687	1.763359	12.309445
-0.245361	0.111328	1.009277	-5.137405	-0.572519	4.381679	12.320036
-0.253418	0.102783	1.040283	-8.748092	-0.167939	8.221374	12.330455
-0.257080	0.088135	1.036865	-8.679389	0.725191	11.648855	12.340774
-0.260498	-0.056152	1.050537	-9.992366	0.450382	9.458015	12.350724
-0.258545	-0.060791	1.065430	-3.183206	0.175573	3.351145	12.361084
-0.257324	0.031250	1.056641	-0.374046	-0.030534	0.572519	12.371473
-0.260010	0.041992	1.053223	-1.748092	-0.282443	0.916031	12.381993
-0.285889	-0.027100	1.058105	-0.984733	0.503817	-2.106870	12.392260
-0.239258	0.083740	1.002197	1.473282	-1.335878	-0.458015	12.401661
-0.250488	0.060791	1.023682	-1.358779	0.900763	-0.381679	12.411134
-0.262695	0.029541	1.044678	0.748092	0.900763	-0.526718	12.420493
-0.260254	0.021484	1.051025	2.221374	0.312977	-1.267176	12.430219
-0.250977	0.063232	1.045166	4.236641	0.282443	-1.129771	12.441834
-0.255127	0.068604	1.049316	1.580153	0.389313	-1.236641	12.452137
-0.256836	0.062256	1.050537	0.664122	0.229008	-0.839695	12.462606
-0.262939	0.045166	1.067871	0.122137	-0.190840	-1.267176	12.472909
-0.259521	0.045898	1.046631	1.389313	-0.290076	-1.045802	12.483683
-0.259766	0.043701	1.066162	2.175573	-0.641221	-1.190840	12.493083
-0.257812	0.050781	1.045166	2.854962	-1.053435	-0.725191	12.503398
-0.253418	0.052002	1.033203	2.015267	-0.343511	-0.381679	12.513272
-0.251953	0.052734	1.030762	1.053435	0.114504	-0.702290	12.522768
-0.257568	0.060303	1.032227	0.618321	0.610687	-0.633588	12.532798
-0.251221	0.059326	1.048584	0.465649	1.206107	-0.122137	12.543845
-0.268066	0.047119	1.043945	1.465649	0.625954	0.274809	12.553988
-0.260254	0.062988	1.041016	0.938931	0.274809	0.809160	12.564229
-0.261963	0.059814	1.045654	-0.221374	-0.053435	1.198473	12.574721
-0.261719	0.042725	1.044189	-1.022901	-0.114504	0.687023	12.585269
-0.254639	0.041016	1.031494	-0.404580	0.282443	0.725191	12.596044
-0.254395	0.041992	1.041260	-0.511450	0.618321	0.274809	12.606118
-0.258545	0.048828	1.041992	0.435115	0.526718	1.030534	12.616426
-0.257812	0.045654	1.030029	0.580153	0.717557	1.061069	12.626972
-0.261963	0.042480	1.046631	0.465649	0.519084	0.732824	12.637418
-0.268066	0.038574	1.073730	0.641221	-0.503817	0.221374	12.647795
-0.270508	0.059082	1.044922	0.969466	-1.221374	0.244275	12.657694
-0.250977	0.070312	1.022949	-0.893130	-0.175573	0.969466	12.668450
-0.268311	0.060303	1.051514	-2.526718	0.351145	1.503817	12.678940
-0.257812	0.044678	1.060791	-2.801527	-0.282443	2.114504	12.689285
-0.261475	0.034912	1.050049	-1.702290	-0.679389	1.916031	12.699551
-0.258545	0.029541	1.040771	-0.366412	-0.557252	1.137405	12.709906
-0.261230	0.039795	1.067871	0.801527	-1.099237	0.763359	12.719949
-0.262451	0.048096	1.041016	1.450382	-1.488550	0.389313	12.730323
-0.257568	0.046875	1.040283	0.671756	-1.213740	0.129771	12.740656
-0.256592	0.053955	1.034180	-0.419847	-0.580153	-0.221374	12.751012
-0.269531	0.056641	1.052490	-0.961832	-0.633588	-0.061069	12.761036
-0.257080	0.043945	1.051514	-0.587786	-0.534351	0.282443	12.771506
-0.263916	0.033691	1.023193	1.328244	-0.175573	0.442748	12.781556
-0.266357	0.046143	1.051270	2.160305	0.061069	0.099237	12.791334
-0.269775	0.057129	1.038818	1.503817	-1.213740	0.580153	12.805052
-0.260010	0.050537	1.035645	-0.244275	-1.419847	0.755725	12.815284
-0.252441	0.041504	1.025391	-0.610687	-0.984733	0.488550	12.826090
-0.247070	0.050049	1.037354	-1.053435	-0.656489	0.312977	12.836416
-0.242920	0.048096	1.008545	-2.015267	-0.061069	0.549618	12.846869
-0.250732	0.031006	1.017822	-2.137405	1.152672	0.427481	12.856975
-0.255371	0.032471	1.042969	-1.404580	1.824427	0.358779	12.867563
-0.255127	0.028320	1.064941	0.038168	1.076336	-0.053435	12.877958
-0.267822	0.034912	1.067139	1.099237	-0.076336	-0.091603	12.888239
-0.273682	0.040283	1.057129	1.832061	-0.893130	-0.366412	12.898375
-0.265381	0.058594	1.044189	2.068702	-0.916031	-0.473282	12.908845
-0.258789	0.057373	1.021484	0.496183	-0.641221	-0.633588	12.918962
-0.249512	0.051025	1.004150	-0.022901	0.122137	-0.824427	12.929985
-0.247314	0.061279	1.020752	0.335878	0.687023	-0.137405	12.939885
-0.245850	0.070557	1.014648	0.358779	1.351145	0.870229	12.950191
-0.242920	0.064453	1.020264	-0.503817	2.129771	1.984733	12.960225
-0.250488	0.036377	1.031982	-0.732824	2.809160	2.496183	12.970610
-0.264404	0.025146	1.059570	-0.183206	2.526718	1.290076	12.980904
-0.281006	0.041748	1.076172	-0.961832	1.770992	0.740458	12.991296
-0.259033	0.040283	1.055664	-1.908397	1.320611	0.290076	13.001439
-0.264160	0.033691	1.074219	-0.839695	1.114504	-0.106870	13.011455
-0.265381	0.039551	1.071289	0.450382	0.312977	0.145038	13.021877
-0.282471	0.032715	1.072754	1.984733	-0.374046	0.083969	13.032527
-0.281494	0.054199	1.075195	2.748092	-1.328244	0.061069	13.042946
-0.256592	0.076904	1.049561	2.832061	-1.427481	0.435115	13.053106
-0.253174	0.075195	1.035645	1.534351	-0.900763	1.160305	13.063226
-0.261230	0.060791	1.039795	0.702290	-0.595420	1.213740	13.073823
-0.259521	0.049805	1.044189	0.625954	-0.396947	0.893130	13.084208
-0.257812	0.053223	1.030762	-0.435115	-0.587786	0.664122	13.094675
-0.258545	0.053223	1.046387	-0.732824	-0.221374	0.732824	13.104848
-0.256104	0.056152	1.021729	-0.740458	0.618321	0.938931	13.115219
-0.261230	0.046875	1.042236	-0.404580	0.862595	1.198473	13.125205
-0.264893	0.049316	1.052246	-0.480916	0.587786	1.366412	13.135167
-0.268066	0.050781	1.035156	-0.854962	0.854962	1.198473	13.145673
-0.271729	0.053711	1.051514	-1.022901	1.061069	1.335878	13.156307
-0.273193	0.048584	1.061035	-0.389313	0.412214	1.793893	13.166156
-0.272217	0.036865	1.060303	-0.763359	-0.267176	1.931298	13.176069
-0.280518	0.022705	1.070557	-0.664122	-1.320611	0.847328	13.187183
-0.271729	0.028320	1.047119	0.351145	-2.396947	0.167939	13.197382
-0.275146	0.032227	1.042480	0.664122	-1.603053	-0.312977	13.207536
-0.264648	0.047852	1.051025	0.847328	-1.206107	-0.511450	13.217568
-0.265381	0.047852	1.038330	1.603053	-1.580153	-0.351145	13.228267
-0.256592	0.066895	1.002441	2.038168	-0.862595	0.068702	13.238692
-0.262695	0.088623	1.021973	0.816794	0.412214	0.625954	13.248980
-0.274902	0.071289	1.052734	-0.786260	0.648855	1.511450	13.259741
-0.268066	0.068848	1.058838	-0.007634	0.106870	2.305344	13.269978
-0.267090	0.035889	1.068115	-2.183206	-0.618321	2.053435	13.280433
-0.269043	0.013184	1.053955	-1.702290	-0.931298	1.343511	13.290588
-0.261230	0.020508	1.063965	-0.442748	-1.801527	0.893130	13.301007
-0.251953	0.020020	1.051514	0.122137	-1.786260	0.412214	13.311598
-0.256104	0.031982	1.042969	0.496183	-1.648855	-0.526718	13.321754
-0.259277	0.031250	1.023193	2.374046	-1.786260	-0.335878	13.332202
-0.260010	0.044922	1.010498	1.511450	-0.984733	-1.129771	13.342725
-0.261719	0.051514	1.018799	3.183206	-0.412214	-0.603053	13.352974
-0.257324	0.062256	1.020508	1.328244	0.366412	-0.236641	13.363405
-0.264648	0.071777	1.041260	0.954198	0.183206	0.099237	13.373706
-0.263184	0.054443	1.048340	1.824427	0.320611	0.450382	13.384346
-0.262939	0.066406	1.052490	-0.297710	-0.503817	0.351145	13.394619
-0.251953	0.058105	1.048584	-0.473282	-0.854962	1.061069	13.404869
-0.263428	0.042236	1.032715	-0.816794	-0.198473	0.961832	13.415167
-0.263184	0.040039	1.041016	0.114504	0.381679	0.832061	13.425623
-0.268066	0.042969	1.077148	-0.335878	0.389313	0.114504	13.435589
-0.266602	0.051270	1.079590	-0.206107	-0.580153	0.473282	13.446155
-0.270508	0.040039	1.060547	-0.259542	-0.709924	1.244275	13.456450
-0.265381	0.025635	1.067627	0.106870	-1.328244	0.671756	13.467097
-0.254150	0.028076	1.037354	1.091603	-1.839695	-0.038168	13.477271
-0.249268	0.042969	1.031494	1.198473	-0.786260	-0.305344	13.487808
-0.252441	0.047607	1.044189	1.038168	-0.358779	-0.389313	13.498201
-0.260986	0.046387	1.062012	0.511450	-0.862595	-0.763359	13.508401
-0.267334	0.051270	1.051514	0.702290	-1.618321	-0.671756	13.518588
-0.264648	0.057617	1.045654	0.793893	-1.297710	-0.541985	13.529193
-0.267822	0.074463	1.057373	1.076336	-0.946565	0.213740	13.539467
-0.257812	0.062012	1.047119	0.793893	-1.083969	0.664122	13.549906
-0.250488	0.063477	1.025879	-0.206107	-0.648855	0.450382	13.560631
-0.255371	0.057129	1.044922	-0.274809	-1.129771	0.908397	13.570917
-0.252441	0.057861	1.035889	-1.396947	-0.534351	0.458015	13.581376
-0.260010	0.052734	1.042725	-1.992366	-0.641221	0.694656	13.592111
-0.261719	0.046631	1.054443	0.305344	-0.595420	1.412214	13.602347
-0.261475	0.047119	1.048828	0.106870	-0.633588	0.816794	13.612426
-0.252930	0.050293	1.034668	1.343511	-0.358779	0.534351	13.622869
-0.264648	0.056885	1.040283	1.251908	0.152672	0.419847	13.633181
-0.259521	0.063232	1.049561	0.335878	-0.022901	0.328244	13.643324
-0.261719	0.052246	1.047119	0.000000	-0.183206	0.160305	13.653555
-0.257568	0.046875	1.041016	0.519084	-0.488550	-0.129771	13.663791
-0.264648	0.056152	1.031494	0.328244	-0.129771	-0.229008	13.673885
-0.269043	0.049561	1.049316	1.221374	-0.404580	-0.404580	13.684479
-0.259521	0.056641	1.053223	1.229008	-0.114504	-0.038168	13.695042
-0.263916	0.055176	1.044434	1.297710	0.229008	0.106870	13.705572
-0.253662	0.073975	1.057617	0.862595	-0.473282	0.885496	13.715570
