-0.526123	0.034180	0.966064	-10.458015	-1.099237	-13.351145	0.002724
-0.513428	0.040039	0.939697	-0.412214	-2.160305	-1.465649	0.011480
-0.511963	0.063721	0.905029	-1.824427	-2.251908	-1.572519	0.019680
-0.506592	0.072754	0.880859	-1.870229	-1.030534	-0.931298	0.027767
-0.505615	0.065918	0.874023	-2.549618	0.641221	-0.183206	0.036126
-0.509766	0.054199	0.879883	-2.435115	2.038168	0.702290	0.044289
-0.518311	0.047607	0.921387	-1.801527	2.648855	0.809160	0.052406
-0.521484	0.047607	0.940918	-1.053435	1.343511	0.519084	0.060558
-0.516357	0.056885	0.970459	-0.412214	-0.511450	1.366412	0.068770
-0.518066	0.060791	0.972412	-0.969466	-3.534351	2.061069	0.076961
-0.517090	0.051758	0.940186	-0.977099	-5.511450	3.366412	0.085367
-0.508057	0.042480	0.908447	-0.145038	-5.679389	4.328244	0.093607
-0.510254	0.028076	0.902832	0.152672	-5.099237	3.992366	0.101687
-0.510010	0.022461	0.909912	0.167939	-5.297710	2.412214	0.109773
-0.509277	0.018799	0.914551	-0.114504	-5.618321	0.656489	0.117861
-0.512451	0.039062	0.919434	-0.061069	-5.206107	1.946565	0.125984
-0.504150	0.044434	0.901855	-0.167939	-5.824427	0.175573	0.134092
-0.512939	0.036133	0.913574	-0.229008	-2.251908	0.351145	0.142340
-0.509766	0.024902	0.911865	-0.297710	-0.954198	-0.305344	0.150420
-0.518311	0.029541	0.941895	0.427481	-0.312977	-1.282443	0.158502
-0.516602	0.039307	0.927002	0.641221	0.152672	-2.442748	0.166623
-0.516602	0.054932	0.935303	1.335878	0.450382	-2.267176	0.174945
-0.511963	0.059570	0.927734	1.091603	0.961832	-2.297710	0.183046
-0.511719	0.063477	0.927246	1.450382	0.847328	-1.671756	0.191200
-0.504639	0.068848	0.932129	1.343511	1.160305	-1.244275	0.199278
-0.502686	0.070801	0.910645	1.587786	1.770992	-0.603053	0.207442
-0.495605	0.058105	0.891357	2.000000	2.633588	0.290076	0.215605
-0.498779	0.055908	0.888184	2.290076	3.984733	1.496183	0.224012
-0.507568	0.045410	0.922363	2.053435	4.007634	0.992366	0.232187
-0.515625	0.042725	0.948730	1.778626	3.229008	0.145038	0.240249
-0.516357	0.052246	0.940186	0.969466	1.664122	-0.427481	0.248310
-0.517822	0.064453	0.925049	0.297710	0.687023	-0.755725	0.257117
-0.511230	0.066650	0.916748	-0.229008	0.274809	0.061069	0.265458
-0.513184	0.053711	0.921875	-0.732824	0.488550	0.702290	0.275435
-0.515137	0.038086	0.927979	-0.511450	0.717557	0.503817	0.284815
-0.515381	0.042480	0.922119	0.053435	0.641221	-0.221374	0.293926
-0.504883	0.048096	0.913818	0.312977	0.786260	-0.091603	0.302775
-0.510010	0.055908	0.924072	0.763359	1.381679	0.320611	0.312676
-0.510254	0.047363	0.924561	1.122137	1.351145	0.877863	0.322494
-0.511230	0.047119	0.935303	1.000000	0.816794	1.656489	0.330658
-0.512451	0.040771	0.922852	0.954198	0.442748	1.473282	0.338739
-0.510742	0.033691	0.928711	0.778626	0.015267	0.648855	0.349545
-0.528320	0.032715	0.941406	0.160305	-1.129771	-0.183206	0.358934
-0.516846	0.042236	0.943848	-0.541985	-2.496183	-0.954198	0.368407
-0.506348	0.052002	0.921875	-0.496183	-2.801527	-1.290076	0.377946
-0.504639	0.063721	0.907959	-0.709924	-2.374046	-1.274809	0.387561
-0.504883	0.063721	0.892578	-0.473282	-1.106870	-0.519084	0.397150
-0.513428	0.060791	0.913574	0.236641	-0.328244	0.305344	0.406516
-0.515869	0.056885	0.921143	1.328244	0.053435	1.183206	0.415967
-0.520264	0.058105	0.929932	1.206107	-0.419847	1.183206	0.425160
-0.521729	0.052002	0.945312	1.389313	-1.068702	1.183206	0.435153
-0.516357	0.050781	0.921875	1.274809	-1.312977	1.305344	0.444790
-0.513672	0.049316	0.920410	0.832061	-0.885496	1.068702	0.454102
-0.507080	0.043945	0.907715	0.175573	-0.267176	0.832061	0.463493
-0.519043	0.037842	0.919678	-1.946565	0.061069	0.824427	0.472366
-0.518799	0.040771	0.942139	0.053435	-0.160305	0.648855	0.482348
-0.516113	0.040283	0.949707	-0.038168	-1.595420	0.534351	0.491574
-0.513428	0.041260	0.947021	0.083969	-2.618321	0.709924	0.501049
-0.513916	0.044189	0.935547	0.435115	-3.755725	0.419847	0.510527
-0.506104	0.053223	0.927002	0.419847	-4.122137	0.305344	0.519872
-0.507568	0.062012	0.915283	0.114504	-4.030534	1.152672	0.529323
-0.499756	0.049316	0.899658	-0.213740	-3.236641	1.725191	0.539293
-0.503662	0.036133	0.886719	0.297710	-1.435115	1.519084	0.549700
-0.511719	0.034912	0.901367	0.954198	-0.145038	0.244275	0.559420
-0.508301	0.041260	0.922852	1.267176	0.412214	-1.198473	0.568651
-0.504883	0.050537	0.912109	0.847328	0.671756	-1.770992	0.578107
-0.509521	0.064941	0.919189	0.335878	0.786260	-1.557252	0.587544
-0.507080	0.072998	0.911377	-0.221374	0.740458	-0.687023	0.597198
-0.506592	0.060059	0.916992	-0.213740	1.190840	-0.145038	0.606612
-0.511963	0.046143	0.929688	-0.213740	1.091603	-0.809160	0.616281
-0.505371	0.056152	0.951172	0.038168	0.465649	-1.519084	0.625213
-0.509277	0.066895	0.925293	0.450382	0.610687	-1.022901	0.634530
-0.511475	0.072510	0.936523	0.610687	0.282443	0.061069	0.644558
-0.510010	0.073730	0.935059	0.030534	-0.610687	1.404580	0.654185
-0.507568	0.063721	0.941162	-0.725191	-1.725191	1.175573	0.663675
-0.504639	0.053955	0.918945	-1.145038	-2.557252	0.923664	0.672920
-0.515137	0.059814	0.908203	-1.587786	-2.748092	1.091603	0.682663
-0.502686	0.049561	0.903564	-1.595420	-1.625954	0.809160	0.691834
-0.508301	0.044678	0.899658	-1.007634	-0.183206	0.938931	0.701396
-0.497070	0.036621	0.915283	-0.213740	1.396947	0.931298	0.710764
-0.504395	0.035156	0.912598	0.152672	2.366412	0.206107	0.720169
-0.504639	0.045166	0.908691	1.068702	3.167939	-0.389313	0.729616
-0.503906	0.053467	0.926514	1.908397	3.496183	-0.824427	0.739014
-0.509033	0.063965	0.945557	1.496183	2.572519	-0.427481	0.748230
-0.509033	0.068604	0.937256	0.137405	1.099237	0.465649	0.757861
-0.500488	0.072021	0.937256	-0.618321	0.045802	1.618321	0.767262
-0.521973	0.065186	0.966064	-0.984733	-2.206107	1.908397	0.776660
-0.532959	0.060791	0.964111	-1.854962	-5.091603	2.190840	0.786386
-0.518311	0.050293	0.958496	-2.442748	-6.809160	2.297710	0.795844
-0.518555	0.040771	0.909180	-2.167939	-6.854962	2.557252	0.805349
-0.512207	0.031982	0.894775	-1.740458	-5.091603	2.000000	0.814678
-0.508301	0.017090	0.887695	-0.984733	-2.465649	1.152672	0.824074
-0.501465	0.019531	0.887695	0.213740	0.106870	-0.488550	0.833332
-0.506592	0.034668	0.917725	0.625954	1.770992	-1.549618	0.842793
-0.512207	0.048828	0.930908	0.290076	1.854962	-1.312977	0.852153
-0.512207	0.053955	0.935547	0.229008	1.076336	-0.648855	0.861451
-0.504639	0.052246	0.921875	0.183206	0.541985	0.374046	0.870966
-0.505859	0.040527	0.908447	0.076336	0.610687	0.580153	0.880382
-0.510010	0.037598	0.906006	0.603053	1.122137	-0.137405	0.890157
-0.512451	0.043213	0.919434	0.687023	1.129771	-0.251908	0.899425
-0.510986	0.048584	0.937744	0.305344	0.587786	-0.129771	0.908952
-0.510986	0.050049	0.928711	-0.541985	-0.244275	-0.351145	0.917793
-0.510254	0.050049	0.938721	-1.473282	-0.916031	-0.114504	0.927397
-0.511963	0.049316	0.916016	-2.427481	-0.954198	-0.091603	0.936857
-0.513184	0.043213	0.902100	-2.290076	-0.091603	0.152672	0.945668
-0.505371	0.037598	0.901611	-1.351145	0.969466	0.175573	0.954487
-0.509766	0.030762	0.911133	-0.404580	1.366412	0.267176	0.963502
-0.511475	0.023926	0.909668	1.038168	1.656489	0.122137	0.973718
-0.505859	0.028076	0.911621	2.160305	2.167939	-0.687023	0.983509
-0.511963	0.036377	0.926514	2.274809	1.595420	-1.068702	0.993206
-0.512451	0.051025	0.940186	1.167939	0.404580	-1.473282	1.002496
-0.506836	0.061523	0.933105	0.244275	-1.190840	-1.290076	1.011918
-0.501221	0.061523	0.913818	-0.610687	-2.297710	-0.114504	1.021311
-0.485352	0.045898	0.904541	-1.396947	-2.190840	0.519084	1.030937
-0.504639	0.030762	0.910156	-1.000000	-1.297710	-0.114504	1.040315
-0.516113	0.035156	0.924805	-0.473282	-1.030534	-1.603053	1.049742
-0.520508	0.049805	0.947754	-0.251908	-1.725191	-2.725191	1.059331
-0.519775	0.068848	0.936768	-0.053435	-2.198473	-3.900763	1.068665
-0.514160	0.082275	0.937012	0.183206	-3.137405	0.137405	1.078031
-0.517090	0.067139	0.925781	-0.305344	-3.396947	2.190840	1.087793
-0.507324	0.050049	0.938721	0.053435	-3.175573	2.740458	1.097155
-0.505859	0.030762	0.927490	0.595420	-2.793893	1.564885	1.106830
-0.502686	0.034180	0.900391	0.320611	-1.473282	0.290076	1.116282
-0.497803	0.041504	0.891602	0.129771	0.358779	-0.267176	1.126243
-0.508545	0.058594	0.906738	0.396947	2.137405	-0.450382	1.136016
-0.505859	0.052490	0.938477	-0.190840	2.015267	-0.465649	1.145847
-0.515381	0.052246	0.939941	-0.015267	1.007634	0.488550	1.155728
-0.521973	0.049561	0.935791	1.114504	0.503817	1.816794	1.165182
-0.531006	0.033691	0.934326	1.496183	0.351145	1.770992	1.174582
-0.512939	0.029053	0.929688	1.931298	0.305344	0.480916	1.183923
-0.496338	0.047119	0.915283	2.358779	1.167939	-0.755725	1.193423
-0.499023	0.063721	0.892578	1.725191	2.022901	-0.221374	1.202809
-0.493164	0.070801	0.887695	0.656489	3.473282	1.328244	1.212353
-0.498535	0.048584	0.904297	0.381679	4.839695	2.458015	1.221976
-0.509033	0.022461	0.935547	0.572519	5.297710	2.358779	1.231398
-0.522461	0.007568	0.946777	0.755725	4.610687	0.793893	1.240517
-0.524902	0.008545	0.952637	0.610687	2.709924	-1.824427	1.250019
-0.523193	0.037109	0.936523	-0.190840	1.274809	-3.335878	1.259363
-0.514404	0.054688	0.944580	-0.755725	0.145038	-3.465649	1.267978
-0.511963	0.067383	0.941406	-1.977099	-1.000000	-2.847328	1.276395
-0.514404	0.071045	0.936768	-2.809160	-1.816794	-1.656489	1.284816
-0.513428	0.072998	0.920654	-2.404580	-2.183206	-0.328244	1.293053
-0.508057	0.073730	0.918701	-1.366412	-1.793893	1.053435	1.301365
-0.508789	0.064453	0.910400	-0.366412	-0.923664	2.251908	1.309261
-0.519043	0.050537	0.928711	0.435115	-0.167939	2.877863	1.317981
-0.521729	0.046875	0.922363	1.251908	-0.198473	2.916031	1.326485
-0.531006	0.036133	0.942627	1.427481	-0.412214	2.236641	1.335145
-0.524658	0.035645	0.940674	1.022901	-0.809160	1.106870	1.343026
-0.523193	0.038330	0.939209	0.389313	-1.381679	0.007634	1.351405
-0.516357	0.047363	0.927246	-0.152672	-1.488550	-0.099237	1.359846
-0.515869	0.051270	0.910400	-0.702290	-1.511450	-0.274809	1.368160
-0.514160	0.055908	0.920410	-0.656489	-1.656489	0.442748	1.376602
-0.518555	0.049561	0.953125	-0.641221	-2.839695	0.740458	1.385238
-0.517578	0.050049	0.950928	-0.297710	-4.175573	1.206107	1.393057
-0.512939	0.051025	0.934814	-0.007634	-4.900763	1.580153	1.401623
-0.512939	0.044922	0.913818	0.435115	-4.748092	2.687023	1.409894
-0.508301	0.023682	0.902344	0.664122	-3.687023	2.687023	1.418161
-0.513916	0.012695	0.899170	0.862595	-2.061069	1.106870	1.426660
-0.512451	0.019775	0.907959	0.923664	-1.114504	-1.366412	1.435320
-0.509277	0.039062	0.919678	0.458015	-0.679389	-2.801527	1.443785
-0.505615	0.065674	0.919678	-0.396947	-1.244275	-2.503817	1.451885
-0.506104	0.081055	0.912842	-1.206107	-1.610687	-1.030534	1.460369
-0.505127	0.066406	0.924805	-1.572519	-1.900763	0.290076	1.468850
-0.503662	0.059082	0.915283	-1.236641	-1.664122	1.290076	1.477258
-0.506348	0.047119	0.904541	-1.038168	-1.000000	1.877863	1.485797
-0.495117	0.045166	0.895020	-0.312977	0.580153	1.374046	1.493994
-0.495605	0.034180	0.907959	0.503817	2.145038	1.297710	1.502446
-0.507324	0.033203	0.913086	0.526718	2.770992	0.877863	1.510639
-0.511230	0.036377	0.920898	0.404580	2.977099	0.137405	1.518815
-0.510010	0.037109	0.934570	0.465649	2.870229	-0.312977	1.527056
-0.515381	0.044922	0.942139	0.900763	2.297710	-0.534351	1.535710
-0.517334	0.051025	0.945068	-0.129771	0.984733	-0.694656	1.543830
-0.509033	0.053467	0.926270	-0.770992	0.877863	-0.862595	1.552033
-0.509033	0.055664	0.928711	-0.244275	0.618321	0.068702	1.560215
-0.515381	0.054932	0.932373	-0.167939	0.259542	0.954198	1.568674
-0.518555	0.053955	0.950684	-0.374046	-0.396947	1.427481	1.576996
-0.516357	0.046143	0.945801	-0.152672	-1.435115	1.503817	1.585050
-0.515869	0.042725	0.932861	0.045802	-2.244275	2.038168	1.592840
-0.512695	0.043213	0.918945	0.305344	-2.267176	1.458015	1.600621
-0.501953	0.036377	0.906494	0.633588	-1.755725	0.633588	1.609689
-0.502686	0.040283	0.891113	0.183206	-1.022901	0.358779	1.618028
-0.506592	0.047607	0.894775	0.030534	0.778626	0.160305	1.626447
-0.510254	0.048096	0.897705	0.274809	1.877863	0.061069	1.635148
-0.513184	0.051025	0.923340	0.122137	2.007634	0.160305	1.643725
-0.521240	0.041504	0.947998	-0.213740	1.435115	0.320611	1.652173
-0.522217	0.043213	0.954834	0.045802	0.122137	0.435115	1.661128
-0.521484	0.047363	0.947266	-0.450382	-1.412214	-0.068702	1.669620
-0.511719	0.053955	0.929199	-0.732824	-2.282443	-0.412214	1.678236
-0.508545	0.032959	0.903809	-0.969466	-1.984733	-0.198473	1.686874
-0.508301	0.046875	0.897705	-1.106870	-1.557252	0.267176	1.695069
-0.511963	0.056396	0.903809	-1.832061	-1.122137	-0.175573	1.703469
-0.513184	0.059082	0.902588	-1.580153	-0.404580	0.641221	1.711696
-0.513428	0.047607	0.916504	-1.106870	0.335878	0.007634	1.720242
-0.512695	0.041260	0.916260	-0.183206	0.381679	2.473282	1.728591
-0.513428	0.024902	0.924316	0.335878	0.793893	2.473282	1.737193
-0.517822	0.020508	0.923340	1.328244	0.748092	1.381679	1.745404
-0.511230	0.031982	0.924072	1.656489	0.381679	1.007634	1.753658
-0.513672	0.032227	0.922119	1.099237	-0.015267	0.870229	1.761864
-0.509033	0.037598	0.907959	0.977099	0.335878	0.564885	1.770394
-0.510498	0.033691	0.930908	0.580153	0.374046	0.267176	1.778731
-0.524170	0.031738	0.946045	-0.267176	-0.267176	-0.778626	1.786962
-0.526611	0.041260	0.946777	-0.763359	-1.328244	-0.664122	1.795230
-0.521973	0.048340	0.938232	-1.267176	-2.564885	-0.778626	1.803673
-0.507080	0.047852	0.916504	-1.213740	-2.694656	0.412214	1.812174
-0.512695	0.039795	0.895508	-0.816794	-2.427481	0.725191	1.820370
-0.516113	0.035400	0.910645	-0.549618	-1.885496	0.488550	1.828740
-0.511719	0.039307	0.910645	-0.549618	-1.549618	0.053435	1.837184
-0.507568	0.041992	0.906738	-0.045802	-1.068702	-0.122137	1.845631
-0.509521	0.046387	0.911621	-0.648855	-0.832061	0.496183	1.853795
-0.508545	0.048828	0.910645	0.007634	-0.702290	-0.351145	1.861996
-0.507568	0.041748	0.905273	-0.282443	0.251908	0.083969	1.870493
-0.521240	0.037598	0.921387	-0.610687	-0.061069	0.312977	1.878931
-0.518311	0.035156	0.925537	-0.725191	0.389313	-0.587786	1.887345
-0.508057	0.040527	0.917236	-1.374046	0.305344	-0.511450	1.895887
-0.518311	0.034668	0.925537	-0.519084	-1.083969	-0.312977	1.904081
-0.508301	0.034180	0.921387	-0.839695	-1.519084	-0.557252	1.912702
-0.510742	0.042969	0.916016	-0.709924	-1.740458	-0.687023	1.921195
-0.501221	0.039795	0.891113	-1.297710	-1.015267	-0.786260	1.929421
-0.499512	0.044678	0.893555	-1.083969	-0.511450	-0.786260	1.937633
-0.506592	0.047607	0.893066	-1.351145	0.465649	-0.519084	1.946334
-0.498779	0.041504	0.898682	-1.343511	0.900763	-0.549618	1.954683
-0.500977	0.038818	0.906738	-0.755725	0.969466	-0.206107	1.962808
-0.506104	0.034424	0.904297	-0.549618	1.114504	0.732824	1.971354
-0.507812	0.033691	0.927490	0.160305	0.938931	0.145038	1.979776
-0.513184	0.037598	0.940674	0.396947	-0.412214	-0.091603	1.987964
-0.518799	0.051270	0.958008	-0.282443	-2.343511	0.007634	1.996686
-0.511230	0.055908	0.955322	-0.610687	-3.824427	0.541985	2.004900
-0.520264	0.064697	0.929932	-0.977099	-4.572519	1.259542	2.013455
-0.514160	0.052734	0.926270	-0.954198	-4.366412	1.847328	2.021896
-0.506348	0.043213	0.902100	-1.022901	-3.832061	2.045802	2.030085
-0.505615	0.034424	0.890625	-0.618321	-2.625954	1.839695	2.038371
-0.500977	0.024902	0.892334	0.328244	-0.389313	1.290076	2.047013
-0.506348	0.033691	0.898926	1.183206	1.618321	0.877863	2.055131
-0.512207	0.034668	0.932129	1.778626	2.374046	0.725191	2.063340
-0.514648	0.039795	0.930176	1.633588	2.381679	0.595420	2.071993
-0.511719	0.040527	0.944092	2.015267	1.564885	0.725191	2.080470
-0.505859	0.039795	0.955078	2.190840	0.229008	0.938931	2.088812
-0.504639	0.036621	0.929443	2.106870	-0.297710	0.824427	2.097545
-0.505615	0.034912	0.912109	1.992366	-0.175573	0.908397	2.105665
-0.498779	0.030273	0.916992	1.938931	-0.068702	0.992366	2.114357
-0.496338	0.041260	0.933594	1.198473	-0.396947	0.755725	2.122180
-0.507568	0.041748	0.918457	0.389313	-0.541985	0.801527	2.130832
-0.507812	0.046631	0.914062	0.458015	0.022901	1.083969	2.138951
-0.507812	0.040039	0.918457	0.641221	1.007634	1.213740	2.147602
-0.500977	0.027832	0.923584	0.946565	1.465649	0.679389	2.156083
-0.517090	0.024658	0.929443	1.114504	1.687023	-0.595420	2.164276
-0.519775	0.038818	0.937988	0.900763	1.763359	-1.618321	2.172936
-0.517090	0.052734	0.930908	0.320611	1.587786	-1.534351	2.181621
-0.517334	0.058838	0.924805	-0.061069	1.328244	-0.832061	2.190288
-0.509521	0.056152	0.938477	-0.419847	1.068702	0.175573	2.198801
-0.517578	0.041260	0.930664	-0.137405	0.427481	0.511450	2.206822
-0.527588	0.046875	0.953613	0.145038	-0.969466	0.725191	2.215156
-0.520508	0.040039	0.950928	0.847328	-2.198473	0.908397	2.223822
-0.525391	0.041016	0.952881	1.290076	-3.099237	1.488550	2.231759
-0.520264	0.039062	0.934814	0.938931	-3.435115	1.679389	2.240077
-0.519043	0.033203	0.922363	0.977099	-2.916031	1.366412	2.248826
-0.516113	0.016357	0.890137	1.007634	-2.091603	0.160305	2.257192
-0.503662	0.033691	0.901123	0.908397	-1.343511	-0.984733	2.265466
-0.508545	0.052979	0.916504	0.458015	-0.793893	-1.022901	2.273676
-0.517822	0.067627	0.936523	0.648855	-0.832061	-0.534351	2.282084
-0.512695	0.071289	0.932373	-0.206107	-1.763359	0.206107	2.290771
-0.514404	0.064453	0.921387	-0.511450	-2.267176	0.931298	2.299006
-0.510498	0.052490	0.904297	-0.129771	-1.885496	2.076336	2.307290
-0.502441	0.034424	0.889160	0.801527	-0.618321	3.900763	2.317725
-0.505615	0.022949	0.904541	1.702290	0.290076	1.595420	2.326082
-0.496338	0.031738	0.916504	1.900763	0.679389	1.061069	2.335851
-0.503906	0.041992	0.919189	0.954198	0.709924	0.305344	2.346477
-0.502686	0.042969	0.919434	0.076336	0.618321	-0.122137	2.356747
-0.504150	0.039551	0.935059	-0.526718	0.381679	-0.305344	2.367316
-0.502441	0.030273	0.937744	-0.931298	-0.160305	-0.793893	2.377036
-0.509766	0.039795	0.912354	-0.603053	-0.618321	-1.335878	2.387954
-0.512695	0.049561	0.939453	-0.114504	-0.709924	-1.061069	2.398320
-0.521484	0.060303	0.933838	-0.251908	-0.946565	-0.236641	2.408868
-0.519531	0.053711	0.936768	-0.312977	-1.137405	0.465649	2.418958
-0.520264	0.047363	0.921631	0.671756	-0.977099	1.045802	2.429111
-0.514160	0.037842	0.918213	1.122137	-0.916031	1.045802	2.438623
-0.511963	0.046631	0.926270	1.251908	-0.572519	1.274809	2.447104
-0.508057	0.036865	0.930176	1.496183	-0.748092	0.648855	2.455665
-0.505371	0.043213	0.934326	0.854962	-1.030534	0.320611	2.463979
-0.507080	0.041748	0.926025	-0.137405	-1.480916	-0.557252	2.472236
-0.499512	0.041260	0.915527	-0.358779	-0.916031	-0.931298	2.480751
-0.494629	0.048096	0.902344	-0.435115	-0.022901	-1.297710	2.489235
-0.503906	0.054688	0.911133	-0.969466	0.419847	-1.389313	2.497835
-0.499512	0.053711	0.933594	-1.236641	-0.312977	-0.961832	2.506110
-0.504883	0.065918	0.940918	-1.221374	-1.351145	-0.190840	2.514277
-0.510254	0.060791	0.931396	-1.473282	-1.801527	0.709924	2.522975
-0.504883	0.054443	0.914795	-0.755725	-1.664122	1.488550	2.531431
-0.513916	0.034668	0.907471	-0.335878	-1.091603	1.564885	2.539864
-0.516602	0.032715	0.905273	0.221374	-0.259542	0.488550	2.548282
-0.515869	0.045898	0.909424	0.786260	0.717557	-0.259542	2.556642
-0.513916	0.059570	0.927002	1.312977	1.015267	-0.167939	2.565021
-0.520508	0.059570	0.935303	1.007634	0.702290	0.709924	2.573206
-0.524414	0.057129	0.938721	0.091603	0.213740	1.175573	2.581617
-0.519775	0.049316	0.932373	-0.435115	-0.198473	1.053435	2.590245
-0.516113	0.052246	0.946777	-0.893130	-0.572519	0.885496	2.598712
-0.511963	0.049316	0.928711	-1.595420	-0.961832	0.824427	2.607105
-0.510742	0.050049	0.925293	-1.809160	-0.824427	1.007634	2.615274
-0.515625	0.040527	0.902100	-1.679389	-0.480916	0.816794	2.623786
-0.519531	0.035156	0.935059	-1.541985	-0.076336	0.679389	2.632191
-0.514160	0.042725	0.928467	-1.038168	-0.618321	0.572519	2.640544
-0.513916	0.044189	0.936035	-0.969466	-0.595420	1.381679	2.648435
-0.510498	0.035645	0.946289	-0.816794	-1.389313	1.694656	2.656426
-0.509766	0.031738	0.946045	-0.236641	-2.450382	1.908397	2.664496
-0.510498	0.025391	0.939453	-0.251908	-3.366412	1.419847	2.673626
-0.502930	0.025879	0.921387	-0.083969	-3.251908	1.213740	2.681644
-0.497803	0.032227	0.900391	-0.183206	-2.870229	1.137405	2.690477
-0.497803	0.045410	0.898193	-0.526718	-2.335878	0.312977	2.698831
-0.504639	0.039307	0.895264	-0.732824	-1.793893	-0.419847	2.707339
-0.499268	0.048096	0.882812	-0.740458	-1.175573	-0.236641	2.715804
-0.500488	0.052490	0.877441	-0.320611	-0.106870	0.641221	2.723928
-0.495117	0.046387	0.886963	0.297710	1.167939	1.564885	2.732677
-0.512451	0.042969	0.907471	0.603053	1.969466	1.770992	2.741290
-0.507080	0.037598	0.917480	1.129771	2.267176	1.946565	2.749779
-0.510986	0.033691	0.921631	1.671756	2.389313	1.832061	2.758530
-0.510742	0.039795	0.917236	1.473282	2.106870	1.496183	2.766995
-0.511719	0.051025	0.919922	0.854962	3.900763	1.473282	2.775346
-0.519775	0.038330	0.913086	0.061069	2.190840	1.770992	2.783551
-0.521484	0.031006	0.955078	-0.641221	1.488550	1.091603	2.792199
-0.522217	0.026855	0.971680	-1.305344	-0.786260	-0.022901	2.800582
-0.522949	0.043213	0.952393	-2.251908	-2.755725	-0.473282	2.808787
-0.513672	0.047607	0.920166	-2.114504	-2.809160	0.908397	2.817440
-0.513916	0.041504	0.909180	-1.175573	-1.908397	2.213740	2.825714
-0.511963	0.024902	0.913574	-0.610687	-1.160305	2.389313	2.834448
-0.509033	0.000732	0.926270	0.465649	-0.534351	1.419847	2.842704
-0.511475	0.004150	0.918457	1.511450	-0.412214	0.328244	2.851320
-0.498291	0.017090	0.903809	1.824427	-0.083969	-0.709924	2.859683
-0.499512	0.034668	0.900146	1.068702	0.488550	-1.351145	2.867427
-0.498291	0.035645	0.879150	0.595420	1.526718	-1.419847	2.875376
-0.505127	0.036133	0.900635	0.206107	2.259542	-2.145038	2.883111
-0.509277	0.051514	0.929443	-0.389313	2.816794	-2.541985	2.892164
-0.504395	0.054932	0.905273	-0.763359	2.908397	-1.809160	2.900723
-0.509033	0.054932	0.927490	-0.458015	2.954198	-1.061069	2.909154
-0.512207	0.052490	0.934814	0.076336	2.618321	-0.122137	2.917244
-0.520020	0.047363	0.937256	0.068702	2.091603	-0.396947	2.925722
-0.525146	0.052490	0.944092	0.305344	1.328244	-0.404580	2.934336
-0.524414	0.054199	0.934326	0.641221	1.236641	0.198473	2.942655
-0.526855	0.058838	0.934570	0.458015	1.190840	0.755725	2.950948
-0.528320	0.047607	0.936768	0.160305	0.969466	0.969466	2.959312
-0.529785	0.040039	0.950439	0.206107	0.664122	1.038168	2.967815
-0.535400	0.035156	0.945801	0.587786	0.389313	1.183206	2.976330
-0.530518	0.029785	0.953125	0.893130	-0.099237	0.251908	2.984777
-0.518555	0.036377	0.951416	0.801527	-0.572519	-0.656489	2.992984
-0.524414	0.045654	0.936035	1.167939	-0.801527	-0.320611	3.001529
-0.513916	0.044922	0.927246	1.473282	-1.015267	0.488550	3.010210
-0.508545	0.043945	0.908203	1.458015	-0.877863	0.763359	3.018344
-0.494629	0.038818	0.889893	1.396947	-0.587786	1.328244	3.026636
-0.500732	0.026611	0.883789	1.603053	0.259542	0.778626	3.035165
-0.490723	0.026855	0.881104	1.656489	1.687023	0.030534	3.043846
-0.500244	0.016846	0.875977	1.679389	2.687023	-0.664122	3.052025
-0.506348	0.039795	0.897217	1.175573	3.137405	-1.045802	3.060294
-0.504150	0.044678	0.907227	0.603053	3.038168	-1.175573	3.068545
-0.509521	0.060303	0.906738	-0.068702	2.389313	-1.229008	3.076615
-0.516846	0.063721	0.909180	-0.679389	1.923664	-0.458015	3.085055
-0.521973	0.066406	0.909180	-0.854962	1.748092	0.931298	3.094037
-0.521973	0.059570	0.921387	-0.801527	1.343511	1.954198	3.102355
-0.530029	0.043945	0.937012	-0.244275	0.778626	2.106870	3.110811
-0.531982	0.046387	0.934570	0.083969	0.190840	2.160305	3.119070
-0.534180	0.042480	0.929932	0.351145	-0.305344	2.519084	3.127244
-0.524170	0.039062	0.933594	0.755725	-0.305344	2.458015	3.135622
-0.525146	0.045410	0.923584	1.122137	-0.748092	2.129771	3.144367
-0.520020	0.026611	0.937744	1.221374	-1.396947	1.648855	3.152688
-0.520020	0.033447	0.933838	0.778626	-2.175573	1.343511	3.160982
-0.510986	0.037354	0.926758	0.603053	-2.801527	1.267176	3.169334
-0.508545	0.038574	0.911621	0.236641	-3.061069	1.297710	3.177650
-0.506592	0.033936	0.904053	0.122137	-2.664122	1.740458	3.185830
-0.502197	0.027832	0.891602	0.045802	-1.572519	1.633588	3.193814
-0.499023	0.024902	0.899414	0.167939	-0.435115	0.297710	3.202427
-0.499512	0.035889	0.898438	-0.076336	0.366412	-0.763359	3.211080
-0.500244	0.050537	0.902344	-0.259542	1.320611	-0.625954	3.219520
-0.510986	0.069336	0.907959	-0.465649	1.931298	0.557252	3.228054
-0.522949	0.053711	0.925781	-0.816794	2.206107	2.091603	3.236563
-0.532715	0.038330	0.952148	-0.862595	1.984733	2.351145	3.245565
-0.534668	0.013672	0.954834	-0.236641	1.068702	1.419847	3.254018
-0.531982	0.017090	0.940430	0.404580	0.526718	0.282443	3.262562
-0.530762	0.027344	0.927490	0.618321	0.290076	-0.748092	3.271019
-0.532227	0.035400	0.924561	0.687023	0.213740	-1.000000	3.279484
-0.531250	0.043945	0.940430	-0.076336	-0.274809	-0.977099	3.287747
-0.529541	0.046387	0.946289	-0.847328	-1.381679	-0.755725	3.296394
-0.522949	0.042969	0.935547	-1.427481	-2.473282	-0.106870	3.304921
-0.527100	0.041260	0.930664	-1.106870	-2.984733	0.580153	3.313382
-0.528809	0.027344	0.904053	-0.557252	-2.946565	0.580153	3.321291
-0.514404	0.024658	0.898193	0.053435	-1.992366	-0.099237	3.329199
-0.517090	0.023438	0.898438	1.541985	-0.610687	-1.206107	3.337087
-0.523193	0.040039	0.912842	2.030534	0.213740	-1.702290	3.345011
-0.518066	0.055664	0.906982	1.587786	0.038168	-1.526718	3.353492
-0.529785	0.061035	0.924805	0.709924	-0.229008	-0.488550	3.363899
-0.517578	0.052002	0.911621	-0.328244	-0.595420	-0.312977	3.374407
-0.516846	0.049561	0.915039	-1.259542	-0.442748	-0.893130	3.384975
-0.512695	0.054199	0.917236	-1.061069	-0.358779	-1.511450	3.395253
-0.512207	0.057861	0.907471	-0.648855	-0.038168	-0.358779	3.405831
-0.517578	0.045410	0.927490	-0.099237	-0.358779	0.832061	3.416054
-0.509521	0.036865	0.909668	0.458015	-0.526718	1.083969	3.426341
-0.508301	0.032959	0.913330	1.206107	-0.541985	1.122137	3.436066
-0.509766	0.029297	0.914062	0.740458	-0.167939	0.114504	3.447166
-0.504395	0.037842	0.915771	0.465649	0.511450	-0.534351	3.457423
-0.503662	0.052490	0.932373	-0.038168	0.274809	-0.129771	3.467953
-0.505127	0.041748	0.915039	-0.381679	0.190840	0.702290	3.478346
-0.502686	0.030273	0.901611	0.152672	0.709924	0.458015	3.488462
-0.503662	0.024658	0.908447	0.732824	1.167939	-0.351145	3.498857
-0.512939	0.036865	0.918945	1.083969	1.511450	-0.885496	3.508791
-0.511719	0.057861	0.927002	1.198473	2.122137	-1.183206	3.519047
-0.530029	0.057129	0.951172	1.297710	1.358779	-0.740458	3.529767
-0.521973	0.071289	0.937012	0.694656	0.129771	-0.297710	3.540249
-0.522949	0.061523	0.931885	0.236641	-1.458015	0.916031	3.550488
-0.510498	0.054932	0.903564	-0.290076	-1.709924	1.068702	3.560974
-0.507080	0.053711	0.871582	-0.427481	-0.145038	0.793893	3.571405
-0.504150	0.039062	0.870361	-0.251908	2.083969	0.824427	3.581537
-0.515625	0.044922	0.893555	0.122137	3.511450	0.893130	3.591652
-0.524658	0.037109	0.930420	0.106870	3.068702	0.671756	3.602370
-0.524170	0.041748	0.941162	-0.015267	1.656489	0.145038	3.612942
-0.521729	0.041992	0.933838	-0.786260	-0.358779	-0.671756	3.622683
-0.519287	0.058350	0.927002	-1.160305	-2.076336	-0.366412	3.633153
-0.513428	0.055420	0.915039	-2.137405	-2.259542	0.839695	3.643465
-0.521240	0.033203	0.906982	-2.587786	-1.473282	1.297710	3.654229
-0.526367	0.026855	0.910645	-1.099237	-0.435115	1.877863	3.664705
-0.530518	0.021729	0.932129	-0.083969	-0.076336	1.473282	3.675228
-0.535645	0.031738	0.931885	0.419847	-0.297710	1.030534	3.685586
-0.534668	0.033203	0.930908	0.381679	-0.328244	0.358779	3.695976
-0.529541	0.041504	0.919922	0.152672	-0.519084	0.748092	3.706685
-0.523193	0.041992	0.916992	-0.900763	-0.541985	1.106870	3.717057
-0.522461	0.026123	0.912842	-1.595420	0.244275	1.083969	3.727248
-0.515137	0.020508	0.908691	-1.290076	1.198473	0.312977	3.737774
-0.515869	0.031250	0.911865	-0.763359	2.000000	-0.076336	3.747886
-0.520996	0.031250	0.930908	0.099237	1.885496	0.381679	3.758708
-0.523438	0.025879	0.944336	0.770992	0.603053	0.977099	3.768748
-0.517334	0.019775	0.933105	0.618321	-0.274809	0.839695	3.779236
-0.517334	0.007324	0.892822	0.664122	-0.404580	0.083969	3.789991
-0.518311	0.010254	0.881348	0.312977	0.763359	-1.641221	3.800305
-0.514160	0.036865	0.877686	0.251908	3.297710	-2.900763	3.816858
-0.534668	0.048340	0.910889	0.793893	4.106870	-2.221374	3.826519
-0.544922	0.044922	0.963135	0.770992	2.465649	-1.259542	3.836217
-0.561768	0.055176	0.982666	-0.015267	-0.748092	-0.572519	3.845677
-0.546387	0.051514	0.967041	0.183206	-3.503817	-0.526718	3.855422
-0.533447	0.053467	0.948730	-0.297710	-5.763359	0.091603	3.865189
-0.518311	0.054932	0.894287	-1.145038	-6.030534	0.862595	3.874836
-0.520264	0.038574	0.898926	-0.732824	-4.274809	1.450382	3.884706
-0.521973	0.025879	0.882080	-0.015267	-2.748092	1.061069	3.894339
-0.513916	0.021973	0.897217	0.839695	-1.221374	-0.114504	3.903965
-0.505859	0.030029	0.906982	1.312977	-0.427481	-0.793893	3.913467
-0.505615	0.058105	0.885254	1.351145	-0.190840	-1.183206	3.923224
-0.504639	0.057617	0.888916	1.351145	0.541985	-0.679389	3.932697
-0.502686	0.058838	0.886719	0.801527	1.152672	0.328244	3.942379
-0.504639	0.043945	0.890137	0.503817	1.793893	1.267176	3.951961
-0.511230	0.044922	0.895752	0.854962	2.076336	1.366412	3.961541
-0.511963	0.029785	0.900146	1.198473	2.618321	0.335878	3.971066
-0.515381	0.027832	0.904541	1.206107	3.007634	-0.519084	3.980614
-0.515381	0.039062	0.915771	1.030534	3.351145	-1.282443	3.990140
-0.527344	0.043213	0.937256	0.396947	2.473282	-1.435115	3.999699
-0.529541	0.048584	0.934814	-0.572519	0.786260	-1.572519	4.009143
-0.528076	0.053955	0.936523	-1.000000	-0.717557	-0.946565	4.018753
-0.523193	0.048828	0.928223	-0.465649	-0.938931	0.129771	4.028365
-0.517090	0.039307	0.909180	0.206107	-0.977099	0.618321	4.037931
-0.516357	0.042725	0.900879	0.534351	-0.717557	0.519084	4.047391
-0.509277	0.048096	0.900146	1.030534	-0.351145	0.503817	4.056968
-0.516602	0.052734	0.903564	0.938931	0.030534	1.274809	4.066483
-0.507568	0.049072	0.915283	0.404580	0.145038	2.061069	4.076057
-0.517822	0.022705	0.920898	-0.122137	-0.503817	1.114504	4.085639
-0.520508	0.026611	0.909668	-0.053435	-1.473282	-0.129771	4.095184
-0.533203	0.041992	0.929443	-0.465649	-2.618321	-1.000000	4.104699
-0.520020	0.050293	0.907959	-0.458015	-3.244275	-0.274809	4.114218
-0.522949	0.049561	0.895020	0.000000	-2.465649	0.984733	4.123854
-0.527100	0.041992	0.902832	0.748092	-1.480916	1.442748	4.133320
-0.526611	0.034668	0.911621	1.221374	-0.938931	0.908397	4.142846
-0.521973	0.043457	0.924316	1.122137	-0.610687	0.862595	4.152300
-0.520020	0.050293	0.926025	0.412214	-1.015267	1.106870	4.161723
-0.518066	0.041748	0.929199	-0.435115	-1.694656	2.099237	4.171127
-0.522949	0.027100	0.917969	-0.709924	-2.312977	2.610687	4.180819
-0.522217	0.019043	0.912598	-0.175573	-1.946565	2.274809	4.190230
-0.523926	0.010254	0.894287	0.244275	-1.221374	1.091603	4.199857
-0.516602	0.010986	0.898682	0.022901	-0.076336	-0.801527	4.209343
-0.520264	0.034668	0.893066	0.435115	0.923664	-1.702290	4.218873
-0.519287	0.049316	0.903320	0.511450	1.732824	-1.183206	4.228391
-0.521973	0.051025	0.904785	0.557252	2.244275	0.022901	4.237887
-0.525635	0.036377	0.927490	0.977099	2.007634	0.396947	4.247440
-0.534668	0.033203	0.947998	1.213740	0.931298	-0.465649	4.256871
-0.538818	0.043701	0.942871	1.213740	-0.358779	-0.893130	4.266353
-0.524414	0.067139	0.923340	0.763359	-1.267176	-0.587786	4.275885
-0.523682	0.074219	0.931396	-0.389313	-2.015267	1.091603	4.285488
-0.522461	0.057861	0.915771	-1.198473	-2.603053	1.984733	4.295013
-0.511719	0.042969	0.907715	-1.442748	-2.328244	2.267176	4.304540
-0.505615	0.019287	0.912598	-0.587786	-1.160305	1.267176	4.318858
-0.512939	0.012939	0.932373	-0.435115	-1.763359	-0.022901	4.329174
-0.519287	0.035156	0.936279	-0.213740	-3.053435	-1.167939	4.339716
-0.510986	0.050781	0.911377	-0.801527	-3.236641	-0.404580	4.350112
-0.513672	0.048584	0.879150	-1.564885	-2.076336	0.809160	4.360293
-0.519287	0.035645	0.889160	-1.564885	-0.190840	1.190840	4.370994
-0.519531	0.024414	0.897705	-0.244275	1.427481	0.389313	4.381291
-0.524902	0.029297	0.928711	0.763359	1.671756	-0.442748	4.391617
-0.529053	0.046143	0.903564	1.595420	1.786260	-0.167939	4.402033
-0.522949	0.048828	0.926270	1.427481	1.511450	0.152672	4.412387
-0.518311	0.056641	0.914307	0.206107	0.488550	0.839695	4.422817
-0.516113	0.039062	0.902100	-0.488550	1.083969	1.328244	4.433086
-0.514648	0.029785	0.893799	0.312977	2.671756	0.557252	4.443736
-0.520020	0.030762	0.919189	0.435115	3.305344	0.473282	4.454163
-0.519775	0.033691	0.920410	0.671756	3.229008	0.274809	4.463732
-0.524902	0.028809	0.929932	0.007634	2.793893	0.244275	4.474366
-0.536377	0.040039	0.949707	1.450382	1.145038	0.656489	4.484483
-0.531494	0.048584	0.946289	0.427481	-1.335878	0.931298	4.495096
-0.515381	0.050537	0.918457	-0.412214	-2.854962	1.778626	4.505325
-0.519043	0.039795	0.896729	-1.000000	-3.877863	1.900763	4.514944
-0.522461	0.025391	0.888428	-0.381679	-0.274809	1.328244	4.525002
-0.537354	0.028564	0.906250	-0.206107	0.877863	-0.282443	4.535726
-0.537354	0.038086	0.922363	-0.198473	1.335878	-1.190840	4.546436
-0.533691	0.052490	0.945557	-0.213740	0.770992	-0.687023	4.557392
-0.526123	0.059326	0.926025	-0.885496	-0.526718	0.595420	4.567411
-0.526855	0.041992	0.938232	-1.022901	-2.374046	1.900763	4.576975
-0.531006	0.019531	0.942139	-0.190840	-3.580153	1.877863	4.587314
-0.522461	0.025391	0.925537	-0.229008	-4.534351	1.183206	4.597804
-0.509277	0.029297	0.892578	-0.061069	-3.526718	0.877863	4.608504
-0.515381	0.020264	0.891846	0.137405	-1.854962	1.297710	4.618820
-0.517578	0.010254	0.885742	0.702290	-0.618321	-0.145038	4.629109
-0.518311	0.024902	0.894287	0.603053	0.045802	-1.549618	4.639760
-0.526123	0.035889	0.892578	0.267176	0.916031	-2.442748	4.650133
-0.511475	0.056885	0.891846	-0.358779	0.725191	-1.679389	4.660737
-0.510742	0.055176	0.897949	-1.030534	0.496183	-0.534351	4.670962
-0.508545	0.043457	0.880127	-0.770992	1.038168	0.343511	4.681497
-0.510986	0.032715	0.891357	-0.511450	2.213740	0.854962	4.692053
-0.520752	0.025391	0.907471	0.381679	3.213740	0.870229	4.702368
-0.524658	0.012695	0.910889	1.030534	3.083969	0.793893	4.712695
-0.526611	0.011475	0.916748	1.061069	3.015267	0.183206	4.723079
-0.528076	0.011230	0.931396	1.381679	1.793893	-0.893130	4.733590
-0.532227	0.025635	0.968506	0.786260	-1.419847	-2.343511	4.743839
-0.531006	0.052490	0.950195	-0.503817	-4.541985	-2.198473	4.754431
-0.527344	0.059326	0.910400	-0.847328	-5.320611	-0.450382	4.764773
-0.520264	0.041992	0.889160	-0.328244	-3.641221	1.755725	4.774274
-0.527832	0.012939	0.901123	1.145038	-2.022901	1.305344	4.784511
-0.532227	0.011963	0.908203	1.885496	0.221374	-1.160305	4.794343
-0.534180	0.036621	0.930176	2.885496	0.923664	-2.229008	4.803896
-0.536621	0.061768	0.941162	2.450382	-0.106870	-1.664122	4.813482
-0.535156	0.054199	0.968018	1.190840	-1.557252	-0.389313	4.823026
-0.527344	0.054443	0.933838	0.320611	-2.847328	-0.045802	4.832399
-0.517578	0.057373	0.893555	0.167939	-2.595420	0.137405	4.843221
-0.507080	0.050537	0.898926	0.083969	-0.740458	1.175573	4.854803
-0.519287	0.052490	0.915283	-0.129771	-0.007634	1.061069	4.865330
-0.524658	0.061523	0.932373	-0.694656	-0.786260	0.969466	4.875520
-0.521729	0.058105	0.914062	-0.595420	-1.328244	2.541985	4.886094
-0.517090	0.037109	0.909668	-0.503817	-1.305344	3.374046	4.896481
-0.520996	0.008545	0.907715	0.190840	-0.618321	2.442748	4.907095
-0.521240	0.011475	0.908203	1.061069	0.274809	0.748092	4.917459
-0.524658	0.023926	0.904053	1.083969	0.610687	-0.320611	4.927630
-0.512451	0.038818	0.899658	1.045802	0.824427	-0.916031	4.938401
-0.515381	0.047119	0.933105	0.091603	-0.175573	-1.366412	4.948877
-0.520020	0.058594	0.935303	-0.358779	-2.114504	-1.007634	4.959222
-0.514648	0.067871	0.914795	-0.603053	-3.328244	0.694656	4.969903
-0.510254	0.068359	0.889404	-0.473282	-3.213740	2.587786	4.979632
-0.502686	0.041748	0.880371	0.419847	-1.290076	4.541985	4.990103
-0.502686	0.012451	0.877441	1.763359	-0.022901	4.190840	5.000625
-0.517090	-0.000244	0.904053	1.358779	0.038168	1.412214	5.011063
-0.507568	0.024170	0.902832	0.732824	0.007634	-0.916031	5.021499
-0.510254	0.046387	0.912109	-0.175573	-0.106870	-1.343511	5.031054
-0.514160	0.063232	0.899658	-1.152672	0.335878	-0.129771	5.041828
-0.513672	0.054688	0.894287	-1.488550	1.404580	1.748092	5.052481
-0.529785	0.029297	0.921387	-0.213740	1.854962	2.557252	5.063112
-0.528320	0.027588	0.920654	1.045802	1.740458	2.030534	5.073492
-0.521973	0.021240	0.920898	1.580153	1.839695	1.244275	5.083969
-0.530762	0.041748	0.906006	1.595420	2.419847	0.633588	5.094132
-0.527832	0.042969	0.936279	0.816794	2.534351	0.946565	5.105262
-0.537842	0.036865	0.945068	0.519084	2.190840	1.106870	5.115791
-0.538086	0.031006	0.968506	0.190840	0.549618	0.755725	5.126050
-0.531494	0.039795	0.950684	-0.083969	-1.022901	0.427481	5.136379
-0.541504	0.034180	0.934570	0.343511	-1.664122	0.564885	5.147051
-0.533936	0.034180	0.925293	0.190840	-2.305344	0.282443	5.157735
-0.531006	0.035645	0.909668	0.274809	-2.106870	0.091603	5.168085
-0.520996	0.042236	0.902344	0.488550	-1.793893	0.099237	5.178245
-0.518311	0.035400	0.900635	0.511450	-0.839695	0.374046	5.189031
-0.517090	0.027344	0.914551	0.580153	-0.259542	-0.404580	5.199528
-0.527100	0.041992	0.903076	0.541985	-0.099237	-1.282443	5.209998
-0.515381	0.063232	0.896973	0.236641	0.160305	-1.145038	5.220456
-0.508545	0.068604	0.891113	-0.656489	0.419847	-0.320611	5.230411
-0.502441	0.067627	0.885742	-1.396947	0.488550	0.496183	5.240451
-0.512451	0.048584	0.873535	-0.923664	1.595420	1.419847	5.251283
-0.508301	0.039551	0.888672	-0.625954	2.274809	1.694656	5.262018
-0.514404	0.031006	0.908936	-0.671756	2.564885	1.389313	5.272133
-0.520020	0.042969	0.911133	0.030534	2.862595	1.122137	5.282467
-0.521729	0.024902	0.910645	0.198473	2.740458	0.725191	5.293023
-0.516113	0.020996	0.922363	-0.129771	2.870229	0.488550	5.303795
-0.527100	0.019775	0.914062	0.175573	3.396947	-0.488550	5.314159
-0.532959	0.030762	0.949463	0.351145	2.572519	-1.465649	5.324518
-0.535156	0.047119	0.945068	-0.137405	0.931298	-1.290076	5.334395
-0.536377	0.059814	0.939697	-0.328244	-0.908397	0.183206	5.345241
-0.538086	0.054199	0.917236	-0.007634	-2.435115	1.320611	5.355888
-0.536621	0.035889	0.911621	0.183206	-2.290076	1.770992	5.365646
-0.527588	0.029541	0.889893	0.809160	-1.488550	1.083969	5.375348
-0.528809	0.029053	0.906006	0.977099	0.145038	-0.198473	5.386094
-0.531006	0.045898	0.909180	0.427481	1.389313	-0.702290	5.396722
-0.530029	0.061279	0.931152	-0.183206	1.030534	-0.030534	5.407118
-0.535645	0.061768	0.941650	-0.503817	1.923664	1.648855	5.417364
-0.536133	0.049805	0.928223	-0.786260	-1.076336	2.572519	5.427682
-0.530029	0.024414	0.918945	-0.664122	-1.083969	2.358779	5.437265
-0.521484	0.025146	0.906006	0.183206	-0.152672	1.183206	5.446750
-0.527100	0.028320	0.906494	0.702290	0.809160	-0.229008	5.457941
-0.528809	0.060547	0.904785	-0.076336	0.732824	0.000000	5.468401
-0.532227	0.050293	0.914062	-0.526718	0.641221	0.549618	5.478794
-0.530762	0.048096	0.920898	-1.335878	-0.625954	1.595420	5.488991
-0.540527	0.025391	0.908447	-1.137405	-1.381679	2.206107	5.499750
-0.540771	0.022461	0.912598	0.129771	-1.847328	1.969466	5.510543
-0.532227	0.022461	0.915039	0.152672	-1.328244	1.122137	5.520787
-0.533203	0.024658	0.916992	0.389313	-1.259542	0.732824	5.531439
-0.529297	0.021484	0.916748	0.083969	-1.305344	0.343511	5.541688
-0.527588	0.029541	0.917236	-0.274809	-1.534351	-0.419847	5.552326
-0.530762	0.032715	0.900146	-1.931298	-0.778626	-0.404580	5.562591
-0.527344	0.036865	0.923340	0.786260	-0.541985	-0.328244	5.572902
-0.529785	0.045654	0.916992	1.045802	-0.687023	-0.305344	5.583162
-0.526123	0.048340	0.907227	0.702290	-1.358779	0.687023	5.593631
-0.529297	0.047607	0.908203	0.175573	-1.358779	1.152672	5.604290
-0.515869	0.045410	0.897949	-0.290076	-0.954198	1.129771	5.614799
-0.518311	0.045898	0.894775	-1.160305	-0.541985	1.000000	5.624987
-0.514893	0.038330	0.899902	-1.572519	-0.198473	0.900763	5.634943
-0.522461	0.036865	0.914307	-1.992366	-0.328244	1.007634	5.644420
-0.526855	0.025879	0.913330	-1.625954	-0.656489	1.145038	5.654360
-0.521973	0.018066	0.914551	-1.038168	-0.816794	1.442748	5.664025
-0.519531	0.027100	0.927979	-0.458015	-1.450382	0.984733	5.674178
-0.519287	0.018066	0.890381	-0.572519	-2.114504	-0.519084	5.686283
-0.508545	0.026123	0.890381	-0.053435	-1.122137	-0.862595	5.696871
-0.518799	0.037598	0.877930	0.068702	0.358779	-1.297710	5.707415
-0.524414	0.039551	0.897217	0.312977	1.358779	-0.702290	5.717976
-0.527832	0.040527	0.922607	1.000000	1.931298	-0.564885	5.728473
-0.533203	0.054199	0.924316	1.175573	1.465649	0.335878	5.738842
-0.533203	0.047363	0.939209	0.992366	0.145038	0.877863	5.749152
-0.523926	0.047363	0.933594	0.885496	-0.877863	0.885496	5.760183
-0.521973	0.045410	0.914307	0.000000	-1.335878	1.412214	5.770472
-0.522217	0.049072	0.905762	-0.259542	-0.435115	1.412214	5.780991
-0.527832	0.040283	0.919922	-0.404580	0.114504	1.519084	5.791720
-0.523193	0.029297	0.913818	-0.679389	0.557252	1.404580	5.802286
-0.531494	0.016846	0.942383	-0.198473	-0.267176	0.908397	5.812571
-0.523682	0.031006	0.931641	-0.152672	-1.297710	0.358779	5.822991
-0.529053	0.031494	0.906250	-0.129771	-1.916031	0.404580	5.833109
-0.525635	0.047852	0.884521	0.595420	-1.259542	1.282443	5.843612
-0.518799	0.035400	0.894531	0.496183	-0.442748	1.854962	5.854272
-0.515381	0.031006	0.880127	0.709924	0.389313	1.404580	5.865002
-0.520996	0.016113	0.903564	0.381679	0.587786	0.671756	5.875471
-0.519287	0.051025	0.922852	-0.038168	0.320611	0.030534	5.885827
-0.519287	0.050293	0.910156	-0.664122	-0.038168	1.083969	5.895966
-0.522949	0.050781	0.916992	-1.343511	0.343511	2.083969	5.906089
-0.535156	0.027100	0.920410	-1.633588	0.587786	2.366412	5.916729
-0.535400	0.018799	0.913818	-1.229008	0.839695	1.664122	5.927194
-0.542480	0.021729	0.927246	-0.465649	0.946565	1.259542	5.937546
-0.536865	0.018799	0.932373	-0.083969	0.641221	0.885496	5.947641
-0.533447	0.017334	0.930176	-0.251908	-0.229008	0.114504	5.958132
-0.535156	0.026611	0.913818	0.000000	-1.000000	-0.893130	5.968625
-0.535645	0.032715	0.915039	0.190840	-0.931298	-0.702290	5.979089
-0.529297	0.048828	0.924805	-0.068702	-1.083969	-0.526718	5.989479
-0.538818	0.039551	0.929443	-0.106870	-1.328244	0.122137	5.999958
-0.536865	0.045410	0.902100	0.190840	-1.908397	0.229008	6.010618
-0.534912	0.046387	0.904785	0.633588	-1.656489	0.557252	6.021078
-0.526611	0.031006	0.903076	1.053435	-0.824427	0.259542	6.031359
-0.525146	0.029785	0.889893	0.786260	-0.633588	-0.664122	6.041965
-0.522949	0.038574	0.893799	0.312977	0.244275	-1.022901	6.052634
-0.523926	0.051025	0.923340	0.290076	0.129771	0.015267	6.062826
-0.526611	0.042969	0.935303	-0.091603	-0.374046	0.442748	6.072600
-0.527832	0.028809	0.910156	0.343511	-1.198473	0.618321	6.082253
-0.520264	0.032227	0.917480	1.534351	-1.473282	0.442748	6.092058
-0.516602	0.038574	0.888672	1.931298	-1.274809	0.435115	6.103709
-0.515625	0.042236	0.887451	1.816794	-0.351145	0.595420	6.114194
-0.511719	0.033447	0.898438	1.641221	-0.076336	0.450382	6.124606
-0.516113	0.034668	0.902344	0.519084	0.244275	-0.320611	6.134843
-0.528809	0.042969	0.914062	0.297710	0.145038	-0.488550	6.145584
-0.519531	0.046631	0.913330	0.091603	-0.412214	-0.114504	6.156114
-0.529297	0.049316	0.927002	0.175573	-1.114504	-0.076336	6.166237
-0.517334	0.052734	0.903076	0.038168	-0.893130	0.717557	6.176741
-0.518066	0.043701	0.896240	0.435115	0.167939	0.870229	6.186903
-0.519531	0.044434	0.892090	0.526718	0.908397	1.091603	6.197350
-0.519287	0.035645	0.897461	0.694656	1.328244	0.839695	6.207483
-0.527100	0.036133	0.916992	0.427481	1.335878	0.183206	6.218049
-0.520264	0.041016	0.918457	0.198473	1.030534	0.053435	6.228514
-0.523438	0.042969	0.932861	0.045802	0.862595	0.557252	6.239082
-0.517334	0.038574	0.921875	-0.320611	0.480916	0.984733	6.249377
-0.538818	0.045410	0.930908	-0.748092	-0.137405	0.717557	6.260032
-0.542725	0.032959	0.933594	-0.473282	-0.572519	0.114504	6.270718
-0.532471	0.046387	0.931396	-0.732824	-1.625954	-1.954198	6.280958
-0.529541	0.052246	0.916504	-0.465649	-1.778626	0.938931	6.291153
-0.530762	0.041504	0.912842	0.099237	-1.572519	1.526718	6.301746
-0.527344	0.032715	0.906250	0.564885	-0.908397	0.503817	6.314175
-0.525635	0.048340	0.904541	0.419847	-0.587786	-0.458015	6.325348
-0.516357	0.075439	0.906250	-0.236641	-0.671756	-0.106870	6.336139
-0.512207	0.067383	0.889648	-1.198473	0.328244	1.534351	6.346678
-0.525635	0.050537	0.906006	-1.732824	0.633588	2.091603	6.356879
-0.527100	0.033203	0.921143	-2.000000	0.274809	2.083969	6.366368
-0.527832	0.028076	0.919189	-1.419847	0.450382	1.183206	6.377548
-0.531494	0.039795	0.903076	-0.664122	1.091603	1.809160	6.388087
-0.525146	0.031982	0.919922	-0.549618	0.984733	2.580153	6.398825
-0.536865	0.015869	0.904541	-0.404580	0.480916	2.404580	6.408939
-0.536377	0.005127	0.916992	-0.351145	0.625954	1.045802	6.419601
-0.535645	0.019287	0.919678	0.320611	0.541985	0.213740	6.429511
-0.529785	0.031006	0.919434	0.595420	-0.213740	0.175573	6.440477
-0.530762	0.035156	0.930176	0.900763	-1.083969	0.862595	6.450672
-0.533203	0.028320	0.925293	0.877863	-2.679389	1.480916	6.460999
-0.519531	0.020508	0.887695	0.893130	-2.709924	1.664122	6.471566
-0.510254	0.016113	0.863281	1.519084	-1.587786	1.320611	6.481865
-0.512939	0.020752	0.867920	2.061069	0.427481	0.213740	6.492352
-0.521240	0.021729	0.893555	1.793893	1.259542	-1.458015	6.503150
-0.530518	0.032959	0.898438	1.137405	1.229008	-2.564885	6.513320
-0.529297	0.059082	0.904785	-0.190840	0.572519	-2.679389	6.523742
-0.523682	0.069092	0.897949	-1.106870	0.572519	-1.160305	6.533691
-0.522461	0.060059	0.916016	-1.198473	-0.106870	-1.946565	6.544457
-0.528809	0.049561	0.897217	-0.954198	-0.312977	1.290076	6.555180
-0.530762	0.035889	0.895752	-0.343511	0.190840	1.816794	6.565506
-0.538330	0.025391	0.902100	0.320611	1.038168	1.335878	6.575686
-0.531982	0.020264	0.928955	0.198473	1.488550	0.404580	6.585865
-0.534668	0.031982	0.957520	-0.290076	0.175573	0.106870	6.596026
-0.527588	0.043701	0.922607	-0.908397	-1.992366	1.068702	6.606992
-0.524658	0.021973	0.901123	-0.534351	-2.740458	1.793893	6.616808
-0.518066	0.005859	0.885986	0.274809	-1.816794	1.465649	6.627410
-0.520264	-0.002197	0.879395	1.450382	0.106870	0.190840	6.637936
-0.527832	0.014404	0.895508	2.229008	0.977099	-1.312977	6.648164
-0.529541	0.038086	0.906982	1.717557	1.068702	-1.992366	6.658759
-0.538574	0.052490	0.929199	0.664122	0.725191	-2.442748	6.668970
-0.537354	0.064209	0.928467	-0.167939	-0.290076	-1.839695	6.678878
-0.540527	0.071045	0.936523	-0.549618	-0.748092	-0.496183	6.689646
-0.538818	0.066162	0.937012	-0.297710	-0.931298	1.091603	6.699538
-0.538086	0.051514	0.926514	-0.175573	-1.297710	1.702290	6.710057
-0.541748	0.041748	0.936523	0.145038	-1.992366	1.740458	6.719610
-0.534912	0.037842	0.925781	0.167939	-2.954198	1.763359	6.729163
-0.530029	0.032227	0.926025	-0.320611	-4.847328	1.343511	6.740287
-0.522461	0.031250	0.920410	-0.885496	-6.045802	1.152672	6.750779
-0.515869	0.037354	0.897705	-0.809160	-5.725191	1.427481	6.761326
-0.510254	0.027588	0.879150	-0.351145	-3.465649	1.465649	6.771626
-0.510742	0.021240	0.886230	0.320611	-1.083969	0.793893	6.782124
-0.522461	0.036133	0.890137	0.274809	0.221374	-0.671756	6.792569
-0.520996	0.040039	0.902588	0.022901	0.770992	-0.625954	6.803074
-0.519775	0.041748	0.904541	0.389313	1.145038	-0.312977	6.813130
-0.515625	0.034424	0.892822	0.549618	1.954198	0.549618	6.823545
-0.525879	0.034668	0.912598	1.221374	2.404580	0.496183	6.833681
-0.534180	0.032227	0.926758	1.358779	2.244275	0.793893	6.844061
-0.534180	0.035400	0.938965	1.251908	1.297710	0.251908	6.854790
-0.530518	0.037842	0.926025	0.748092	-0.580153	-0.114504	6.865194
-0.516602	0.046387	0.906494	0.259542	-1.198473	0.648855	6.875540
-0.523682	0.027588	0.888672	0.503817	-0.396947	0.603053	6.885910
-0.524902	0.030273	0.895264	0.496183	0.534351	-0.557252	6.896414
-0.528320	0.039062	0.903564	-1.938931	0.961832	-1.000000	6.906868
-0.529541	0.061035	0.902100	0.022901	1.267176	-0.664122	6.917076
-0.522949	0.060547	0.908936	-0.557252	0.992366	0.343511	6.927132
-0.534180	0.046387	0.939453	-0.358779	-0.114504	0.893130	6.937674
-0.541748	0.043457	0.947998	-0.404580	-2.664122	0.694656	6.948066
-0.533203	0.056885	0.924561	-1.305344	-4.618321	1.465649	6.958837
-0.521973	0.038574	0.887939	-1.290076	-3.480916	3.061069	6.969650
-0.521729	0.017578	0.876709	-0.702290	-1.839695	3.038168	6.979871
-0.528320	0.007568	0.900879	-0.488550	-0.106870	1.221374	6.990359
-0.526123	0.005615	0.919678	0.435115	0.526718	-0.267176	7.000636
-0.526855	0.029053	0.918457	0.351145	-0.038168	-1.083969	7.010969
-0.529053	0.040527	0.909424	-0.351145	-1.320611	-0.877863	7.021742
-0.512451	0.042480	0.874512	-0.145038	-0.694656	0.580153	7.032103
-0.507568	0.031006	0.866211	0.709924	1.351145	1.061069	7.042377
-0.511475	0.021484	0.888184	1.091603	3.190840	0.480916	7.053204
-0.523682	0.026855	0.906738	1.442748	4.152672	-0.572519	7.063614
-0.530029	0.042725	0.927734	1.900763	3.114504	-0.969466	7.073725
-0.538574	0.058350	0.932129	0.931298	2.083969	-0.259542	7.084801
-0.534180	0.052246	0.935059	0.648855	1.358779	0.816794	7.095288
-0.534180	0.042236	0.921387	0.541985	0.435115	0.832061	7.105722
-0.532715	0.033203	0.916992	0.664122	0.328244	0.847328	7.116430
-0.530518	0.036377	0.927002	1.198473	-0.297710	0.312977	7.126488
-0.533447	0.037842	0.944824	1.343511	-2.007634	-0.320611	7.137028
-0.526611	0.056885	0.931885	0.480916	-4.229008	0.198473	7.147756
-0.524902	0.057373	0.908447	-0.496183	-4.427481	1.503817	7.158145
-0.520020	0.035400	0.876709	-1.030534	-3.854962	2.152672	7.168655
-0.520264	0.015137	0.876709	-0.832061	-2.000000	1.793893	7.178883
-0.521484	0.018555	0.885010	0.022901	0.068702	0.381679	7.189130
-0.519287	0.026367	0.898926	0.259542	1.290076	-0.870229	7.199630
-0.523682	0.046631	0.920898	-0.213740	1.519084	-1.442748	7.210115
-0.528809	0.062256	0.929932	-0.893130	0.290076	-0.274809	7.220482
-0.525146	0.063232	0.925049	-1.152672	-0.961832	1.496183	7.230878
-0.528809	0.044678	0.910400	-1.213740	-0.992366	3.015267	7.241052
-0.535400	0.026367	0.897705	-0.480916	-0.015267	3.122137	7.251880
-0.540283	0.013916	0.886719	0.954198	1.206107	1.679389	7.262157
-0.541504	0.025391	0.906738	1.984733	2.015267	0.541985	7.272614
-0.531006	0.043945	0.916748	1.198473	1.358779	-0.038168	7.282875
-0.532227	0.048828	0.932373	0.419847	0.549618	0.274809	7.293392
-0.535645	0.048340	0.931396	-0.656489	-0.717557	0.465649	7.303821
-0.529297	0.045654	0.917725	-1.427481	-1.305344	0.442748	7.314253
-0.530762	0.049561	0.933350	-1.221374	-2.099237	0.091603	7.324457
-0.530762	0.053711	0.935791	-0.870229	-3.160305	0.954198	7.334936
-0.523438	0.048584	0.905273	-0.610687	-3.648855	2.664122	7.345365
-0.512207	0.026123	0.893311	-0.175573	-3.259542	3.328244	7.355309
-0.510986	0.009521	0.881836	-0.198473	-1.770992	2.122137	7.365527
-0.520264	0.005859	0.882568	-0.114504	-0.511450	0.175573	7.375403
-0.520264	0.021240	0.892578	-0.923664	0.496183	-1.351145	7.386203
-0.526611	0.031738	0.906250	-0.916031	1.297710	-1.320611	7.396670
-0.528564	0.047363	0.915771	-0.717557	1.175573	-0.709924	7.407110
-0.532227	0.050537	0.914062	-0.305344	1.045802	0.259542	7.417529
-0.536133	0.048340	0.907471	0.328244	1.022901	0.916031	7.428113
-0.529053	0.049805	0.901123	0.862595	1.259542	1.786260	7.437944
-0.527100	0.046875	0.899902	1.167939	2.038168	2.351145	7.448392
-0.531738	0.036377	0.897949	1.038168	2.000000	2.229008	7.458931
-0.529785	0.030029	0.898193	0.381679	1.969466	1.580153	7.469069
-0.529053	0.026123	0.901855	-0.183206	2.045802	0.954198	7.479537
-0.528320	0.024658	0.904541	-0.648855	2.061069	-0.206107	7.489598
-0.537598	0.023193	0.908447	-0.969466	2.328244	-0.404580	7.500104
-0.534668	0.025635	0.911133	-0.641221	2.106870	-0.763359	7.510904
-0.525391	0.024170	0.911133	-0.297710	3.893130	-0.725191	7.521150
-0.532959	0.037109	0.921387	0.832061	1.106870	-0.328244	7.530766
-0.531738	0.040039	0.931885	0.977099	-0.625954	0.465649	7.541288
-0.539551	0.040039	0.943359	0.366412	-3.435115	1.038168	7.551948
-0.531494	0.043701	0.926025	-0.206107	-5.229008	1.664122	7.562376
-0.525146	0.031982	0.900635	-0.427481	-4.832061	2.488550	7.572768
-0.536133	0.003418	0.878174	-0.099237	-2.770992	1.511450	7.583045
-0.528076	0.001221	0.900635	0.809160	-0.442748	-1.496183	7.593428
-0.527344	0.039551	0.893311	0.763359	0.900763	-2.824427	7.604496
-0.537354	0.059814	0.930664	-0.038168	1.015267	-1.847328	7.614961
-0.543701	0.059326	0.945068	-0.343511	-0.251908	0.213740	7.625322
-0.535400	0.049072	0.931152	-0.603053	-1.587786	1.099237	7.635700
-0.532471	0.040283	0.901855	-0.221374	-1.793893	1.435115	7.646369
-0.522217	0.031982	0.888184	0.839695	-0.450382	1.091603	7.657112
-0.517822	0.038574	0.906250	1.114504	0.541985	1.419847	7.667445
-0.522705	0.031982	0.906494	1.229008	0.664122	1.809160	7.677739
-0.520752	0.021973	0.916504	0.938931	0.625954	1.473282	7.688178
-0.526611	0.016113	0.911377	0.541985	0.664122	0.198473	7.698269
-0.532227	0.030762	0.918213	0.297710	0.648855	-0.877863	7.709114
-0.530518	0.040039	0.927979	-0.076336	0.198473	-0.702290	7.719291
-0.536133	0.049072	0.947754	-0.572519	-2.290076	-0.038168	7.730227
-0.535645	0.041016	0.933105	-0.664122	-4.404580	0.312977	7.740377
-0.527100	0.037354	0.905518	-0.412214	-4.916031	0.931298	7.750917
-0.515381	0.032959	0.880859	-0.358779	-3.320611	1.022901	7.761433
-0.518555	0.027344	0.879150	0.786260	-0.877863	0.412214	7.771835
-0.525146	0.037354	0.895264	0.809160	0.564885	-0.641221	7.782569
-0.533691	0.044189	0.906006	1.053435	1.015267	-0.908397	7.792323
-0.520508	0.056396	0.909668	0.450382	0.076336	-0.435115	7.802973
-0.520020	0.054688	0.903809	0.251908	-0.022901	0.641221	7.813689
-0.518311	0.035889	0.909424	0.816794	-0.190840	0.625954	7.824128
-0.522461	0.044434	0.897217	0.183206	-0.358779	0.076336	7.833816
-0.517334	0.054199	0.883301	0.114504	0.526718	0.587786	7.844236
-0.515625	0.050537	0.885254	0.343511	1.854962	1.977099	7.854740
-0.518555	0.026611	0.907471	-0.068702	2.167939	2.290076	7.865267
-0.521484	0.012939	0.907959	0.259542	2.450382	0.931298	7.875332
-0.531250	0.022949	0.911621	1.480916	3.251908	-0.106870	7.885904
-0.533691	0.034912	0.932373	0.877863	2.877863	-0.564885	7.896384
-0.540527	0.048584	0.926270	-0.038168	1.900763	-0.465649	7.906674
-0.539307	0.045410	0.924805	-0.030534	1.290076	-0.290076	7.916974
-0.538330	0.048096	0.908447	0.198473	0.748092	0.152672	7.927326
-0.536865	0.041992	0.911377	-0.267176	0.381679	0.091603	7.937885
-0.532471	0.045166	0.916016	0.267176	0.335878	0.748092	7.947996
-0.556641	0.051270	0.943848	0.458015	-0.816794	1.671756	7.958526
-0.540283	0.035400	0.944824	0.022901	-1.801527	2.541985	7.969098
-0.538818	0.014404	0.927490	0.480916	-2.656489	2.068702	7.979213
-0.546875	0.013672	0.911621	0.251908	-2.954198	0.496183	7.990167
-0.534668	0.030273	0.915283	0.015267	-3.488550	-0.938931	8.000009
-0.536621	0.045898	0.916992	-0.015267	-4.061069	-1.137405	8.009620
-0.529053	0.058105	0.899658	-0.549618	-4.045802	0.221374	8.020633
-0.528564	0.049805	0.903076	-0.526718	-2.717557	2.068702	8.030776
-0.529785	0.025391	0.906738	0.442748	-1.679389	2.244275	8.041366
-0.534912	0.018311	0.906494	1.152672	-0.923664	0.725191	8.051977
-0.525146	0.027100	0.908203	1.175573	-0.679389	-0.145038	8.062376
-0.524902	0.035156	0.905518	0.748092	-0.801527	-0.732824	8.072850
-0.529785	0.052979	0.905762	-0.427481	-0.519084	-0.656489	8.082629
-0.519775	0.057617	0.934814	-1.618321	-1.526718	-1.068702	8.093872
-0.518311	0.054932	0.903320	-2.091603	-1.801527	-0.312977	8.104090
-0.518066	0.043457	0.895508	-1.358779	-1.305344	1.206107	8.114238
-0.528320	0.033203	0.888184	-0.572519	-0.122137	1.778626	8.124703
-0.522461	0.025635	0.890625	0.221374	0.396947	1.076336	8.135204
-0.518799	0.034668	0.895020	0.259542	0.648855	0.480916	8.145894
-0.522461	0.041748	0.891846	0.015267	1.167939	1.045802	8.156254
-0.531982	0.037842	0.915039	-0.206107	1.160305	1.267176	8.166683
-0.542480	0.034668	0.957275	-1.038168	-0.877863	0.748092	8.177209
-0.547852	0.031982	0.971924	-0.748092	-4.022901	-0.030534	8.187397
-0.536865	0.047119	0.943604	-0.740458	-6.534351	-0.328244	8.197775
-0.516846	0.054932	0.888672	-1.145038	-6.450382	0.679389	8.207334
-0.509277	0.048584	0.861572	-1.022901	-3.885496	1.503817	8.218641
-0.515381	0.037842	0.888672	-0.992366	-3.885496	1.557252	8.229534
-0.514404	0.042969	0.910645	-1.603053	-0.938931	1.106870	8.239729
-0.522705	0.038818	0.923340	-1.931298	-1.267176	1.526718	8.250458
-0.522217	0.034668	0.915039	-2.007634	-1.519084	2.427481	8.261161
-0.528320	0.025879	0.919434	-1.511450	-1.595420	2.335878	8.271639
-0.532959	0.016602	0.919189	-0.954198	-1.870229	1.427481	8.282104
-0.528809	0.024170	0.930420	-0.893130	-2.007634	0.832061	8.292276
-0.524902	0.037842	0.911621	-1.099237	-1.694656	0.732824	8.302743
-0.528809	0.030518	0.913086	-1.290076	-1.809160	0.587786	8.317648
-0.530273	0.024902	0.913330	-0.862595	-1.526718	0.656489	8.328165
-0.525391	0.020996	0.909424	-0.366412	-1.053435	0.412214	8.338716
-0.522949	0.029785	0.905029	0.442748	-0.198473	0.312977	8.349133
-0.523682	0.033203	0.937988	0.389313	-0.793893	0.015267	8.358784
-0.524170	0.035400	0.919922	-0.297710	-1.954198	0.236641	8.368182
-0.515869	0.038818	0.897705	-1.061069	-2.007634	0.595420	8.379847
-0.510010	0.030029	0.881348	-0.839695	-0.702290	0.755725	8.390593
-0.509521	0.017334	0.874756	-0.572519	1.045802	-0.022901	8.400972
-0.512207	0.028076	0.902344	-0.419847	2.045802	-0.755725	8.411260
-0.528076	0.032471	0.918213	-0.748092	2.343511	-0.511450	8.421812
-0.531250	0.030273	0.928467	-0.801527	2.007634	0.290076	8.432315
-0.535156	0.019775	0.932861	-0.648855	1.206107	0.519084	8.442527
-0.535156	0.009521	0.920654	-0.099237	0.931298	0.282443	8.452892
-0.532471	0.004150	0.930176	0.664122	0.480916	-0.343511	8.463571
-0.521729	0.018555	0.920166	1.519084	-0.129771	-0.839695	8.473813
-0.518066	0.008301	0.901855	0.129771	0.412214	-2.389313	8.484584
-0.503418	0.037109	0.903076	2.557252	-0.297710	-2.694656	8.494604
-0.507324	0.052002	0.886230	0.633588	0.022901	-1.969466	8.504435
-0.511719	0.052246	0.895752	0.465649	0.251908	-0.961832	8.514647
-0.514648	0.043701	0.885498	-0.022901	1.244275	-0.732824	8.525001
-0.525146	0.045166	0.885254	0.755725	2.412214	-0.625954	8.535933
-0.520508	0.043457	0.921387	2.061069	2.725191	0.541985	8.546251
-0.530762	0.034668	0.918701	2.412214	2.213740	0.969466	8.556341
-0.541748	0.036377	0.934814	3.099237	1.633588	1.190840	8.567004
-0.527832	0.026611	0.910156	3.183206	1.412214	1.053435	8.577110
-0.528320	0.025391	0.931396	2.992366	1.702290	0.137405	8.587800
-0.529053	0.034668	0.935059	1.702290	0.862595	-0.633588	8.598208
-0.535400	0.052002	0.923096	0.274809	-0.351145	-0.564885	8.608146
-0.528320	0.055420	0.921143	-0.022901	-0.679389	0.442748	8.618461
-0.531494	0.044678	0.933350	-0.061069	-0.816794	0.984733	8.628562
-0.534424	0.034424	0.916016	0.442748	-0.519084	1.496183	8.638138
-0.532959	0.035889	0.928467	1.862595	-0.091603	2.114504	8.647818
-0.529297	0.026611	0.925049	2.366412	-0.977099	2.244275	8.657487
-0.521973	0.027100	0.921387	1.656489	-1.503817	1.916031	8.667466
-0.519775	0.024170	0.908203	1.282443	-1.465649	1.160305	8.679876
-0.517578	0.029053	0.898682	0.122137	-1.137405	0.206107	8.690323
-0.517822	0.033447	0.890137	-1.022901	-0.091603	-0.442748	8.700098
-0.524414	0.032715	0.890137	-0.526718	0.832061	-0.396947	8.710839
-0.535645	0.031982	0.933594	0.328244	2.175573	-0.702290	8.721023
-0.543945	0.051025	0.940186	-0.083969	0.633588	-0.633588	8.732017
-0.542236	0.057617	0.937256	-0.137405	-0.931298	0.618321	8.742335
-0.539551	0.053955	0.932861	-0.366412	-1.312977	1.702290	8.752955
-0.543457	0.042725	0.927490	-0.244275	-1.175573	1.122137	8.763192
-0.535400	0.043945	0.928467	-0.213740	-1.900763	0.824427	8.773835
-0.527832	0.059570	0.922363	-0.580153	-2.969466	1.267176	8.784090
-0.531006	0.060791	0.922852	-1.053435	-3.587786	2.175573	8.794626
-0.528564	0.052002	0.918701	-1.221374	-4.061069	3.061069	8.805071
-0.531006	0.026123	0.909180	-1.213740	-3.709924	3.290076	8.815489
-0.525146	0.021729	0.905273	-0.748092	-3.458015	2.427481	8.825697
-0.520996	0.019043	0.898682	-1.916031	-2.595420	1.549618	8.836385
-0.516602	0.026123	0.897217	0.580153	-2.312977	1.526718	8.846841
-0.514648	0.021484	0.897705	0.648855	-1.900763	1.137405	8.857271
-0.515381	0.025879	0.891357	0.923664	-1.183206	0.320611	8.869728
-0.506592	0.035400	0.907715	0.633588	-0.687023	0.160305	8.880370
-0.511719	0.041504	0.900879	0.366412	-0.335878	0.335878	8.891202
-0.516113	0.035889	0.908691	0.083969	-0.496183	0.412214	8.901043
-0.518066	0.032715	0.898193	-0.480916	-0.290076	0.290076	8.911677
-0.526855	0.035400	0.894287	0.099237	0.396947	0.320611	8.921821
-0.522217	0.042969	0.899170	0.656489	0.778626	0.572519	8.932210
-0.524658	0.042725	0.912109	0.374046	0.709924	0.679389	8.942752
-0.520996	0.052002	0.905762	0.083969	-0.061069	0.709924	8.953186
-0.517822	0.047607	0.885986	-0.206107	0.358779	1.389313	8.963213
-0.514648	0.039062	0.895264	0.267176	1.702290	1.671756	8.973850
-0.524414	0.030518	0.916504	-0.091603	2.129771	1.435115	8.984604
-0.530762	0.024658	0.928467	0.213740	1.755725	0.267176	8.995546
-0.530762	0.033447	0.938477	0.274809	0.755725	0.351145	9.006080
-0.535889	0.031006	0.934814	0.061069	0.045802	-0.114504	9.016436
-0.524902	0.026855	0.923584	0.030534	-0.450382	-0.778626	9.026178
-0.530518	0.044922	0.913818	-0.465649	-0.664122	-1.267176	9.037323
-0.519287	0.051270	0.900635	-0.908397	-0.526718	-0.763359	9.047933
-0.519775	0.054199	0.903076	-1.007634	0.412214	0.030534	9.058067
-0.527588	0.053467	0.906738	-0.679389	0.916031	0.824427	9.068144
-0.531250	0.039307	0.905273	-0.320611	1.786260	1.618321	9.076519
-0.532471	0.041992	0.928955	0.259542	1.580153	1.725191	9.084966
-0.537109	0.035156	0.938721	0.000000	0.984733	1.778626	9.093806
-0.545166	0.031982	0.943359	-0.076336	0.114504	1.885496	9.102385
-0.541504	0.027832	0.943604	-0.007634	-1.206107	1.175573	9.110970
-0.537598	0.029541	0.931152	-0.687023	-2.916031	0.328244	9.119222
-0.531250	0.036621	0.913574	-1.595420	-4.015267	-0.305344	9.127573
-0.521484	0.047852	0.884033	-1.946565	-3.809160	0.015267	9.136055
-0.504395	0.054199	0.869873	-1.702290	-2.038168	1.198473	9.144575
-0.511230	0.037354	0.884277	-0.679389	-0.633588	1.816794	9.153018
-0.519775	0.029785	0.904541	0.038168	0.473282	3.893130	9.161428
-0.526855	0.027100	0.914062	0.259542	1.061069	1.274809	9.169664
-0.529785	0.033691	0.930176	1.045802	0.778626	0.893130	9.177811
-0.528076	0.036377	0.936279	0.465649	-0.595420	1.519084	9.186620
-0.532959	0.039551	0.920898	-0.496183	-1.244275	1.198473	9.195102
-0.529785	0.030762	0.906494	-0.519084	-1.083969	1.633588	9.203637
-0.529297	0.025146	0.904297	-0.335878	-0.633588	0.908397	9.212078
-0.524414	0.021240	0.916992	-0.541985	-0.564885	0.251908	9.220410
-0.532715	0.025146	0.926270	-0.740458	-1.236641	-0.274809	9.228805
-0.530762	0.032959	0.920166	-0.274809	-1.709924	-0.404580	9.237290
-0.527100	0.048096	0.917969	0.053435	-1.954198	-0.282443	9.245588
-0.531982	0.053711	0.909424	-0.343511	-1.702290	1.038168	9.254044
-0.530518	0.044189	0.909424	-0.603053	-1.396947	1.580153	9.262368
-0.523193	0.035400	0.913818	-0.320611	-0.832061	1.992366	9.270506
-0.519775	0.031494	0.909668	-0.221374	-0.954198	1.679389	9.278676
-0.522705	0.023682	0.913574	-0.267176	-1.091603	1.557252	9.286923
-0.523926	0.027344	0.907471	-0.267176	-1.106870	1.022901	9.294799
-0.530518	0.022217	0.906250	-0.564885	-1.236641	0.221374	9.303420
-0.524170	0.031006	0.894043	-0.954198	-0.961832	0.160305	9.311851
-0.522705	0.031982	0.903320	-1.099237	-0.809160	-0.007634	9.320186
-0.530029	0.037109	0.916992	-1.221374	-1.335878	-0.274809	9.328570
-0.527588	0.040283	0.897461	-1.305344	-1.198473	-0.290076	9.336567
-0.530518	0.043457	0.899414	-1.083969	-0.503817	0.801527	9.345249
-0.529785	0.028564	0.911621	-0.862595	1.946565	1.595420	9.353689
-0.532715	0.026123	0.943604	-0.664122	-0.427481	1.923664	9.361695
-0.533936	0.018555	0.926514	-0.404580	-0.977099	1.450382	9.370008
-0.531982	0.015869	0.916992	0.167939	-1.717557	1.152672	9.378131
-0.522461	0.020752	0.911865	0.152672	-2.068702	0.969466	9.386902
-0.522461	0.021484	0.899658	0.015267	-1.969466	0.244275	9.395163
-0.508545	0.022705	0.891357	-0.007634	-1.755725	-0.053435	9.403694
-0.528076	0.026367	0.871582	-0.030534	-0.786260	-0.412214	9.412099
-0.511963	0.036377	0.876709	-0.061069	0.480916	-0.809160	9.421001
-0.518311	0.035889	0.905762	-0.427481	1.045802	-0.786260	9.429542
-0.524170	0.041504	0.916016	-0.236641	1.007634	-0.419847	9.437776
-0.546143	0.039551	0.930176	-0.061069	0.053435	-0.076336	9.446353
-0.521240	0.049805	0.919922	-0.099237	-0.625954	-0.076336	9.454713
-0.530518	0.037109	0.908203	-0.259542	-0.496183	-1.938931	9.462999
-0.528809	0.039062	0.912598	0.122137	0.152672	0.343511	9.471472
-0.528320	0.037354	0.916992	0.198473	0.572519	0.755725	9.479857
-0.537109	0.042969	0.928467	0.221374	0.335878	0.656489	9.488464
-0.537598	0.036377	0.940186	-0.022901	-0.496183	0.702290	9.496694
-0.545898	0.036865	0.923828	0.335878	-0.862595	1.091603	9.505362
-0.537354	0.037109	0.928955	0.977099	-1.137405	1.572519	9.513747
-0.532471	0.034424	0.928955	0.984733	-1.618321	1.526718	9.522300
-0.536621	0.029541	0.925049	0.725191	-2.129771	0.870229	9.530692
-0.524658	0.034424	0.912109	0.916031	-2.450382	0.641221	9.538918
-0.520020	0.039307	0.912109	0.641221	-2.580153	1.137405	9.547607
-0.510010	0.030029	0.902100	0.099237	-2.694656	1.496183	9.556033
-0.515381	0.028564	0.899414	-0.267176	-2.129771	1.038168	9.564548
-0.505371	0.025635	0.900879	-0.213740	-1.343511	0.610687	9.572999
-0.509521	0.038818	0.884033	-0.320611	-0.908397	-0.114504	9.581478
-0.513184	0.050781	0.885742	-0.351145	-0.076336	0.175573	9.589934
-0.518311	0.033691	0.895020	-0.152672	0.320611	1.259542	9.598106
-0.519775	0.020752	0.913330	0.038168	0.641221	1.702290	9.606608
-0.522217	0.016846	0.917480	0.183206	0.473282	0.832061	9.615065
-0.522949	0.019775	0.911377	0.519084	0.458015	-0.152672	9.623498
-0.517578	0.021240	0.913574	0.328244	0.320611	-0.022901	9.632055
-0.524658	0.031982	0.923340	0.366412	0.221374	-0.427481	9.640331
-0.532471	0.034424	0.931641	-0.259542	-0.366412	-0.366412	9.648696
-0.524902	0.037842	0.928955	-0.687023	-1.328244	-0.198473	9.657229
-0.525635	0.036133	0.912109	-0.564885	-1.671756	-0.312977	9.665700
-0.526123	0.041016	0.912842	-0.427481	-1.526718	-0.206107	9.674158
-0.527100	0.037109	0.903076	0.091603	-1.015267	0.167939	9.682433
-0.528564	0.032715	0.893066	0.793893	-0.778626	0.404580	9.690946
-0.516113	0.037842	0.895752	1.389313	-0.923664	0.229008	9.699218
-0.511719	0.042725	0.905029	1.290076	-0.938931	0.442748	9.707839
-0.504395	0.042969	0.892822	1.274809	-0.442748	0.557252	9.715986
-0.517090	0.040283	0.911377	0.854962	-0.236641	0.992366	9.724448
-0.512939	0.041260	0.919678	-0.068702	-0.511450	0.633588	9.732869
-0.524170	0.036377	0.916504	-0.496183	-0.770992	0.618321	9.741120
-0.520020	0.061279	0.906738	-0.442748	-0.557252	0.908397	9.749135
-0.515625	0.042725	0.899902	-0.183206	-0.259542	1.458015	9.757659
-0.519287	0.022461	0.889648	-0.076336	0.503817	1.641221	9.766060
-0.525879	0.022217	0.901123	0.832061	1.274809	1.251908	9.774628
-0.527344	0.024170	0.922607	1.450382	1.198473	0.610687	9.782946
-0.526855	0.027832	0.933838	1.083969	0.450382	0.534351	9.791250
-0.522461	0.029785	0.920898	0.580153	-0.312977	0.427481	9.799764
-0.526855	0.025635	0.916260	0.419847	-0.236641	0.267176	9.807998
-0.521484	0.035645	0.913086	0.068702	-0.748092	-0.068702	9.816620
-0.521729	0.034912	0.926025	-0.404580	-1.328244	0.267176	9.825052
-0.525146	0.046875	0.901123	-0.595420	-1.312977	0.236641	9.833700
-0.517578	0.046875	0.891357	-0.061069	-0.725191	0.725191	9.841819
-0.529541	0.037354	0.913818	0.343511	0.358779	1.259542	9.850066
-0.521729	0.031738	0.920898	0.412214	0.549618	1.045802	9.858482
-0.528320	0.035400	0.917969	0.778626	0.290076	0.687023	9.866969
-0.524170	0.035645	0.914795	0.633588	0.206107	0.396947	9.875253
-0.523926	0.040283	0.905029	0.595420	0.351145	0.740458	9.883822
-0.517334	0.033691	0.907471	0.374046	0.358779	0.969466	9.892090
-0.516357	0.029297	0.912354	0.374046	0.946565	1.519084	9.900584
-0.517578	0.025635	0.907715	0.557252	1.053435	1.358779	9.908708
-0.522461	0.015137	0.927246	0.862595	1.083969	0.297710	9.917081
-0.527832	0.021729	0.921387	0.809160	0.923664	-0.435115	9.925204
-0.521729	0.031006	0.923584	0.656489	0.519084	-1.000000	9.933209
-0.523926	0.040283	0.924561	0.122137	-0.145038	-0.725191	9.941140
-0.523193	0.040283	0.912598	-0.160305	-0.893130	-0.465649	9.948955
-0.523438	0.041504	0.913086	-0.809160	-0.938931	-0.244275	9.958424
-0.527832	0.040039	0.902344	-0.396947	-0.267176	-0.274809	9.966851
-0.531494	0.044189	0.914551	0.022901	0.183206	-0.022901	9.975250
-0.527832	0.044678	0.914551	0.534351	0.076336	0.076336	9.983733
-0.525879	0.051025	0.913330	0.992366	-0.030534	1.076336	9.992103
-0.526367	0.037354	0.923584	1.236641	-0.274809	1.618321	10.000489
-0.522949	0.031494	0.922852	1.076336	-0.656489	1.458015	10.008958
-0.518311	0.032959	0.903320	0.694656	-0.908397	0.603053	10.017579
-0.517578	0.031494	0.890381	0.351145	-0.465649	-0.251908	10.025836
-0.517090	0.045654	0.895752	-0.305344	0.396947	-0.625954	10.034554
-0.511230	0.047363	0.895996	-0.389313	0.801527	-0.396947	10.042768
-0.508301	0.048340	0.890381	-0.442748	1.145038	-0.381679	10.050871
-0.516846	0.045410	0.899170	-0.564885	1.503817	0.282443	10.059608
-0.519287	0.044678	0.900879	-0.312977	1.778626	0.709924	10.067913
-0.520996	0.046387	0.898193	0.114504	1.610687	1.015267	10.076226
-0.526367	0.049805	0.900146	-0.114504	1.748092	1.679389	10.085039
-0.537842	0.038574	0.914062	0.129771	1.839695	1.969466	10.093408
-0.537842	0.032715	0.924561	0.488550	1.961832	1.923664	10.101940
-0.540039	0.033203	0.948486	0.221374	1.183206	1.511450	10.110227
-0.530762	0.028564	0.945801	-0.358779	-0.221374	0.702290	10.118650
-0.531006	0.033691	0.914795	-0.625954	-0.648855	0.335878	10.126990
-0.526611	0.039795	0.911621	-0.725191	-0.549618	1.083969	10.135492
-0.524902	0.032959	0.908447	-0.809160	-0.435115	1.778626	10.143991
-0.526367	0.024170	0.902344	-0.458015	-0.122137	1.938931	10.152592
-0.525146	0.013184	0.908203	0.259542	0.259542	2.022901	10.160977
-0.527588	0.008789	0.920166	0.824427	0.977099	1.435115	10.169368
-0.519531	0.000000	0.911133	1.129771	1.045802	0.274809	10.177736
-0.529053	0.027832	0.906738	0.564885	1.213740	-0.519084	10.186191
-0.532227	0.036621	0.916504	-0.053435	1.572519	-0.328244	10.194470
-0.528564	0.045410	0.923828	-0.610687	1.610687	0.496183	10.202849
-0.542236	0.035156	0.936768	-1.160305	0.877863	0.435115	10.211132
-0.548096	0.024414	0.941650	-1.580153	-0.671756	-0.076336	10.219257
-0.546387	0.028564	0.935059	-1.045802	-1.954198	-0.580153	10.227924
-0.543457	0.040527	0.928223	-0.312977	-2.687023	-0.496183	10.235795
-0.539062	0.045410	0.926758	0.007634	-3.587786	0.396947	10.244438
-0.527832	0.043701	0.903320	0.229008	-4.000000	1.541985	10.252418
-0.524414	0.034424	0.889160	0.343511	-3.694656	1.671756	10.260535
-0.519287	0.022949	0.873779	0.580153	-2.343511	1.366412	10.269213
-0.512939	0.018799	0.862061	0.984733	-0.526718	0.648855	10.277790
-0.517334	0.020020	0.882324	1.114504	0.633588	0.114504	10.286134
-0.520020	0.030762	0.889893	1.190840	1.618321	-0.587786	10.294426
-0.525635	0.045166	0.903564	1.114504	1.503817	-0.694656	10.302415
-0.531738	0.058594	0.922363	0.526718	1.381679	-0.145038	10.310700
-0.530029	0.043945	0.935303	-0.458015	-0.335878	0.213740	10.321699
-0.534424	0.045166	0.926758	-0.725191	-1.129771	0.267176	10.330200
-0.534668	0.049805	0.923340	-1.114504	-1.374046	0.580153	10.338612
-0.531006	0.042725	0.900146	-0.839695	-1.343511	1.274809	10.347138
-0.529785	0.031494	0.900146	0.083969	-1.106870	1.832061	10.355562
-0.518066	0.017822	0.905029	0.618321	-0.801527	2.358779	10.363806
-0.535156	0.009277	0.910645	1.274809	-0.641221	1.557252	10.372291
-0.520264	0.008789	0.907715	1.908397	-0.244275	0.358779	10.380520
-0.529541	0.021484	0.918457	1.572519	-0.435115	-0.099237	10.388762
-0.522217	0.026611	0.908203	1.351145	-0.335878	-0.396947	10.397219
-0.516602	0.031738	0.899658	0.725191	-0.053435	-0.664122	10.405582
-0.520508	0.036621	0.907959	0.633588	0.152672	-1.022901	10.414009
-0.517578	0.038330	0.900146	0.015267	0.206107	-0.633588	10.422397
-0.526367	0.040039	0.914307	-0.122137	0.320611	-0.213740	10.431000
-0.520752	0.035645	0.903320	0.549618	0.488550	0.091603	10.439295
-0.521729	0.033203	0.916260	1.190840	0.748092	0.687023	10.448151
-0.521484	0.027588	0.915771	1.625954	0.809160	1.351145	10.456527
-0.517090	0.017090	0.924561	1.641221	1.122137	0.870229	10.464535
-0.520508	0.018799	0.917480	1.664122	0.854962	-0.129771	10.473189
-0.524902	0.018555	0.917236	0.603053	0.496183	-1.251908	10.481692
-0.521973	0.043457	0.904541	-0.526718	0.427481	-1.442748	10.490236
-0.522949	0.047119	0.895752	-0.908397	0.740458	-1.534351	10.498518
-0.528076	0.054443	0.907715	-1.229008	0.900763	-1.572519	10.506746
-0.534180	0.046143	0.900635	-0.755725	1.496183	-0.496183	10.515341
-0.538086	0.053955	0.918701	0.343511	1.778626	0.687023	10.523580
-0.540527	0.046387	0.931885	1.000000	1.603053	0.916031	10.531364
-0.548096	0.037842	0.943115	1.671756	0.931298	1.351145	10.539025
-0.559814	0.033691	0.959717	2.030534	-0.854962	1.129771	10.548721
-0.545410	0.040771	0.951660	1.175573	-2.618321	0.770992	10.556983
-0.530518	0.041260	0.944336	0.251908	-3.656489	0.839695	10.564815
-0.537598	0.041992	0.913330	0.022901	-4.099237	1.122137	10.572585
-0.532959	0.036133	0.904541	-0.305344	-3.969466	0.977099	10.580458
-0.515869	0.025146	0.906738	-0.312977	-3.030534	0.328244	10.589812
-0.514160	0.032715	0.883789	0.320611	-2.022901	0.045802	10.598529
-0.512695	0.038086	0.870117	1.328244	-0.816794	0.709924	10.607101
-0.518066	0.033691	0.892578	1.908397	0.465649	1.053435	10.615658
-0.531738	0.028076	0.905029	2.045802	1.106870	0.603053	10.624047
-0.523438	0.034180	0.901855	1.580153	1.198473	0.045802	10.632438
-0.529053	0.033936	0.932617	0.595420	0.572519	-0.908397	10.641122
-0.526611	0.052002	0.913086	-0.015267	0.297710	-0.992366	10.649618
-0.522949	0.061035	0.900391	-0.687023	-0.099237	-0.389313	10.657986
-0.529785	0.053711	0.907227	-1.572519	-0.885496	1.183206	10.666093
-0.528320	0.041504	0.923096	-1.099237	-1.076336	1.740458	10.674902
-0.517334	0.029053	0.908203	-0.435115	-1.106870	1.656489	10.683409
-0.526367	0.024658	0.903809	-0.244275	-1.053435	1.343511	10.691766
-0.531494	0.025879	0.896729	0.198473	-0.221374	0.832061	10.700224
-0.536865	0.031006	0.905029	0.870229	0.038168	0.954198	10.708503
-0.538330	0.025146	0.926514	0.641221	0.152672	1.244275	10.717155
-0.541748	0.025146	0.935303	0.534351	-0.671756	0.648855	10.725430
-0.527832	0.021973	0.936768	0.458015	-1.870229	1.938931	10.733895
-0.530762	0.016602	0.909912	0.496183	-2.450382	-0.198473	10.742306
-0.518311	0.036133	0.901123	0.549618	-2.396947	-0.083969	10.750782
-0.510254	0.036133	0.893555	1.022901	-1.351145	0.244275	10.759134
-0.514160	0.041748	0.886230	1.251908	-0.534351	1.152672	10.767330
-0.515869	0.035645	0.897217	1.305344	0.259542	1.564885	10.775431
-0.519287	0.021240	0.908447	1.816794	0.473282	0.900763	10.783960
-0.521484	0.022461	0.919678	1.625954	0.053435	0.335878	10.792537
-0.525391	0.027832	0.918945	0.984733	-0.435115	-0.290076	10.800796
-0.522461	0.041260	0.908936	0.587786	-0.267176	-0.587786	10.809140
-0.520996	0.046387	0.904297	0.358779	-0.282443	-0.465649	10.817262
-0.517578	0.046875	0.897705	-0.335878	0.038168	0.030534	10.825837
-0.528809	0.041748	0.904053	-0.595420	0.206107	-0.229008	10.834359
-0.522461	0.047119	0.903320	-0.305344	0.480916	-0.442748	10.842995
-0.526855	0.045166	0.903564	-0.259542	0.793893	-0.435115	10.851401
-0.521729	0.048340	0.891602	-0.007634	0.870229	0.534351	10.859696
-0.525879	0.048340	0.916992	0.511450	0.900763	1.000000	10.867950
-0.538818	0.046875	0.914307	0.595420	0.870229	1.022901	10.875860
-0.532715	0.038086	0.903564	0.450382	0.633588	1.534351	10.883756
-0.533691	0.036377	0.916748	0.366412	0.595420	1.152672	10.892611
-0.538574	0.026611	0.927979	0.305344	0.786260	0.687023	10.901101
-0.541748	0.026367	0.933350	0.068702	0.503817	-0.206107	10.909173
-0.531250	0.041504	0.920654	-0.007634	0.045802	-0.870229	10.917680
-0.527588	0.047852	0.922363	0.366412	-0.442748	-0.610687	10.926177
-0.527832	0.067871	0.922852	0.099237	-0.816794	-0.099237	10.934707
-0.525635	0.070557	0.920654	0.137405	-1.152672	1.473282	10.943330
-0.531250	0.059570	0.912842	0.022901	-1.045802	2.778626	10.951711
-0.532471	0.044189	0.915039	0.221374	-1.045802	3.244275	10.960330
-0.516357	0.031738	0.910400	0.610687	-0.793893	2.763359	10.968765
-0.532471	0.024658	0.905273	0.427481	-0.671756	2.541985	10.977130
-0.530762	0.016846	0.908447	0.160305	-0.595420	1.465649	10.985476
-0.532715	0.013184	0.908447	-0.152672	-0.160305	0.190840	10.994020
-0.534668	0.024170	0.910889	-0.229008	0.114504	-1.038168	11.002241
-0.532471	0.034424	0.913574	-1.251908	0.068702	-1.473282	11.010467
-0.531494	0.042480	0.908691	-1.389313	0.038168	-1.000000	11.018656
-0.533447	0.045654	0.908203	-1.213740	-0.030534	-0.129771	11.027443
-0.539795	0.042236	0.920410	-0.587786	-0.480916	0.343511	11.035612
-0.535156	0.035645	0.926514	0.076336	-1.045802	1.206107	11.044536
-0.537354	0.035645	0.916992	0.679389	-1.427481	1.335878	11.052783
-0.537354	0.036133	0.907959	1.083969	-1.931298	1.267176	11.061476
-0.528320	0.038086	0.902100	0.877863	-1.893130	1.465649	11.069566
-0.520020	0.041748	0.892090	0.702290	-1.251908	1.877863	11.077569
-0.521973	0.031006	0.895508	0.557252	-0.793893	2.076336	11.086547
-0.516602	0.027100	0.897949	-0.175573	-0.870229	1.595420	11.095098
-0.509766	0.017578	0.896484	-0.633588	-0.770992	0.816794	11.103594
-0.530273	0.013184	0.895020	-0.702290	-0.610687	0.000000	11.112254
-0.511475	0.015869	0.882812	-0.755725	-0.129771	-0.435115	11.120516
-0.528564	0.016602	0.874756	-0.549618	0.664122	-1.190840	11.128960
-0.518311	0.018311	0.892090	0.038168	1.427481	-1.450382	11.137059
-0.526855	0.020020	0.898926	0.083969	1.740458	-1.664122	11.145807
-0.526611	0.040039	0.898438	0.427481	2.221374	-1.419847	11.154098
-0.538330	0.044189	0.912109	0.534351	2.129771	-1.000000	11.162592
-0.532227	0.052246	0.918213	0.801527	1.389313	-0.244275	11.170806
-0.534912	0.049316	0.938721	0.618321	0.167939	0.396947	11.179016
-0.540771	0.054199	0.914062	0.916031	-0.198473	1.000000	11.187712
-0.540771	0.047607	0.911865	1.465649	-0.068702	0.824427	11.196481
-0.535645	0.044434	0.910645	1.328244	-0.007634	0.862595	11.204504
-0.537842	0.038818	0.891113	0.969466	0.603053	0.877863	11.212835
-0.531738	0.047363	0.907715	1.045802	0.763359	0.763359	11.220675
-0.538818	0.043213	0.930664	0.923664	0.244275	1.068702	11.229571
-0.538574	0.040039	0.927002	0.015267	-0.778626	0.763359	11.237719
-0.534668	0.034912	0.923828	-0.221374	-0.877863	0.496183	11.246382
-0.532471	0.030762	0.924316	0.549618	-0.977099	0.198473	11.254616
-0.529297	0.035889	0.911377	0.358779	-1.274809	0.282443	11.263085
-0.525391	0.038330	0.915039	0.267176	-1.000000	0.664122	11.271192
-0.523682	0.040771	0.899170	0.870229	-0.641221	0.664122	11.279198
-0.531250	0.037598	0.918457	0.977099	-0.503817	0.923664	11.287253
-0.532959	0.038574	0.918945	0.503817	-0.633588	0.702290	11.295731
-0.533936	0.033203	0.916016	0.572519	-0.442748	0.442748	11.304420
-0.536865	0.037598	0.917725	0.793893	0.114504	0.465649	11.312900
-0.536377	0.038818	0.933350	0.519084	-0.328244	0.694656	11.321087
-0.536865	0.027344	0.939209	-0.030534	-1.122137	0.587786	11.329600
-0.538818	0.025635	0.937744	0.068702	-1.625954	0.038168	11.337805
-0.530762	0.029053	0.908447	0.335878	-2.190840	-0.221374	11.345776
-0.527100	0.031738	0.912109	0.847328	-2.045802	-0.305344	11.353568
-0.523926	0.043945	0.904541	0.748092	-1.511450	-0.244275	11.361388
-0.522217	0.044189	0.897217	0.648855	-1.343511	0.007634	11.369343
-0.527100	0.047607	0.889648	0.679389	-0.740458	0.328244	11.377371
-0.522949	0.045166	0.896729	0.458015	-0.122137	0.251908	11.386696
-0.521240	0.038574	0.904053	0.450382	0.198473	0.625954	11.395441
-0.525635	0.027832	0.910400	0.358779	0.732824	0.175573	11.403893
-0.531494	0.027588	0.923584	0.549618	0.473282	-0.358779	11.412088
-0.527588	0.041016	0.922363	0.076336	-0.801527	-1.099237	11.420500
-0.526855	0.055908	0.923340	-0.587786	-1.740458	-0.786260	11.428553
-0.525391	0.055420	0.892822	-0.877863	-1.832061	0.221374	11.437435
-0.527832	0.043213	0.897217	-0.854962	-1.671756	0.648855	11.445926
-0.543945	0.034424	0.896973	-0.541985	-0.977099	0.549618	11.454494
-0.529053	0.041504	0.894775	-0.198473	-0.419847	0.053435	11.463022
-0.523926	0.045166	0.910645	0.015267	-0.320611	-0.152672	11.472778
-0.525635	0.048340	0.905762	0.183206	-0.503817	0.122137	11.482991
-0.516357	0.049561	0.910156	0.251908	-0.404580	1.198473	11.493733
-0.521484	0.039795	0.890381	0.282443	0.244275	1.854962	11.504245
-0.525635	0.031494	0.912598	0.671756	0.236641	2.595420	11.514421
-0.534668	0.018311	0.921387	0.770992	0.030534	2.053435	11.524677
-0.535889	0.010986	0.916748	1.083969	-0.931298	0.328244	11.535407
-0.531006	0.030273	0.913086	0.442748	-1.770992	-0.946565	11.545660
-0.524414	0.041260	0.889648	-0.885496	-2.282443	-1.412214	11.556414
-0.518799	0.047852	0.871826	-0.908397	-0.885496	-0.694656	11.567013
-0.526123	0.052490	0.894043	-0.366412	0.496183	-0.236641	11.577228
-0.529297	0.041992	0.917969	0.374046	1.145038	0.381679	11.587389
-0.531494	0.046387	0.918701	1.045802	0.335878	0.458015	11.598203
-0.529785	0.045898	0.912598	1.114504	-0.877863	0.763359	11.608354
-0.518066	0.044678	0.887939	0.396947	-1.190840	1.000000	11.618766
-0.520508	0.038330	0.874756	-0.167939	-0.167939	0.984733	11.629165
-0.522949	0.025391	0.901367	-0.381679	0.854962	0.755725	11.639972
-0.530029	0.027588	0.919189	-0.412214	0.908397	0.038168	11.649943
-0.525146	0.038086	0.936768	-0.312977	0.114504	-0.305344	11.661021
-0.529541	0.043213	0.926270	0.183206	-0.725191	0.557252	11.671537
-0.523926	0.034668	0.922119	0.221374	-0.717557	1.083969	11.681859
-0.529785	0.024902	0.912109	0.603053	-0.366412	1.061069	11.691928
-0.520752	0.031250	0.907471	0.633588	-0.206107	0.396947	11.702867
-0.530273	0.028076	0.905273	0.396947	0.229008	0.175573	11.713185
-0.518311	0.039795	0.904053	0.419847	0.450382	-0.045802	11.723648
-0.533691	0.037842	0.897949	0.458015	1.129771	0.664122	11.733740
-0.535645	0.028076	0.935059	0.641221	0.786260	0.267176	11.744418
-0.540283	0.041016	0.949219	0.664122	-1.015267	-0.068702	11.754922
-0.524414	0.052490	0.916504	0.458015	-2.511450	0.549618	11.765230
-0.525879	0.052734	0.898438	0.045802	-2.755725	1.625954	11.775914
-0.517578	0.030273	0.895752	-0.496183	-1.816794	1.152672	11.786415
-0.520264	0.033447	0.887451	-0.740458	-0.954198	-0.068702	11.797131
-0.526367	0.044678	0.888916	-0.748092	-0.122137	-0.992366	11.807443
-0.519043	0.041748	0.898682	-0.664122	0.610687	-1.022901	11.817739
-0.528564	0.051025	0.909424	-0.190840	1.068702	-0.374046	11.828263
-0.532959	0.054199	0.919922	0.305344	1.305344	0.549618	11.838152
-0.535645	0.044678	0.924805	0.076336	0.511450	1.717557	11.848189
-0.539795	0.040039	0.934814	0.206107	-0.091603	1.870229	11.858558
-0.534180	0.033691	0.922607	0.526718	-1.061069	1.320611	11.868960
-0.534668	0.036865	0.927246	0.083969	-1.389313	0.977099	11.879424
-0.528320	0.037109	0.918213	-0.458015	-1.778626	0.564885	11.889575
-0.535156	0.040039	0.909180	-1.076336	-2.160305	0.473282	11.900194
-0.533691	0.035645	0.912842	-1.374046	-2.396947	0.725191	11.910682
-0.532471	0.033203	0.893066	-0.702290	-1.541985	1.022901	11.920900
-0.534668	0.024658	0.900879	0.328244	-0.534351	0.458015	11.931336
-0.531982	0.028320	0.903564	0.618321	-0.152672	-0.114504	11.941609
-0.526123	0.041016	0.906982	0.717557	0.473282	-0.038168	11.952096
-0.526367	0.048828	0.907471	0.213740	0.030534	0.229008	11.962874
-0.530029	0.053223	0.910400	-0.213740	-0.305344	1.549618	11.973009
-0.529785	0.035156	0.916504	-0.290076	0.122137	1.893130	11.983582
-0.534180	0.028076	0.927979	-0.618321	-0.656489	1.297710	11.994070
-0.530518	0.027100	0.908691	-0.480916	-0.770992	0.862595	12.004461
-0.522705	0.030518	0.885742	-0.610687	-0.809160	0.587786	12.014965
-0.519287	0.023682	0.885742	-0.679389	-0.129771	0.221374	12.025251
-0.518799	0.027588	0.896484	-0.541985	0.648855	-0.847328	12.035560
-0.519531	0.030762	0.890869	-0.404580	1.099237	-1.213740	12.045366
-0.523438	0.044434	0.894531	-0.274809	1.641221	-0.870229	12.056355
-0.525635	0.054199	0.920410	-0.427481	1.709924	-0.083969	12.066866
-0.530029	0.048340	0.907471	0.206107	1.740458	0.755725	12.077308
-0.532715	0.047607	0.911377	0.412214	1.832061	1.259542	12.087671
-0.539307	0.032959	0.900146	0.717557	1.732824	0.801527	12.098078
-0.540771	0.038818	0.909912	0.671756	1.534351	0.488550	12.108781
-0.535400	0.045166	0.904785	0.656489	1.450382	0.145038	12.119199
-0.542725	0.038086	0.936768	0.297710	0.534351	0.473282	12.129541
-0.536865	0.046875	0.924072	0.091603	-1.206107	0.854962	12.139823
-0.529785	0.041260	0.911133	0.770992	-1.893130	1.480916	12.150238
-0.532471	0.034180	0.902100	1.259542	-1.442748	1.709924	12.160387
-0.526367	0.034180	0.890869	2.190840	-0.488550	1.015267	12.170826
-0.524658	0.046631	0.896240	2.419847	0.458015	1.343511	12.181270
-0.528564	0.051514	0.914795	2.312977	0.786260	2.007634	12.191678
-0.522949	0.045410	0.928711	1.732824	0.122137	2.541985	12.202067
-0.527100	0.029541	0.909180	0.801527	-0.534351	1.687023	12.212747
-0.521240	0.035400	0.887207	0.244275	0.152672	0.740458	12.223381
-0.520508	0.038818	0.891846	-0.442748	1.656489	0.160305	12.234199
-0.519775	0.046387	0.901123	-1.122137	2.473282	0.198473	12.244343
-0.532471	0.030273	0.924805	-1.534351	2.748092	0.480916	12.254438
-0.537842	0.040283	0.928955	-1.900763	1.763359	0.679389	12.265187
-0.546387	0.036377	0.925049	-1.541985	1.488550	1.152672	12.275712
-0.544434	0.023438	0.933594	-0.671756	1.648855	1.679389	12.286166
-0.549072	0.014160	0.959473	-0.083969	0.961832	1.549618	12.296402
-0.554443	0.015869	0.951416	0.167939	-0.992366	0.595420	12.307118
-0.547607	0.028564	0.942871	0.236641	-3.015267	-0.122137	12.320482
-0.534424	0.030273	0.907959	-0.198473	-3.290076	-0.946565	12.330751
-0.524902	0.035156	0.895996	-0.328244	-2.725191	-1.534351	12.341324
-0.525879	0.056885	0.890381	-0.580153	-1.816794	-1.404580	12.351721
-0.531250	0.072998	0.897949	-0.824427	-1.946565	-0.274809	12.362279
-0.522949	0.063232	0.878174	-1.290076	-2.152672	0.916031	12.372816
-0.528809	0.053223	0.886230	-1.236641	-1.572519	1.137405	12.383247
-0.529785	0.047363	0.898926	-0.793893	-0.679389	1.534351	12.393603
-0.531006	0.053955	0.926025	-0.587786	-0.946565	2.038168	12.403500
-0.531494	0.047363	0.914795	-0.664122	-1.664122	3.007634	12.413968
-0.531738	0.026123	0.908691	-0.809160	-2.709924	2.809160	12.424660
-0.520752	0.015625	0.898193	-0.870229	-2.419847	2.473282	12.435498
-0.541016	0.018555	0.894775	-0.778626	-1.740458	1.801527	12.445917
-0.525635	0.007324	0.885742	-1.099237	-1.267176	0.526718	12.456245
-0.526611	0.016846	0.900391	-1.137405	-0.893130	-0.755725	12.466706
-0.522217	0.028564	0.884766	-1.068702	-0.351145	-1.068702	12.477213
-0.527100	0.040039	0.898193	-0.343511	0.664122	-0.160305	12.487079
-0.530029	0.032227	0.912109	0.877863	1.160305	0.541985	12.497603
-0.539307	0.030762	0.924805	1.435115	0.641221	0.404580	12.507197
-0.532471	0.032715	0.927002	2.183206	-0.221374	0.641221	12.518171
-0.530273	0.043457	0.919189	2.175573	-0.694656	0.870229	12.528511
-0.526611	0.042480	0.902344	1.946565	-1.007634	1.114504	12.538626
-0.526611	0.029541	0.892090	0.656489	-0.801527	0.244275	12.549167
-0.517822	0.032471	0.885986	-0.206107	-0.473282	-1.534351	12.559823
-0.517090	0.050781	0.879150	-1.068702	0.091603	-2.931298	12.570145
-0.500244	0.074707	0.893799	-1.152672	0.229008	-2.274809	12.580643
-0.522949	0.082520	0.898438	-1.503817	0.702290	-0.419847	12.591063
-0.530762	0.082520	0.895996	-1.358779	0.992366	1.045802	12.601315
-0.521973	0.077148	0.901611	-1.145038	1.145038	2.374046	12.611442
-0.526123	0.065674	0.906982	-0.946565	1.725191	3.748092	12.621979
-0.524658	0.041748	0.924805	-0.900763	1.847328	4.343511	12.632605
-0.535156	0.020508	0.920410	-0.809160	1.419847	3.740458	12.642633
-0.531494	0.017822	0.906250	-0.671756	1.435115	2.793893	12.653366
-0.525391	0.021484	0.903320	-0.465649	1.908397	2.412214	12.663964
-0.533691	0.015137	0.923096	-0.603053	2.076336	1.885496	12.674387
-0.544922	0.028564	0.929443	-0.770992	1.366412	0.946565	12.685035
-0.539795	0.038086	0.943848	-0.839695	0.167939	1.297710	12.695414
-0.545166	0.039062	0.926758	-1.320611	-0.824427	1.374046	12.705775
-0.553955	0.018799	0.921143	-0.305344	-0.603053	2.297710	12.716032
-0.552734	0.024658	0.929443	0.534351	-1.534351	2.045802	12.726846
-0.550049	0.031738	0.927002	-0.984733	-1.832061	2.526718	12.737365
-0.550781	0.014404	0.919189	-0.709924	-1.335878	1.305344	12.747659
-0.541504	0.024902	0.923828	0.709924	-1.442748	-0.206107	12.757858
-0.545898	0.046875	0.911133	-0.595420	-1.740458	0.221374	12.768556
-0.537842	0.049316	0.928223	-1.167939	-2.160305	1.587786	12.779172
-0.533447	0.039062	0.928711	-1.000000	-3.595420	1.832061	12.789290
-0.530518	0.033936	0.900635	-1.549618	-3.931298	1.015267	12.800007
-0.523682	0.037842	0.873047	-0.931298	-2.496183	1.137405	12.810202
-0.524902	0.032227	0.878418	-0.969466	-0.732824	1.038168	12.820605
-0.528320	0.034912	0.904541	-1.305344	0.145038	0.816794	12.831295
-0.540527	0.031982	0.916992	-1.274809	-0.190840	0.580153	12.841951
-0.533691	0.024902	0.917480	-1.213740	-0.854962	0.793893	12.852418
-0.533691	0.025635	0.893066	-1.709924	-1.251908	0.916031	12.862660
-0.529297	0.023438	0.898682	-1.381679	-0.450382	0.946565	12.873353
-0.533447	0.016357	0.908691	-0.900763	-0.740458	0.885496	12.883846
-0.534180	0.022461	0.909668	-1.458015	-1.893130	0.763359	12.894527
-0.531982	0.015381	0.901123	-1.053435	-2.312977	0.480916	12.904984
-0.528809	0.008545	0.885010	-0.587786	-2.221374	-0.045802	12.915238
-0.523682	0.008057	0.889648	-0.221374	-1.862595	-0.236641	12.925457
-0.529541	0.010742	0.870605	0.572519	-0.969466	-1.083969	12.936062
-0.516846	0.021484	0.863037	-1.931298	0.656489	-0.870229	12.946402
-0.515381	0.037354	0.879150	1.572519	1.206107	-0.549618	12.957318
-0.520508	0.031494	0.900146	1.404580	1.557252	0.114504	12.966963
-0.531982	0.030762	0.908203	1.267176	1.137405	-1.015267	12.977443
-0.530029	0.039307	0.909180	1.351145	0.022901	-0.534351	12.987766
-0.527344	0.042236	0.908936	0.885496	-0.206107	-0.366412	12.998148
-0.533691	0.043945	0.905518	0.816794	0.122137	0.198473	13.008245
-0.538818	0.036133	0.912598	0.534351	0.076336	0.320611	13.018168
-0.535645	0.033447	0.916260	0.748092	-0.503817	0.526718	13.028354
-0.539795	0.030762	0.907471	0.488550	-0.687023	0.396947	13.037570
-0.532471	0.028564	0.905762	0.297710	-0.946565	-0.404580	13.047222
-0.528564	0.039062	0.896729	0.877863	-0.358779	-0.389313	13.056653
-0.524658	0.038818	0.907715	1.045802	1.946565	-0.312977	13.065849
-0.520996	0.040283	0.922119	0.633588	-0.709924	-0.213740	13.075181
-0.534180	0.042236	0.915039	0.274809	-1.244275	-0.167939	13.084921
-0.516846	0.038818	0.890869	0.557252	-0.664122	0.534351	13.096510
-0.525879	0.029053	0.899658	0.503817	0.152672	0.755725	13.107190
-0.518555	0.030518	0.914062	0.893130	0.541985	0.251908	13.117283
-0.523438	0.036621	0.915039	1.083969	0.946565	-0.106870	13.128139
-0.527588	0.045654	0.911377	0.488550	0.900763	-0.114504	13.138011
-0.527100	0.048340	0.917480	0.610687	0.786260	0.122137	13.147864
-0.533691	0.051270	0.918457	0.106870	0.366412	1.022901	13.159082
-0.538330	0.039551	0.918457	0.129771	0.122137	1.022901	13.169118
-0.540527	0.035889	0.924072	0.145038	-0.534351	1.137405	13.180028
-0.539062	0.038574	0.924805	0.458015	-0.969466	1.633588	13.190199
-0.528076	0.029297	0.910889	0.923664	-1.183206	1.633588	13.200729
-0.530518	0.030273	0.907227	0.656489	-0.946565	0.763359	13.211140
-0.519287	0.031738	0.899170	0.687023	-0.694656	0.442748	13.221710
-0.521240	0.046875	0.879395	0.374046	-0.687023	0.480916	13.232026
-0.511719	0.042969	0.884521	-0.198473	-0.358779	0.603053	13.242589
-0.519287	0.038818	0.878174	-0.496183	0.610687	0.709924	13.253097
-0.526123	0.043457	0.896729	-0.160305	1.832061	0.900763	13.263612
-0.536865	0.040527	0.919189	-0.274809	3.900763	1.221374	13.273999
-0.539062	0.036621	0.925293	-0.603053	1.152672	1.259542	13.284468
