-0.246338	-0.357422	0.814453	-1.389313	-2.007634	-0.969466	0.008616
-0.244873	-0.352295	0.810791	-1.045802	-1.580153	-0.702290	0.016983
-0.239014	-0.348145	0.818848	-1.610687	-1.267176	-0.824427	0.025242
-0.235840	-0.349365	0.810547	-2.206107	-1.335878	-0.992366	0.033650
-0.243652	-0.346436	0.815430	-2.679389	-1.213740	-1.091603	0.041797
-0.245850	-0.351318	0.797119	-2.595420	-1.099237	-1.053435	0.049892
-0.246338	-0.346924	0.803955	-2.541985	-1.198473	-0.946565	0.058051
-0.244141	-0.342773	0.805176	-2.793893	-1.412214	-0.908397	0.066208
-0.243652	-0.340576	0.819336	-3.297710	-2.053435	-1.061069	0.074381
-0.243896	-0.338623	0.812012	-4.213740	-2.473282	-1.160305	0.082804
-0.242676	-0.337402	0.804932	-5.183206	-2.877863	-1.274809	0.090979
-0.242188	-0.337158	0.806396	-6.122137	-3.083969	-1.419847	0.099133
-0.243896	-0.334229	0.808105	-6.854962	-3.725191	-1.687023	0.107331
-0.235107	-0.355469	0.799316	-6.748092	-4.007634	-1.809160	0.115539
-0.239014	-0.357178	0.804443	-5.877863	-3.839695	-1.748092	0.123726
-0.235107	-0.363281	0.796875	-4.908397	-3.618321	-1.259542	0.131850
-0.230957	-0.363281	0.808838	-4.206107	-3.526718	-0.687023	0.139932
-0.233154	-0.349121	0.804199	-4.847328	-2.778626	-0.793893	0.148104
-0.231201	-0.360596	0.811768	-4.572519	-2.824427	-1.229008	0.156268
-0.230713	-0.357422	0.802734	-4.465649	-2.603053	-0.664122	0.164467
-0.230957	-0.360596	0.801270	-3.282443	-2.366412	-0.335878	0.172567
-0.225586	-0.361084	0.802490	-2.366412	-1.748092	-0.236641	0.180717
-0.227295	-0.361816	0.799805	-1.496183	-1.717557	-0.274809	0.188806
-0.225342	-0.371094	0.804199	0.160305	-1.557252	0.748092	0.197094
-0.221680	-0.359619	0.796875	0.564885	-0.900763	0.938931	0.205252
-0.230225	-0.352539	0.802246	-0.267176	-0.877863	0.862595	0.213680
-0.225342	-0.353516	0.800537	-1.267176	-0.862595	0.282443	0.222208
-0.225098	-0.357666	0.804688	-1.824427	-0.977099	0.290076	0.229802
-0.216309	-0.360840	0.800537	-2.076336	-0.984733	-0.114504	0.237415
-0.222900	-0.350830	0.793213	-1.503817	-0.717557	-0.549618	0.246851
-0.217285	-0.357178	0.812012	-0.923664	-0.351145	-0.389313	0.254478
-0.217041	-0.354004	0.801758	-0.290076	-0.305344	-0.480916	0.262296
-0.217041	-0.348389	0.795410	0.381679	0.175573	-0.091603	0.269814
-0.216309	-0.351318	0.799072	0.358779	0.694656	0.038168	0.277435
-0.219727	-0.343994	0.804688	0.335878	0.587786	-0.022901	0.285114
-0.221191	-0.350830	0.781738	0.595420	0.961832	0.190840	0.292695
-0.219482	-0.342285	0.799561	1.007634	1.427481	0.328244	0.301630
-0.219727	-0.342529	0.782715	1.435115	1.916031	0.778626	0.310189
-0.219971	-0.344238	0.786377	2.198473	2.167939	1.083969	0.318991
-0.216553	-0.337891	0.792969	2.541985	2.229008	1.244275	0.326828
-0.225586	-0.331543	0.787842	2.244275	2.129771	1.458015	0.335369
-0.228271	-0.330566	0.800293	0.603053	2.595420	1.389313	0.343755
-0.219238	-0.330566	0.800781	-0.893130	2.427481	0.946565	0.351950
-0.225342	-0.337158	0.800049	-1.572519	2.442748	0.786260	0.360138
-0.219727	-0.338135	0.800781	-1.938931	2.755725	0.793893	0.368029
-0.220215	-0.336182	0.799805	-2.847328	2.496183	0.366412	0.376674
-0.221436	-0.349854	0.804443	-3.320611	2.328244	0.450382	0.385036
-0.219727	-0.350342	0.793213	-3.900763	2.068702	0.435115	0.393642
-0.215820	-0.336670	0.791992	-1.534351	2.251908	0.328244	0.401505
-0.214844	-0.338135	0.799072	-1.503817	1.816794	0.603053	0.409056
-0.218750	-0.336914	0.801270	-1.412214	1.916031	1.099237	0.417860
-0.230713	-0.330322	0.805176	-1.587786	2.198473	1.389313	0.426166
-0.219971	-0.333008	0.797852	-1.854962	2.854962	1.709924	0.434295
-0.230957	-0.325684	0.808105	-2.206107	2.923664	1.702290	0.442450
-0.228271	-0.339111	0.810791	-2.366412	2.900763	1.946565	0.450713
-0.231445	-0.340576	0.804688	-2.358779	3.335878	1.885496	0.459034
-0.235352	-0.345703	0.807373	-2.007634	3.305344	2.374046	0.467654
-0.232178	-0.338623	0.817627	-1.351145	3.587786	2.305344	0.475688
-0.232666	-0.340576	0.815186	-1.061069	3.870229	2.198473	0.483334
-0.232422	-0.342773	0.801025	-1.091603	3.412214	2.297710	0.491239
-0.236572	-0.339355	0.815430	-0.992366	3.251908	2.328244	0.499841
-0.234131	-0.343750	0.821289	-0.923664	3.030534	2.526718	0.508394
-0.230713	-0.341797	0.813477	-0.412214	2.961832	2.854962	0.516345
-0.232422	-0.347412	0.821045	-0.007634	3.045802	2.900763	0.524111
-0.235107	-0.335449	0.822266	-0.419847	2.885496	3.022901	0.531760
-0.235107	-0.339600	0.822754	0.015267	2.587786	3.328244	0.539284
-0.231689	-0.339111	0.825928	1.122137	2.671756	3.190840	0.548062
-0.239014	-0.341309	0.821289	0.480916	2.801527	3.480916	0.556228
-0.237305	-0.337158	0.819336	-0.259542	2.625954	3.152672	0.564895
-0.237793	-0.340088	0.827637	-0.496183	2.175573	3.198473	0.572985
-0.238281	-0.340576	0.827393	-0.465649	2.328244	3.061069	0.581481
-0.240967	-0.330078	0.815674	-0.839695	2.061069	3.000000	0.589893
-0.248047	-0.332275	0.821533	-0.740458	1.404580	3.022901	0.598403
-0.241699	-0.340820	0.820801	-0.664122	0.648855	3.099237	0.606471
-0.239502	-0.338135	0.830322	-0.419847	0.763359	3.496183	0.614209
-0.241211	-0.331787	0.832275	-0.122137	0.572519	3.664122	0.622175
-0.242676	-0.338379	0.820801	0.236641	0.648855	4.022901	0.630730
-0.235107	-0.337402	0.814209	0.977099	0.839695	4.404580	0.638573
-0.239258	-0.331787	0.825684	0.435115	1.045802	4.473282	0.647258
-0.237549	-0.329346	0.817871	0.610687	0.832061	4.351145	0.655098
-0.239014	-0.327637	0.814697	0.167939	0.328244	4.137405	0.663346
-0.242920	-0.332275	0.823975	-0.877863	0.496183	4.099237	0.671670
-0.240723	-0.327881	0.812988	-1.091603	0.274809	4.335878	0.680181
-0.233643	-0.330322	0.821289	-1.045802	0.549618	4.496183	0.688370
-0.237549	-0.319336	0.826172	-1.160305	0.549618	4.419847	0.696147
-0.237549	-0.330811	0.813721	-1.480916	0.274809	4.236641	0.704039
-0.240234	-0.332275	0.813721	-1.076336	0.519084	4.381679	0.712616
-0.242188	-0.329590	0.811523	-1.076336	0.641221	4.595420	0.721351
-0.244141	-0.336426	0.815430	-0.595420	0.435115	4.656489	0.729380
-0.240234	-0.332764	0.820801	-0.137405	0.519084	4.816794	0.737217
-0.243164	-0.328125	0.819092	-0.129771	0.374046	4.587786	0.745975
-0.246582	-0.330078	0.817139	-0.557252	0.381679	4.221374	0.754519
-0.244141	-0.331787	0.825684	-0.862595	0.274809	4.229008	0.762617
-0.247314	-0.330078	0.821777	-1.305344	0.206107	4.053435	0.770433
-0.247070	-0.328369	0.823975	-2.122137	0.435115	3.854962	0.779360
-0.243164	-0.327637	0.815186	-1.923664	0.458015	4.175573	0.787784
-0.240723	-0.335938	0.810547	-3.900763	0.083969	3.725191	0.795993
-0.238037	-0.338379	0.805908	-1.717557	0.374046	3.435115	0.803758
-0.238037	-0.335938	0.809814	-1.221374	0.328244	3.664122	0.812584
-0.248779	-0.332520	0.803467	-1.251908	0.366412	3.519084	0.821000
-0.243896	-0.327148	0.811523	-1.671756	0.229008	3.312977	0.828857
-0.233643	-0.330811	0.799072	-1.458015	0.412214	3.320611	0.836479
-0.239746	-0.315918	0.827148	-3.244275	0.923664	3.076336	0.845037
-0.237793	-0.330566	0.805420	-3.389313	0.580153	2.877863	0.853563
-0.241211	-0.332520	0.819336	-3.610687	0.908397	2.625954	0.861699
-0.243164	-0.327881	0.804443	-4.541985	1.022901	2.244275	0.869626
-0.238037	-0.334961	0.802734	-4.679389	0.969466	2.435115	0.878259
-0.243896	-0.337402	0.799561	-4.618321	0.496183	2.633588	0.886739
-0.245117	-0.327148	0.802246	-4.732824	0.519084	2.175573	0.895075
-0.241699	-0.336914	0.806396	-4.847328	0.351145	2.335878	0.903301
-0.243164	-0.334473	0.808838	-4.648855	0.435115	2.503817	0.911060
-0.244141	-0.335693	0.805176	-4.389313	0.374046	2.969466	0.918618
-0.235596	-0.335693	0.812256	-3.625954	0.396947	3.030534	0.926304
-0.220215	-0.327393	0.806396	-4.473282	0.992366	3.305344	0.934526
-0.241455	-0.335205	0.809814	-5.015267	0.946565	3.206107	0.943565
-0.236084	-0.334961	0.815674	-4.832061	0.694656	2.992366	0.953880
-0.245361	-0.338135	0.804199	-5.778626	0.473282	2.450382	0.963872
-0.237305	-0.348877	0.809570	-5.603053	0.114504	2.351145	0.974595
-0.240479	-0.341553	0.810303	-4.480916	0.145038	2.099237	0.984481
-0.237549	-0.354004	0.809082	-3.335878	0.488550	1.908397	0.994226
-0.235596	-0.340820	0.818359	-3.389313	1.465649	2.229008	1.005009
-0.247559	-0.338135	0.817383	-1.961832	2.038168	2.213740	1.015381
-0.235596	-0.338379	0.819336	-5.290076	2.732824	1.679389	1.025154
-0.242676	-0.343262	0.821289	-6.068702	2.641221	1.213740	1.036239
-0.244629	-0.341064	0.812744	-7.129771	2.564885	0.610687	1.046600
-0.233154	-0.343262	0.822510	-7.603053	2.045802	0.694656	1.056966
-0.235352	-0.340088	0.825928	-8.068702	1.908397	0.503817	1.066634
-0.249268	-0.352783	0.819092	-7.328244	1.343511	0.244275	1.077553
-0.244141	-0.354492	0.812744	-6.213740	0.877863	-0.160305	1.088170
-0.249756	-0.353516	0.823730	-5.839695	0.656489	-0.160305	1.097982
-0.254639	-0.346924	0.820801	-4.679389	0.870229	0.206107	1.107760
-0.245361	-0.337646	0.807617	-4.595420	1.297710	-0.404580	1.118688
-0.245850	-0.347412	0.825684	-3.572519	0.984733	-0.206107	1.128738
-0.248047	-0.338135	0.835938	-3.755725	1.343511	-0.007634	1.139259
-0.239502	-0.344238	0.824219	-3.351145	1.679389	-0.221374	1.148855
-0.253906	-0.339600	0.820312	-3.778626	2.030534	-0.328244	1.158133
-0.259766	-0.342285	0.807373	-4.190840	1.091603	-0.496183	1.167480
-0.257080	-0.337891	0.820801	-4.206107	0.091603	-0.503817	1.178418
-0.242432	-0.331787	0.814209	-3.648855	0.404580	-0.389313	1.188559
-0.250488	-0.337402	0.802979	-3.763359	0.763359	-0.030534	1.198782
-0.245117	-0.337402	0.813965	-3.633588	1.030534	0.442748	1.208413
-0.239746	-0.331787	0.814941	-3.717557	0.641221	0.366412	1.219499
-0.244141	-0.330078	0.814697	-4.480916	0.190840	0.465649	1.228982
-0.244873	-0.344238	0.816895	-4.549618	-0.106870	0.435115	1.239050
-0.242920	-0.337646	0.819580	-4.534351	0.000000	0.664122	1.248310
-0.239990	-0.343262	0.808594	-4.343511	-0.045802	0.900763	1.258885
-0.247070	-0.334717	0.810791	-4.465649	-0.381679	0.610687	1.269339
-0.243408	-0.349365	0.819580	-4.427481	-0.564885	0.732824	1.279289
-0.237549	-0.349365	0.813965	-4.992366	-0.122137	0.580153	1.289021
-0.248291	-0.352783	0.804443	-5.244275	-1.954198	0.374046	1.299996
-0.244141	-0.352295	0.809326	-5.221374	0.167939	0.351145	1.310621
-0.242188	-0.351807	0.808350	-5.007634	0.267176	0.496183	1.320262
-0.231201	-0.362549	0.798340	-4.106870	0.450382	0.526718	1.329782
-0.241943	-0.354736	0.796143	-4.312977	0.923664	0.511450	1.340740
-0.241211	-0.351318	0.799805	-4.152672	0.854962	0.519084	1.350428
-0.245850	-0.356445	0.814209	-4.458015	0.381679	0.259542	1.360016
-0.237305	-0.353271	0.804199	-3.770992	0.671756	1.938931	1.370395
-0.241943	-0.356445	0.793701	-3.572519	0.908397	-0.030534	1.379757
-0.238525	-0.354980	0.810303	-3.343511	0.717557	-0.198473	1.391007
-0.236572	-0.351074	0.820801	-3.984733	0.832061	-0.511450	1.401059
-0.243164	-0.353760	0.814941	-4.213740	1.091603	-0.633588	1.411121
-0.242676	-0.356445	0.806396	-3.687023	0.893130	-0.343511	1.420576
-0.249756	-0.359131	0.803955	-2.954198	0.641221	-0.137405	1.431973
-0.243896	-0.353760	0.805176	-2.312977	0.419847	-0.290076	1.442264
-0.244385	-0.355957	0.813965	-1.923664	0.282443	0.076336	1.451841
-0.236572	-0.356689	0.812256	-1.870229	0.564885	-0.122137	1.461562
-0.237549	-0.357910	0.809326	-2.129771	0.374046	0.175573	1.472444
-0.241211	-0.349854	0.808350	-2.435115	0.610687	-0.267176	1.483016
-0.235840	-0.360107	0.801514	-2.129771	0.732824	-0.137405	1.492469
-0.247070	-0.348633	0.807861	-1.854962	0.404580	1.946565	1.501952
-0.242920	-0.346924	0.816650	-1.702290	-0.030534	-0.007634	1.511962
-0.236816	-0.348145	0.818359	-2.145038	0.183206	-0.427481	1.521194
-0.236572	-0.348145	0.810547	-2.641221	0.030534	-0.435115	1.531269
-0.243408	-0.329590	0.797119	-3.053435	0.343511	-0.541985	1.540724
-0.238281	-0.346436	0.812256	-3.458015	0.435115	-1.129771	1.551409
-0.243896	-0.348145	0.812256	-2.419847	1.030534	-1.061069	1.561529
-0.240234	-0.350830	0.799316	-1.328244	1.404580	-0.671756	1.571346
-0.238525	-0.346191	0.802979	-0.633588	1.725191	-0.618321	1.580806
-0.242920	-0.343506	0.804932	-0.366412	2.427481	-0.274809	1.591674
-0.239014	-0.338867	0.810547	-1.076336	2.389313	-0.030534	1.601854
-0.247803	-0.335693	0.804443	-1.068702	2.633588	-0.290076	1.611800
-0.245850	-0.336426	0.801514	-1.839695	2.549618	-0.129771	1.622594
-0.243408	-0.341064	0.809082	-1.786260	2.152672	0.160305	1.632946
-0.245361	-0.335449	0.800537	-1.870229	1.992366	0.503817	1.643451
-0.243164	-0.340576	0.806885	-1.343511	1.755725	0.503817	1.653846
-0.242676	-0.332764	0.803711	-1.992366	1.786260	0.656489	1.663962
-0.249756	-0.338379	0.800537	-1.717557	1.709924	0.709924	1.675055
-0.250732	-0.339844	0.804932	-2.183206	1.702290	0.641221	1.685478
-0.247559	-0.348633	0.817871	-1.832061	1.557252	1.236641	1.695739
-0.246338	-0.350342	0.812988	-1.648855	1.664122	1.305344	1.705547
-0.241943	-0.339111	0.812988	-2.083969	1.877863	1.488550	1.715310
-0.240479	-0.338379	0.809570	-2.656489	1.740458	1.549618	1.726567
-0.240967	-0.345459	0.801758	-3.618321	1.519084	1.404580	1.737152
-0.243652	-0.350342	0.802490	-4.328244	0.931298	1.297710	1.747306
-0.249512	-0.361572	0.811035	-4.480916	0.687023	1.099237	1.757686
-0.238281	-0.356689	0.810791	-3.564885	0.702290	1.511450	1.767384
-0.244873	-0.361084	0.818115	-4.053435	0.801527	0.862595	1.778019
-0.244873	-0.360596	0.801270	-3.381679	0.664122	0.511450	1.787733
-0.243896	-0.360352	0.806885	-3.671756	1.519084	0.007634	1.797067
-0.245850	-0.366699	0.808594	-3.053435	1.458015	-0.145038	1.806320
-0.246826	-0.360596	0.811279	-2.770992	1.709924	-0.419847	1.815533
-0.247070	-0.358398	0.819824	-2.358779	1.740458	-0.770992	1.824656
-0.249756	-0.364502	0.813965	-2.190840	2.381679	-0.893130	1.835223
-0.245117	-0.364014	0.800781	-1.419847	2.458015	-0.687023	1.845402
-0.254150	-0.347656	0.803223	-2.511450	2.412214	-0.900763	1.855389
-0.250000	-0.350586	0.803223	-2.679389	2.045802	-0.778626	1.864953
-0.252441	-0.348145	0.807373	-2.511450	1.954198	-0.664122	1.875661
-0.253906	-0.348389	0.798584	-2.618321	1.656489	-0.282443	1.886012
-0.255859	-0.353027	0.791016	-2.351145	0.862595	-0.290076	1.896110
-0.251709	-0.349609	0.798096	-2.007634	0.541985	-0.038168	1.905750
-0.250732	-0.343750	0.801758	-1.954198	0.343511	0.587786	1.916204
-0.249756	-0.359375	0.798096	-2.022901	0.564885	0.603053	1.926618
-0.252686	-0.345215	0.795898	-2.664122	0.717557	0.435115	1.937064
-0.253662	-0.347412	0.795410	-2.816794	0.931298	0.549618	1.946550
-0.246338	-0.350830	0.795410	-2.893130	0.862595	0.519084	1.957357
-0.252686	-0.354004	0.797607	-2.343511	1.175573	0.374046	1.967016
-0.253174	-0.355225	0.797852	-1.435115	1.274809	0.328244	1.977237
-0.252930	-0.354492	0.792480	-0.419847	1.167939	0.259542	1.986865
-0.250000	-0.351807	0.790771	1.160305	1.687023	0.603053	1.996266
-0.246338	-0.338379	0.798096	1.015267	2.160305	0.748092	2.007459
-0.249756	-0.334717	0.798584	-0.435115	2.618321	0.458015	2.017361
-0.252930	-0.334229	0.800293	-1.740458	2.671756	0.160305	2.026950
-0.249268	-0.335205	0.791992	-2.877863	3.137405	-0.083969	2.037731
-0.248779	-0.338135	0.805176	-2.908397	2.717557	-0.129771	2.047969
-0.249512	-0.348145	0.796387	-2.229008	2.625954	-0.152672	2.057987
-0.248047	-0.333252	0.809814	-1.687023	3.152672	0.022901	2.067438
-0.254883	-0.340820	0.803223	-1.870229	2.893130	0.152672	2.078181
-0.253174	-0.340332	0.808350	-2.236641	2.862595	-0.015267	2.088537
-0.255127	-0.338379	0.804199	-2.480916	3.297710	0.419847	2.098771
-0.259277	-0.336914	0.817139	-2.770992	3.137405	0.404580	2.108427
-0.250732	-0.341064	0.805908	-2.427481	3.068702	0.511450	2.117790
-0.259277	-0.353027	0.809326	-2.167939	2.786260	0.877863	2.126994
-0.257568	-0.351562	0.805420	-1.587786	2.679389	1.267176	2.137122
-0.257324	-0.348145	0.819336	-0.824427	2.549618	1.534351	2.147869
-0.255859	-0.354248	0.816650	-0.480916	2.534351	1.450382	2.157288
-0.252686	-0.350098	0.813232	-0.412214	2.557252	1.480916	2.166710
-0.260010	-0.355225	0.819092	-0.190840	2.435115	1.595420	2.176756
-0.258057	-0.351318	0.815186	-0.366412	2.809160	1.259542	2.187453
-0.261475	-0.356201	0.822510	-0.541985	2.480916	0.900763	2.197523
-0.257568	-0.368652	0.816162	0.473282	2.213740	0.511450	2.207804
-0.253906	-0.347656	0.816162	-0.496183	2.480916	0.366412	2.218177
-0.251709	-0.361328	0.805420	-1.083969	1.786260	0.145038	2.231645
-0.260010	-0.357910	0.815186	-0.908397	1.801527	0.068702	2.242416
-0.251709	-0.358887	0.808594	-1.618321	1.290076	-0.236641	2.252631
-0.253174	-0.361816	0.814697	-1.404580	0.809160	0.038168	2.262364
-0.255127	-0.360596	0.808594	-0.717557	0.786260	-0.221374	2.272189
-0.252197	-0.359863	0.807373	0.274809	0.839695	-0.007634	2.283316
-0.257568	-0.366211	0.807129	0.977099	1.198473	-0.076336	2.294184
-0.256104	-0.367676	0.803223	1.335878	1.488550	-0.274809	2.304078
-0.256348	-0.362549	0.808838	0.847328	1.709924	-0.656489	2.313912
-0.253418	-0.360107	0.816162	-0.335878	2.068702	-1.465649	2.324565
-0.251953	-0.359131	0.815186	-1.328244	1.900763	-2.351145	2.335273
-0.257812	-0.360840	0.806396	-2.198473	1.625954	-2.931298	2.345013
-0.253418	-0.359131	0.800537	-2.496183	1.145038	-3.251908	2.354517
-0.252197	-0.352539	0.810547	-2.152672	1.129771	-3.534351	2.363732
-0.252686	-0.353271	0.807617	-2.198473	1.007634	-3.786260	2.374365
-0.261230	-0.345947	0.789795	-2.381679	0.793893	-3.969466	2.385002
-0.255615	-0.347900	0.800293	-2.274809	0.664122	-5.847328	2.394942
-0.254639	-0.343994	0.799072	-2.961832	0.946565	-3.832061	2.405429
-0.259766	-0.343262	0.820068	-3.832061	1.396947	-4.259542	2.415020
-0.259766	-0.337646	0.796387	-4.396947	1.671756	-4.526718	2.424481
-0.260742	-0.333496	0.796875	-4.358779	1.755725	-4.610687	2.434442
-0.262451	-0.341064	0.791016	-4.351145	1.564885	-4.908397	2.443643
-0.264160	-0.333008	0.793945	-4.206107	1.328244	-4.900763	2.453840
-0.260742	-0.335205	0.792480	-2.351145	1.793893	-4.099237	2.464437
-0.257080	-0.330078	0.792480	-0.916031	2.503817	-3.465649	2.474005
-0.263916	-0.329834	0.803223	0.503817	3.244275	-3.038168	2.483681
-0.257812	-0.326172	0.807373	1.503817	4.312977	-2.633588	2.494145
-0.256592	-0.320068	0.807129	2.053435	5.183206	-2.297710	2.504355
-0.257568	-0.313721	0.830322	1.381679	5.587786	-1.946565	2.514836
-0.265381	-0.309570	0.820557	0.038168	5.419847	-1.938931	2.524411
-0.268555	-0.310303	0.811279	-1.312977	4.854962	-2.305344	2.533829
-0.266357	-0.319580	0.826660	-2.167939	3.137405	-2.106870	2.544989
-0.275391	-0.317627	0.838867	-2.648855	2.007634	-1.511450	2.555327
-0.274658	-0.323975	0.834717	-2.480916	1.045802	-1.251908	2.564922
-0.273438	-0.329590	0.821533	-2.687023	0.167939	-0.694656	2.575320
-0.273438	-0.324951	0.819580	-2.954198	-0.465649	-0.381679	2.584934
-0.270996	-0.331299	0.818604	-2.748092	-0.732824	0.206107	2.595559
-0.269287	-0.329590	0.833252	-2.671756	-0.870229	0.564885	2.605584
-0.262695	-0.331787	0.822021	-2.381679	-0.503817	1.198473	2.616179
-0.256348	-0.338867	0.807373	-2.244275	-0.534351	1.603053	2.626491
-0.259033	-0.334717	0.825684	-2.664122	-0.549618	1.519084	2.636622
-0.260986	-0.340088	0.822266	-3.076336	-0.862595	1.381679	2.646100
-0.265381	-0.335205	0.812500	-3.122137	-1.282443	1.664122	2.657073
-0.260986	-0.343506	0.810547	-3.229008	-1.496183	1.396947	2.667159
-0.260742	-0.344238	0.809570	-3.274809	-1.648855	1.221374	2.677551
-0.258057	-0.350830	0.801758	-3.061069	-1.496183	1.015267	2.687294
-0.258301	-0.350830	0.803223	-2.396947	-1.625954	0.916031	2.697677
-0.250732	-0.353760	0.807373	-1.862595	-1.114504	0.923664	2.707426
-0.256592	-0.343994	0.805664	-1.519084	-0.832061	0.992366	2.716771
-0.252197	-0.345947	0.798584	-1.183206	-0.793893	1.045802	2.725968
-0.257568	-0.345459	0.800781	-1.404580	-0.343511	1.015267	2.736230
-0.258545	-0.348633	0.802002	-1.641221	-0.503817	0.366412	2.747996
-0.249512	-0.343994	0.801514	-1.946565	-0.488550	0.519084	2.759451
-0.250000	-0.339600	0.800293	-1.969466	-0.435115	0.625954	2.772090
-0.255127	-0.344727	0.793701	-1.725191	-0.687023	0.366412	2.783660
-0.249023	-0.345459	0.800781	-1.572519	-0.473282	0.511450	2.794639
-0.251465	-0.343506	0.806152	-1.145038	-0.488550	0.312977	2.806864
-0.242920	-0.340576	0.799072	-1.213740	-0.007634	0.396947	2.819075
-0.248535	-0.341064	0.805176	-1.847328	-0.183206	0.488550	2.830283
-0.251953	-0.343994	0.802979	-2.076336	-0.083969	0.435115	2.841360
-0.249756	-0.343262	0.801270	-2.206107	-0.251908	0.511450	2.854533
-0.254883	-0.341309	0.808594	-2.320611	-0.053435	0.419847	2.866419
-0.245850	-0.340820	0.796387	-2.038168	0.206107	0.290076	2.877462
-0.253418	-0.338379	0.804932	-2.206107	0.274809	0.083969	2.889120
-0.250732	-0.336670	0.799072	-1.595420	0.366412	-0.122137	2.901335
-0.257080	-0.342773	0.804443	-0.656489	0.458015	0.068702	2.912881
-0.251709	-0.337646	0.797607	-0.511450	1.160305	0.236641	2.925195
-0.261475	-0.340088	0.797852	-0.389313	0.000000	0.099237	2.937356
-0.255859	-0.335693	0.804199	-0.488550	2.389313	0.427481	2.949284
-0.257812	-0.326416	0.804443	-1.152672	2.404580	0.664122	2.960589
-0.250488	-0.330566	0.794922	-1.572519	2.091603	0.564885	2.973100
-0.254883	-0.325684	0.802979	-1.793893	1.862595	0.541985	2.985049
-0.257324	-0.322510	0.802490	-1.908397	1.343511	0.862595	2.996058
-0.260498	-0.334229	0.801758	-1.213740	1.458015	1.351145	3.008562
-0.255371	-0.333252	0.808105	-0.931298	1.778626	1.458015	3.020631
-0.263184	-0.328369	0.804199	-1.183206	2.099237	1.137405	3.031961
-0.261719	-0.327148	0.806152	-1.404580	2.312977	0.694656	3.042946
-0.253906	-0.333984	0.812988	-2.267176	2.297710	0.610687	3.056018
-0.253906	-0.334473	0.815430	-2.267176	2.427481	0.564885	3.067518
-0.258057	-0.335938	0.806885	-1.984733	2.938931	0.778626	3.078473
-0.267090	-0.333008	0.808594	-1.824427	3.114504	1.198473	3.089003
-0.260254	-0.330566	0.814453	-1.442748	2.679389	1.045802	3.099173
-0.268555	-0.331543	0.812988	-1.580153	2.198473	1.152672	3.112267
-0.264404	-0.316162	0.812500	-1.427481	1.877863	1.038168	3.124298
-0.255859	-0.338135	0.814209	-0.564885	1.580153	1.267176	3.135345
-0.259521	-0.330566	0.808105	-1.564885	1.564885	1.885496	3.147353
-0.256104	-0.329102	0.804199	-1.328244	1.725191	2.366412	3.159569
-0.264893	-0.328857	0.800537	-2.358779	1.541985	2.496183	3.170971
-0.261475	-0.337402	0.802734	-3.022901	1.389313	2.473282	3.182180
-0.257080	-0.346436	0.812012	-3.778626	1.412214	2.305344	3.194289
-0.256592	-0.350098	0.806152	-3.977099	1.488550	2.015267	3.206914
-0.266602	-0.344238	0.802246	-3.625954	1.381679	1.595420	3.217916
-0.259277	-0.355469	0.799561	-3.465649	0.809160	0.877863	3.230184
-0.253174	-0.356934	0.795166	-2.923664	1.404580	0.694656	3.242208
-0.266357	-0.349121	0.799805	-2.305344	1.732824	0.190840	3.253635
-0.264648	-0.350586	0.804443	-2.022901	2.129771	-0.068702	3.265843
-0.257080	-0.346924	0.800781	-2.175573	2.244275	-0.290076	3.277539
-0.256104	-0.348389	0.809326	-2.427481	2.549618	-0.488550	3.288949
-0.267090	-0.342773	0.818115	-2.709924	2.938931	-0.847328	3.300099
-0.269531	-0.343506	0.824219	-2.725191	2.587786	-1.396947	3.313096
-0.261475	-0.350098	0.813232	-2.160305	2.427481	-1.190840	3.324656
-0.267578	-0.345459	0.822998	-2.114504	2.068702	-0.877863	3.336541
-0.262451	-0.341309	0.827148	-2.145038	1.992366	-0.564885	3.348311
-0.262939	-0.333740	0.815918	-2.503817	2.022901	-0.572519	3.360119
-0.268066	-0.341797	0.827393	-3.038168	1.427481	-0.793893	3.371698
-0.281006	-0.353516	0.826172	-2.694656	0.717557	-0.908397	3.383995
-0.272705	-0.344971	0.841309	-0.832061	0.473282	-0.961832	3.395932
-0.265869	-0.343994	0.852295	-0.702290	-0.083969	-1.381679	3.407845
-0.264160	-0.347656	0.845459	-0.816794	-1.038168	-2.053435	3.419759
-0.267578	-0.350586	0.836670	-1.015267	-1.251908	-2.366412	3.431728
-0.264648	-0.335938	0.826904	-2.076336	-2.167939	-2.396947	3.443224
-0.264404	-0.334961	0.829346	-2.000000	-2.977099	-2.160305	3.455439
-0.276367	-0.337402	0.817871	-1.198473	-3.473282	-1.687023	3.467328
-0.261475	-0.332764	0.820312	-0.687023	-4.061069	-1.229008	3.478304
-0.263672	-0.331055	0.824951	-1.603053	-4.015267	-1.244275	3.490500
-0.256348	-0.331299	0.803955	-2.259542	-3.862595	-1.229008	3.502554
-0.254395	-0.330811	0.806885	-2.687023	-3.702290	-0.977099	3.513567
-0.256104	-0.321289	0.792725	-2.381679	-3.335878	-0.832061	3.525537
-0.248779	-0.323975	0.795654	-2.183206	-3.694656	-0.549618	3.537712
-0.253174	-0.326904	0.794922	-2.145038	-3.335878	-0.152672	3.549215
-0.248047	-0.318848	0.810059	-2.870229	-3.221374	-0.244275	3.560763
-0.244629	-0.324951	0.797607	-3.496183	-2.549618	-0.503817	3.573183
-0.251953	-0.333252	0.782227	-3.076336	-2.419847	-0.343511	3.585006
-0.247803	-0.331543	0.787842	-2.137405	-2.351145	0.274809	3.596049
-0.239990	-0.331787	0.789551	-0.977099	-1.610687	0.740458	3.608216
-0.244629	-0.324951	0.810791	-1.816794	-0.572519	0.854962	3.620135
-0.249023	-0.325684	0.805664	-3.374046	0.007634	-0.076336	3.632604
-0.251221	-0.333984	0.795166	-4.427481	0.305344	-0.740458	3.645392
-0.257080	-0.335205	0.791016	-4.450382	-0.145038	-0.931298	3.657962
-0.247559	-0.327393	0.808350	-3.587786	-0.450382	-0.694656	3.669999
-0.250000	-0.326660	0.812012	-2.916031	-0.343511	-0.175573	3.681636
-0.248291	-0.325195	0.798828	-2.992366	-0.007634	0.167939	3.693868
-0.244385	-0.321777	0.807373	-3.305344	-0.343511	0.687023	3.705834
-0.247803	-0.325684	0.804688	-3.412214	-1.045802	1.114504	3.716861
-0.244629	-0.332031	0.801025	-3.557252	-1.213740	1.335878	3.727867
-0.246582	-0.331055	0.784668	-2.381679	-1.358779	1.992366	3.740307
-0.246338	-0.335693	0.784180	-1.984733	-1.259542	2.015267	3.752814
-0.249023	-0.342285	0.790527	-1.832061	-0.885496	2.015267	3.764299
-0.242188	-0.340820	0.796387	-2.412214	0.030534	1.877863	3.776172
-0.246582	-0.338379	0.797119	-3.572519	0.312977	1.183206	3.788190
-0.242432	-0.340088	0.798828	-4.137405	0.351145	1.007634	3.799509
-0.247559	-0.341553	0.798340	-3.946565	0.465649	0.480916	3.810903
-0.241211	-0.338379	0.794678	-4.152672	0.778626	0.435115	3.822004
-0.245605	-0.339355	0.795898	-5.091603	0.946565	-1.946565	3.832353
-0.245361	-0.344482	0.798828	-5.740458	1.244275	-0.152672	3.844661
-0.251221	-0.343262	0.805420	-6.572519	1.076336	-0.412214	3.856919
-0.225830	-0.363525	0.791992	-5.404580	1.068702	0.145038	3.868308
-0.244873	-0.352295	0.798096	-4.351145	1.152672	0.480916	3.879279
-0.246094	-0.356689	0.814697	-3.816794	1.366412	0.351145	3.890200
-0.245361	-0.356201	0.811768	-3.282443	2.000000	0.259542	3.901488
-0.249268	-0.353516	0.815186	-3.427481	1.549618	0.358779	3.911586
-0.249512	-0.363525	0.799805	-3.832061	1.862595	-0.137405	3.922158
-0.236328	-0.357910	0.802002	-3.435115	1.534351	0.251908	3.932465
-0.277344	-0.352295	0.802002	-1.480916	2.366412	-0.419847	3.942701
-0.250244	-0.345459	0.812256	-4.290076	0.091603	-0.412214	3.952315
-0.240234	-0.370117	0.809814	-2.641221	0.480916	0.083969	3.962393
-0.251953	-0.342773	0.815186	-2.564885	0.992366	-0.297710	3.973141
-0.254150	-0.351318	0.805420	-3.694656	0.427481	-0.664122	3.983214
-0.245361	-0.351807	0.811768	-2.625954	0.549618	-0.244275	3.992840
-0.250244	-0.337158	0.805420	-3.656489	0.595420	-0.251908	4.002696
-0.247070	-0.351318	0.805176	-3.305344	-0.053435	-0.221374	4.013063
-0.254639	-0.350342	0.806885	-2.473282	0.351145	0.061069	4.022834
-0.241943	-0.344238	0.810791	-2.961832	0.610687	0.175573	4.032772
-0.250977	-0.354248	0.809326	-2.687023	0.526718	0.061069	4.042292
-0.256592	-0.350586	0.812256	-3.366412	0.908397	-0.282443	4.053496
-0.240967	-0.357910	0.790039	-3.450382	0.862595	-0.374046	4.063725
-0.256836	-0.346191	0.799316	-3.236641	1.000000	-0.923664	4.073619
-0.246094	-0.351074	0.803955	-2.854962	0.725191	-0.938931	4.084076
-0.253906	-0.346191	0.805908	-2.893130	1.175573	-1.229008	4.094487
-0.245117	-0.348145	0.798096	-2.984733	1.618321	-1.183206	4.104509
-0.249512	-0.341553	0.794434	-2.740458	1.801527	-1.419847	4.114105
-0.248779	-0.347656	0.801025	-2.435115	2.412214	-0.801527	4.124583
-0.251221	-0.341309	0.809814	-1.702290	1.862595	-0.412214	4.134473
-0.248535	-0.349854	0.809570	-1.320611	2.175573	-0.595420	4.144732
-0.248779	-0.342773	0.802979	-0.694656	2.564885	-0.572519	4.154547
-0.246094	-0.335449	0.811523	-0.541985	2.267176	-0.366412	4.164171
-0.248047	-0.342285	0.806152	-0.916031	2.229008	-0.847328	4.174875
-0.249023	-0.339600	0.806885	-1.236641	2.435115	-0.824427	4.184754
-0.250488	-0.343262	0.815186	-1.290076	2.343511	-0.725191	4.194326
-0.250732	-0.339844	0.811523	-1.427481	2.152672	-0.572519	4.205166
-0.243896	-0.337158	0.798340	-1.770992	1.893130	-0.526718	4.215241
-0.253906	-0.329102	0.809082	-2.801527	1.916031	-0.648855	4.227784
-0.249023	-0.336914	0.802979	-3.419847	1.328244	-0.725191	4.237276
-0.247559	-0.342773	0.807129	-3.083969	1.145038	-0.251908	4.247177
-0.247314	-0.339844	0.803955	-2.694656	1.755725	0.061069	4.258248
-0.258301	-0.343262	0.796631	-1.381679	1.908397	0.587786	4.268795
-0.260498	-0.344482	0.801270	-2.038168	2.412214	0.412214	4.278340
-0.248779	-0.336426	0.805908	-2.091603	2.587786	0.076336	4.289297
-0.253418	-0.343018	0.802734	-2.748092	2.694656	-0.389313	4.299886
-0.264404	-0.351318	0.803711	-2.694656	2.442748	-0.259542	4.310433
-0.253418	-0.343750	0.810059	-2.595420	2.610687	-0.167939	4.320137
-0.256836	-0.347900	0.802246	-2.717557	2.595420	-0.519084	4.331526
-0.248047	-0.349121	0.803955	-1.786260	2.809160	-0.381679	4.341839
-0.252686	-0.345947	0.804932	-2.152672	3.083969	-0.541985	4.351689
-0.250488	-0.329346	0.812744	-3.114504	2.961832	-0.786260	4.361186
-0.247314	-0.350830	0.802246	-3.770992	3.068702	-1.061069	4.370952
-0.256104	-0.350586	0.815186	-4.725191	2.870229	-1.694656	4.382411
-0.253662	-0.352051	0.803955	-4.526718	2.473282	-1.526718	4.392741
-0.253906	-0.350342	0.811768	-3.862595	2.480916	-1.648855	4.402614
-0.254883	-0.354248	0.810303	-2.992366	2.091603	-1.534351	4.412905
-0.251221	-0.354004	0.817871	-3.030534	2.206107	-1.282443	4.422909
-0.252930	-0.353027	0.809814	-2.923664	2.076336	-1.305344	4.433304
-0.248535	-0.352539	0.812744	-2.671756	1.824427	-1.473282	4.442996
-0.254883	-0.349854	0.815674	-2.984733	1.786260	-1.320611	4.453825
-0.256592	-0.350098	0.819336	-2.374046	1.503817	-1.335878	4.464256
-0.258545	-0.357666	0.804932	-2.244275	1.862595	-1.358779	4.474586
-0.257812	-0.354492	0.821289	-1.595420	1.793893	-1.053435	4.484253
-0.250000	-0.355225	0.805176	-0.938931	1.549618	-1.106870	4.494653
-0.263184	-0.348389	0.814941	-1.419847	1.526718	-1.290076	4.505236
-0.254639	-0.349121	0.802246	-1.564885	1.007634	-1.335878	4.515689
-0.256348	-0.348145	0.810791	-2.167939	0.748092	-1.580153	4.525187
-0.257568	-0.344971	0.809814	-1.938931	0.793893	-1.465649	4.535612
-0.249512	-0.343506	0.806152	-1.786260	0.648855	-1.221374	4.546000
-0.250000	-0.344482	0.811523	-1.801527	0.984733	-0.977099	4.556643
-0.251465	-0.340088	0.808105	-1.435115	1.534351	-0.656489	4.566276
-0.257324	-0.343506	0.810059	-2.045802	1.061069	-0.702290	4.576980
-0.255371	-0.340088	0.805908	-2.793893	0.946565	-1.343511	4.587397
-0.251709	-0.338623	0.815918	-3.221374	1.091603	-1.152672	4.597558
-0.258789	-0.345215	0.809570	-2.419847	1.488550	-0.717557	4.607325
-0.250977	-0.338623	0.793213	-1.923664	0.664122	-0.694656	4.618472
-0.267822	-0.333252	0.808105	-1.679389	1.000000	-0.916031	4.628322
-0.263428	-0.337891	0.810059	-2.229008	0.290076	-1.007634	4.638441
-0.254150	-0.332520	0.800293	-2.488550	0.022901	-0.694656	4.648023
-0.257812	-0.335205	0.808838	-3.221374	0.641221	-0.595420	4.657785
-0.252686	-0.339355	0.805908	-2.381679	0.801527	0.190840	4.669185
-0.257324	-0.337158	0.813477	-2.198473	0.854962	0.335878	4.679475
-0.261963	-0.330811	0.799316	-2.061069	1.305344	0.229008	4.689427
-0.258789	-0.340576	0.799805	-2.038168	0.984733	0.106870	4.699030
-0.256592	-0.339355	0.811768	-1.496183	0.809160	0.641221	4.710193
-0.252686	-0.339355	0.804932	-1.404580	0.877863	0.793893	4.720311
-0.260742	-0.336182	0.798828	-2.435115	1.114504	0.770992	4.730512
-0.260742	-0.326904	0.803223	-3.229008	0.709924	0.633588	4.739920
-0.254395	-0.333740	0.814697	-3.564885	0.129771	0.740458	4.751004
-0.248779	-0.339844	0.801025	-3.648855	0.030534	0.984733	4.761470
-0.250732	-0.339111	0.796631	-3.297710	-0.007634	1.061069	4.771414
-0.254395	-0.339600	0.798828	-3.480916	-0.267176	0.977099	4.781104
-0.255859	-0.338379	0.784180	-2.633588	-0.114504	1.122137	4.792046
-0.246338	-0.335693	0.786621	-2.824427	0.419847	1.343511	4.802344
-0.247070	-0.341553	0.795898	-1.961832	0.916031	1.862595	4.812473
-0.253418	-0.337402	0.797852	-2.519084	1.465649	1.595420	4.822129
-0.244873	-0.341309	0.800781	-2.786260	1.641221	1.854962	4.831631
-0.248779	-0.351807	0.789551	-2.435115	2.274809	2.007634	4.840927
-0.250977	-0.334961	0.794922	-4.114504	2.748092	1.389313	4.852577
-0.253174	-0.347900	0.789062	-4.374046	1.893130	0.862595	4.862945
-0.251465	-0.342529	0.788330	-3.824427	2.274809	1.190840	4.872452
-0.264160	-0.339111	0.790039	-4.389313	2.152672	0.893130	4.882504
-0.260498	-0.342285	0.801514	-5.770992	1.824427	0.694656	4.893148
-0.247803	-0.352295	0.803223	-4.488550	1.587786	1.091603	4.903468
-0.253662	-0.352539	0.798584	-2.946565	2.549618	1.625954	4.913039
-0.265625	-0.335205	0.797363	-4.938931	3.312977	1.061069	4.923821
-0.248779	-0.356201	0.799561	-4.847328	2.328244	1.312977	4.934198
-0.257812	-0.349121	0.798340	-4.763359	3.908397	1.213740	4.944271
-0.269287	-0.349609	0.809570	-3.923664	3.320611	1.152672	4.954333
-0.262207	-0.350098	0.813477	-6.870229	3.137405	0.610687	4.965069
-0.258301	-0.359375	0.813477	-6.862595	2.435115	0.587786	4.975620
-0.270020	-0.344971	0.820557	-6.641221	2.076336	0.526718	4.985604
-0.270508	-0.355713	0.819336	-7.251908	1.465649	-0.122137	4.995211
-0.266113	-0.363770	0.822998	-6.946565	1.030534	-0.160305	5.004858
-0.258301	-0.364746	0.833496	-6.984733	0.473282	0.267176	5.015623
-0.261230	-0.364746	0.829102	-6.167939	0.030534	0.244275	5.026208
-0.269531	-0.363281	0.832031	-5.290076	0.122137	0.442748	5.036166
-0.249756	-0.374512	0.832520	-3.793893	0.366412	0.839695	5.045679
-0.270996	-0.354980	0.830566	-3.923664	0.007634	0.580153	5.056464
-0.262451	-0.378662	0.833740	-4.816794	0.122137	0.389313	5.066830
-0.261475	-0.369873	0.815186	-4.694656	-0.717557	0.519084	5.076964
-0.275879	-0.370850	0.814697	-2.870229	-1.709924	0.145038	5.086631
-0.270752	-0.369385	0.812500	-2.625954	-1.984733	0.145038	5.097678
-0.266602	-0.368164	0.811035	-3.099237	-1.923664	-0.679389	5.108356
-0.263672	-0.369873	0.808350	-2.480916	-2.007634	-0.152672	5.118115
-0.252197	-0.372803	0.806396	-1.496183	-1.824427	0.358779	5.128709
-0.268799	-0.349609	0.800293	-2.755725	-1.900763	-0.572519	5.138748
-0.258057	-0.362061	0.805420	-3.564885	-1.557252	-0.847328	5.148493
-0.247803	-0.361328	0.807129	-3.435115	-1.786260	-0.549618	5.158281
-0.254883	-0.361572	0.787354	-1.534351	-1.351145	-0.610687	5.169009
-0.266846	-0.353760	0.798584	-2.137405	-1.206107	-0.648855	5.179611
-0.254150	-0.358643	0.796143	-2.435115	-0.977099	-0.748092	5.189536
-0.249756	-0.350342	0.811035	-2.541985	-0.931298	-0.442748	5.199161
-0.255859	-0.349854	0.787598	-3.465649	-1.450382	-0.732824	5.210422
-0.246338	-0.358643	0.785889	-3.480916	-1.595420	-0.526718	5.221024
-0.247070	-0.361328	0.780029	-2.343511	-1.106870	-0.053435	5.230672
-0.258057	-0.344727	0.779541	-2.702290	-1.549618	-0.343511	5.240123
-0.253906	-0.361084	0.790039	-2.648855	-1.793893	0.053435	5.249637
-0.250488	-0.354736	0.787598	-3.099237	-0.534351	-0.045802	5.261370
-0.256836	-0.347900	0.783447	-2.702290	-0.320611	0.221374	5.271735
-0.242920	-0.349609	0.788818	-3.229008	0.160305	0.488550	5.281604
-0.250732	-0.352295	0.791504	-2.129771	0.106870	0.656489	5.291190
-0.252930	-0.352295	0.788818	-2.358779	0.503817	0.503817	5.302564
-0.250244	-0.353516	0.807861	-1.839695	0.175573	0.717557	5.312861
-0.250488	-0.346924	0.786621	-1.763359	0.503817	0.801527	5.322566
-0.250732	-0.346436	0.795654	-2.633588	0.366412	0.938931	5.333110
-0.248535	-0.343750	0.792236	-2.198473	0.022901	0.564885	5.343195
-0.249512	-0.345459	0.785156	-3.183206	0.305344	1.045802	5.352844
-0.243896	-0.352783	0.793701	-2.870229	0.396947	0.977099	5.362828
-0.250488	-0.349854	0.795654	-2.450382	0.312977	1.396947	5.373515
-0.248047	-0.344482	0.780029	-0.007634	0.190840	1.671756	5.383731
-0.247803	-0.356445	0.794434	-2.465649	0.961832	0.000000	5.393389
-0.246094	-0.357666	0.792725	-2.152672	1.503817	2.106870	5.403864
-0.252686	-0.350342	0.783691	-1.984733	1.778626	2.167939	5.414197
-0.239258	-0.354492	0.785156	-2.175573	0.839695	1.977099	5.424516
-0.250732	-0.359619	0.799561	-1.702290	1.603053	2.091603	5.433978
-0.249268	-0.354004	0.809326	-2.068702	1.587786	1.931298	5.444108
-0.245605	-0.358643	0.797119	-2.755725	2.099237	1.900763	5.454209
-0.254883	-0.357666	0.795166	-3.030534	1.564885	1.595420	5.464900
-0.253418	-0.357910	0.785889	-3.709924	1.251908	1.442748	5.474426
-0.250488	-0.361084	0.794922	-3.732824	0.832061	1.236641	5.485215
-0.253662	-0.365723	0.802002	-3.755725	1.091603	1.351145	5.495648
-0.245361	-0.354492	0.796143	-3.725191	1.259542	1.259542	5.505578
-0.254395	-0.364014	0.811768	-3.442748	1.381679	1.183206	5.516519
-0.236084	-0.360596	0.802490	-3.740458	1.862595	1.381679	5.526846
-0.257080	-0.364258	0.801758	-4.297710	2.190840	1.076336	5.536697
-0.256836	-0.366455	0.799316	-4.625954	1.969466	0.977099	5.546173
-0.253418	-0.371094	0.795410	-4.015267	2.236641	0.916031	5.554542
-0.266113	-0.370117	0.811035	-3.412214	2.091603	0.778626	5.563563
-0.252197	-0.377197	0.814697	-3.038168	2.206107	0.717557	5.572015
-0.255859	-0.372803	0.805908	-2.343511	2.038168	0.603053	5.580249
-0.258789	-0.370850	0.805908	-2.251908	2.053435	0.740458	5.588186
-0.253662	-0.369385	0.809814	-2.015267	1.961832	0.694656	5.597166
-0.252930	-0.366211	0.804443	-2.274809	2.358779	0.564885	5.605551
-0.261475	-0.368408	0.807861	-2.328244	2.290076	0.572519	5.614017
-0.262695	-0.364502	0.801758	-2.534351	1.977099	0.824427	5.621886
-0.260010	-0.363525	0.803223	-2.083969	1.648855	0.717557	5.629669
-0.259033	-0.368164	0.799805	-1.366412	1.870229	1.160305	5.637362
-0.259521	-0.363525	0.797119	-1.305344	2.076336	1.213740	5.644895
-0.261963	-0.371582	0.798096	-0.916031	2.061069	1.603053	5.652840
-0.257812	-0.356934	0.796387	-1.404580	2.305344	1.557252	5.661929
-0.257080	-0.356201	0.807373	-2.366412	2.534351	1.564885	5.670451
-0.262451	-0.351562	0.802734	-3.129771	2.419847	1.213740	5.678434
-0.255615	-0.364990	0.805176	-3.137405	2.648855	1.351145	5.686273
-0.264160	-0.370117	0.800049	-3.183206	3.152672	1.732824	5.695046
-0.265381	-0.360840	0.812500	-2.648855	3.488550	1.580153	5.703868
-0.265869	-0.367920	0.814209	-1.961832	3.282443	1.534351	5.712352
-0.271973	-0.363037	0.823486	-1.786260	2.916031	1.404580	5.720276
-0.269287	-0.360840	0.820312	-1.801527	2.526718	1.137405	5.728161
-0.270752	-0.364746	0.816895	-1.473282	1.725191	1.305344	5.736976
-0.270996	-0.364746	0.817627	-0.801527	1.183206	1.480916	5.745624
-0.270996	-0.372803	0.812988	0.893130	1.366412	1.534351	5.753813
-0.272949	-0.358154	0.811279	0.732824	1.106870	2.083969	5.761623
-0.274902	-0.366455	0.805664	1.625954	1.015267	1.702290	5.769402
-0.270996	-0.345459	0.808838	0.152672	1.000000	1.419847	5.778245
-0.274170	-0.351807	0.826660	-0.610687	1.916031	1.870229	5.786804
-0.267578	-0.348633	0.817383	-0.877863	0.297710	1.755725	5.795381
-0.269287	-0.341064	0.820557	-2.297710	0.061069	0.702290	5.803320
-0.266357	-0.367920	0.822021	-2.427481	-0.129771	0.641221	5.811289
-0.264160	-0.363281	0.804932	-1.389313	-0.435115	0.511450	5.819970
-0.265381	-0.363525	0.803223	-1.328244	-0.404580	0.633588	5.827987
-0.260742	-0.353760	0.791504	-1.549618	-0.526718	0.267176	5.836056
-0.265137	-0.353027	0.794922	-2.129771	-0.778626	0.167939	5.845009
-0.264404	-0.360107	0.796875	-2.480916	-1.183206	-0.106870	5.853504
-0.261719	-0.361572	0.791504	-2.305344	-1.038168	-0.129771	5.861271
-0.251465	-0.355713	0.785156	-2.496183	-1.091603	-0.145038	5.869072
-0.258057	-0.356934	0.790771	-2.442748	-1.000000	0.129771	5.877931
-0.252686	-0.357422	0.787109	-2.541985	-0.480916	0.282443	5.886484
-0.235596	-0.357666	0.786377	-2.320611	-0.282443	0.427481	5.895000
-0.256836	-0.351562	0.780273	-2.496183	-1.954198	0.595420	5.903083
-0.253906	-0.357910	0.783691	-2.679389	0.244275	0.496183	5.910954
-0.251465	-0.358398	0.769775	-2.908397	1.916031	0.496183	5.918757
-0.246582	-0.355225	0.774658	-3.167939	0.290076	0.297710	5.927555
-0.249023	-0.360352	0.767578	-3.328244	0.198473	-0.175573	5.936175
-0.255859	-0.358398	0.775879	-3.740458	0.732824	-0.267176	5.944646
-0.227539	-0.367188	0.774170	-2.656489	1.091603	0.603053	5.952645
-0.253906	-0.360352	0.770996	-3.564885	0.015267	-0.374046	5.960410
-0.256836	-0.365967	0.777588	-3.465649	2.183206	-0.389313	5.969231
-0.245361	-0.364258	0.779053	-2.885496	2.992366	-0.190840	5.977737
-0.252441	-0.362793	0.781738	-2.366412	3.519084	-0.465649	5.985948
-0.254395	-0.359619	0.782227	-2.648855	3.977099	-0.748092	5.993728
-0.259521	-0.360352	0.783936	-2.832061	3.931298	-1.328244	6.001744
-0.256592	-0.369385	0.784912	-3.206107	4.129771	-1.404580	6.009393
-0.255127	-0.366699	0.792480	-2.809160	4.000000	-1.641221	6.016968
-0.266357	-0.363037	0.791016	-2.969466	3.755725	-1.885496	6.025910
-0.262939	-0.364258	0.787598	-3.076336	3.725191	-2.091603	6.033759
-0.262939	-0.355957	0.785156	-2.183206	3.740458	-1.557252	6.041777
-0.268311	-0.356689	0.790771	-1.595420	3.832061	-1.290076	6.051058
-0.264404	-0.358887	0.789551	-1.954198	3.992366	-1.053435	6.059185
-0.263428	-0.355469	0.799561	-2.351145	3.969466	-1.045802	6.067521
-0.270264	-0.353760	0.808105	-2.496183	4.076336	-0.870229	6.075400
-0.273438	-0.357422	0.806885	-2.404580	4.137405	-0.931298	6.083955
-0.272949	-0.364258	0.812988	-1.877863	4.274809	-0.664122	6.093122
-0.270508	-0.352051	0.804688	-1.519084	4.259542	-0.450382	6.102018
-0.278320	-0.348145	0.805176	-1.519084	4.061069	-0.251908	6.110144
-0.272949	-0.351562	0.803467	-1.465649	3.671756	0.038168	6.117989
-0.268799	-0.356201	0.804932	-1.603053	3.541985	0.183206	6.126846
-0.273193	-0.353516	0.810303	-2.045802	3.541985	0.595420	6.135292
-0.272705	-0.350830	0.820312	-2.206107	3.351145	0.603053	6.143691
-0.270752	-0.356689	0.813232	-2.641221	3.076336	0.641221	6.151921
-0.264160	-0.352295	0.816162	-2.404580	3.053435	0.809160	6.159680
-0.275879	-0.366211	0.817871	-1.954198	3.137405	1.053435	6.168283
-0.260498	-0.362793	0.821533	-1.129771	2.946565	1.312977	6.177174
-0.266357	-0.357178	0.810791	-0.427481	3.137405	1.435115	6.185400
-0.281738	-0.352539	0.799561	-1.519084	2.786260	0.343511	6.193371
-0.270996	-0.356445	0.812256	-2.465649	1.923664	0.480916	6.201475
-0.275635	-0.360107	0.807129	-1.381679	2.099237	0.610687	6.210389
-0.270264	-0.359375	0.820557	-1.282443	1.167939	0.183206	6.218879
-0.277588	-0.354736	0.791992	-1.038168	0.969466	0.091603	6.229544
-0.279541	-0.354492	0.810303	-1.244275	0.534351	-0.137405	6.237756
-0.277100	-0.361328	0.810059	-1.137405	1.335878	-0.923664	6.246452
-0.276123	-0.352051	0.802979	-3.900763	0.404580	-0.740458	6.254926
-0.271240	-0.354248	0.807373	-1.358779	-0.435115	-1.152672	6.263077
-0.271729	-0.351807	0.808105	-1.122137	0.305344	-1.106870	6.270829
-0.278564	-0.350586	0.807129	-1.511450	0.038168	-1.381679	6.278553
-0.270264	-0.350830	0.795898	-1.793893	-0.389313	-1.236641	6.286209
-0.272217	-0.351074	0.791504	-1.885496	-0.786260	-0.961832	6.294799
-0.267334	-0.351318	0.802979	-1.381679	-0.572519	-0.755725	6.303351
-0.273926	-0.354980	0.795166	-0.732824	-0.549618	-0.290076	6.312036
-0.277344	-0.353760	0.792969	-0.633588	-0.870229	-0.213740	6.320000
-0.268066	-0.352539	0.795410	-0.610687	-0.809160	-0.045802	6.327954
-0.275391	-0.351807	0.801270	-0.603053	-0.229008	0.129771	6.336560
-0.277832	-0.345703	0.784180	-0.847328	-0.312977	-0.129771	6.345065
-0.268555	-0.352783	0.796875	-0.938931	-0.770992	-0.335878	6.353707
-0.272461	-0.341064	0.800293	-1.312977	-1.083969	-0.496183	6.361630
-0.269531	-0.356934	0.785400	-1.580153	-0.778626	-0.519084	6.369436
-0.265869	-0.353516	0.792969	-1.625954	-0.473282	-0.519084	6.378221
-0.266846	-0.341309	0.799316	-2.519084	-0.152672	-0.587786	6.386684
-0.270264	-0.339111	0.791504	-3.358779	-0.213740	-0.519084	6.394976
-0.267578	-0.348877	0.785889	-3.610687	-0.198473	-0.526718	6.403032
-0.267822	-0.347900	0.787598	-3.633588	-0.404580	-0.267176	6.410911
-0.269531	-0.348877	0.798096	-3.908397	-0.389313	-0.244275	6.420004
-0.266357	-0.351074	0.798828	-3.564885	-1.022901	-0.305344	6.428470
-0.265381	-0.358643	0.797119	-3.045802	-0.740458	0.030534	6.436746
-0.270752	-0.359375	0.790283	-2.473282	-0.656489	0.412214	6.444567
-0.250488	-0.348633	0.792725	-2.526718	-0.236641	0.656489	6.453256
-0.266602	-0.354004	0.785889	-2.389313	-0.053435	0.374046	6.461712
-0.271484	-0.348877	0.800781	-2.816794	0.312977	0.595420	6.470024
-0.267578	-0.351074	0.793457	-3.503817	0.465649	0.297710	6.477919
-0.262939	-0.347656	0.792236	-3.938931	0.511450	0.221374	6.485806
-0.263428	-0.350098	0.790527	-3.893130	0.770992	0.312977	6.493836
-0.264160	-0.357910	0.793945	-4.480916	0.923664	0.221374	6.503055
-0.269775	-0.355225	0.802246	-4.480916	1.068702	0.396947	6.511480
-0.268799	-0.358643	0.794189	-3.603053	1.167939	0.503817	6.519636
-0.264404	-0.354004	0.796143	-3.595420	1.221374	0.229008	6.527697
-0.269043	-0.350586	0.789307	-3.297710	0.877863	0.114504	6.535550
-0.269287	-0.353516	0.784912	-3.404580	0.656489	-0.137405	6.544076
-0.257324	-0.351074	0.790771	-3.290076	0.244275	-0.053435	6.552599
-0.264404	-0.353760	0.788330	-3.435115	0.396947	-0.106870	6.561205
-0.271973	-0.352051	0.791016	-3.312977	0.763359	-0.053435	6.569453
-0.267090	-0.348633	0.795166	-3.244275	0.832061	-0.022901	6.577448
-0.266846	-0.349854	0.795898	-3.580153	1.053435	-0.076336	6.586303
-0.270264	-0.352539	0.804443	-3.824427	1.015267	0.175573	6.594983
-0.262939	-0.353760	0.798584	-3.557252	1.099237	0.320611	6.603600
-0.266846	-0.351807	0.800049	-3.664122	1.328244	0.572519	6.611826
-0.268311	-0.348633	0.797607	-3.572519	1.236641	0.534351	6.619741
-0.263428	-0.354004	0.784424	-3.503817	1.030534	0.603053	6.628386
-0.265625	-0.351807	0.781738	-3.297710	0.824427	0.770992	6.637037
-0.265625	-0.349365	0.790039	-3.267176	1.091603	0.961832	6.645324
-0.266602	-0.350098	0.791504	-3.641221	1.145038	1.022901	6.653281
-0.266846	-0.351074	0.802490	-3.633588	0.740458	1.030534	6.661266
-0.265625	-0.352295	0.800293	-4.099237	1.183206	1.190840	6.670081
-0.266113	-0.358154	0.795410	-4.274809	1.190840	1.114504	6.678247
-0.268799	-0.357666	0.793701	-4.396947	1.366412	0.923664	6.686648
-0.264160	-0.358643	0.798828	-4.091603	1.343511	1.000000	6.694581
-0.264893	-0.361816	0.792725	-3.969466	1.122137	0.938931	6.702475
-0.266846	-0.358643	0.792725	-3.923664	1.000000	0.862595	6.710311
-0.276367	-0.353760	0.801025	-3.763359	0.900763	0.717557	6.719699
-0.272705	-0.354248	0.796143	-3.458015	1.129771	0.900763	6.728085
-0.269775	-0.357666	0.793701	-3.503817	1.022901	0.854962	6.736087
-0.269043	-0.355225	0.794678	-3.419847	1.114504	0.900763	6.744179
-0.270752	-0.355469	0.793213	-3.473282	1.190840	1.221374	6.753339
-0.267822	-0.349365	0.799805	-3.717557	1.282443	1.282443	6.761898
-0.276367	-0.355225	0.791992	-3.992366	1.320611	1.404580	6.770206
-0.274414	-0.345215	0.795654	-3.946565	1.534351	1.595420	6.778099
-0.272705	-0.363037	0.789551	-3.709924	1.412214	1.793893	6.786619
-0.274170	-0.356934	0.796143	-3.671756	1.412214	1.824427	6.794923
-0.267578	-0.354736	0.767822	-3.679389	1.213740	1.572519	6.803443
-0.271973	-0.361084	0.791260	-3.541985	0.694656	1.381679	6.811338
-0.272705	-0.360840	0.794189	-3.610687	0.824427	1.412214	6.819142
-0.272705	-0.362793	0.796387	-3.061069	0.519084	1.656489	6.827679
-0.269775	-0.367676	0.793945	-2.465649	0.648855	1.824427	6.835544
-0.268066	-0.361084	0.796875	-2.137405	0.557252	1.786260	6.843563
-0.269043	-0.360107	0.802002	-2.419847	0.847328	1.748092	6.852646
-0.275635	-0.369629	0.797119	-2.526718	1.038168	1.824427	6.861240
-0.268799	-0.363525	0.802490	-2.755725	0.916031	1.396947	6.869347
-0.273438	-0.370117	0.790771	-2.496183	0.854962	1.374046	6.877154
-0.270996	-0.360352	0.785889	-2.511450	0.610687	1.450382	6.884991
-0.261963	-0.367432	0.793213	-2.091603	0.122137	1.404580	6.893708
-0.269287	-0.373291	0.800781	-1.343511	0.389313	1.587786	6.902374
-0.272217	-0.371826	0.802979	-1.396947	0.595420	1.374046	6.910206
-0.274902	-0.375977	0.801514	-1.045802	0.557252	1.366412	6.918093
-0.278564	-0.360840	0.802246	-0.824427	0.755725	1.000000	6.925962
-0.272217	-0.368896	0.817871	-0.992366	0.587786	0.984733	6.934245
-0.271973	-0.377197	0.806396	-0.740458	0.694656	0.778626	6.942495
-0.269775	-0.369141	0.814697	-0.824427	0.725191	0.480916	6.953619
-0.271729	-0.367920	0.807129	-1.022901	0.755725	0.152672	6.963138
-0.271973	-0.362793	0.810303	-1.259542	0.343511	0.000000	6.973089
-0.266357	-0.364502	0.821289	-1.916031	0.030534	-0.450382	6.983664
-0.275146	-0.365479	0.810059	-2.244275	-0.824427	-0.610687	6.994098
-0.273193	-0.365967	0.812256	-2.152672	-1.198473	-0.564885	7.003885
-0.267578	-0.356934	0.806641	-2.435115	-1.755725	-0.358779	7.014424
-0.265137	-0.364014	0.802002	-2.343511	-1.816794	-0.190840	7.024729
-0.261719	-0.362793	0.809570	-2.229008	-2.015267	0.015267	7.035101
-0.267090	-0.361084	0.803223	-2.458015	-1.877863	0.305344	7.044797
-0.267334	-0.347412	0.804199	-2.282443	-1.984733	0.114504	7.055301
-0.267090	-0.364014	0.788086	-2.267176	-1.809160	0.213740	7.065741
-0.264648	-0.369873	0.788330	-1.511450	-1.305344	0.351145	7.076128
-0.259033	-0.362549	0.790039	-0.832061	-1.152672	0.137405	7.085627
-0.266357	-0.359619	0.792480	-0.641221	-0.832061	-0.045802	7.096310
-0.266113	-0.359131	0.793213	-0.633588	-0.511450	-0.183206	7.106917
-0.262939	-0.342529	0.792969	-1.473282	-0.183206	-0.541985	7.117492
-0.260254	-0.351807	0.786621	-2.648855	0.183206	-0.801527	7.127016
-0.262207	-0.360352	0.790283	-2.725191	0.312977	-0.854962	7.137481
-0.260986	-0.357666	0.794678	-2.419847	0.229008	-0.694656	7.148143
-0.262939	-0.356689	0.786377	-1.610687	0.473282	-0.549618	7.158499
-0.265625	-0.353516	0.791504	-1.022901	0.404580	-0.328244	7.168396
-0.262451	-0.348145	0.794434	-0.908397	0.610687	-0.366412	7.179431
-0.261475	-0.346680	0.789551	-1.183206	0.679389	-0.603053	7.189483
-0.255127	-0.346191	0.797363	-1.358779	0.450382	-0.206107	7.199635
-0.263184	-0.352051	0.788086	-1.282443	0.702290	0.068702	7.209490
-0.261963	-0.347412	0.785889	-0.992366	0.625954	0.251908	7.218970
-0.266357	-0.353516	0.781982	-0.916031	0.633588	0.435115	7.230414
-0.265137	-0.348877	0.781982	-0.564885	1.038168	0.549618	7.240614
-0.264648	-0.348145	0.767334	-0.984733	1.061069	0.664122	7.250906
-0.257568	-0.351562	0.771484	-1.335878	0.839695	0.534351	7.260450
-0.261719	-0.350830	0.783936	-1.206107	0.923664	0.893130	7.271426
-0.256104	-0.351318	0.781982	-1.137405	1.351145	1.083969	7.281702
-0.261719	-0.358154	0.772705	-1.190840	1.877863	1.374046	7.291440
-0.257324	-0.353760	0.781006	-1.541985	2.122137	0.977099	7.301216
-0.261230	-0.357666	0.796387	-1.931298	1.984733	0.519084	7.312553
-0.261475	-0.355713	0.790527	-2.099237	1.740458	0.183206	7.322920
-0.252686	-0.373291	0.781738	-2.320611	1.824427	0.374046	7.332549
-0.260986	-0.354492	0.786377	-2.595420	1.992366	0.015267	7.342418
-0.258789	-0.357666	0.784668	-2.679389	2.488550	0.061069	7.353654
-0.263428	-0.355469	0.799072	-3.022901	2.969466	0.083969	7.364167
-0.259766	-0.371582	0.796143	-3.305344	3.206107	-0.091603	7.373675
-0.269043	-0.369629	0.814941	-3.374046	3.442748	-0.183206	7.384120
-0.268066	-0.366455	0.806885	-2.656489	3.900763	-0.213740	7.394186
-0.268311	-0.363770	0.806641	-2.030534	3.702290	-0.648855	7.405044
-0.269043	-0.360840	0.807373	-2.129771	3.412214	-0.893130	7.414572
-0.270752	-0.361572	0.805420	-1.938931	2.916031	-0.938931	7.424384
-0.269287	-0.356934	0.799805	-1.931298	2.129771	-0.893130	7.435330
-0.266602	-0.357178	0.808594	-2.435115	1.511450	-0.625954	7.445510
-0.276367	-0.353027	0.809326	-3.358779	1.366412	-0.534351	7.455517
-0.272461	-0.352051	0.812256	-4.404580	1.061069	-0.587786	7.465564
-0.276611	-0.349121	0.809814	-5.290076	0.923664	-0.618321	7.476399
-0.280518	-0.353516	0.807861	-5.618321	0.549618	-0.648855	7.486310
-0.270752	-0.361816	0.806396	-5.122137	0.312977	-0.671756	7.495766
-0.271240	-0.364014	0.803467	-3.839695	0.534351	-0.122137	7.506494
-0.263428	-0.345215	0.809082	-2.473282	0.702290	0.343511	7.516675
-0.265381	-0.362061	0.809814	-2.152672	0.969466	0.687023	7.527159
-0.270996	-0.354736	0.817871	-2.076336	0.969466	0.320611	7.536683
-0.280029	-0.353027	0.811768	-2.809160	1.503817	-0.320611	7.546177
-0.274170	-0.358398	0.811523	-3.442748	0.801527	-0.427481	7.556044
-0.278564	-0.355225	0.803223	-4.045802	0.702290	-0.908397	7.565708
-0.276123	-0.357910	0.802490	-4.381679	0.870229	-1.007634	7.577145
-0.283203	-0.347656	0.798340	-4.198473	0.236641	-1.351145	7.587655
-0.281494	-0.354736	0.795166	-2.641221	0.068702	-0.641221	7.597702
-0.277832	-0.358643	0.795898	-0.839695	0.137405	0.175573	7.607732
-0.273682	-0.336914	0.798828	-0.610687	0.549618	0.870229	7.617317
-0.277100	-0.343994	0.798096	-1.511450	0.778626	1.229008	7.628404
-0.271240	-0.339111	0.801758	-2.984733	0.938931	1.435115	7.638760
-0.272217	-0.357666	0.802246	-3.748092	0.381679	1.274809	7.648823
-0.269287	-0.350342	0.792725	-3.885496	0.106870	1.229008	7.658744
-0.271484	-0.348877	0.775391	-3.236641	-0.412214	1.541985	7.669624
-0.267334	-0.352295	0.790039	-2.435115	-1.015267	1.656489	7.680218
-0.265381	-0.350586	0.777832	-1.862595	-1.312977	1.618321	7.690138
-0.264648	-0.354980	0.790039	-1.786260	-1.274809	1.610687	7.699670
-0.264160	-0.353516	0.784668	-2.198473	-0.633588	1.641221	7.709356
-0.267578	-0.351318	0.783203	-2.763359	-0.366412	1.580153	7.720916
-0.259766	-0.351562	0.788818	-3.251908	0.793893	1.442748	7.731679
-0.259033	-0.358398	0.783203	-3.137405	1.366412	1.557252	7.741733
-0.265625	-0.360107	0.774414	-2.595420	1.687023	1.099237	7.751373
-0.266846	-0.358398	0.781494	-2.175573	1.549618	1.229008	7.762493
-0.265869	-0.355225	0.784912	-2.000000	1.748092	0.885496	7.773235
-0.271729	-0.357422	0.785645	-2.595420	1.541985	0.511450	7.783019
-0.266357	-0.354004	0.785889	-2.702290	1.610687	0.412214	7.793240
-0.267334	-0.354980	0.792725	-2.732824	1.519084	0.351145	7.803970
-0.269775	-0.356689	0.791504	-2.198473	1.877863	0.938931	7.814702
-0.272461	-0.353760	0.792480	-2.152672	1.755725	0.954198	7.824338
-0.277100	-0.353027	0.794434	-1.923664	1.931298	1.137405	7.834565
-0.273438	-0.361328	0.800537	-1.671756	1.725191	1.244275	7.845389
-0.275635	-0.357910	0.792236	-1.732824	1.419847	1.236641	7.855669
-0.275146	-0.357422	0.794678	-1.595420	1.251908	1.534351	7.865387
-0.274414	-0.359863	0.799316	-1.160305	1.030534	1.717557	7.876435
-0.270264	-0.362549	0.793213	-1.229008	1.274809	1.656489	7.886837
-0.274170	-0.366943	0.797363	-0.977099	1.137405	1.541985	7.896864
-0.275635	-0.360107	0.798828	-0.709924	1.290076	1.633588	7.906589
-0.275635	-0.370361	0.799072	-0.076336	1.343511	1.671756	7.917282
-0.273926	-0.370850	0.786865	-0.175573	1.374046	1.725191	7.927712
-0.270508	-0.363037	0.795898	-0.480916	1.656489	1.366412	7.937710
-0.278320	-0.363037	0.796875	-1.015267	1.618321	0.954198	7.947276
-0.275635	-0.363037	0.805420	-1.740458	1.763359	0.374046	7.958192
-0.274170	-0.364990	0.809326	-2.320611	1.343511	-0.145038	7.968882
-0.273926	-0.361816	0.802734	-2.572519	1.038168	-0.290076	7.979016
-0.274170	-0.369385	0.799072	-2.312977	0.793893	-0.320611	7.988809
-0.276855	-0.364258	0.803955	-1.862595	0.992366	-0.137405	7.999758
-0.278320	-0.356445	0.788818	-1.694656	0.778626	-0.213740	8.010122
-0.276123	-0.354736	0.803711	-1.778626	0.175573	-0.045802	8.019982
-0.272949	-0.354980	0.801270	-1.862595	0.534351	1.938931	8.029581
-0.270508	-0.357178	0.807129	-2.190840	0.190840	-0.022901	8.040856
-0.274170	-0.357666	0.793945	-2.152672	0.572519	0.076336	8.051368
-0.276855	-0.357178	0.794434	-1.648855	0.274809	-0.076336	8.061282
-0.266846	-0.362549	0.800293	-0.770992	-0.061069	0.274809	8.070897
-0.270996	-0.355469	0.795898	-0.641221	0.496183	0.328244	8.081924
-0.264648	-0.358643	0.791260	-0.549618	0.374046	0.221374	8.092496
-0.271240	-0.357666	0.785889	0.061069	0.633588	0.167939	8.102633
-0.261230	-0.365967	0.789062	1.061069	0.648855	0.427481	8.112715
-0.272705	-0.353027	0.789551	2.038168	1.244275	0.709924	8.123421
-0.272217	-0.346924	0.795654	2.656489	1.793893	0.671756	8.133680
-0.280029	-0.343506	0.789307	2.396947	1.847328	0.664122	8.143418
-0.270020	-0.341797	0.790771	1.694656	2.114504	0.389313	8.154426
-0.275879	-0.341553	0.779785	0.587786	2.290076	0.374046	8.164746
-0.269531	-0.339355	0.782715	-0.236641	2.312977	0.152672	8.174409
-0.265625	-0.346680	0.796143	-0.465649	2.061069	0.496183	8.184229
-0.282471	-0.347656	0.804932	-0.389313	2.419847	0.938931	8.193893
-0.271973	-0.338867	0.801514	-0.099237	2.656489	0.946565	8.203907
-0.266846	-0.343506	0.797852	0.183206	2.435115	0.809160	8.213259
-0.278320	-0.339600	0.806641	0.198473	1.854962	0.709924	8.227617
-0.274658	-0.348877	0.806641	0.335878	1.236641	0.687023	8.237791
-0.279297	-0.342285	0.806152	0.106870	1.412214	1.000000	8.247302
-0.272949	-0.344238	0.812744	-0.160305	1.320611	1.152672	8.258400
-0.283203	-0.343018	0.802734	-0.519084	1.290076	0.931298	8.268712
-0.277832	-0.345703	0.804932	-0.664122	1.488550	0.931298	8.278834
-0.281982	-0.339844	0.809814	-1.748092	1.206107	0.473282	8.288405
-0.276611	-0.343750	0.801514	-2.488550	0.748092	0.229008	8.299410
-0.275635	-0.347900	0.794189	-2.557252	0.671756	0.053435	8.310200
-0.279053	-0.349121	0.795654	-1.908397	0.572519	0.198473	8.320163
-0.271729	-0.345947	0.801514	-1.290076	0.809160	0.381679	8.329791
-0.274658	-0.339355	0.798340	-1.053435	0.961832	0.366412	8.341240
-0.277832	-0.340820	0.805176	-0.824427	0.923664	0.679389	8.351890
-0.271973	-0.344971	0.804688	-0.603053	1.236641	0.763359	8.361651
-0.274658	-0.340332	0.791992	-0.312977	1.396947	0.671756	8.371994
-0.273682	-0.341064	0.797119	-0.305344	1.129771	0.656489	8.382836
-0.272217	-0.342529	0.809570	-0.076336	0.900763	0.885496	8.393191
-0.286865	-0.336914	0.792969	-0.473282	0.900763	1.061069	8.403269
-0.268066	-0.341064	0.788818	-0.541985	0.641221	1.267176	8.413696
-0.271729	-0.339844	0.799561	-0.839695	0.725191	1.099237	8.424207
-0.274414	-0.347412	0.802734	-1.083969	0.221374	1.022901	8.434850
-0.270264	-0.345947	0.809570	-1.641221	-0.152672	0.770992	8.444934
-0.267822	-0.351318	0.810791	-1.442748	-0.068702	0.809160	8.456218
-0.268799	-0.351074	0.806396	-1.427481	-0.198473	0.335878	8.466709
-0.279053	-0.347656	0.799805	-1.389313	-0.274809	0.137405	8.476437
-0.274414	-0.354492	0.802979	-1.076336	0.068702	0.114504	8.486945
-0.270508	-0.354248	0.810059	-0.412214	0.358779	-0.007634	8.497274
-0.272949	-0.352295	0.808105	-0.480916	0.580153	-0.099237	8.507770
-0.280518	-0.352295	0.816895	-0.717557	1.007634	-0.656489	8.517354
-0.273438	-0.345703	0.822266	-1.038168	0.816794	-1.030534	8.528143
-0.275146	-0.343506	0.819580	-0.854962	0.419847	-1.396947	8.538862
-0.272705	-0.343994	0.814941	-0.809160	0.419847	-1.145038	8.548348
-0.272217	-0.334473	0.812012	-0.916031	0.404580	-1.091603	8.557982
-0.273438	-0.338623	0.812500	-0.793893	-0.030534	-1.015267	8.568353
-0.277832	-0.339844	0.817627	-1.007634	0.015267	-0.732824	8.579158
-0.271240	-0.337402	0.802979	-0.854962	-0.244275	-0.740458	8.589402
-0.273438	-0.331055	0.816162	-0.908397	-0.641221	-0.809160	8.598939
-0.270996	-0.330566	0.808350	-0.702290	-0.801527	-0.793893	8.609919
-0.275146	-0.329834	0.799072	-0.259542	-0.938931	-0.641221	8.620287
-0.269043	-0.323242	0.799316	-0.877863	-0.946565	-0.366412	8.630155
-0.254395	-0.322266	0.800537	-2.145038	-0.625954	-0.526718	8.640398
-0.274414	-0.325928	0.797852	-2.664122	-0.603053	-0.572519	8.652046
-0.277832	-0.329834	0.789551	-2.755725	-0.229008	-0.343511	8.662520
-0.273682	-0.325684	0.801758	-2.519084	-0.213740	-0.175573	8.672385
-0.271484	-0.324951	0.793213	-3.877863	-0.290076	0.297710	8.682389
-0.271729	-0.317383	0.798096	-1.343511	0.106870	0.190840	8.693313
-0.266602	-0.326172	0.795654	-1.625954	0.213740	0.282443	8.704064
-0.272461	-0.313232	0.786133	-1.725191	-0.053435	0.221374	8.713804
-0.264160	-0.318848	0.780518	-2.328244	0.541985	0.129771	8.723829
-0.267334	-0.313232	0.791260	-2.793893	0.343511	0.442748	8.734952
-0.263916	-0.319580	0.783691	-3.175573	1.251908	0.702290	8.745268
-0.262451	-0.322021	0.790771	-3.419847	1.877863	1.038168	8.755169
-0.266113	-0.325195	0.801025	-3.671756	2.503817	1.213740	8.765876
-0.265625	-0.329834	0.791992	-3.954198	2.595420	1.328244	8.776320
-0.270996	-0.322266	0.797607	-4.480916	2.610687	1.068702	8.786770
-0.273193	-0.333740	0.786865	-4.045802	2.648855	0.938931	8.796544
-0.267090	-0.341309	0.788330	-3.854962	1.732824	1.122137	8.807309
-0.282959	-0.333984	0.792969	-3.152672	1.106870	1.022901	8.818016
-0.270752	-0.331299	0.788818	-3.083969	1.358779	1.259542	8.827912
-0.269531	-0.336914	0.803711	-3.038168	1.030534	1.190840	8.837435
-0.275391	-0.332764	0.794434	-3.793893	1.702290	1.458015	8.847064
-0.274902	-0.339600	0.792969	-4.351145	1.526718	1.312977	8.858226
-0.273926	-0.338135	0.798340	-4.083969	2.335878	1.633588	8.868934
-0.280762	-0.339111	0.793457	-3.847328	1.877863	1.656489	8.878981
-0.274902	-0.339355	0.796875	-3.511450	1.557252	1.549618	8.888592
-0.272217	-0.345215	0.806641	-3.183206	2.007634	1.778626	8.899726
-0.276367	-0.346191	0.797363	-2.885496	1.725191	1.694656	8.910090
-0.280273	-0.344971	0.813477	-2.984733	1.961832	1.343511	8.920490
-0.277588	-0.347412	0.808350	-3.236641	1.839695	1.038168	8.930240
-0.282959	-0.348389	0.805908	-2.862595	1.503817	1.122137	8.941137
-0.283447	-0.353027	0.809326	-2.679389	1.725191	0.923664	8.951466
-0.275146	-0.342529	0.800049	-2.763359	1.404580	0.893130	8.961229
-0.282715	-0.357910	0.806396	-2.671756	1.145038	0.648855	8.972211
-0.278076	-0.348633	0.812256	-3.076336	0.900763	0.778626	8.982649
-0.276611	-0.347656	0.801270	-3.114504	0.778626	0.862595	8.992335
-0.270264	-0.349609	0.803223	-2.885496	0.786260	1.198473	9.002817
-0.277344	-0.352051	0.809082	-3.091603	0.893130	1.038168	9.014328
-0.276611	-0.358398	0.811523	-2.732824	1.007634	0.839695	9.024701
-0.273438	-0.362305	0.811768	-2.770992	1.167939	0.793893	9.034267
-0.296631	-0.355469	0.812988	-2.893130	1.137405	0.198473	9.044896
-0.275391	-0.368408	0.815430	-2.595420	0.908397	-0.419847	9.055392
-0.284668	-0.361816	0.813721	-2.015267	0.564885	-0.847328	9.065994
-0.282227	-0.358887	0.812988	-1.572519	0.580153	-1.206107	9.075868
-0.276611	-0.349121	0.819824	-1.473282	0.190840	-1.564885	9.086566
-0.285156	-0.352295	0.818359	-0.977099	0.099237	-1.511450	9.097250
-0.276855	-0.340576	0.803223	-1.641221	0.022901	-1.847328	9.107417
-0.278076	-0.336670	0.804688	-2.618321	-0.083969	-1.770992	9.117345
-0.278809	-0.335938	0.808594	-2.366412	-0.320611	-1.427481	9.127000
-0.278564	-0.341309	0.801270	-2.175573	-0.198473	-1.290076	9.137146
-0.278564	-0.345459	0.802734	-1.557252	0.145038	-1.152672	9.148402
-0.273682	-0.336426	0.809082	-1.519084	0.809160	-1.175573	9.158501
-0.278564	-0.334961	0.804443	-1.251908	0.748092	-1.267176	9.168367
-0.278076	-0.329346	0.804443	-2.435115	0.519084	-1.519084	9.179220
-0.282715	-0.330078	0.796631	-3.030534	0.106870	-1.618321	9.189678
-0.278809	-0.334717	0.785156	-3.419847	-0.389313	-1.450382	9.199807
-0.276855	-0.329590	0.798096	-3.549618	-0.488550	-1.412214	9.209467
-0.271484	-0.325195	0.787109	-3.190840	-0.641221	-0.908397	9.220667
-0.268311	-0.328857	0.783447	-2.977099	-0.450382	-0.412214	9.231189
-0.271484	-0.330322	0.783203	-3.320611	-0.343511	-0.374046	9.241230
-0.271973	-0.334229	0.784668	-3.106870	-0.244275	-0.267176	9.251214
-0.268799	-0.329590	0.779785	-2.847328	0.305344	0.038168	9.262062
-0.270264	-0.335693	0.781982	-2.954198	0.557252	-0.068702	9.272902
-0.272705	-0.332520	0.781250	-2.908397	1.282443	0.038168	9.282518
-0.270264	-0.334717	0.787354	-3.030534	1.763359	-0.099237	9.292295
-0.267090	-0.337891	0.793701	-3.068702	1.847328	-0.312977	9.301999
-0.268066	-0.338867	0.790527	-3.236641	2.259542	-0.427481	9.312044
-0.264648	-0.344727	0.782715	-3.045802	2.305344	-0.229008	9.321457
-0.267334	-0.335938	0.784668	-2.992366	2.366412	-0.374046	9.330750
-0.272217	-0.338379	0.794922	-3.465649	1.946565	-0.480916	9.339981
-0.270020	-0.340576	0.795410	-3.572519	1.832061	-0.633588	9.352204
-0.276367	-0.340576	0.790039	-3.328244	1.877863	-0.748092	9.362272
-0.275146	-0.346680	0.779785	-2.908397	1.931298	-0.557252	9.373123
-0.271729	-0.346436	0.797852	-2.801527	2.061069	-0.259542	9.383385
-0.275391	-0.342529	0.807861	-2.877863	2.389313	-0.297710	9.393768
-0.276367	-0.339355	0.799316	-3.274809	2.465649	-0.488550	9.404186
-0.278809	-0.351562	0.792480	-3.656489	2.450382	-0.618321	9.414738
-0.277832	-0.344482	0.795654	-3.244275	2.312977	-0.412214	9.425137
-0.276855	-0.350830	0.801025	-3.022901	1.938931	-0.610687	9.434787
-0.276367	-0.343262	0.803223	-2.687023	2.129771	-0.458015	9.444607
-0.273438	-0.352295	0.811768	-3.137405	1.992366	-0.335878	9.455748
-0.274658	-0.346924	0.812744	-3.274809	2.274809	-0.312977	9.466102
-0.273682	-0.351562	0.814697	-3.664122	2.503817	-0.625954	9.475795
-0.275635	-0.350098	0.814697	-3.465649	2.755725	-0.793893	9.485422
-0.277832	-0.355713	0.812988	-3.015267	2.328244	-0.908397	9.496291
-0.288574	-0.350098	0.802002	-3.015267	2.106870	-1.160305	9.506930
-0.280029	-0.354248	0.815430	-3.030534	1.534351	-1.251908	9.517416
-0.278320	-0.349365	0.800781	-3.030534	1.770992	-1.198473	9.527279
-0.275391	-0.349609	0.810303	-3.068702	1.694656	-1.366412	9.538161
-0.283447	-0.350342	0.808105	-3.198473	1.946565	-1.259542	9.548568
-0.280518	-0.344482	0.810303	-3.496183	1.587786	-1.282443	9.558409
-0.281982	-0.347656	0.807861	-3.694656	1.519084	-1.534351	9.567917
-0.285889	-0.341064	0.801514	-3.687023	1.412214	-1.312977	9.579019
-0.280762	-0.349121	0.802490	-3.549618	1.152672	-1.687023	9.589461
-0.283691	-0.349365	0.802734	-3.587786	1.045802	-1.641221	9.599577
-0.282227	-0.342773	0.800049	-3.328244	0.732824	-1.572519	9.609744
-0.271973	-0.343262	0.811035	-3.824427	0.824427	-1.404580	9.620674
-0.281006	-0.344482	0.799072	-3.992366	0.725191	-1.091603	9.631370
-0.278564	-0.344482	0.805176	-3.870229	0.816794	-0.977099	9.641262
-0.281738	-0.339355	0.801758	-4.297710	0.824427	-0.862595	9.650926
-0.283447	-0.343994	0.799561	-3.992366	0.557252	-0.961832	9.661957
-0.280518	-0.351807	0.787842	-3.618321	0.206107	-0.885496	9.672689
-0.281250	-0.347168	0.789307	-3.251908	0.068702	-0.435115	9.682789
-0.277100	-0.344971	0.795654	-3.328244	0.236641	-0.595420	9.693623
-0.284668	-0.337891	0.795898	-3.175573	0.374046	-0.328244	9.704123
-0.269531	-0.346436	0.790527	-3.145038	0.679389	-0.389313	9.714440
-0.280029	-0.341797	0.792969	-3.480916	0.580153	-0.122137	9.725001
-0.280518	-0.334717	0.793945	-3.862595	0.740458	0.045802	9.735470
-0.282471	-0.338867	0.791260	-3.648855	1.122137	0.061069	9.745712
-0.285400	-0.348145	0.792480	-3.458015	1.061069	-0.030534	9.755410
-0.286133	-0.347168	0.784424	-2.664122	0.740458	0.290076	9.766042
-0.277832	-0.349609	0.779297	-1.595420	0.763359	0.450382	9.776371
-0.290039	-0.340820	0.789062	-1.137405	0.801527	0.709924	9.786627
-0.291260	-0.328369	0.793213	-1.564885	1.305344	0.770992	9.796309
-0.285889	-0.329590	0.784180	-2.305344	1.183206	0.648855	9.806261
-0.277832	-0.337402	0.796631	-2.984733	1.145038	1.167939	9.817325
-0.284424	-0.335205	0.784180	-2.755725	1.137405	1.274809	9.827586
-0.284912	-0.334473	0.781738	-2.396947	0.954198	1.763359	9.837149
-0.279053	-0.332031	0.791260	-2.458015	0.961832	0.000000	9.847660
-0.289551	-0.335938	0.800781	-2.503817	0.824427	2.137405	9.858095
-0.282471	-0.340088	0.790039	-2.618321	1.007634	2.038168	9.868107
-0.282471	-0.338379	0.783203	-3.412214	0.824427	2.221374	9.877979
-0.286865	-0.345459	0.791504	-3.312977	0.396947	2.251908	9.888855
-0.273438	-0.349609	0.801270	-3.236641	0.511450	2.175573	9.899300
-0.277344	-0.349854	0.799805	-3.297710	0.641221	2.358779	9.909292
-0.284424	-0.355713	0.799561	-3.763359	0.564885	2.076336	9.918837
-0.279785	-0.351318	0.802490	-3.297710	0.648855	2.229008	9.930115
-0.283203	-0.349854	0.802002	-3.129771	0.717557	2.152672	9.940808
-0.280029	-0.352051	0.794189	-2.824427	0.526718	2.335878	9.950728
-0.281494	-0.360352	0.804932	-2.625954	0.374046	2.145038	9.960249
-0.281738	-0.359131	0.802246	-2.145038	0.396947	2.664122	9.971517
-0.284180	-0.352295	0.811768	-3.465649	0.511450	1.824427	9.981932
-0.277344	-0.357666	0.804443	-3.343511	-0.160305	1.755725	9.991683
-0.284668	-0.363770	0.789307	-3.083969	-0.221374	1.770992	10.001473
-0.289795	-0.359131	0.804688	-2.824427	-0.389313	2.015267	10.012576
-0.287842	-0.366699	0.809570	-2.351145	-0.824427	1.671756	10.022868
-0.283203	-0.360840	0.796875	-2.412214	-0.816794	1.885496	10.032717
-0.281250	-0.367920	0.801758	-2.251908	-0.969466	1.870229	10.043195
-0.273926	-0.356445	0.788086	-2.458015	-0.549618	1.603053	10.053772
-0.279053	-0.360352	0.781738	-2.465649	-0.534351	1.473282	10.064016
-0.281250	-0.366943	0.783936	-2.038168	-0.427481	1.320611	10.073751
-0.277344	-0.362305	0.782471	-1.702290	-0.251908	1.435115	10.083858
-0.279297	-0.362061	0.790771	-1.427481	-0.206107	1.106870	10.094658
-0.275391	-0.366699	0.790283	-1.534351	-0.496183	0.885496	10.104835
-0.278564	-0.360840	0.789551	-1.389313	-0.160305	0.580153	10.114481
-0.273438	-0.355225	0.778564	-1.778626	-0.282443	0.480916	10.124231
-0.279297	-0.358643	0.791016	-2.137405	-0.183206	0.206107	10.134885
-0.274902	-0.359619	0.786621	-2.083969	0.068702	0.022901	10.146005
-0.275391	-0.360840	0.791504	-1.931298	0.396947	-0.137405	10.156140
-0.279053	-0.357422	0.778564	-2.045802	0.633588	-0.389313	10.165653
-0.277100	-0.355957	0.793213	-1.877863	1.236641	-0.129771	10.176356
-0.275635	-0.358643	0.793213	-1.664122	1.465649	-0.503817	10.186880
-0.271240	-0.359131	0.781250	-1.000000	1.679389	-0.343511	10.197245
-0.281250	-0.360107	0.801514	-1.251908	2.213740	-0.534351	10.206859
-0.287109	-0.346680	0.796875	-1.122137	1.992366	-0.709924	10.216390
-0.285156	-0.351562	0.796143	-1.763359	1.595420	-1.106870	10.229342
-0.280762	-0.343262	0.799805	-1.938931	1.083969	-0.816794	10.240448
-0.286621	-0.343994	0.792969	-2.122137	0.961832	-1.007634	10.249903
-0.284668	-0.346191	0.799805	-1.717557	0.893130	-0.450382	10.261167
-0.284424	-0.343262	0.795898	-1.641221	0.809160	-0.190840	10.272167
-0.285645	-0.342041	0.790771	-1.564885	1.282443	-0.366412	10.282028
-0.286377	-0.341064	0.792725	-1.763359	1.129771	-0.099237	10.291883
-0.284424	-0.339844	0.782471	-2.305344	1.122137	-0.091603	10.303069
-0.278564	-0.343018	0.795654	-1.893130	1.114504	-0.007634	10.313876
-0.280762	-0.341553	0.790039	-2.000000	1.137405	0.320611	10.323888
-0.282959	-0.331299	0.799561	-1.984733	1.190840	0.549618	10.334271
-0.280029	-0.334717	0.785400	-2.007634	1.595420	0.717557	10.345781
-0.282227	-0.342529	0.782715	-1.358779	1.877863	0.900763	10.356128
-0.277100	-0.348145	0.776611	-0.137405	1.824427	1.129771	10.365707
-0.280029	-0.344482	0.769775	1.442748	2.099237	1.618321	10.376560
-0.269531	-0.343994	0.778076	2.740458	2.259542	1.763359	10.386808
-0.280273	-0.332275	0.775879	3.488550	2.572519	2.175573	10.397157
-0.285156	-0.327148	0.787109	3.091603	3.015267	1.824427	10.406751
-0.275879	-0.333008	0.793945	1.832061	3.633588	1.770992	10.417259
-0.272949	-0.337402	0.799072	0.984733	3.702290	1.610687	10.427728
-0.286865	-0.336426	0.799561	1.114504	3.625954	1.694656	10.438019
-0.283203	-0.332520	0.811279	1.541985	3.664122	1.618321	10.447663
-0.293457	-0.327637	0.812256	1.595420	3.450382	1.419847	10.458440
-0.291504	-0.324707	0.798584	1.198473	3.320611	1.022901	10.468648
-0.289795	-0.333008	0.814697	1.503817	2.717557	0.977099	10.478895
-0.284668	-0.330811	0.824951	1.549618	2.412214	1.458015	10.488457
-0.291992	-0.323730	0.831055	1.083969	2.099237	1.839695	10.499576
-0.288330	-0.326660	0.828857	0.305344	1.427481	1.977099	10.509969
-0.296143	-0.335693	0.822510	-0.412214	1.061069	2.137405	10.520017
-0.292969	-0.340088	0.822754	-0.770992	0.312977	2.297710	10.529891
-0.288818	-0.330078	0.802002	-0.709924	-0.328244	2.312977	10.541102
-0.285889	-0.339111	0.812012	-0.763359	-0.809160	2.167939	10.551555
-0.287354	-0.343750	0.826172	-0.572519	-0.916031	2.290076	10.561475
-0.286621	-0.337402	0.806152	-1.160305	-0.801527	1.801527	10.571099
-0.289795	-0.338867	0.809326	-2.183206	-0.938931	1.167939	10.582475
-0.282715	-0.344971	0.809326	-2.786260	-0.839695	0.816794	10.592798
-0.292236	-0.345947	0.822754	-3.664122	-0.938931	0.748092	10.602749
-0.281738	-0.343506	0.835693	-3.938931	-1.480916	0.648855	10.612618
-0.277344	-0.342529	0.810303	-3.877863	-1.786260	0.641221	10.623956
-0.283936	-0.330322	0.802734	-3.862595	-2.419847	0.702290	10.634296
-0.282715	-0.340576	0.801758	-3.381679	-2.549618	0.969466	10.643818
-0.278564	-0.338623	0.810059	-2.984733	-3.053435	0.748092	10.653745
-0.285156	-0.346436	0.789795	-2.190840	-2.938931	0.916031	10.664510
-0.278809	-0.345459	0.791260	-1.526718	-2.641221	0.923664	10.674752
-0.272461	-0.346436	0.790771	-1.251908	-1.992366	0.732824	10.684536
-0.273682	-0.344482	0.793701	-0.687023	-0.885496	0.770992	10.695045
-0.276367	-0.339844	0.797119	-0.923664	-0.564885	0.641221	10.705410
-0.274414	-0.341309	0.788818	-0.793893	-0.374046	0.152672	10.715662
-0.276367	-0.355469	0.791748	-0.358779	-0.229008	0.061069	10.725414
-0.283691	-0.337646	0.795166	0.335878	0.198473	0.145038	10.736188
-0.281982	-0.340820	0.786865	0.305344	0.923664	-0.137405	10.746216
-0.276611	-0.326904	0.785400	-0.473282	0.320611	-0.541985	10.755783
-0.271973	-0.327148	0.801758	-0.061069	0.320611	-0.824427	10.765315
-0.282471	-0.339355	0.793945	-0.732824	0.488550	-0.480916	10.775238
-0.277832	-0.329102	0.803223	-0.740458	0.709924	-0.519084	10.786659
-0.281250	-0.329102	0.791016	-1.076336	0.954198	-0.267176	10.796888
-0.279053	-0.324219	0.797119	-1.351145	0.900763	-0.328244	10.806332
-0.291016	-0.322998	0.804443	-1.374046	0.335878	-0.679389	10.816913
-0.283447	-0.324707	0.793945	-1.229008	-0.015267	-0.809160	10.827044
-0.277832	-0.326904	0.782227	-1.519084	0.427481	-0.312977	10.836579
-0.278809	-0.324463	0.791992	-1.213740	-0.862595	0.068702	10.847491
-0.276611	-0.319092	0.801758	-0.992366	0.251908	-1.938931	10.857749
-0.280273	-0.322510	0.789795	-1.297710	0.450382	0.526718	10.867739
-0.272705	-0.323975	0.785156	-1.648855	0.068702	0.419847	10.877718
-0.274414	-0.319824	0.787598	-1.488550	0.290076	0.541985	10.887564
-0.273682	-0.324463	0.791504	-1.190840	0.435115	0.511450	10.898397
-0.281982	-0.323486	0.805420	-1.473282	1.251908	0.809160	10.908741
-0.278076	-0.322998	0.792725	-2.145038	1.022901	0.526718	10.918139
-0.275391	-0.332275	0.798096	-2.572519	1.183206	0.167939	10.928811
-0.278320	-0.332520	0.805176	-2.732824	1.641221	0.076336	10.939590
-0.282227	-0.323242	0.795898	-3.053435	1.106870	-0.152672	10.949327
-0.281494	-0.325684	0.812988	-2.770992	1.145038	-0.259542	10.959117
-0.276611	-0.315674	0.806152	-2.190840	0.793893	-0.175573	10.970416
-0.277588	-0.325928	0.803955	-1.793893	1.450382	0.213740	10.980702
-0.286377	-0.324951	0.800293	-1.519084	1.717557	0.351145	10.990928
-0.283936	-0.323975	0.806641	-1.969466	1.664122	0.549618	11.000709
-0.282959	-0.329590	0.804443	-2.267176	2.343511	0.793893	11.011154
-0.288086	-0.322510	0.809326	-3.068702	2.190840	0.465649	11.021381
-0.288330	-0.327148	0.806885	-3.709924	1.770992	0.229008	11.030808
-0.279541	-0.331787	0.805176	-3.427481	1.549618	0.244275	11.040618
-0.288818	-0.331299	0.814209	-3.496183	1.183206	0.404580	11.051692
-0.291748	-0.331787	0.801270	-3.076336	0.984733	0.274809	11.061938
-0.286621	-0.332275	0.801758	-3.198473	0.671756	0.511450	11.071572
-0.281494	-0.331055	0.807617	-3.221374	0.137405	0.557252	11.081972
-0.283203	-0.329590	0.805908	-3.305344	0.381679	0.687023	11.092547
-0.277344	-0.331055	0.811035	-3.068702	0.274809	0.625954	11.102324
-0.277344	-0.331787	0.797119	-2.824427	0.267176	0.725191	11.111718
-0.281738	-0.330811	0.796143	-2.267176	0.404580	0.847328	11.121292
-0.281250	-0.335693	0.801270	-1.992366	0.526718	0.557252	11.130939
-0.277344	-0.332031	0.800781	-2.106870	0.511450	0.847328	11.140764
-0.279297	-0.334473	0.806152	-2.312977	0.442748	0.687023	11.150259
-0.282471	-0.332275	0.802734	-2.717557	0.519084	0.335878	11.162771
-0.286621	-0.333008	0.790527	-2.335878	0.656489	0.419847	11.173191
-0.279541	-0.330811	0.793701	-1.984733	0.412214	0.282443	11.182843
-0.281006	-0.335205	0.792725	-1.763359	0.503817	0.160305	11.193088
-0.277588	-0.335449	0.798096	-1.893130	0.572519	0.305344	11.203673
-0.282959	-0.328857	0.795898	-2.480916	0.725191	0.312977	11.214126
-0.278320	-0.329590	0.792725	-3.412214	0.900763	-0.068702	11.223798
-0.275635	-0.340576	0.809082	-3.404580	0.549618	-0.236641	11.234060
-0.279053	-0.335938	0.802490	-3.465649	0.488550	-0.328244	11.244629
-0.279785	-0.341553	0.811279	-3.259542	0.381679	-0.320611	11.254992
-0.285156	-0.331299	0.812012	-3.175573	0.458015	-0.450382	11.264568
-0.282471	-0.339111	0.805664	-3.656489	0.618321	-0.954198	11.275045
-0.280762	-0.341553	0.812012	-3.977099	0.709924	-0.816794	11.285365
-0.287354	-0.339600	0.817383	-4.145038	0.412214	-1.091603	11.294907
-0.281982	-0.336182	0.805664	-3.900763	0.305344	-1.297710	11.305500
-0.266602	-0.335693	0.810303	-3.312977	0.145038	-1.015267	11.316100
-0.277100	-0.330322	0.815186	-2.938931	0.274809	-0.702290	11.326327
-0.296143	-0.325195	0.816650	-2.755725	0.664122	-0.381679	11.335772
-0.281738	-0.331055	0.802002	-3.076336	0.641221	-0.358779	11.346502
-0.278809	-0.333008	0.801270	-3.038168	0.366412	-0.381679	11.356634
-0.280029	-0.335938	0.804199	-2.816794	-0.022901	-0.106870	11.367020
-0.280518	-0.330078	0.809326	-2.832061	-0.343511	-0.213740	11.377112
-0.276611	-0.331787	0.811279	-3.213740	-0.564885	-0.053435	11.386588
-0.276611	-0.326416	0.808594	-3.793893	-0.442748	-0.053435	11.396122
-0.278564	-0.326660	0.798340	-5.015267	-0.740458	-0.427481	11.405681
-0.276855	-0.327881	0.792480	-5.213740	-0.946565	-0.572519	11.417458
-0.272461	-0.325928	0.797363	-5.007634	-0.763359	-0.519084	11.427566
-0.279053	-0.326172	0.782471	-4.458015	-0.511450	-0.435115	11.437560
-0.274902	-0.332275	0.782715	-3.946565	-0.167939	-0.328244	11.447063
-0.272949	-0.328125	0.790527	-2.854962	0.145038	-0.366412	11.457656
-0.272217	-0.329346	0.782715	-2.259542	1.061069	-0.206107	11.468493
-0.272949	-0.328857	0.796875	-2.267176	1.618321	0.106870	11.478686
-0.277832	-0.327881	0.795410	-2.358779	2.282443	0.236641	11.488191
-0.271973	-0.328369	0.787598	-2.954198	2.473282	0.480916	11.499501
-0.274170	-0.322998	0.794922	-4.175573	2.412214	0.335878	11.509842
-0.276123	-0.331299	0.795898	-4.816794	1.824427	0.045802	11.519435
-0.281738	-0.334717	0.793457	-5.244275	1.167939	-0.328244	11.529058
-0.281494	-0.338867	0.800049	-4.809160	0.824427	0.083969	11.540111
-0.277100	-0.332031	0.802734	-4.526718	0.687023	0.625954	11.550286
-0.281738	-0.340332	0.797363	-5.854962	0.557252	0.496183	11.560372
-0.278076	-0.331055	0.800049	-3.473282	0.961832	0.786260	11.570047
-0.285400	-0.339355	0.793213	-3.251908	1.267176	1.000000	11.581874
-0.284424	-0.333252	0.785156	-3.167939	1.473282	0.862595	11.591916
-0.281738	-0.331055	0.791016	-2.977099	1.473282	1.099237	11.601728
-0.281494	-0.334717	0.807373	-3.221374	1.488550	1.045802	11.611246
-0.279297	-0.334229	0.804443	-3.664122	1.832061	1.122137	11.622221
-0.277588	-0.344482	0.812988	-3.809160	2.061069	1.167939	11.632704
-0.279541	-0.341553	0.802002	-3.305344	2.053435	1.145038	11.642960
-0.285400	-0.347900	0.795898	-2.664122	1.984733	1.099237	11.652406
-0.288086	-0.344727	0.809570	-0.007634	1.549618	1.015267	11.662083
-0.279541	-0.341553	0.800781	-1.618321	1.229008	0.580153	11.673540
-0.283447	-0.337402	0.813721	-1.687023	1.030534	0.389313	11.683627
-0.287109	-0.338623	0.801758	-1.687023	0.564885	0.419847	11.693268
-0.291016	-0.330566	0.803955	-2.198473	1.145038	0.412214	11.702910
-0.280029	-0.341064	0.805664	-2.458015	1.053435	0.633588	11.713473
-0.283447	-0.342529	0.800049	-2.427481	0.992366	0.885496	11.723224
-0.275391	-0.334961	0.799072	-2.938931	0.816794	0.885496	11.732966
-0.282715	-0.339111	0.814941	-2.969466	0.343511	1.106870	11.744008
-0.285400	-0.340576	0.807861	-2.763359	0.282443	1.022901	11.754692
-0.278564	-0.343750	0.799561	-2.763359	0.160305	1.091603	11.764570
-0.280762	-0.345703	0.805420	-2.351145	0.038168	1.076336	11.775069
-0.283447	-0.343018	0.800537	-2.106870	0.007634	1.015267	11.785425
-0.286621	-0.342285	0.801270	-2.167939	-0.099237	1.030534	11.795692
-0.281006	-0.343506	0.800049	-2.366412	-0.244275	0.908397	11.805422
-0.282227	-0.340088	0.805908	-2.709924	0.022901	0.755725	11.815788
-0.281006	-0.340576	0.797607	-3.274809	-0.167939	0.389313	11.826474
-0.280518	-0.344482	0.801514	-3.404580	-0.435115	0.427481	11.835967
-0.277832	-0.340820	0.802734	-3.106870	-0.229008	0.748092	11.846801
-0.281982	-0.340576	0.802734	-2.404580	-0.045802	0.664122	11.857228
-0.280273	-0.336914	0.804443	-1.893130	-0.099237	0.854962	11.867375
-0.278809	-0.343506	0.808838	-2.412214	0.106870	0.450382	11.877070
-0.279541	-0.335693	0.801758	-2.358779	0.038168	0.534351	11.887981
-0.282715	-0.338623	0.797363	-2.992366	0.099237	0.175573	11.898134
-0.283447	-0.340088	0.788574	-3.007634	0.282443	0.152672	11.907917
-0.284668	-0.338623	0.801025	-2.954198	0.213740	-0.015267	11.917435
-0.280029	-0.332520	0.792480	-2.770992	0.236641	0.511450	11.928523
-0.275879	-0.331543	0.809570	-2.595420	0.244275	0.496183	11.938832
-0.282227	-0.331055	0.791260	-3.022901	0.297710	0.580153	11.948690
-0.274414	-0.329590	0.794922	-3.419847	0.267176	0.732824	11.958973
-0.280762	-0.330322	0.793213	-3.503817	0.358779	0.656489	11.969137
-0.276123	-0.336914	0.794189	-3.480916	0.091603	0.916031	11.979708
-0.275146	-0.338867	0.797852	-3.488550	0.625954	0.977099	11.989249
-0.274902	-0.337646	0.794678	-3.442748	0.893130	1.061069	11.999578
-0.280029	-0.338135	0.804932	-3.412214	1.190840	0.946565	12.009013
-0.279053	-0.337402	0.783203	-3.740458	1.015267	0.969466	12.018533
-0.286621	-0.340576	0.792969	-3.725191	0.748092	0.816794	12.028464
-0.274658	-0.348389	0.799072	-3.549618	0.717557	0.748092	12.038015
-0.276367	-0.343506	0.795166	-3.175573	0.664122	0.839695	12.047365
-0.289307	-0.345459	0.783203	-2.862595	0.946565	0.862595	12.059299
-0.284180	-0.341553	0.795898	-2.412214	0.900763	0.954198	12.069515
-0.280518	-0.343018	0.795898	-2.557252	1.145038	1.274809	12.079515
-0.278076	-0.338867	0.791748	-2.312977	1.099237	1.305344	12.089076
-0.275635	-0.348389	0.790039	-2.358779	1.480916	1.198473	12.100013
-0.278076	-0.344971	0.791016	-2.656489	1.305344	0.916031	12.110703
-0.281738	-0.351318	0.796875	-2.969466	1.251908	0.687023	12.121014
-0.282715	-0.354736	0.786621	-3.259542	1.000000	0.488550	12.131433
-0.284424	-0.352783	0.798096	-3.129771	1.030534	0.175573	12.142036
-0.283447	-0.347900	0.791992	-3.152672	1.335878	-0.015267	12.152093
-0.274414	-0.350830	0.800049	-2.916031	1.366412	-0.091603	12.161686
-0.280518	-0.352051	0.806396	-2.687023	1.290076	-0.244275	12.172951
-0.279785	-0.351318	0.796143	-2.954198	1.290076	-0.320611	12.183785
-0.279297	-0.353271	0.800537	-2.679389	1.519084	-0.274809	12.193602
-0.282715	-0.343018	0.805908	-2.625954	1.374046	-0.427481	12.203207
-0.278320	-0.345459	0.806396	-2.809160	1.175573	-0.740458	12.212909
-0.285400	-0.348877	0.808594	-2.961832	0.984733	-0.938931	12.227201
-0.283691	-0.353027	0.794922	-2.396947	0.748092	-0.755725	12.237335
-0.283203	-0.344971	0.796875	-2.129771	1.175573	-0.877863	12.246794
-0.281982	-0.340576	0.804443	-2.267176	0.923664	-1.145038	12.256954
-0.281982	-0.340820	0.796143	-2.450382	1.114504	-1.053435	12.268073
-0.277588	-0.336914	0.805908	-2.381679	1.213740	-1.038168	12.278219
-0.277832	-0.341064	0.802246	-2.412214	1.366412	-1.137405	12.287738
-0.281006	-0.334473	0.797607	-2.587786	1.198473	-1.190840	12.298404
-0.287598	-0.343750	0.807129	-2.335878	1.366412	-0.969466	12.309098
-0.279297	-0.340576	0.796631	-2.152672	1.229008	-0.778626	12.318654
-0.284424	-0.343262	0.796631	-2.381679	1.068702	-0.709924	12.328345
-0.274414	-0.338379	0.806152	-2.587786	1.595420	-0.564885	12.339258
-0.296875	-0.342773	0.801025	-2.664122	2.007634	-0.900763	12.349537
-0.278320	-0.340088	0.801514	-2.587786	1.977099	-1.015267	12.359239
-0.289795	-0.345703	0.803711	-2.137405	1.465649	-1.328244	12.368867
-0.283447	-0.342285	0.792725	-2.022901	1.625954	-1.274809	12.379973
-0.280518	-0.340820	0.794922	-2.030534	1.435115	-1.000000	12.390419
-0.276611	-0.337646	0.797363	-2.167939	1.229008	-1.091603	12.400154
-0.282959	-0.338379	0.808105	-2.137405	1.236641	-0.900763	12.409721
-0.279053	-0.335205	0.789307	-1.854962	0.954198	-0.763359	12.420715
-0.281250	-0.337646	0.800049	-1.809160	0.961832	-0.465649	12.430997
-0.283691	-0.334229	0.798828	-2.312977	0.809160	-0.328244	12.441121
-0.283936	-0.333008	0.791504	-2.778626	1.015267	-0.374046	12.450922
-0.280762	-0.337402	0.793457	-3.091603	1.137405	-0.320611	12.461694
-0.266357	-0.339600	0.791504	-2.923664	1.412214	0.045802	12.471956
-0.279053	-0.337402	0.796875	-2.229008	1.465649	0.549618	12.481922
-0.280029	-0.340332	0.788330	-2.137405	1.984733	0.648855	12.491645
-0.272949	-0.338623	0.787109	-1.816794	1.786260	0.297710	12.502684
-0.273926	-0.340576	0.805664	-1.832061	1.778626	0.106870	12.512573
-0.276855	-0.347412	0.802734	-2.061069	1.740458	-0.091603	12.522566
-0.282959	-0.338379	0.807129	-2.450382	1.832061	-0.435115	12.532444
-0.281738	-0.339111	0.794189	-2.847328	1.801527	-0.679389	12.543051
-0.281982	-0.333740	0.795166	-2.427481	1.595420	-0.465649	12.553610
-0.274902	-0.339111	0.792480	-1.870229	1.213740	-0.419847	12.563238
-0.281250	-0.334717	0.793457	-0.847328	0.717557	-1.946565	12.573899
-0.278564	-0.337158	0.806641	-0.625954	0.870229	0.557252	12.584221
-0.282227	-0.335938	0.793701	-1.267176	0.984733	0.740458	12.594249
-0.281494	-0.336426	0.793945	-2.152672	1.145038	0.641221	12.603658
-0.277100	-0.336914	0.793701	-2.755725	1.061069	0.442748	12.613098
-0.280762	-0.335693	0.788574	-3.152672	0.839695	0.160305	12.622847
-0.286621	-0.344482	0.784912	-2.709924	1.076336	0.312977	12.632787
-0.286865	-0.339844	0.770264	-1.938931	1.000000	0.534351	12.642351
-0.281250	-0.333252	0.770264	-1.465649	0.969466	0.503817	12.651953
-0.284668	-0.339844	0.786377	-2.038168	1.366412	0.503817	12.664223
-0.278809	-0.329102	0.784180	-2.847328	1.648855	0.328244	12.674275
-0.275879	-0.333984	0.789551	-3.374046	2.587786	0.763359	12.683756
-0.282715	-0.338379	0.794922	-3.496183	3.053435	0.435115	12.693341
-0.283936	-0.338867	0.784424	-3.488550	3.267176	0.442748	12.705036
-0.291016	-0.340820	0.786621	-2.702290	3.183206	0.244275	12.715368
-0.282959	-0.343750	0.790527	-2.045802	2.900763	0.458015	12.725355
-0.283936	-0.332520	0.799072	-3.068702	2.709924	0.305344	12.736577
-0.288574	-0.344727	0.808594	-3.770992	2.679389	0.267176	12.746815
-0.285156	-0.330078	0.805664	-4.312977	2.717557	0.083969	12.756777
-0.291260	-0.341553	0.809570	-3.847328	2.618321	0.587786	12.767328
-0.289795	-0.349121	0.815918	-2.977099	2.320611	0.832061	12.777706
-0.293945	-0.348145	0.803223	-2.206107	2.404580	0.664122	12.787607
-0.288574	-0.354492	0.798340	-1.717557	2.091603	0.541985	12.797339
-0.290283	-0.345947	0.815430	-2.465649	1.854962	0.458015	12.806795
-0.287842	-0.346436	0.822754	-3.519084	1.595420	0.335878	12.817957
-0.297363	-0.346436	0.811523	-3.778626	1.389313	0.251908	12.828243
-0.298584	-0.339355	0.816650	-4.076336	0.900763	0.137405	12.838062
-0.289307	-0.354248	0.812744	-3.175573	0.648855	0.167939	12.849076
