-0.039062	-0.945068	0.231689	75.419847	32.587786	-47.664122	0.001463
-0.037598	-0.940430	0.218506	-4.885496	1.625954	1.022901	0.012191
-0.044922	-0.940674	0.235352	-5.580153	2.648855	2.114504	0.022312
-0.047119	-0.954102	0.234375	-5.908397	3.106870	1.633588	0.033074
-0.052490	-0.955566	0.236084	-5.503817	2.656489	1.251908	0.043196
-0.059082	-0.949951	0.251465	-4.389313	1.335878	1.076336	0.053270
-0.060547	-0.948242	0.245850	-4.213740	-0.473282	1.061069	0.063334
-0.049316	-0.941406	0.226318	-3.969466	-1.305344	1.496183	0.073749
-0.041016	-0.947754	0.208740	-5.053435	-0.770992	2.030534	0.083919
-0.041504	-0.968262	0.228760	-3.916031	-0.030534	1.442748	0.093960
-0.044678	-0.977539	0.243164	-5.770992	0.290076	0.251908	0.104044
-0.047363	-0.973145	0.256592	-4.786260	-0.122137	-0.618321	0.114234
-0.052002	-0.961182	0.252197	-3.389313	-0.625954	-0.190840	0.124324
-0.049316	-0.943115	0.229980	-3.236641	-0.717557	0.893130	0.134403
-0.055664	-0.940674	0.233154	-3.793893	-0.213740	1.893130	0.144495
-0.056885	-0.945557	0.244141	-4.022901	-0.618321	2.801527	0.154737
-0.051758	-0.956055	0.241943	-4.572519	-2.221374	2.519084	0.164817
-0.041260	-0.975342	0.218750	-5.572519	-2.190840	1.396947	0.175013
-0.033447	-0.984619	0.224365	-4.748092	-1.687023	0.977099	0.185162
-0.052979	-0.980957	0.232910	-4.152672	-2.122137	0.198473	0.195247
-0.035156	-0.972168	0.228760	-4.061069	-2.000000	-0.015267	0.205289
-0.035889	-0.967773	0.223389	-3.259542	-1.076336	0.641221	0.215357
-0.036377	-0.969971	0.223145	-2.267176	-0.106870	1.091603	0.225446
-0.052979	-0.967529	0.237305	-2.335878	-0.312977	1.106870	0.235515
-0.043945	-0.965820	0.227051	-2.198473	-0.984733	1.251908	0.245881
-0.034668	-0.965332	0.213135	-2.854962	-0.946565	1.022901	0.256023
-0.048828	-0.965332	0.215332	-3.671756	-0.305344	0.770992	0.266131
-0.049316	-0.966309	0.226074	-3.793893	0.137405	0.450382	0.276424
-0.043945	-0.976562	0.235596	-3.343511	-0.442748	0.091603	0.286552
-0.037598	-0.975098	0.234863	-2.702290	-0.656489	-1.206107	0.296883
-0.041016	-0.973145	0.227295	-1.923664	0.206107	-1.610687	0.307011
-0.043457	-0.958740	0.225342	-0.923664	1.274809	-1.282443	0.317095
-0.055908	-0.959717	0.244873	-0.488550	1.557252	-0.961832	0.327197
-0.052246	-0.965332	0.232422	-0.099237	1.076336	-0.854962	0.337241
-0.050781	-0.954590	0.222168	0.076336	1.358779	-0.274809	0.347572
-0.052490	-0.938477	0.225098	0.519084	1.320611	0.801527	0.357559
-0.051514	-0.947754	0.228027	0.015267	1.061069	1.488550	0.367619
-0.050537	-0.951172	0.216797	-0.893130	1.343511	1.992366	0.379331
-0.043457	-0.943604	0.220215	-2.114504	1.595420	2.091603	0.391360
-0.044189	-0.981201	0.238770	-3.015267	1.633588	1.167939	0.403192
-0.046875	-0.992188	0.242432	-2.274809	0.977099	-1.870229	0.413873
-0.041992	-0.955566	0.228271	-1.190840	1.183206	-3.290076	0.424149
-0.049316	-0.935547	0.227539	-1.129771	2.732824	-2.427481	0.436582
-0.054199	-0.928711	0.231201	-0.015267	3.435115	-0.679389	0.448237
-0.062012	-0.924072	0.226562	-3.595420	3.053435	0.396947	0.459126
-0.053223	-0.938477	0.248047	-4.786260	2.396947	2.000000	0.471229
-0.072510	-0.966553	0.264160	-4.587786	-0.183206	2.328244	0.483309
-0.049316	-0.969727	0.256592	-3.824427	-2.694656	1.213740	0.495323
-0.046143	-0.958252	0.235107	-2.603053	-1.923664	-0.167939	0.506999
-0.047852	-0.932617	0.227051	-2.427481	-0.633588	0.053435	0.517628
-0.050293	-0.928955	0.219482	-4.854962	0.404580	0.633588	0.528176
-0.048828	-0.927734	0.224609	-8.511450	0.961832	0.458015	0.539555
-0.047607	-0.925537	0.243896	-12.809160	1.816794	2.137405	0.551559
-0.052490	-0.976562	0.275879	-14.335878	0.496183	1.106870	0.563156
-0.052490	-0.988281	0.288330	-12.549618	-1.122137	-0.183206	0.574253
-0.055420	-0.983887	0.274902	-9.755725	-3.610687	-1.053435	0.586780
-0.055908	-0.970947	0.240234	-3.503817	-3.541985	-0.549618	0.598460
-0.054199	-0.947021	0.230713	-1.129771	-2.770992	0.923664	0.609252
-0.043701	-0.957031	0.211670	-0.641221	-1.534351	2.160305	0.621134
-0.041016	-0.982910	0.222900	-0.076336	-1.389313	1.809160	0.633127
-0.041504	-0.979980	0.226562	0.091603	-1.152672	0.687023	0.644598
-0.041016	-0.970703	0.225098	-0.030534	-0.740458	0.923664	0.655552
-0.042480	-0.959473	0.214355	-0.648855	0.129771	1.946565	0.668728
-0.040039	-0.959961	0.228516	-1.862595	1.694656	2.068702	0.681840
-0.045654	-0.967285	0.252686	-2.175573	1.816794	1.671756	0.693610
-0.042969	-0.971924	0.251709	-2.717557	1.473282	0.992366	0.703972
-0.055176	-0.982666	0.262207	-2.282443	0.435115	-0.618321	0.716447
-0.049805	-0.962402	0.252197	-1.488550	-0.427481	-0.923664	0.727756
-0.053223	-0.952393	0.245850	-1.137405	-0.335878	-0.419847	0.738270
-0.050781	-0.952148	0.234619	-1.175573	-0.725191	0.206107	0.749052
-0.047607	-0.960938	0.227539	-2.175573	0.442748	-0.106870	0.761190
-0.048584	-0.956055	0.239990	-2.770992	0.396947	0.511450	0.772769
-0.040039	-0.952881	0.236816	-3.450382	-0.908397	0.114504	0.785060
-0.040771	-0.966797	0.239258	-4.396947	-0.870229	-0.671756	0.796932
-0.040771	-0.957275	0.245117	-4.618321	-0.458015	-0.709924	0.808416
-0.052002	-0.953125	0.242188	-3.977099	-0.839695	-1.022901	0.820335
-0.046387	-0.953857	0.246826	-3.091603	-1.374046	-0.381679	0.832375
-0.038818	-0.953125	0.228516	-3.183206	-0.938931	-0.549618	0.843674
-0.039551	-0.938477	0.226807	-3.297710	-0.145038	-0.175573	0.854785
-0.044434	-0.941406	0.232910	-3.435115	-0.114504	1.488550	0.865479
-0.035645	-0.959961	0.228516	-3.633588	-0.595420	1.702290	0.877783
-0.041016	-0.950439	0.229980	-3.404580	-1.519084	0.870229	0.889665
-0.030518	-0.946777	0.210205	-4.427481	-1.053435	0.664122	0.900649
-0.030029	-0.943604	0.198730	-6.824427	-0.122137	-0.389313	0.912134
-0.036377	-0.931641	0.197266	-10.465649	0.946565	0.610687	0.925304
-0.041016	-0.976807	0.239014	-13.511450	0.526718	0.641221	0.939407
-0.044922	-0.980957	0.251709	-13.083969	-2.007634	-1.908397	0.953706
-0.042969	-0.978027	0.253418	-10.877863	-3.213740	-3.236641	0.965003
-0.036133	-0.983887	0.222412	-8.183206	-2.534351	-2.290076	0.975560
-0.041992	-0.971680	0.220215	-6.526718	-1.786260	-2.297710	0.986281
-0.042236	-0.945801	0.209229	-6.000000	-0.595420	-0.885496	0.998734
-0.043457	-0.962402	0.219727	-5.320611	-0.160305	0.526718	1.010192
-0.039795	-0.974609	0.225098	-4.725191	-0.366412	-0.015267	1.020770
-0.039307	-0.973633	0.236084	-4.160305	-1.274809	-0.656489	1.030939
-0.044434	-0.970947	0.244385	-3.305344	-1.389313	-0.358779	1.041691
-0.040039	-0.971436	0.233887	-2.122137	-2.053435	-0.534351	1.053126
-0.034668	-0.967529	0.214600	-1.725191	-1.236641	-0.473282	1.063418
-0.044922	-0.940674	0.225586	-2.198473	0.458015	0.778626	1.075787
-0.052490	-0.949951	0.240723	-1.984733	0.816794	1.595420	1.087876
-0.042236	-0.961914	0.237305	-1.587786	0.946565	1.099237	1.099125
-0.048340	-0.953125	0.240234	-1.526718	0.870229	1.374046	1.110117
-0.048340	-0.957764	0.242676	-1.541985	0.267176	1.625954	1.122393
-0.037598	-0.962891	0.234375	-2.175573	-0.442748	1.480916	1.133963
-0.045898	-0.966553	0.234619	-2.519084	-0.251908	0.328244	1.144614
-0.045166	-0.953369	0.233154	-3.358779	-0.587786	-0.358779	1.157289
-0.040527	-0.955566	0.221191	-3.885496	-0.893130	-0.854962	1.168514
-0.037109	-0.954346	0.222168	-4.282443	-0.931298	-0.908397	1.178749
-0.043457	-0.968262	0.233643	-4.770992	-1.488550	-0.877863	1.190677
-0.038574	-0.973877	0.223633	-4.412214	-2.236641	-1.435115	1.202159
-0.034180	-0.969727	0.219727	-3.038168	-2.053435	-2.007634	1.213813
-0.029053	-0.952881	0.205811	-2.030534	-0.931298	-2.129771	1.224847
-0.036865	-0.930420	0.211914	-2.450382	0.312977	-0.625954	1.237378
-0.030518	-0.940918	0.197510	-4.297710	0.679389	0.297710	1.248868
-0.036865	-0.938721	0.195312	-6.000000	1.213740	0.465649	1.259520
-0.034180	-0.947510	0.218750	-7.748092	1.160305	0.534351	1.270975
-0.040527	-0.985107	0.239502	-7.656489	-0.190840	-1.206107	1.283691
-0.034424	-0.974121	0.233154	-5.709924	-1.190840	-1.885496	1.294970
-0.038086	-0.949463	0.212646	-4.183206	-0.458015	-0.877863	1.305730
-0.037354	-0.940186	0.204102	-3.885496	-0.015267	0.282443	1.316130
-0.042480	-0.937744	0.209717	-4.870229	0.503817	1.061069	1.326248
-0.040039	-0.958252	0.214355	-5.694656	1.755725	0.526718	1.337069
-0.041748	-0.964844	0.227295	-5.908397	1.198473	0.091603	1.349054
-0.041260	-0.975342	0.238037	-4.549618	-0.053435	-0.763359	1.360145
-0.041748	-0.960693	0.221680	-3.198473	-0.427481	-1.030534	1.372513
-0.039062	-0.960205	0.231201	-2.312977	-0.061069	-0.610687	1.385369
-0.039795	-0.947754	0.216553	-2.137405	0.297710	0.061069	1.396515
-0.037598	-0.947021	0.220947	-2.832061	0.427481	1.091603	1.408975
-0.041016	-0.957031	0.235107	-3.870229	0.648855	1.244275	1.420974
-0.036621	-0.974609	0.235352	-3.641221	-1.061069	0.969466	1.432983
-0.033447	-0.977539	0.224854	-3.480916	-1.511450	-0.038168	1.445198
-0.032715	-0.977783	0.222412	-2.061069	-0.717557	0.396947	1.457084
-0.020020	-0.975098	0.220947	-1.374046	-0.015267	1.091603	1.468053
-0.035400	-0.973633	0.224854	-0.977099	0.908397	0.465649	1.479751
-0.034668	-0.965820	0.226074	-1.213740	1.267176	-0.007634	1.491209
-0.042725	-0.965332	0.227295	-1.671756	0.427481	-0.435115	1.503421
-0.038086	-0.967529	0.236084	-2.198473	-0.618321	-0.877863	1.515559
-0.034424	-0.965576	0.225098	-2.473282	-0.358779	-0.648855	1.526874
-0.036621	-0.958252	0.228760	-2.465649	0.106870	-0.389313	1.537935
-0.039307	-0.940430	0.228760	-3.137405	0.351145	0.404580	1.548977
-0.037109	-0.968994	0.227295	-3.190840	0.030534	0.007634	1.561192
-0.040527	-0.972900	0.227295	-2.435115	0.106870	-0.496183	1.572386
-0.030273	-0.952881	0.219727	-1.748092	0.145038	-0.656489	1.583372
-0.034424	-0.950928	0.210938	-1.618321	0.694656	0.229008	1.595427
-0.034424	-0.950195	0.223145	-1.671756	0.610687	0.213740	1.606638
-0.037842	-0.938721	0.210938	-2.183206	0.473282	0.633588	1.617103
-0.031494	-0.963379	0.221924	-2.335878	1.000000	0.725191	1.627174
-0.037354	-0.965820	0.237305	-1.732824	0.320611	-0.083969	1.637532
-0.041260	-0.942383	0.227295	-1.251908	0.175573	-0.427481	1.649594
-0.041992	-0.938477	0.219971	-1.137405	0.694656	0.725191	1.660612
-0.039795	-0.948975	0.222656	-1.549618	0.541985	2.007634	1.672261
-0.030273	-0.963379	0.219482	-2.091603	0.480916	2.648855	1.684620
-0.034180	-0.977783	0.235840	-2.961832	0.320611	1.603053	1.695952
-0.033203	-0.975342	0.237549	-3.045802	-0.687023	0.450382	1.706709
-0.037842	-0.964600	0.237305	-2.770992	-0.954198	-0.793893	1.718123
-0.037842	-0.957275	0.237305	-2.068702	-0.503817	-0.526718	1.730390
-0.040771	-0.959961	0.239746	-1.511450	-0.679389	0.374046	1.742283
-0.034912	-0.955078	0.233887	-1.030534	-0.564885	0.648855	1.753385
-0.042236	-0.950928	0.230713	-1.419847	-0.312977	0.801527	1.763969
-0.035645	-0.956299	0.227295	-2.832061	-0.954198	1.114504	1.776141
-0.037109	-0.955078	0.235840	-3.068702	-2.038168	1.801527	1.788653
-0.031006	-0.975342	0.233887	-3.061069	-2.198473	1.694656	1.799658
-0.030518	-0.974121	0.224121	-1.786260	-2.625954	0.740458	1.811711
-0.030518	-0.969971	0.238037	-1.755725	-1.435115	-1.343511	1.823688
-0.025635	-0.985352	0.237061	-1.595420	-0.778626	-3.358779	1.835327
-0.039795	-0.971436	0.237305	-0.129771	-1.152672	-4.709924	1.847221
-0.039307	-0.937988	0.224121	0.526718	-3.007634	-3.946565	1.858351
-0.040283	-0.935303	0.217285	-0.328244	-2.343511	-2.870229	1.868785
-0.037354	-0.933105	0.229004	-0.526718	-1.557252	-1.679389	1.878310
-0.041016	-0.934082	0.239746	-0.519084	-2.206107	-0.862595	1.889255
-0.034424	-0.945312	0.224854	-0.572519	-3.083969	-0.557252	1.899451
-0.031738	-0.936768	0.232422	-0.160305	-3.580153	0.786260	1.909041
-0.031006	-0.943604	0.221191	-0.732824	-3.862595	2.160305	1.918420
-0.022217	-0.950439	0.213379	-2.564885	-3.419847	2.213740	1.928422
-0.029541	-0.955078	0.226807	-3.206107	-0.931298	1.351145	1.938945
-0.025391	-0.981689	0.240234	-3.129771	-0.083969	0.564885	1.949527
-0.028564	-0.968994	0.247803	-1.862595	0.190840	0.206107	1.959064
-0.025635	-0.958740	0.249756	-1.412214	-0.351145	0.427481	1.969325
-0.037842	-0.946045	0.250000	-1.977099	-0.572519	0.351145	1.979490
-0.029541	-0.949707	0.244141	-1.923664	-0.717557	0.946565	1.990087
-0.031738	-0.958008	0.235596	-3.099237	-0.961832	0.664122	1.999704
-0.035400	-0.962158	0.242920	-3.946565	-1.488550	0.717557	2.010581
-0.023438	-0.963623	0.233398	-3.839695	-0.748092	1.282443	2.021004
-0.021240	-0.963135	0.239258	-4.190840	-0.541985	1.625954	2.030896
-0.030762	-0.976562	0.251221	-3.732824	-0.648855	1.580153	2.040427
-0.026855	-0.980713	0.243652	-3.412214	-0.717557	0.648855	2.051555
-0.029297	-0.973145	0.252197	-2.992366	-1.145038	-0.793893	2.061710
-0.045166	-0.962891	0.256836	-3.038168	-1.427481	-1.122137	2.072082
-0.031738	-0.965332	0.242920	-3.061069	-3.893130	-0.946565	2.081551
-0.023926	-0.958252	0.227051	-3.709924	-1.839695	-0.748092	2.092712
-0.035889	-0.952637	0.251465	-3.145038	-1.167939	0.755725	2.103435
-0.026611	-0.960693	0.242676	-2.458015	-0.702290	1.671756	2.113217
-0.033936	-0.975098	0.250488	-2.221374	-1.022901	0.984733	2.123675
-0.026855	-0.965332	0.250244	-1.832061	-1.419847	-0.099237	2.134519
-0.029541	-0.954346	0.233887	-2.351145	-1.427481	-0.679389	2.144873
-0.033936	-0.948486	0.229736	-2.641221	-1.809160	-0.061069	2.154381
-0.030029	-0.949219	0.230469	-2.900763	-2.099237	1.625954	2.164783
-0.031494	-0.955811	0.228760	-3.114504	-1.625954	1.748092	2.175672
-0.041992	-0.942139	0.238770	-3.381679	-0.404580	1.488550	2.185633
-0.037598	-0.933838	0.231201	-3.709924	0.122137	2.206107	2.195397
-0.034912	-0.937744	0.226074	-4.114504	0.381679	3.763359	2.205898
-0.032227	-0.943848	0.229004	-3.969466	0.435115	3.938931	2.216020
-0.030762	-0.968018	0.238525	-4.671756	0.152672	3.076336	2.225557
-0.042236	-0.989746	0.241699	-4.320611	-0.946565	0.519084	2.235105
-0.036133	-0.978516	0.244629	-3.587786	-1.229008	-1.488550	2.244679
-0.033447	-0.963867	0.242676	-3.076336	-0.961832	-2.167939	2.254065
-0.032227	-0.965332	0.242432	-2.221374	-0.259542	-2.007634	2.263371
-0.046143	-0.939697	0.240967	-1.564885	-0.106870	-1.038168	2.274542
-0.029541	-0.934082	0.229248	-1.603053	-0.274809	0.725191	2.284771
-0.037354	-0.937256	0.239258	-2.770992	-0.129771	1.656489	2.294296
-0.036621	-0.948975	0.254883	-3.587786	-1.007634	1.770992	2.304136
-0.027100	-0.955811	0.227295	-4.763359	-1.717557	0.732824	2.314744
-0.017090	-0.962646	0.228027	-5.412214	-1.290076	-0.534351	2.325463
-0.028076	-0.966309	0.240234	-4.992366	-0.908397	-0.595420	2.335315
-0.030273	-0.970215	0.233887	-3.473282	-0.709924	0.198473	2.345643
-0.022705	-0.962402	0.239502	-4.175573	-0.526718	-0.122137	2.356087
-0.044189	-0.966309	0.241455	-4.213740	-0.725191	0.122137	2.366200
-0.027100	-0.968262	0.240479	-4.106870	-0.152672	0.465649	2.375662
-0.023926	-0.966553	0.240967	-3.511450	-0.053435	-0.511450	2.385580
-0.027100	-0.956543	0.238037	-2.946565	-0.473282	0.328244	2.396413
-0.027344	-0.950928	0.234619	-4.389313	-1.847328	0.809160	2.406525
-0.025635	-0.958740	0.235352	-4.938931	-1.534351	-0.129771	2.416221
-0.027588	-0.966553	0.233643	-4.702290	-0.450382	0.160305	2.426754
-0.029053	-0.964355	0.236328	-4.427481	-1.045802	-0.053435	2.437306
-0.034180	-0.976807	0.236084	-3.335878	-1.236641	0.175573	2.447253
-0.020752	-0.966797	0.230469	-2.900763	-1.106870	-0.389313	2.457579
-0.024414	-0.956299	0.222168	-3.091603	0.137405	-0.412214	2.467555
-0.031494	-0.948486	0.226562	-3.221374	1.175573	-0.351145	2.477546
-0.024414	-0.963867	0.229004	-3.992366	1.870229	0.427481	2.487506
-0.031982	-0.970215	0.244873	-2.801527	2.160305	0.022901	2.497813
-0.037354	-0.953857	0.243652	-2.824427	0.992366	-0.053435	2.508112
-0.036377	-0.935303	0.229736	-2.740458	0.610687	0.717557	2.518282
-0.032959	-0.943848	0.234131	-2.984733	0.740458	1.633588	2.528271
-0.034912	-0.923828	0.231445	-3.770992	0.015267	2.007634	2.538085
-0.029541	-0.944336	0.227783	-4.442748	0.923664	2.580153	2.548602
-0.030273	-0.948242	0.228516	-4.030534	0.618321	2.541985	2.558682
-0.036621	-0.935547	0.218018	-5.908397	0.106870	1.297710	2.569036
-0.023193	-0.954346	0.217285	-5.022901	1.290076	2.351145	2.578495
-0.019287	-0.964844	0.235352	-3.824427	0.000000	1.419847	2.589028
-0.030029	-0.968262	0.236816	-3.122137	1.343511	-0.122137	2.599396
-0.030762	-0.949951	0.240234	-2.618321	1.267176	-0.198473	2.609525
-0.029297	-0.941650	0.227783	-3.236641	1.572519	0.030534	2.619065
-0.029541	-0.951416	0.242432	-2.854962	2.167939	1.427481	2.629552
-0.035645	-0.955811	0.253662	-2.083969	1.389313	1.557252	2.640538
-0.030762	-0.948242	0.248291	-3.648855	0.290076	0.694656	2.650623
-0.031982	-0.960205	0.243164	-3.465649	0.152672	0.923664	2.660032
-0.026123	-0.952148	0.237305	-3.282443	0.648855	0.923664	2.670881
-0.034424	-0.939941	0.245361	-4.938931	-0.099237	0.488550	2.681736
-0.031982	-0.964844	0.255859	-5.297710	-0.213740	0.603053	2.692007
-0.031006	-0.977295	0.251709	-4.587786	-1.389313	-0.427481	2.701533
-0.031494	-0.944336	0.238770	-4.816794	-1.503817	-0.572519	2.712473
-0.027588	-0.948730	0.236572	-5.541985	-1.190840	0.290076	2.723116
-0.028076	-0.954834	0.240479	-5.175573	-0.816794	0.473282	2.733115
-0.034912	-0.958252	0.232910	-4.679389	-0.824427	1.190840	2.743514
-0.023438	-0.954590	0.227539	-4.877863	-0.618321	1.564885	2.752964
-0.033203	-0.953125	0.225830	-4.793893	0.290076	2.114504	2.764084
-0.025879	-0.968506	0.230957	-4.961832	-0.297710	1.770992	2.774774
-0.020264	-0.985596	0.232666	-4.984733	0.511450	0.694656	2.784721
-0.029297	-0.986328	0.245850	-4.259542	0.053435	-0.625954	2.794291
-0.030273	-0.965820	0.241699	-3.610687	-0.244275	-1.091603	2.804831
-0.023438	-0.964111	0.229004	-2.847328	0.351145	-0.412214	2.815498
-0.026123	-0.957764	0.222412	-2.862595	0.969466	-0.213740	2.825196
-0.033203	-0.956055	0.243164	-2.366412	1.251908	0.312977	2.835081
-0.035400	-0.947021	0.225586	-3.610687	1.442748	0.969466	2.846010
-0.037109	-0.960205	0.235840	-4.335878	1.000000	0.137405	2.856454
-0.034912	-0.953857	0.232666	-4.099237	1.068702	0.465649	2.866027
-0.036133	-0.965332	0.233154	-4.076336	1.015267	0.633588	2.876698
-0.032471	-0.949951	0.228516	-3.870229	0.351145	1.274809	2.886220
-0.027100	-0.951416	0.220947	-3.488550	0.167939	1.786260	2.895608
-0.026611	-0.947510	0.215576	-3.396947	0.778626	1.832061	2.905429
-0.026855	-0.949951	0.214355	-3.816794	1.152672	1.740458	2.918550
-0.029541	-0.974609	0.223633	-3.893130	0.824427	0.770992	2.929244
-0.022949	-0.972900	0.211670	-3.679389	1.335878	-0.236641	2.938833
-0.028564	-0.968750	0.219971	-3.290076	1.381679	-0.206107	2.949377
-0.038086	-0.955811	0.221924	-2.870229	1.961832	0.419847	2.959666
-0.038574	-0.949707	0.229980	-2.480916	1.809160	0.633588	2.969786
-0.030762	-0.951416	0.225098	-2.526718	2.190840	1.343511	2.979432
-0.036133	-0.958252	0.228760	-2.251908	2.793893	2.366412	2.990259
-0.027100	-0.977051	0.231201	-1.793893	3.000000	2.770992	3.000413
-0.036133	-0.981201	0.258301	-0.748092	2.503817	1.961832	3.010680
-0.035889	-0.977051	0.259277	-1.007634	1.946565	0.778626	3.020123
-0.043701	-0.962158	0.242432	-1.679389	1.198473	0.038168	3.030722
-0.040771	-0.954590	0.252686	-1.671756	0.374046	0.419847	3.041468
-0.034668	-0.954346	0.248291	-2.938931	-0.106870	-0.099237	3.051422
-0.034180	-0.958252	0.251465	-3.305344	-0.419847	-0.458015	3.061003
-0.034912	-0.946777	0.240723	-3.694656	-0.725191	-0.312977	3.071749
-0.037598	-0.951904	0.252930	-4.244275	-0.442748	-0.427481	3.081863
-0.042480	-0.947998	0.246094	-4.992366	-0.435115	-0.549618	3.091981
-0.036621	-0.948730	0.239990	-4.694656	-1.038168	-0.129771	3.101481
-0.037842	-0.943359	0.235840	-4.862595	-0.641221	0.671756	3.110718
-0.032471	-0.942871	0.229980	-5.374046	-0.229008	1.106870	3.119941
-0.026611	-0.951172	0.228027	-6.435115	1.053435	1.564885	3.130609
-0.028076	-0.963867	0.229492	-6.519084	1.877863	1.679389	3.140910
-0.030273	-0.962158	0.237305	-7.496183	2.312977	1.068702	3.150407
-0.041992	-0.956055	0.238525	-7.396947	2.618321	1.717557	3.161293
-0.041748	-0.962891	0.243164	-6.480916	1.374046	2.236641	3.171482
-0.037109	-0.967773	0.241699	-5.251908	0.106870	1.847328	3.181600
-0.039062	-0.962646	0.253174	-4.633588	-0.633588	1.610687	3.191201
-0.038574	-0.961670	0.248779	-3.572519	-1.198473	1.641221	3.201907
-0.035645	-0.959961	0.246338	-2.488550	-1.251908	1.557252	3.212223
-0.034424	-0.965820	0.247559	-2.114504	-2.229008	1.122137	3.222118
-0.027100	-0.963867	0.231689	-2.129771	-2.244275	0.770992	3.231786
-0.033691	-0.963135	0.232422	-2.595420	-2.122137	0.893130	3.242579
-0.037354	-0.952637	0.236816	-3.160305	-2.809160	1.229008	3.253000
-0.030273	-0.955566	0.233398	-3.770992	-3.244275	1.633588	3.262741
-0.027832	-0.965576	0.229492	-4.137405	-3.603053	1.587786	3.272722
-0.029053	-0.970215	0.223145	-4.000000	-3.442748	0.671756	3.283551
-0.025146	-0.964355	0.220703	-4.190840	-4.122137	-0.335878	3.300622
-0.021240	-0.957031	0.227783	-5.137405	-5.442748	-0.984733	3.310267
-0.032471	-0.964111	0.241455	-6.328244	-4.458015	-2.221374	3.321261
-0.025146	-0.953125	0.228271	-6.221374	-3.229008	-0.877863	3.331838
-0.045654	-0.971924	0.225830	-5.473282	-5.000000	-0.610687	3.342252
-0.028076	-0.967041	0.216064	-2.519084	-4.259542	0.671756	3.351748
-0.015381	-0.954834	0.221680	-2.557252	-1.931298	0.007634	3.362606
-0.022705	-0.966064	0.226318	-3.938931	-1.244275	-1.007634	3.372821
-0.025635	-0.965576	0.225098	-3.618321	-0.954198	-0.732824	3.382754
-0.026123	-0.956787	0.222412	-3.389313	-0.603053	-0.183206	3.392559
-0.026123	-0.948486	0.224854	-3.015267	-0.503817	0.503817	3.404039
-0.033447	-0.941406	0.223877	-3.801527	0.007634	0.549618	3.413988
-0.027588	-0.951172	0.213135	-4.465649	-0.259542	1.175573	3.423891
-0.020996	-0.955566	0.213623	-5.221374	0.290076	0.938931	3.433664
-0.035400	-0.942871	0.227783	-5.473282	0.725191	0.709924	3.445014
-0.035645	-0.944336	0.236816	-5.648855	1.335878	1.541985	3.455593
-0.026611	-0.954834	0.228027	-4.648855	1.045802	2.564885	3.465331
-0.039062	-0.950439	0.230713	-3.877863	0.068702	2.732824	3.474744
-0.030762	-0.959473	0.229004	-3.755725	0.809160	3.496183	3.484184
-0.021973	-0.972412	0.220947	-2.656489	1.038168	3.374046	3.493465
-0.034912	-0.975586	0.238281	-3.160305	1.458015	2.221374	3.502664
-0.032715	-0.971924	0.224365	-4.374046	0.312977	1.290076	3.513482
-0.020264	-0.974365	0.216797	-4.328244	0.511450	0.580153	3.523125
-0.033447	-0.982666	0.227295	-4.076336	0.618321	1.938931	3.532479
-0.041504	-0.970947	0.224854	-3.358779	-0.183206	-0.496183	3.542003
-0.025146	-0.960449	0.233398	-3.526718	0.000000	1.938931	3.553449
-0.038086	-0.947998	0.227051	-4.603053	-0.809160	-0.618321	3.563782
-0.024902	-0.947754	0.226562	-4.167939	-0.496183	0.916031	3.573790
-0.039795	-0.952148	0.227539	-3.900763	-0.183206	0.854962	3.583199
-0.038574	-0.961426	0.238770	-5.106870	-1.236641	1.221374	3.594367
-0.031250	-0.978760	0.234619	-3.938931	-2.503817	-0.106870	3.604667
-0.016113	-0.980713	0.225586	-4.305344	-2.687023	-1.221374	3.614531
-0.029541	-0.968994	0.227783	-2.145038	-2.335878	-0.916031	3.623951
-0.028076	-0.946045	0.211670	-2.694656	-0.969466	-0.786260	3.635007
-0.035156	-0.940186	0.203857	-2.702290	0.030534	0.221374	3.645140
-0.045166	-0.943848	0.216553	-3.175573	0.519084	1.297710	3.655120
-0.035400	-0.959229	0.223633	-3.732824	0.167939	1.511450	3.664703
-0.036865	-0.958496	0.220459	-4.671756	-0.152672	0.923664	3.674478
-0.041260	-0.960938	0.227295	-5.229008	-0.488550	0.389313	3.685563
-0.038818	-0.958008	0.234863	-4.923664	-0.587786	0.564885	3.695918
-0.040039	-0.966064	0.248535	-3.732824	-0.740458	0.519084	3.705461
-0.033936	-0.960938	0.233643	-2.534351	-0.916031	0.549618	3.715198
-0.034180	-0.947021	0.230469	-1.458015	0.274809	0.854962	3.724692
-0.038818	-0.940918	0.229736	-1.587786	0.916031	2.007634	3.735475
-0.030762	-0.956787	0.231445	-3.343511	0.916031	2.335878	3.745056
-0.027100	-0.962402	0.226318	-4.221374	0.396947	1.221374	3.754900
-0.025879	-0.958252	0.229736	-4.893130	0.221374	0.618321	3.765943
-0.025879	-0.960449	0.228760	-5.770992	0.381679	1.175573	3.776519
-0.028076	-0.977295	0.236572	-5.198473	0.244275	0.786260	3.786011
-0.031738	-0.972900	0.238037	-4.519084	-0.045802	0.503817	3.795643
-0.025391	-0.966797	0.217529	-4.000000	0.450382	0.496183	3.806426
-0.016357	-0.971436	0.223877	-3.251908	1.145038	0.022901	3.816781
-0.033447	-0.958984	0.224365	-3.633588	1.305344	-0.427481	3.826579
-0.034424	-0.966553	0.223633	-4.465649	1.587786	-0.648855	3.836130
-0.039551	-0.959717	0.221191	-5.534351	2.022901	-0.938931	3.847141
-0.031982	-0.963135	0.229004	-5.244275	0.374046	-0.358779	3.857488
-0.031250	-0.968262	0.225586	-5.755725	0.496183	-0.625954	3.867237
-0.027588	-0.965088	0.220459	-6.282443	-0.641221	-1.213740	3.878045
-0.033936	-0.961914	0.218750	-5.198473	-0.526718	-0.969466	3.888116
-0.024902	-0.966309	0.233643	-6.274809	1.274809	-2.312977	3.898254
-0.037109	-0.953857	0.218506	-5.679389	0.847328	-1.679389	3.907686
-0.034180	-0.947510	0.230469	-4.519084	1.595420	-0.435115	3.917417
-0.034668	-0.960205	0.233643	-4.213740	0.106870	0.603053	3.928649
-0.035889	-0.961670	0.220703	-3.206107	-0.213740	0.648855	3.939538
-0.029785	-0.949219	0.228516	-3.702290	-0.473282	0.465649	3.949348
-0.032959	-0.939697	0.234375	-3.748092	-0.702290	0.755725	3.960127
-0.029541	-0.946045	0.229736	-3.190840	-1.305344	1.549618	3.970564
-0.032471	-0.967773	0.242920	-1.961832	-1.083969	1.412214	3.980689
-0.033203	-0.967041	0.235352	-2.587786	-1.992366	1.152672	3.990205
-0.041504	-0.960693	0.241211	-2.297710	-2.847328	0.931298	4.000968
-0.025635	-0.960938	0.225830	-2.167939	-2.419847	1.152672	4.011558
-0.025146	-0.956787	0.219727	-3.938931	-1.687023	0.534351	4.021188
-0.033203	-0.954834	0.228516	-4.396947	-0.145038	0.412214	4.030683
-0.036133	-0.968018	0.246338	-4.137405	-1.267176	-0.190840	4.040779
-0.031738	-0.960693	0.218750	-4.557252	-2.435115	-1.106870	4.052228
-0.029541	-0.960938	0.223877	-4.236641	-2.305344	-0.877863	4.062176
-0.028809	-0.962646	0.228516	-4.381679	-1.732824	-0.572519	4.071696
-0.033691	-0.968262	0.229980	-4.885496	-1.587786	-0.320611	4.082424
-0.021729	-0.978027	0.233154	-4.633588	-1.274809	-0.206107	4.092382
-0.022217	-0.988281	0.235107	-3.801527	-0.419847	-0.534351	4.102686
-0.024902	-0.976807	0.232178	-3.122137	0.290076	-0.809160	4.112245
-0.033936	-0.959961	0.219482	-2.450382	0.381679	-0.015267	4.123221
-0.028809	-0.966797	0.223633	-1.809160	0.870229	0.809160	4.132941
-0.032959	-0.972412	0.229248	-1.404580	0.198473	1.694656	4.143269
-0.019531	-0.973877	0.234131	-1.221374	-0.709924	1.679389	4.152906
-0.024170	-0.972412	0.209473	-1.725191	-0.938931	1.587786	4.162714
-0.021484	-0.975098	0.229004	-1.625954	-1.083969	1.648855	4.172252
-0.022217	-0.982178	0.237061	-0.969466	-1.396947	1.198473	4.181608
-0.024658	-0.971924	0.225342	-0.259542	-1.572519	0.755725	4.190922
-0.025879	-0.962646	0.219727	-0.725191	-1.198473	1.198473	4.202070
-0.031982	-0.966064	0.225098	-0.870229	-0.603053	1.351145	4.212289
-0.024170	-0.969482	0.213379	-2.587786	0.129771	0.435115	4.222564
-0.021973	-0.969238	0.208740	-3.824427	0.923664	-0.496183	4.232024
-0.025635	-0.978027	0.219482	-4.290076	1.458015	-1.732824	4.242670
-0.025879	-0.964111	0.218994	-4.839695	1.625954	-2.786260	4.253403
-0.026611	-0.967773	0.225098	-5.206107	1.312977	-2.656489	4.263397
-0.028564	-0.963135	0.236084	-5.488550	0.801527	-2.564885	4.272903
-0.024414	-0.963623	0.226318	-6.809160	0.183206	-2.946565	4.283859
-0.027588	-0.969971	0.226807	-7.076336	0.190840	-3.152672	4.293802
-0.023193	-0.981689	0.230957	-6.381679	-0.122137	-3.839695	4.303323
-0.023438	-0.979736	0.238525	-5.335878	-0.267176	-5.076336	4.312863
-0.019043	-0.964600	0.225586	-4.320611	-0.290076	-5.816794	4.322674
-0.034668	-0.941406	0.225830	-3.152672	-0.541985	-4.458015	4.334041
-0.035645	-0.932617	0.220947	-1.862595	-0.030534	-1.717557	4.344740
-0.031494	-0.934082	0.221924	-1.465649	-0.419847	0.328244	4.354399
-0.026611	-0.939453	0.218018	-1.603053	-1.091603	1.740458	4.363906
-0.024414	-0.943359	0.215088	-1.519084	-0.732824	2.122137	4.374856
-0.019775	-0.952393	0.216553	-2.572519	-0.687023	1.618321	4.384450
-0.019531	-0.950684	0.215088	-2.824427	-0.519084	1.320611	4.394532
-0.026123	-0.944336	0.221924	-3.503817	-0.282443	1.206107	4.404284
-0.022705	-0.952881	0.209229	-4.442748	-0.351145	1.091603	4.414772
-0.018799	-0.950195	0.226807	-4.160305	-0.175573	0.984733	4.425203
-0.022949	-0.942139	0.229736	-3.977099	-0.549618	0.541985	4.434923
-0.024170	-0.940430	0.221924	-4.099237	-0.564885	0.687023	4.444576
-0.019775	-0.934814	0.216309	-4.633588	-0.648855	1.106870	4.453989
-0.021729	-0.950195	0.218750	-5.068702	-1.083969	1.618321	4.463670
-0.028809	-0.961182	0.232666	-5.832061	-1.679389	1.305344	4.474874
-0.026123	-0.961426	0.229492	-5.595420	-2.938931	0.442748	4.485126
-0.015381	-0.961426	0.213135	-5.511450	-2.816794	0.648855	4.494878
-0.016113	-0.961426	0.220703	-4.847328	-2.450382	0.160305	4.504338
-0.019287	-0.968506	0.223877	-5.496183	-1.961832	-0.381679	4.515338
-0.020508	-0.964111	0.226318	-4.916031	-1.580153	-1.335878	4.525772
-0.025635	-0.953125	0.223389	-4.267176	-1.549618	-0.938931	4.535457
-0.016357	-0.934814	0.212402	-3.419847	-0.603053	-0.091603	4.546332
-0.018311	-0.933838	0.206055	-3.396947	0.770992	0.656489	4.556420
-0.021729	-0.937256	0.213867	-3.061069	1.374046	2.122137	4.566887
-0.030518	-0.946289	0.216797	-2.931298	0.412214	3.648855	4.576786
-0.022217	-0.946289	0.204590	-2.862595	-0.030534	5.175573	4.587367
-0.011963	-0.967529	0.210449	-3.038168	0.534351	6.175573	4.598078
-0.023926	-0.986084	0.211426	-2.816794	0.603053	5.893130	4.608393
-0.015869	-1.002686	0.225098	-1.809160	0.740458	5.572519	4.617918
-0.014893	-0.991699	0.226562	-1.198473	0.893130	3.625954	4.628306
-0.024902	-0.980957	0.221191	-1.045802	2.435115	2.702290	4.638502
-0.029541	-0.978516	0.238037	-2.129771	2.625954	2.129771	4.648967
-0.039551	-0.978027	0.250000	-2.687023	1.633588	1.259542	4.658592
-0.037109	-0.978271	0.261963	-3.015267	-0.786260	1.007634	4.669233
-0.032227	-0.992920	0.245605	-3.671756	-2.404580	-0.603053	4.680051
-0.027100	-0.981934	0.230225	-3.557252	-2.358779	-1.076336	4.689948
-0.031250	-0.956787	0.221680	-3.839695	-2.511450	-0.381679	4.699710
-0.029785	-0.964355	0.217041	-4.160305	-2.221374	0.541985	4.709154
-0.023682	-0.962646	0.219727	-3.740458	-1.770992	1.000000	4.720012
-0.019531	-0.972168	0.225830	-3.740458	-1.206107	0.694656	4.730435
-0.028076	-0.971924	0.218506	-3.809160	-0.404580	0.236641	4.740576
-0.023193	-0.969971	0.214355	-4.381679	-0.412214	0.351145	4.750276
-0.018799	-0.974121	0.223633	-4.870229	-0.839695	0.358779	4.761276
-0.018066	-0.981445	0.216309	-4.992366	-0.183206	-0.519084	4.771667
-0.020264	-0.977051	0.222168	-5.328244	0.358779	-1.473282	4.781608
-0.034912	-0.974609	0.235352	-4.198473	-0.267176	-1.404580	4.791701
-0.026611	-0.976562	0.229004	-2.641221	-0.068702	-1.061069	4.801560
-0.029297	-0.956055	0.221436	-1.435115	-0.900763	-0.488550	4.811192
-0.026611	-0.943115	0.215088	-2.450382	-0.564885	0.946565	4.820735
-0.022949	-0.954834	0.225586	-2.488550	0.854962	1.198473	4.830637
-0.024658	-0.969727	0.241455	-3.167939	0.740458	0.580153	4.841967
-0.023438	-0.965088	0.238770	-3.053435	-1.114504	0.282443	4.851672
-0.027100	-0.965088	0.237061	-2.412214	-1.954198	0.282443	4.861347
-0.027100	-0.954834	0.225098	-2.022901	-1.465649	-0.381679	4.872520
-0.023438	-0.951904	0.230957	-1.648855	-0.557252	-0.656489	4.882938
-0.022949	-0.952393	0.227783	-1.809160	-0.290076	-0.145038	4.892590
-0.029053	-0.946289	0.236816	-1.473282	-0.167939	0.374046	4.902299
-0.030029	-0.947021	0.215332	-1.511450	-0.267176	1.274809	4.911874
-0.025146	-0.955811	0.231689	-0.984733	-0.885496	1.709924	4.926701
-0.022461	-0.959473	0.217773	-1.152672	-1.083969	1.404580	4.936237
-0.022461	-0.957031	0.231445	-1.633588	-0.633588	1.190840	4.946385
-0.027588	-0.950928	0.222900	-1.618321	-0.847328	1.175573	4.956095
-0.020264	-0.952148	0.217041	-2.274809	-0.374046	1.167939	4.966925
-0.021729	-0.962646	0.220947	-2.488550	0.099237	1.473282	4.977494
-0.030029	-0.957520	0.234863	-2.832061	-0.045802	0.961832	4.987070
-0.025146	-0.956055	0.227051	-2.580153	-0.236641	0.641221	4.997097
-0.029541	-0.965088	0.223145	-3.419847	0.099237	0.061069	5.008142
-0.021729	-0.960938	0.232666	-3.557252	-0.122137	-0.404580	5.018454
-0.024170	-0.950928	0.221191	-2.770992	0.297710	0.038168	5.027945
-0.028076	-0.949951	0.222168	-2.572519	0.251908	0.954198	5.038228
-0.026367	-0.954590	0.223877	-2.511450	-0.267176	1.366412	5.048577
-0.022461	-0.951416	0.222412	-2.694656	-0.251908	1.450382	5.059006
-0.026367	-0.950684	0.222656	-2.748092	-0.297710	1.374046	5.068641
-0.024902	-0.959229	0.223389	-2.541985	-0.679389	1.694656	5.079394
-0.014648	-0.968750	0.219727	-2.603053	-0.190840	1.618321	5.089612
-0.021973	-0.979980	0.223145	-2.305344	0.183206	1.473282	5.099468
-0.022217	-0.969482	0.219482	-1.778626	0.541985	1.053435	5.109068
-0.017334	-0.958984	0.217041	-1.229008	1.190840	1.000000	5.118761
-0.022217	-0.951904	0.220703	-1.251908	1.541985	0.862595	5.129883
-0.030518	-0.968262	0.235107	-1.312977	1.213740	1.221374	5.139873
-0.030518	-0.942627	0.230225	-1.832061	0.480916	1.396947	5.149452
-0.028320	-0.944824	0.230225	-3.206107	-0.351145	2.694656	5.160396
-0.023682	-0.943115	0.225830	-5.442748	-1.198473	3.213740	5.171074
-0.031006	-0.970459	0.237793	-7.816794	-1.778626	2.946565	5.180562
-0.019531	-0.991943	0.235352	-6.198473	-1.328244	0.992366	5.191208
-0.022705	-0.985107	0.230469	-6.061069	-1.862595	-1.305344	5.202100
-0.023682	-0.965820	0.230713	-5.885496	-2.442748	-1.587786	5.212462
-0.029297	-0.955566	0.216797	-5.923664	-2.236641	-0.435115	5.221964
-0.025635	-0.968994	0.226074	-5.290076	-1.427481	1.129771	5.232812
-0.020508	-0.974121	0.218750	-5.198473	-0.503817	1.320611	5.243267
-0.025635	-0.988525	0.229248	-4.534351	0.328244	1.183206	5.253468
-0.024414	-0.989258	0.228027	-3.351145	0.290076	1.152672	5.262833
-0.020752	-0.994629	0.233154	-2.206107	0.206107	0.519084	5.274140
-0.021729	-0.976318	0.225830	-1.793893	0.549618	0.190840	5.284611
-0.024170	-0.976318	0.227295	-2.450382	0.549618	0.122137	5.294285
-0.029297	-0.976074	0.238037	-2.763359	0.595420	-0.099237	5.304367
-0.025146	-0.971680	0.226562	-3.786260	0.267176	0.435115	5.315634
-0.023193	-0.984863	0.233154	-4.122137	0.587786	0.198473	5.325966
-0.029785	-0.987793	0.242920	-3.557252	0.374046	-0.137405	5.335594
-0.021973	-0.984375	0.248535	-3.641221	-0.648855	-0.923664	5.344981
-0.035400	-0.986084	0.252197	-2.335878	-0.603053	-2.022901	5.356518
-0.026611	-0.976074	0.236572	-0.740458	1.946565	-2.366412	5.366926
-0.031738	-0.955566	0.228271	-1.595420	0.167939	-2.435115	5.376548
-0.033936	-0.948242	0.231445	-3.244275	1.396947	-1.809160	5.386450
-0.033936	-0.961182	0.235352	-3.122137	1.412214	-1.511450	5.397544
-0.031982	-0.974854	0.233887	-3.351145	0.664122	-0.938931	5.408001
-0.023193	-0.966553	0.227051	-2.458015	-0.320611	-0.824427	5.417651
-0.022705	-0.950684	0.228760	-1.358779	-0.122137	-0.511450	5.428088
-0.023193	-0.949951	0.230713	-1.297710	1.000000	-0.122137	5.438307
-0.025635	-0.964111	0.225098	-1.854962	-0.183206	-0.083969	5.447725
-0.015137	-0.952148	0.228271	-1.900763	-0.083969	-0.488550	5.457294
-0.017578	-0.947021	0.216553	-1.282443	1.007634	-0.320611	5.468042
-0.025146	-0.947510	0.228027	-1.458015	1.015267	-1.229008	5.478264
-0.030029	-0.929932	0.227295	-3.229008	0.312977	-1.984733	5.488385
-0.024902	-0.922607	0.219238	-5.000000	-0.381679	-2.267176	5.498898
-0.023682	-0.922607	0.210693	-6.076336	0.244275	-2.167939	5.509252
-0.033691	-0.916748	0.215820	-6.580153	-1.030534	-1.183206	5.518680
-0.032959	-0.931641	0.228271	-4.847328	-1.213740	-0.007634	5.528887
-0.023682	-0.951660	0.211914	-4.290076	-1.007634	0.885496	5.539232
-0.019043	-0.943604	0.217285	-5.038168	0.213740	-0.328244	5.549398
-0.019287	-0.937256	0.229004	-4.832061	-0.274809	0.450382	5.559001
-0.023926	-0.953369	0.228271	-3.244275	0.152672	1.618321	5.568909
-0.017090	-0.949463	0.218018	-2.625954	0.366412	1.793893	5.579813
-0.020264	-0.929932	0.205566	-2.442748	0.824427	2.343511	5.589812
-0.022461	-0.933105	0.229004	-5.175573	1.053435	2.404580	5.599308
-0.023926	-0.963135	0.250732	-5.328244	-0.114504	1.908397	5.610196
-0.018311	-0.974365	0.229736	-4.961832	-0.541985	0.183206	5.620264
