0.950439	0.355469	-0.274902	-5.732824	-0.450382	1.022901	0.004654
0.951416	0.371582	-0.267334	-6.610687	0.030534	1.458015	0.014569
0.945312	0.360596	-0.283936	-6.129771	-0.549618	1.282443	0.024408
0.952393	0.355957	-0.285400	-6.732824	-0.740458	1.244275	0.034322
0.947510	0.362305	-0.295410	-5.465649	0.076336	0.984733	0.046241
0.939697	0.362061	-0.299316	-3.603053	-0.053435	0.786260	0.057627
0.937256	0.354004	-0.306885	-2.404580	0.786260	0.839695	0.069879
0.936768	0.357422	-0.311523	-1.274809	1.175573	1.000000	0.081566
0.940430	0.343994	-0.319092	-0.748092	1.694656	0.992366	0.092125
0.931396	0.335693	-0.308105	-1.236641	1.908397	1.381679	0.102470
0.932861	0.326904	-0.291504	-0.091603	2.312977	0.839695	0.113015
0.942871	0.337402	-0.283447	-2.274809	2.793893	1.045802	0.123057
0.935547	0.343994	-0.296875	-2.900763	2.893130	0.694656	0.133566
0.927979	0.336182	-0.293945	-2.198473	3.381679	0.015267	0.143077
0.934082	0.338135	-0.295166	-5.832061	4.213740	0.396947	0.152336
0.937256	0.341797	-0.296875	-2.839695	6.061069	0.274809	0.162162
0.920898	0.337402	-0.286377	-1.763359	4.709924	-0.282443	0.172748
0.929932	0.337891	-0.298340	-3.305344	4.328244	-0.229008	0.183427
0.922852	0.329102	-0.289062	-5.755725	4.076336	-0.297710	0.193659
0.913818	0.297852	-0.310059	-5.206107	1.702290	-0.847328	0.204057
0.934082	0.342529	-0.289062	-3.229008	1.404580	-1.106870	0.214491
0.945068	0.345703	-0.281494	-7.755725	1.381679	-1.328244	0.224829
0.954346	0.350098	-0.288818	-7.740458	1.450382	-2.404580	0.235272
0.938721	0.329346	-0.266602	-11.679389	2.366412	-2.488550	0.245480
0.940430	0.349609	-0.280762	-6.595420	0.389313	-3.404580	0.255928
0.956055	0.353027	-0.274170	-9.320611	1.809160	-2.427481	0.266019
0.937988	0.356445	-0.267578	-8.015267	2.328244	-3.328244	0.276410
0.975586	0.370850	-0.266846	-6.442748	2.465649	-4.564885	0.287101
0.943359	0.389648	-0.283691	-12.244275	0.519084	-3.251908	0.297440
0.964355	0.371338	-0.272461	-8.083969	-3.572519	-4.259542	0.308017
0.969727	0.377441	-0.281494	-10.450382	-5.244275	-3.312977	0.318527
0.972656	0.394043	-0.274170	-11.603053	-4.419847	-2.603053	0.328715
0.974609	0.388428	-0.263672	-11.625954	-5.473282	-2.725191	0.338967
0.975586	0.380371	-0.276855	-11.145038	-4.000000	-2.389313	0.349480
0.943848	0.375732	-0.286865	-10.320611	-1.992366	-2.404580	0.359952
0.940674	0.378662	-0.280762	-9.908397	-2.022901	-2.152672	0.370160
0.948486	0.381592	-0.284180	-7.900763	-0.847328	-1.931298	0.380495
0.942139	0.384766	-0.285645	-8.007634	-0.541985	-1.328244	0.391175
0.947021	0.383057	-0.284912	-8.519084	-0.748092	-0.824427	0.401571
0.961426	0.362793	-0.276855	-9.137405	1.648855	-0.465649	0.411856
0.949707	0.363037	-0.289062	-8.549618	3.549618	-0.213740	0.422211
0.943604	0.362061	-0.277832	-8.312977	3.931298	-0.190840	0.432833
0.958008	0.366455	-0.270752	-8.038168	6.694656	0.374046	0.442975
0.931396	0.351074	-0.292725	-7.511450	9.374046	1.358779	0.453402
0.931641	0.355225	-0.302246	-3.129771	7.312977	0.763359	0.463449
0.930420	0.353271	-0.301514	-3.328244	6.068702	2.015267	0.473729
0.936279	0.338135	-0.296875	-1.129771	5.381679	2.229008	0.484333
0.930420	0.332275	-0.310303	1.114504	5.083969	2.534351	0.494711
0.910645	0.330566	-0.297852	2.526718	4.709924	3.099237	0.504681
0.920410	0.355225	-0.315186	4.839695	2.923664	4.755725	0.515369
0.932129	0.325439	-0.268555	7.511450	3.770992	4.389313	0.525836
0.935303	0.316895	-0.288086	7.763359	3.664122	4.977099	0.536622
0.922607	0.329834	-0.288818	5.572519	1.725191	6.190840	0.546727
0.956787	0.343018	-0.282959	7.198473	1.839695	5.068702	0.557251
0.943115	0.360352	-0.274658	-0.938931	3.335878	4.725191	0.567382
0.957520	0.350098	-0.265869	-2.610687	1.610687	2.427481	0.577079
0.940674	0.372070	-0.275146	-2.374046	-0.908397	2.282443	0.587012
0.973877	0.337402	-0.266846	-0.977099	0.122137	0.687023	0.597203
0.986816	0.443604	-0.251465	-8.137405	2.541985	1.778626	0.607064
0.961182	0.383301	-0.282471	-6.328244	1.618321	-0.549618	0.617831
0.949219	0.351318	-0.278320	-8.480916	4.320611	-1.190840	0.628283
0.947510	0.333008	-0.285889	-4.412214	1.129771	-2.412214	0.638881
0.936035	0.331787	-0.280762	-5.648855	-1.343511	-2.145038	0.649686
0.947754	0.332764	-0.281006	-2.648855	0.541985	-2.526718	0.660441
0.941895	0.333740	-0.274414	-3.122137	-0.419847	-2.083969	0.670605
0.933838	0.330811	-0.283936	-1.374046	-2.389313	-2.099237	0.681402
0.957275	0.338623	-0.269043	-2.824427	-0.167939	-1.480916	0.691225
0.952637	0.360107	-0.253662	-2.534351	2.114504	-1.458015	0.701778
0.953857	0.349854	-0.269287	0.503817	2.442748	-1.404580	0.712381
0.965820	0.360107	-0.264160	-3.213740	3.564885	-0.458015	0.722629
0.974121	0.372803	-0.264893	-4.083969	3.816794	-1.213740	0.733350
0.967041	0.383301	-0.254395	-6.259542	2.152672	-1.244275	0.744484
0.969482	0.419678	-0.295410	-8.648855	1.740458	-0.061069	0.754746
0.975830	0.349365	-0.273926	-11.687023	2.923664	-0.893130	0.768120
1.000977	0.407959	-0.259277	-10.702290	1.732824	-1.595420	0.777725
0.977783	0.370117	-0.263184	-10.854962	-1.198473	-1.244275	0.788616
0.998779	0.392578	-0.251465	-11.015267	1.106870	-0.007634	0.798889
1.004395	0.402100	-0.270752	-13.847328	0.030534	1.190840	0.809261
0.975098	0.374268	-0.273926	-13.709924	1.648855	2.160305	0.819697
0.975098	0.391846	-0.264648	-15.221374	-0.343511	3.580153	0.830214
0.965332	0.375977	-0.256836	-15.022901	-3.007634	4.320611	0.840523
0.967041	0.380615	-0.248047	-11.893130	-3.610687	4.511450	0.850793
0.958496	0.381104	-0.255859	-15.297710	-1.312977	6.145038	0.861260
0.945557	0.364746	-0.247314	-14.862595	0.022901	5.923664	0.871271
0.952148	0.354004	-0.246582	-13.809160	0.816794	5.625954	0.882047
0.940918	0.329346	-0.228271	-15.175573	1.183206	4.900763	0.892362
0.950439	0.337158	-0.231445	-15.198473	1.564885	4.641221	0.902739
0.947754	0.348145	-0.259766	-15.618321	0.534351	4.778626	0.913218
0.927246	0.334473	-0.250488	-15.519084	-1.549618	5.190840	0.923533
0.943604	0.344971	-0.253418	-12.977099	-2.206107	4.519084	0.933900
0.944092	0.348145	-0.249512	-11.152672	-0.137405	4.717557	0.944250
0.943359	0.339355	-0.255859	-11.091603	0.221374	5.236641	0.954571
0.946289	0.335693	-0.282959	-12.801527	-0.206107	5.809160	0.965367
0.949219	0.348145	-0.258057	-11.076336	0.694656	5.679389	0.975603
0.950195	0.335938	-0.266602	-12.267176	1.801527	5.503817	0.985857
0.959229	0.344971	-0.262695	-12.763359	1.083969	5.511450	0.996495
0.961426	0.336914	-0.248291	-14.358779	0.496183	6.045802	1.006985
0.943848	0.333984	-0.241211	-15.816794	-1.045802	7.053435	1.017392
0.966064	0.313965	-0.233887	-13.625954	-0.465649	7.015267	1.027497
0.939453	0.345459	-0.254395	-21.068702	4.687023	10.839695	1.037002
0.929688	0.216553	-0.313721	-13.793893	-4.137405	8.190840	1.046392
0.975098	0.343018	-0.274170	-14.198473	1.206107	10.732824	1.055623
0.967285	0.359619	-0.267334	-24.000000	4.786260	12.992366	1.065676
0.952148	0.278564	-0.292969	-14.557252	1.595420	8.748092	1.075010
0.995117	0.304199	-0.251465	-12.122137	-1.587786	8.068702	1.085588
0.976562	0.260498	-0.279785	-12.267176	-3.343511	7.305344	1.095867
1.005615	0.287598	-0.266846	-16.610687	-2.015267	6.045802	1.106426
0.994629	0.284424	-0.281494	-25.328244	-6.259542	6.366412	1.116949
0.990967	0.298340	-0.234619	-18.549618	-5.030534	4.931298	1.127050
1.011719	0.264160	-0.228027	-13.908397	-4.412214	4.076336	1.137663
1.003418	0.285645	-0.213379	-13.206107	-4.671756	4.267176	1.148393
1.006348	0.150391	-0.067383	-15.473282	-8.312977	11.709924	1.158320
0.996338	0.311279	-0.247314	-8.992366	-8.083969	5.083969	1.169038
0.947021	0.235352	-0.309326	-9.862595	-10.122137	1.809160	1.179333
0.973145	0.344238	-0.237793	-11.106870	-6.916031	5.679389	1.188901
0.989258	0.340576	-0.271484	-8.511450	-4.725191	3.862595	1.199980
0.961914	0.330566	-0.332520	-11.183206	-6.679389	4.839695	1.210339
0.971924	0.394043	-0.317139	-12.213740	0.969466	8.167939	1.220220
0.953613	0.328613	-0.321045	-12.053435	3.854962	6.595420	1.230307
0.927490	0.338379	-0.332275	-8.709924	0.274809	6.671756	1.240684
0.946777	0.363525	-0.256104	-15.427481	-0.465649	12.450382	1.250906
0.919434	0.349609	-0.272949	-4.992366	-0.099237	9.458015	1.261485
0.910400	0.377441	-0.263428	-11.396947	3.290076	13.931298	1.272105
0.941895	0.341309	-0.235107	-4.259542	0.748092	7.083969	1.282276
0.850342	0.258301	-0.301758	3.580153	-0.053435	5.374046	1.293836
0.909180	0.334229	-0.296875	3.488550	-0.916031	2.916031	1.304239
0.895996	0.384033	-0.328857	0.984733	-1.610687	6.526718	1.314554
0.929932	0.336914	-0.267090	5.648855	3.045802	2.839695	1.325162
0.925293	0.315918	-0.281738	6.076336	2.068702	2.984733	1.335607
0.887451	0.214355	-0.298096	-2.549618	0.099237	7.206107	1.345282
0.932129	0.228027	-0.309814	0.549618	-0.709924	7.404580	1.354679
0.952148	0.234619	-0.290283	2.603053	-0.404580	5.954198	1.365221
0.941162	0.284912	-0.262451	4.732824	-3.488550	5.854962	1.374531
0.971191	0.274170	-0.246094	9.557252	-4.290076	4.587786	1.384899
0.994141	0.282227	-0.231934	3.442748	0.015267	4.877863	1.395359
0.984131	0.319580	-0.226074	2.274809	-1.778626	3.541985	1.405450
0.976318	0.282471	-0.239746	4.694656	-2.832061	-0.603053	1.415893
1.006836	0.266602	-0.257324	-0.061069	-1.458015	0.473282	1.426198
0.987793	0.300293	-0.258789	4.244275	-4.664122	-1.427481	1.436180
0.969971	0.293945	-0.268799	1.839695	-3.786260	0.061069	1.446826
0.980957	0.309814	-0.268555	7.175573	-5.061069	-1.389313	1.457264
0.955811	0.275879	-0.294922	8.740458	-6.305344	-2.610687	1.467356
0.951416	0.260742	-0.280518	9.160305	-7.251908	-1.877863	1.477585
0.960938	0.268555	-0.253906	13.625954	-7.679389	-3.717557	1.487730
0.924561	0.265381	-0.267090	14.038168	-7.603053	-5.038168	1.498021
0.927246	0.292725	-0.281982	17.801527	-6.702290	-5.717557	1.508683
0.936523	0.299072	-0.276611	18.923664	-5.183206	-5.992366	1.519014
0.922852	0.307129	-0.289551	17.030534	-4.793893	-6.351145	1.529532
0.968018	0.283203	-0.282959	14.137405	-6.923664	-7.022901	1.540013
0.964600	0.273438	-0.296631	11.511450	-6.809160	-7.137405	1.550260
0.967285	0.283203	-0.285400	10.068702	-6.106870	-7.854962	1.560414
0.973877	0.306885	-0.304199	6.641221	-2.946565	-7.694656	1.570800
0.952637	0.314941	-0.301758	2.083969	-0.381679	-5.961832	1.581190
0.958984	0.332031	-0.291016	2.816794	-0.167939	-4.282443	1.590850
0.946777	0.329102	-0.306152	4.335878	1.656489	-5.534351	1.601527
0.937256	0.342773	-0.312744	3.145038	-0.679389	-4.633588	1.612074
0.939941	0.336182	-0.326660	2.900763	-2.587786	-4.717557	1.621989
0.940186	0.328369	-0.325684	5.549618	-1.335878	-5.748092	1.631476
0.928467	0.339600	-0.321777	6.213740	2.442748	-6.541985	1.640742
0.933594	0.329102	-0.312988	3.442748	2.969466	-6.679389	1.649997
0.932129	0.333008	-0.310791	4.435115	2.603053	-7.175573	1.659137
0.939453	0.304688	-0.295166	5.412214	-0.732824	-7.557252	1.668798
0.954102	0.324707	-0.284912	5.267176	-5.709924	-7.671756	1.679049
0.979004	0.317627	-0.285645	2.725191	-6.099237	-7.198473	1.689537
0.973877	0.348145	-0.296143	2.938931	-5.335878	-7.206107	1.699728
0.940430	0.328613	-0.286865	4.732824	-6.167939	-7.969466	1.710142
0.962402	0.319580	-0.288818	4.740458	-6.251908	-8.465649	1.720576
0.962158	0.301514	-0.294678	5.358779	-7.755725	-10.351145	1.730813
0.929688	0.304688	-0.308594	6.732824	-6.305344	-10.335878	1.741287
0.892334	0.276611	-0.329346	3.969466	-7.816794	-9.229008	1.751434
0.976807	0.311279	-0.280518	4.954198	-6.076336	-8.908397	1.762022
0.952393	0.321045	-0.297363	7.778626	-6.419847	-9.145038	1.771990
0.946777	0.301514	-0.295166	3.038168	-5.839695	-7.603053	1.782635
0.960205	0.330811	-0.289307	-1.381679	0.328244	-4.900763	1.793526
0.955322	0.338623	-0.284180	0.679389	-0.244275	-5.977099	1.803007
0.938721	0.325684	-0.296143	-0.465649	-0.206107	-5.190840	1.813824
0.972656	0.343262	-0.304932	-7.175573	4.687023	-1.801527	1.824116
1.003418	0.338867	-0.296875	-5.244275	3.145038	-2.099237	1.834369
1.012695	0.334473	-0.318115	-3.251908	2.786260	-0.053435	1.845047
1.029297	0.351074	-0.357178	-1.938931	3.183206	2.633588	1.855432
1.058838	0.308838	-0.334229	-3.404580	-5.427481	3.938931	1.864984
1.005371	0.347168	-0.366211	-0.610687	-3.893130	5.679389	1.874485
0.968750	0.339355	-0.348145	0.076336	-4.251908	7.396947	1.885326
0.988525	0.319336	-0.368164	5.175573	-3.946565	5.122137	1.895322
0.971436	0.291504	-0.382080	-0.305344	5.091603	6.641221	1.906399
0.955811	0.286865	-0.374756	0.916031	6.488550	5.427481	1.917033
0.963135	0.283447	-0.347412	-1.725191	3.473282	6.335878	1.927286
0.959717	0.298828	-0.325195	-8.923664	3.473282	8.045802	1.938243
0.957275	0.294678	-0.301758	-11.931298	2.305344	8.068702	1.948645
0.983887	0.312744	-0.293457	-9.885496	-0.267176	6.396947	1.958734
0.977539	0.326660	-0.286621	-13.992366	1.717557	5.862595	1.969006
0.962158	0.304199	-0.273438	-17.664122	2.053435	5.251908	1.978476
0.953125	0.286865	-0.269775	-14.679389	-0.564885	2.282443	1.989580
0.940918	0.282715	-0.285156	-15.251908	-2.198473	1.129771	1.999241
0.938232	0.284912	-0.282227	-11.847328	-0.465649	-2.648855	2.010248
0.916016	0.284180	-0.302979	-12.435115	0.022901	-4.244275	2.020718
0.896240	0.279785	-0.293213	-8.625954	-2.908397	-6.297710	2.031161
0.920898	0.275146	-0.316162	-5.015267	-1.282443	-6.709924	2.041698
0.917725	0.263428	-0.306396	-1.244275	-2.099237	-5.893130	2.051890
0.889404	0.272217	-0.340820	9.129771	-6.770992	-7.328244	2.062324
0.915527	0.271240	-0.335693	11.847328	-9.358779	-6.755725	2.072458
0.948975	0.282959	-0.334229	12.931298	-7.076336	-5.908397	2.082763
0.922607	0.280518	-0.356934	13.358779	-7.343511	-5.213740	2.093137
0.910400	0.296875	-0.336182	8.671756	-11.290076	-3.122137	2.103210
0.922119	0.288574	-0.355225	11.595420	-12.396947	-2.832061	2.113572
0.931641	0.310303	-0.347900	12.954198	-9.717557	-2.351145	2.123730
0.953369	0.313477	-0.336670	3.748092	-5.740458	-0.465649	2.134075
0.951660	0.302490	-0.348877	3.351145	-2.396947	-1.732824	2.144534
0.954346	0.285645	-0.351562	2.290076	-2.229008	-2.312977	2.154627
0.961914	0.288330	-0.365723	-1.290076	-1.129771	-1.671756	2.165247
0.959229	0.299561	-0.389404	-2.022901	-2.908397	-0.450382	2.175663
0.979004	0.302490	-0.388428	-6.152672	-4.007634	1.541985	2.185858
0.979004	0.295410	-0.377930	-5.091603	-6.106870	2.122137	2.196128
0.965576	0.307373	-0.377441	-6.687023	-11.114504	3.847328	2.206391
0.935791	0.309570	-0.368652	-7.083969	-9.946565	4.992366	2.216880
0.953613	0.297119	-0.353516	-3.083969	-4.778626	1.900763	2.227198
0.917480	0.295898	-0.358643	-4.366412	-2.061069	0.786260	2.237628
0.891357	0.281006	-0.357666	-3.236641	-5.351145	-0.183206	2.247348
0.911865	0.278809	-0.353760	-1.000000	-9.000000	-0.015267	2.257281
0.912354	0.256836	-0.383057	2.519084	-12.106870	-0.061069	2.267349
0.912354	0.261963	-0.371582	8.770992	-15.587786	-0.114504	2.277472
0.926025	0.240234	-0.376221	12.862595	-15.114504	1.793893	2.288265
0.910889	0.243164	-0.398438	15.748092	-10.625954	2.908397	2.298316
0.904541	0.254395	-0.401367	17.969466	-8.908397	3.335878	2.308016
0.924805	0.256348	-0.422852	19.977099	-13.236641	3.267176	2.317844
0.919922	0.301025	-0.372314	21.038168	-9.236641	4.496183	2.329145
0.903320	0.289795	-0.390625	22.961832	-7.145038	4.496183	2.339416
0.958008	0.262207	-0.369629	23.183206	-7.145038	3.595420	2.349780
0.944824	0.281738	-0.402832	17.557252	-4.633588	3.854962	2.360226
0.961914	0.308838	-0.385010	16.534351	-5.122137	1.992366	2.370613
1.008789	0.312256	-0.398682	16.603053	-2.877863	1.297710	2.380705
0.971680	0.347900	-0.421875	7.770992	3.122137	3.564885	2.391234
0.967285	0.310791	-0.409668	8.007634	3.091603	-0.824427	2.401553
0.960449	0.321045	-0.422607	5.664122	4.450382	-0.900763	2.411595
0.946289	0.292480	-0.424072	6.129771	8.938931	-3.267176	2.422122
0.956787	0.328125	-0.424561	3.511450	9.022901	-3.007634	2.432020
0.971436	0.311523	-0.443359	4.587786	11.809160	-1.541985	2.442916
0.990723	0.325439	-0.380127	8.679389	12.832061	-3.297710	2.453531
0.938721	0.309570	-0.399414	10.618321	9.732824	-2.396947	2.463894
0.929199	0.311768	-0.394531	10.152672	7.343511	-0.671756	2.474271
0.919434	0.387451	-0.424072	16.473282	10.167939	-0.625954	2.484670
0.878662	0.331787	-0.416260	12.503817	10.450382	2.213740	2.495152
0.876953	0.297119	-0.379395	16.061069	6.832061	-0.007634	2.504582
0.908203	0.334717	-0.388916	17.488550	9.045802	-0.114504	2.513990
0.879639	0.274414	-0.419434	14.183206	3.656489	1.114504	2.523427
0.933105	0.294434	-0.378662	13.175573	2.183206	1.290076	2.532943
0.958496	0.280518	-0.370361	10.290076	5.435115	0.839695	2.542508
0.964600	0.292725	-0.331543	7.015267	4.931298	0.870229	2.553786
0.992676	0.311279	-0.356445	4.068702	6.290076	0.961832	2.563457
0.979248	0.306396	-0.355469	0.778626	8.946565	-0.076336	2.573319
0.972900	0.304443	-0.346924	-3.816794	9.305344	-0.877863	2.583834
0.965576	0.285400	-0.358643	-3.229008	11.603053	-2.221374	2.594875
0.953125	0.303955	-0.375732	-2.809160	10.145038	-4.351145	2.605239
0.980225	0.301270	-0.333252	-0.725191	7.687023	-6.541985	2.615487
0.986328	0.300781	-0.328369	0.862595	7.091603	-7.320611	2.625709
0.973389	0.302490	-0.327393	2.984733	7.152672	-8.022901	2.636212
0.977539	0.310303	-0.345459	4.847328	7.671756	-8.854962	2.646668
0.964600	0.304443	-0.351074	6.358779	8.396947	-9.190840	2.656983
0.950195	0.293945	-0.330322	7.015267	6.961832	-9.274809	2.667282
0.931885	0.294922	-0.321045	7.809160	5.954198	-9.381679	2.677399
0.913330	0.298828	-0.306152	9.167939	6.343511	-9.664122	2.687984
0.911133	0.316162	-0.291504	8.351145	7.496183	-9.908397	2.698338
0.914062	0.332520	-0.271729	5.274809	9.251908	-10.061069	2.708592
0.923828	0.361816	-0.291504	1.129771	11.709924	-9.946565	2.718627
0.941406	0.380859	-0.315674	-4.183206	14.748092	-11.694656	2.729405
0.943848	0.372803	-0.335205	-5.511450	17.786260	-11.412214	2.741015
0.939209	0.367676	-0.351074	-10.213740	19.045802	-10.793893	2.753030
0.957275	0.369385	-0.340332	-10.442748	17.038168	-10.129771	2.763563
0.972168	0.378662	-0.338379	-14.053435	16.541985	-9.274809	2.773534
0.975098	0.401367	-0.319336	-12.427481	16.251908	-9.801527	2.783815
0.968750	0.416992	-0.327393	-17.801527	14.664122	-8.496183	2.794079
1.001709	0.413574	-0.296387	-27.847328	14.687023	-7.992366	2.804403
1.014160	0.451172	-0.270508	-34.862595	16.427481	-8.061069	2.814664
1.008301	0.419922	-0.301270	-39.625954	25.763359	-6.000000	2.824891
1.025635	0.417236	-0.278564	-40.541985	30.442748	-6.717557	2.835296
1.007080	0.439697	-0.235596	-42.786260	30.854962	-6.396947	2.844746
1.042969	0.437500	-0.241943	-44.885496	24.564885	-5.305344	2.854444
1.061523	0.405762	-0.298828	-46.480916	25.297710	-7.251908	2.864414
1.006836	0.389893	-0.285156	-49.358779	27.167939	-5.900763	2.874115
1.029053	0.367432	-0.217041	-43.122137	25.671756	-7.114504	2.883878
1.017334	0.354004	-0.226318	-40.961832	17.236641	-7.496183	2.895703
0.951416	0.369873	-0.257080	-41.335878	17.473282	-4.824427	2.906246
0.968018	0.362793	-0.252930	-43.106870	11.335878	-4.221374	2.916384
0.953369	0.338379	-0.243408	-37.900763	2.480916	-5.076336	2.926558
0.939941	0.352295	-0.255859	-29.992366	9.190840	-4.198473	2.937248
0.958984	0.276123	-0.259766	-33.656489	14.816794	-1.312977	2.947623
0.939941	0.345703	-0.267334	-28.702290	14.488550	-0.099237	2.958549
0.916504	0.300537	-0.293945	-28.992366	15.190840	2.671756	2.968728
0.930664	0.343750	-0.263916	-30.549618	15.916031	4.816794	2.979123
0.940430	0.334717	-0.290527	-28.343511	13.824427	4.465649	2.989581
0.976074	0.298096	-0.288818	-18.488550	12.213740	3.572519	2.999961
0.969482	0.345947	-0.264404	-27.564885	13.000000	8.984733	3.010587
0.951660	0.349854	-0.225342	-27.267176	10.091603	11.007634	3.020631
0.996826	0.312256	-0.250977	-25.152672	9.015267	10.778626	3.030894
0.973877	0.302246	-0.245850	-29.931298	11.755725	11.419847	3.041532
0.949951	0.241699	-0.236572	-28.854962	12.694656	12.244275	3.052060
0.963135	0.305664	-0.216064	-30.038168	15.450382	13.984733	3.062688
0.973877	0.285645	-0.231445	-26.282443	17.122137	13.770992	3.072900
0.947266	0.277588	-0.241943	-32.725191	11.763359	17.190840	3.083369
0.981689	0.257568	-0.228027	-21.274809	7.022901	13.900763	3.093644
0.985107	0.228027	-0.222168	-22.862595	5.145038	16.526718	3.104047
0.993408	0.303223	-0.230713	-24.969466	3.893130	18.282443	3.114418
0.987305	0.275146	-0.262451	-22.122137	1.778626	18.396947	3.124682
1.031494	0.296631	-0.191162	-22.328244	1.801527	22.694656	3.135156
0.997070	0.347656	-0.202637	-21.129771	-2.900763	26.290076	3.144656
1.037354	0.325928	-0.239502	-18.893130	-4.832061	30.190840	3.155073
1.044678	0.298828	-0.201660	-25.274809	-3.633588	36.000000	3.166120
1.049805	0.355225	-0.221191	-28.282443	-9.595420	36.007634	3.176577
1.047852	0.319092	-0.310303	-28.000000	-14.885496	38.076336	3.186882
1.020020	0.256836	-0.169678	-27.725191	-9.877863	37.580153	3.197698
0.951172	0.161377	-0.170166	-30.877863	-2.862595	36.267176	3.208638
0.950195	0.151855	-0.177246	-21.984733	-4.503817	34.290076	3.219035
0.927734	0.223145	-0.194580	-22.725191	-10.717557	38.916031	3.229355
0.978760	0.241455	-0.248291	-17.244275	-10.358779	35.419847	3.239782
0.979248	0.298340	-0.273926	-13.122137	-8.396947	39.480916	3.250314
1.016357	0.287109	-0.243408	-5.725191	-3.381679	41.488550	3.260560
0.933105	0.300781	-0.167480	-10.633588	4.977099	43.458015	3.271030
0.882324	0.347900	-0.168945	-13.236641	3.343511	42.374046	3.281207
0.921631	0.247314	-0.147949	-19.480916	2.580153	43.679389	3.291790
0.920898	0.179688	-0.114990	-15.511450	-1.572519	39.748092	3.302235
0.942139	0.236084	-0.107910	-24.877863	-6.259542	42.465649	3.312504
0.993652	0.234131	-0.126709	-25.259542	-12.122137	38.229008	3.322696
0.994141	0.259277	-0.169922	-25.961832	-14.343511	38.931298	3.332807
1.039307	0.219971	-0.234131	-25.580153	-8.847328	40.274809	3.343132
1.023926	0.164062	-0.238037	-23.923664	-6.442748	39.274809	3.353730
0.992920	0.196777	-0.233887	-14.984733	-4.045802	38.038168	3.364094
0.995361	0.178711	-0.247559	-11.007634	-3.282443	37.832061	3.374516
0.963135	0.169189	-0.233643	-10.419847	-1.236641	34.717557	3.384699
0.992676	0.210205	-0.241943	-14.885496	-2.427481	37.213740	3.394839
0.991699	0.182617	-0.220215	-18.068702	0.290076	37.030534	3.405612
1.025879	0.187500	-0.217773	-18.740458	2.984733	31.793893	3.415871
1.060303	0.208984	-0.189941	-23.366412	12.511450	27.656489	3.426032
1.020996	0.188232	-0.169922	-20.496183	22.160305	23.320611	3.436201
0.940430	0.273926	-0.233887	-24.885496	26.755725	20.145038	3.446594
0.939697	0.237305	-0.172607	-32.664122	18.206107	25.083969	3.456930
0.852295	0.072998	-0.228760	-34.335878	-19.351145	31.480916	3.467317
1.044434	-0.003174	-0.203369	-38.694656	-21.519084	37.870229	3.477873
0.989502	0.052246	-0.197998	-34.152672	-16.595420	33.862595	3.489475
1.007568	0.029053	-0.207031	-21.801527	-1.145038	29.366412	3.500618
0.985107	0.027832	-0.231689	-16.725191	-3.435115	27.038168	3.511144
0.968994	0.039551	-0.215576	-7.969466	-7.160305	23.687023	3.521411
1.001709	0.035645	-0.229248	-12.106870	-7.961832	22.877863	3.531272
0.972412	0.068359	-0.232422	-8.328244	-13.679389	19.061069	3.541471
1.033447	0.049316	-0.223877	-9.213740	-18.427481	16.961832	3.551344
1.016602	0.063965	-0.232666	-12.442748	-15.679389	16.702290	3.561700
1.018066	0.062988	-0.223877	-7.977099	-5.534351	15.122137	3.572238
1.008301	0.092285	-0.221680	-6.801527	7.412214	11.961832	3.582446
0.971680	0.096680	-0.234375	-3.236641	10.893130	11.351145	3.592650
0.918213	0.157471	-0.223633	-6.145038	13.129771	8.702290	3.603081
0.879883	0.103271	-0.265137	-5.519084	-0.969466	9.923664	3.613422
0.910400	0.105469	-0.253174	-6.282443	-9.496183	9.511450	3.623732
0.985840	0.074951	-0.247070	-10.412214	-5.969466	8.938931	3.634036
0.995850	0.050781	-0.248291	-5.748092	-8.412214	5.244275	3.643954
1.024170	0.041260	-0.248535	-3.847328	-6.435115	4.396947	3.654676
1.020508	0.036621	-0.250977	-3.374046	-2.862595	2.908397	3.664887
1.024658	0.039795	-0.245605	-5.450382	1.053435	1.755725	3.675295
1.012695	0.023926	-0.235107	-4.038168	3.435115	0.030534	3.685632
1.016113	0.049072	-0.223389	-0.946565	1.038168	-2.297710	3.696230
1.001709	0.064697	-0.247314	-6.381679	-5.992366	-1.274809	3.706815
1.043701	0.055420	-0.220459	-7.633588	-10.763359	-2.312977	3.716993
1.004639	0.030762	-0.239258	-5.816794	-14.381679	-4.167939	3.727392
1.005615	0.048096	-0.243896	-7.381679	-12.656489	-2.442748	3.736971
0.995117	0.037354	-0.242432	-1.412214	-14.198473	-5.854962	3.746458
1.095215	-0.043701	-0.245361	-0.725191	-10.717557	-5.145038	3.757635
1.000977	0.012939	-0.240723	6.648855	-18.145038	-9.137405	3.767957
1.010010	0.052734	-0.229736	5.946565	-14.908397	-8.725191	3.778243
1.028320	0.055176	-0.243896	3.152672	-10.465649	-8.931298	3.787665
0.990234	0.000000	-0.268555	9.496183	-14.885496	-12.877863	3.797381
1.039307	0.016357	-0.272217	12.007634	-14.129771	-14.198473	3.808872
0.988770	0.046387	-0.275146	11.412214	-13.793893	-13.610687	3.819235
0.973877	0.068115	-0.295654	12.152672	-13.992366	-12.511450	3.830485
0.995605	0.035156	-0.282715	12.633588	-12.419847	-11.076336	3.840819
0.988770	0.022705	-0.289062	20.312977	-12.267176	-11.748092	3.850998
0.988525	0.085205	-0.296631	16.419847	-10.114504	-10.328244	3.861458
0.994873	0.083252	-0.288818	16.099237	-10.061069	-9.114504	3.871957
1.000000	0.101562	-0.305908	16.267176	-11.809160	-8.671756	3.882438
1.001221	0.072510	-0.301758	14.305344	-13.526718	-5.931298	3.892836
1.001953	0.090820	-0.302246	17.068702	-14.793893	-5.946565	3.903277
1.000488	0.160156	-0.278076	18.732824	-16.625954	-6.190840	3.913614
0.964355	0.083984	-0.298584	16.328244	-17.122137	-1.442748	3.923245
0.950928	0.093506	-0.308105	13.488550	-8.160305	0.854962	3.934056
0.966064	0.080322	-0.305664	19.557252	-5.824427	-1.412214	3.944340
0.909424	0.046875	-0.312256	14.610687	-11.458015	0.244275	3.954686
0.951416	0.073975	-0.313721	19.221374	-12.053435	-1.137405	3.964980
0.960693	0.041260	-0.343018	16.351145	-10.694656	0.312977	3.975355
0.925293	0.008545	-0.337158	20.824427	-14.984733	-1.030534	3.985842
1.005127	0.052002	-0.342773	21.068702	-13.396947	1.229008	3.996273
0.983398	0.067139	-0.344482	20.763359	-15.473282	4.038168	4.006583
0.990723	0.054688	-0.350830	26.938931	-17.396947	5.076336	4.017038
1.051758	0.073975	-0.315918	27.206107	-14.580153	6.824427	4.027051
1.057129	0.105713	-0.341309	21.183206	-14.732824	8.641221	4.037530
1.069580	0.049072	-0.342529	21.801527	-20.603053	6.366412	4.047493
1.141113	0.070068	-0.322021	20.969466	-21.137405	4.969466	4.057846
1.122559	0.068848	-0.328613	11.198473	-16.015267	7.625954	4.068166
1.102051	0.088135	-0.312744	12.587786	-10.854962	4.938931	4.078520
1.089111	0.096680	-0.342529	14.687023	-6.893130	1.816794	4.088949
1.031738	0.070557	-0.327881	8.946565	-8.839695	2.251908	4.099267
1.010742	0.059082	-0.340576	14.297710	-12.167939	-0.282443	4.109593
1.006836	0.067139	-0.338623	17.259542	-12.916031	-0.167939	4.119818
0.989990	0.075439	-0.342773	20.091603	-12.755725	0.213740	4.129790
0.973877	0.077637	-0.331787	25.236641	-16.099237	-0.908397	4.140343
0.939941	0.063232	-0.324707	25.206107	-17.717557	1.450382	4.150598
0.959229	0.087646	-0.357178	28.022901	-12.564885	0.000000	4.160854
0.970947	0.135010	-0.347412	30.137405	-10.473282	4.687023	4.170966
1.000977	0.133789	-0.371094	28.908397	-5.320611	9.198473	4.181318
0.963135	0.091553	-0.381104	26.656489	-4.076336	11.106870	4.191545
0.951172	0.014648	-0.441162	25.580153	-7.114504	12.877863	4.202086
0.930908	0.038086	-0.421631	25.152672	-9.007634	13.587786	4.212443
0.914795	0.037109	-0.428955	20.778626	-5.717557	14.236641	4.222743
0.898438	0.004395	-0.388428	17.145038	-10.412214	13.839695	4.233073
0.925781	-0.003418	-0.375488	12.984733	-17.267176	15.229008	4.243426
0.940918	0.005615	-0.356445	12.854962	-21.610687	15.740458	4.253599
0.988037	0.029053	-0.395020	20.305344	-19.587786	16.114504	4.263979
0.989014	0.036621	-0.371826	17.633588	-15.519084	17.816794	4.274372
0.976074	0.029541	-0.362305	16.488550	-9.595420	19.786260	4.284559
0.927002	0.017090	-0.303955	18.213740	0.320611	17.679389	4.295095
0.911377	0.046143	-0.404541	17.458015	-2.458015	21.152672	4.305576
0.929688	0.062256	-0.357422	12.854962	2.366412	20.190840	4.315834
0.918457	0.037842	-0.362061	18.152672	-1.351145	20.206107	4.326114
0.935303	-0.017334	-0.415771	9.404580	-6.717557	22.755725	4.336422
1.011963	-0.019775	-0.406494	16.816794	-17.007634	20.335878	4.346519
1.081299	-0.030273	-0.359619	14.297710	-19.221374	17.587786	4.356718
1.082031	-0.078369	-0.439941	11.503817	-18.458015	20.633588	4.367027
1.084961	-0.056396	-0.438965	15.908397	-17.335878	17.007634	4.376608
1.105469	-0.097412	-0.434814	19.404580	-15.717557	13.312977	4.387089
1.018311	-0.113037	-0.396484	19.328244	-11.099237	10.946565	4.397384
0.986816	-0.076172	-0.356445	16.267176	-8.435115	7.312977	4.408229
1.030518	-0.076172	-0.336426	20.870229	-9.206107	2.564885	4.418415
0.942139	-0.027100	-0.324951	11.763359	-4.022901	2.717557	4.428248
1.074219	0.033691	-0.341553	14.969466	-9.725191	3.335878	4.437682
1.102539	0.037598	-0.328613	11.083969	-4.526718	4.839695	4.448958
1.086670	0.045898	-0.380371	6.610687	-0.076336	6.320611	4.459428
1.082520	0.004639	-0.468018	10.488550	-1.244275	7.061069	4.470024
1.057861	-0.050293	-0.516113	5.725191	3.129771	11.045802	4.480410
1.039307	-0.080811	-0.491699	13.870229	4.770992	10.312977	4.490764
1.041504	-0.146240	-0.422363	15.557252	1.297710	9.900763	4.501421
1.023926	-0.132568	-0.426025	20.633588	-2.274809	7.152672	4.511764
1.010010	-0.102783	-0.390137	18.358779	-3.885496	6.992366	4.522078
1.027832	-0.069580	-0.379395	14.709924	-4.290076	5.923664	4.532490
1.052246	-0.075195	-0.358643	10.106870	-2.847328	6.679389	4.542674
1.054688	-0.050049	-0.358887	7.526718	1.969466	6.931298	4.553059
1.044922	-0.066650	-0.389893	4.633588	3.801527	8.083969	4.563287
1.048828	-0.086914	-0.387451	4.015267	4.954198	7.816794	4.573670
1.045166	-0.047363	-0.393799	2.977099	9.145038	6.923664	4.583995
1.007324	-0.073242	-0.361328	-0.198473	7.183206	6.404580	4.594382
1.002686	-0.057373	-0.364258	-4.083969	6.931298	8.000000	4.604902
1.003174	-0.033691	-0.329834	-6.076336	8.129771	7.374046	4.615256
0.981445	-0.016113	-0.338867	-8.770992	7.442748	7.221374	4.625630
0.945068	-0.073486	-0.329590	-10.190840	5.641221	5.000000	4.635928
0.999756	-0.054688	-0.333496	-7.763359	3.656489	2.862595	4.646142
0.973145	-0.053955	-0.341553	-8.274809	3.450382	0.045802	4.655962
0.972900	-0.073486	-0.376709	-8.022901	1.824427	2.961832	4.665659
0.974854	-0.070801	-0.348145	-2.137405	2.755725	2.358779	4.675910
0.954834	-0.082275	-0.361572	0.274809	0.687023	4.358779	4.686766
0.974609	-0.092529	-0.403076	-5.442748	-1.458015	5.954198	4.697282
0.958984	-0.143799	-0.423584	5.496183	-6.748092	4.221374	4.707833
0.937012	-0.116943	-0.416992	5.603053	-10.519084	6.328244	4.718111
0.951416	-0.103760	-0.403564	6.877863	-15.412214	6.083969	4.728658
0.970703	-0.104004	-0.398682	7.664122	-13.114504	7.679389	4.739422
0.947998	-0.078125	-0.403564	0.480916	-2.480916	11.618321	4.751661
0.952637	-0.090576	-0.424561	3.488550	-5.183206	8.885496	4.762041
0.934326	-0.067871	-0.343262	0.839695	-1.503817	10.351145	4.771728
0.942871	-0.110352	-0.397949	-2.488550	-8.435115	10.022901	4.782010
0.927979	-0.074463	-0.405518	0.450382	-10.648855	8.938931	4.792492
0.936279	-0.111084	-0.403076	-0.419847	-11.465649	8.610687	4.803150
0.906494	-0.081299	-0.386719	7.893130	-10.870229	5.877863	4.813525
0.890625	-0.086670	-0.397461	2.702290	-13.412214	7.870229	4.823656
0.937744	-0.068848	-0.382080	5.183206	-9.931298	8.152672	4.833143
0.893799	-0.057861	-0.409668	1.183206	-5.152672	11.091603	4.843778
0.866455	-0.081299	-0.432617	5.648855	-12.083969	11.381679	4.854244
0.878418	-0.126953	-0.424072	8.946565	-13.412214	9.687023	4.864399
0.897461	-0.123047	-0.445312	15.030534	-11.519084	9.870229	4.874127
0.874756	-0.120117	-0.465820	18.160305	-14.664122	10.000000	4.884926
0.891357	-0.134277	-0.420898	13.068702	-20.229008	13.435115	4.895258
0.905029	-0.128906	-0.391846	13.885496	-20.106870	14.763359	4.905931
0.927734	-0.166992	-0.417480	17.221374	-20.717557	14.496183	4.916424
0.920410	-0.200195	-0.408203	18.419847	-21.190840	13.450382	4.926765
0.995605	-0.167480	-0.389893	16.389313	-19.809160	13.694656	4.936959
0.938477	-0.197998	-0.414062	16.778626	-15.832061	13.000000	4.947253
0.953125	-0.185059	-0.423340	7.129771	-15.244275	13.969466	4.958087
0.947754	-0.188232	-0.421875	11.450382	-19.511450	10.908397	4.968296
0.965576	-0.170898	-0.425537	14.450382	-18.778626	9.007634	4.977954
0.963867	-0.192627	-0.470703	13.412214	-20.877863	7.816794	4.988590
0.951416	-0.174072	-0.470703	15.549618	-21.977099	9.351145	4.999092
0.954834	-0.213379	-0.483643	13.656489	-20.206107	7.893130	5.009566
0.944580	-0.188965	-0.505371	10.175573	-17.022901	8.969466	5.019544
0.927490	-0.185303	-0.490234	12.213740	-15.572519	7.763359	5.030276
0.933594	-0.175049	-0.502441	5.198473	-11.564885	10.160305	5.040478
0.922607	-0.176514	-0.506836	6.778626	-10.496183	8.816794	5.051299
0.919922	-0.161865	-0.523438	8.122137	-13.679389	8.908397	5.061243
0.941406	-0.151611	-0.523682	6.450382	-12.022901	11.274809	5.071476
0.967041	-0.168213	-0.540771	8.312977	-13.160305	12.251908	5.081163
0.944824	-0.147217	-0.528076	6.656489	-9.229008	16.908397	5.092601
0.932617	0.031250	-0.712646	3.297710	-5.564885	20.557252	5.103397
0.801270	-0.249756	-0.583008	-1.786260	9.099237	18.282443	5.113886
1.025635	-0.164551	-0.641113	-5.007634	1.931298	20.496183	5.124370
0.880615	-0.201416	-0.533936	-6.832061	5.496183	21.572519	5.134760
0.814941	-0.247803	-0.398926	1.442748	4.404580	22.923664	5.145163
0.984619	-0.191650	-0.400146	7.541985	-10.541985	24.610687	5.155483
0.901123	-0.071533	-0.408691	0.977099	-10.458015	35.160305	5.165689
0.909424	-0.075684	-0.372559	3.641221	-11.687023	27.793893	5.175854
0.894531	-0.158691	-0.391357	-8.618321	-19.618321	34.274809	5.186233
0.930664	-0.139648	-0.486328	-12.442748	-22.603053	30.030534	5.196468
0.942139	-0.238525	-0.499512	-17.618321	-25.137405	30.274809	5.206583
0.907715	-0.313965	-0.518555	-14.824427	-22.068702	32.213740	5.217067
0.897461	-0.352783	-0.483887	-2.480916	-21.732824	27.480916	5.227452
0.932373	-0.337402	-0.492920	7.511450	-22.755725	22.992366	5.238114
0.938477	-0.318359	-0.500000	8.404580	-28.580153	21.687023	5.248399
0.947754	-0.340088	-0.485107	12.938931	-34.312977	19.480916	5.258710
0.988037	-0.333984	-0.545410	16.259542	-32.122137	16.045802	5.268902
1.009277	-0.295166	-0.538818	10.290076	-28.343511	18.984733	5.278732
0.944580	-0.395752	-0.536621	24.213740	-24.801527	13.687023	5.289252
0.921143	-0.284424	-0.476318	30.160305	-25.908397	11.503817	5.299907
0.864014	-0.349854	-0.489258	27.206107	-27.114504	6.549618	5.310054
0.876221	-0.379883	-0.484375	37.335878	-35.022901	3.580153	5.320475
0.867676	-0.341797	-0.500732	42.778626	-42.488550	1.778626	5.330739
0.834717	-0.265869	-0.510254	44.763359	-42.725191	0.190840	5.341248
0.818604	-0.279785	-0.511719	44.000000	-43.732824	-3.007634	5.351668
0.833008	-0.258789	-0.546387	41.503817	-41.129771	-5.534351	5.361864
0.860840	-0.262451	-0.543701	37.969466	-38.152672	-7.099237	5.372214
0.745850	-0.193115	-0.602051	48.038168	-53.351145	-14.167939	5.382133
0.783203	-0.193359	-0.561279	37.129771	-50.465649	-13.908397	5.392345
0.748779	-0.210938	-0.630371	38.244275	-71.473282	-20.129771	5.402949
0.878418	-0.183594	-0.583008	31.450382	-81.236641	-16.931298	5.413160
0.862305	-0.281982	-0.514404	20.786260	-54.297710	-10.213740	5.423824
0.642334	-0.281494	-0.619141	40.832061	-62.503817	-13.419847	5.434028
0.623047	-0.448486	-0.612305	18.389313	-64.320611	-2.702290	5.444596
0.825439	-0.366211	-0.584717	-10.908397	-37.832061	-1.259542	5.455168
0.671143	-0.390137	-0.631104	18.984733	-21.641221	-16.519084	5.465293
0.844727	-0.413574	-0.551514	-18.297710	5.099237	-15.427481	5.475301
0.797852	-0.361328	-0.501221	-15.511450	3.992366	-34.374046	5.485549
0.689697	-0.530029	-0.604004	6.732824	-15.793893	-15.167939	5.496032
0.926514	-0.369385	-0.497070	32.389313	-11.732824	-15.206107	5.506453
0.862305	-0.437988	-0.563477	59.091603	8.519084	-38.419847	5.516853
0.818848	-0.393555	-0.605225	54.603053	8.259542	5.137405	5.527202
0.967041	-0.236328	-0.530762	17.801527	24.297710	-26.778626	5.537508
0.838135	-0.233154	-0.553955	-24.160305	10.053435	-20.045802	5.547704
0.808105	-0.188232	-0.612305	-27.061069	-33.435115	-15.000000	5.558331
0.909180	-0.166504	-0.670654	-28.541985	-45.480916	-17.412214	5.568259
0.937988	-0.063965	-0.698486	-37.465649	-32.335878	-12.694656	5.578123
0.748535	-0.128174	-0.762451	-17.694656	-52.328244	-3.488550	5.588298
0.831299	-0.052246	-0.713135	10.496183	-69.809160	3.908397	5.599189
0.802979	-0.000977	-0.647217	22.687023	-64.625954	11.625954	5.609443
0.882080	-0.157715	-0.734863	6.847328	-58.022901	21.229008	5.619844
0.826904	-0.072998	-0.659424	-5.389313	-48.175573	22.564885	5.630038
0.880615	-0.118408	-0.646240	-7.244275	-23.709924	24.900763	5.640394
0.847656	-0.211670	-0.666748	6.564885	-2.465649	22.343511	5.650996
0.835449	-0.296143	-0.701172	-8.114504	8.633588	26.328244	5.661310
0.801514	-0.381592	-0.650879	-15.938931	3.984733	24.488550	5.671838
0.750244	-0.402344	-0.585938	-22.793893	-4.022901	23.030534	5.682200
0.740479	-0.427246	-0.602295	-26.290076	-19.816794	20.694656	5.692300
0.723389	-0.428955	-0.555420	-16.625954	-31.832061	17.198473	5.702949
0.724365	-0.402832	-0.589111	-5.893130	-35.297710	17.519084	5.712983
0.735840	-0.267334	-0.644775	-2.809160	-40.068702	20.770992	5.722545
0.783691	-0.260986	-0.715820	-5.809160	-59.015267	19.091603	5.733985
0.738037	-0.219727	-0.762695	6.900763	-82.320611	9.404580	5.744443
0.874756	-0.205811	-0.751221	-2.114504	-67.946565	16.389313	5.755183
0.798828	-0.311523	-0.685791	17.106870	-53.145038	10.786260	5.765484
0.639648	-0.328369	-0.664307	24.297710	-37.496183	11.977099	5.775963
0.761719	-0.213135	-0.658936	41.786260	-33.847328	22.015267	5.786033
1.007080	-0.145508	-0.635986	64.541985	35.618321	29.847328	5.796209
0.872803	-0.183838	-0.709473	65.610687	87.412214	37.801527	5.806878
0.591797	-0.341064	-0.835693	46.427481	51.129771	39.496183	5.817090
0.725830	-0.313232	-0.801514	23.145038	15.511450	36.412214	5.827399
0.794922	-0.287354	-0.670654	9.099237	22.450382	28.984733	5.837844
0.766113	-0.354004	-0.756348	4.137405	46.519084	16.564885	5.848153
0.651123	-0.411865	-0.739014	-19.969466	-6.954198	10.282443	5.858593
0.812744	-0.344482	-0.763672	-34.908397	-55.076336	-9.740458	5.868686
0.916016	-0.266846	-0.654541	-104.244275	-16.496183	-0.885496	5.879341
0.835693	-0.544922	-0.695557	-74.511450	8.793893	-5.458015	5.889621
0.665771	-0.545654	-0.807373	-32.595420	16.809160	-6.083969	5.900043
0.812256	-0.460938	-0.766357	-1.770992	4.595420	-9.572519	5.910444
0.825439	-0.368164	-0.716064	-30.061069	36.427481	-6.198473	5.920760
0.694336	-0.442383	-0.835938	-21.320611	50.679389	-10.770992	5.930715
0.752686	-0.389404	-0.718262	-32.480916	37.099237	-4.786260	5.941437
0.634766	-0.357910	-0.708008	-18.251908	18.465649	-15.145038	5.951987
0.755615	-0.335205	-0.753662	-1.954198	39.061069	-4.519084	5.962404
0.722656	-0.364014	-0.762939	12.488550	38.717557	-4.175573	5.972788
0.672363	-0.369385	-0.799316	30.748092	15.221374	-7.503817	5.983304
0.769043	-0.317627	-0.752197	26.801527	3.832061	-3.374046	5.993467
0.802246	-0.297607	-0.751465	12.045802	-5.732824	2.206107	6.003913
0.720947	-0.303711	-0.809570	10.511450	-18.412214	5.282443	6.014284
0.846191	-0.317383	-0.734619	13.503817	-28.488550	6.198473	6.024705
0.844727	-0.390381	-0.782471	4.175573	-27.137405	11.290076	6.035213
0.784424	-0.340820	-0.776611	7.557252	-28.603053	4.519084	6.045554
0.814209	-0.392822	-0.781494	4.725191	-3.847328	2.152672	6.056061
0.801270	-0.488525	-0.705322	5.725191	19.419847	-3.557252	6.066305
