1.020508	0.059326	-0.016602	9.335878	5.114504	6.770992	0.004801
1.049316	0.041992	-0.029541	4.809160	4.572519	5.000000	0.014422
1.078369	0.047852	-0.000244	2.877863	-7.427481	3.534351	0.024116
1.117920	0.081787	0.002197	-4.931298	-12.832061	2.549618	0.033653
1.117432	0.116943	-0.043457	-16.496183	-14.274809	-5.809160	0.043307
1.134766	0.133057	-0.092529	-40.351145	-8.480916	-9.694656	0.055068
1.082764	0.024902	-0.049072	-22.007634	-10.473282	-2.183206	0.067162
1.058838	0.064697	-0.072998	1.580153	-18.572519	2.870229	0.079209
1.073730	0.067871	-0.056885	13.244275	-21.580153	3.366412	0.090941
1.118652	0.112549	-0.068115	3.748092	-13.145038	3.549618	0.102767
1.079590	0.083984	-0.067139	-13.022901	-1.709924	2.832061	0.114347
1.021973	0.053711	-0.085205	-10.839695	-2.648855	0.793893	0.126544
1.033203	0.052246	-0.092041	-5.290076	-9.122137	0.129771	0.138164
1.034180	0.034424	-0.078369	-0.839695	-14.595420	-0.251908	0.149449
1.089600	0.059082	-0.055420	-1.786260	-13.366412	0.267176	0.161253
1.069824	0.073486	-0.063232	-2.595420	-16.152672	-0.175573	0.173365
1.083984	0.095459	-0.074951	-3.992366	-15.213740	-0.152672	0.185399
1.109131	0.103027	-0.077637	-5.572519	-12.893130	-0.816794	0.197412
1.100098	0.109131	-0.108887	-6.625954	-7.763359	-1.389313	0.209008
1.086182	0.113281	-0.109863	-10.992366	-2.610687	-1.259542	0.221277
1.054932	0.083496	-0.102539	-12.312977	2.496183	-0.679389	0.233037
1.043213	0.106934	-0.110352	-7.908397	0.465649	-1.022901	0.244025
1.023682	0.071045	-0.078613	-5.969466	1.839695	-0.648855	0.255151
1.056641	0.062988	-0.084961	-5.671756	0.167939	2.106870	0.267697
1.021484	0.040283	-0.089600	-6.954198	2.297710	1.404580	0.278952
1.019287	0.047119	-0.104248	-5.824427	2.320611	1.564885	0.289554
1.087402	0.057617	-0.105469	-7.465649	2.755725	2.648855	0.299999
1.085205	0.027100	-0.090576	-6.251908	-4.053435	1.687023	0.312552
1.039551	0.017090	-0.115967	-9.954198	-0.198473	2.091603	0.324683
1.033691	0.034912	-0.093262	-9.877863	-0.641221	1.801527	0.336311
1.026855	0.027588	-0.115723	-11.244275	0.229008	2.618321	0.348089
1.025635	0.028320	-0.119141	-6.564885	-1.923664	3.396947	0.359722
1.021240	0.033203	-0.107178	-2.564885	-3.671756	4.320611	0.371934
1.020020	0.025146	-0.119141	-0.091603	-3.610687	5.274809	0.383940
1.050293	0.060791	-0.116455	2.030534	-0.488550	7.114504	0.395812
1.036133	0.044434	-0.123047	6.175573	2.015267	8.366412	0.407596
1.029785	0.040527	-0.117188	8.778626	3.809160	9.557252	0.419762
1.037354	-0.004639	-0.136475	9.694656	4.335878	10.916031	0.431856
1.026367	0.037598	-0.098389	12.801527	1.625954	11.664122	0.443670
1.018799	0.034668	-0.131592	14.061069	-0.061069	11.603053	0.455254
1.001221	0.019775	-0.103271	12.068702	-0.480916	10.916031	0.467160
0.989746	0.013672	-0.136475	7.312977	0.656489	10.847328	0.479174
0.958496	0.001465	-0.134521	9.900763	-5.541985	9.885496	0.491159
0.951904	-0.011230	-0.143066	9.000000	-8.946565	8.549618	0.502726
0.999512	-0.021484	-0.139893	6.992366	-8.167939	6.755725	0.513712
1.002441	-0.041260	-0.175537	3.900763	-4.854962	5.381679	0.526029
1.004639	-0.021729	-0.157227	-1.251908	-2.312977	3.770992	0.537369
0.993164	-0.036621	-0.158691	-0.404580	-0.007634	3.954198	0.548769
1.026123	-0.044189	-0.131592	-0.343511	-2.259542	4.992366	0.560579
0.982178	-0.003418	-0.121826	5.145038	-3.099237	4.503817	0.572997
0.948486	-0.023926	-0.172363	12.175573	-10.480916	18.816794	0.584722
0.986328	-0.006836	-0.103027	5.007634	-4.511450	5.496183	0.596450
0.987793	-0.007080	-0.133789	10.320611	-8.122137	2.000000	0.608082
1.010498	0.019287	-0.136963	13.931298	-11.526718	1.053435	0.620469
1.045166	0.006104	-0.140381	12.847328	-11.748092	1.961832	0.632181
1.054443	-0.007324	-0.145020	14.129771	-11.412214	0.198473	0.643937
1.052246	0.004395	-0.143066	13.015267	-9.862595	0.282443	0.655583
1.020020	-0.012695	-0.159180	13.862595	-10.267176	1.007634	0.667389
1.075439	0.033203	-0.146729	12.068702	-11.702290	2.618321	0.679431
1.023438	0.008057	-0.150391	11.938931	-13.305344	0.274809	0.691410
1.055176	0.023926	-0.145996	8.625954	-14.312977	-0.381679	0.703274
1.083740	0.035400	-0.109619	5.496183	-16.862595	-2.206107	0.715760
1.073730	-0.008301	-0.060303	5.854962	-11.290076	-0.702290	0.728444
1.106689	0.024170	-0.133789	-6.954198	-13.236641	-6.786260	0.740782
1.113525	0.042480	-0.126953	-6.129771	-14.229008	-8.007634	0.752471
1.113525	0.068359	-0.127197	-4.351145	-15.022901	-7.213740	0.763944
1.113281	0.074707	-0.125488	-5.290076	-12.396947	-4.305344	0.776240
1.114990	0.084229	-0.164307	-3.664122	-12.992366	-4.770992	0.787896
1.106445	0.068359	-0.151855	-7.083969	-9.465649	-3.702290	0.799875
1.092285	0.076660	-0.162109	-5.145038	-6.564885	-4.038168	0.811786
1.103760	0.068359	-0.159180	-2.167939	-3.992366	-2.877863	0.823331
1.087891	0.054443	-0.142334	-0.793893	-1.977099	-1.870229	0.833653
1.109619	0.068359	-0.142090	-0.786260	-0.717557	-0.435115	0.843878
1.095947	0.046143	-0.139648	-2.160305	2.870229	-0.625954	0.853922
1.096436	0.083740	-0.178467	-4.633588	7.404580	0.488550	0.864045
1.081299	0.060059	-0.153809	-7.007634	10.511450	1.305344	0.874321
1.047607	0.030029	-0.157715	-6.916031	11.801527	1.190840	0.884846
1.040771	0.023926	-0.160889	-7.244275	12.564885	1.068702	0.895209
1.036621	0.023926	-0.145020	-5.748092	13.458015	1.038168	0.905276
1.011963	0.009033	-0.141357	-2.419847	14.770992	0.916031	0.915058
1.004395	0.020264	-0.155273	-0.633588	14.984733	0.190840	0.925077
1.015625	0.027344	-0.157715	-0.030534	15.290076	0.305344	0.935028
1.033203	0.017822	-0.149414	0.923664	14.061069	1.045802	0.945731
1.052979	0.030273	-0.127441	-1.427481	16.725191	2.305344	0.955934
1.042480	-0.012939	-0.117920	-0.473282	12.282443	1.702290	0.965909
1.030518	-0.000977	-0.121582	-5.610687	15.557252	1.847328	0.977081
1.035645	0.008057	-0.124512	-4.099237	12.916031	1.045802	0.987466
1.025146	0.016602	-0.131104	-2.625954	9.610687	0.961832	1.000746
1.060303	0.040527	-0.107666	1.847328	7.328244	-1.832061	1.010909
1.038086	0.020996	-0.144531	-4.801527	6.534351	-2.893130	1.021215
1.099121	-0.017334	-0.113037	-9.503817	16.877863	-2.412214	1.031493
0.967041	-0.045654	-0.126465	-12.801527	0.977099	-3.641221	1.041887
1.096680	0.028320	-0.098389	-5.106870	4.862595	-6.709924	1.052011
1.052002	0.008789	-0.135498	-6.328244	2.885496	-7.366412	1.062602
1.082031	0.046631	-0.131592	-10.702290	2.099237	-6.106870	1.072367
1.074219	0.015381	-0.152588	-11.717557	2.954198	-5.106870	1.082948
1.094482	0.027100	-0.135986	-10.129771	5.145038	-5.381679	1.093356
1.083496	0.013428	-0.126221	-11.458015	6.229008	-5.030534	1.103339
1.065918	0.003174	-0.147217	-13.473282	7.389313	-4.656489	1.113741
1.059570	-0.000488	-0.147217	-13.412214	7.893130	-5.389313	1.123936
1.023926	0.003174	-0.141846	-13.816794	9.381679	-6.259542	1.133353
1.004395	-0.006592	-0.148926	-13.404580	10.450382	-7.267176	1.142625
0.990967	0.016846	-0.127686	-11.183206	9.694656	-8.175573	1.151822
0.990234	0.021240	-0.143555	-11.129771	9.992366	-7.534351	1.161780
1.002197	0.020508	-0.110596	-6.061069	8.167939	-9.221374	1.172653
0.990234	0.031250	-0.122070	-7.312977	9.167939	-8.580153	1.183177
0.993896	0.026123	-0.120850	-8.038168	10.129771	-8.045802	1.193230
0.983643	0.014893	-0.122314	-7.862595	9.587786	-7.809160	1.203797
0.998291	0.023193	-0.114746	-6.572519	8.450382	-7.282443	1.214227
1.010254	0.017090	-0.126221	-6.885496	7.122137	-6.946565	1.224610
1.007568	0.003906	-0.127930	-7.480916	5.198473	-6.305344	1.234894
0.999512	0.005859	-0.124023	-8.862595	5.083969	-6.068702	1.244998
1.013672	0.034424	-0.110107	-7.671756	4.450382	-6.564885	1.254871
1.019287	0.038330	-0.110352	-7.519084	3.564885	-5.870229	1.265123
1.025391	0.046387	-0.111572	-8.053435	3.839695	-5.603053	1.275261
1.035889	0.043701	-0.135742	-6.549618	5.671756	-4.488550	1.285519
1.040283	0.055420	-0.123779	-5.877863	10.419847	-3.801527	1.295841
1.051270	0.029053	-0.133301	-7.106870	12.412214	-3.442748	1.306172
1.028076	0.017822	-0.137939	-6.106870	11.564885	-3.030534	1.316256
1.023193	0.003662	-0.113770	-8.931298	11.404580	-2.335878	1.326830
1.035889	0.016846	-0.132324	-7.511450	9.030534	-2.366412	1.337128
1.017334	0.010498	-0.102051	-3.870229	7.786260	-2.229008	1.347231
0.995117	0.000977	-0.108643	-2.916031	3.190840	-2.931298	1.357359
1.030762	0.033203	-0.120605	-5.167939	3.259542	-1.748092	1.368183
1.029541	0.016113	-0.088379	-4.526718	5.809160	-1.580153	1.378770
1.008057	0.026855	-0.096924	-3.877863	3.496183	-0.877863	1.389430
1.029053	0.032715	-0.103760	-2.129771	3.038168	-0.694656	1.400213
1.024658	0.030762	-0.115723	-1.145038	3.694656	0.381679	1.410368
1.048584	0.043701	-0.110107	0.847328	3.702290	0.816794	1.420885
1.027344	0.027344	-0.127686	1.809160	3.671756	1.297710	1.431189
1.046143	0.018311	-0.112793	1.198473	3.664122	2.213740	1.441166
1.021729	0.019043	-0.107910	0.732824	4.259542	3.236641	1.450638
1.012451	0.047852	-0.099609	3.664122	3.221374	2.610687	1.461177
1.014160	0.056152	-0.107910	1.740458	1.557252	3.083969	1.471565
1.018311	0.065186	-0.107422	2.083969	2.778626	2.908397	1.481389
1.018311	0.059326	-0.096436	1.221374	2.725191	2.358779	1.492014
1.020508	0.056885	-0.103271	-3.374046	1.374046	2.702290	1.502578
1.033936	0.055420	-0.095947	-5.297710	0.167939	2.511450	1.512155
1.033691	0.053467	-0.099854	-6.137405	-2.290076	2.229008	1.522728
1.034180	0.056152	-0.104736	-9.893130	-2.954198	2.557252	1.533057
1.034424	0.041748	-0.097900	-9.442748	-4.343511	1.694656	1.543099
1.017334	0.049072	-0.089844	-11.885496	-5.671756	1.106870	1.553016
1.044434	0.052002	-0.090576	-14.778626	-5.778626	1.099237	1.562407
1.046143	0.043701	-0.099609	-12.541985	-6.534351	0.068702	1.571620
1.042480	0.056396	-0.088135	-9.259542	-8.335878	-0.335878	1.580924
1.048584	0.065918	-0.085938	-8.267176	-9.015267	-0.343511	1.591649
1.048828	0.072510	-0.087891	-10.450382	-4.526718	-0.221374	1.602119
1.038330	0.075928	-0.108154	-14.450382	0.267176	-0.923664	1.612205
1.025635	0.056885	-0.093994	-17.450382	4.396947	-1.404580	1.622419
1.009033	0.024902	-0.096191	-15.618321	4.740458	-2.366412	1.632811
1.011475	0.024170	-0.113770	-8.435115	4.969466	-2.625954	1.642761
1.011475	0.020996	-0.100342	-6.832061	5.114504	-2.694656	1.652940
0.998535	0.021240	-0.100342	-7.488550	5.580153	-3.763359	1.663274
1.023193	0.006104	-0.104980	-8.511450	5.770992	-3.740458	1.673351
1.001709	0.015137	-0.108887	-8.557252	4.366412	-4.458015	1.683548
1.020508	0.005615	-0.105225	-6.511450	4.900763	-4.763359	1.693788
1.037354	0.017090	-0.130371	-2.244275	5.038168	-6.160305	1.704167
1.056641	0.013184	-0.122070	-7.694656	7.931298	-5.114504	1.714399
1.058350	0.030762	-0.084717	-5.839695	5.755725	-5.633588	1.724630
1.062988	0.054199	-0.124268	-7.061069	9.717557	-5.335878	1.734835
1.051025	0.052490	-0.083008	-8.045802	5.282443	-4.366412	1.744185
1.062500	0.060303	-0.109375	-9.091603	4.206107	-5.015267	1.753775
1.037598	0.053711	-0.095459	-11.160305	4.977099	-6.122137	1.764364
1.027100	0.075928	-0.086426	-13.213740	4.091603	-6.557252	1.774905
1.035156	0.027344	-0.060547	-14.068702	2.732824	-5.702290	1.784958
1.037109	0.040527	-0.088867	-14.679389	1.045802	-3.946565	1.794904
1.057617	0.043213	-0.105469	-17.366412	-1.961832	-8.358779	1.805481
1.091309	0.076172	-0.072021	-15.053435	0.335878	-10.664122	1.815725
1.046875	0.051270	-0.090820	-21.427481	2.694656	-9.236641	1.825878
1.021484	0.111816	-0.089844	-21.007634	0.595420	-8.961832	1.836466
1.053955	0.080322	-0.092285	-21.106870	1.946565	-9.022901	1.846621
1.084229	0.114014	-0.084961	-18.541985	0.938931	-7.709924	1.856474
1.084229	0.069580	-0.049316	-16.679389	2.984733	-7.816794	1.866830
1.064941	0.064209	-0.064697	-13.641221	6.259542	-8.259542	1.877145
1.060547	0.089355	-0.055420	-10.580153	6.419847	-7.389313	1.887179
1.037842	0.069336	-0.084473	-6.656489	1.427481	-7.473282	1.897199
1.071289	0.081055	-0.059326	-7.404580	4.610687	-8.862595	1.907462
1.035156	0.093750	-0.084229	-8.984733	4.755725	-9.122137	1.917588
1.032959	0.081055	-0.066650	-11.053435	9.076336	-8.221374	1.928087
1.023926	0.070312	-0.088867	-5.320611	8.274809	-8.053435	1.938732
1.030762	0.081299	-0.097412	-1.824427	6.541985	-7.015267	1.949006
1.036621	0.045654	-0.107178	-0.053435	8.755725	-6.381679	1.959407
1.011230	0.059814	-0.102295	-1.374046	9.244275	-5.687023	1.969897
1.002686	0.056885	-0.097168	-4.702290	11.969466	-5.068702	1.979856
1.015625	0.049805	-0.108643	-4.916031	12.755725	-4.404580	1.990075
1.005859	0.048584	-0.077637	-3.725191	10.793893	-3.015267	2.000857
0.998535	0.042725	-0.114502	-2.633588	6.664122	-1.610687	2.011393
1.014893	0.053223	-0.067871	-1.641221	-0.198473	-1.000000	2.021165
1.023438	0.047852	-0.100342	-3.832061	1.030534	-1.908397	2.030631
1.034180	0.057861	-0.072998	-6.541985	-0.954198	-2.038168	2.040023
1.022949	0.049561	-0.094971	-6.267176	-3.557252	-2.679389	2.049381
1.036621	0.076172	-0.085449	-5.618321	-4.083969	-3.610687	2.058972
1.062744	0.104980	-0.074707	-9.458015	1.274809	-2.480916	2.070143
1.015625	0.096680	-0.086670	-7.297710	2.007634	-3.076336	2.080258
1.025879	0.124023	-0.079834	-3.244275	0.503817	-0.870229	2.090329
1.033447	0.097656	-0.069580	-4.160305	2.145038	0.190840	2.100926
1.022949	0.126953	-0.079590	-7.221374	0.000000	-0.816794	2.111158
1.012939	0.128662	-0.061768	-8.351145	-0.694656	-2.244275	2.121408
1.045898	0.083740	-0.057617	-14.633588	2.832061	-1.717557	2.131976
1.016113	0.120117	-0.058838	-9.885496	3.183206	-3.122137	2.141727
1.032715	0.109131	-0.060547	-9.893130	6.343511	-3.801527	2.152396
1.019287	0.091309	-0.073242	-8.022901	6.534351	-4.343511	2.162849
1.018066	0.091553	-0.063965	-7.679389	9.335878	-4.541985	2.172879
1.003418	0.078857	-0.074219	-8.206107	10.480916	-4.076336	2.183409
1.004883	0.075195	-0.092285	-4.709924	7.900763	-3.809160	2.193455
1.008301	0.072998	-0.084717	-3.587786	8.480916	-3.190840	2.203289
1.011475	0.063965	-0.078125	-3.320611	7.908397	-2.732824	2.212768
1.000977	0.061523	-0.088867	-3.824427	6.305344	-1.816794	2.223793
1.007080	0.062500	-0.085938	-4.458015	6.854962	-1.183206	2.233895
1.009766	0.057129	-0.104492	-5.404580	6.679389	-0.557252	2.244093
1.004883	0.056152	-0.072754	-5.091603	3.404580	0.114504	2.254350
1.015869	0.065186	-0.072266	-6.312977	0.175573	0.587786	2.264428
1.026611	0.079590	-0.059082	-4.519084	-3.671756	0.366412	2.274684
1.044678	0.084229	-0.052979	-4.488550	-4.946565	0.412214	2.285414
1.049561	0.091553	-0.047119	-7.748092	-2.274809	0.297710	2.295427
1.056885	0.093018	-0.047607	-9.404580	0.099237	0.000000	2.305530
1.059326	0.087158	-0.050537	-11.320611	0.022901	-0.343511	2.315898
1.055176	0.097168	-0.064209	-10.206107	2.122137	-0.473282	2.325981
1.054443	0.089844	-0.060547	-9.122137	1.145038	-1.129771	2.335386
1.055420	0.103271	-0.068115	-10.045802	0.679389	-0.984733	2.345168
1.057617	0.100830	-0.065918	-10.511450	1.877863	-1.404580	2.354479
1.048340	0.099609	-0.059814	-12.190840	3.274809	-1.687023	2.365221
1.046631	0.082031	-0.033691	-12.847328	3.290076	-2.229008	2.375639
1.049072	0.092285	-0.033936	-11.931298	3.603053	-3.183206	2.386035
1.040039	0.102295	-0.007324	-11.038168	4.328244	-3.755725	2.396319
1.039307	0.105469	-0.026611	-9.908397	4.290076	-4.389313	2.406387
1.032471	0.126465	-0.043945	-8.038168	4.282443	-4.618321	2.416775
1.035889	0.126221	-0.040527	-7.854962	4.801527	-4.007634	2.426854
1.015137	0.109863	-0.043213	-3.916031	5.328244	-3.572519	2.437255
1.008545	0.116943	-0.053955	-5.099237	7.083969	-2.809160	2.447700
0.997559	0.100098	-0.072266	-4.656489	9.076336	-1.618321	2.457742
0.985596	0.078369	-0.085693	-4.442748	10.229008	-0.473282	2.468021
0.960449	0.064209	-0.083252	-4.870229	10.557252	0.908397	2.478469
0.930664	0.045654	-0.083984	-4.358779	8.793893	2.106870	2.488587
0.932129	0.036621	-0.083496	-4.687023	6.122137	3.717557	2.498955
0.941650	0.023438	-0.089844	-4.458015	0.572519	5.366412	2.509299
0.955811	0.021240	-0.101318	-1.465649	-5.977099	6.793893	2.519043
0.985352	0.026123	-0.091797	2.938931	-12.977099	8.358779	2.529492
1.017578	0.014648	-0.091553	5.083969	-17.274809	10.236641	2.539847
1.057129	-0.107178	-0.080811	18.427481	-5.526718	12.076336	2.549951
1.046631	0.096191	-0.076416	8.366412	-0.992366	9.381679	2.560304
1.025879	0.017090	-0.067871	-0.267176	-11.389313	9.595420	2.570586
1.020264	-0.015869	-0.083984	12.236641	-20.931298	7.366412	2.580740
1.035156	0.020996	-0.091064	24.236641	-23.442748	3.656489	2.591009
1.034668	0.047119	-0.097900	16.473282	-19.465649	2.801527	2.601201
1.021484	0.029053	-0.097412	9.679389	-11.854962	5.824427	2.611343
1.033936	0.032471	-0.108643	15.610687	-10.358779	2.885496	2.620846
0.998047	0.066650	-0.137451	13.763359	-8.038168	1.137405	2.630648
1.026367	0.096191	-0.113525	13.778626	-4.709924	2.053435	2.639740
1.030029	0.111328	-0.124023	11.190840	-0.526718	3.488550	2.650409
1.074951	0.121582	-0.117920	4.572519	4.381679	5.793893	2.661308
1.060059	0.098633	-0.104248	2.557252	6.526718	5.519084	2.671954
1.064697	0.100830	-0.089111	-0.717557	2.763359	5.992366	2.682492
1.068359	0.081055	-0.071045	1.870229	0.198473	4.030534	2.692563
1.074219	0.100830	-0.066650	-0.534351	-0.114504	3.801527	2.702857
1.047119	0.054932	-0.064453	1.793893	-2.183206	0.870229	2.712492
1.060303	0.053711	-0.045166	2.618321	-1.687023	-0.274809	2.721780
1.036133	0.045410	-0.052002	2.053435	-2.290076	-0.969466	2.731183
1.044434	0.056152	-0.070068	3.320611	-2.870229	-1.557252	2.740964
1.041504	0.048828	-0.085938	6.580153	-5.854962	-1.908397	2.751830
1.025879	0.065186	-0.114014	7.000000	-4.198473	-1.404580	2.762035
1.029053	0.071777	-0.125732	4.954198	-3.648855	0.030534	2.772061
1.030029	0.074951	-0.114746	5.358779	-1.679389	0.755725	2.782588
1.007568	0.069580	-0.111084	4.450382	-2.389313	1.229008	2.792902
1.011719	0.079590	-0.107910	3.129771	-1.251908	2.358779	2.802483
1.017334	0.080566	-0.096924	2.938931	-1.282443	2.595420	2.812907
1.005371	0.091553	-0.096924	2.687023	-0.045802	2.320611	2.823527
1.023682	0.102783	-0.085693	1.465649	0.282443	2.290076	2.833578
1.036377	0.097168	-0.088623	0.618321	-0.717557	1.709924	2.843156
1.037109	0.098877	-0.072510	-0.251908	-1.198473	1.305344	2.852592
1.051758	0.086426	-0.061523	-0.503817	-4.091603	0.732824	2.863453
1.063232	0.106445	-0.060303	-2.099237	-4.374046	0.770992	2.873623
1.056641	0.084717	-0.080566	-3.809160	-6.099237	0.809160	2.884194
1.051758	0.092285	-0.102295	-6.083969	-3.465649	1.908397	2.894193
1.037842	0.082031	-0.112549	-4.381679	-3.786260	2.282443	2.904344
1.030762	0.096191	-0.089600	-4.053435	-1.564885	3.503817	2.914295
1.014648	0.067871	-0.094971	-2.267176	0.404580	3.870229	2.924647
1.040039	0.091797	-0.088867	-0.740458	3.381679	4.656489	2.934855
1.002197	0.078613	-0.100098	2.419847	6.068702	4.893130	2.944233
1.013672	0.048584	-0.102295	4.190840	7.068702	4.541985	2.953738
1.033447	0.048828	-0.082520	4.488550	8.877863	3.587786	2.964599
1.039551	0.052734	-0.068604	4.435115	8.633588	3.206107	2.977818
1.041992	0.073486	-0.066162	1.961832	8.061069	1.977099	2.988049
1.048340	0.074951	-0.091553	6.083969	5.343511	2.862595	2.998150
1.041748	0.084229	-0.086914	6.534351	3.160305	3.748092	3.008721
0.997803	0.048584	-0.102295	8.465649	2.374046	3.931298	3.018633
1.056885	0.067627	-0.078369	5.977099	2.213740	4.488550	3.029039
1.043701	0.048096	-0.120605	6.236641	3.984733	4.297710	3.039688
1.035645	0.031006	-0.139160	8.274809	1.969466	3.076336	3.049945
1.067139	0.014404	-0.137695	2.923664	2.793893	3.511450	3.060098
1.041016	0.021240	-0.113525	0.335878	2.381679	4.282443	3.070385
1.015625	0.035889	-0.128174	1.396947	0.893130	2.893130	3.081036
1.004150	0.033936	-0.111084	-5.091603	3.793893	4.022901	3.091318
1.012939	0.026855	-0.103760	-2.458015	4.877863	3.404580	3.101384
1.001709	0.010010	-0.119873	-2.419847	5.595420	4.656489	3.111789
1.016846	0.017578	-0.115479	-2.862595	7.687023	6.145038	3.121364
1.014160	0.024658	-0.101074	-1.633588	7.458015	6.496183	3.132251
1.021240	0.012695	-0.100830	-1.847328	6.435115	6.900763	3.142421
1.027344	-0.022217	-0.106934	-3.114504	6.534351	10.213740	3.152588
1.016846	-0.001953	-0.097412	5.396947	6.114504	10.648855	3.162891
1.031982	0.012451	-0.104492	8.000000	4.297710	11.473282	3.172913
1.021973	-0.081299	-0.063965	0.404580	-4.297710	9.893130	3.183662
1.032715	0.020752	-0.121094	2.236641	-3.442748	12.206107	3.193966
1.032715	0.038574	-0.099121	0.961832	-1.419847	8.343511	3.204026
1.040039	0.028320	-0.143066	-9.076336	2.381679	9.183206	3.214229
1.039551	-0.012451	-0.147461	-5.969466	1.068702	8.526718	3.224028
1.027100	0.007324	-0.114014	-1.213740	0.534351	8.625954	3.234652
1.021729	-0.005371	-0.053223	3.404580	-3.778626	9.641221	3.244922
1.042236	0.018799	-0.080322	2.961832	-2.488550	12.618321	3.255374
0.989258	0.009277	-0.092529	17.885496	-17.221374	7.015267	3.265910
1.032959	0.018311	-0.060303	-3.366412	-9.259542	10.274809	3.276507
1.041016	-0.083740	-0.062988	-6.465649	-9.656489	7.816794	3.287279
1.018799	0.003906	-0.121094	-2.656489	-14.450382	6.083969	3.297594
0.994141	0.048584	-0.177734	-4.946565	-12.175573	4.541985	3.308022
1.054199	-0.014893	-0.095703	-10.732824	-16.824427	2.190840	3.318139
1.039551	0.020020	-0.133057	-21.427481	-9.442748	3.862595	3.327980
1.059082	0.015625	-0.093018	-19.358779	-4.206107	4.442748	3.338532
0.994141	-0.002930	-0.088867	-14.519084	-8.977099	3.984733	3.348381
0.974854	-0.001953	-0.088135	-13.106870	-9.580153	6.496183	3.358910
0.988770	0.010010	-0.080811	-6.496183	-13.030534	4.908397	3.369423
1.014160	0.016357	-0.088867	-6.648855	-15.458015	3.664122	3.379695
1.041748	0.048096	-0.109375	-7.916031	-14.358779	3.717557	3.390193
1.083008	0.047852	-0.120605	-5.694656	-14.175573	3.274809	3.400413
1.119873	0.036377	-0.148926	-7.854962	-7.000000	4.778626	3.410500
1.131592	0.040771	-0.150146	-2.587786	-6.259542	3.671756	3.420914
1.112793	0.030518	-0.149414	-0.778626	-1.770992	4.198473	3.430922
1.125488	0.017578	-0.138672	0.229008	-0.251908	4.755725	3.441421
1.119873	0.012695	-0.132812	0.496183	1.793893	5.267176	3.451710
1.127930	0.016113	-0.111328	0.877863	4.221374	4.519084	3.461963
1.117676	0.006592	-0.129150	-0.671756	2.992366	4.152672	3.472077
1.145264	0.011230	-0.096680	-1.679389	4.916031	2.709924	3.481744
1.120605	0.011963	-0.110596	-5.358779	6.358779	2.061069	3.492039
1.129395	0.023193	-0.106934	-11.366412	9.862595	1.610687	3.502599
1.127930	0.017578	-0.107178	-14.122137	11.465649	0.335878	3.512709
1.118896	-0.005859	-0.122314	-15.526718	12.931298	-0.442748	3.522859
1.110840	-0.000488	-0.138428	-11.893130	13.152672	-1.503817	3.532947
1.095215	0.017334	-0.136963	-9.992366	13.770992	-2.076336	3.542299
1.110107	-0.000977	-0.135986	-12.725191	16.961832	-1.854962	3.552010
1.076416	-0.004150	-0.120850	-11.458015	20.366412	-1.938931	3.562987
1.069336	0.003174	-0.129395	-11.656489	22.732824	-2.167939	3.573339
1.054688	-0.024902	-0.119385	-12.450382	23.977099	-2.641221	3.584019
1.044189	-0.016602	-0.104736	-13.389313	25.595420	-3.206107	3.594226
1.025635	-0.032471	-0.103271	-8.786260	26.580153	-3.137405	3.604220
1.024902	-0.020996	-0.097900	-5.671756	22.832061	-3.526718	3.614177
1.003418	-0.021240	-0.090820	-5.725191	22.320611	-2.755725	3.624409
1.020264	-0.044678	-0.086426	-4.183206	22.732824	-2.503817	3.634305
1.026123	-0.024414	-0.082275	-4.557252	22.030534	-2.702290	3.644540
1.031250	-0.010986	-0.079102	-6.793893	22.442748	-2.816794	3.654816
1.011475	-0.020508	-0.075195	-4.366412	22.175573	-3.648855	3.665139
1.044189	0.001221	-0.069092	-6.015267	20.564885	-4.801527	3.675294
0.996338	-0.011475	-0.092773	-6.160305	17.221374	-5.152672	3.685557
1.062256	0.043213	-0.067627	-4.389313	17.320611	-6.549618	3.695820
1.007812	-0.006348	-0.062500	-5.633588	15.122137	-7.679389	3.705881
1.033447	-0.000732	-0.063232	-5.488550	14.175573	-8.259542	3.716001
1.045898	0.022461	-0.060059	-1.946565	9.381679	-9.664122	3.726537
1.023926	0.026367	-0.058594	-10.167939	11.038168	-8.465649	3.735869
1.041992	0.036621	-0.059082	-8.984733	10.839695	-9.557252	3.746591
1.043945	0.036133	-0.058105	-9.709924	10.114504	-9.648855	3.756820
1.042725	0.030273	-0.030762	-12.740458	9.633588	-9.641221	3.767161
1.046631	0.029297	-0.035156	-12.656489	9.984733	-9.946565	3.776950
1.049072	0.027100	-0.044434	-14.564885	10.580153	-9.938931	3.786932
1.040771	0.035645	-0.036377	-16.389313	10.847328	-10.809160	3.797746
1.018799	0.017578	-0.030273	-17.038168	10.717557	-11.374046	3.808017
1.021240	0.028564	-0.025146	-16.847328	9.343511	-11.557252	3.818043
1.028809	0.026611	-0.022949	-19.541985	9.908397	-12.129771	3.828577
1.033447	0.031006	-0.043945	-19.320611	9.946565	-12.366412	3.838339
1.025391	0.034912	-0.039307	-20.900763	11.625954	-12.312977	3.848891
1.022705	0.015381	-0.027588	-21.374046	11.564885	-11.687023	3.859100
1.039795	0.020020	0.000000	-22.908397	14.175573	-10.236641	3.869392
1.036377	0.015625	0.000732	-16.786260	5.946565	-10.687023	3.885377
1.012695	0.035889	0.003174	-16.656489	8.732824	-10.564885	3.895676
1.009033	0.018311	-0.000977	-12.007634	10.022901	-11.496183	3.906564
0.995117	0.032959	0.009521	-14.641221	12.068702	-10.404580	3.916719
0.997559	0.051514	-0.002930	-9.251908	12.396947	-10.328244	3.927109
0.982422	0.061768	-0.011475	-9.381679	8.267176	-7.854962	3.937386
1.024414	0.087158	-0.009277	-15.725191	9.702290	-8.946565	3.947882
1.032227	0.085938	0.001953	-14.656489	9.480916	-9.923664	3.958594
1.036133	0.097656	0.011963	-20.129771	8.320611	-8.068702	3.969071
1.074951	0.069092	-0.012695	-28.404580	9.099237	-4.877863	3.979220
1.095947	0.059814	0.006592	-28.076336	7.893130	-3.076336	3.989375
1.134277	0.013184	-0.065674	-30.580153	8.832061	-1.022901	3.999955
1.142822	-0.029541	-0.063721	-31.068702	9.770992	-0.732824	4.010254
1.094971	-0.052246	-0.005859	-27.916031	13.534351	-1.145038	4.020234
1.075684	-0.013184	0.044922	-16.961832	17.114504	-3.190840	4.030509
1.050781	-0.021729	0.003174	-5.603053	15.519084	-3.610687	4.040674
1.067627	0.010010	-0.018311	-6.977099	22.328244	-0.610687	4.051280
1.071289	0.026367	-0.002441	6.946565	26.053435	-0.801527	4.061517
1.066650	0.044434	0.002441	2.480916	32.015267	1.564885	4.071829
1.013672	0.030273	-0.022217	7.587786	26.854962	1.824427	4.081823
1.017090	0.030762	0.026611	3.847328	31.053435	2.328244	4.092614
0.933838	0.038330	-0.007080	2.458015	22.816794	3.213740	4.102658
0.958008	0.032715	0.018311	1.740458	20.580153	2.488550	4.112621
0.965820	0.023926	0.029785	-1.694656	21.931298	4.450382	4.122210
0.936035	0.015137	0.022705	3.961832	16.259542	3.564885	4.131609
0.939697	0.057861	0.035889	-0.435115	12.854962	5.419847	4.142409
0.933350	0.014404	0.056152	1.832061	9.167939	5.908397	4.152584
0.953613	0.027588	0.058838	4.412214	7.977099	5.885496	4.163032
0.969971	0.049805	0.038818	-0.435115	5.511450	5.770992	4.173318
0.975342	0.021240	0.046875	-1.984733	6.763359	4.404580	4.183631
0.988525	0.010010	0.041504	-4.068702	4.786260	2.709924	4.194282
1.015869	0.018555	0.049316	-6.259542	3.022901	1.671756	4.204501
1.013672	0.048828	0.043213	-5.694656	-0.458015	2.038168	4.214828
1.011963	0.020752	0.032959	-5.580153	-1.297710	3.137405	4.224911
1.027100	0.037354	0.049072	-4.496183	-2.992366	3.862595	4.235097
1.030029	0.053467	0.047363	-8.099237	-0.374046	3.061069	4.245458
1.019775	0.042480	0.041504	-6.992366	0.656489	2.519084	4.255736
1.036377	0.028809	0.054932	-7.839695	2.221374	1.625954	4.265778
1.044922	0.054688	0.027588	-5.687023	3.694656	1.099237	4.276301
1.055176	0.054932	0.031494	-6.015267	5.587786	0.916031	4.286485
1.029541	0.041992	0.016357	-5.007634	5.297710	0.465649	4.297147
1.045166	0.051514	0.030518	-7.671756	6.793893	0.206107	4.307671
1.060303	0.023926	0.018555	-10.793893	8.465649	-0.893130	4.317998
1.040527	0.015869	0.027832	-12.778626	9.374046	-1.343511	4.328150
1.027100	0.000977	0.025635	-12.404580	7.374046	-1.541985	4.338569
1.006836	-0.013184	0.040771	-10.557252	4.725191	-1.305344	4.348211
1.003906	0.002197	0.043945	-7.015267	3.282443	-2.213740	4.358114
1.001221	0.010986	0.055176	-7.290076	2.877863	-2.000000	4.368669
0.997314	0.008789	0.059814	-7.916031	2.061069	-2.099237	4.378954
1.004395	0.019775	0.053467	-6.007634	1.992366	-1.938931	4.389275
1.011475	0.004639	0.049072	-4.839695	1.312977	-0.290076	4.399355
1.017090	0.023682	0.047363	-3.381679	-0.175573	-0.045802	4.409601
1.017822	-0.029053	0.055664	1.244275	-1.374046	-1.992366	4.419972
1.051514	0.023193	0.063477	-3.595420	-0.267176	0.015267	4.430112
1.061279	0.014160	0.082764	-6.442748	-1.267176	-1.267176	4.440468
1.064941	0.019287	0.092285	-8.488550	-1.633588	-1.442748	4.450014
1.094238	0.047363	0.104492	-9.984733	-2.465649	-0.832061	4.460375
1.105713	0.018799	0.088867	-14.053435	-0.496183	-0.229008	4.470726
1.098633	0.032959	0.042725	-10.923664	2.412214	-1.664122	4.481062
1.097412	0.027344	0.058105	-14.938931	7.900763	-1.198473	4.491609
1.084961	0.030273	0.062500	-13.099237	8.068702	-2.832061	4.501668
1.110352	0.028564	0.033447	-14.671756	7.694656	-1.427481	4.512362
1.114258	0.025879	0.069580	-15.297710	5.862595	-1.335878	4.522475
1.116211	0.030273	0.072754	-13.488550	7.687023	-0.381679	4.532986
1.112793	0.091553	0.029297	-20.748092	9.435115	1.030534	4.543484
1.109131	0.087891	0.025146	-24.167939	21.007634	2.190840	4.554113
1.063721	0.010498	0.021973	-15.526718	24.320611	5.748092	4.564309
1.031250	0.000000	0.023193	-7.015267	24.465649	5.618321	4.574736
1.004639	0.004150	0.068604	-8.259542	20.328244	6.106870	4.585237
0.996826	-0.015625	0.057861	-12.916031	12.236641	5.725191	4.595703
1.033936	-0.006836	0.123047	-14.511450	13.328244	6.305344	4.606085
0.980225	0.005127	0.102295	-6.305344	3.526718	3.106870	4.616323
0.968506	0.018066	0.083740	-15.854962	6.381679	6.480916	4.626741
0.943359	-0.065186	0.104736	-0.938931	5.267176	3.061069	4.636426
0.973145	0.034912	0.092773	-3.603053	-5.198473	3.664122	4.647051
0.949707	0.035889	0.086426	-19.847328	-10.236641	6.809160	4.656922
0.982666	0.003662	0.086426	4.412214	0.473282	0.610687	4.667121
1.016357	0.011230	0.046143	1.809160	19.816794	2.763359	4.677434
0.964600	0.060303	0.040283	-1.916031	16.427481	0.259542	4.687828
1.006104	0.007080	0.036377	-18.053435	17.305344	1.709924	4.698330
0.958740	-0.032471	0.084229	-1.633588	19.854962	-1.083969	4.708725
0.971924	0.025146	0.105469	1.763359	19.175573	1.503817	4.719007
0.961426	0.010254	0.118896	0.732824	8.732824	1.687023	4.729219
0.968018	0.031250	0.115967	-4.458015	4.083969	2.885496	4.739325
0.959717	-0.000732	0.130371	-6.091603	1.160305	2.503817	4.750062
0.987793	0.011963	0.134033	-5.938931	-2.351145	3.022901	4.759416
1.003174	0.018311	0.140625	-2.274809	-5.427481	2.030534	4.768822
0.999023	0.035156	0.106689	-2.343511	-5.977099	3.206107	4.779379
1.038818	0.031250	0.091553	1.610687	-5.160305	1.404580	4.789739
1.043213	0.056885	0.100830	-0.641221	-1.564885	2.091603	4.800449
1.058838	0.032227	0.082520	-4.099237	-0.427481	1.129771	4.810685
1.030273	-0.029541	0.096191	-14.183206	1.297710	2.366412	4.820999
1.023193	0.049805	0.089355	-3.511450	-2.908397	-1.122137	4.831031
1.030518	-0.019287	0.116699	-6.572519	-3.473282	-0.625954	4.841424
1.005127	-0.002441	0.110107	-3.381679	-1.824427	-1.473282	4.852005
1.028809	0.075928	0.120117	2.160305	-3.282443	-4.541985	4.861577
1.012939	0.067871	0.091797	4.236641	-1.664122	-4.549618	4.872021
1.026855	0.054443	0.054932	4.145038	0.687023	-2.564885	4.882509
1.062500	0.029541	0.050293	8.396947	3.297710	-2.068702	4.892820
1.026367	0.072510	0.014893	2.175573	10.198473	2.099237	4.902973
1.037354	0.020508	0.073975	1.206107	7.206107	-2.488550	4.913247
1.003906	-0.012695	0.065918	1.572519	7.061069	-4.282443	4.923166
0.965088	-0.007568	0.074707	-4.221374	10.206107	-2.183206	4.933350
0.967773	-0.038086	0.069580	2.221374	3.671756	-5.633588	4.943902
0.957764	-0.015625	0.059814	1.549618	7.770992	-4.259542	4.954131
0.911133	-0.040527	0.055176	1.106870	9.656489	-4.954198	4.963841
0.887695	-0.043701	0.054199	-1.633588	8.946565	-4.923664	4.977173
0.907715	-0.029541	0.045654	0.717557	7.618321	-5.152672	4.987422
0.882324	-0.026855	0.053223	5.916031	4.511450	-4.809160	4.997511
0.905518	-0.027100	0.053223	2.870229	0.908397	-2.595420	5.008177
0.926758	-0.032715	0.075684	4.160305	-2.793893	-2.145038	5.018451
0.951416	-0.024414	0.088623	3.564885	-5.786260	-0.732824	5.028696
0.968506	-0.008057	0.107178	3.198473	-8.770992	1.076336	5.038910
0.995117	0.004150	0.110596	4.488550	-13.412214	1.778626	5.048975
1.028809	0.014648	0.115967	1.717557	-15.458015	3.351145	5.059310
1.047607	0.028076	0.121582	0.786260	-15.648855	3.587786	5.069372
1.057129	0.021729	0.118164	-0.167939	-16.557252	3.366412	5.080036
1.083496	0.014893	0.097900	-2.015267	-16.320611	3.404580	5.090848
1.100342	0.008545	0.103027	1.000000	-16.274809	1.786260	5.101043
1.104004	0.025879	0.098633	4.374046	-14.816794	1.236641	5.111041
1.113037	0.022461	0.078125	6.419847	-12.244275	0.725191	5.121497
1.105469	0.019531	0.054199	6.702290	-8.748092	-0.213740	5.132070
1.087402	0.013672	0.044678	5.290076	-6.473282	-0.893130	5.142536
1.062988	0.011719	0.040039	5.625954	-6.526718	-1.404580	5.152569
1.052246	0.009033	0.042236	7.236641	-6.748092	-2.190840	5.162740
1.043945	0.028564	0.044189	5.618321	-6.633588	-1.931298	5.173432
1.029785	0.026855	0.043457	8.442748	-6.045802	-1.931298	5.183587
1.025635	0.060303	0.048584	8.122137	-4.442748	-1.801527	5.194228
1.041504	0.038574	0.034668	2.312977	-3.236641	0.145038	5.204696
1.041260	0.042236	0.059326	2.503817	-1.282443	-0.251908	5.214996
1.027344	0.023682	0.050293	-1.297710	1.091603	1.038168	5.225490
1.014893	0.028320	0.058105	0.694656	-3.923664	-0.541985	5.235699
1.026611	0.042236	0.075684	-4.114504	-2.389313	-0.259542	5.246229
1.011719	0.053955	0.088135	-9.740458	-2.687023	0.305344	5.256774
1.021973	0.020264	0.079590	-12.709924	-2.786260	0.297710	5.266879
1.016846	0.024902	0.072754	-10.656489	-4.030534	-0.389313	5.277279
1.021973	0.026367	0.071045	-9.396947	-6.809160	-0.816794	5.287747
1.041504	0.024902	0.066650	-7.267176	-9.404580	-1.549618	5.298174
1.061279	0.027588	0.048096	-5.717557	-7.770992	-2.106870	5.308558
1.063721	0.041016	0.066895	-5.809160	-4.824427	-1.862595	5.319016
1.058350	0.030273	0.053711	-7.687023	-4.473282	-1.664122	5.329346
1.066650	0.020508	0.043213	-8.740458	-3.595420	-1.687023	5.339497
1.063232	0.026123	0.060303	-10.526718	-1.816794	-1.137405	5.349836
1.053467	0.026855	0.052490	-7.671756	-3.183206	-1.854962	5.359183
1.034668	0.017822	0.034668	-4.656489	-2.374046	-2.442748	5.369903
1.060059	0.040527	0.058105	-4.984733	-3.664122	-2.267176	5.380022
1.043213	0.033203	0.050293	-4.167939	-3.152672	-2.961832	5.390603
1.064453	0.043945	0.056641	-6.145038	-2.160305	-3.030534	5.400389
1.033447	0.020996	0.043945	-5.396947	-1.488550	-3.419847	5.410351
1.045410	0.037842	0.049561	-5.419847	0.870229	-3.442748	5.420509
1.035156	0.044922	0.056152	-3.587786	4.251908	-3.824427	5.430727
1.021729	0.052246	0.060547	-5.267176	5.099237	-3.068702	5.441221
1.033203	0.031982	0.050049	-7.786260	5.893130	-1.916031	5.451537
1.015137	0.029297	0.052734	-6.038168	5.366412	-2.091603	5.461732
1.006836	0.030762	0.032227	-8.099237	4.496183	-1.221374	5.471689
0.998291	0.015381	0.028320	-7.877863	3.374046	-0.374046	5.481844
0.993408	0.014893	0.034424	-7.061069	3.007634	0.145038	5.492082
0.989258	0.000000	0.023926	-8.862595	3.129771	0.625954	5.502360
0.979980	-0.009766	0.013672	-9.106870	1.396947	0.351145	5.512570
0.987549	-0.015625	0.031738	-10.549618	0.290076	0.198473	5.523056
0.984131	-0.014893	0.045654	-10.786260	-1.427481	-0.068702	5.533165
0.985596	-0.014893	0.060547	-9.946565	-4.419847	-0.129771	5.543364
1.015869	0.008301	0.074463	-8.946565	-9.274809	0.366412	5.553434
1.025635	0.001709	0.074707	-7.312977	-13.442748	0.992366	5.563659
1.038330	0.002930	0.071777	-6.610687	-15.679389	1.465649	5.573579
1.044678	0.010010	0.053223	-5.282443	-16.641221	1.519084	5.583891
1.053711	0.010254	0.028564	-3.648855	-15.656489	1.549618	5.594246
1.056396	0.005615	0.019775	-4.488550	-12.732824	1.458015	5.604526
1.056885	-0.003174	0.012939	-3.229008	-9.221374	0.267176	5.614677
1.061035	0.006104	0.024414	-1.358779	-2.099237	-0.244275	5.624877
1.040039	0.015137	0.026123	-3.496183	4.381679	0.175573	5.635129
1.043701	-0.000977	0.038574	-5.038168	9.885496	0.770992	5.645611
1.019287	0.029053	0.038086	1.221374	6.030534	0.076336	5.655919
0.999756	0.026611	0.030518	1.122137	0.099237	1.244275	5.666043
1.023438	0.017090	0.028809	1.236641	-6.732824	1.740458	5.676114
1.008057	0.019043	0.027100	3.137405	-14.305344	0.610687	5.686409
1.019287	0.020996	0.015625	3.244275	-17.961832	0.938931	5.697008
1.085449	0.045166	0.033447	-2.358779	-16.473282	0.908397	5.707274
1.051025	0.019043	0.015137	-6.244275	-8.175573	0.961832	5.717604
1.036133	0.020996	0.002930	-1.297710	-4.053435	0.770992	5.727647
1.016113	0.017578	-0.006836	1.450382	-1.633588	1.305344	5.737323
1.010010	0.023926	-0.024170	0.076336	3.671756	2.091603	5.748165
0.992188	0.008789	-0.022949	-2.145038	5.229008	2.083969	5.758411
0.977783	0.005859	-0.011963	-2.335878	0.671756	1.938931	5.768980
0.974121	-0.015869	0.003662	-1.458015	-3.526718	2.251908	5.778962
0.972168	-0.007812	0.010498	0.351145	-9.572519	2.442748	5.789095
0.995361	-0.008301	-0.014648	1.793893	-12.099237	2.312977	5.799540
0.998047	-0.004639	-0.010986	1.541985	-13.290076	2.938931	5.810382
1.003418	-0.013916	-0.024902	0.480916	-11.274809	3.129771	5.820517
1.025391	-0.022705	-0.041504	-0.351145	-8.190840	3.358779	5.830841
1.025146	-0.038818	-0.030029	-0.106870	-7.717557	4.167939	5.841646
1.045166	-0.017578	-0.046387	-2.068702	-5.992366	5.732824	5.852189
1.052490	-0.046387	-0.027344	-0.900763	-8.862595	5.702290	5.862406
1.055664	-0.047363	-0.044189	1.221374	-10.694656	6.229008	5.872601
1.057617	-0.047363	-0.022705	3.015267	-13.694656	6.251908	5.882636
1.062012	-0.030273	-0.046875	2.564885	-14.297710	5.793893	5.893108
1.050537	-0.031494	-0.035400	6.862595	-13.053435	4.465649	5.903649
1.011719	-0.030029	-0.007080	6.442748	-10.679389	4.129771	5.913613
1.018555	-0.018799	-0.030518	12.442748	-12.625954	0.984733	5.922943
1.015381	-0.013184	0.014404	16.641221	-13.076336	1.244275	5.932178
1.023682	0.011230	-0.001465	17.480916	-14.404580	0.763359	5.941854
0.993408	0.073730	0.006104	20.335878	-14.969466	0.190840	5.952621
1.016113	0.075684	-0.010742	17.198473	-15.259542	2.091603	5.962923
1.041748	0.062744	0.010986	15.458015	-14.564885	1.946565	5.973179
1.001709	0.067871	-0.054443	17.099237	-16.267176	0.099237	5.983145
1.121338	0.075195	-0.052734	7.824427	-8.290076	1.610687	5.993538
1.105713	0.014160	-0.091309	7.480916	-3.862595	0.809160	6.003986
1.077881	0.046631	-0.063965	8.732824	-4.114504	0.793893	6.014295
1.095703	0.025635	-0.078125	4.267176	-7.366412	1.709924	6.024417
1.090820	0.017822	-0.052002	-2.282443	-6.374046	2.961832	6.034807
1.053711	0.033936	-0.058105	-4.305344	-7.343511	2.694656	6.044172
1.043457	0.013672	-0.037598	-3.404580	-7.526718	1.610687	6.054027
1.061035	0.018311	-0.009521	-4.977099	-4.694656	0.022901	6.065176
1.056641	0.009033	-0.008301	-0.893130	-5.534351	0.633588	6.075277
1.021729	0.006592	-0.018066	-2.374046	-4.885496	1.343511	6.085271
1.055420	0.007812	-0.004883	-2.671756	-2.694656	-0.641221	6.095169
1.026855	0.003662	-0.036865	-6.053435	1.412214	0.603053	6.105791
1.020508	-0.000977	-0.034668	-5.114504	-0.885496	0.381679	6.116082
1.012207	0.000000	-0.036621	-1.725191	-2.854962	-0.503817	6.126260
1.029053	0.019043	-0.024170	-3.419847	-3.145038	-0.732824	6.136463
1.020752	0.008545	-0.031006	-7.992366	-2.106870	-0.175573	6.146919
1.020020	0.007812	-0.033691	-6.389313	-2.862595	-0.923664	6.157262
1.016846	0.000244	-0.030762	-5.503817	-3.610687	-1.236641	6.167340
1.031738	0.002686	-0.037109	-4.862595	-4.160305	-1.335878	6.177503
1.025391	0.009033	-0.045654	-5.015267	-2.343511	-1.129771	6.187633
1.037598	-0.006348	-0.039062	-4.549618	-0.282443	-1.358779	6.197889
1.037109	-0.004150	-0.039795	-3.526718	0.236641	-1.732824	6.208298
1.028320	0.000244	-0.037109	-4.549618	1.908397	-1.885496	6.218610
1.035645	0.001465	-0.033203	-2.870229	1.992366	-2.381679	6.228808
1.035889	0.000244	-0.031250	-2.496183	1.702290	-2.694656	6.239150
1.033936	0.010498	-0.028809	-2.038168	0.877863	-3.022901	6.249300
1.037842	0.001953	-0.056396	-1.396947	0.175573	-3.312977	6.259968
1.042969	-0.002686	-0.065186	-1.328244	-0.694656	-3.129771	6.270257
1.036377	-0.003174	-0.068604	-0.076336	-0.961832	-2.977099	6.280061
1.034180	-0.003174	-0.075684	0.465649	-1.305344	-2.160305	6.290338
1.042236	-0.008057	-0.072510	0.748092	-0.603053	-1.160305	6.300553
1.048584	-0.008789	-0.080322	1.480916	0.145038	0.160305	6.311108
1.049072	-0.020752	-0.095947	2.664122	0.664122	1.000000	6.321386
1.059082	-0.000732	-0.105225	1.083969	1.778626	2.145038	6.331579
1.060791	-0.024902	-0.104980	-0.793893	1.519084	2.618321	6.342015
1.061279	-0.002930	-0.088379	-1.473282	0.106870	2.893130	6.352258
1.054932	-0.014648	-0.065186	-2.770992	-2.137405	2.816794	6.362652
1.056396	-0.016113	-0.050781	-4.809160	-4.625954	2.534351	6.372860
1.063965	-0.015869	-0.047119	-7.442748	-5.954198	2.709924	6.383251
1.058838	-0.008789	-0.043945	-8.190840	-6.618321	2.206107	6.393224
1.058594	-0.052490	-0.031006	-7.969466	-4.335878	4.389313	6.403895
1.007080	-0.003174	-0.037842	-6.854962	-0.267176	0.534351	6.414383
1.034668	0.000000	-0.036377	-7.503817	2.145038	1.335878	6.424565
1.018555	-0.007080	-0.046875	-5.885496	3.557252	0.671756	6.435026
0.994873	-0.002441	-0.057129	-3.809160	0.480916	-0.083969	6.445508
1.011963	0.013672	-0.062012	-3.106870	0.503817	-0.106870	6.455768
0.995850	-0.013672	-0.073975	-1.213740	-0.099237	-0.480916	6.465975
0.995117	-0.006592	-0.086182	0.122137	0.213740	-0.213740	6.476430
1.019043	-0.010498	-0.074219	-0.954198	-0.351145	0.381679	6.486586
1.013916	-0.031250	-0.081787	-2.862595	-0.702290	0.648855	6.496978
1.018555	-0.038086	-0.078857	-2.893130	-2.480916	1.458015	6.506856
1.018066	-0.022705	-0.048096	-1.000000	-4.603053	1.251908	6.517749
1.031250	-0.035645	-0.043213	-2.145038	-2.748092	1.740458	6.528182
1.028320	-0.048828	-0.066895	-0.587786	-3.656489	1.175573	6.538833
1.023682	-0.027588	-0.059570	1.801527	-3.618321	0.160305	6.548843
1.020752	-0.027344	-0.054688	2.114504	-3.297710	-0.717557	6.559358
1.011475	-0.027832	-0.065186	3.106870	-2.351145	-1.259542	6.569674
1.007812	-0.005859	-0.062744	5.053435	-0.099237	-1.572519	6.580139
1.000488	-0.023438	-0.070312	4.664122	-0.290076	-2.114504	6.590591
1.011963	-0.035156	-0.062012	4.900763	-2.961832	-2.839695	6.600647
1.014404	-0.027100	-0.070557	6.893130	-5.000000	-3.618321	6.610887
1.009277	-0.025879	-0.062500	8.374046	-6.198473	-4.229008	6.621194
1.009521	-0.016357	-0.053711	9.725191	-7.206107	-4.129771	6.631723
1.016113	-0.015625	-0.072754	9.526718	-7.030534	-3.580153	6.641928
1.030029	-0.008545	-0.075195	9.099237	-5.900763	-3.236641	6.652317
1.035645	-0.011963	-0.066895	9.038168	-6.404580	-3.290076	6.662622
1.057129	-0.007080	-0.068115	9.931298	-7.519084	-3.374046	6.672737
1.063721	-0.008301	-0.056641	9.618321	-7.534351	-3.328244	6.682499
1.072998	-0.011719	-0.061279	9.297710	-7.152672	-3.656489	6.692461
1.076416	0.008057	-0.063965	7.381679	-7.175573	-3.450382	6.701942
1.086914	0.012451	-0.055908	6.076336	-7.961832	-3.564885	6.712618
1.095215	0.020264	-0.059814	3.984733	-6.877863	-3.702290	6.723178
1.089111	0.035156	-0.073486	3.030534	-5.091603	-4.076336	6.733279
1.088379	0.048096	-0.053223	2.908397	-3.541985	-4.343511	6.743533
1.078857	0.062744	-0.076172	1.076336	-0.801527	-3.511450	6.753697
1.075439	0.048828	-0.084473	2.770992	1.229008	-3.290076	6.763989
1.075928	0.058594	-0.094238	-0.122137	2.778626	-2.480916	6.774376
1.070801	0.048096	-0.101074	-1.480916	4.832061	-1.725191	6.784425
1.070557	0.026855	-0.095703	-3.854962	6.206107	-0.847328	6.794968
1.055908	0.036133	-0.087402	-4.282443	6.129771	-0.931298	6.805227
1.041260	0.034668	-0.084473	-5.343511	6.801527	-1.175573	6.815349
1.020752	0.023682	-0.077881	-6.770992	7.236641	-1.236641	6.825007
1.021240	0.027832	-0.068848	-7.450382	6.687023	-1.755725	6.834374
1.001221	0.016357	-0.066162	-6.488550	4.885496	-2.603053	6.844271
1.016602	0.017822	-0.075684	-6.809160	6.580153	-2.038168	6.854917
1.002441	0.011719	-0.093018	-5.076336	3.564885	-2.526718	6.865361
1.003418	-0.010986	-0.100830	-5.396947	1.793893	-1.595420	6.875427
1.016357	0.007324	-0.093750	-1.885496	-0.129771	-1.961832	6.885809
1.032715	-0.004639	-0.092529	-6.366412	0.595420	-0.435115	6.896019
1.035400	-0.006592	-0.088135	-7.480916	0.358779	-0.160305	6.906008
1.038574	-0.012939	-0.087158	-6.938931	-1.000000	0.351145	6.916365
1.033936	-0.010986	-0.084717	-7.053435	-1.770992	0.969466	6.926613
1.042480	-0.009277	-0.095459	-7.221374	-1.290076	1.045802	6.937236
1.035400	-0.014160	-0.090576	-7.351145	-0.488550	1.488550	6.947449
1.031006	-0.024170	-0.092529	-6.480916	-0.167939	1.419847	6.958127
1.031494	-0.016846	-0.089355	-6.694656	0.099237	0.931298	6.968368
1.039551	-0.006104	-0.086670	-6.480916	0.152672	0.473282	6.982004
1.030762	-0.023926	-0.073975	-5.122137	-0.091603	-0.641221	6.992173
1.036621	-0.003906	-0.057129	-5.732824	-0.694656	-0.687023	7.002638
1.027588	0.014160	-0.057373	-6.076336	-1.083969	-1.061069	7.012289
1.038330	0.009766	-0.049805	-5.870229	-0.603053	-1.435115	7.022920
1.033936	0.009277	-0.069092	-5.351145	-0.259542	-1.213740	7.033198
1.028809	0.012939	-0.062744	-4.167939	0.297710	-1.236641	7.043795
1.040527	0.001953	-0.076660	-2.664122	0.862595	-1.229008	7.054310
1.041260	0.005127	-0.091309	-2.000000	0.938931	-1.167939	7.064653
1.038330	-0.007568	-0.090576	-1.862595	1.618321	-0.954198	7.075170
1.038574	-0.017090	-0.103027	-1.198473	2.175573	-1.595420	7.085674
1.031494	-0.020508	-0.092529	0.244275	2.305344	-1.854962	7.095807
1.016846	-0.019775	-0.084717	0.755725	1.488550	-2.381679	7.106548
1.030029	-0.020996	-0.092529	0.839695	0.847328	-2.251908	7.116556
1.028809	-0.026367	-0.088379	1.740458	0.297710	-2.488550	7.127169
1.037842	-0.017334	-0.099854	2.465649	-0.267176	-2.381679	7.137572
1.026611	-0.020264	-0.103760	2.427481	-0.770992	-1.496183	7.148308
1.024170	-0.014404	-0.108643	2.503817	-0.633588	-0.816794	7.159023
1.026367	-0.015137	-0.104004	3.083969	-0.870229	-0.152672	7.169339
1.027100	-0.009033	-0.093750	2.137405	-1.068702	0.603053	7.179569
1.032959	-0.005371	-0.106934	1.923664	-1.595420	0.763359	7.189865
1.034180	-0.000732	-0.104248	2.083969	-1.839695	0.862595	7.200219
1.039795	0.004639	-0.096680	2.656489	-1.992366	0.603053	7.210262
1.037842	0.010742	-0.087646	2.022901	-2.427481	0.519084	7.220597
1.045654	0.004150	-0.085449	1.167939	-2.412214	0.396947	7.230751
1.046875	-0.001953	-0.088623	0.541985	-1.534351	0.160305	7.240971
1.046387	-0.005127	-0.092285	-1.129771	-0.442748	0.221374	7.251372
1.049316	0.001953	-0.078125	-1.824427	0.320611	0.267176	7.261518
1.047363	0.000977	-0.063477	-1.564885	0.129771	-0.290076	7.271642
1.047852	0.008057	-0.077148	-1.778626	-0.274809	-0.549618	7.282005
1.037842	0.009521	-0.080078	-2.473282	-1.793893	-0.687023	7.292249
1.046143	0.018799	-0.078369	-2.343511	-1.770992	-0.664122	7.302533
1.052490	0.013184	-0.075684	-2.961832	0.114504	-0.572519	7.312573
1.054199	0.007080	-0.099854	-1.740458	1.534351	-0.389313	7.322100
1.048584	0.003174	-0.107910	-1.465649	3.267176	-0.229008	7.332217
1.038574	0.004395	-0.114014	-1.709924	4.213740	-0.473282	7.341811
1.041260	-0.005371	-0.101807	-2.526718	3.809160	-0.786260	7.352684
1.043457	-0.007568	-0.093994	-0.450382	2.832061	-1.419847	7.363149
1.033447	-0.010010	-0.097656	-1.801527	1.549618	-1.282443	7.373416
1.033203	-0.012451	-0.078125	-2.259542	1.923664	-1.091603	7.383717
1.032959	-0.014648	-0.088867	-1.572519	1.511450	-1.435115	7.394181
1.034180	-0.015137	-0.082031	-2.534351	0.725191	-0.984733	7.404598
1.031006	-0.016602	-0.083984	-4.206107	-0.496183	-0.549618	7.414286
1.039307	-0.015381	-0.085938	-3.236641	-0.893130	-0.610687	7.423612
1.034912	-0.007568	-0.092529	-4.053435	-1.954198	-0.381679	7.432856
1.040771	-0.004883	-0.094971	-3.198473	-2.038168	-0.900763	7.442006
1.045898	0.000000	-0.083496	-4.038168	-0.122137	-0.938931	7.451810
1.035400	-0.003418	-0.099609	-5.931298	1.480916	-0.984733	7.462943
1.043213	0.003906	-0.094971	-5.137405	1.328244	-1.610687	7.473148
1.045410	0.013184	-0.088867	-6.786260	1.229008	-1.587786	7.483421
1.053955	-0.002686	-0.089355	-7.488550	1.893130	-2.297710	7.493574
1.059570	0.005371	-0.076904	-8.526718	2.595420	-2.343511	7.503899
1.067383	-0.001221	-0.072266	-9.847328	2.236641	-2.694656	7.514021
1.067871	-0.003174	-0.066650	-11.335878	1.625954	-2.946565	7.524019
1.071777	0.000732	-0.058350	-11.984733	1.572519	-3.648855	7.534488
1.067871	0.006836	-0.039307	-13.015267	1.213740	-4.190840	7.544669
1.060791	0.025635	-0.018311	-13.419847	1.496183	-4.816794	7.555226
1.088623	0.021484	-0.029297	-14.633588	-0.442748	-5.244275	7.565744
1.168457	-0.032227	-0.083984	-14.450382	-8.099237	-7.175573	7.576078
1.039795	0.033203	-0.059570	-9.259542	0.595420	-9.374046	7.586599
1.026123	0.060791	-0.045410	-10.832061	1.038168	-6.664122	7.596705
1.075439	0.035889	-0.058838	-10.969466	7.091603	-5.992366	7.607032
1.064941	0.047363	-0.104492	-10.450382	10.022901	-4.045802	7.617250
1.081055	0.037354	-0.116211	-5.916031	7.473282	-3.427481	7.627386
1.065430	0.015869	-0.118652	-1.755725	7.068702	-3.091603	7.637980
1.060303	0.033936	-0.121094	-6.412214	12.312977	-1.793893	7.648163
1.028564	0.000000	-0.105225	-11.473282	12.732824	-1.641221	7.658446
1.009277	-0.014648	-0.081787	-12.755725	13.480916	-2.335878	7.668607
0.999268	-0.012207	-0.084717	-12.083969	14.519084	-3.282443	7.679153
0.979980	-0.015625	-0.072021	-9.351145	13.832061	-4.122137	7.689463
0.979736	-0.015869	-0.085205	-6.847328	13.847328	-4.267176	7.699543
0.968018	-0.011719	-0.076172	-5.000000	12.755725	-4.045802	7.710174
0.960938	0.002197	-0.082764	-4.694656	10.053435	-3.290076	7.720557
0.947998	-0.009521	-0.096924	-6.206107	3.717557	-2.557252	7.730751
0.955566	-0.022217	-0.089355	-9.809160	1.236641	-2.030534	7.740279
0.966553	-0.028809	-0.089111	-10.839695	-1.137405	-1.824427	7.751365
0.961670	-0.022705	-0.087646	-11.175573	-4.320611	-0.954198	7.760726
0.996338	-0.017578	-0.069580	-9.145038	-10.190840	-0.442748	7.771487
1.005859	-0.025391	-0.058350	-8.129771	-16.183206	0.297710	7.782073
1.034180	-0.026123	-0.049316	-4.396947	-21.816794	-1.320611	7.792311
1.088379	0.002930	-0.052734	-10.229008	-21.312977	-1.412214	7.803020
1.077393	0.006836	-0.075195	-11.694656	-10.732824	-1.694656	7.812988
1.083496	-0.010986	-0.111816	-3.732824	-7.381679	-4.122137	7.823338
1.068604	0.010986	-0.108398	3.404580	-7.480916	-4.412214	7.833752
1.083252	0.026123	-0.139893	5.618321	-1.015267	-4.992366	7.844194
1.061768	0.062012	-0.124023	-1.679389	3.145038	-2.702290	7.854535
1.030029	0.060791	-0.102295	-2.916031	6.480916	-2.923664	7.864727
1.011475	0.039307	-0.082275	-4.167939	8.061069	-1.961832	7.875046
0.986328	0.023682	-0.069580	2.221374	5.122137	-3.992366	7.885447
0.980469	0.021973	-0.115723	-1.015267	0.664122	-1.648855	7.895498
1.006348	0.027100	-0.083008	0.312977	-0.557252	-1.824427	7.905474
1.007080	0.007080	-0.078369	1.244275	-2.106870	-1.610687	7.914806
0.997070	-0.003906	-0.078613	2.175573	-4.503817	-1.374046	7.924144
1.018066	0.007568	-0.104004	2.099237	-6.435115	-1.007634	7.933749
1.034668	-0.013428	-0.104004	3.038168	-8.389313	-0.984733	7.945041
1.043213	0.004883	-0.104492	3.251908	-5.748092	-0.328244	7.955279
1.012207	-0.006592	-0.101807	5.305344	-6.206107	-0.793893	7.964802
1.024170	0.031494	-0.092041	0.221374	-6.015267	0.908397	7.974247
1.000488	-0.003418	-0.107666	3.893130	-7.488550	-0.572519	7.983751
0.991699	0.007324	-0.104736	7.549618	-9.251908	-0.473282	7.995075
1.021240	0.023193	-0.098877	5.351145	-6.694656	0.076336	8.005514
0.998047	0.012939	-0.102783	4.290076	-7.389313	-0.061069	8.015659
1.003906	0.014893	-0.101807	6.702290	-9.969466	-0.870229	8.025129
1.014160	0.020264	-0.092285	5.450382	-11.801527	-0.664122	8.035615
1.013672	0.029785	-0.093994	4.129771	-9.893130	0.541985	8.045911
1.019287	0.035889	-0.096436	5.366412	-9.320611	0.984733	8.056161
1.017578	0.025391	-0.117432	7.022901	-9.740458	1.427481	8.065426
1.035889	0.035645	-0.126709	8.610687	-10.198473	2.099237	8.075145
1.034424	0.040039	-0.136230	10.167939	-8.282443	1.022901	8.086144
1.025146	0.023926	-0.123291	10.160305	-7.083969	0.229008	8.096166
1.026855	0.030518	-0.108398	10.503817	-5.793893	-1.503817	8.106019
1.027832	0.045166	-0.096924	9.358779	-3.198473	-2.656489	8.116647
1.017578	0.044922	-0.099121	7.572519	-1.198473	-3.511450	8.126640
1.022217	0.043213	-0.119385	7.732824	0.709924	-4.526718	8.136588
1.030029	0.043213	-0.109131	6.832061	1.740458	-4.992366	8.146749
1.040771	0.038330	-0.122314	5.458015	2.671756	-4.969466	8.157209
1.059570	0.049561	-0.126465	6.083969	1.496183	-5.488550	8.167328
1.076660	0.071777	-0.138916	3.282443	-0.557252	-4.465649	8.177587
1.089111	0.055420	-0.140625	1.687023	-3.877863	-4.061069	8.188156
1.107422	0.053711	-0.137207	-1.251908	-0.206107	-3.328244	8.198390
1.107910	0.061279	-0.130371	-2.007634	1.312977	-3.564885	8.208640
1.099854	0.051025	-0.136230	-5.778626	3.877863	-4.541985	8.218707
1.082031	0.032471	-0.136230	-6.167939	6.961832	-5.030534	8.229018
1.058838	0.028320	-0.140381	-6.259542	11.595420	-5.396947	8.239052
1.048584	0.031982	-0.123535	-7.175573	14.748092	-5.603053	8.249149
1.027588	0.019531	-0.123535	-5.442748	14.648855	-6.152672	8.259857
1.036621	0.022461	-0.127930	-2.335878	13.129771	-6.664122	8.270033
1.029297	0.032959	-0.133301	-2.244275	11.167939	-5.412214	8.280363
1.020752	0.028564	-0.135742	-0.282443	7.129771	-4.694656	8.290559
1.034668	0.023193	-0.118164	-0.351145	3.946565	-3.534351	8.300972
1.037354	0.023926	-0.131592	-1.564885	2.519084	-1.679389	8.311401
1.055908	0.027588	-0.132324	-1.137405	0.312977	-0.679389	8.321807
1.061523	0.027832	-0.124023	-1.541985	-1.671756	-0.282443	8.332693
1.060547	0.028809	-0.128174	-3.229008	-2.396947	0.664122	8.342730
1.067871	0.034424	-0.121826	-5.259542	-1.450382	1.221374	8.352993
1.075928	0.034424	-0.111328	-5.442748	1.564885	0.854962	8.363844
1.069580	0.041260	-0.117188	-6.580153	4.442748	1.328244	8.374224
1.065430	0.045166	-0.118408	-8.022901	6.381679	1.297710	8.384527
1.064697	0.047119	-0.101807	-9.969466	8.816794	1.366412	8.394835
1.054199	0.024414	-0.088379	-10.465649	8.954198	1.137405	8.405169
1.058350	0.054199	-0.061768	-11.923664	9.122137	1.099237	8.415392
1.056641	0.060791	-0.071289	-15.496183	11.152672	1.038168	8.425744
1.041504	0.075195	-0.048340	-18.465649	12.671756	1.526718	8.436553
1.015137	0.035889	-0.062988	-13.801527	4.167939	-0.511450	8.446356
1.064697	0.066162	-0.034424	-13.916031	2.305344	-0.374046	8.457023
1.072021	0.075195	-0.044922	-17.320611	9.083969	-0.564885	8.467341
1.049805	0.048584	-0.075684	-17.015267	10.198473	-1.732824	8.477951
1.055176	0.034912	-0.082764	-16.702290	11.305344	-2.603053	8.488387
1.056396	0.049561	-0.085938	-18.702290	15.312977	-2.900763	8.498720
1.047607	0.025635	-0.082764	-15.694656	15.206107	-4.648855	8.508957
1.042236	0.041992	-0.080322	-14.412214	13.931298	-4.694656	8.519156
1.051025	0.042969	-0.056641	-12.160305	15.175573	-4.320611	8.529358
1.036377	0.044434	-0.069336	-11.190840	15.755725	-3.496183	8.539602
1.049072	0.049072	-0.068848	-10.786260	15.816794	-3.282443	8.549250
1.037842	0.039795	-0.077393	-13.396947	15.725191	-2.564885	8.559694
1.037354	0.027588	-0.071289	-12.282443	14.236641	-2.221374	8.569967
1.052490	0.028076	-0.080322	-11.801527	12.961832	-1.664122	8.580559
1.050537	0.019775	-0.083496	-11.938931	11.885496	-1.213740	8.590518
1.055176	0.030518	-0.082275	-14.015267	10.335878	-1.114504	8.600736
1.045654	0.029053	-0.074219	-17.473282	9.709924	-0.633588	8.610187
1.055908	0.017090	-0.052002	-15.114504	9.282443	-0.977099	8.620395
1.045654	0.028564	-0.071289	-13.251908	8.381679	-1.129771	8.630506
1.018799	0.022949	-0.070068	-18.610687	10.656489	0.396947	8.640772
1.020996	0.031982	-0.058350	-15.587786	10.511450	-0.152672	8.650505
1.028320	0.041260	-0.046387	-17.549618	11.778626	0.366412	8.660559
1.024170	0.025635	-0.040283	-19.274809	10.580153	0.938931	8.671182
1.020508	0.022461	-0.036133	-17.618321	11.732824	0.893130	8.681299
1.013672	0.030518	-0.040771	-16.038168	11.404580	0.946565	8.691588
1.008545	0.042725	-0.046875	-16.977099	11.946565	1.488550	8.702124
1.005615	0.041504	-0.037354	-16.786260	11.412214	1.473282	8.712209
1.005127	0.041504	-0.015381	-16.435115	10.572519	1.335878	8.722482
1.006104	0.037109	-0.018311	-16.496183	9.893130	1.328244	8.732499
1.003906	0.033936	-0.026367	-16.068702	9.885496	1.076336	8.742633
1.014160	0.034424	-0.024902	-15.312977	10.160305	1.068702	8.752521
1.006836	0.022217	-0.027588	-15.152672	10.114504	0.732824	8.762946
1.016602	0.014648	-0.036377	-16.358779	9.595420	0.793893	8.773026
1.024658	0.008057	-0.034180	-15.282443	8.969466	0.610687	8.783350
1.013672	-0.002441	-0.019531	-15.251908	8.183206	0.732824	8.793540
1.021484	-0.016602	-0.029053	-15.366412	7.679389	1.167939	8.803986
1.032959	-0.021729	-0.028076	-15.587786	7.511450	1.534351	8.814235
1.018799	-0.019531	-0.011963	-15.015267	5.366412	1.786260	8.824085
1.032227	-0.026855	-0.011230	-14.839695	3.221374	2.580153	8.834040
1.031982	-0.028320	-0.015137	-13.053435	1.603053	3.465649	8.844631
1.056885	-0.018066	-0.013184	-10.908397	1.374046	4.908397	8.854744
1.033691	-0.009033	-0.019043	-7.717557	0.824427	5.091603	8.864989
1.035645	-0.005615	-0.017578	-6.206107	2.557252	5.938931	8.875224
1.029541	0.024414	-0.005615	-5.152672	3.969466	6.847328	8.885457
1.015137	0.027588	0.007080	-5.916031	2.832061	7.473282	8.895795
1.021729	0.030273	-0.022705	-4.580153	1.236641	7.106870	8.906324
1.085693	0.054688	0.013916	-6.213740	-2.175573	5.870229	8.916597
1.101074	0.068848	0.002930	-7.725191	-2.954198	9.984733	8.927036
1.132568	0.090088	-0.022949	-7.671756	-0.977099	12.137405	8.937411
1.114014	0.078125	-0.036133	-7.007634	2.015267	12.824427	8.947588
1.106445	0.076172	-0.046875	-8.587786	6.137405	13.297710	8.960055
1.071045	0.038330	-0.032227	-9.679389	10.312977	12.259542	8.971813
1.046875	-0.009277	-0.045410	-10.549618	14.167939	10.145038	8.984138
1.008057	-0.035400	-0.054688	-9.748092	15.755725	8.351145	8.994591
1.022461	-0.036621	-0.018555	-4.190840	19.465649	6.022901	9.005400
1.034668	-0.025635	-0.030762	-10.862595	23.236641	7.091603	9.015452
0.974365	-0.032471	-0.015137	-8.946565	22.793893	7.450382	9.025838
1.005615	-0.011963	-0.060547	-6.625954	10.740458	5.885496	9.036288
1.003418	-0.029541	-0.060547	-8.290076	5.160305	9.801527	9.046353
1.041748	0.019531	-0.083496	-5.854962	4.419847	10.335878	9.056926
0.968750	-0.018799	-0.082764	-17.526718	5.687023	13.053435	9.067192
1.035156	0.028564	-0.051758	-23.297710	2.816794	13.152672	9.077642
1.018311	-0.026123	-0.037354	-17.282443	3.442748	10.740458	9.088300
0.983154	-0.010986	-0.052734	-23.893130	3.541985	12.603053	9.098738
1.023438	-0.013428	-0.017090	-25.656489	2.610687	12.061069	9.109427
1.013184	-0.026123	-0.012695	-23.213740	4.954198	11.801527	9.119986
1.002686	-0.004639	0.014893	-21.641221	5.893130	12.213740	9.130027
1.008789	-0.008545	0.024414	-20.664122	4.923664	12.893130	9.140041
1.002197	-0.032715	0.007812	-16.503817	0.793893	12.961832	9.150548
1.029785	-0.031982	-0.007568	-16.122137	-2.564885	13.984733	9.160165
1.017334	-0.031494	-0.008057	-15.229008	-4.358779	13.854962	9.170363
1.041504	-0.045898	-0.028809	-17.236641	-2.977099	14.412214	9.180527
1.043701	-0.047119	-0.029053	-16.358779	-0.671756	14.610687	9.190710
1.052002	-0.066406	0.004395	-15.763359	1.977099	14.213740	9.201022
1.071289	-0.065186	-0.010498	-15.404580	3.694656	12.687023	9.211117
1.050781	-0.047852	-0.010254	-16.320611	9.473282	12.167939	9.221501
1.029541	-0.070312	-0.017578	-17.351145	9.893130	10.610687	9.231651
1.044678	-0.095215	-0.011475	-15.145038	8.946565	7.465649	9.241924
1.039307	-0.077637	0.004395	-14.022901	9.206107	5.015267	9.251696
1.056641	-0.063965	0.033936	-13.740458	11.160305	3.801527	9.261012
1.045166	-0.080078	0.019287	-13.503817	9.068702	2.511450	9.270340
1.058594	-0.063477	0.035156	-14.977099	8.557252	2.480916	9.279713
1.060059	-0.051514	0.012451	-13.503817	8.458015	1.854962	9.290632
1.057129	-0.052490	0.016113	-14.366412	7.618321	1.175573	9.301472
1.048096	-0.060791	0.020020	-15.526718	9.015267	0.671756	9.311851
1.047119	-0.077393	0.007080	-11.435115	10.045802	-1.534351	9.322156
1.037842	-0.056396	0.028320	-11.572519	13.916031	-2.374046	9.332528
1.009521	-0.075439	0.015869	-10.854962	18.114504	-3.389313	9.342691
1.015381	-0.081299	0.020996	-6.152672	19.740458	-4.832061	9.353243
0.984131	-0.065430	0.024414	-1.038168	18.106870	-5.503817	9.363369
0.993408	-0.050293	-0.003906	0.961832	15.961832	-5.312977	9.373596
0.975586	-0.071289	-0.005859	1.656489	13.030534	-5.190840	9.383967
0.981445	-0.073975	-0.004639	3.160305	9.610687	-4.847328	9.394286
0.988281	-0.074463	-0.005127	2.213740	5.603053	-5.213740	9.404717
0.996094	-0.070312	0.009277	1.770992	4.786260	-5.496183	9.414923
1.008545	-0.073730	0.026611	-0.717557	6.908397	-5.854962	9.424568
0.993164	-0.069824	0.030273	-0.595420	6.763359	-7.145038	9.433930
0.985352	-0.064941	0.047119	0.755725	7.580153	-7.923664	9.444604
0.997559	-0.060303	0.060791	3.267176	8.702290	-8.984733	9.455008
0.993896	-0.040771	0.046875	2.145038	8.496183	-9.412214	9.464993
0.995117	-0.039795	0.052002	2.893130	6.106870	-10.343511	9.475432
0.989014	-0.049316	0.040771	6.183206	3.557252	-11.152672	9.485961
1.007812	-0.013672	0.040283	6.030534	4.290076	-11.755725	9.495876
1.012939	-0.031006	0.019531	1.595420	6.106870	-11.847328	9.506389
0.999023	-0.020508	0.021484	0.465649	9.580153	-11.832061	9.516560
1.014648	-0.032227	0.029297	2.198473	10.656489	-12.465649	9.526767
0.993408	-0.025879	0.021240	2.389313	11.610687	-12.175573	9.536847
1.015137	-0.033691	0.022217	-0.038168	12.580153	-11.832061	9.547233
0.998047	-0.038574	0.033203	-0.427481	12.732824	-12.106870	9.557618
0.987549	-0.036865	0.031494	-0.374046	10.374046	-12.206107	9.567304
0.993652	-0.031982	0.047852	2.778626	6.580153	-12.717557	9.577880
1.016602	-0.047363	0.065918	4.305344	1.694656	-13.022901	9.588383
1.020508	-0.037354	0.064941	2.854962	-1.801527	-13.045802	9.598716
1.031494	-0.045654	0.067383	3.427481	-5.625954	-12.946565	9.609258
1.063965	-0.020264	0.074707	-1.816794	-6.465649	-12.549618	9.619838
1.051025	-0.009521	0.081543	-2.526718	-6.007634	-12.664122	9.630053
1.055420	-0.036621	0.067627	5.969466	-5.007634	-15.610687	9.640256
1.062988	-0.034668	0.056885	-2.587786	0.961832	-13.641221	9.650638
1.080811	-0.020264	0.062012	0.045802	5.854962	-14.603053	9.660937
1.058350	-0.020752	0.041748	2.152672	3.717557	-13.389313	9.671053
1.062256	-0.010498	0.050049	0.984733	4.641221	-12.473282	9.681496
1.074707	-0.002686	0.051758	2.519084	5.366412	-12.328244	9.692043
1.095459	0.007080	0.058838	2.778626	4.045802	-12.732824	9.702400
1.097168	0.005371	0.072998	1.870229	5.236641	-12.687023	9.712575
1.064209	-0.006836	0.072510	4.374046	5.854962	-13.427481	9.723098
1.071289	-0.000488	0.063232	0.816794	5.312977	-11.648855	9.733328
1.071533	0.018066	0.068848	2.557252	6.893130	-11.786260	9.743419
1.060303	0.022461	0.058838	1.580153	8.961832	-11.595420	9.753799
1.059570	0.001709	0.062012	2.328244	10.374046	-11.679389	9.764431
1.035645	0.007080	0.056641	1.725191	12.519084	-11.236641	9.774486
1.042480	0.010498	0.074463	1.992366	13.748092	-11.358779	9.784421
1.039307	0.007324	0.067383	2.152672	14.801527	-11.503817	9.794857
1.024170	0.009033	0.055908	1.473282	14.961832	-11.770992	9.805341
1.028320	0.026855	0.066162	0.824427	14.083969	-12.427481	9.815531
1.015625	0.015625	0.078369	0.893130	12.908397	-13.114504	9.825815
1.026367	0.015381	0.076660	-1.076336	9.656489	-13.496183	9.836176
0.997070	0.027344	0.089600	-1.404580	4.900763	-14.114504	9.846438
1.024170	0.050781	0.079590	-0.259542	2.770992	-14.847328	9.856901
1.023926	0.076660	0.065186	-5.419847	3.557252	-14.152672	9.867300
1.040771	0.033447	0.073486	-0.580153	7.122137	-15.702290	9.877253
1.040527	0.051270	0.063965	-6.496183	13.198473	-13.610687	9.887156
1.048584	0.078613	0.076416	-2.229008	14.587786	-14.251908	9.897262
1.040771	0.087646	0.050781	-0.992366	16.557252	-13.412214	9.907122
1.025879	0.070557	0.059814	-3.877863	16.557252	-12.595420	9.917495
1.022461	0.099121	0.095703	-3.679389	15.931298	-12.290076	9.927446
1.044434	0.064697	0.104980	-5.244275	13.236641	-11.618321	9.937882
1.023926	0.053223	0.112305	-3.129771	10.748092	-12.374046	9.948322
1.026855	0.053467	0.116455	-4.580153	8.015267	-12.419847	9.958702
1.014893	0.075195	0.115234	-7.297710	4.816794	-10.969466	9.968992
1.046631	0.042480	0.143311	-6.679389	8.068702	-11.381679	9.978929
1.044189	0.054932	0.115234	-10.167939	13.137405	-11.076336	9.989178
1.051025	0.057861	0.123535	-9.648855	17.282443	-11.312977	9.999846
1.016602	0.079590	0.110107	-14.000000	19.137405	-7.969466	10.010247
1.010254	0.086670	0.103516	-12.419847	10.946565	-8.328244	10.020569
1.060059	0.071777	0.101318	-17.114504	11.335878	-5.748092	10.030693
1.022217	0.103027	0.104492	-14.427481	7.503817	-5.259542	10.041181
0.989258	0.057861	0.083252	-19.732824	6.946565	-3.748092	10.051543
1.072510	0.047363	0.132324	-20.129771	8.534351	-2.091603	10.061748
1.028320	0.046387	0.126465	-14.267176	4.770992	-3.770992	10.071901
1.039551	0.033691	0.147705	-17.755725	6.038168	-2.068702	10.081898
1.032227	0.040771	0.149414	-13.770992	2.839695	-2.343511	10.092054
1.070801	0.059326	0.130615	-13.778626	5.610687	-2.297710	10.102681
1.038330	0.051758	0.133789	-11.679389	5.687023	-2.152672	10.112771
1.052490	0.065186	0.110352	-14.564885	5.091603	-3.900763	10.122062
1.047607	0.048340	0.131836	-17.931298	8.984733	-0.763359	10.131437
1.016602	0.048828	0.115967	-15.709924	9.320611	-0.595420	10.140893
1.012939	0.057617	0.132080	-15.083969	7.114504	0.236641	10.151043
1.011230	0.039795	0.121094	-10.618321	1.603053	-0.038168	10.162253
0.972656	0.068848	0.101074	-13.587786	3.030534	2.076336	10.172509
1.023438	0.083252	0.144775	-14.816794	5.312977	1.908397	10.182571
0.977783	0.036865	0.115234	-11.396947	3.297710	1.053435	10.192219
1.014160	0.030762	0.151123	-10.259542	2.290076	1.793893	10.203339
1.022217	0.070068	0.137451	-13.442748	7.725191	3.083969	10.213529
0.997803	0.041016	0.114014	-8.992366	4.908397	2.618321	10.224103
1.001465	0.075928	0.114502	-11.618321	3.694656	5.022901	10.234347
1.005615	0.041992	0.143555	-12.526718	3.694656	5.435115	10.244794
0.982178	0.053223	0.126465	-14.358779	1.961832	5.702290	10.255428
0.978027	0.044189	0.110840	-15.725191	-1.259542	5.732824	10.265630
0.975098	0.035645	0.129639	-12.931298	-1.519084	5.343511	10.275832
0.996338	0.057373	0.134033	-14.816794	0.450382	6.320611	10.286217
0.952881	0.047607	0.113037	-14.106870	0.358779	6.351145	10.296032
0.968506	0.024658	0.128418	-12.007634	0.015267	5.312977	10.307087
0.974609	0.019775	0.121338	-15.587786	-1.450382	5.786260	10.317451
0.926270	0.030029	0.115967	-14.564885	-4.137405	5.213740	10.327542
0.935547	0.028564	0.113037	-12.984733	-7.839695	4.404580	10.337980
0.964355	0.022461	0.122803	-13.541985	-11.740458	3.900763	10.348282
0.955811	0.020264	0.106689	-16.000000	-9.412214	4.045802	10.358835
0.953857	0.015137	0.090820	-16.068702	-6.267176	3.595420	10.368910
0.960938	0.006348	0.098389	-16.587786	-4.198473	4.587786	10.379530
0.925293	-0.008545	0.067139	-9.977099	-9.557252	4.412214	10.389712
0.954102	0.002686	0.071777	-6.732824	-13.175573	5.122137	10.400267
0.949707	-0.015869	0.071289	-3.297710	-15.900763	4.679389	10.410540
0.966797	-0.018799	0.098145	-4.007634	-15.320611	4.671756	10.419936
0.958496	-0.023438	0.104980	-3.748092	-17.534351	4.633588	10.429323
0.993896	-0.012207	0.108643	-4.335878	-17.297710	4.732824	10.439035
1.005615	-0.029541	0.103516	-5.732824	-18.045802	4.503817	10.449949
1.028076	-0.037598	0.140869	-6.503817	-22.519084	3.839695	10.460325
1.050537	-0.005859	0.164062	-4.381679	-24.572519	4.183206	10.470555
1.087891	0.010986	0.166016	-4.320611	-26.900763	5.511450	10.480553
1.126465	0.037354	0.148438	-2.328244	-25.801527	6.419847	10.490786
1.149170	0.005615	0.125977	-3.076336	-22.282443	8.106870	10.501005
1.083008	0.067383	0.057373	0.923664	-28.664122	5.961832	10.511661
1.062012	0.045654	0.003418	-5.770992	-23.404580	7.442748	10.521644
1.046143	0.027344	0.000732	-0.786260	-23.595420	7.786260	10.531366
1.017578	0.000000	0.017334	2.992366	-17.610687	6.076336	10.540883
1.025635	0.018311	0.006592	-0.549618	-11.854962	7.129771	10.551610
0.934326	0.023438	0.008301	-9.053435	-11.374046	12.160305	10.561473
0.955078	0.016846	0.002441	0.694656	-17.236641	5.396947	10.572411
0.927734	-0.027100	0.020020	7.595420	-22.587786	6.480916	10.582557
0.960205	0.002930	0.006836	8.862595	-27.076336	9.625954	10.592386
0.954346	0.020996	0.041260	9.061069	-30.526718	11.183206	10.603047
0.987305	0.040527	0.014648	6.381679	-37.832061	13.068702	10.613615
1.049561	0.029297	0.038818	4.061069	-39.496183	13.068702	10.623846
1.045166	0.016113	0.027100	-4.977099	-39.290076	16.778626	10.634092
1.059326	0.012451	-0.012207	-0.572519	-39.931298	13.717557	10.644218
1.066162	-0.014893	-0.021729	-1.290076	-34.671756	17.229008	10.654778
1.074707	0.011963	-0.029541	-5.671756	-27.793893	19.137405	10.664494
1.037842	-0.021973	-0.032959	-3.900763	-21.312977	19.122137	10.675024
1.045410	-0.039795	-0.048828	0.717557	-17.526718	17.419847	10.685358
1.001953	-0.046143	-0.060303	-1.893130	-17.450382	17.916031	10.695470
0.984131	-0.024658	-0.056396	5.152672	-22.557252	18.229008	10.705601
0.955566	-0.036621	-0.045410	11.053435	-28.717557	18.435115	10.716217
0.956543	-0.013672	-0.037598	9.992366	-35.900763	20.061069	10.726388
0.974609	-0.047852	-0.057617	10.061069	-43.938931	22.213740	10.736776
1.019531	-0.071777	-0.085938	14.114504	-47.702290	21.618321	10.746880
1.025635	-0.068115	-0.064941	15.618321	-48.694656	20.801527	10.757358
1.049805	-0.051270	-0.074707	12.664122	-47.465649	21.076336	10.767722
1.041504	-0.052734	-0.077148	14.702290	-42.908397	18.183206	10.778116
1.028564	-0.027100	-0.092773	13.870229	-38.809160	19.412214	10.788502
1.027100	-0.059082	-0.097168	13.916031	-33.725191	17.900763	10.798483
1.040283	-0.025391	-0.093506	14.351145	-29.534351	16.687023	10.808976
1.041016	-0.038086	-0.085449	16.152672	-25.687023	14.480916	10.819545
1.017578	-0.044434	-0.113281	13.603053	-23.198473	13.145038	10.829610
1.014160	-0.002441	-0.121094	17.511450	-21.312977	10.954198	10.840056
1.017578	-0.005371	-0.120117	12.816794	-22.351145	10.732824	10.850363
1.035645	-0.035156	-0.098145	14.396947	-26.541985	9.412214	10.860518
1.034424	-0.064941	-0.124756	18.244275	-31.580153	7.351145	10.871031
1.080811	0.003662	-0.126953	12.679389	-28.213740	8.534351	10.881391
1.076904	-0.018555	-0.136230	6.465649	-26.404580	8.396947	10.891723
1.095459	-0.026611	-0.119141	15.526718	-28.572519	5.236641	10.901684
1.115234	-0.038574	-0.127686	10.664122	-22.312977	5.641221	10.912053
1.081787	-0.058350	-0.121338	10.778626	-17.091603	4.870229	10.922612
1.088379	-0.070068	-0.093506	14.969466	-13.801527	2.442748	10.933409
1.092529	-0.036133	-0.066162	11.603053	-7.671756	2.099237	10.943588
1.044434	-0.026123	-0.083740	12.618321	-11.114504	0.038168	10.953873
1.066406	-0.019043	-0.125488	9.832061	-15.488550	0.465649	10.964198
1.066406	-0.040039	-0.140381	13.167939	-14.786260	-0.648855	10.977546
1.049805	-0.039551	-0.175537	14.770992	-16.274809	0.732824	10.988122
1.040771	-0.051514	-0.167725	13.984733	-18.045802	1.290076	10.998340
1.054688	-0.064453	-0.164307	11.946565	-19.961832	2.595420	11.008464
1.054932	-0.053223	-0.164551	14.458015	-23.335878	2.763359	11.018988
1.073730	-0.047119	-0.192383	10.725191	-21.625954	4.793893	11.028807
1.058350	-0.021973	-0.189941	8.748092	-19.312977	7.221374	11.038177
1.065674	-0.048828	-0.238770	5.519084	-17.618321	8.396947	11.048282
1.055420	-0.073975	-0.221191	2.503817	-16.145038	10.068702	11.059091
1.042236	-0.060303	-0.235352	0.503817	-13.740458	10.770992	11.068504
1.031982	-0.083008	-0.207275	-2.679389	-11.122137	10.603053	11.079258
1.023926	-0.075439	-0.205078	-3.908397	-7.641221	11.412214	11.089124
1.002686	-0.056641	-0.171387	-3.099237	-6.221374	11.969466	11.099589
1.028320	-0.088379	-0.188477	-8.000000	-6.793893	14.435115	11.109189
1.014648	-0.070068	-0.190674	-13.748092	-12.442748	17.068702	11.119304
1.045898	-0.075684	-0.181641	-11.198473	-17.923664	16.427481	11.129838
0.986328	-0.064209	-0.147461	-12.755725	-15.839695	16.572519	11.140201
1.000488	-0.080811	-0.165039	-13.824427	-15.793893	16.419847	11.150795
0.996582	-0.085693	-0.160156	-14.152672	-13.816794	15.946565	11.160787
1.008789	-0.083496	-0.153076	-15.366412	-9.564885	14.671756	11.170668
1.013672	-0.090820	-0.147949	-15.396947	-8.435115	12.778626	11.180683
0.986816	-0.112305	-0.148682	-12.564885	-7.969466	10.946565	11.190565
0.961426	-0.125488	-0.157227	-11.068702	-7.641221	9.984733	11.201124
0.980713	-0.127930	-0.158691	-12.419847	-10.870229	10.259542	11.211093
0.986572	-0.133057	-0.153564	-11.389313	-15.725191	9.129771	11.221204
1.020020	-0.175293	-0.145996	-6.992366	-18.374046	6.687023	11.231499
1.020996	-0.151855	-0.154297	-4.549618	-16.702290	5.618321	11.241880
1.032715	-0.139648	-0.145752	-6.458015	-17.816794	5.824427	11.252059
1.036377	-0.181885	-0.172119	-2.267176	-19.343511	3.450382	11.262375
1.045654	-0.128906	-0.188965	1.030534	-18.274809	2.274809	11.272692
1.038086	-0.131104	-0.144775	-8.374046	-12.015267	6.091603	11.282995
1.049805	-0.139893	-0.159180	-4.335878	-16.595420	2.358779	11.293098
1.076416	-0.139160	-0.177246	0.900763	-17.938931	1.885496	11.303627
1.096924	-0.137695	-0.184082	3.274809	-12.229008	-1.564885	11.313708
1.073975	-0.123535	-0.222412	2.061069	-9.954198	-2.045802	11.323659
1.060303	-0.128174	-0.232422	2.450382	-14.900763	-3.961832	11.333105
1.097900	-0.100342	-0.200928	-0.412214	-15.740458	-5.549618	11.343736
1.096191	-0.103027	-0.205322	-3.595420	-9.549618	-5.877863	11.353992
1.064209	-0.091553	-0.200195	-2.259542	-11.496183	-3.595420	11.363985
1.071289	-0.073975	-0.223389	-1.854962	-15.572519	-4.938931	11.374384
1.097412	-0.078369	-0.241455	0.099237	-19.274809	-3.977099	11.384473
1.135010	-0.071289	-0.245850	0.030534	-14.213740	-0.175573	11.394685
1.078369	-0.071289	-0.302979	-0.633588	-11.282443	4.648855	11.405217
1.048584	-0.066406	-0.309814	-1.801527	-10.442748	7.763359	11.415946
1.027588	-0.105713	-0.324219	-0.755725	-8.404580	10.320611	11.426119
1.056641	-0.105469	-0.311768	-9.267176	0.282443	18.648855	11.436568
0.956299	-0.100342	-0.296875	-2.610687	-6.488550	14.519084	11.446914
0.976318	-0.128906	-0.266357	-6.832061	-13.068702	19.267176	11.457252
0.981934	-0.216797	-0.298340	9.679389	-14.122137	19.045802	11.467803
0.946533	-0.165527	-0.270752	-10.816794	-13.572519	23.015267	11.478208
0.923096	-0.111816	-0.218506	-19.305344	-28.908397	24.961832	11.488594
0.941895	-0.138184	-0.181396	-13.610687	-31.496183	23.374046	11.498727
0.953613	-0.057861	-0.207031	-16.458015	-23.610687	26.702290	11.509374
0.936768	-0.057861	-0.220947	-15.442748	-30.030534	28.580153	11.519518
0.943848	0.010254	-0.223389	-15.572519	-34.198473	30.603053	11.529862
1.018311	0.026855	-0.162598	-23.694656	-27.351145	32.824427	11.540314
0.964111	0.102783	-0.143555	-21.175573	-13.244275	31.572519	11.550680
0.918457	0.132080	-0.104736	-23.900763	-11.572519	30.374046	11.561326
0.865234	0.086670	-0.072998	-38.832061	-4.534351	30.282443	11.571657
0.808105	0.105225	-0.106934	-39.587786	-3.473282	25.068702	11.581793
0.807373	0.169922	-0.116699	-48.992366	-8.618321	24.694656	11.592118
0.852783	0.198242	-0.149902	-50.587786	-7.435115	20.129771	11.602751
0.862549	0.099609	-0.265381	-65.358779	0.396947	23.832061	11.612303
0.951904	-0.075195	-0.366211	-74.099237	1.083969	26.083969	11.621620
1.187988	-0.197021	-0.566895	-67.053435	-5.549618	23.923664	11.631946
1.364990	-0.313721	-0.713867	-63.732824	-12.709924	21.763359	11.641507
1.511719	-0.456543	-0.732910	-78.442748	-7.786260	30.183206	11.651773
1.173584	-0.568359	-0.670166	-81.061069	16.809160	24.396947	11.662274
0.922607	-0.785400	-0.521240	-74.725191	17.923664	18.694656	11.671752
0.869385	-0.675293	-0.612305	-66.977099	24.816794	1.229008	11.682778
0.814453	-0.616943	-0.549561	-32.572519	11.000000	-20.450382	11.693016
0.850830	-0.515137	-0.528809	-31.167939	17.068702	-14.167939	11.703129
0.862061	-0.270264	-0.480957	-35.007634	10.618321	-4.038168	11.713298
