-0.118652	0.319824	0.625977	-7.931298	14.824427	-4.068702	0.011999
-0.109619	0.364258	0.613037	-27.343511	36.870229	12.832061	0.023362
-0.134766	0.316406	0.688721	-49.312977	53.992366	27.259542	0.035628
-0.185547	0.211426	0.807861	-69.106870	64.137405	36.213740	0.047254
-0.228027	0.156250	0.922363	-92.473282	65.778626	42.610687	0.058832
-0.288086	-0.017090	0.984375	-115.221374	58.114504	41.038168	0.070449
-0.252441	-0.195312	0.927002	-120.923664	43.801527	30.129771	0.082142
-0.240234	-0.294434	0.916992	-113.129771	29.435115	23.427481	0.093775
-0.293701	-0.309814	0.951904	-95.816794	13.442748	9.122137	0.105332
-0.272949	-0.428955	0.995605	-68.061069	-6.618321	-2.038168	0.116774
-0.205566	-0.482422	1.062256	-28.992366	-24.129771	-19.229008	0.128563
-0.206543	-0.507812	1.066895	13.648855	-42.480916	-34.984733	0.140178
-0.236816	-0.394043	1.040771	49.045802	-59.679389	-44.007634	0.151699
-0.156006	-0.309570	0.968750	79.656489	-68.152672	-49.717557	0.163209
-0.119385	-0.151367	0.818359	100.587786	-72.389313	-51.389313	0.174996
-0.035889	-0.013672	0.767822	109.694656	-73.435115	-48.984733	0.186593
-0.000244	0.119385	0.646973	113.847328	-65.442748	-43.824427	0.199197
0.048096	0.235352	0.686279	110.122137	-46.167939	-35.977099	0.210709
-0.041260	0.328613	0.770508	81.725191	-24.442748	-22.083969	0.226110
-0.015869	0.327148	0.780029	50.687023	-3.129771	-11.641221	0.237815
-0.050781	0.324707	0.793457	16.282443	18.717557	-1.274809	0.249343
-0.133301	0.413818	0.821777	-23.366412	34.595420	16.702290	0.260905
-0.134521	0.265869	0.869873	-56.839695	45.473282	27.312977	0.272481
-0.168213	0.085938	0.939209	-82.007634	47.167939	27.458015	0.284111
-0.149170	-0.019287	0.920410	-92.687023	46.458015	27.312977	0.295462
-0.135742	-0.149902	0.866943	-90.358779	43.335878	24.900763	0.307305
-0.200684	-0.217285	0.915527	-80.916031	27.274809	11.832061	0.319214
-0.277100	-0.251953	1.014893	-66.351145	4.580153	2.656489	0.330837
-0.217285	-0.346924	1.113281	-39.854962	-10.603053	-9.137405	0.342461
-0.213623	-0.432373	1.132568	-5.778626	-29.633588	-20.671756	0.354016
-0.199219	-0.396240	1.124268	32.053435	-44.526718	-31.580153	0.365466
-0.195801	-0.300537	1.089111	59.267176	-64.007634	-39.435115	0.377292
-0.090332	-0.205078	0.971680	84.442748	-69.343511	-44.969466	0.388652
-0.071289	-0.021240	0.826172	97.832061	-73.801527	-46.610687	0.400089
-0.018311	0.097900	0.751709	100.290076	-71.450382	-39.755725	0.411808
0.058105	0.203369	0.722900	96.343511	-58.709924	-30.801527	0.423330
0.045898	0.294189	0.775879	80.900763	-37.641221	-19.503817	0.435512
0.033203	0.337158	0.795166	54.717557	-17.824427	-6.427481	0.447065
0.048096	0.334717	0.773682	26.091603	6.496183	6.251908	0.458752
0.008789	0.346191	0.768555	-5.725191	25.534351	23.748092	0.470045
-0.021973	0.195557	0.769775	-35.610687	43.992366	35.748092	0.481841
-0.086182	0.227539	0.850586	-63.251908	47.832061	43.374046	0.493349
-0.145020	0.045166	0.939697	-72.412214	53.366412	46.381679	0.504832
-0.157227	-0.039795	0.937500	-74.396947	49.847328	44.709924	0.516391
-0.194092	-0.114502	1.046387	-71.870229	39.206107	37.366412	0.527916
-0.238770	-0.204102	1.066895	-72.687023	20.480916	25.091603	0.539672
-0.239990	-0.340332	1.091309	-57.496183	2.396947	11.221374	0.551269
-0.199219	-0.413818	1.079346	-30.106870	-16.603053	-4.396947	0.562835
-0.173828	-0.357910	1.050293	10.580153	-28.854962	-13.748092	0.574440
-0.112305	-0.334961	1.027344	39.908397	-43.007634	-23.916031	0.585843
-0.038574	-0.190430	0.924805	63.389313	-50.770992	-27.076336	0.597451
0.000732	-0.067139	0.817383	76.938931	-53.206107	-27.282443	0.608959
0.063721	0.064697	0.748047	82.702290	-46.282443	-21.870229	0.620465
0.073975	0.163330	0.804443	77.419847	-30.503817	-13.824427	0.632108
0.047363	0.222900	0.861816	58.893130	-7.381679	-3.061069	0.643316
0.075684	0.295898	0.844238	29.213740	15.816794	10.290076	0.655111
-0.012695	0.398438	0.782959	-6.175573	35.312977	20.694656	0.666674
-0.036377	0.363037	0.690674	-41.015267	46.885496	33.190840	0.678359
-0.031982	0.257080	0.704102	-59.725191	60.068702	40.938931	0.690658
-0.079346	0.118652	0.782471	-70.137405	67.396947	46.656489	0.702676
-0.134033	0.014404	0.881348	-72.030534	70.068702	48.564885	0.714669
-0.186523	-0.064941	0.979736	-73.213740	63.358779	43.496183	0.726302
-0.278809	-0.186523	1.007324	-68.969466	43.862595	30.702290	0.737807
-0.266846	-0.288818	1.044678	-53.763359	20.259542	15.190840	0.749272
-0.234619	-0.339844	1.112793	-32.458015	-3.435115	1.152672	0.760779
-0.205078	-0.349609	1.102539	0.610687	-21.106870	-17.534351	0.772265
-0.210693	-0.290283	1.054443	29.984733	-38.664122	-29.190840	0.784223
-0.100830	-0.177246	0.886963	52.137405	-52.687023	-34.053435	0.795695
-0.001709	0.007568	0.814209	66.045802	-53.893130	-30.580153	0.807154
0.046631	0.113037	0.786377	71.961832	-45.519084	-24.603053	0.819184
0.072510	0.199707	0.850830	65.091603	-29.778626	-15.587786	0.831114
0.016357	0.206543	0.780762	51.847328	-11.442748	-3.122137	0.842477
0.037354	0.263184	0.849121	23.709924	5.732824	7.358779	0.854199
-0.019775	0.373779	0.798584	-5.351145	22.839695	19.755725	0.865537
-0.031250	0.310791	0.754150	-32.763359	32.358779	30.022901	0.877329
-0.032471	0.226074	0.756592	-46.152672	43.984733	34.618321	0.888885
-0.054932	0.158936	0.832031	-57.587786	52.694656	42.511450	0.900351
-0.142578	0.028320	0.946289	-65.427481	54.396947	45.488550	0.911995
-0.187012	-0.087646	0.965088	-64.290076	47.641221	41.137405	0.923528
-0.194580	-0.145996	0.998535	-56.564885	36.786260	34.152672	0.935025
-0.222656	-0.181641	1.061523	-43.480916	21.954198	24.633588	0.946385
-0.302979	-0.259766	1.073975	-27.977099	2.267176	10.152672	0.958057
-0.272949	-0.326904	1.119385	-13.603053	-16.984733	-2.633588	0.969528
-0.266602	-0.334717	1.120117	8.572519	-35.206107	-16.824427	0.981738
-0.197021	-0.296875	1.055176	28.824427	-50.381679	-26.213740	0.993219
-0.115479	-0.165039	0.947754	47.282443	-57.114504	-31.603053	1.005012
-0.053955	-0.024414	0.825684	60.396947	-59.396947	-32.404580	1.017636
0.018555	0.069824	0.773193	66.526718	-52.595420	-27.816794	1.029608
0.020996	0.159668	0.789062	68.389313	-38.900763	-18.496183	1.041091
0.020752	0.199951	0.735596	56.282443	-24.045802	-9.389313	1.052330
0.027588	0.214844	0.805664	37.221374	-8.198473	-0.053435	1.064122
0.009033	0.288330	0.781006	16.938931	14.656489	10.977099	1.075909
-0.103516	0.354248	0.748535	-8.030534	23.328244	21.694656	1.087434
-0.048096	0.248535	0.739502	-28.427481	35.213740	27.961832	1.098774
-0.045410	0.190430	0.786621	-39.938931	46.328244	31.259542	1.110140
-0.104492	0.101318	0.842529	-47.740458	51.603053	35.847328	1.121748
-0.146973	0.010254	0.911621	-52.770992	49.625954	33.488550	1.133872
-0.226074	-0.059082	0.958984	-53.061069	40.717557	27.641221	1.145402
-0.226807	-0.145996	1.000244	-52.625954	27.290076	20.175573	1.157091
-0.229736	-0.262939	1.055664	-43.969466	7.229008	6.793893	1.168436
-0.184570	-0.299072	1.082031	-23.648855	-8.053435	-8.366412	1.180176
-0.198975	-0.315186	1.058350	-0.358779	-23.519084	-21.381679	1.191744
-0.184570	-0.232178	1.041748	20.931298	-38.618321	-30.366412	1.203259
-0.086670	-0.123291	0.924316	37.816794	-47.931298	-35.061069	1.214950
0.001221	-0.031982	0.837646	48.938931	-49.977099	-34.664122	1.226725
0.070557	0.070557	0.784180	60.931298	-43.992366	-30.954198	1.238185
0.083496	0.154297	0.805908	62.190840	-31.946565	-23.068702	1.249641
0.083252	0.217773	0.876465	46.374046	-21.625954	-12.564885	1.261278
0.026123	0.293213	0.913818	33.839695	-2.198473	-4.488550	1.272677
0.061768	0.269531	0.869141	10.259542	13.442748	5.381679	1.284447
-0.081787	0.353760	0.835205	-15.534351	23.374046	11.854962	1.296136
-0.057129	0.272461	0.852783	-34.351145	29.816794	20.732824	1.307165
-0.032227	0.173828	0.850342	-44.893130	36.801527	24.832061	1.318116
-0.085938	0.082031	0.872803	-46.068702	40.221374	28.152672	1.329760
-0.118408	0.012695	0.904297	-46.633588	35.229008	26.374046	1.341754
-0.177490	-0.062012	0.964600	-46.793893	25.740458	19.366412	1.353188
-0.215820	-0.100098	1.026367	-46.847328	8.946565	12.251908	1.365197
-0.221680	-0.208984	1.076416	-37.786260	-10.160305	-1.244275	1.377662
-0.195557	-0.270020	1.072021	-16.083969	-28.061069	-16.595420	1.389858
-0.164307	-0.264404	1.051025	11.503817	-42.641221	-26.618321	1.401677
-0.147217	-0.115723	0.972168	35.687023	-53.877863	-30.511450	1.413836
-0.023438	-0.001953	0.859375	52.664122	-58.572519	-27.977099	1.425754
0.016357	0.134277	0.827881	66.519084	-53.053435	-23.435115	1.437194
0.015625	0.207275	0.839111	78.099237	-42.656489	-10.290076	1.448808
-0.025146	0.295410	0.832275	70.488550	-27.312977	3.862595	1.460215
-0.009521	0.284912	0.808838	51.572519	-4.007634	12.931298	1.471968
-0.118896	0.399414	0.746338	30.694656	15.183206	24.854962	1.483865
-0.055176	0.335938	0.668457	-0.404580	25.038168	38.038168	1.495427
-0.075928	0.268799	0.668945	-13.793893	39.946565	44.862595	1.506967
-0.062988	0.214844	0.720947	-26.885496	49.664122	49.664122	1.518388
-0.089355	0.130127	0.841309	-42.267176	54.770992	50.328244	1.530093
-0.163574	0.050293	0.967773	-58.389313	51.091603	45.366412	1.541472
-0.173584	-0.067139	1.041504	-70.977099	39.450382	37.007634	1.552927
-0.179443	-0.229004	1.099854	-66.198473	27.992366	24.335878	1.564551
-0.184082	-0.328369	1.095947	-57.274809	9.541985	10.061069	1.576331
-0.171631	-0.363525	1.085449	-34.099237	-8.725191	-4.862595	1.587933
-0.147705	-0.351074	1.064697	-7.572519	-25.786260	-13.816794	1.599383
-0.102783	-0.275635	1.022705	21.984733	-40.778626	-26.305344	1.610804
0.007812	-0.133057	0.865479	47.412214	-48.045802	-31.534351	1.622398
0.087646	0.018799	0.718750	67.938931	-46.854962	-30.083969	1.634197
0.096924	0.113525	0.662109	82.641221	-33.083969	-24.190840	1.645706
0.083252	0.132812	0.790771	84.343511	-16.923664	-17.122137	1.657203
-0.027588	0.199219	0.928955	80.282443	1.732824	-7.366412	1.669575
-0.096436	0.288086	0.852051	62.709924	20.679389	4.709924	1.682002
-0.102051	0.388184	0.746094	49.053435	36.625954	15.465649	1.693315
-0.077881	0.431885	0.648438	25.725191	49.450382	30.572519	1.704893
-0.025391	0.413818	0.657227	0.725191	66.320611	37.877863	1.716480
-0.104004	0.349609	0.783447	-28.221374	77.580153	43.381679	1.728049
-0.179688	0.281982	0.930908	-61.625954	80.068702	46.465649	1.739836
-0.207520	0.133789	1.013672	-83.022901	75.328244	42.938931	1.751261
-0.207764	-0.014648	1.033203	-91.259542	62.969466	34.755725	1.762593
-0.231934	-0.114014	1.059326	-88.259542	45.732824	24.236641	1.774392
-0.240479	-0.232422	1.111572	-75.900763	23.694656	11.984733	1.785999
-0.212158	-0.294189	1.126465	-57.541985	0.717557	-2.007634	1.797694
-0.234375	-0.328613	1.158447	-23.030534	-18.526718	-15.541985	1.809054
-0.202393	-0.273682	1.068848	15.671756	-39.893130	-29.068702	1.821023
-0.054199	-0.156250	0.948975	47.702290	-55.000000	-36.183206	1.832778
-0.006348	-0.016602	0.848389	69.801527	-57.473282	-37.351145	1.844589
0.031006	0.100098	0.829102	78.946565	-54.374046	-34.625954	1.856086
0.022217	0.162598	0.831787	80.183206	-45.305344	-30.000000	1.867424
-0.006592	0.272705	0.836914	69.732824	-28.702290	-20.442748	1.879448
0.001465	0.336670	0.793213	47.877863	-11.923664	-9.022901	1.891036
-0.034180	0.406494	0.720215	21.992366	6.893130	1.160305	1.902524
-0.036621	0.416992	0.660645	-7.374046	24.236641	10.122137	1.914047
-0.082031	0.360352	0.669434	-27.763359	39.022901	18.770992	1.926072
-0.097412	0.264160	0.735107	-40.916031	49.488550	24.541985	1.937424
-0.133545	0.212646	0.824951	-50.938931	54.916031	29.610687	1.948921
-0.183105	0.134277	0.917969	-61.076336	55.221374	30.557252	1.960568
-0.202881	0.015381	1.021240	-71.671756	47.763359	28.488550	1.971897
-0.233643	-0.102051	1.081787	-71.847328	35.519084	21.290076	1.983864
-0.240234	-0.198730	1.106689	-62.854962	19.183206	11.335878	1.995703
-0.256592	-0.259277	1.105469	-44.465649	0.870229	-0.473282	2.007107
-0.243652	-0.277832	1.098389	-19.770992	-18.664122	-12.679389	2.018634
-0.204102	-0.248047	1.016357	12.480916	-36.450382	-25.404580	2.030528
-0.146484	-0.133789	0.898193	41.320611	-47.809160	-31.580153	2.042124
-0.046631	-0.034912	0.810547	66.465649	-48.221374	-31.709924	2.053915
-0.044678	0.063232	0.840576	78.832061	-42.572519	-28.167939	2.065605
-0.056396	0.142334	0.883545	79.106870	-34.755725	-23.259542	2.078060
-0.029297	0.208496	0.858643	74.435115	-20.717557	-17.938931	2.089646
-0.081055	0.314453	0.791016	61.221374	-6.954198	-9.702290	2.101401
-0.104004	0.390869	0.742920	36.022901	4.412214	1.435115	2.113191
-0.055176	0.364502	0.688477	15.580153	20.793893	8.488550	2.125052
-0.099365	0.363525	0.711182	-7.358779	35.083969	13.885496	2.136302
-0.157959	0.312988	0.789307	-30.572519	43.358779	20.664122	2.147999
-0.179199	0.208008	0.908203	-48.709924	45.587786	24.816794	2.159500
-0.202393	0.133057	0.978027	-61.977099	43.152672	25.389313	2.170872
-0.212891	0.022949	1.044189	-68.503817	34.244275	21.290076	2.182852
-0.191650	-0.105957	1.061523	-66.839695	23.312977	14.366412	2.195022
-0.215820	-0.151123	1.088623	-55.022901	-0.236641	3.465649	2.209476
-0.190186	-0.208496	1.084961	-39.374046	-16.877863	-7.175573	2.220456
-0.140381	-0.254395	1.087158	-17.000000	-31.778626	-17.458015	2.231592
-0.143066	-0.170898	1.034668	7.549618	-44.587786	-27.786260	2.243484
-0.090576	-0.114258	0.947510	32.404580	-55.389313	-33.709924	2.254902
-0.006592	0.015137	0.815186	49.206107	-55.534351	-32.587786	2.266620
0.047363	0.114990	0.727783	59.977099	-47.755725	-29.160305	2.278172
0.051758	0.229980	0.756104	62.748092	-35.374046	-20.526718	2.290133
0.039307	0.279785	0.817139	57.839695	-18.549618	-10.458015	2.301598
-0.039795	0.359131	0.836914	40.328244	-3.106870	0.587786	2.313128
-0.054443	0.427734	0.753906	18.473282	15.190840	13.160305	2.324885
-0.069336	0.414551	0.715576	-6.923664	28.022901	23.221374	2.336416
-0.074219	0.376709	0.674316	-23.664122	40.839695	31.900763	2.347941
-0.094727	0.290771	0.686035	-34.335878	51.549618	40.114504	2.359457
-0.124023	0.186035	0.801758	-40.015267	58.732824	45.664122	2.371033
-0.116211	0.053467	0.908691	-46.083969	60.603053	46.839695	2.382780
-0.231934	0.000244	1.019287	-44.687023	54.725191	42.076336	2.394146
-0.262207	-0.093750	1.121338	-39.610687	38.900763	35.152672	2.405788
-0.220703	-0.187744	1.126465	-30.564885	19.595420	20.908397	2.417610
-0.235596	-0.204590	1.160400	-19.358779	-0.702290	7.427481	2.429427
-0.239746	-0.221436	1.149658	-8.236641	-22.038168	-6.809160	2.440872
-0.218018	-0.215332	1.133301	6.374046	-41.297710	-21.122137	2.452355
-0.154541	-0.191650	1.067383	24.503817	-56.671756	-31.541985	2.463935
-0.119629	-0.085205	1.009521	42.282443	-68.229008	-37.351145	2.475791
-0.068115	0.039307	0.901611	58.854962	-72.160305	-39.122137	2.487388
0.009277	0.196533	0.736084	63.526718	-66.251908	-33.748092	2.498982
0.067871	0.313965	0.706543	59.343511	-52.297710	-23.106870	2.510440
0.092041	0.440674	0.687256	42.450382	-27.000000	-9.519084	2.521876
0.043457	0.524902	0.659424	14.061069	-0.122137	2.755725	2.533544
0.023438	0.487061	0.638428	-16.267176	24.152672	13.038168	2.545003
-0.042480	0.416260	0.613770	-32.587786	45.259542	23.557252	2.556670
-0.139893	0.371338	0.634766	-39.541985	55.145038	33.145038	2.568265
-0.125488	0.301758	0.741699	-47.000000	58.870229	40.488550	2.579891
-0.172363	0.199707	0.871338	-53.625954	59.854962	41.137405	2.591652
-0.224365	0.082031	0.973145	-58.954198	47.938931	35.587786	2.603204
-0.223145	-0.063721	1.055420	-58.419847	30.160305	25.618321	2.614766
-0.282227	-0.131592	1.096191	-51.549618	4.740458	15.526718	2.626579
-0.272461	-0.198242	1.068848	-33.786260	-21.175573	-3.427481	2.637980
-0.218262	-0.218750	1.049316	-11.251908	-47.648855	-20.129771	2.649439
-0.166260	-0.232910	1.048340	15.015267	-67.633588	-36.335878	2.661010
-0.131104	-0.125000	0.987793	43.259542	-80.190840	-46.671756	2.672510
-0.036133	-0.067871	0.836670	68.816794	-91.160305	-48.267176	2.684156
0.039551	0.102051	0.829834	82.717557	-88.641221	-43.946565	2.695589
0.096436	0.218262	0.813965	80.328244	-76.114504	-34.908397	2.707196
0.096924	0.299316	0.802490	69.343511	-53.442748	-25.068702	2.718745
0.104248	0.392822	0.695312	48.221374	-29.870229	-12.702290	2.730373
0.062256	0.415771	0.664062	25.000000	-8.404580	-6.656489	2.741974
0.021240	0.431885	0.650146	2.961832	11.297710	4.389313	2.753801
-0.030029	0.372803	0.671875	-13.167939	25.511450	19.763359	2.766141
-0.041016	0.343262	0.771484	-27.343511	45.320611	32.809160	2.778063
-0.098145	0.249268	0.911621	-45.725191	53.022901	40.267176	2.789634
-0.138916	0.113037	1.073242	-58.977099	56.396947	39.152672	2.801430
-0.186768	-0.007324	1.100098	-65.931298	48.694656	35.320611	2.813253
-0.175049	-0.109131	1.145752	-65.099237	35.343511	27.664122	2.824914
-0.194336	-0.169922	1.158691	-57.183206	18.519084	19.015267	2.836549
-0.192139	-0.225586	1.151855	-46.404580	2.045802	8.122137	2.847680
-0.155762	-0.225098	1.140869	-29.992366	-12.969466	-6.099237	2.859139
-0.135742	-0.222168	1.113525	-11.633588	-25.671756	-17.229008	2.870583
-0.094971	-0.184814	1.055664	11.801527	-36.572519	-23.946565	2.882280
-0.037842	-0.089111	0.974854	30.519084	-41.534351	-25.389313	2.893777
-0.011230	0.033936	0.898926	46.045802	-42.061069	-24.419847	2.905404
0.042725	0.134033	0.831299	51.396947	-35.320611	-18.793893	2.916883
0.075439	0.236328	0.832031	44.419847	-23.908397	-12.152672	2.928573
0.038818	0.311523	0.832520	31.152672	-7.923664	-4.740458	2.939991
0.021240	0.372559	0.759033	10.389313	10.419847	3.770992	2.951487
0.020996	0.390625	0.697266	-10.931298	28.763359	14.213740	2.963380
-0.049805	0.368408	0.632324	-25.282443	41.213740	23.022901	2.975543
-0.062012	0.303467	0.657959	-35.000000	51.007634	30.534351	2.987109
-0.088867	0.248291	0.808105	-44.083969	57.099237	35.290076	2.998624
-0.131836	0.140381	0.988037	-58.068702	56.106870	35.847328	3.010099
-0.166748	-0.001953	1.003662	-63.778626	47.282443	29.328244	3.021583
-0.178223	-0.079834	1.010742	-58.648855	32.320611	22.343511	3.033342
-0.169678	-0.132568	1.057129	-46.496183	15.816794	13.435115	3.045120
-0.209717	-0.150391	1.065186	-35.366412	-3.923664	1.190840	3.056451
-0.176514	-0.190430	1.070801	-22.862595	-26.480916	-12.236641	3.068095
-0.132324	-0.218262	1.056885	-2.664122	-43.832061	-25.297710	3.079754
-0.086182	-0.166504	0.982178	22.183206	-56.641221	-35.000000	3.091161
-0.015381	-0.012451	0.848145	44.229008	-60.595420	-38.687023	3.102826
0.042480	0.093262	0.773682	57.923664	-60.702290	-37.396947	3.114437
0.103516	0.213379	0.731201	63.931298	-49.900763	-30.198473	3.125934
0.095459	0.256592	0.758057	59.419847	-33.717557	-21.847328	3.137559
0.051270	0.318848	0.769043	43.015267	-15.572519	-10.824427	3.149166
0.008057	0.371338	0.729004	20.717557	7.366412	-1.145038	3.160424
0.012451	0.375244	0.688965	-1.068702	30.366412	10.038168	3.172192
-0.065430	0.386230	0.655273	-17.709924	44.900763	20.061069	3.183932
-0.045166	0.285400	0.633789	-28.152672	56.732824	29.221374	3.195317
-0.058594	0.235596	0.677979	-29.923664	65.740458	35.534351	3.207043
-0.110840	0.213623	0.797852	-34.091603	70.877863	40.816794	3.218447
-0.120605	0.061768	0.952637	-41.671756	69.854962	38.534351	3.230149
-0.256592	0.016357	1.098389	-45.610687	57.854962	36.007634	3.241565
-0.204590	-0.121094	1.179443	-46.625954	41.244275	26.061069	3.253045
-0.183350	-0.159180	1.152100	-39.877863	22.671756	15.244275	3.264739
-0.187500	-0.216553	1.142822	-29.206107	2.641221	2.694656	3.276448
-0.188232	-0.222168	1.113037	-13.916031	-18.770992	-10.381679	3.287967
-0.158447	-0.232178	1.137939	3.725191	-38.328244	-24.022901	3.299282
-0.125244	-0.207275	1.096680	21.167939	-54.160305	-36.641221	3.310942
-0.096436	-0.122559	0.998779	42.603053	-66.335878	-45.396947	3.322607
0.004639	-0.006104	0.843506	59.778626	-71.106870	-46.274809	3.334391
0.076172	0.122559	0.768066	69.007634	-65.969466	-42.595420	3.345930
0.135010	0.256592	0.793945	64.206107	-51.427481	-34.206107	3.357347
0.082031	0.332275	0.797607	51.526718	-31.801527	-24.435115	3.368803
0.038330	0.407227	0.781982	26.580153	-10.167939	-11.251908	3.380599
0.042969	0.420166	0.702881	2.229008	13.389313	-2.916031	3.391959
0.011475	0.416016	0.692871	-20.328244	33.160305	7.977099	3.403495
-0.043945	0.347656	0.681396	-33.381679	48.221374	18.511450	3.415458
-0.055420	0.286377	0.686523	-39.137405	57.748092	31.152672	3.427774
-0.060303	0.239502	0.737793	-44.083969	67.755725	37.282443	3.439809
-0.122070	0.177246	0.885254	-53.083969	69.183206	39.480916	3.451971
-0.165527	0.044678	1.026123	-58.732824	66.007634	39.061069	3.464059
-0.216553	-0.083984	1.111084	-64.206107	53.488550	35.236641	3.475992
-0.228271	-0.176270	1.130859	-55.137405	37.183206	26.038168	3.487626
-0.208252	-0.243164	1.148682	-43.259542	18.374046	13.473282	3.499437
-0.242920	-0.240479	1.126953	-32.839695	-4.740458	-1.206107	3.511207
-0.192871	-0.254883	1.111084	-20.786260	-25.625954	-15.992366	3.522767
-0.183350	-0.270020	1.096680	-2.053435	-44.160305	-32.877863	3.534572
-0.101074	-0.224365	1.000000	22.923664	-58.824427	-44.954198	3.546017
-0.054443	-0.075684	0.883545	47.312977	-65.129771	-48.900763	3.557938
0.028320	0.072021	0.760498	65.770992	-60.931298	-45.358779	3.569235
0.075928	0.192627	0.754639	72.198473	-51.183206	-35.763359	3.581129
0.060791	0.272949	0.803223	67.267176	-32.328244	-26.007634	3.592516
0.017334	0.325195	0.823730	51.648855	-11.267176	-16.931298	3.603881
-0.036865	0.362793	0.774658	29.572519	7.770992	-6.251908	3.615621
-0.066650	0.380371	0.702148	2.335878	23.801527	6.465649	3.627409
-0.058594	0.357422	0.668945	-20.984733	38.618321	18.106870	3.639609
-0.059570	0.342285	0.660645	-36.671756	51.656489	25.396947	3.651212
-0.103027	0.261230	0.754150	-50.297710	58.114504	32.328244	3.662678
-0.125000	0.145020	0.910400	-64.259542	59.488550	34.916031	3.674283
-0.201416	0.045898	1.066650	-74.381679	53.183206	33.374046	3.686391
-0.214600	-0.091309	1.139648	-77.083969	41.007634	27.511450	3.698064
-0.211182	-0.189453	1.172119	-67.732824	22.351145	14.282443	3.709417
-0.197510	-0.250244	1.132324	-56.984733	1.854962	3.793893	3.721083
-0.177734	-0.274170	1.097900	-43.221374	-21.038168	-11.083969	3.732866
-0.165283	-0.300537	1.111816	-24.190840	-41.503817	-26.061069	3.744339
-0.149658	-0.285156	1.103516	2.816794	-58.312977	-40.946565	3.755830
-0.100342	-0.243164	0.969971	32.389313	-71.122137	-50.465649	3.766740
0.006592	-0.109375	0.839355	58.259542	-74.465649	-52.885496	3.777097
0.044678	0.067383	0.751221	74.977099	-73.450382	-47.549618	3.787321
0.116211	0.177734	0.765625	81.335878	-66.335878	-39.770992	3.797395
0.082520	0.328857	0.760254	74.725191	-46.030534	-29.022901	3.807467
0.069092	0.389648	0.724365	54.274809	-25.633588	-17.938931	3.817366
0.036133	0.443359	0.643555	30.709924	-2.839695	-8.190840	3.827635
0.011963	0.457764	0.619385	4.175573	17.183206	2.908397	3.837773
-0.044434	0.434326	0.597900	-17.068702	34.419847	14.992366	3.847771
-0.062012	0.356445	0.606934	-28.832061	46.725191	25.946565	3.857902
-0.052490	0.317871	0.633301	-37.099237	57.732824	34.809160	3.867743
-0.072998	0.246094	0.716553	-45.870229	66.687023	41.580153	3.877959
-0.161377	0.207031	0.815674	-51.977099	69.343511	46.244275	3.888195
-0.148193	0.063232	0.923096	-57.732824	67.160305	47.412214	3.898234
-0.178711	-0.044189	1.031250	-61.893130	59.183206	44.145038	3.908238
-0.199707	-0.172363	1.115234	-59.251908	48.213740	38.000000	3.918286
-0.207764	-0.259033	1.134521	-50.862595	35.061069	27.167939	3.928359
-0.223145	-0.289795	1.162109	-40.167939	12.763359	15.312977	3.938711
-0.176270	-0.297363	1.143555	-32.992366	-4.450382	1.412214	3.948724
-0.198486	-0.349854	1.142090	-12.763359	-22.923664	-13.129771	3.958739
-0.188477	-0.330811	1.135010	6.862595	-40.656489	-28.167939	3.968713
-0.146240	-0.310791	1.112305	23.236641	-56.755725	-42.045802	3.978790
-0.142090	-0.244629	1.090332	42.633588	-69.511450	-51.221374	3.989084
-0.102539	-0.126953	0.980713	58.427481	-77.694656	-54.938931	3.999092
-0.024414	-0.004883	0.864990	69.595420	-82.969466	-54.832061	4.009232
0.073486	0.057129	0.778564	84.206107	-82.114504	-50.404580	4.019169
0.095703	0.157959	0.730469	92.450382	-71.809160	-43.160305	4.029362
0.105957	0.255371	0.761230	93.458015	-60.183206	-35.358779	4.039637
0.064453	0.276611	0.785400	90.358779	-45.221374	-25.946565	4.049630
0.072266	0.342041	0.787598	77.740458	-23.549618	-17.625954	4.059706
0.010254	0.356689	0.755127	64.129771	-3.335878	-11.442748	4.069856
-0.011719	0.406982	0.707031	44.358779	14.778626	0.511450	4.079974
-0.005371	0.382812	0.692871	14.595420	30.061069	14.732824	4.091039
-0.005371	0.391602	0.667236	-11.717557	43.068702	23.595420	4.101000
-0.018799	0.329346	0.683105	-32.221374	59.137405	30.221374	4.110979
-0.092285	0.244873	0.754883	-44.938931	65.145038	33.022901	4.121067
-0.110107	0.198975	0.860840	-56.358779	64.435115	34.015267	4.131428
-0.106689	0.158936	0.936035	-68.129771	63.167939	34.633588	4.141597
-0.167480	0.063232	1.013184	-72.580153	54.977099	32.068702	4.152070
-0.189697	-0.047852	1.069580	-73.244275	42.541985	24.633588	4.162269
-0.165771	-0.141846	1.077148	-67.183206	26.480916	14.992366	4.172109
-0.141113	-0.153320	1.069824	-55.732824	10.022901	4.923664	4.182189
-0.144775	-0.164795	1.064941	-40.786260	-3.992366	-3.480916	4.192337
-0.100342	-0.187012	1.048096	-20.496183	-22.870229	-15.167939	4.204874
-0.076660	-0.199463	1.027100	1.213740	-33.839695	-26.236641	4.214941
-0.062988	-0.139160	0.986084	23.061069	-44.786260	-32.992366	4.224718
0.039795	-0.078857	0.864990	42.358779	-48.694656	-34.832061	4.235188
0.045654	0.088867	0.803223	53.755725	-46.641221	-32.618321	4.245394
0.092773	0.163330	0.792725	58.374046	-41.511450	-28.007634	4.255371
0.108398	0.240479	0.802734	56.030534	-31.641221	-20.190840	4.265188
0.088867	0.288330	0.807861	45.503817	-16.603053	-13.358779	4.275221
0.050781	0.333008	0.845459	30.122137	1.045802	-5.312977	4.285284
0.008545	0.324219	0.820801	15.511450	17.007634	2.793893	4.295380
-0.003906	0.339111	0.764160	-1.595420	30.229008	11.877863	4.305676
-0.042236	0.345215	0.744873	-18.687023	39.320611	20.458015	4.315562
-0.050049	0.318848	0.754395	-30.229008	47.916031	27.511450	4.325406
-0.054932	0.233154	0.786865	-36.251908	54.664122	32.931298	4.335561
-0.095947	0.195312	0.878906	-43.694656	56.885496	36.007634	4.345668
-0.120117	0.088379	0.970459	-53.938931	54.167939	35.541985	4.355844
-0.140137	-0.006592	1.030273	-62.358779	47.038168	31.824427	4.366078
-0.209229	-0.087646	1.094238	-65.351145	34.427481	24.877863	4.376028
-0.163574	-0.207520	1.131592	-58.992366	20.557252	17.312977	4.386253
-0.181152	-0.231689	1.137451	-47.290076	3.664122	7.358779	4.396233
-0.161621	-0.258301	1.119873	-33.931298	-13.984733	-4.175573	4.406268
-0.123535	-0.255859	1.105957	-16.931298	-29.137405	-15.992366	4.416442
-0.128662	-0.281738	1.104004	1.015267	-44.106870	-28.679389	4.426324
-0.119629	-0.251221	1.092285	20.076336	-56.442748	-39.450382	4.436524
-0.099609	-0.214111	0.993896	37.992366	-65.076336	-48.053435	4.446642
-0.044678	-0.101562	0.921387	52.633588	-70.320611	-53.190840	4.456730
0.008301	0.011963	0.823975	62.068702	-72.145038	-52.801527	4.466830
0.071777	0.119141	0.808594	65.473282	-67.648855	-48.503817	4.476699
0.111816	0.272949	0.750244	62.648855	-57.160305	-40.519084	4.486749
0.120361	0.361816	0.735596	53.198473	-41.511450	-31.083969	4.496928
0.069336	0.422119	0.774170	37.809160	-24.549618	-23.801527	4.507058
0.020508	0.455078	0.755859	19.458015	-4.977099	-14.801527	4.517192
0.007812	0.448975	0.711182	-1.427481	12.198473	-4.603053	4.527105
-0.016602	0.414307	0.678955	-16.801527	27.152672	5.992366	4.537266
-0.055176	0.362305	0.683838	-23.480916	40.061069	18.793893	4.547492
-0.061035	0.340332	0.716797	-32.312977	46.587786	30.954198	4.557472
-0.098877	0.255615	0.769775	-33.511450	52.893130	39.511450	4.567533
-0.099121	0.204834	0.831543	-36.732824	52.374046	43.847328	4.577700
-0.109131	0.134033	0.892334	-35.618321	50.816794	44.076336	4.587558
-0.116455	0.027100	0.995117	-39.961832	43.931298	40.702290	4.597715
-0.121094	-0.059326	1.033691	-38.496183	38.045802	34.847328	4.607192
-0.113037	-0.139404	1.095215	-37.679389	27.671756	25.534351	4.616644
-0.123291	-0.176758	1.087402	-34.564885	15.244275	19.381679	4.626419
-0.113525	-0.205811	1.093018	-29.251908	1.755725	8.106870	4.635681
-0.134277	-0.209229	1.087891	-17.671756	-11.893130	-3.816794	4.646346
-0.112549	-0.231934	1.072754	-5.511450	-27.022901	-16.076336	4.656516
-0.106934	-0.208252	1.047852	9.671756	-39.381679	-26.198473	4.666809
-0.081787	-0.170654	0.986816	25.801527	-46.938931	-34.229008	4.676782
-0.035156	-0.076904	0.902588	40.312977	-55.664122	-38.213740	4.687229
0.033447	0.012451	0.848145	49.282443	-56.595420	-38.007634	4.697861
0.072510	0.117188	0.811768	59.656489	-50.603053	-35.992366	4.708088
0.061523	0.225342	0.807617	58.702290	-42.519084	-29.427481	4.718191
0.079102	0.284912	0.821777	52.328244	-28.381679	-21.038168	4.728376
0.072754	0.345459	0.809082	40.519084	-12.908397	-11.809160	4.738483
0.013428	0.432129	0.808594	23.938931	3.770992	-2.442748	4.748858
0.002197	0.410156	0.759766	8.534351	17.717557	4.435115	4.759187
-0.031006	0.402100	0.721436	-6.312977	34.702290	15.564885	4.769310
-0.065430	0.342773	0.732910	-22.290076	40.335878	26.137405	4.779151
-0.037598	0.250000	0.802002	-30.641221	46.687023	34.206107	4.789033
-0.083496	0.210205	0.893066	-40.603053	49.801527	40.091603	4.799012
-0.113281	0.105957	0.960205	-47.282443	48.412214	41.458015	4.809174
-0.098389	0.009521	1.022705	-50.022901	43.801527	38.801527	4.819232
-0.093018	-0.041016	1.044434	-50.969466	35.938931	33.900763	4.829311
-0.121094	-0.080566	1.065674	-51.106870	24.977099	28.267176	4.839297
-0.131836	-0.126465	1.088623	-49.977099	13.229008	17.893130	4.849600
-0.114014	-0.165039	1.108643	-46.152672	0.832061	6.671756	4.859581
-0.130371	-0.224121	1.114014	-37.045802	-12.366412	-6.244275	4.869680
-0.127441	-0.228027	1.114502	-22.801527	-26.267176	-17.793893	4.879751
-0.101074	-0.247559	1.078613	-5.099237	-39.221374	-25.450382	4.889823
-0.091553	-0.230713	0.998047	17.259542	-49.389313	-35.389313	4.900048
-0.054932	-0.074951	0.901367	36.687023	-55.091603	-38.519084	4.910175
0.032471	0.007080	0.830566	46.389313	-57.488550	-37.648855	4.920115
0.090088	0.106445	0.776367	53.328244	-52.160305	-35.267176	4.930093
0.098145	0.197266	0.769531	53.404580	-44.473282	-30.946565	4.940091
0.086426	0.255127	0.770264	49.664122	-30.969466	-23.519084	4.950728
0.076416	0.339355	0.775391	38.511450	-16.183206	-16.343511	4.960713
0.043213	0.375977	0.765381	25.229008	0.282443	-7.076336	4.970771
0.028809	0.383301	0.723877	11.625954	16.664122	2.328244	4.980829
0.008301	0.414551	0.683838	-3.305344	30.549618	12.755725	4.990849
-0.055420	0.412109	0.683350	-16.083969	41.793893	22.854962	5.001152
-0.041992	0.334961	0.689453	-26.526718	47.664122	33.106870	5.011133
-0.038818	0.273438	0.754150	-33.236641	54.244275	38.412214	5.021293
-0.027344	0.213867	0.792236	-37.572519	58.374046	40.328244	5.031396
-0.084717	0.156250	0.863770	-40.122137	56.969466	43.595420	5.041337
-0.078369	0.061279	0.967529	-43.496183	54.297710	42.916031	5.051713
-0.127686	-0.050293	1.026367	-43.557252	46.114504	38.877863	5.061829
-0.120117	-0.104736	1.087158	-42.549618	36.290076	32.587786	5.071963
-0.103760	-0.170898	1.085693	-38.687023	24.488550	25.061069	5.081945
-0.089355	-0.192383	1.117920	-33.320611	12.511450	15.106870	5.091894
-0.123291	-0.216064	1.098633	-26.274809	-2.251908	3.900763	5.102189
-0.099121	-0.245850	1.121338	-19.465649	-15.511450	-5.984733	5.112073
-0.053223	-0.229492	1.083252	-12.137405	-26.778626	-20.358779	5.122231
-0.101074	-0.216797	1.037354	10.190840	-36.694656	-30.969466	5.132214
-0.033936	-0.158936	0.940674	22.374046	-49.618321	-36.877863	5.142134
0.034912	-0.099854	0.867432	36.687023	-50.816794	-41.610687	5.152375
0.060059	0.015137	0.836670	46.755725	-50.946565	-40.435115	5.162373
0.101074	0.128906	0.779785	52.366412	-41.541985	-36.595420	5.172486
0.114258	0.198486	0.758301	47.763359	-26.839695	-30.328244	5.182578
0.067627	0.309814	0.721191	36.099237	-13.480916	-20.465649	5.192631
0.100830	0.310547	0.702881	24.343511	3.015267	-12.641221	5.202603
0.026611	0.401123	0.690674	8.351145	20.145038	-4.679389	5.212682
-0.017090	0.394043	0.697998	-9.641221	34.389313	3.992366	5.222760
-0.048096	0.342041	0.729492	-24.351145	45.389313	11.557252	5.232823
-0.079834	0.271484	0.763672	-33.687023	53.618321	19.282443	5.242941
-0.105713	0.250000	0.810059	-38.404580	57.587786	27.282443	5.253318
-0.119385	0.153076	0.860596	-42.083969	56.854962	30.954198	5.263671
-0.156738	0.092773	0.914062	-43.595420	52.938931	31.709924	5.273826
-0.178223	0.034668	1.013672	-43.847328	45.061069	30.748092	5.284157
-0.167236	-0.052002	1.064697	-42.412214	36.259542	27.709924	5.294521
-0.170654	-0.125244	1.110352	-37.610687	23.664122	20.709924	5.304916
-0.185547	-0.145508	1.137451	-28.358779	9.625954	12.099237	5.315034
-0.221924	-0.169678	1.132812	-19.404580	-6.351145	2.267176	5.325162
-0.147461	-0.191650	1.109863	-9.770992	-20.648855	-7.656489	5.335328
-0.158691	-0.190186	1.056152	4.633588	-33.618321	-18.404580	5.345443
-0.111816	-0.155518	0.965088	18.862595	-44.946565	-26.862595	5.355795
0.018311	-0.069092	0.854980	31.183206	-47.450382	-29.458015	5.366084
0.059570	0.058350	0.764160	37.190840	-44.923664	-27.862595	5.376179
0.083984	0.152344	0.795166	38.931298	-37.229008	-22.213740	5.386246
0.073730	0.209717	0.861328	33.335878	-27.229008	-15.694656	5.396343
0.027832	0.224609	0.908691	20.900763	-15.366412	-9.679389	5.406352
0.000000	0.243408	0.879883	9.908397	0.755725	-2.534351	5.416670
-0.005371	0.255127	0.838379	1.549618	17.244275	2.045802	5.426853
-0.061523	0.326904	0.776367	-14.725191	25.656489	13.183206	5.436920
-0.039062	0.264160	0.753662	-27.129771	34.778626	22.854962	5.446771
-0.049072	0.216553	0.758301	-33.473282	43.458015	30.854962	5.457169
-0.051025	0.186035	0.798828	-37.442748	51.503817	36.496183	5.467267
-0.066650	0.149902	0.872314	-50.190840	54.122137	42.053435	5.477354
-0.094482	0.064941	0.926514	-61.755725	53.809160	41.938931	5.487439
-0.133789	-0.007080	0.973389	-69.503817	51.954198	38.183206	5.497398
-0.145752	-0.073242	0.978760	-72.404580	47.152672	32.969466	5.507437
-0.167969	-0.130615	0.996582	-71.145038	39.061069	27.374046	5.517416
-0.193359	-0.173584	1.014893	-66.671756	27.656489	21.511450	5.526981
-0.187256	-0.204346	1.045410	-56.297710	16.732824	13.770992	5.537184
-0.191406	-0.224365	1.043213	-42.053435	5.954198	5.442748	5.547266
-0.185303	-0.230225	1.021729	-25.541985	-3.954198	-2.755725	5.557207
-0.175781	-0.200928	0.989746	-7.099237	-15.793893	-9.908397	5.567276
-0.162354	-0.170410	0.925537	8.343511	-23.870229	-14.801527	5.577420
-0.125732	-0.083984	0.876953	19.770992	-29.068702	-17.122137	5.587358
-0.081055	-0.008057	0.802734	30.603053	-30.687023	-18.755725	5.597396
-0.048340	0.063477	0.758057	39.206107	-28.549618	-18.351145	5.607333
-0.020996	0.116455	0.754395	41.824427	-22.099237	-13.732824	5.617336
-0.032959	0.165527	0.804932	41.022901	-13.290076	-8.793893	5.627383
-0.066406	0.221191	0.855469	29.679389	-5.061069	-2.801527	5.637469
-0.077393	0.190430	0.859619	23.435115	4.954198	1.870229	5.647380
-0.090576	0.186035	0.842285	10.557252	14.160305	8.839695	5.657450
-0.120850	0.193115	0.828369	-1.587786	19.946565	16.664122	5.667649
-0.107178	0.092285	0.826660	-10.664122	23.038168	19.603053	5.677830
-0.103271	0.050781	0.854004	-13.992366	26.122137	24.587786	5.687837
-0.117188	0.021484	0.917480	-16.122137	28.000000	25.801527	5.697960
-0.141357	-0.040527	0.954346	-20.206107	26.068702	23.748092	5.707963
-0.163574	-0.076904	0.997070	-24.870229	19.610687	18.358779	5.718031
-0.192383	-0.130371	1.030762	-27.450382	11.297710	9.633588	5.728060
-0.195312	-0.171631	1.049316	-26.893130	1.687023	0.786260	5.738098
-0.204590	-0.212891	1.050537	-21.763359	-9.358779	-7.549618	5.748046
-0.198730	-0.242188	1.029785	-12.335878	-21.564885	-16.625954	5.758028
-0.173340	-0.223145	1.003418	0.923664	-32.511450	-24.862595	5.768316
-0.131348	-0.202637	0.945068	18.526718	-40.992366	-31.954198	5.778272
-0.074951	-0.104980	0.887939	32.137405	-46.870229	-34.702290	5.788343
-0.001465	-0.041016	0.831299	44.206107	-45.549618	-35.900763	5.798420
0.060547	0.069336	0.777344	51.916031	-38.625954	-34.549618	5.808595
0.065430	0.132568	0.804199	53.496183	-31.396947	-29.183206	5.818707
0.052490	0.211182	0.839600	48.160305	-18.587786	-22.190840	5.828803
0.029053	0.257324	0.843750	38.129771	-5.870229	-14.488550	5.838766
-0.007568	0.307129	0.842773	25.076336	7.427481	-6.916031	5.848962
-0.041748	0.344238	0.819336	9.961832	20.129771	2.893130	5.859166
-0.091797	0.329590	0.817139	-10.793893	26.007634	13.862595	5.869411
-0.077148	0.271729	0.805176	-22.740458	33.725191	21.320611	5.879234
-0.091064	0.202881	0.819092	-31.335878	40.229008	29.129771	5.889685
-0.102783	0.136230	0.839600	-36.580153	42.694656	35.312977	5.900204
-0.149414	0.065430	0.927002	-44.274809	41.648855	37.992366	5.910397
-0.152100	-0.018555	0.996582	-49.007634	37.977099	37.435115	5.920545
-0.158691	-0.077393	1.006836	-48.458015	31.748092	32.419847	5.930585
-0.151855	-0.128174	1.026367	-46.061069	21.961832	24.251908	5.940919
-0.174316	-0.152832	1.021973	-39.885496	11.832061	14.870229	5.950835
-0.170898	-0.205322	1.041504	-30.320611	1.236641	5.625954	5.961000
-0.161377	-0.239502	1.032959	-17.389313	-10.595420	-4.083969	5.971399
-0.167969	-0.245605	1.021240	-2.946565	-19.664122	-12.908397	5.981614
-0.165771	-0.238037	1.003418	12.137405	-33.099237	-20.419847	5.991463
-0.117432	-0.195801	0.954102	25.946565	-41.312977	-25.877863	6.001588
-0.074951	-0.076172	0.894775	36.396947	-45.000000	-28.488550	6.011905
-0.051758	0.015137	0.811523	41.045802	-45.122137	-28.183206	6.022098
0.014648	0.081299	0.780029	40.702290	-40.709924	-27.969466	6.031943
0.059082	0.139648	0.782715	37.480916	-30.877863	-23.129771	6.042147
0.042725	0.179688	0.804443	31.610687	-18.557252	-18.160305	6.052166
-0.006348	0.223145	0.841309	22.541985	-6.022901	-11.748092	6.062282
-0.025391	0.222168	0.855469	12.732824	7.503817	-4.809160	6.072466
-0.090576	0.271484	0.835938	2.687023	17.664122	2.526718	6.082408
-0.131592	0.243164	0.788086	-11.366412	22.183206	9.778626	6.092457
-0.075684	0.177490	0.786621	-20.564885	29.618321	18.496183	6.102705
-0.087891	0.136963	0.829346	-25.007634	36.839695	24.725191	6.112824
-0.101807	0.092285	0.866455	-29.549618	40.221374	29.229008	6.122690
-0.134033	0.017090	0.922363	-34.213740	39.167939	29.603053	6.132873
-0.168945	-0.020508	0.980713	-35.770992	35.221374	27.442748	6.143112
-0.201904	-0.074219	1.022705	-36.030534	27.877863	21.870229	6.153083
-0.167969	-0.145508	1.042236	-36.206107	18.893130	14.564885	6.163358
-0.181152	-0.197021	1.056641	-31.458015	8.984733	5.236641	6.173405
-0.224854	-0.231201	1.048828	-23.190840	-4.763359	-5.152672	6.183642
-0.210449	-0.254395	1.052246	-10.335878	-17.083969	-14.885496	6.193431
-0.169922	-0.230957	0.995117	9.404580	-33.824427	-25.114504	6.206673
-0.088379	-0.198486	0.939697	23.679389	-40.694656	-30.824427	6.216750
-0.023926	-0.084229	0.852295	34.206107	-40.419847	-32.534351	6.226604
-0.000244	0.035156	0.830322	39.534351	-37.641221	-30.763359	6.236664
0.037354	0.113525	0.825684	39.664122	-30.770992	-26.984733	6.246588
0.039062	0.174561	0.861816	35.801527	-20.687023	-21.603053	6.256707
0.008789	0.212891	0.865479	26.290076	-13.618321	-15.129771	6.266705
-0.030518	0.271240	0.860352	15.503817	-1.854962	-7.320611	6.277023
-0.044678	0.270508	0.836426	2.610687	10.190840	0.206107	6.287072
-0.031982	0.270508	0.804932	-5.717557	21.076336	9.274809	6.297171
-0.079346	0.260986	0.774902	-14.305344	29.816794	18.160305	6.307417
-0.100830	0.232666	0.767334	-20.503817	34.625954	25.534351	6.317561
-0.097656	0.177979	0.796143	-25.541985	38.290076	30.839695	6.327495
-0.123535	0.106934	0.875000	-30.946565	38.740458	34.671756	6.337450
-0.151611	0.030029	0.995850	-38.931298	35.351145	36.053435	6.347702
-0.154785	-0.072021	1.040283	-42.809160	30.687023	32.648855	6.357802
-0.195557	-0.131348	1.075439	-42.503817	20.618321	27.259542	6.367873
-0.204346	-0.192627	1.071045	-36.129771	9.534351	17.854962	6.377991
-0.185303	-0.226318	1.039062	-29.183206	-2.748092	9.679389	6.387996
-0.190918	-0.234863	1.029053	-19.809160	-15.534351	-3.007634	6.398075
-0.188721	-0.249023	1.023926	-9.221374	-29.977099	-13.106870	6.408370
-0.154541	-0.264893	1.019287	3.656489	-41.450382	-23.824427	6.418645
-0.110840	-0.260986	0.948486	21.000000	-49.335878	-34.114504	6.428621
-0.072754	-0.156982	0.888672	35.122137	-53.969466	-38.251908	6.438191
-0.019287	-0.052246	0.791504	47.221374	-53.923664	-38.152672	6.448854
0.043945	0.050293	0.751221	55.969466	-48.740458	-36.274809	6.459274
0.075928	0.158936	0.760742	56.610687	-37.618321	-31.358779	6.469358
0.062256	0.180664	0.788818	52.755725	-27.137405	-25.251908	6.479520
0.006348	0.259277	0.812988	39.381679	-13.343511	-17.366412	6.489785
-0.025391	0.300049	0.783447	24.557252	0.259542	-9.000000	6.500142
-0.013916	0.338867	0.745850	10.145038	15.244275	0.847328	6.510734
-0.052734	0.349121	0.720459	-3.755725	26.969466	10.763359	6.520679
-0.102539	0.329834	0.712646	-14.259542	35.335878	18.809160	6.530835
-0.108154	0.218506	0.714355	-21.236641	41.534351	27.511450	6.541024
-0.108887	0.182373	0.761719	-22.580153	46.381679	33.809160	6.551346
-0.137939	0.114258	0.834717	-25.664122	46.671756	39.045802	6.561585
-0.170654	0.081543	0.954834	-29.503817	46.801527	39.557252	6.571802
-0.195557	-0.016113	1.031250	-32.435115	37.534351	33.748092	6.582223
-0.216309	-0.093750	1.085449	-33.213740	27.396947	26.900763	6.592397
-0.217773	-0.195068	1.086670	-30.603053	13.847328	15.335878	6.602514
-0.191162	-0.247314	1.041992	-24.541985	-1.083969	4.259542	6.612639
-0.192871	-0.276855	1.013184	-10.916031	-16.854962	-6.732824	6.622761
-0.172607	-0.325439	0.964111	10.282443	-29.755725	-20.206107	6.632593
-0.153564	-0.321533	1.038086	30.488550	-44.450382	-28.679389	6.642640
-0.163330	-0.238281	1.021729	47.190840	-54.740458	-36.656489	6.652847
-0.121826	-0.151855	0.971680	60.236641	-65.358779	-42.404580	6.663083
-0.005859	-0.070312	0.859619	71.671756	-67.519084	-45.839695	6.673116
0.045898	0.074463	0.742432	79.854962	-63.419847	-47.290076	6.683077
0.089844	0.167969	0.686768	79.541985	-54.740458	-42.549618	6.693124
0.137939	0.251709	0.746582	71.244275	-42.366412	-35.885496	6.703158
0.099365	0.322998	0.820801	56.564885	-24.297710	-27.427481	6.713275
0.028076	0.391113	0.877441	35.534351	-6.877863	-18.198473	6.723388
-0.005371	0.404785	0.862549	14.732824	7.320611	-8.190840	6.733278
-0.049561	0.413086	0.840576	-4.938931	20.442748	1.656489	6.743491
0.015869	0.365723	0.792725	-20.526718	33.610687	11.320611	6.753480
-0.024414	0.317627	0.802002	-27.007634	43.694656	17.732824	6.763877
-0.078613	0.250732	0.858887	-33.832061	47.908397	25.648855	6.773823
-0.088379	0.191895	0.941162	-40.618321	49.694656	30.183206	6.783681
-0.126465	0.124023	0.999512	-46.885496	45.984733	33.114504	6.793714
-0.133301	0.055908	1.038086	-51.274809	40.221374	29.610687	6.803819
-0.137939	0.028320	1.056396	-50.618321	30.083969	26.053435	6.813872
-0.159180	-0.049316	1.051270	-44.312977	21.320611	19.145038	6.823815
-0.174316	-0.120117	1.015869	-38.221374	2.557252	9.648855	6.833913
-0.123779	-0.212891	0.988770	-25.061069	-8.015267	-0.687023	6.843867
-0.092529	-0.210449	0.999512	-7.427481	-16.809160	-11.038168	6.853810
-0.114990	-0.191162	1.006836	7.862595	-30.335878	-18.740458	6.864029
-0.097656	-0.143066	0.989502	25.114504	-39.335878	-24.381679	6.874183
-0.044678	-0.098877	0.931152	37.083969	-44.312977	-28.290076	6.884085
-0.007080	-0.036865	0.873047	47.358779	-45.786260	-30.702290	6.894101
0.020752	0.053711	0.832031	51.152672	-44.770992	-28.656489	6.904472
0.056641	0.147949	0.802490	51.106870	-37.572519	-25.709924	6.914493
0.057861	0.214355	0.791260	45.030534	-27.679389	-21.221374	6.924533
0.035645	0.275146	0.803711	35.503817	-17.389313	-15.954198	6.934504
0.018066	0.336426	0.807861	20.534351	-4.435115	-8.931298	6.944611
0.008545	0.338623	0.788086	3.488550	8.511450	-2.190840	6.954745
0.000732	0.331543	0.781006	-10.412214	20.488550	4.145038	6.964820
-0.025146	0.297119	0.776123	-19.595420	31.374046	10.877863	6.974836
-0.059814	0.253662	0.778809	-25.748092	39.061069	17.175573	6.984866
-0.081299	0.219238	0.801514	-31.671756	42.221374	23.977099	6.995079
-0.086914	0.156250	0.861084	-35.145038	44.526718	29.068702	7.005268
-0.147949	0.145264	0.945068	-41.351145	42.206107	30.213740	7.015320
-0.138428	0.025146	0.996338	-42.427481	39.595420	27.068702	7.025405
-0.140137	-0.021973	1.028564	-41.641221	32.801527	23.061069	7.035561
-0.154541	-0.060303	1.036621	-39.893130	23.274809	17.244275	7.045853
-0.133789	-0.131348	1.035645	-37.022901	12.007634	10.328244	7.055972
-0.119385	-0.158936	1.034180	-30.083969	3.045802	1.267176	7.066323
-0.127686	-0.169678	1.016113	-21.824427	-7.793893	-6.763359	7.076337
-0.106445	-0.198730	1.029053	-11.519084	-18.877863	-15.969466	7.086749
-0.086426	-0.198730	1.046387	2.526718	-29.496183	-24.572519	7.097074
-0.072021	-0.156494	1.042969	17.977099	-37.793893	-31.114504	7.107696
-0.045410	-0.100342	0.984619	30.938931	-42.908397	-36.625954	7.117802
-0.023438	-0.003418	0.902344	41.160305	-47.625954	-38.679389	7.127804
0.040039	0.068848	0.775635	49.206107	-44.748092	-38.992366	7.137848
0.077393	0.167236	0.749512	54.106870	-38.351145	-36.496183	7.147844
0.078613	0.263184	0.735840	50.381679	-27.549618	-31.267176	7.158110
0.070312	0.313232	0.795166	39.633588	-14.946565	-21.572519	7.168991
0.018799	0.393555	0.806885	25.290076	-0.396947	-11.977099	7.179077
-0.027588	0.401855	0.828369	8.969466	12.022901	-2.801527	7.189391
-0.028076	0.366943	0.814209	-1.984733	23.419847	4.206107	7.199394
-0.050049	0.375000	0.808594	-14.809160	33.870229	11.893130	7.209862
-0.134033	0.354248	0.825195	-26.236641	35.435115	20.748092	7.219803
-0.061035	0.188477	0.830078	-33.427481	39.419847	24.916031	7.229753
-0.117920	0.152100	0.919678	-37.496183	38.633588	29.755725	7.239727
-0.148682	0.048828	0.963379	-38.297710	34.290076	30.610687	7.249589
-0.137939	-0.042236	1.007324	-36.816794	26.259542	26.122137	7.260043
-0.145264	-0.068604	1.041992	-32.419847	15.335878	19.748092	7.270298
-0.175537	-0.103760	1.061035	-24.374046	2.152672	10.305344	7.280192
-0.161133	-0.121094	1.035645	-15.351145	-12.259542	-0.938931	7.290338
-0.120605	-0.143066	1.003174	-4.916031	-24.717557	-9.816794	7.300414
-0.086426	-0.149170	1.007324	5.687023	-36.320611	-22.274809	7.310850
-0.111084	-0.155518	1.024658	15.832061	-46.122137	-32.198473	7.320731
-0.119873	-0.141846	1.024170	28.198473	-54.618321	-39.648855	7.330990
-0.090088	-0.090088	0.962891	40.442748	-60.984733	-45.389313	7.340774
-0.044434	0.043457	0.835205	51.091603	-65.152672	-45.633588	7.350822
0.018311	0.153320	0.719727	55.847328	-65.320611	-42.503817	7.360780
0.156250	0.234863	0.647217	60.519084	-53.236641	-38.404580	7.371038
0.184814	0.312744	0.666016	56.244275	-36.854962	-32.366412	7.381100
0.109375	0.380371	0.742432	44.496183	-22.175573	-23.938931	7.391102
0.059082	0.424805	0.826660	26.618321	-5.465649	-14.198473	7.401168
0.017090	0.423828	0.838623	5.786260	8.770992	-2.824427	7.411769
0.045898	0.364502	0.841553	-13.801527	25.160305	5.847328	7.421939
0.011230	0.322510	0.830078	-26.679389	38.206107	13.190840	7.431849
-0.075195	0.318848	0.849121	-37.862595	45.145038	21.564885	7.442067
-0.038086	0.182129	0.889160	-46.061069	48.053435	31.358779	7.452135
-0.051514	0.079102	0.946289	-47.358779	50.389313	34.061069	7.462306
-0.069580	0.038330	0.983887	-46.114504	47.297710	34.816794	7.472550
-0.099609	0.024658	1.036377	-39.801527	39.954198	32.648855	7.482521
-0.078369	-0.047119	1.011719	-35.984733	31.129771	26.404580	7.492480
-0.092285	-0.093994	1.009277	-28.938931	22.564885	19.458015	7.502686
-0.090332	-0.132812	0.969482	-20.763359	12.648855	8.076336	7.512757
-0.133789	-0.154297	0.963379	-10.648855	2.076336	0.229008	7.522626
-0.124512	-0.145996	0.982910	-3.465649	-10.625954	-7.984733	7.532835
-0.110107	-0.121582	1.010742	5.473282	-21.083969	-15.076336	7.542910
-0.094482	-0.093750	1.003174	11.290076	-30.755725	-22.793893	7.552617
-0.061279	-0.055664	0.997559	18.923664	-37.702290	-30.633588	7.563022
-0.032471	0.041016	0.946289	27.549618	-41.610687	-36.015267	7.573037
0.013916	0.117432	0.865723	32.931298	-41.480916	-36.893130	7.583053
0.070312	0.239746	0.766357	31.549618	-36.786260	-33.938931	7.593128
0.101318	0.318848	0.749023	22.832061	-29.809160	-26.801527	7.602840
0.088135	0.374512	0.816162	9.351145	-17.435115	-18.305344	7.613173
0.079346	0.381836	0.856445	-4.847328	-2.206107	-10.938931	7.623280
0.039307	0.344482	0.858398	-17.106870	7.893130	-2.076336	7.633215
-0.023438	0.322266	0.889648	-23.954198	20.374046	7.030534	7.643840
-0.007568	0.296387	0.833496	-23.618321	28.358779	14.557252	7.654016
0.007568	0.233398	0.811768	-22.938931	36.145038	20.687023	7.664083
-0.059570	0.206543	0.849365	-23.068702	39.732824	27.610687	7.674191
-0.068115	0.129150	0.879150	-27.877863	36.244275	32.938931	7.684426
-0.076416	0.068848	0.916260	-24.282443	33.396947	33.374046	7.694854
-0.064209	0.010010	0.957764	-19.503817	28.679389	33.198473	7.704718
-0.066406	-0.046631	1.012451	-13.740458	20.549618	24.809160	7.715491
-0.107666	-0.033691	1.059814	-17.190840	10.175573	17.687023	7.725369
-0.133545	-0.082275	1.072998	-14.114504	0.129771	7.320611	7.735590
-0.091553	-0.149902	1.035645	-6.564885	-10.793893	-3.908397	7.745601
-0.084961	-0.153809	1.023926	2.946565	-22.358779	-12.809160	7.755809
-0.093750	-0.136475	0.974609	13.244275	-33.969466	-21.236641	7.766223
-0.062012	-0.078857	0.953369	19.053435	-43.908397	-26.763359	7.776355
-0.025879	0.007324	0.883545	23.793893	-50.145038	-29.732824	7.786285
0.027344	0.087646	0.823975	27.473282	-51.641221	-31.633588	7.796739
0.095215	0.163086	0.772461	24.809160	-46.778626	-28.496183	7.806848
0.126709	0.220459	0.770996	21.618321	-35.824427	-26.587786	7.816989
0.108398	0.291260	0.770752	12.175573	-24.938931	-20.992366	7.827058
0.092773	0.346191	0.772461	1.190840	-13.534351	-13.404580	7.837288
0.062256	0.353027	0.747314	-5.572519	3.297710	-6.511450	7.847249
0.017090	0.339600	0.751953	-10.259542	14.000000	1.870229	7.857214
-0.024658	0.309570	0.778809	-17.190840	22.427481	10.664122	7.867398
0.007568	0.224854	0.798828	-21.961832	31.877863	17.755725	7.877418
-0.037109	0.169678	0.860352	-20.839695	37.229008	24.625954	7.887369
-0.128662	0.150146	0.876465	-22.824427	33.541985	31.862595	7.897379
-0.052979	0.060059	0.921875	-24.221374	33.412214	34.564885	7.907644
-0.031006	-0.002930	0.959229	-24.633588	32.053435	33.770992	7.917719
-0.072021	-0.038086	0.989990	-23.755725	27.083969	29.335878	7.927882
-0.072266	-0.044189	1.040039	-25.625954	20.877863	23.931298	7.937750
-0.110596	-0.094238	1.052979	-24.824427	10.572519	16.389313	7.948028
-0.100342	-0.121582	1.085693	-21.702290	0.167939	7.190840	7.958010
-0.097412	-0.146484	1.080078	-16.366412	-9.625954	-3.267176	7.968170
-0.092041	-0.145508	1.072266	-11.603053	-17.854962	-10.641221	7.976294
-0.078125	-0.140625	1.032471	-0.885496	-25.022901	-17.312977	7.984469
-0.047852	-0.123779	0.992920	7.908397	-30.931298	-21.969466	7.992567
-0.058594	-0.014893	0.978271	17.755725	-33.946565	-25.274809	8.000723
-0.024902	0.024170	0.895752	23.671756	-37.381679	-27.236641	8.009052
0.013672	0.102783	0.812256	27.954198	-38.977099	-27.984733	8.017188
0.061035	0.151123	0.779297	30.938931	-37.389313	-26.763359	8.025437
0.059082	0.229980	0.767822	29.137405	-33.030534	-23.267176	8.033784
0.084473	0.302734	0.764404	23.229008	-24.977099	-19.480916	8.042006
0.046387	0.335205	0.776367	14.862595	-17.847328	-14.969466	8.050249
0.021484	0.349365	0.796875	6.541985	-8.183206	-8.854962	8.058536
0.020996	0.401367	0.812500	2.389313	2.977099	-1.839695	8.066608
-0.007324	0.343994	0.781738	-7.404580	10.809160	3.786260	8.076111
-0.021973	0.320801	0.807861	-15.480916	18.007634	13.297710	8.086192
0.011230	0.256592	0.808594	-17.236641	27.167939	21.083969	8.096191
-0.043945	0.203369	0.829834	-18.458015	32.740458	27.404580	8.106509
-0.071777	0.103027	0.843750	-21.549618	32.541985	31.175573	8.116319
-0.066162	0.069580	0.922852	-19.603053	28.465649	34.458015	8.126416
-0.089844	0.018066	0.969238	-17.503817	27.343511	32.916031	8.136528
-0.115234	0.004639	1.012207	-18.267176	18.625954	27.076336	8.146520
-0.083008	-0.041260	1.014648	-22.167939	8.854962	17.320611	8.156786
-0.087158	-0.119141	1.035645	-19.549618	-3.702290	6.641221	8.166798
-0.093262	-0.110107	1.010742	-15.870229	-16.473282	-3.236641	8.176672
-0.056396	-0.138428	0.984863	-10.015267	-30.206107	-13.152672	8.186521
-0.011230	-0.142334	0.970947	0.549618	-41.625954	-23.664122	8.198173
0.044189	-0.106445	0.962891	12.076336	-45.618321	-29.885496	8.208998
0.034424	-0.008301	0.957275	22.816794	-48.068702	-31.580153	8.219355
0.089600	0.050293	0.970215	29.786260	-47.251908	-31.717557	8.229455
0.103027	0.089600	0.931396	30.633588	-46.900763	-28.717557	8.239567
0.116943	0.178223	0.892090	29.114504	-38.549618	-24.366412	8.249605
0.127441	0.263672	0.842529	20.862595	-26.694656	-16.893130	8.259856
0.126709	0.320068	0.789551	9.824427	-13.900763	-9.992366	8.270075
0.120605	0.307129	0.751953	0.297710	-0.580153	-2.625954	8.280441
0.084229	0.315186	0.736572	-6.824427	10.984733	7.305344	8.290801
0.054199	0.275391	0.762939	-10.786260	21.977099	16.351145	8.300899
0.025146	0.230713	0.805664	-14.572519	29.770992	22.427481	8.311165
-0.007812	0.207520	0.840088	-17.679389	33.740458	28.503817	8.321224
-0.021484	0.164307	0.907227	-22.725191	34.503817	32.404580	8.331506
-0.033691	0.092773	0.974854	-27.022901	33.786260	31.801527	8.341625
-0.036621	-0.002686	1.013184	-30.801527	28.793893	29.198473	8.351871
-0.059082	-0.097412	1.080322	-29.450382	20.167939	24.251908	8.362223
-0.043701	-0.177002	1.072998	-27.244275	8.473282	16.221374	8.372069
-0.044678	-0.164307	1.046631	-17.366412	-3.458015	5.885496	8.382259
-0.028809	-0.154785	1.038818	-9.396947	-15.259542	-3.381679	8.392422
-0.005859	-0.137939	1.013672	-2.465649	-27.137405	-13.633588	8.402291
0.024658	-0.113281	0.995605	5.702290	-36.824427	-22.893130	8.412930
0.062256	-0.082520	0.983154	13.908397	-42.824427	-29.442748	8.422945
0.125732	-0.018311	0.891602	21.717557	-43.992366	-33.091603	8.433038
0.130371	0.089844	0.879150	25.229008	-42.381679	-31.152672	8.443016
0.155518	0.152344	0.887451	23.725191	-38.145038	-26.763359	8.452944
0.160400	0.238525	0.845215	16.603053	-28.183206	-21.152672	8.463156
0.137939	0.303711	0.840576	4.511450	-19.412214	-13.770992	8.473212
0.122803	0.387939	0.814453	-6.679389	-4.320611	-5.427481	8.483218
0.093262	0.349609	0.787598	-13.473282	6.473282	0.954198	8.493170
0.049561	0.382568	0.750488	-22.022901	18.183206	13.854962	8.503213
0.036865	0.331299	0.740967	-26.259542	28.595420	22.954198	8.513427
0.024658	0.305420	0.739990	-28.641221	35.221374	29.442748	8.523369
-0.003174	0.240234	0.769531	-29.198473	43.320611	36.473282	8.533440
-0.034668	0.221680	0.841553	-33.854962	44.809160	44.244275	8.543523
-0.064453	0.081055	0.928467	-38.068702	42.473282	47.793893	8.553554
-0.058594	-0.002930	0.995117	-38.900763	38.167939	45.374046	8.563827
-0.071777	-0.091797	1.042480	-35.358779	31.160305	39.114504	8.573878
-0.060059	-0.125488	1.022949	-30.557252	19.618321	30.862595	8.583928
-0.024902	-0.158936	1.000244	-24.961832	9.083969	21.671756	8.594074
-0.073730	-0.144043	1.024170	-17.694656	-2.549618	12.259542	8.604049
-0.079590	-0.191162	1.018311	-13.030534	-16.587786	1.755725	8.614198
-0.042725	-0.240967	1.051758	-4.465649	-27.541985	-12.045802	8.623909
-0.059814	-0.231934	1.032959	9.320611	-37.290076	-24.641221	8.633955
0.000732	-0.209473	0.970215	21.152672	-46.175573	-32.145038	8.644043
-0.014160	-0.093994	0.968994	32.969466	-51.290076	-34.870229	8.654498
0.024414	-0.023926	0.907715	40.045802	-54.160305	-37.786260	8.664345
0.069092	0.047852	0.828125	44.511450	-54.206107	-38.954198	8.674433
0.133301	0.129395	0.771484	45.519084	-52.648855	-38.343511	8.684508
0.144043	0.204102	0.721680	42.671756	-43.374046	-35.465649	8.694208
0.161377	0.272705	0.730469	35.022901	-31.526718	-28.274809	8.704505
0.144287	0.332275	0.752686	25.351145	-17.778626	-19.908397	8.714455
0.111328	0.365723	0.807617	11.335878	-4.625954	-9.664122	8.724448
0.066162	0.328857	0.816406	0.480916	8.732824	-0.603053	8.734581
0.060547	0.304199	0.793701	-5.061069	21.290076	8.725191	8.744702
0.068359	0.301270	0.773682	-8.450382	32.801527	19.862595	8.754827
0.020020	0.268799	0.785400	-14.244275	38.992366	27.748092	8.764978
0.016602	0.134521	0.826660	-18.114504	40.923664	32.564885	8.775044
0.015137	0.072998	0.907227	-16.290076	41.320611	35.633588	8.785095
0.002930	0.010986	0.954102	-13.564885	38.709924	33.320611	8.795059
-0.041504	0.001953	0.988281	-9.000000	31.068702	26.358779	8.805301
-0.026611	-0.026611	0.986328	-6.587786	20.641221	18.564885	8.815306
0.017334	-0.098877	0.962402	-4.305344	9.992366	10.305344	8.825255
0.008545	-0.082520	1.010986	-0.969466	-0.366412	0.648855	8.835447
-0.009521	-0.128418	1.025391	5.969466	-14.320611	-7.893130	8.845629
0.014648	-0.151611	1.021973	14.068702	-24.717557	-20.442748	8.856102
0.041992	-0.134766	1.020264	25.557252	-32.961832	-28.885496	8.866253
0.063965	-0.061768	1.004883	34.427481	-38.259542	-32.511450	8.876635
0.052002	-0.010254	1.017822	40.534351	-42.022901	-35.610687	8.886834
0.056152	0.041260	0.976562	44.236641	-44.435115	-38.702290	8.896891
0.087891	0.132324	0.894287	46.244275	-46.404580	-40.351145	8.907441
0.152100	0.212646	0.813477	47.587786	-42.832061	-37.938931	8.917317
0.189453	0.294922	0.751465	41.625954	-36.412214	-31.282443	8.927293
0.222900	0.332031	0.779785	30.610687	-25.618321	-22.687023	8.937310
0.187988	0.350830	0.843506	15.877863	-13.748092	-14.496183	8.947508
0.146484	0.354004	0.885986	2.786260	0.534351	-7.709924	8.957883
0.106445	0.320068	0.893066	-6.977099	12.427481	2.839695	8.967947
0.110840	0.299316	0.847900	-16.221374	22.633588	13.580153	8.978345
0.086182	0.288574	0.851318	-22.137405	29.328244	21.572519	8.987996
0.049561	0.231689	0.844727	-24.198473	37.328244	28.083969	8.998356
0.056396	0.186035	0.845947	-24.992366	42.030534	33.549618	9.008516
0.045898	0.142334	0.897705	-27.167939	42.679389	37.664122	9.018679
0.017090	0.092041	0.951172	-29.099237	40.809160	36.419847	9.028729
0.001465	0.052490	0.972656	-29.480916	34.213740	32.419847	9.038886
0.026611	-0.007812	1.006836	-29.442748	27.488550	25.793893	9.048725
-0.001709	-0.059570	1.044189	-28.671756	17.167939	17.717557	9.059193
-0.021973	-0.099121	1.072998	-25.725191	4.763359	8.251908	9.068956
-0.022949	-0.152100	1.077148	-17.190840	-7.099237	-2.641221	9.079117
-0.012207	-0.163330	1.059082	-4.213740	-18.396947	-12.534351	9.089030
0.002441	-0.125000	1.005127	11.511450	-29.137405	-21.015267	9.099094
0.053467	-0.025391	0.946533	24.961832	-33.442748	-24.160305	9.109207
0.068604	0.066650	0.943604	31.748092	-37.473282	-25.251908	9.119211
0.068115	0.159668	0.929443	33.435115	-34.725191	-23.000000	9.129128
0.099609	0.252197	0.877930	29.061069	-26.740458	-16.755725	9.138951
0.115967	0.331543	0.807617	17.923664	-15.061069	-8.625954	9.149049
0.135742	0.366699	0.753418	4.885496	-0.618321	-0.412214	9.159282
0.114014	0.363525	0.706543	-5.404580	13.183206	7.412214	9.169426
0.049316	0.337402	0.688477	-10.923664	22.717557	14.374046	9.179071
0.049561	0.324951	0.699219	-17.167939	32.167939	22.190840	9.189220
0.035645	0.295898	0.736328	-22.763359	39.679389	28.557252	9.199234
0.003418	0.224854	0.799561	-25.977099	43.221374	31.633588	9.209587
-0.019775	0.171875	0.912842	-31.480916	42.045802	32.839695	9.219527
-0.003662	0.053711	0.968750	-32.396947	37.580153	30.312977	9.229609
-0.007324	-0.001221	1.039795	-32.053435	30.396947	24.343511	9.239271
-0.010498	-0.130615	1.054688	-27.648855	18.595420	17.244275	9.249313
0.015625	-0.162598	1.049072	-19.099237	6.862595	7.564885	9.259646
0.027100	-0.167725	1.029785	-9.885496	-4.992366	-3.488550	9.269775
-0.004395	-0.143311	1.030518	-0.770992	-16.290076	-11.740458	9.279290
0.010742	-0.119629	1.026611	7.595420	-28.312977	-21.557252	9.289243
0.030762	-0.075684	1.016357	13.916031	-37.587786	-31.618321	9.299420
0.051025	-0.037354	1.011963	18.969466	-43.977099	-36.541985	9.309649
0.050781	-0.002930	1.010742	24.923664	-49.412214	-42.198473	9.319549
0.079590	0.064453	0.921631	30.503817	-50.267176	-44.038168	9.329746
0.135498	0.208496	0.820557	31.458015	-46.633588	-39.786260	9.339734
0.180176	0.274902	0.763672	26.129771	-38.557252	-32.343511	9.349811
0.188721	0.329346	0.769287	18.496183	-27.091603	-25.389313	9.360008
0.195312	0.349609	0.754395	7.343511	-10.709924	-13.725191	9.370264
0.158936	0.382812	0.776123	-2.015267	2.496183	-5.786260	9.380270
0.145996	0.383789	0.753174	-12.496183	14.366412	4.938931	9.390190
0.155762	0.395020	0.733643	-17.641221	28.396947	15.389313	9.400360
0.083008	0.402100	0.733398	-22.374046	38.778626	23.694656	9.411084
0.076172	0.371094	0.727295	-25.625954	45.068702	31.526718	9.421361
0.082520	0.297363	0.738525	-30.679389	51.290076	39.206107	9.431383
0.071045	0.225342	0.773438	-34.480916	56.122137	43.778626	9.441091
0.042725	0.135498	0.877441	-38.122137	56.709924	46.038168	9.451418
0.013184	0.029785	0.982910	-41.297710	53.969466	43.923664	9.461454
-0.035889	-0.040039	1.045898	-38.251908	43.404580	39.312977	9.471706
-0.009766	-0.119629	1.069092	-35.061069	31.511450	30.885496	9.482131
-0.021240	-0.157471	1.075439	-25.015267	18.763359	20.167939	9.492403
-0.008057	-0.208740	1.085205	-18.068702	4.893130	9.022901	9.502252
-0.011230	-0.208984	1.082031	-7.503817	-6.908397	-2.229008	9.512496
-0.043945	-0.187988	1.067383	3.419847	-21.045802	-13.687023	9.522258
-0.019531	-0.179932	1.050293	14.320611	-33.916031	-23.938931	9.532457
0.005127	-0.140137	1.026611	24.305344	-43.778626	-31.213740	9.542232
0.026123	-0.085449	1.001953	29.839695	-51.458015	-36.007634	9.552294
0.029297	-0.039795	0.990479	35.290076	-53.503817	-41.473282	9.562971
0.020020	0.063965	0.937988	43.251908	-56.183206	-44.549618	9.572803
0.089600	0.127441	0.843994	46.763359	-55.847328	-43.152672	9.582934
0.136719	0.239258	0.753906	45.083969	-47.931298	-37.824427	9.593041
0.186035	0.325439	0.722168	34.900763	-37.114504	-31.335878	9.603225
0.180420	0.375244	0.747314	20.221374	-22.465649	-20.625954	9.613521
0.156738	0.405273	0.767822	5.687023	-5.335878	-9.908397	9.623840
0.112305	0.399658	0.760498	-8.572519	9.167939	-0.793893	9.633827
0.092773	0.372070	0.774414	-15.786260	20.229008	8.473282	9.643682
0.094727	0.353271	0.757812	-20.580153	30.938931	18.572519	9.653665
0.067871	0.330811	0.774170	-22.114504	40.603053	26.916031	9.663977
0.053955	0.298340	0.777344	-23.656489	47.732824	33.427481	9.674286
0.043945	0.232178	0.824219	-27.580153	49.068702	38.450382	9.684233
0.024902	0.153564	0.911621	-32.641221	47.824427	39.396947	9.694187
0.014404	0.023682	0.966309	-34.595420	44.083969	36.152672	9.704161
-0.002441	-0.061279	1.016113	-32.022901	36.160305	30.549618	9.714099
-0.012451	-0.098389	1.034668	-25.702290	24.595420	20.557252	9.724001
-0.030762	-0.132568	1.032959	-14.206107	11.633588	10.267176	9.734275
-0.001953	-0.123291	1.011719	-2.923664	-3.480916	0.038168	9.744206
-0.007324	-0.112549	1.025879	6.244275	-17.938931	-10.847328	9.754480
-0.009033	-0.123535	1.019287	17.633588	-30.610687	-22.496183	9.764638
0.031494	-0.090820	1.008301	26.458015	-37.137405	-29.916031	9.774624
0.050049	-0.023193	0.987305	32.870229	-44.030534	-33.473282	9.784437
0.065918	0.039551	0.949219	35.824427	-46.832061	-36.343511	9.794374
0.074463	0.098633	0.914551	36.099237	-46.763359	-37.389313	9.804349
0.094238	0.150391	0.882324	34.687023	-43.526718	-36.061069	9.813857
0.132812	0.211670	0.832520	34.534351	-38.816794	-33.091603	9.824058
0.158691	0.277588	0.772461	31.328244	-30.648855	-26.916031	9.833922
0.182129	0.341309	0.746826	22.870229	-19.893130	-18.511450	9.843680
0.172607	0.376953	0.757080	11.847328	-7.000000	-10.160305	9.853645
0.134277	0.400879	0.765625	-0.580153	7.671756	-0.137405	9.864156
0.117432	0.377686	0.770752	-10.557252	20.053435	9.305344	9.874115
0.105225	0.343262	0.780273	-15.709924	31.183206	18.694656	9.884246
0.074707	0.292969	0.803223	-21.946565	40.786260	26.519084	9.894248
0.050293	0.221924	0.846191	-26.809160	46.167939	32.038168	9.904252
0.018555	0.129395	0.935791	-32.290076	47.664122	33.770992	9.914310
-0.014160	0.046143	0.988281	-34.351145	43.106870	32.290076	9.924498
-0.021973	-0.023438	1.047119	-32.893130	37.091603	26.900763	9.934559
-0.014893	-0.087402	1.060059	-27.916031	24.419847	18.755725	9.944630
-0.002686	-0.113770	1.061279	-20.679389	13.053435	8.206107	9.954679
-0.005371	-0.143799	1.047363	-12.519084	0.045802	-3.511450	9.964894
-0.026123	-0.123779	1.039795	-4.839695	-15.549618	-14.885496	9.975003
-0.018799	-0.152832	1.063965	5.076336	-28.358779	-26.816794	9.985018
0.034912	-0.133301	1.027832	16.969466	-37.404580	-34.923664	9.994985
0.041016	-0.030273	1.019287	26.229008	-42.801527	-37.969466	10.005344
0.063721	0.063232	0.962402	33.625954	-45.251908	-39.427481	10.015278
0.093750	0.149658	0.922607	35.961832	-43.053435	-36.740458	10.025299
0.138672	0.259766	0.884277	32.114504	-34.458015	-29.145038	10.035055
0.150391	0.349121	0.815918	22.114504	-22.259542	-19.381679	10.045179
0.155029	0.428955	0.772949	7.992366	-6.213740	-8.694656	10.055526
0.175049	0.431152	0.719727	-5.076336	9.534351	0.793893	10.065418
0.148682	0.412109	0.680176	-13.366412	24.534351	8.587786	10.074959
0.080811	0.393311	0.677246	-21.229008	35.160305	18.091603	10.085689
0.054688	0.357178	0.685059	-26.702290	41.396947	26.526718	10.095811
0.040527	0.321289	0.729492	-30.702290	47.473282	33.335878	10.105800
0.043213	0.250244	0.775635	-31.297710	51.404580	38.480916	10.115376
0.025635	0.197998	0.847656	-32.282443	52.053435	40.526718	10.125830
0.010254	0.137207	0.898926	-31.572519	50.358779	39.885496	10.135922
-0.010742	0.052979	0.933594	-29.099237	44.786260	38.229008	10.145317
-0.002441	0.019775	0.989502	-25.709924	39.778626	33.984733	10.155776
0.000000	-0.062012	1.007080	-24.198473	30.641221	27.091603	10.166204
-0.009521	-0.106934	1.034668	-18.312977	22.236641	18.328244	10.176264
-0.023926	-0.123291	1.060303	-11.992366	12.465649	8.229008	10.186523
-0.047852	-0.107178	1.091309	-5.160305	-2.465649	-2.946565	10.198431
-0.014893	-0.144287	1.073242	2.786260	-17.519084	-14.083969	10.209943
-0.016357	-0.133789	1.063232	10.732824	-30.190840	-24.748092	10.220153
-0.002686	-0.099365	1.053467	17.519084	-41.473282	-33.152672	10.230202
0.036377	-0.063965	1.024658	23.969466	-50.030534	-40.091603	10.240236
0.041260	-0.017822	0.983154	29.709924	-54.549618	-46.770992	10.250308
0.044678	0.090088	0.879883	37.786260	-55.557252	-51.305344	10.260652
0.077393	0.165527	0.794922	40.679389	-57.473282	-49.740458	10.270771
0.164307	0.276123	0.745605	41.931298	-47.396947	-42.786260	10.280646
0.181152	0.298096	0.742432	35.244275	-38.656489	-31.786260	10.290674
0.192627	0.395752	0.768066	20.480916	-21.748092	-21.877863	10.300744
0.159912	0.439453	0.792969	1.595420	-3.946565	-11.763359	10.310830
0.125244	0.431396	0.787598	-15.419847	14.381679	-1.381679	10.320920
0.103516	0.387939	0.753174	-25.274809	29.015267	7.564885	10.330988
0.096924	0.361816	0.733154	-27.603053	42.839695	17.893130	10.340954
0.065918	0.359131	0.711914	-28.603053	51.923664	26.557252	10.351076
0.042969	0.306396	0.707275	-33.564885	52.885496	36.320611	10.361218
0.038086	0.256348	0.766846	-33.786260	60.106870	40.114504	10.371423
0.014160	0.173584	0.827637	-35.801527	61.954198	42.770992	10.381507
0.001953	0.106934	0.911377	-38.511450	57.938931	42.442748	10.391367
-0.041992	0.022461	0.986572	-35.824427	51.839695	40.633588	10.401369
-0.058350	-0.051270	1.043213	-29.870229	41.656489	34.274809	10.411792
-0.070312	-0.081299	1.069580	-22.198473	28.129771	27.022901	10.421639
-0.026367	-0.126709	1.055908	-15.854962	16.625954	16.854962	10.431712
-0.018555	-0.154053	1.062012	-7.725191	5.832061	5.465649	10.441957
-0.030273	-0.142822	1.052734	1.068702	-9.152672	-3.923664	10.452234
-0.035889	-0.133545	1.049805	10.748092	-22.908397	-16.251908	10.462121
-0.024170	-0.099365	1.034424	17.786260	-36.396947	-25.702290	10.472384
-0.017822	-0.061768	1.008545	24.984733	-47.137405	-34.488550	10.482398
0.014160	-0.003418	0.957031	31.656489	-54.557252	-40.320611	10.492472
0.055908	0.090576	0.925049	38.526718	-55.259542	-43.687023	10.502466
0.079102	0.135742	0.860352	41.038168	-55.427481	-43.526718	10.512837
0.120850	0.205811	0.769287	38.618321	-52.244275	-40.022901	10.522812
0.142090	0.304199	0.754883	34.832061	-41.717557	-32.465649	10.532575
0.190918	0.322021	0.746826	29.778626	-29.702290	-22.091603	10.542606
0.172852	0.370361	0.744629	19.251908	-14.099237	-14.076336	10.552606
0.142090	0.389648	0.779785	5.717557	0.229008	-7.763359	10.562956
0.090088	0.416504	0.797852	-8.954198	14.809160	3.221374	10.572707
0.080811	0.379150	0.805908	-22.458015	27.809160	13.343511	10.583026
0.077393	0.351318	0.816895	-27.809160	40.061069	21.671756	10.593287
0.022705	0.343750	0.815674	-31.801527	47.480916	29.824427	10.603720
0.007324	0.242188	0.859375	-38.404580	48.297710	34.030534	10.613677
0.027832	0.166992	0.937256	-37.824427	50.503817	33.770992	10.623769
-0.001221	0.060303	0.970215	-37.122137	46.335878	30.557252	10.633790
-0.046387	-0.060791	1.027100	-34.015267	35.877863	24.076336	10.643873
-0.095703	-0.137207	1.035645	-23.587786	20.290076	15.702290	10.653992
-0.088135	-0.157227	1.031738	-6.832061	3.717557	4.893130	10.664071
-0.083008	-0.134277	1.022949	10.015267	-16.106870	-5.748092	10.674384
-0.041016	-0.102295	1.010498	24.770992	-32.732824	-17.068702	10.685164
-0.014648	-0.073242	1.014160	36.312977	-44.603053	-27.519084	10.695286
0.024170	-0.036865	1.004150	48.374046	-50.656489	-36.007634	10.705505
0.041504	0.030762	0.981689	53.412214	-56.381679	-39.244275	10.715589
0.076904	0.107910	0.928467	55.282443	-58.328244	-39.091603	10.725507
0.126465	0.186523	0.851318	54.076336	-55.427481	-36.687023	10.735459
0.157227	0.249023	0.804688	49.572519	-47.885496	-31.809160	10.745732
0.178223	0.302734	0.795166	41.053435	-37.328244	-25.679389	10.755777
0.158691	0.361816	0.794189	28.282443	-22.389313	-17.251908	10.766271
0.160400	0.399414	0.767334	11.854962	-7.625954	-7.816794	10.776021
0.138428	0.436035	0.751709	-4.167939	7.648855	0.099237	10.786298
0.108154	0.419922	0.754883	-15.458015	20.618321	5.885496	10.796580
0.110840	0.378662	0.765381	-20.625954	32.358779	15.068702	10.806800
0.082275	0.336914	0.773682	-22.748092	40.908397	21.053435	10.817135
0.018066	0.322021	0.767578	-24.664122	45.435115	27.625954	10.827143
0.023193	0.283447	0.821289	-26.190840	47.580153	33.106870	10.837106
0.048828	0.201904	0.860352	-26.183206	49.259542	33.946565	10.847432
0.023926	0.119873	0.957520	-26.511450	45.885496	32.763359	10.857641
0.002930	0.079590	0.993896	-24.427481	40.076336	31.251908	10.867717
-0.020508	0.020264	1.020508	-18.931298	31.282443	24.045802	10.877602
-0.012207	-0.025635	1.053711	-14.335878	20.442748	17.839695	10.887837
-0.003906	-0.049072	1.076172	-8.648855	8.106870	9.534351	10.897842
-0.016113	-0.039551	1.078125	-3.740458	-6.053435	-0.893130	10.908046
-0.008057	-0.042236	1.086670	1.877863	-19.320611	-10.587786	10.918064
0.003174	-0.038330	1.078613	10.175573	-31.572519	-21.404580	10.928054
0.033447	-0.047607	1.043213	20.694656	-41.091603	-30.442748	10.938092
0.031738	-0.007080	1.010986	31.473282	-48.946565	-36.236641	10.948057
0.038086	0.095947	0.897949	39.465649	-55.534351	-38.229008	10.958420
0.094482	0.192139	0.816650	44.641221	-56.480916	-36.038168	10.968535
0.194580	0.270752	0.764404	43.770992	-50.427481	-30.625954	10.978414
0.193359	0.325439	0.817627	36.938931	-42.389313	-22.305344	10.988567
0.174072	0.405518	0.823242	23.282443	-26.931298	-12.572519	10.998558
0.179688	0.428955	0.813965	7.984733	-10.595420	-7.381679	11.008609
0.134766	0.451904	0.779785	-7.213740	4.496183	0.450382	11.018691
0.144043	0.426025	0.762451	-18.366412	18.580153	9.992366	11.028721
0.103027	0.404053	0.758057	-23.083969	30.595420	17.748092	11.038791
0.053955	0.351807	0.740234	-25.351145	38.870229	25.564885	11.048918
0.059570	0.299072	0.769775	-30.183206	43.068702	32.854962	11.059070
0.065430	0.247803	0.823486	-32.633588	45.725191	37.198473	11.069106
0.007324	0.162598	0.875244	-33.732824	44.534351	38.496183	11.079219
0.026855	0.063965	0.939697	-31.221374	42.244275	36.412214	11.089160
-0.007812	0.028076	1.002686	-28.335878	35.557252	32.244275	11.099206
-0.013184	0.012451	1.045654	-25.854962	25.954198	25.709924	11.109400
-0.015381	-0.043213	1.065918	-20.213740	17.526718	18.244275	11.119433
-0.022949	-0.060547	1.086914	-14.076336	2.427481	7.816794	11.129600
-0.025635	-0.057373	1.076904	-8.038168	-10.351145	-4.000000	11.139895
-0.019531	-0.055176	1.049316	-0.274809	-22.786260	-14.328244	11.149934
-0.011719	-0.042480	1.036621	8.847328	-33.923664	-21.503817	11.160148
-0.003174	-0.027344	1.005859	19.022901	-44.145038	-30.549618	11.170425
0.028564	0.020020	0.959961	28.534351	-50.778626	-35.549618	11.180550
0.074463	0.133301	0.835449	36.007634	-52.358779	-35.961832	11.190419
0.131348	0.256348	0.744873	39.977099	-47.534351	-32.404580	11.199893
0.214355	0.320068	0.695312	35.412214	-39.717557	-24.167939	11.209660
0.220215	0.367432	0.764404	28.557252	-28.045802	-17.007634	11.218996
0.175537	0.419678	0.816650	15.396947	-12.969466	-10.931298	11.228472
0.140625	0.442627	0.831543	1.580153	1.297710	-3.977099	11.237663
0.103271	0.456543	0.820312	-14.526718	15.374046	5.648855	11.248041
0.114990	0.423340	0.783447	-23.519084	28.877863	13.458015	11.258086
0.088867	0.416992	0.766113	-29.053435	38.992366	20.496183	11.268723
0.039307	0.371094	0.777588	-33.793893	44.610687	27.351145	11.279422
0.062988	0.294922	0.794189	-38.893130	48.320611	33.351145	11.289421
0.009521	0.224121	0.829834	-39.183206	49.022901	38.244275	11.299700
0.013672	0.125488	0.896240	-37.519084	45.587786	38.679389	11.309730
0.009766	0.053467	0.982910	-33.374046	40.114504	35.267176	11.319786
-0.015381	-0.003662	1.012451	-28.488550	30.778626	28.847328	11.329595
-0.007324	-0.040771	1.035400	-21.091603	19.923664	19.595420	11.339871
-0.026855	-0.073242	1.037598	-15.122137	7.427481	9.610687	11.349547
-0.009521	-0.097168	1.047363	-9.022901	-6.847328	-0.030534	11.359785
-0.020752	-0.100830	1.051514	-2.740458	-21.152672	-13.343511	11.369924
-0.022949	-0.105225	1.045166	9.519084	-34.564885	-25.656489	11.380122
0.005371	-0.075439	1.023438	21.435115	-45.687023	-34.625954	11.390338
0.056152	-0.054199	0.986572	33.435115	-50.839695	-40.725191	11.400693
0.048584	0.060059	0.906494	43.816794	-56.702290	-44.351145	11.411459
0.108154	0.177002	0.816406	47.091603	-58.885496	-43.145038	11.421822
0.174072	0.243164	0.762207	50.000000	-56.137405	-38.732824	11.431934
0.210449	0.344727	0.705078	44.419847	-45.748092	-33.076336	11.441972
0.221436	0.459229	0.726318	32.198473	-32.343511	-23.961832	11.452123
0.214844	0.500488	0.747559	17.725191	-14.595420	-13.404580	11.462366
0.160889	0.527588	0.763184	1.427481	2.526718	-2.465649	11.472407
0.106934	0.502197	0.770508	-11.450382	16.992366	7.198473	11.482437
0.101562	0.491211	0.764160	-19.595420	28.580153	17.549618	11.492382
0.107178	0.424805	0.754639	-24.992366	40.022901	26.931298	11.501905
0.049316	0.422119	0.758057	-27.641221	47.946565	33.435115	11.511739
0.060791	0.330322	0.767334	-30.610687	52.885496	41.725191	11.521951
0.052734	0.249512	0.798828	-31.679389	55.610687	48.236641	11.531849
0.007812	0.198975	0.819824	-29.396947	55.549618	51.167939	11.541853
0.021729	0.104736	0.884521	-29.122137	55.763359	49.511450	11.551623
-0.009277	0.037109	0.958008	-28.809160	51.366412	45.732824	11.562054
-0.025146	-0.028320	1.034912	-29.671756	42.297710	38.106870	11.572180
-0.055908	-0.083008	1.063477	-27.534351	31.068702	28.656489	11.582153
-0.030762	-0.140625	1.072510	-21.809160	17.068702	17.152672	11.592070
-0.041504	-0.156250	1.078125	-13.992366	2.931298	5.091603	11.602066
-0.059814	-0.150391	1.083984	-5.877863	-13.671756	-8.282443	11.612371
-0.041016	-0.148682	1.077393	4.175573	-28.190840	-21.595420	11.622398
-0.020752	-0.136230	1.066895	16.725191	-40.198473	-33.557252	11.632452
0.009766	-0.097656	1.040771	31.099237	-47.664122	-42.801527	11.642381
0.008545	-0.018066	0.965332	41.213740	-55.320611	-48.641221	11.652215
0.045410	0.088379	0.876221	50.442748	-59.809160	-50.290076	11.662323
0.118164	0.209717	0.782471	54.832061	-60.251908	-48.709924	11.672412
0.182861	0.299072	0.723633	56.625954	-51.129771	-41.137405	11.682569
0.225586	0.396484	0.723389	48.167939	-38.389313	-30.519084	11.692503
0.199707	0.477783	0.812988	31.679389	-23.732824	-21.328244	11.702578
0.152344	0.493652	0.843262	13.312977	-4.877863	-13.137405	11.712663
0.088623	0.526855	0.849121	-6.595420	11.160305	-0.862595	11.722661
0.097168	0.483154	0.811279	-21.709924	23.480916	9.145038	11.732732
0.107422	0.454102	0.786621	-30.374046	38.267176	18.053435	11.742836
0.034912	0.440430	0.783691	-36.694656	44.320611	26.770992	11.752842
0.071045	0.355225	0.778809	-39.442748	51.236641	34.740458	11.763134
0.011230	0.311279	0.828857	-38.114504	53.274809	41.702290	11.773444
0.031982	0.197998	0.839600	-35.900763	54.732824	42.419847	11.783685
0.000732	0.135254	0.880127	-33.236641	50.709924	40.885496	11.793495
-0.022461	0.077393	0.967285	-29.534351	42.450382	35.862595	11.803029
-0.011719	0.035156	0.992676	-29.549618	32.061069	27.778626	11.812532
-0.008057	-0.045410	1.020996	-24.633588	20.099237	17.251908	11.822409
-0.038330	-0.058594	1.042236	-17.961832	4.877863	8.496183	11.831958
-0.027344	-0.088867	1.061523	-10.297710	-11.175573	-2.946565	11.842570
-0.014893	-0.093994	1.048828	1.290076	-25.648855	-16.671756	11.852844
0.007080	-0.082275	1.039551	13.717557	-37.244275	-28.022901	11.863685
0.056885	-0.075439	0.990479	28.496183	-46.862595	-34.442748	11.873717
0.043945	0.027832	0.957031	38.396947	-53.839695	-39.694656	11.884081
0.067871	0.100098	0.907959	42.648855	-57.900763	-42.435115	11.893946
0.096924	0.175293	0.833496	44.893130	-56.717557	-43.320611	11.903982
0.147705	0.253662	0.776367	43.488550	-54.015267	-40.801527	11.914274
0.187012	0.300049	0.731201	42.137405	-48.526718	-36.076336	11.924361
0.209961	0.357422	0.726562	37.694656	-37.702290	-30.778626	11.934236
0.203125	0.422852	0.739990	29.541985	-25.580153	-25.076336	11.944242
0.192871	0.489014	0.758789	15.679389	-9.916031	-13.893130	11.954691
0.152344	0.499268	0.766113	0.770992	5.656489	-2.267176	11.964625
0.130371	0.490723	0.769775	-11.083969	18.916031	5.923664	11.974383
0.131836	0.466064	0.758301	-19.152672	33.969466	16.610687	11.984673
0.079346	0.453613	0.754883	-23.366412	44.320611	24.671756	11.994544
0.067871	0.382324	0.771729	-28.068702	50.335878	32.610687	12.004564
0.063232	0.290283	0.776855	-29.900763	54.763359	40.954198	12.015239
0.048096	0.244385	0.813232	-28.320611	58.389313	44.030534	12.025116
0.037842	0.160645	0.855225	-27.992366	57.641221	43.893130	12.035252
-0.003418	0.145264	0.929932	-27.328244	54.656489	41.160305	12.045241
-0.010254	0.101318	1.000488	-30.816794	43.732824	36.007634	12.055262
-0.015869	0.007568	1.059814	-30.145038	33.564885	28.442748	12.065132
-0.011475	-0.044434	1.099854	-26.748092	21.022901	18.809160	12.075203
-0.013916	-0.086426	1.093262	-19.679389	7.183206	7.000000	12.085054
-0.022705	-0.094238	1.090576	-10.900763	-7.045802	-3.618321	12.094723
-0.001709	-0.099609	1.070068	-1.015267	-18.274809	-12.938931	12.104256
-0.001221	-0.096680	1.059814	12.229008	-29.847328	-23.320611	12.113743
-0.004150	-0.037354	1.032471	23.671756	-40.145038	-30.206107	12.123289
0.039062	0.029297	0.954834	33.961832	-46.061069	-33.679389	12.133347
0.089355	0.128662	0.871826	40.206107	-48.213740	-35.221374	12.143648
0.119629	0.217773	0.797363	42.709924	-46.198473	-33.419847	12.153491
0.161133	0.307861	0.798096	39.374046	-40.694656	-28.480916	12.163824
0.181396	0.344482	0.802734	31.053435	-31.221374	-22.282443	12.173650
0.132812	0.364990	0.871338	18.648855	-18.435115	-14.984733	12.183622
0.080811	0.394287	0.901611	6.221374	-5.687023	-7.824427	12.193562
0.048340	0.398682	0.863770	-12.511450	7.129771	0.167939	12.206097
0.085449	0.408936	0.807129	-20.343511	17.961832	6.885496	12.215851
0.065918	0.360840	0.781006	-21.961832	27.580153	14.183206	12.226119
0.037842	0.359619	0.777344	-26.374046	31.045802	22.946565	12.236329
0.106689	0.301758	0.746826	-25.404580	37.679389	28.564885	12.246066
0.080078	0.259033	0.754639	-23.732824	43.427481	32.129771	12.256550
0.054199	0.204346	0.783203	-24.152672	44.893130	33.137405	12.266430
0.032959	0.175049	0.858643	-25.152672	44.091603	29.633588	12.276534
0.005859	0.100830	0.931396	-23.854962	38.229008	25.587786	12.286595
-0.013916	0.089600	0.995605	-23.709924	27.725191	20.862595	12.296634
-0.007080	0.039795	1.020508	-22.068702	14.687023	12.343511	12.306908
0.062500	-0.034912	1.026855	-17.587786	5.450382	2.061069	12.316705
0.030273	0.006836	1.033447	-8.519084	-2.007634	-8.755725	12.326901
0.009766	-0.002930	1.027344	-1.167939	-15.221374	-17.244275	12.337028
0.046875	0.009277	1.000000	7.190840	-25.404580	-25.015267	12.346980
0.042969	0.055908	0.982666	17.351145	-33.961832	-30.312977	12.357563
0.074219	0.103271	0.945557	21.557252	-39.938931	-33.763359	12.367684
0.080811	0.181152	0.888916	28.458015	-42.854962	-34.145038	12.377290
0.126709	0.240967	0.771973	32.946565	-40.923664	-32.351145	12.387812
0.138428	0.327393	0.740967	30.160305	-35.053435	-26.984733	12.397734
0.195801	0.358154	0.752197	22.839695	-26.290076	-20.496183	12.407585
0.139160	0.380615	0.818359	15.847328	-14.687023	-13.923664	12.417391
0.102783	0.391357	0.844238	4.480916	-4.824427	-7.236641	12.427296
0.076172	0.398682	0.874268	-6.519084	4.786260	-1.404580	12.436815
0.080811	0.360840	0.845947	-16.465649	14.641221	5.396947	12.447996
0.039795	0.384033	0.837891	-19.610687	23.526718	13.213740	12.458779
0.017090	0.331055	0.815186	-24.740458	27.045802	21.267176	12.468862
0.054443	0.263672	0.801514	-22.946565	31.946565	26.190840	12.478671
0.065674	0.242188	0.809326	-20.549618	36.053435	29.396947	12.489051
0.032227	0.222412	0.833008	-16.152672	37.572519	31.893130	12.499188
0.016357	0.220947	0.882568	-19.862595	35.633588	30.610687	12.509204
-0.000244	0.133301	0.940186	-22.908397	31.404580	26.541985	12.519070
-0.017090	0.062988	1.009521	-24.801527	23.938931	20.824427	12.529157
-0.025635	0.003174	1.046631	-23.038168	13.541985	12.076336	12.539125
-0.046875	-0.008301	1.036133	-18.305344	1.305344	3.854962	12.549294
-0.030518	-0.008301	1.030029	-11.793893	-9.877863	-4.366412	12.559992
-0.016846	-0.016602	1.027588	-3.114504	-22.603053	-12.480916	12.569994
0.016357	-0.037354	1.011719	8.793893	-29.702290	-19.587786	12.580030
0.028320	0.027344	0.962158	20.000000	-36.145038	-27.664122	12.590230
0.069336	0.104004	0.892578	25.221374	-40.091603	-29.351145	12.600204
0.118408	0.172852	0.832275	28.458015	-39.488550	-28.068702	12.610328
0.183105	0.229736	0.767822	28.557252	-33.732824	-26.297710	12.620567
0.182861	0.278809	0.809570	21.725191	-27.335878	-20.877863	12.630875
0.170654	0.303467	0.867920	12.045802	-15.022901	-16.083969	12.640824
0.099854	0.348389	0.918945	0.931298	-5.526718	-11.244275	12.650870
0.078369	0.335693	0.931396	-10.419847	2.129771	-6.694656	12.661028
0.081787	0.345947	0.896484	-19.442748	8.595420	-2.480916	12.670960
0.074707	0.337402	0.861328	-22.648855	15.725191	3.381679	12.681010
0.053955	0.343262	0.828857	-25.175573	19.351145	12.068702	12.691036
0.064209	0.324219	0.832275	-26.549618	22.717557	19.328244	12.700793
0.109619	0.251221	0.812256	-24.732824	26.633588	23.229008	12.710551
0.082764	0.230469	0.802002	-22.190840	30.297710	24.763359	12.720069
0.059082	0.202148	0.852295	-20.549618	30.083969	25.534351	12.729701
0.048828	0.160889	0.889404	-23.290076	27.328244	23.862595	12.740020
0.027588	0.122559	0.955322	-23.961832	23.709924	19.992366	12.750107
0.013184	0.085205	0.995605	-26.435115	16.305344	13.473282	12.760415
0.005615	0.059570	1.023438	-25.137405	7.664122	6.007634	12.770363
-0.000732	0.053223	1.023193	-21.755725	-1.358779	-0.488550	12.780468
0.006348	0.035645	1.014404	-16.053435	-9.488550	-6.816794	12.790497
0.010010	0.026367	1.010254	-7.305344	-16.251908	-12.687023	12.800517
0.003418	0.050781	0.990479	0.183206	-22.503817	-17.259542	12.810857
0.000977	0.098633	0.951660	5.129771	-27.923664	-18.114504	12.820693
0.022461	0.121338	0.919922	9.022901	-30.564885	-19.900763	12.830634
0.037354	0.182129	0.852783	9.801527	-31.564885	-20.351145	12.840701
0.057129	0.201416	0.824463	8.358779	-31.748092	-19.854962	12.850676
0.085938	0.233643	0.810791	6.908397	-28.824427	-17.908397	12.860890
0.111084	0.264160	0.778076	4.580153	-22.687023	-15.809160	12.871040
0.124756	0.255371	0.778809	0.763359	-17.679389	-11.297710	12.880855
0.128662	0.249268	0.770752	-2.053435	-11.374046	-5.458015	12.890784
0.127930	0.257324	0.765137	-5.763359	-3.374046	1.625954	12.900969
0.155762	0.226562	0.769531	-9.923664	4.511450	6.916031	12.911252
0.153076	0.237305	0.774658	-12.015267	12.908397	11.534351	12.921149
0.127197	0.230957	0.788818	-12.229008	20.229008	15.847328	12.931872
0.108154	0.238037	0.786377	-13.839695	24.129771	18.770992	12.941991
0.109375	0.184570	0.802490	-14.709924	26.381679	21.748092	12.951819
0.131836	0.133057	0.822998	-13.511450	32.274809	21.282443	12.962173
0.047852	0.150635	0.879150	-11.045802	32.419847	21.374046	12.972366
0.047852	0.133545	0.925781	-12.992366	29.778626	19.251908	12.982208
0.048584	0.079102	0.964844	-13.412214	24.801527	14.793893	12.992449
0.021484	0.058105	1.001953	-12.900763	18.358779	9.954198	13.002513
0.022949	0.055176	1.014648	-10.862595	10.198473	4.931298	13.012593
0.033203	0.048096	1.045166	-8.396947	2.916031	-0.198473	13.022082
0.039307	0.050293	1.043457	-5.694656	-4.480916	-6.694656	13.032338
0.026611	0.036377	1.040283	-1.801527	-11.587786	-13.580153	13.042705
0.035400	0.040039	1.028809	5.557252	-17.580153	-18.335878	13.053017
0.036865	0.082031	1.010498	11.145038	-23.969466	-20.137405	13.063460
0.071289	0.085205	0.968018	16.229008	-27.160305	-21.038168	13.073883
0.069580	0.162109	0.936279	17.358779	-29.083969	-21.366412	13.083468
0.086426	0.205322	0.882324	15.435115	-29.656489	-20.465649	13.093523
0.122070	0.250732	0.861084	12.549618	-25.488550	-17.763359	13.103858
0.135742	0.300537	0.848877	6.267176	-20.389313	-13.526718	13.113761
0.131104	0.313477	0.849121	-2.740458	-13.916031	-8.503817	13.124088
0.109863	0.308105	0.869385	-10.076336	-5.885496	-3.458015	13.134350
0.094971	0.284668	0.852783	-14.190840	1.183206	2.229008	13.144079
0.097412	0.268799	0.825439	-18.458015	6.755725	9.328244	13.154684
0.119629	0.256348	0.807617	-19.709924	13.312977	15.000000	13.164634
0.112793	0.234863	0.805908	-19.183206	20.091603	19.488550	13.174533
0.038574	0.255859	0.833984	-18.549618	24.526718	23.274809	13.184626
0.096924	0.174561	0.832520	-23.488550	26.335878	25.320611	13.194619
0.089844	0.140381	0.850586	-20.557252	29.076336	25.282443	13.204646
0.020508	0.118652	0.885986	-19.351145	29.282443	24.076336	13.214658
0.047363	0.069824	0.894775	-19.557252	24.961832	20.587786	13.225087
0.071533	0.034912	0.912354	-19.778626	20.992366	16.167939	13.235061
0.026123	0.015381	0.939941	-17.083969	14.931298	11.114504	13.245230
0.017090	-0.003662	0.969238	-13.778626	6.961832	5.412214	13.255493
0.016113	-0.008545	0.985596	-10.847328	-0.809160	0.137405	13.265573
0.023438	0.001709	0.989990	-6.259542	-7.213740	-5.809160	13.275679
0.028564	0.003662	0.988525	0.137405	-12.801527	-11.954198	13.285702
0.036377	0.020508	0.963867	5.526718	-17.916031	-16.473282	13.295804
0.059570	0.053467	0.948730	9.335878	-21.259542	-18.984733	13.305925
0.073730	0.082764	0.919922	12.320611	-21.786260	-21.244275	13.316096
0.077393	0.169189	0.867676	12.633588	-21.374046	-19.977099	13.326152
0.089844	0.202881	0.865479	11.717557	-19.236641	-16.641221	13.335958
0.110840	0.205811	0.854492	6.603053	-14.213740	-13.694656	13.346195
0.121094	0.216309	0.875000	2.083969	-8.984733	-9.389313	13.356742
0.096191	0.235596	0.885986	-2.511450	-3.656489	-3.641221	13.366803
0.112549	0.201416	0.894043	-7.389313	2.030534	0.893130	13.376849
0.107422	0.201172	0.887695	-10.183206	5.862595	3.793893	13.386806
0.095703	0.203369	0.879150	-10.244275	12.931298	6.916031	13.396893
0.069092	0.197998	0.857422	-10.832061	14.572519	10.770992	13.407098
0.090088	0.189697	0.837402	-11.778626	17.183206	14.282443	13.417561
0.099609	0.157227	0.832764	-10.908397	20.152672	15.458015	13.427597
0.045410	0.156250	0.841797	-9.954198	20.984733	16.389313	13.437431
0.040527	0.143066	0.882324	-11.152672	20.549618	15.885496	13.447579
0.025879	0.119629	0.912842	-12.473282	18.183206	14.526718	13.457780
0.008057	0.095215	0.922852	-12.412214	14.251908	12.709924	13.467902
0.007812	0.067383	0.937744	-10.816794	9.732824	10.251908	13.477775
0.016357	0.055420	0.936279	-9.748092	5.778626	7.656489	13.487796
0.024170	0.052734	0.925049	-3.526718	2.938931	4.564885	13.497912
0.024902	0.056152	0.913086	0.396947	0.091603	1.984733	13.507924
0.023926	0.077393	0.909180	2.152672	-2.549618	-0.320611	13.518068
0.042480	0.098145	0.892090	2.740458	-4.977099	-1.618321	13.528304
0.076172	0.092773	0.874756	3.465649	-3.847328	-2.519084	13.538250
0.054199	0.126221	0.853271	5.213740	-2.656489	-4.519084	13.548517
0.055176	0.147949	0.855225	4.152672	-1.503817	-4.488550	13.558748
0.047607	0.166016	0.863037	1.832061	-0.480916	-3.893130	13.568803
0.053711	0.133545	0.855957	0.816794	1.083969	-3.030534	13.578885
0.052002	0.158691	0.860840	1.083969	3.458015	-1.022901	13.588838
0.054199	0.168213	0.840088	1.351145	5.946565	1.519084	13.598784
0.062744	0.184814	0.824463	0.816794	9.938931	4.687023	13.608750
0.062988	0.194824	0.819092	-0.877863	15.198473	7.603053	13.618264
0.071045	0.186279	0.843994	-4.717557	20.694656	9.801527	13.628021
0.056641	0.164062	0.862793	-8.145038	25.694656	12.725191	13.638798
0.037354	0.145020	0.887695	-14.580153	25.656489	17.633588	13.649193
0.055664	0.078857	0.903320	-15.083969	28.511450	18.832061	13.659333
0.030762	0.022461	0.919189	-11.908397	29.358779	19.366412	13.669730
-0.015137	-0.009521	0.969482	-5.931298	26.351145	18.404580	13.679731
-0.013672	-0.021729	1.011475	-3.198473	22.511450	14.786260	13.689797
-0.015869	-0.027344	1.040039	-3.297710	13.648855	7.519084	13.699726
-0.049561	-0.045410	1.074463	-3.480916	0.061069	-2.595420	13.709726
-0.051025	-0.058350	1.041748	-0.213740	-11.778626	-13.725191	13.719886
-0.014404	-0.077881	0.981445	4.885496	-28.908397	-24.541985	13.730022
0.047852	-0.069580	0.946045	16.343511	-38.702290	-35.129771	13.740008
0.068604	0.024170	0.919922	26.297710	-44.290076	-39.435115	13.749934
0.116455	0.112061	0.851562	35.038168	-45.427481	-38.259542	13.760644
0.155762	0.200928	0.808594	38.824427	-42.061069	-35.717557	13.770783
0.182861	0.269775	0.803467	39.793893	-34.877863	-30.969466	13.780957
0.190430	0.331787	0.801025	37.404580	-22.961832	-24.145038	13.790785
0.106445	0.387451	0.861084	26.137405	-9.687023	-13.007634	13.800644
0.109863	0.409912	0.873779	15.175573	4.427481	0.213740	13.810837
0.113525	0.427979	0.824463	-5.038168	18.061069	12.000000	13.821129
0.139160	0.425049	0.823486	-23.045802	31.885496	17.519084	13.831179
0.051025	0.417480	0.773438	-31.671756	45.282443	30.633588	13.842089
0.067627	0.270020	0.770752	-34.755725	52.290076	40.458015	13.852246
0.056396	0.218018	0.843750	-34.916031	56.847328	47.679389	13.862433
-0.012207	0.178955	0.882812	-31.900763	57.603053	46.335878	13.872451
-0.031494	0.129150	0.900635	-30.946565	52.053435	41.633588	13.882586
-0.041016	0.066406	0.973877	-35.442748	42.664122	35.755725	13.892519
-0.076172	-0.017334	1.043945	-38.732824	27.770992	28.229008	13.902347
-0.085449	-0.117432	1.083740	-34.969466	9.358779	17.534351	13.912376
-0.054932	-0.177246	1.097168	-20.374046	-6.557252	1.145038	13.922605
-0.028320	-0.177246	1.087646	-0.763359	-21.839695	-11.992366	13.932700
-0.045898	-0.132080	1.065186	17.221374	-36.167939	-21.732824	13.942753
-0.015137	-0.073975	1.026367	32.175573	-45.267176	-28.687023	13.952411
0.007812	0.028320	0.958740	43.977099	-51.702290	-31.923664	13.962843
0.070801	0.119141	0.861084	54.099237	-53.106870	-32.854962	13.973072
0.107666	0.203369	0.832764	55.183206	-50.435115	-29.198473	13.983027
0.131592	0.256104	0.835449	52.526718	-41.977099	-23.870229	13.992959
0.123779	0.294434	0.840332	44.312977	-30.893130	-19.503817	14.002987
0.116455	0.362305	0.811035	29.839695	-19.343511	-8.564885	14.013249
0.107666	0.397461	0.806885	10.946565	-4.503817	-1.152672	14.023185
0.093262	0.391113	0.756592	-3.442748	7.931298	4.106870	14.033461
0.056152	0.421875	0.724365	-13.526718	21.954198	13.114504	14.043514
0.031738	0.372314	0.749268	-20.335878	29.305344	22.007634	14.053242
0.034424	0.293701	0.743164	-21.702290	36.503817	27.503817	14.063622
0.015625	0.273193	0.811279	-24.877863	40.282443	31.931298	14.073511
-0.009033	0.245850	0.901367	-31.961832	38.549618	33.427481	14.083827
-0.029297	0.166748	0.977295	-36.557252	35.236641	30.755725	14.093683
-0.041748	0.107422	1.028320	-38.786260	28.206107	26.244275	14.103644
-0.036621	0.039062	1.057617	-35.244275	18.679389	20.038168	14.113774
-0.034668	-0.001953	1.048340	-28.984733	8.106870	13.832061	14.123910
-0.026855	-0.046387	1.046387	-18.312977	-0.030534	6.190840	14.133860
-0.012695	-0.050781	1.016846	-5.931298	-11.183206	-1.358779	14.144125
-0.003662	-0.067383	1.011230	7.213740	-19.832061	-8.137405	14.154161
0.003418	-0.037354	0.968994	18.664122	-26.320611	-14.167939	14.164237
0.020752	0.027588	0.958252	24.412214	-31.343511	-17.648855	14.174255
0.030762	0.061523	0.939453	28.290076	-35.267176	-20.854962	14.184177
0.077393	0.123047	0.878906	32.450382	-36.946565	-23.305344	14.194641
0.122314	0.203857	0.817871	32.366412	-34.793893	-20.572519	14.207442
0.167236	0.228271	0.797119	32.244275	-29.404580	-17.801527	14.217586
0.131836	0.268311	0.815186	26.671756	-22.015267	-15.832061	14.227770
0.128418	0.276855	0.827393	20.854962	-12.595420	-10.465649	14.237999
0.117432	0.332275	0.831543	10.839695	-1.587786	-3.740458	14.248402
0.114014	0.335449	0.802246	-0.778626	7.946565	2.419847	14.258299
0.096924	0.393311	0.794678	-11.015267	18.679389	8.687023	14.268840
0.050781	0.348877	0.784668	-16.862595	26.427481	14.358779	14.278924
0.041992	0.271729	0.776855	-20.244275	32.778626	20.824427	14.289124
0.033203	0.202148	0.787598	-18.770992	37.076336	25.511450	14.299257
-0.002686	0.186768	0.828369	-19.061069	38.946565	27.603053	14.309277
-0.029297	0.175781	0.886230	-17.992366	36.488550	27.435115	14.319540
-0.023438	0.156006	0.940918	-21.587786	31.511450	24.106870	14.329461
-0.038818	0.110840	0.995605	-27.007634	23.122137	17.450382	14.339488
-0.045654	0.049561	1.040771	-29.259542	13.022901	9.938931	14.349659
