-0.192871	-0.126221	0.856934	1.419847	-32.022901	71.167939	0.009267
-0.175781	-0.112793	0.885742	12.572519	-8.824427	-28.580153	0.018653
-0.159912	-0.100098	0.898926	16.748092	-9.824427	-17.839695	0.028392
-0.149902	-0.106934	0.908203	20.687023	-11.870229	-18.175573	0.037486
-0.150879	-0.136475	0.927979	28.595420	-12.931298	-19.114504	0.046518
-0.150879	-0.148438	0.940430	36.320611	-14.099237	-19.969466	0.055826
-0.138672	-0.129639	0.952148	40.786260	-13.862595	-18.671756	0.065204
-0.127197	-0.085449	0.951904	41.175573	-12.656489	-15.992366	0.074625
-0.102783	-0.046631	0.946289	36.877863	-11.038168	-12.938931	0.083644
-0.099854	-0.029297	0.952393	33.000000	-9.603053	-10.366412	0.092895
-0.104492	-0.008545	0.940918	25.068702	-7.732824	-6.717557	0.102210
-0.105957	0.019287	0.931885	15.687023	-4.702290	-2.664122	0.111361
-0.102051	0.033691	0.928223	4.709924	-2.061069	0.633588	0.120395
-0.104248	0.040039	0.901855	-6.854962	0.198473	4.679389	0.129827
-0.107178	-0.008789	0.896484	-15.832061	1.824427	6.755725	0.138932
-0.123779	-0.047852	0.863281	-18.809160	3.022901	8.717557	0.148334
-0.121826	-0.048096	0.823975	-19.366412	4.396947	9.740458	0.157448
-0.105469	-0.011963	0.790771	-21.847328	5.977099	9.496183	0.166831
-0.111328	0.024658	0.766602	-28.541985	7.244275	10.328244	0.176215
-0.124023	0.021240	0.750244	-36.961832	9.641221	10.854962	0.185246
-0.138672	-0.006836	0.769775	-42.984733	9.770992	9.641221	0.194584
-0.159668	-0.110840	0.806396	-40.916031	6.427481	5.526718	0.205861
-0.168457	-0.160889	0.851807	-30.358779	2.496183	3.007634	0.217404
-0.167969	-0.178223	0.864258	-14.167939	-1.473282	0.122137	0.228758
-0.176025	-0.196777	0.886719	1.687023	-5.221374	-2.358779	0.240355
-0.160645	-0.174072	0.896729	12.824427	-7.312977	-2.480916	0.252049
-0.160400	-0.178711	0.907959	18.343511	-7.045802	-3.435115	0.263473
-0.159424	-0.182617	0.916504	22.099237	-5.488550	-3.877863	0.275279
-0.151855	-0.152588	0.924561	23.740458	-4.641221	-0.267176	0.286833
-0.143066	-0.084717	0.938965	17.015267	-2.145038	5.274809	0.298151
-0.143066	-0.075439	0.930420	5.885496	1.022901	8.045802	0.309618
-0.147217	-0.066650	0.919922	-3.954198	4.511450	10.893130	0.321961
-0.144775	-0.077148	0.897217	-13.793893	5.259542	12.282443	0.333519
-0.149170	-0.107910	0.900146	-17.412214	6.038168	13.267176	0.345049
-0.162109	-0.145752	0.887207	-17.160305	6.229008	13.167939	0.356688
-0.165283	-0.123535	0.832764	-14.122137	8.259542	13.961832	0.368246
-0.161621	-0.064453	0.764160	-14.030534	12.625954	14.083969	0.380004
-0.162109	0.040039	0.730957	-24.923664	15.969466	14.687023	0.391528
-0.176758	0.030518	0.753662	-42.977099	16.656489	15.206107	0.403125
-0.187988	-0.077881	0.799805	-52.404580	14.198473	12.931298	0.414442
-0.201416	-0.191650	0.858154	-46.206107	8.351145	9.183206	0.426091
-0.216309	-0.273438	0.932129	-28.648855	-0.114504	3.488550	0.437095
-0.211670	-0.318848	0.968018	-6.572519	-6.732824	-0.870229	0.447741
-0.193604	-0.318115	0.971680	11.839695	-10.442748	-4.839695	0.457553
-0.173096	-0.220947	0.981201	27.847328	-12.541985	-4.351145	0.468703
-0.162354	-0.166260	0.961426	32.320611	-10.778626	-3.244275	0.480219
-0.147217	-0.168945	0.943115	30.503817	-8.198473	-2.961832	0.492025
-0.138672	-0.128418	0.975098	19.862595	-5.061069	0.480916	0.503992
-0.137939	-0.107666	1.002930	2.381679	-0.099237	3.709924	0.516346
-0.150879	-0.143311	1.008545	-7.351145	2.015267	3.167939	0.528161
-0.163574	-0.149902	0.965820	-11.091603	3.923664	3.137405	0.539355
-0.159912	-0.142822	0.929199	-12.198473	4.778626	3.488550	0.551242
-0.167969	-0.151367	0.888428	-11.557252	5.969466	2.954198	0.562298
-0.189941	-0.135986	0.844238	-9.526718	7.564885	2.809160	0.574655
-0.181641	-0.076416	0.770508	-8.511450	10.000000	2.358779	0.586383
-0.165283	-0.010986	0.723389	-12.656489	11.473282	3.030534	0.597586
-0.161865	0.033203	0.706299	-20.137405	13.198473	3.435115	0.609160
-0.171631	-0.014404	0.709473	-28.916031	14.320611	3.198473	0.620534
-0.196777	-0.096680	0.768555	-29.954198	11.908397	-0.679389	0.632725
-0.193604	-0.153809	0.811279	-19.267176	6.961832	-3.022901	0.644736
-0.187500	-0.204346	0.871094	-1.503817	-0.870229	-6.908397	0.656812
-0.172607	-0.185791	0.906250	10.045802	-5.801527	-7.152672	0.668703
-0.159912	-0.177002	0.924561	17.572519	-8.083969	-8.320611	0.680070
-0.158447	-0.168945	0.933838	23.633588	-8.290076	-9.664122	0.691630
-0.157715	-0.155273	0.928711	27.664122	-6.969466	-8.282443	0.703347
-0.148438	-0.133057	0.919678	25.687023	-4.572519	-7.801527	0.714730
-0.149414	-0.095947	0.918701	17.580153	-0.648855	-1.496183	0.726098
-0.145508	-0.091064	0.935059	1.221374	2.412214	1.564885	0.737754
-0.147461	-0.109131	0.961914	-9.137405	5.557252	3.236641	0.749348
-0.160400	-0.137451	0.972900	-14.763359	7.152672	4.450382	0.760267
-0.159424	-0.154053	0.968750	-16.832061	8.343511	5.396947	0.771671
-0.161133	-0.147461	0.950195	-18.473282	8.938931	5.763359	0.782812
-0.165283	-0.136230	0.883789	-16.396947	11.587786	6.358779	0.795367
-0.177002	-0.089355	0.797363	-16.320611	14.793893	6.992366	0.808183
-0.190430	-0.022705	0.743896	-23.702290	17.977099	8.068702	0.819529
-0.201660	-0.029297	0.773682	-42.152672	17.015267	8.572519	0.839843
-0.234131	-0.131592	0.834717	-42.893130	13.244275	5.465649	0.851376
-0.226562	-0.221924	0.874512	-26.847328	6.687023	1.000000	0.862985
-0.225586	-0.263672	0.889648	-7.152672	1.129771	-1.732824	0.874529
-0.197510	-0.223389	0.863037	8.595420	-3.175573	-2.374046	0.886137
-0.188232	-0.154785	0.887451	14.328244	-5.488550	-1.801527	0.897625
-0.181152	-0.149902	0.920898	14.366412	-6.213740	-1.480916	0.909069
-0.180908	-0.167725	0.943848	12.396947	-5.557252	-1.206107	0.920523
-0.178955	-0.194092	0.963379	9.068702	-3.938931	-0.083969	0.932383
-0.172852	-0.201904	0.965332	3.977099	-2.709924	1.618321	0.943537
-0.169678	-0.183350	0.965332	-2.251908	-0.435115	3.282443	0.955065
-0.184326	-0.175049	0.966797	-7.419847	1.221374	4.274809	0.966720
-0.191895	-0.185791	0.971191	-10.129771	1.725191	4.473282	0.977655
-0.210205	-0.188232	0.938965	-10.648855	2.000000	5.320611	0.989815
-0.203125	-0.180664	0.929199	-11.213740	1.870229	5.755725	1.001342
-0.209473	-0.167236	0.917969	-12.412214	3.267176	5.381679	1.012696
-0.204590	-0.167969	0.870361	-13.908397	4.839695	6.236641	1.024765
-0.216309	-0.160645	0.832275	-14.633588	5.854962	5.671756	1.036393
-0.208496	-0.126953	0.787354	-15.702290	8.870229	5.213740	1.047401
-0.223389	-0.102539	0.745850	-21.717557	11.152672	5.526718	1.058376
-0.222168	-0.080322	0.720215	-30.839695	11.282443	7.061069	1.069782
-0.231445	-0.143311	0.723877	-37.122137	9.190840	7.068702	1.081741
-0.236084	-0.187012	0.756104	-35.519084	4.862595	4.343511	1.093538
-0.227539	-0.274902	0.818848	-22.412214	-3.297710	1.473282	1.105152
-0.233398	-0.319092	0.883301	-0.595420	-10.847328	-2.580153	1.116825
-0.221191	-0.299805	0.910889	17.503817	-15.954198	-5.221374	1.128755
-0.193359	-0.263672	0.909912	28.641221	-17.900763	-4.984733	1.140428
-0.175293	-0.242920	0.890869	35.625954	-16.770992	-4.183206	1.152040
-0.160645	-0.218018	0.882080	37.015267	-13.877863	-1.419847	1.163991
-0.162598	-0.167480	0.871338	25.496183	-8.908397	3.129771	1.175542
-0.144043	-0.166504	0.889160	8.091603	-4.396947	5.572519	1.187263
-0.152832	-0.182861	0.906982	-6.206107	0.763359	6.847328	1.198740
-0.173584	-0.214111	0.920898	-10.679389	4.396947	5.702290	1.210292
-0.170166	-0.214600	0.917480	-13.297710	7.221374	4.458015	1.221890
-0.167480	-0.193115	0.877441	-14.778626	9.717557	3.557252	1.233585
-0.174805	-0.175537	0.844727	-17.961832	11.343511	3.389313	1.244941
-0.180908	-0.150879	0.798828	-19.000000	13.694656	2.091603	1.256648
-0.180176	-0.103516	0.736572	-20.877863	19.435115	1.938931	1.268074
-0.183838	-0.040771	0.704346	-27.564885	22.152672	-0.488550	1.279599
-0.200439	-0.017578	0.735107	-40.412214	22.358779	1.427481	1.291311
-0.218994	-0.126221	0.799072	-45.893130	21.312977	-0.763359	1.302940
-0.219727	-0.217529	0.866943	-36.244275	13.160305	-3.793893	1.314744
-0.237549	-0.294678	0.921387	-12.633588	5.099237	-7.893130	1.326758
-0.229492	-0.293945	0.958740	12.954198	-4.511450	-11.122137	1.338798
-0.219238	-0.221680	0.978760	28.442748	-9.419847	-10.954198	1.351175
-0.191162	-0.189697	0.946777	37.954198	-12.290076	-10.755725	1.362776
-0.175781	-0.193115	0.941650	44.679389	-11.900763	-9.312977	1.374535
-0.155029	-0.130371	0.937744	39.885496	-11.725191	-3.847328	1.386452
-0.146973	-0.116699	0.949707	24.793893	-6.267176	1.038168	1.398105
-0.152100	-0.135254	0.949707	9.045802	-2.580153	4.190840	1.409723
-0.164795	-0.148438	0.948486	-3.694656	0.679389	6.335878	1.421217
-0.173096	-0.169434	0.933105	-11.022901	2.740458	7.236641	1.433122
-0.179688	-0.165283	0.932861	-16.427481	3.816794	7.969466	1.444843
-0.186768	-0.160645	0.916748	-18.259542	4.435115	7.045802	1.456350
-0.192871	-0.162598	0.888916	-16.580153	5.083969	6.251908	1.467915
-0.194580	-0.153076	0.825439	-14.625954	7.236641	5.480916	1.479647
-0.197754	-0.129639	0.746338	-13.198473	10.992366	5.137405	1.491241
-0.207520	-0.090088	0.712646	-15.274809	12.351145	5.007634	1.503015
-0.205078	-0.048828	0.699219	-21.725191	12.358779	6.595420	1.514501
-0.225830	-0.089844	0.762695	-27.122137	10.977099	4.679389	1.525989
-0.234131	-0.166260	0.797363	-26.083969	7.427481	2.770992	1.537680
-0.247070	-0.256348	0.872314	-9.893130	0.030534	-0.564885	1.549187
-0.239258	-0.256592	0.920654	9.412214	-7.687023	-4.106870	1.560726
-0.218018	-0.226318	0.929688	20.496183	-11.290076	-4.992366	1.572857
-0.218994	-0.225342	0.927246	28.274809	-12.877863	-7.305344	1.584479
-0.213379	-0.212402	0.924561	34.740458	-12.572519	-7.763359	1.596066
-0.192139	-0.198975	0.903809	35.396947	-10.969466	-5.083969	1.607648
-0.179688	-0.149902	0.907959	26.458015	-7.259542	-0.511450	1.619199
-0.189941	-0.135254	0.927002	11.541985	-2.412214	3.938931	1.630658
-0.197754	-0.157959	0.934570	-4.343511	0.870229	5.618321	1.642614
-0.208252	-0.195801	0.922363	-9.221374	3.007634	6.083969	1.653631
-0.210449	-0.193359	0.910889	-11.114504	3.641221	5.755725	1.664771
-0.208984	-0.169189	0.879883	-13.068702	3.167939	5.305344	1.676579
-0.212891	-0.181152	0.870605	-11.786260	3.854962	3.793893	1.688208
-0.215088	-0.153076	0.808105	-10.129771	5.763359	2.755725	1.699865
-0.222900	-0.124268	0.740723	-10.351145	8.251908	1.862595	1.711304
-0.219482	-0.086426	0.697021	-12.946565	7.839695	2.290076	1.722919
-0.229736	-0.065430	0.673584	-18.129771	10.786260	3.900763	1.734552
-0.221191	-0.106445	0.699463	-24.068702	10.748092	4.328244	1.745954
-0.219727	-0.169434	0.771973	-23.343511	6.862595	3.045802	1.757492
-0.220215	-0.254883	0.850098	-11.114504	1.213740	-0.335878	1.768956
-0.212891	-0.282959	0.926025	6.229008	-5.007634	-2.931298	1.780348
-0.213135	-0.265869	0.961182	19.030534	-9.740458	-4.106870	1.792123
-0.192383	-0.237793	0.959961	25.938931	-11.137405	-4.244275	1.803374
-0.179932	-0.208496	0.962646	27.709924	-9.061069	-4.152672	1.815216
-0.174072	-0.197021	0.934082	26.396947	-5.908397	-3.061069	1.826740
-0.176025	-0.150635	0.932861	15.366412	-2.068702	-0.076336	1.838417
-0.177734	-0.137695	0.944824	0.389313	1.854962	2.282443	1.849753
-0.198730	-0.193115	0.948975	-7.106870	4.435115	1.877863	1.861514
-0.213135	-0.198242	0.942627	-8.419847	5.312977	2.328244	1.873150
-0.216064	-0.187500	0.942627	-7.633588	4.442748	2.404580	1.884983
-0.213867	-0.168701	0.931396	-6.290076	3.595420	0.541985	1.896366
-0.212891	-0.157715	0.895264	-5.687023	3.251908	0.244275	1.907815
-0.209473	-0.150879	0.866699	-4.358779	4.290076	-1.328244	1.919342
-0.193848	-0.096680	0.804443	-6.305344	8.496183	-1.748092	1.930506
-0.204102	-0.078613	0.762451	-13.603053	11.786260	-0.160305	1.941740
-0.193115	-0.049561	0.760010	-21.534351	13.175573	2.969466	1.953119
-0.193115	-0.053955	0.779053	-29.503817	13.580153	4.473282	1.964152
-0.212158	-0.147217	0.852783	-30.343511	10.053435	1.328244	1.974709
-0.209473	-0.209229	0.891357	-23.022901	5.641221	0.274809	1.987028
-0.222900	-0.270752	0.946533	-3.244275	-1.206107	-4.290076	1.998571
-0.229736	-0.231201	0.976807	10.664122	-5.748092	-5.801527	2.010281
-0.215820	-0.199707	0.971924	17.183206	-8.977099	-5.305344	2.022190
-0.208984	-0.191406	0.943359	22.122137	-10.198473	-5.641221	2.034534
-0.203857	-0.186035	0.921875	26.427481	-10.297710	-4.580153	2.046537
-0.200928	-0.154785	0.896484	24.335878	-9.442748	-1.618321	2.058008
-0.203369	-0.126465	0.905029	15.076336	-8.343511	2.099237	2.069519
-0.204102	-0.131104	0.887207	5.618321	-6.320611	4.496183	2.081525
-0.217773	-0.154053	0.859863	-0.290076	-5.656489	5.106870	2.093150
-0.212646	-0.156494	0.854248	-1.580153	-5.679389	5.267176	2.104335
-0.216797	-0.163086	0.826660	-1.908397	-5.854962	5.404580	2.116025
-0.196777	-0.155029	0.790527	-0.809160	-4.389313	4.687023	2.127663
-0.182373	-0.134766	0.753174	-1.282443	-0.946565	4.068702	2.139578
-0.175293	-0.094482	0.731445	-5.732824	3.274809	5.061069	2.151112
-0.181885	-0.085449	0.751953	-14.007634	7.480916	6.297710	2.162535
-0.194580	-0.082275	0.756592	-21.740458	10.503817	8.183206	2.174091
-0.210205	-0.151367	0.781494	-27.809160	12.068702	6.007634	2.186065
-0.214600	-0.174805	0.791748	-32.358779	13.320611	6.083969	2.197588
-0.226074	-0.210938	0.848877	-27.816794	11.809160	2.893130	2.209152
-0.245605	-0.219727	0.929443	-18.946565	8.175573	-0.175573	2.220555
-0.283203	-0.221436	0.971680	-12.305344	5.984733	-4.503817	2.231808
-0.294189	-0.238770	1.007324	-4.549618	2.625954	-8.778626	2.242773
-0.296631	-0.250488	1.021973	3.854962	-0.732824	-11.465649	2.254042
-0.282715	-0.219482	0.983643	8.832061	-3.267176	-12.267176	2.265257
-0.259766	-0.184570	0.963867	9.961832	-4.931298	-11.679389	2.276129
-0.247559	-0.168945	0.952148	9.702290	-6.496183	-10.114504	2.287412
-0.241699	-0.156738	0.962402	8.122137	-8.358779	-8.664122	2.299159
-0.242920	-0.162354	0.941895	7.396947	-10.290076	-7.145038	2.310569
-0.224609	-0.173828	0.890137	9.488550	-11.664122	-4.977099	2.322290
-0.204102	-0.169189	0.852783	13.725191	-12.832061	-3.603053	2.334168
-0.180664	-0.170898	0.847412	18.687023	-13.732824	-2.366412	2.346543
-0.151611	-0.159180	0.855469	17.938931	-11.572519	-1.152672	2.357839
-0.133789	-0.138184	0.855957	9.954198	-7.793893	0.770992	2.368892
-0.121826	-0.112549	0.832031	-3.687023	-0.870229	2.961832	2.379900
-0.110596	-0.097656	0.775879	-17.725191	7.648855	4.442748	2.391647
-0.117432	-0.081299	0.747314	-31.664122	13.725191	6.694656	2.403109
-0.120850	-0.060791	0.746582	-45.083969	17.458015	10.114504	2.414924
-0.132324	-0.080566	0.770996	-60.954198	20.038168	10.458015	2.426257
-0.145508	-0.179688	0.842529	-66.206107	17.755725	7.091603	2.438178
-0.152100	-0.292480	0.892334	-56.572519	11.984733	3.679389	2.449765
-0.166016	-0.346924	0.958008	-29.572519	3.770992	-1.603053	2.461251
-0.181152	-0.356201	0.970703	-3.709924	-2.755725	-4.900763	2.472570
-0.163086	-0.279297	0.972900	12.580153	-7.549618	-5.549618	2.484469
-0.149902	-0.242432	0.948730	20.083969	-8.961832	-5.183206	2.496342
-0.145752	-0.221436	0.919922	24.167939	-9.244275	-4.687023	2.507803
-0.155273	-0.204346	0.914307	24.709924	-9.175573	-3.374046	2.519525
-0.150391	-0.189697	0.892578	21.954198	-8.534351	-2.145038	2.531005
-0.159668	-0.182617	0.899170	18.290076	-7.267176	-1.557252	2.543341
-0.158936	-0.171631	0.883545	16.511450	-5.954198	-1.862595	2.554658
-0.172607	-0.153564	0.881836	15.030534	-3.725191	-2.152672	2.566310
-0.183105	-0.125000	0.900146	10.816794	-3.893130	-2.076336	2.577858
-0.209961	-0.113770	0.903564	4.587786	0.633588	-1.427481	2.589589
-0.210693	-0.125000	0.898193	-1.229008	3.129771	-0.633588	2.601255
-0.219727	-0.142090	0.906494	-6.007634	2.877863	1.061069	2.612907
-0.231445	-0.146729	0.890137	-7.763359	3.748092	2.595420	2.624389
-0.234619	-0.142822	0.853271	-8.038168	5.160305	4.183206	2.636244
-0.219971	-0.111816	0.793213	-8.282443	8.129771	6.427481	2.647797
-0.250488	-0.065186	0.741943	-12.740458	11.122137	8.824427	2.659381
-0.239502	-0.040771	0.717285	-21.793893	12.396947	12.694656	2.670792
-0.256592	-0.082275	0.724854	-28.045802	11.854962	13.244275	2.682574
-0.269287	-0.143799	0.778809	-28.137405	8.282443	10.427481	2.694377
-0.266846	-0.227051	0.797363	-22.190840	2.022901	9.213740	2.706637
-0.262695	-0.283447	0.837646	-5.503817	-6.038168	5.129771	2.718066
-0.274658	-0.299561	0.866211	11.511450	-11.503817	0.816794	2.729979
-0.227051	-0.265381	0.880371	21.312977	-15.641221	0.106870	2.742519
-0.215332	-0.239014	0.882080	23.297710	-16.503817	0.679389	2.753987
-0.191406	-0.245850	0.899658	22.969466	-14.870229	2.053435	2.765199
-0.168457	-0.228760	0.893555	18.450382	-10.893130	4.854962	2.776595
-0.173340	-0.215088	0.905518	6.358779	-5.603053	9.244275	2.789011
-0.169922	-0.223633	0.912109	-4.709924	-1.534351	11.801527	2.800518
-0.188721	-0.277100	0.950684	-12.114504	1.022901	12.022901	2.815924
-0.187256	-0.281494	0.945068	-14.770992	3.671756	11.282443	2.827363
-0.181152	-0.243896	0.927002	-17.435115	4.045802	9.900763	2.839228
-0.171875	-0.224854	0.904541	-21.740458	4.061069	9.053435	2.850577
-0.181152	-0.241943	0.880371	-20.625954	4.374046	6.473282	2.862338
-0.183838	-0.240479	0.846191	-14.480916	3.816794	3.610687	2.873954
-0.192139	-0.225586	0.795410	-7.419847	5.809160	1.984733	2.885762
-0.197754	-0.195801	0.733887	-3.839695	8.450382	0.053435	2.897211
-0.195312	-0.131104	0.696045	-8.412214	10.450382	1.259542	2.908653
-0.208008	-0.140625	0.709961	-11.778626	10.076336	0.725191	2.920173
-0.204102	-0.189453	0.773682	-10.351145	6.824427	-1.603053	2.931906
-0.193604	-0.230469	0.839600	-6.839695	1.671756	-3.053435	2.943546
-0.201904	-0.263184	0.892578	3.748092	-1.030534	-6.755725	2.955017
-0.187988	-0.257080	0.924316	12.114504	-4.007634	-9.687023	2.966936
-0.167969	-0.229248	0.921387	14.740458	-5.572519	-9.793893	2.978220
-0.163574	-0.211182	0.915527	14.022901	-5.114504	-8.435115	2.989837
-0.159668	-0.206055	0.910645	11.541985	-2.885496	-7.763359	3.001395
-0.158447	-0.179443	0.897217	6.824427	-0.175573	-5.984733	3.013052
-0.164062	-0.167236	0.898682	-1.091603	2.465649	-3.427481	3.024863
-0.158691	-0.160156	0.895752	-6.351145	5.312977	-2.045802	3.037200
-0.187988	-0.187500	0.898438	-7.847328	6.618321	-2.404580	3.048704
-0.185059	-0.178955	0.886719	-9.488550	7.549618	-1.335878	3.060264
-0.197266	-0.177490	0.868164	-7.908397	6.259542	-1.946565	3.071641
-0.211914	-0.167236	0.850586	-5.450382	6.465649	-3.297710	3.083217
-0.204102	-0.167236	0.812256	-1.916031	5.198473	-3.244275	3.094875
-0.198975	-0.171387	0.759521	0.969466	6.687023	-3.381679	3.106453
-0.199463	-0.127197	0.739014	0.732824	9.633588	-2.564885	3.118447
-0.201416	-0.085449	0.736816	-2.854962	12.396947	-1.977099	3.129809
-0.212646	-0.083496	0.734131	-6.816794	14.709924	-2.229008	3.141253
-0.219727	-0.102295	0.793701	-10.412214	13.832061	-2.442748	3.152214
-0.232178	-0.156982	0.867432	-8.839695	10.305344	-2.656489	3.163319
-0.243896	-0.189453	0.940918	-1.061069	5.358779	-3.809160	3.175308
-0.257080	-0.219482	0.970947	7.145038	1.870229	-6.458015	3.187498
-0.244629	-0.229248	0.964844	14.801527	-2.160305	-7.374046	3.199018
-0.233643	-0.208252	0.973145	19.442748	-4.427481	-7.206107	3.210554
-0.233154	-0.184570	0.968750	21.396947	-5.152672	-5.954198	3.222581
-0.224609	-0.144287	0.949219	18.267176	-4.343511	-2.969466	3.234351
-0.223145	-0.129639	0.945557	10.358779	-2.870229	0.519084	3.245851
-0.241211	-0.139648	0.971191	2.198473	-0.977099	2.740458	3.257272
-0.250000	-0.159180	0.980225	-4.366412	-0.358779	3.435115	3.268790
-0.245850	-0.177246	0.976074	-6.595420	-0.839695	4.526718	3.280181
-0.247070	-0.169922	0.960693	-8.167939	-3.068702	5.496183	3.291841
-0.239014	-0.177734	0.933350	-8.778626	-4.687023	6.145038	3.303338
-0.225830	-0.190186	0.886230	-5.702290	-5.351145	5.549618	3.314214
-0.227539	-0.187744	0.845215	-1.480916	-4.251908	5.106870	3.324369
-0.221924	-0.159912	0.787109	-0.183206	-1.893130	5.725191	3.334691
-0.228027	-0.114014	0.729980	-4.122137	2.145038	6.580153	3.344883
-0.220215	-0.121094	0.700684	-8.702290	4.435115	5.427481	3.355235
-0.226074	-0.115967	0.723877	-10.908397	4.694656	4.954198	3.365159
-0.231689	-0.157959	0.780518	-12.618321	3.541985	1.778626	3.380487
-0.215820	-0.172852	0.817871	-10.435115	2.664122	-0.435115	3.391173
-0.214111	-0.196289	0.868896	-6.213740	-0.183206	-2.152672	3.400886
-0.207275	-0.208252	0.895752	-2.076336	-2.969466	-3.374046	3.411419
-0.191162	-0.222168	0.904053	1.137405	-3.648855	-4.793893	3.421642
-0.180908	-0.249756	0.918945	5.335878	-5.526718	-5.641221	3.432302
-0.175781	-0.236084	0.912598	10.083969	-5.938931	-5.603053	3.442577
-0.156738	-0.215088	0.952637	12.320611	-6.343511	-5.351145	3.452541
-0.142090	-0.211426	0.976074	10.908397	-5.931298	-4.198473	3.462528
-0.135986	-0.194580	0.993896	7.198473	-4.213740	-3.404580	3.472580
-0.146973	-0.188965	0.989502	1.984733	-2.137405	-2.954198	3.482976
-0.154785	-0.185059	0.982422	-3.839695	-0.877863	-2.633588	3.493180
-0.165771	-0.177002	0.989990	-8.572519	-0.511450	-2.175573	3.503220
-0.187256	-0.195801	0.984375	-9.335878	-1.541985	-3.061069	3.513048
-0.201660	-0.192383	0.956543	-7.335878	-2.389313	-3.755725	3.523064
-0.206787	-0.186768	0.917236	-4.343511	-4.091603	-3.412214	3.533379
-0.218262	-0.165527	0.902100	-1.358779	-5.923664	-3.847328	3.543299
-0.221191	-0.144287	0.871094	1.206107	-7.045802	-3.809160	3.553232
-0.220459	-0.145508	0.840332	4.442748	-8.244275	-3.572519	3.563287
-0.226562	-0.130127	0.827148	7.755725	-9.297710	-3.328244	3.573419
-0.227539	-0.125488	0.805908	10.068702	-9.152672	-2.847328	3.583628
-0.211914	-0.093994	0.776611	9.603053	-7.404580	-1.618321	3.593553
-0.193359	-0.082764	0.711426	6.702290	-5.198473	0.389313	3.603288
-0.199951	-0.014893	0.658447	-0.236641	-0.923664	3.564885	3.613646
-0.202881	-0.050293	0.676025	-4.847328	-1.229008	4.160305	3.623690
-0.218018	-0.089844	0.708496	-6.251908	-2.984733	3.641221	3.633876
-0.185303	-0.128418	0.726807	-4.152672	-6.694656	4.282443	3.644163
-0.176270	-0.175781	0.790771	3.503817	-10.435115	1.641221	3.654155
-0.160400	-0.185303	0.823242	10.801527	-13.793893	0.625954	3.664081
-0.151123	-0.179199	0.848145	13.374046	-14.786260	0.656489	3.674244
-0.135498	-0.191406	0.876709	16.244275	-14.106870	-0.312977	3.684724
-0.138916	-0.230713	0.892578	19.458015	-13.534351	-0.854962	3.694237
-0.134766	-0.219482	0.919189	20.320611	-11.534351	0.343511	3.704399
-0.120117	-0.199951	0.923340	16.251908	-8.458015	3.564885	3.714489
-0.119629	-0.185791	0.926514	9.236641	-4.167939	6.541985	3.724330
-0.128662	-0.170898	0.926025	-0.183206	-1.946565	8.358779	3.734422
-0.134766	-0.174805	0.933594	-9.564885	3.152672	9.374046	3.744285
-0.160156	-0.189697	0.954834	-15.404580	5.519084	9.229008	3.754454
-0.162842	-0.203857	0.933594	-17.419847	7.603053	8.480916	3.764507
-0.166260	-0.197510	0.920166	-17.503817	8.816794	7.595420	3.774389
-0.170898	-0.164795	0.902832	-18.717557	8.816794	6.984733	3.784454
-0.176270	-0.172363	0.885254	-19.664122	8.740458	6.610687	3.794595
-0.186035	-0.149170	0.885254	-20.007634	8.297710	5.381679	3.804770
-0.182373	-0.159424	0.862793	-18.519084	8.526718	3.580153	3.814751
-0.181885	-0.143799	0.809082	-17.091603	9.450382	3.305344	3.824666
-0.181152	-0.104004	0.778076	-16.458015	12.977099	2.564885	3.834967
-0.188477	-0.060547	0.743896	-24.022901	16.625954	4.519084	3.844909
-0.190186	-0.066406	0.708252	-32.557252	18.740458	6.648855	3.855102
-0.214600	-0.071045	0.746094	-39.541985	18.045802	7.748092	3.865217
-0.212158	-0.141113	0.795410	-41.801527	15.442748	6.458015	3.875078
-0.200928	-0.199219	0.811035	-36.954198	11.603053	6.099237	3.885341
-0.203369	-0.251953	0.879150	-26.145038	8.053435	4.045802	3.895179
-0.216553	-0.270752	0.907959	-11.381679	3.129771	3.229008	3.905234
-0.205078	-0.270020	0.940430	1.618321	-0.564885	1.793893	3.915186
-0.196045	-0.240967	0.953613	8.435115	-1.526718	1.595420	3.925241
-0.191406	-0.224365	0.957520	10.145038	-2.259542	2.282443	3.935623
-0.181885	-0.215820	0.948486	8.587786	-1.984733	3.969466	3.945586
-0.174316	-0.223877	0.956299	4.923664	-1.022901	5.442748	3.955479
-0.178955	-0.221924	0.956543	-1.374046	0.801527	6.419847	3.965629
-0.180664	-0.217529	0.961426	-7.519084	2.732824	7.709924	3.975831
-0.188477	-0.235596	0.975098	-10.916031	3.099237	7.908397	3.986302
-0.199219	-0.242676	0.986572	-12.274809	2.816794	7.106870	3.996439
-0.197998	-0.228027	0.959229	-12.740458	3.633588	7.229008	4.006594
-0.192139	-0.214355	0.935059	-13.641221	3.000000	6.312977	4.017148
-0.197266	-0.204346	0.909912	-14.099237	2.595420	5.320611	4.027417
-0.206543	-0.217041	0.894775	-14.404580	2.137405	3.374046	4.038145
-0.207764	-0.230713	0.887207	-12.519084	0.664122	2.603053	4.047940
-0.213379	-0.238525	0.867432	-8.671756	-0.809160	1.290076	4.057556
-0.208252	-0.228027	0.837891	-2.648855	-2.854962	0.465649	4.067534
-0.207520	-0.205322	0.799072	2.267176	-2.809160	0.038168	4.078176
-0.197754	-0.178711	0.767578	2.412214	-0.900763	-0.167939	4.088485
-0.193115	-0.170654	0.710205	0.358779	2.656489	0.061069	4.098874
-0.187012	-0.134033	0.707031	-3.435115	4.587786	0.251908	4.108419
-0.181641	-0.137451	0.739746	-9.854962	4.557252	0.793893	4.118607
-0.188965	-0.152100	0.784668	-17.206107	4.358779	-0.206107	4.128470
-0.187500	-0.205078	0.830322	-22.580153	3.984733	-1.053435	4.138717
-0.193848	-0.244141	0.879883	-20.519084	2.557252	-3.824427	4.148599
-0.197998	-0.275635	0.918457	-16.847328	-0.190840	-5.862595	4.158254
-0.210693	-0.301025	0.938965	-7.236641	-2.435115	-9.129771	4.168374
-0.203125	-0.291260	0.939941	1.908397	-4.076336	-10.442748	4.178592
-0.209473	-0.241699	0.954346	5.793893	-3.748092	-9.358779	4.188761
-0.192871	-0.210449	0.934082	5.259542	-2.473282	-7.503817	4.198985
-0.194336	-0.175293	0.931641	1.656489	-1.167939	-4.465649	4.209043
-0.190430	-0.158203	0.928711	-3.709924	0.099237	-1.061069	4.218958
-0.202637	-0.172607	0.918457	-6.572519	1.068702	0.946565	4.229203
-0.195068	-0.183105	0.896729	-7.030534	1.946565	2.618321	4.239308
-0.200195	-0.176758	0.878662	-7.396947	2.122137	3.938931	4.249464
-0.205322	-0.180664	0.848389	-7.534351	1.679389	4.549618	4.259249
-0.207031	-0.195557	0.822266	-5.992366	2.877863	4.007634	4.269398
-0.205811	-0.189209	0.786133	-5.839695	2.625954	4.358779	4.279439
-0.212158	-0.198242	0.755615	-7.038168	3.442748	4.587786	4.289485
-0.205566	-0.186768	0.737549	-7.816794	4.801527	4.183206	4.299616
-0.208496	-0.172363	0.723633	-9.175573	6.175573	4.274809	4.309509
-0.209473	-0.147705	0.731445	-12.351145	6.671756	4.954198	4.319370
-0.206787	-0.170410	0.727051	-14.885496	7.908397	5.282443	4.329425
-0.199219	-0.161377	0.738770	-17.687023	8.229008	4.763359	4.339410
-0.199951	-0.187744	0.791016	-22.083969	6.671756	4.450382	4.349763
-0.202393	-0.231689	0.835693	-21.305344	4.725191	4.427481	4.359482
-0.215576	-0.313721	0.894287	-15.435115	1.770992	1.809160	4.369652
-0.222656	-0.348389	0.920654	-2.801527	-1.946565	-0.664122	4.379785
-0.219727	-0.335449	0.943604	7.312977	-4.755725	-1.427481	4.390044
-0.207520	-0.298828	0.952881	12.519084	-5.213740	-0.870229	4.399920
-0.200195	-0.273926	0.932617	13.053435	-4.526718	-0.259542	4.409726
-0.191650	-0.239502	0.906250	9.824427	-2.435115	0.961832	4.419611
-0.189697	-0.218018	0.922363	3.328244	-0.435115	2.641221	4.429863
-0.189453	-0.228516	0.929199	-3.725191	1.603053	4.480916	4.439723
-0.200928	-0.252441	0.925781	-6.206107	3.396947	4.114504	4.449835
-0.205811	-0.247314	0.915283	-6.519084	5.854962	4.183206	4.459713
-0.200439	-0.234619	0.887695	-6.541985	3.587786	4.106870	4.470055
-0.197021	-0.243408	0.870117	-6.854962	3.335878	3.534351	4.480089
-0.199463	-0.266357	0.851562	-6.152672	3.358779	2.587786	4.490255
-0.187988	-0.252197	0.820557	-5.618321	3.030534	2.450382	4.500189
-0.193359	-0.228516	0.808594	-6.221374	3.664122	2.900763	4.510163
-0.180176	-0.207520	0.774414	-7.534351	4.496183	2.412214	4.520033
-0.176758	-0.164551	0.743896	-11.007634	6.816794	2.664122	4.529976
-0.187744	-0.179443	0.715332	-14.030534	8.992366	1.366412	4.540384
-0.186523	-0.198242	0.723633	-14.641221	9.786260	-0.114504	4.550474
-0.184570	-0.199219	0.739014	-12.671756	8.709924	-0.877863	4.560465
-0.184570	-0.181885	0.804932	-11.877863	5.091603	-1.328244	4.570859
-0.198975	-0.246338	0.871826	-6.839695	2.114504	-2.961832	4.581118
-0.212646	-0.270508	0.892090	1.740458	-0.435115	-5.274809	4.591612
-0.218506	-0.278809	0.906982	8.893130	-2.381679	-6.160305	4.601540
-0.216309	-0.250732	0.911621	14.251908	-4.000000	-6.969466	4.611477
-0.218994	-0.252197	0.918701	18.610687	-4.427481	-6.099237	4.621785
-0.211182	-0.229980	0.898438	20.007634	-3.458015	-4.755725	4.632340
-0.211182	-0.201172	0.919434	18.374046	-2.740458	-3.114504	4.642926
-0.215088	-0.191162	0.912598	14.152672	-1.534351	-0.625954	4.652984
-0.220459	-0.173096	0.911865	8.587786	0.152672	1.221374	4.662808
-0.225586	-0.179688	0.919678	2.938931	2.007634	2.236641	4.673213
-0.231689	-0.185547	0.917969	-1.404580	3.229008	3.045802	4.683414
-0.229004	-0.199463	0.892090	-2.419847	4.748092	3.511450	4.693515
-0.231689	-0.193848	0.889648	-5.129771	4.167939	3.534351	4.703397
-0.239014	-0.196777	0.901123	-7.923664	5.015267	3.946565	4.713788
-0.246826	-0.214355	0.923096	-9.152672	5.251908	4.671756	4.723879
-0.251953	-0.229004	0.908691	-9.160305	4.870229	4.816794	4.734099
-0.244873	-0.223877	0.892578	-9.641221	4.709924	6.007634	4.744038
-0.246094	-0.212646	0.874268	-11.007634	5.335878	7.534351	4.754300
-0.239502	-0.184814	0.843750	-14.557252	7.778626	8.633588	4.764190
-0.226807	-0.189453	0.808350	-18.183206	8.183206	8.870229	4.774353
-0.233643	-0.178711	0.814209	-24.030534	8.412214	9.183206	4.784342
-0.232666	-0.209961	0.806641	-30.045802	8.160305	9.114504	4.794407
-0.237793	-0.262207	0.826904	-32.351145	5.893130	6.946565	4.806907
-0.228027	-0.323486	0.864746	-24.282443	0.916031	4.145038	4.818368
-0.232666	-0.344727	0.894287	-14.969466	-4.015267	2.267176	4.828384
-0.229980	-0.366699	0.899902	-3.358779	-6.404580	-0.748092	4.838792
-0.220703	-0.341797	0.870361	3.450382	-7.977099	-2.389313	4.848712
-0.211914	-0.281982	0.851807	8.175573	-7.702290	-2.267176	4.858709
-0.199463	-0.254395	0.851562	6.854962	-7.854962	-2.061069	4.868414
-0.196533	-0.257812	0.865967	2.572519	-6.961832	-0.923664	4.878584
-0.198242	-0.276123	0.862061	-1.229008	-5.206107	-0.992366	4.888804
-0.203369	-0.283936	0.833984	-3.351145	-3.786260	-1.297710	4.898656
-0.197266	-0.287842	0.833740	-4.137405	-3.099237	-1.335878	4.909004
-0.200195	-0.258789	0.829346	-4.908397	-1.923664	-2.022901	4.918963
-0.198975	-0.254395	0.832275	-4.740458	-1.282443	-2.854962	4.928654
-0.208496	-0.253174	0.826660	-3.091603	-0.618321	-4.091603	4.938936
-0.215088	-0.254639	0.845459	-1.679389	-0.045802	-4.778626	4.949110
-0.213867	-0.260986	0.846191	1.160305	0.755725	-5.000000	4.959233
-0.228271	-0.231934	0.848389	1.877863	2.083969	-3.816794	4.968722
-0.222900	-0.195068	0.837891	0.259542	3.786260	-2.259542	4.978695
-0.222168	-0.183594	0.825195	-2.725191	5.114504	-0.923664	4.988996
-0.218262	-0.192871	0.816895	-6.244275	5.786260	0.305344	4.998952
-0.221436	-0.212158	0.834717	-9.358779	5.870229	1.404580	5.009058
-0.229736	-0.242432	0.823975	-10.496183	6.129771	2.938931	5.018870
-0.227783	-0.236328	0.781006	-9.503817	7.358779	3.770992	5.029033
-0.217041	-0.215332	0.722656	-8.435115	10.862595	4.572519	5.039175
-0.223877	-0.172607	0.693604	-10.732824	11.900763	3.969466	5.049431
-0.204590	-0.150879	0.678467	-15.816794	12.641221	4.763359	5.059464
-0.228760	-0.170654	0.709229	-18.900763	11.916031	3.961832	5.069232
-0.236572	-0.240967	0.760498	-16.778626	8.870229	0.221374	5.079218
-0.241455	-0.275391	0.796875	-9.549618	5.198473	-0.404580	5.089502
-0.228760	-0.300293	0.843018	2.122137	0.091603	-1.488550	5.099364
-0.245117	-0.319092	0.861084	13.564885	-3.274809	-4.183206	5.109400
-0.234863	-0.312500	0.889160	20.381679	-6.824427	-5.488550	5.119513
-0.233643	-0.322998	0.894043	27.625954	-8.526718	-6.412214	5.129476
-0.216309	-0.263916	0.915283	30.793893	-8.664122	-4.366412	5.139615
-0.213623	-0.240479	0.908447	30.732824	-7.473282	-3.145038	5.149606
-0.198975	-0.205811	0.914551	25.587786	-5.305344	-0.709924	5.159457
-0.206055	-0.183105	0.920654	15.977099	-1.992366	2.045802	5.169651
-0.209229	-0.187988	0.933594	6.526718	0.290076	4.061069	5.179658
-0.221191	-0.231689	0.924316	0.786260	1.312977	4.625954	5.189892
-0.221191	-0.242188	0.912598	-0.450382	2.816794	4.832061	5.200240
-0.215820	-0.243652	0.907959	-1.091603	3.374046	5.290076	5.210377
-0.218750	-0.239258	0.907715	-1.931298	3.053435	4.320611	5.220597
-0.222656	-0.262939	0.901367	-1.442748	2.648855	3.015267	5.230448
-0.228516	-0.257568	0.898438	0.106870	1.625954	1.664122	5.240859
-0.224365	-0.261230	0.874512	2.847328	1.526718	-0.038168	5.251564
-0.210449	-0.225098	0.821045	4.427481	2.816794	0.297710	5.261513
-0.207275	-0.186768	0.776611	4.412214	4.526718	-1.954198	5.271361
-0.202393	-0.112305	0.759277	-1.511450	6.160305	1.374046	5.281162
-0.208252	-0.142822	0.744873	-7.206107	7.770992	1.259542	5.291688
-0.217773	-0.193604	0.788818	-6.603053	5.083969	-2.778626	5.302031
-0.216064	-0.207031	0.809326	-3.755725	2.984733	-2.473282	5.312192
-0.223877	-0.245850	0.885986	2.854962	-0.702290	-4.694656	5.322854
-0.239258	-0.264648	0.942871	11.236641	-5.625954	-6.816794	5.333373
-0.239014	-0.286865	0.957764	20.419847	-9.519084	-9.244275	5.343448
-0.229248	-0.297119	0.977783	36.603053	-13.748092	-10.786260	5.353463
-0.224609	-0.252930	0.963135	49.885496	-15.801527	-10.954198	5.363591
-0.204102	-0.170410	0.965820	53.305344	-15.717557	-6.832061	5.373457
-0.185303	-0.128662	0.939453	46.519084	-13.267176	-3.625954	5.383248
-0.177734	-0.149414	0.926758	33.793893	-10.534351	-0.404580	5.393727
-0.181885	-0.151123	0.938477	19.862595	-7.793893	1.801527	5.403977
-0.190186	-0.182861	0.971924	8.732824	-4.877863	3.717557	5.414026
-0.186279	-0.198242	0.925781	1.572519	-1.931298	5.335878	5.424336
-0.198486	-0.144531	0.920166	-6.572519	-0.572519	8.679389	5.434622
-0.189453	-0.143311	0.910156	-14.343511	0.473282	9.885496	5.444595
-0.199707	-0.167236	0.878662	-17.603053	2.198473	9.977099	5.454946
-0.206543	-0.180176	0.832520	-21.083969	2.290076	9.442748	5.465239
-0.209473	-0.183105	0.802490	-19.946565	4.618321	8.725191	5.475346
-0.208740	-0.137207	0.756592	-22.442748	7.251908	8.305344	5.485165
-0.194092	-0.117920	0.704346	-29.648855	9.496183	8.282443	5.495540
-0.220215	-0.157471	0.717773	-35.183206	10.496183	7.778626	5.505603
-0.239258	-0.242920	0.763916	-38.229008	9.816794	1.732824	5.515585
-0.232666	-0.292236	0.809082	-29.198473	5.549618	-0.038168	5.525815
-0.235596	-0.307861	0.833008	-10.679389	1.786260	-5.503817	5.535909
-0.246338	-0.310547	0.866455	4.465649	-1.335878	-8.916031	5.546119
-0.239746	-0.262207	0.874268	12.557252	-2.267176	-9.282443	5.556178
-0.230469	-0.227295	0.882324	16.000000	-2.763359	-9.305344	5.566433
-0.222900	-0.204590	0.874756	16.473282	-2.122137	-8.885496	5.576547
-0.228760	-0.211182	0.876953	15.473282	-1.022901	-8.488550	5.586638
-0.231201	-0.219238	0.878418	15.229008	-0.427481	-7.290076	5.596890
-0.217041	-0.204834	0.879883	13.206107	0.923664	-5.129771	5.607039
-0.224365	-0.196045	0.868896	8.671756	1.404580	-3.030534	5.616955
-0.221680	-0.187500	0.868164	4.916031	2.244275	-1.908397	5.627078
-0.216553	-0.170410	0.875000	1.862595	2.328244	-1.175573	5.637307
-0.223145	-0.154053	0.862061	-1.297710	2.793893	-0.137405	5.647568
-0.220459	-0.163574	0.876465	-4.076336	1.839695	0.083969	5.657827
-0.214600	-0.169922	0.883301	-5.488550	1.427481	0.435115	5.667769
-0.209473	-0.171875	0.873535	-6.748092	0.893130	0.984733	5.677972
-0.205811	-0.173584	0.859619	-8.534351	0.748092	1.778626	5.687721
-0.200928	-0.172119	0.850342	-9.664122	0.748092	2.916031	5.697835
-0.221191	-0.164551	0.828613	-11.312977	4.351145	2.954198	5.707838
-0.209473	-0.143799	0.769043	-9.824427	4.961832	3.618321	5.717943
-0.202637	-0.134766	0.754639	-15.503817	5.641221	4.847328	5.728093
-0.206787	-0.161865	0.766602	-16.893130	4.977099	4.534351	5.738131
-0.210938	-0.183594	0.794189	-14.633588	4.290076	2.763359	5.748149
-0.216797	-0.203369	0.792236	-12.328244	4.450382	1.244275	5.758331
-0.209473	-0.209717	0.831543	-11.068702	2.412214	0.580153	5.768863
-0.208252	-0.225830	0.889893	-6.458015	-0.770992	-0.778626	5.779034
-0.220459	-0.235596	0.919678	1.335878	-2.137405	-3.450382	5.789032
-0.217773	-0.235596	0.933350	8.488550	-4.053435	-4.793893	5.799397
-0.214600	-0.238281	0.916992	11.809160	-4.664122	-5.389313	5.809327
-0.198486	-0.209961	0.912842	13.893130	-4.076336	-4.465649	5.819460
-0.187256	-0.183105	0.925293	11.900763	-3.068702	-2.938931	5.829857
-0.189209	-0.157715	0.934814	6.198473	-1.496183	-0.778626	5.840120
-0.192627	-0.158936	0.917969	-0.122137	0.969466	-0.007634	5.850397
-0.197021	-0.174072	0.909180	-4.572519	2.068702	0.687023	5.860707
-0.210449	-0.190186	0.895264	-6.183206	2.328244	0.854962	5.870965
-0.205811	-0.186768	0.882324	-6.053435	1.801527	0.923664	5.881015
-0.206055	-0.185059	0.870361	-4.419847	1.648855	0.251908	5.890996
-0.219238	-0.186523	0.828125	-1.732824	1.839695	-0.908397	5.901450
-0.215820	-0.147461	0.796875	-0.671756	2.068702	-1.664122	5.911527
-0.220215	-0.134766	0.775635	-1.984733	2.335878	-1.877863	5.921641
-0.215820	-0.135986	0.782715	-3.000000	2.030534	-2.221374	5.931862
-0.218994	-0.161621	0.805664	-2.862595	1.213740	-2.854962	5.941783
-0.221436	-0.163086	0.801514	-0.770992	0.519084	-3.572519	5.952090
-0.227783	-0.166992	0.838867	-0.465649	-0.610687	-3.167939	5.962387
-0.231689	-0.152344	0.863281	-5.076336	-0.404580	-1.389313	5.972302
-0.203369	-0.145508	0.886230	-12.824427	0.465649	0.396947	5.982818
-0.212646	-0.149658	0.904297	-22.198473	2.251908	3.267176	5.992603
-0.215332	-0.150879	0.929932	-30.282443	4.648855	6.526718	6.002941
-0.219238	-0.181396	0.916992	-32.435115	5.137405	8.839695	6.013068
-0.212891	-0.202637	0.898682	-29.580153	5.152672	10.412214	6.023373
-0.215088	-0.242920	0.879150	-18.625954	3.496183	10.274809	6.033812
-0.218506	-0.291504	0.864746	-3.351145	1.206107	7.984733	6.044097
-0.209473	-0.274414	0.842041	10.938931	-1.580153	5.679389	6.054122
-0.218018	-0.282715	0.828125	24.587786	-4.603053	0.664122	6.063756
-0.212646	-0.291992	0.818604	38.778626	-7.526718	-5.931298	6.074176
-0.214355	-0.263184	0.822510	49.854962	-10.412214	-12.099237	6.084963
-0.205566	-0.252197	0.827637	57.954198	-12.809160	-19.000000	6.094950
-0.197754	-0.251953	0.849121	63.381679	-16.458015	-25.061069	6.105089
-0.191895	-0.246582	0.860596	65.145038	-15.992366	-28.282443	6.115313
-0.187500	-0.229492	0.891602	66.412214	-15.809160	-28.984733	6.125490
-0.187500	-0.177002	0.900146	66.427481	-13.977099	-27.778626	6.135872
-0.195312	-0.103760	0.927979	53.366412	-9.297710	-21.824427	6.145830
-0.193359	-0.077637	0.950439	38.671756	-5.412214	-16.587786	6.156063
-0.200439	-0.037598	0.969727	17.213740	-0.458015	-8.954198	6.165884
-0.210449	-0.044922	0.998291	-1.358779	2.221374	-1.221374	6.176062
-0.201172	-0.034424	0.994629	-15.778626	3.832061	5.625954	6.186457
-0.193115	-0.062988	0.961426	-28.244275	5.267176	11.893130	6.196691
-0.195557	-0.063965	0.951416	-42.007634	6.061069	18.343511	6.207065
-0.188965	-0.067139	0.937500	-53.480916	6.824427	23.709924	6.217402
-0.187500	-0.140381	0.917236	-57.748092	6.816794	25.389313	6.227634
-0.176270	-0.213623	0.875732	-51.412214	5.381679	21.984733	6.238031
-0.178711	-0.155762	0.842285	-44.687023	7.633588	22.900763	6.248080
-0.181152	-0.125732	0.789307	-40.335878	10.022901	19.770992	6.258278
-0.181885	-0.135254	0.737793	-35.244275	12.244275	14.297710	6.268264
-0.198975	-0.163086	0.727783	-31.137405	12.328244	8.687023	6.278590
-0.215088	-0.179443	0.735352	-28.984733	11.770992	3.679389	6.288849
-0.224365	-0.253418	0.757568	-23.229008	8.793893	-1.763359	6.299023
-0.225586	-0.316406	0.788330	-9.328244	4.519084	-7.152672	6.309132
-0.216309	-0.318848	0.826172	7.274809	-1.687023	-11.137405	6.319227
-0.219971	-0.318848	0.855469	22.488550	-5.824427	-13.374046	6.329303
-0.209473	-0.308594	0.883057	39.015267	-8.770992	-16.709924	6.339733
-0.201172	-0.266113	0.918701	52.129771	-10.786260	-16.847328	6.349959
-0.205322	-0.212891	0.953857	56.679389	-11.984733	-14.465649	6.359928
-0.201416	-0.126953	0.979980	59.847328	-12.137405	-9.709924	6.370264
-0.199463	-0.077881	0.981201	51.793893	-11.297710	-3.740458	6.380375
-0.180420	-0.058105	0.962891	38.145038	-10.290076	2.015267	6.390837
-0.186035	-0.096191	0.957764	27.534351	-9.068702	5.847328	6.400758
-0.180176	-0.109375	0.936279	17.671756	-8.129771	9.641221	6.411047
-0.185059	-0.085693	0.916016	8.190840	-6.992366	13.671756	6.421549
-0.185059	-0.114014	0.894043	-0.068702	-5.480916	16.755725	6.431664
-0.202637	-0.127686	0.890137	-4.389313	-5.114504	19.557252	6.441212
-0.190186	-0.100830	0.873535	-5.717557	-3.580153	21.427481	6.451016
-0.188721	-0.061523	0.853516	-8.442748	-1.931298	20.511450	6.460883
-0.194092	-0.047119	0.820801	-12.916031	2.480916	16.793893	6.472372
-0.192871	-0.072510	0.812988	-15.916031	3.748092	11.969466	6.482685
-0.205078	-0.089111	0.799561	-18.496183	4.129771	9.740458	6.492869
-0.231201	-0.135742	0.796875	-18.961832	3.954198	7.389313	6.503035
-0.217285	-0.186035	0.799316	-16.297710	3.022901	4.473282	6.512810
-0.215332	-0.209961	0.818604	-11.045802	0.198473	1.312977	6.523031
-0.216309	-0.243408	0.842285	-4.190840	-3.404580	-0.114504	6.533408
-0.215088	-0.258057	0.874756	4.198473	-5.282443	-2.259542	6.543554
-0.212646	-0.248535	0.881592	13.129771	-8.267176	-3.954198	6.553589
-0.203857	-0.214355	0.901123	19.351145	-8.877863	-5.679389	6.563846
-0.201416	-0.178467	0.888184	21.229008	-9.679389	-6.770992	6.573795
-0.197266	-0.160156	0.893555	20.961832	-8.763359	-7.458015	6.584696
-0.194824	-0.145020	0.890381	21.458015	-7.167939	-8.992366	6.594713
-0.191406	-0.128906	0.903809	16.786260	-6.412214	-8.267176	6.604579
-0.181396	-0.111084	0.884277	12.404580	-5.671756	-7.167939	6.614898
-0.183594	-0.100342	0.895996	7.961832	-3.946565	-5.778626	6.624875
-0.179932	-0.086670	0.881348	3.305344	-2.160305	-4.290076	6.635143
-0.186768	-0.091797	0.863281	0.030534	-0.992366	-3.099237	6.645439
-0.187500	-0.087158	0.873779	-2.007634	0.488550	-2.396947	6.655452
-0.195801	-0.072021	0.861816	-3.595420	0.923664	-1.679389	6.665461
-0.189209	-0.070068	0.861328	-4.374046	1.221374	-1.343511	6.675683
-0.192871	-0.077881	0.876953	-5.290076	1.412214	-1.045802	6.685840
-0.196777	-0.078369	0.877686	-5.709924	1.885496	-0.893130	6.695841
-0.199951	-0.073975	0.873535	-5.885496	2.755725	-0.152672	6.705851
-0.203125	-0.089111	0.865479	-5.687023	2.969466	-0.328244	6.715886
-0.211670	-0.071777	0.843018	-5.694656	4.190840	0.351145	6.726132
-0.193848	-0.068359	0.839844	-6.885496	4.404580	2.763359	6.736564
-0.185303	-0.061035	0.829590	-7.938931	6.633588	3.259542	6.746661
-0.175293	-0.054688	0.834473	-10.015267	8.740458	4.175573	6.756689
-0.178467	-0.043457	0.844971	-13.122137	11.648855	4.488550	6.766633
-0.183838	-0.027588	0.859863	-18.068702	12.839695	4.969466	6.776522
-0.181152	-0.031494	0.864502	-21.786260	13.877863	5.305344	6.787039
-0.196533	-0.051270	0.854492	-24.175573	14.122137	5.335878	6.797164
-0.196289	-0.092529	0.855225	-24.343511	13.748092	3.335878	6.809644
-0.212646	-0.097168	0.869629	-21.870229	12.931298	2.564885	6.819823
-0.206055	-0.113770	0.867920	-17.656489	10.587786	1.534351	6.829991
-0.183594	-0.111084	0.871582	-13.404580	8.274809	1.282443	6.840272
-0.183594	-0.107178	0.888672	-10.450382	6.900763	2.076336	6.850420
-0.189941	-0.109375	0.877686	-8.404580	5.793893	3.160305	6.860453
-0.194824	-0.122803	0.878418	-6.183206	4.625954	3.862595	6.870498
-0.188965	-0.125000	0.870361	-3.801527	2.862595	4.595420	6.880033
-0.184570	-0.134766	0.879639	-0.748092	1.198473	5.312977	6.890749
-0.177246	-0.137939	0.896729	0.984733	0.534351	5.977099	6.900722
-0.170654	-0.132324	0.918701	-0.480916	0.320611	7.465649	6.910898
-0.153809	-0.140137	0.927979	-4.664122	0.717557	9.305344	6.920668
-0.156738	-0.124268	0.941650	-11.404580	2.137405	11.106870	6.930843
-0.152100	-0.125488	0.941895	-17.145038	3.725191	12.725191	6.941330
-0.155273	-0.152344	0.934570	-22.557252	4.641221	13.267176	6.951338
-0.159424	-0.161377	0.917236	-27.534351	6.351145	13.541985	6.961579
-0.163086	-0.174561	0.920410	-31.885496	7.610687	13.236641	6.971787
-0.164307	-0.187744	0.928467	-37.129771	8.656489	12.335878	6.981958
-0.178467	-0.212158	0.927979	-36.427481	9.053435	11.358779	6.992214
-0.200684	-0.219727	0.937988	-36.198473	8.931298	9.374046	7.002307
-0.210205	-0.218018	0.930664	-35.259542	8.145038	8.419847	7.012903
-0.227783	-0.234131	0.921875	-31.038168	6.389313	6.847328	7.022827
-0.236328	-0.237305	0.910156	-24.992366	4.122137	5.183206	7.033075
-0.242920	-0.241943	0.889648	-17.816794	1.824427	3.564885	7.043523
-0.240967	-0.232910	0.889893	-11.198473	-1.160305	2.496183	7.053716
-0.243408	-0.228027	0.868164	-6.061069	-2.396947	1.083969	7.063859
-0.233154	-0.187500	0.861328	-3.618321	-4.603053	0.938931	7.073963
-0.237793	-0.213867	0.845215	-1.816794	-4.862595	0.374046	7.084355
-0.219238	-0.172607	0.837158	-2.885496	-4.748092	1.519084	7.094812
-0.221191	-0.199219	0.815674	-3.938931	-4.473282	1.702290	7.104693
-0.215332	-0.201416	0.808350	-4.320611	-3.259542	0.885496	7.114273
-0.217041	-0.193604	0.822266	-6.419847	-2.358779	0.648855	7.124823
-0.216797	-0.202637	0.823242	-7.267176	-2.175573	0.587786	7.135197
-0.215576	-0.207520	0.831543	-7.938931	-2.137405	-0.625954	7.145403
-0.212158	-0.207520	0.836914	-9.091603	-2.061069	-0.832061	7.155325
-0.208008	-0.226807	0.833984	-9.900763	-1.587786	-0.992366	7.165714
-0.203613	-0.230225	0.812256	-9.694656	-1.114504	-0.687023	7.175511
-0.211182	-0.237549	0.800537	-8.030534	-0.839695	-0.885496	7.185974
-0.203857	-0.234131	0.809326	-7.259542	-0.229008	-0.740458	7.196250
-0.197266	-0.220459	0.815186	-6.961832	0.496183	-0.267176	7.206392
-0.201172	-0.207275	0.816162	-7.458015	1.259542	-0.381679	7.216582
-0.209717	-0.198975	0.813965	-8.755725	1.885496	-0.305344	7.226369
-0.200684	-0.213867	0.828369	-10.221374	2.000000	-0.503817	7.236920
-0.211670	-0.214600	0.815186	-10.618321	2.931298	-0.328244	7.246990
-0.201416	-0.223633	0.814453	-10.076336	3.106870	-1.007634	7.257255
-0.211670	-0.220459	0.819336	-9.068702	2.687023	-1.496183	7.267350
-0.205811	-0.219971	0.827637	-7.961832	2.725191	-0.916031	7.277308
-0.215088	-0.228027	0.834229	-5.801527	2.351145	-1.541985	7.287298
-0.225830	-0.220459	0.833740	-3.328244	1.931298	-2.099237	7.297621
-0.225830	-0.218018	0.844482	-1.603053	1.732824	-2.007634	7.307848
-0.220947	-0.217285	0.840820	-0.709924	1.473282	-1.595420	7.317813
-0.223877	-0.199219	0.826904	-0.381679	1.419847	-1.503817	7.327892
-0.212646	-0.190674	0.834229	-0.213740	1.854962	-1.198473	7.338277
-0.227539	-0.185303	0.839844	-0.786260	2.221374	-0.763359	7.347915
-0.225830	-0.186279	0.839355	-1.969466	2.519084	-0.465649	7.357509
-0.238037	-0.179443	0.855713	-4.511450	3.129771	0.320611	7.367478
-0.254150	-0.174072	0.857422	-8.900763	3.290076	0.870229	7.377815
-0.257080	-0.182861	0.870850	-12.709924	3.328244	1.160305	7.388054
-0.260254	-0.192383	0.875000	-16.068702	2.786260	0.854962	7.398194
-0.256836	-0.203369	0.874512	-18.015267	1.748092	1.160305	7.408265
-0.258789	-0.207031	0.875732	-18.450382	0.969466	1.603053	7.418478
-0.263672	-0.217529	0.867188	-18.450382	0.679389	2.175573	7.428424
-0.270020	-0.226562	0.868164	-18.221374	0.259542	2.793893	7.438954
-0.273682	-0.231934	0.875732	-17.748092	-1.251908	4.091603	7.449000
-0.273438	-0.247803	0.869629	-15.274809	-3.358779	4.488550	7.459350
-0.256836	-0.270264	0.855469	-10.282443	-5.679389	4.763359	7.469353
-0.242920	-0.284912	0.840332	-3.549618	-7.893130	4.671756	7.479517
-0.209717	-0.281738	0.852539	3.236641	-9.358779	4.694656	7.489904
-0.187500	-0.279541	0.857666	7.580153	-9.503817	5.458015	7.500128
-0.168701	-0.262207	0.854248	8.526718	-8.389313	5.931298	7.510252
-0.169434	-0.238770	0.856689	5.832061	-6.198473	6.190840	7.520267
-0.162842	-0.248779	0.857422	2.244275	-4.381679	6.732824	7.530152
-0.150146	-0.261719	0.845703	-1.709924	-2.007634	5.396947	7.540818
-0.144287	-0.273926	0.851074	-5.244275	0.396947	4.374046	7.551018
-0.136719	-0.270020	0.853516	-7.923664	3.061069	2.412214	7.561185
-0.134521	-0.269043	0.856689	-11.290076	5.358779	0.839695	7.571459
-0.131836	-0.278320	0.853760	-12.419847	7.435115	-1.511450	7.581773
-0.133789	-0.281006	0.867920	-12.259542	9.282443	-4.122137	7.592027
-0.137207	-0.282715	0.877930	-10.793893	10.374046	-6.351145	7.601976
-0.143799	-0.274414	0.881592	-8.801527	11.335878	-8.358779	7.612105
-0.164307	-0.267822	0.888916	-6.427481	11.977099	-10.656489	7.622286
-0.166016	-0.247803	0.881104	-5.137405	11.580153	-11.801527	7.632524
-0.174805	-0.246338	0.888428	-2.793893	11.236641	-13.022901	7.642744
-0.181641	-0.239258	0.901367	-0.908397	10.671756	-14.450382	7.652961
-0.188965	-0.226318	0.892334	0.908397	10.389313	-15.496183	7.663351
-0.196777	-0.213379	0.891846	2.580153	9.748092	-16.396947	7.673375
-0.197754	-0.202393	0.878174	4.374046	8.595420	-17.022901	7.683814
-0.203369	-0.190430	0.880127	6.312977	7.854962	-16.931298	7.693872
-0.208496	-0.196289	0.891357	8.435115	6.694656	-16.923664	7.704129
-0.213623	-0.177734	0.877197	11.633588	5.305344	-16.633588	7.714436
-0.209229	-0.187012	0.874023	13.450382	4.206107	-15.977099	7.724649
-0.216064	-0.165283	0.869629	14.908397	3.656489	-15.152672	7.734897
-0.218994	-0.146973	0.882568	14.259542	3.106870	-14.229008	7.745066
-0.220215	-0.135986	0.883545	12.312977	2.938931	-12.496183	7.755355
-0.213379	-0.137695	0.893555	9.809160	2.259542	-11.015267	7.765582
-0.218262	-0.143066	0.895264	7.793893	1.709924	-9.656489	7.775814
-0.225586	-0.137939	0.884033	5.664122	1.381679	-7.488550	7.786102
-0.225342	-0.139648	0.884521	3.740458	0.656489	-5.778626	7.796140
-0.234375	-0.140137	0.874756	2.465649	0.633588	-3.946565	7.806581
-0.237305	-0.149170	0.890137	1.274809	0.183206	-1.847328	7.816687
-0.238770	-0.146240	0.881348	0.320611	-0.862595	-0.236641	7.826711
-0.246338	-0.152100	0.885254	-0.412214	-1.183206	1.625954	7.836829
-0.240967	-0.163574	0.878662	-0.900763	-2.351145	3.030534	7.846986
-0.237793	-0.165771	0.868652	-0.854962	-3.198473	4.183206	7.857160
-0.231201	-0.167480	0.862793	-0.839695	-3.870229	5.541985	7.867365
-0.226807	-0.176025	0.864014	-0.595420	-4.305344	6.450382	7.877570
-0.228760	-0.184570	0.861084	-0.786260	-4.419847	7.137405	7.887811
-0.223145	-0.184326	0.850342	-1.335878	-4.694656	7.801527	7.897725
-0.228516	-0.183350	0.836182	-1.458015	-4.610687	7.961832	7.907818
-0.226807	-0.191895	0.842529	-1.534351	-4.603053	7.633588	7.918021
-0.218506	-0.200928	0.837402	-0.816794	-4.610687	7.167939	7.928388
-0.213379	-0.200439	0.829102	0.916031	-4.992366	6.458015	7.938619
-0.215088	-0.207764	0.821777	1.465649	-4.816794	6.129771	7.948587
-0.210938	-0.200195	0.823486	1.587786	-4.305344	6.152672	7.958750
-0.208984	-0.201660	0.822510	1.183206	-3.396947	5.923664	7.968819
-0.210205	-0.191650	0.817627	-0.152672	-2.244275	6.648855	7.978929
-0.205078	-0.199219	0.818115	-1.167939	-1.610687	6.664122	7.989451
-0.208252	-0.196777	0.802734	-1.412214	0.221374	6.694656	7.999490
-0.205811	-0.201416	0.804932	-2.687023	1.053435	6.564885	8.009554
-0.206299	-0.190430	0.799316	-4.541985	2.297710	6.664122	8.019855
-0.216064	-0.193604	0.827393	-7.068702	2.984733	6.374046	8.030148
-0.213867	-0.208252	0.840576	-8.496183	3.801527	5.297710	8.040254
-0.217041	-0.219727	0.857666	-9.183206	3.259542	4.496183	8.050350
-0.214355	-0.238037	0.868652	-8.702290	2.732824	3.702290	8.060528
-0.212402	-0.242920	0.869385	-6.610687	2.870229	3.572519	8.070601
-0.210205	-0.248535	0.855713	-4.801527	2.725191	3.755725	8.080590
-0.211670	-0.232910	0.864014	-3.664122	2.465649	3.786260	8.090803
-0.206787	-0.228516	0.878418	-3.862595	2.534351	4.145038	8.100747
-0.214844	-0.241455	0.884277	-4.198473	2.458015	4.633588	8.110886
-0.212402	-0.245850	0.888916	-4.221374	2.419847	4.641221	8.121203
-0.215332	-0.245850	0.897705	-3.877863	2.328244	4.648855	8.131518
-0.211914	-0.235596	0.875244	-4.229008	2.282443	3.923664	8.141596
-0.207275	-0.235596	0.891602	-5.503817	2.167939	3.374046	8.151663
-0.204346	-0.237305	0.883057	-6.404580	1.694656	2.816794	8.161789
-0.207520	-0.245605	0.894775	-6.763359	1.908397	2.290076	8.171901
-0.212891	-0.243408	0.881348	-6.648855	2.198473	1.351145	8.182582
-0.205811	-0.240479	0.867432	-6.770992	2.618321	0.488550	8.192601
-0.207031	-0.237061	0.861816	-6.786260	2.877863	-0.603053	8.202599
-0.206299	-0.240479	0.853516	-7.106870	2.709924	-1.129771	8.212928
-0.206787	-0.243408	0.836182	-5.229008	2.732824	-2.732824	8.223099
-0.209473	-0.232178	0.856934	-3.458015	1.549618	-4.488550	8.233467
-0.212402	-0.240234	0.861328	-1.274809	1.145038	-5.633588	8.243658
-0.216553	-0.265625	0.866455	1.503817	-0.687023	-7.618321	8.253920
-0.230957	-0.278320	0.905029	6.236641	-2.793893	-10.045802	8.263693
-0.237793	-0.274658	0.916016	12.129771	-5.374046	-10.526718	8.273497
-0.223389	-0.265869	0.918213	19.656489	-6.870229	-11.290076	8.284674
-0.230713	-0.217041	0.903564	27.480916	-7.687023	-10.213740	8.295103
-0.214844	-0.194580	0.902832	31.442748	-7.534351	-8.687023	8.305013
-0.215820	-0.153076	0.892334	29.328244	-6.106870	-6.137405	8.315181
-0.191162	-0.128906	0.903809	22.923664	-4.755725	-2.526718	8.325636
-0.202148	-0.151855	0.931396	16.290076	-5.854962	-0.839695	8.335793
-0.218018	-0.148438	0.951904	10.534351	-2.488550	1.480916	8.346007
-0.197998	-0.154297	0.940430	4.709924	-0.702290	3.770992	8.356117
-0.184570	-0.144043	0.931885	-1.221374	1.335878	5.847328	8.366347
-0.187988	-0.135498	0.921631	-9.580153	2.671756	8.343511	8.376143
-0.182373	-0.155029	0.906006	-15.984733	2.770992	9.763359	8.386526
-0.187988	-0.192627	0.898438	-17.786260	2.396947	10.488550	8.396621
-0.185059	-0.212646	0.880127	-17.572519	1.839695	10.801527	8.406493
-0.189209	-0.209961	0.833740	-12.541985	1.832061	11.633588	8.416577
-0.189941	-0.138428	0.809814	-10.725191	3.145038	11.526718	8.426709
-0.181152	-0.080078	0.724121	-15.687023	9.015267	9.129771	8.441754
-0.177734	-0.072998	0.692383	-22.801527	9.000000	8.427481	8.452564
-0.205566	-0.117920	0.697266	-24.274809	9.206107	6.847328	8.463769
-0.225342	-0.171387	0.772705	-20.580153	5.236641	5.839695	8.474736
-0.225586	-0.228271	0.816162	-12.175573	-0.725191	0.366412	8.485829
-0.214844	-0.253906	0.842773	0.931298	-6.610687	-2.725191	8.496914
-0.207031	-0.246338	0.850586	12.160305	-10.893130	-5.022901	8.507806
-0.195312	-0.202393	0.848145	17.862595	-12.366412	-5.274809	8.518754
-0.181152	-0.192871	0.851074	20.488550	-11.687023	-5.465649	8.529806
-0.177002	-0.183594	0.838623	21.000000	-9.893130	-4.442748	8.540937
-0.166504	-0.189941	0.856201	22.832061	-9.206107	-2.656489	8.552264
-0.161621	-0.167725	0.870361	21.183206	-7.122137	-1.954198	8.563273
-0.159668	-0.160645	0.889893	15.007634	-3.664122	3.076336	8.574266
-0.163330	-0.145020	0.925049	5.595420	0.251908	5.083969	8.585336
-0.184814	-0.153809	0.958252	-6.396947	3.526718	6.984733	8.596338
-0.177490	-0.167969	0.967529	-14.320611	4.938931	8.419847	8.607258
-0.179199	-0.184326	0.970947	-19.083969	6.389313	9.145038	8.618167
-0.187500	-0.197266	0.932129	-20.633588	7.625954	9.862595	8.629153
-0.194336	-0.196289	0.911133	-20.450382	8.190840	10.190840	8.640284
-0.210938	-0.194580	0.901855	-19.732824	7.343511	10.496183	8.651358
-0.223145	-0.223877	0.885254	-15.015267	5.595420	9.122137	8.662296
-0.221680	-0.218506	0.856201	-9.328244	4.076336	8.114504	8.673345
-0.218994	-0.200684	0.810303	-5.229008	3.511450	7.480916	8.684402
-0.217285	-0.164795	0.763184	-3.786260	5.068702	7.038168	8.695420
-0.225830	-0.135498	0.727783	-4.832061	6.106870	6.969466	8.706479
-0.232422	-0.114502	0.712402	-7.335878	6.580153	6.664122	8.717400
-0.237793	-0.156006	0.754883	-8.030534	3.671756	5.473282	8.728313
-0.234863	-0.197266	0.787598	-5.396947	0.931298	3.770992	8.739423
-0.228271	-0.227539	0.828613	1.702290	-2.862595	2.366412	8.750399
-0.223633	-0.238037	0.862793	7.587786	-4.801527	0.664122	8.761380
-0.217041	-0.230225	0.883789	10.175573	-6.290076	-0.595420	8.772382
-0.203125	-0.229736	0.896484	9.801527	-6.725191	-2.160305	8.783406
-0.208252	-0.232422	0.927246	9.366412	-7.328244	-2.404580	8.794330
-0.206543	-0.232422	0.925537	6.648855	-5.900763	-2.030534	8.807695
-0.189941	-0.230713	0.922363	3.396947	-4.305344	-1.000000	8.820301
-0.203857	-0.225586	0.935059	-0.320611	-2.992366	0.320611	8.831625
-0.194824	-0.217285	0.928467	-4.083969	-2.687023	1.351145	8.842662
-0.179199	-0.219482	0.905273	-5.931298	-3.305344	2.167939	8.853639
-0.188232	-0.211182	0.898682	-6.244275	-3.335878	2.167939	8.864702
-0.189209	-0.204102	0.884766	-5.412214	-2.969466	1.519084	8.875785
-0.185547	-0.196045	0.870361	-3.503817	-2.038168	1.511450	8.887078
-0.186035	-0.194092	0.863281	-3.030534	-2.229008	1.290076	8.898387
-0.175781	-0.203613	0.864990	-2.984733	-2.206107	1.557252	8.909398
-0.174561	-0.204590	0.855469	-2.190840	-0.885496	2.351145	8.920381
-0.179932	-0.204102	0.840332	-2.343511	0.412214	3.511450	8.931898
-0.193115	-0.197510	0.825195	-2.061069	0.854962	3.572519	8.943031
-0.187988	-0.178955	0.810791	-2.053435	2.381679	2.473282	8.954305
-0.192383	-0.151123	0.757568	-2.648855	6.648855	1.114504	8.965233
-0.182373	-0.106934	0.732666	-5.213740	10.351145	0.106870	8.976434
-0.203857	-0.071533	0.714600	-12.198473	14.068702	-0.671756	8.987925
-0.221924	-0.098389	0.757324	-17.419847	13.572519	-1.832061	8.999058
-0.230225	-0.168945	0.803955	-16.374046	10.496183	-5.282443	9.010094
-0.244141	-0.246094	0.864746	-9.763359	6.893130	-7.534351	9.021129
-0.250977	-0.296143	0.921143	8.190840	0.908397	-11.625954	9.031449
-0.244629	-0.257568	0.946533	22.045802	-5.038168	-13.282443	9.041625
-0.251221	-0.224365	0.944580	29.847328	-7.847328	-14.000000	9.051613
-0.232910	-0.187012	0.959961	34.511450	-9.656489	-13.480916	9.061761
-0.214600	-0.180664	0.949463	36.312977	-10.496183	-13.320611	9.071933
-0.210449	-0.161377	0.949463	36.549618	-8.648855	-11.801527	9.082123
-0.211670	-0.139404	0.942383	30.977099	-6.465649	-8.625954	9.092234
-0.200439	-0.131348	0.938965	21.969466	-4.290076	-5.427481	9.102218
-0.204590	-0.123535	0.952637	10.099237	-1.045802	-2.145038	9.112795
-0.205566	-0.139404	0.949951	-0.587786	1.267176	0.343511	9.122782
-0.202393	-0.155029	0.951660	-7.717557	2.885496	1.198473	9.133019
-0.203613	-0.165527	0.965820	-14.328244	3.641221	3.229008	9.143382
-0.206055	-0.185303	0.964844	-18.198473	4.297710	4.435115	9.153503
-0.198730	-0.196777	0.931641	-19.732824	4.969466	5.603053	9.163772
-0.203613	-0.212402	0.902100	-18.030534	5.450382	6.488550	9.173483
-0.203857	-0.206055	0.901123	-17.152672	5.015267	8.137405	9.183946
-0.194824	-0.199707	0.877197	-16.503817	4.694656	9.106870	9.193820
-0.196777	-0.196045	0.884521	-15.351145	4.114504	8.488550	9.203983
-0.194092	-0.195557	0.859619	-14.702290	4.374046	7.969466	9.214025
-0.190918	-0.205811	0.840088	-13.618321	4.679389	7.053435	9.224000
-0.189697	-0.178223	0.772461	-13.793893	7.870229	6.954198	9.234350
-0.181152	-0.145996	0.733398	-16.335878	11.175573	6.236641	9.244511
-0.185059	-0.103027	0.707031	-20.824427	13.351145	6.374046	9.254707
-0.204834	-0.086914	0.718994	-27.465649	13.534351	7.000000	9.264794
-0.225342	-0.145752	0.780273	-33.221374	12.435115	4.862595	9.274781
-0.227783	-0.220215	0.808838	-30.618321	8.748092	1.244275	9.285116
-0.228760	-0.269531	0.807617	-20.473282	6.389313	-1.030534	9.295334
-0.227295	-0.269531	0.812744	-5.450382	2.557252	-4.519084	9.305612
-0.218506	-0.234375	0.843750	4.015267	-1.335878	-4.954198	9.315851
-0.230713	-0.198730	0.888428	11.229008	-3.900763	-5.175573	9.325878
-0.230225	-0.183350	0.903809	12.312977	-5.557252	-5.297710	9.335962
-0.232178	-0.206299	0.916260	14.259542	-6.442748	-6.122137	9.346224
-0.223145	-0.208496	0.909912	15.732824	-6.793893	-5.801527	9.356031
-0.223633	-0.195068	0.911377	15.694656	-5.961832	-3.618321	9.366264
-0.211426	-0.198242	0.890381	13.748092	-5.221374	-2.007634	9.376230
-0.223389	-0.171631	0.903809	9.770992	-3.320611	0.061069	9.386581
-0.220947	-0.173096	0.906250	4.778626	-2.595420	2.152672	9.396914
-0.215820	-0.173584	0.923096	0.328244	-1.610687	3.450382	9.406988
-0.219482	-0.175293	0.908203	-3.236641	0.145038	4.748092	9.417018
-0.225342	-0.201660	0.887207	-4.015267	1.412214	4.877863	9.427061
-0.223877	-0.188232	0.878174	-5.725191	1.541985	5.648855	9.437547
-0.228516	-0.194824	0.877197	-7.908397	1.435115	5.374046	9.447874
-0.222656	-0.197510	0.844971	-8.007634	3.007634	5.488550	9.458047
-0.216064	-0.179688	0.815918	-7.870229	4.847328	4.045802	9.468368
-0.218750	-0.154541	0.821289	-7.854962	6.778626	4.435115	9.478555
-0.220459	-0.126465	0.772217	-13.083969	10.000000	4.610687	9.488950
-0.227051	-0.115967	0.747314	-17.862595	12.236641	5.221374	9.499100
-0.227295	-0.123779	0.739502	-21.679389	13.091603	5.396947	9.509522
-0.244629	-0.160889	0.800293	-22.572519	11.656489	4.274809	9.519719
-0.258057	-0.232178	0.841797	-21.389313	9.793893	0.816794	9.529549
-0.259521	-0.269043	0.868408	-16.366412	7.984733	-1.732824	9.539507
-0.260010	-0.299561	0.906494	-3.694656	3.625954	-5.076336	9.550075
-0.255859	-0.279053	0.928223	8.755725	-0.770992	-6.541985	9.560234
-0.239746	-0.227783	0.930176	14.656489	-2.045802	-6.183206	9.570589
-0.226074	-0.213623	0.923828	15.595420	-2.664122	-6.587786	9.580496
-0.215332	-0.191162	0.916748	15.923664	-3.053435	-4.358779	9.590734
-0.214111	-0.176270	0.913086	14.923664	-2.824427	-2.351145	9.601156
-0.213135	-0.195557	0.921387	11.587786	-2.450382	-1.343511	9.611283
-0.211914	-0.175537	0.927246	8.564885	-2.030534	0.885496	9.621621
-0.217041	-0.173340	0.911621	5.038168	-2.152672	3.022901	9.631854
-0.209717	-0.151611	0.932129	1.343511	-2.557252	4.343511	9.641963
-0.198975	-0.161865	0.928223	-2.404580	-2.335878	5.786260	9.652508
-0.207520	-0.164795	0.912842	-4.778626	-1.938931	6.183206	9.662578
-0.201660	-0.168213	0.903809	-6.473282	-1.648855	6.404580	9.672676
-0.210449	-0.182861	0.894531	-7.511450	-2.282443	6.946565	9.683031
-0.206543	-0.197998	0.887939	-6.877863	-3.183206	7.320611	9.693306
-0.205322	-0.214600	0.857666	-4.618321	-3.099237	7.122137	9.703463
-0.208252	-0.202881	0.833984	-1.488550	-2.541985	6.702290	9.713667
-0.201660	-0.187256	0.824951	0.519084	-1.916031	6.396947	9.723710
-0.201172	-0.149414	0.786133	-1.274809	0.038168	6.389313	9.734067
-0.195801	-0.125000	0.771729	-7.030534	2.862595	6.045802	9.744185
-0.204590	-0.158447	0.779541	-10.603053	4.145038	3.870229	9.754471
-0.210449	-0.207764	0.784180	-7.854962	2.450382	1.206107	9.764838
-0.218994	-0.233643	0.812988	-3.664122	1.969466	-0.778626	9.775150
-0.216309	-0.252441	0.826172	1.465649	0.893130	-2.412214	9.785295
-0.212158	-0.228271	0.838379	7.587786	-0.809160	-4.175573	9.795418
-0.207764	-0.203857	0.837158	13.763359	-1.755725	-4.847328	9.805697
-0.196777	-0.181885	0.847900	13.679389	-0.702290	-5.931298	9.815717
-0.204590	-0.158936	0.867432	14.618321	0.572519	-5.801527	9.825964
-0.211670	-0.158447	0.864258	13.671756	1.366412	-5.839695	9.836239
-0.209717	-0.151123	0.900146	13.091603	1.374046	-5.610687	9.846270
-0.215820	-0.148926	0.912109	12.236641	1.328244	-4.847328	9.856635
-0.213867	-0.151123	0.916260	11.328244	0.862595	-4.259542	9.866698
-0.208496	-0.138672	0.920410	9.938931	0.427481	-3.381679	9.876724
-0.198486	-0.146484	0.910156	8.404580	-0.022901	-1.885496	9.886636
-0.190430	-0.111084	0.936279	5.274809	-0.221374	0.274809	9.897049
-0.187500	-0.128662	0.926514	2.244275	0.045802	1.282443	9.907082
-0.189209	-0.126465	0.923828	-2.053435	0.320611	3.152672	9.917162
-0.187012	-0.135498	0.915771	-5.129771	0.419847	3.755725	9.927089
-0.189453	-0.146729	0.893311	-6.954198	0.274809	3.725191	9.937500
-0.192871	-0.148193	0.884521	-7.190840	0.839695	3.717557	9.947566
-0.208740	-0.128662	0.868896	-7.335878	1.778626	3.183206	9.957621
-0.214600	-0.123535	0.837891	-8.557252	2.274809	1.977099	9.967663
-0.213135	-0.143555	0.827881	-8.244275	1.816794	0.381679	9.977822
-0.222900	-0.159424	0.824951	-7.320611	0.801527	-0.473282	9.988108
-0.233643	-0.156982	0.825928	-4.442748	-0.824427	-0.832061	9.998262
-0.232422	-0.163818	0.840576	-1.465649	-2.587786	-1.656489	10.008361
-0.237793	-0.187256	0.860596	1.396947	-4.038168	-3.007634	10.018642
-0.235352	-0.231445	0.873047	6.221374	-4.839695	-5.580153	10.029041
-0.242432	-0.232910	0.881592	14.274809	-5.404580	-6.480916	10.039391
-0.243896	-0.229980	0.896973	22.099237	-6.702290	-6.862595	10.049426
-0.243164	-0.175049	0.906982	26.938931	-7.625954	-5.320611	10.059505
-0.232422	-0.166992	0.902344	26.145038	-7.435115	-3.793893	10.069602
-0.232910	-0.180176	0.915771	23.847328	-7.664122	-3.801527	10.079700
-0.220215	-0.154541	0.898926	21.809160	-7.633588	-0.244275	10.089610
-0.219971	-0.071045	0.891357	15.870229	-6.152672	6.541985	10.099937
-0.205322	-0.042969	0.867676	6.870229	-4.847328	9.664122	10.109928
-0.189941	-0.039551	0.838623	-5.648855	-3.847328	11.297710	10.120347
-0.198242	-0.101807	0.837891	-12.190840	-3.908397	11.664122	10.130280
-0.199463	-0.154541	0.838867	-11.732824	-3.984733	10.442748	10.140340
-0.205322	-0.125732	0.819580	-8.358779	-2.328244	9.877863	10.150342
-0.199219	-0.121094	0.803955	-5.328244	-0.526718	6.748092	10.160592
-0.201660	-0.110840	0.767578	-4.114504	-1.931298	2.213740	10.170739
-0.208496	-0.104004	0.792725	-2.618321	-1.954198	-1.198473	10.181155
-0.198975	-0.069824	0.804932	-2.374046	0.213740	-3.511450	10.191471
-0.210205	-0.140381	0.834717	-0.465649	-1.137405	-8.145038	10.201514
-0.213135	-0.181641	0.843750	6.908397	-3.694656	-11.603053	10.211943
-0.209229	-0.204346	0.842285	16.198473	-5.694656	-12.061069	10.222085
-0.195557	-0.211914	0.850342	30.679389	-8.091603	-12.534351	10.232510
-0.192139	-0.240234	0.869141	47.358779	-11.160305	-14.732824	10.242482
-0.193604	-0.192383	0.875977	58.022901	-10.374046	-14.114504	10.252724
-0.196289	-0.168213	0.905029	62.419847	-10.259542	-13.259542	10.262681
-0.197510	-0.130127	0.907227	63.267176	-9.885496	-12.732824	10.272960
-0.195068	-0.108154	0.917969	60.534351	-9.503817	-11.030534	10.283261
-0.202881	-0.066650	0.920654	54.335878	-7.511450	-8.877863	10.293280
-0.187988	-0.021729	0.919678	41.519084	-5.832061	-4.801527	10.303425
-0.184814	-0.013428	0.917480	24.290076	-2.893130	0.267176	10.313578
-0.172363	-0.021240	0.905518	9.618321	0.419847	3.740458	10.324204
-0.179688	-0.021973	0.927979	-4.671756	2.160305	8.900763	10.334619
-0.176270	-0.039307	0.922852	-12.717557	0.984733	13.091603	10.345133
-0.167480	-0.054688	0.940918	-17.282443	1.343511	17.763359	10.355330
-0.165771	-0.062012	0.938965	-22.633588	1.618321	21.396947	10.365188
-0.177979	-0.038086	0.910400	-27.511450	3.167939	24.061069	10.375356
-0.179199	0.017822	0.866943	-29.503817	6.160305	24.381679	10.385648
-0.190186	0.072021	0.851807	-31.221374	9.969466	20.717557	10.395795
-0.177979	0.075928	0.835938	-35.488550	12.244275	14.251908	10.405833
-0.208252	0.010254	0.839111	-39.374046	12.671756	9.717557	10.415967
-0.207031	-0.092285	0.836914	-38.717557	9.610687	3.541985	10.426135
-0.199219	-0.175537	0.791016	-33.000000	8.496183	0.458015	10.436251
-0.189453	-0.213623	0.810547	-25.305344	5.984733	-3.297710	10.446570
-0.197266	-0.219482	0.863037	-12.114504	1.396947	-5.358779	10.456451
-0.201416	-0.235352	0.901367	-0.496183	-1.900763	-6.358779	10.466667
-0.200439	-0.217285	0.919678	8.022901	-3.526718	-6.381679	10.476664
-0.196289	-0.179443	0.934814	11.496183	-4.236641	-5.770992	10.487008
-0.194336	-0.139648	0.949219	11.160305	-4.015267	-5.465649	10.496824
-0.198242	-0.109863	0.963623	7.580153	-3.603053	-3.633588	10.507134
-0.195557	-0.090088	0.951660	2.305344	-1.793893	-1.641221	10.517230
-0.187256	-0.078613	0.959229	-5.282443	-1.267176	1.465649	10.527140
-0.182129	-0.100586	0.963623	-11.320611	-0.717557	5.511450	10.538015
-0.180420	-0.067871	0.954102	-19.748092	0.404580	11.068702	10.548109
-0.177979	-0.030762	0.945068	-29.854962	1.770992	16.251908	10.557937
-0.174561	-0.071777	0.955322	-38.053435	2.381679	18.809160	10.568065
-0.171143	-0.099854	0.937012	-41.305344	3.129771	21.099237	10.578152
-0.174805	-0.139160	0.936523	-41.396947	2.717557	21.908397	10.588334
-0.174561	-0.130615	0.900635	-38.755725	3.618321	21.458015	10.598569
-0.178711	-0.092529	0.881592	-36.679389	5.450382	19.099237	10.608559
-0.174805	-0.087158	0.888672	-38.389313	7.557252	14.320611	10.618946
-0.177002	-0.092529	0.887451	-40.923664	8.587786	11.473282	10.628731
-0.174805	-0.125488	0.875732	-42.389313	7.702290	8.526718	10.639058
-0.192383	-0.202637	0.884521	-40.030534	7.190840	3.114504	10.649158
-0.188232	-0.221191	0.872803	-32.381679	4.885496	0.824427	10.658718
-0.185059	-0.272461	0.845215	-19.877863	2.603053	-3.526718	10.668705
-0.175537	-0.258545	0.860596	-6.839695	-0.267176	-4.992366	10.679190
-0.185059	-0.241211	0.849609	2.587786	-1.106870	-6.374046	10.689139
-0.185303	-0.194824	0.850342	7.679389	-1.068702	-6.877863	10.699285
-0.187500	-0.170410	0.841064	9.458015	-2.183206	-7.122137	10.709770
-0.192139	-0.143066	0.834229	8.816794	-2.786260	-7.572519	10.719859
-0.193115	-0.135254	0.829834	7.366412	-2.862595	-7.259542	10.729904
-0.207031	-0.141846	0.814209	7.152672	-2.122137	-7.259542	10.740173
-0.214844	-0.114990	0.814453	5.572519	-1.305344	-6.534351	10.749933
-0.214844	-0.125488	0.800781	2.335878	-0.175573	-5.709924	10.760356
-0.216797	-0.148193	0.809082	0.839695	1.167939	-5.290076	10.770258
-0.223389	-0.122070	0.839111	-2.694656	2.221374	-2.022901	10.780521
-0.234863	-0.110596	0.843262	-6.465649	3.190840	2.488550	10.790861
-0.232910	-0.080811	0.840332	-10.824427	4.335878	6.648855	10.801017
-0.238281	-0.090576	0.842041	-14.145038	4.091603	9.877863	10.813985
-0.232910	-0.089111	0.834961	-15.274809	3.656489	13.099237	10.824075
-0.230957	-0.112061	0.824707	-14.862595	2.160305	15.480916	10.834316
-0.238525	-0.125977	0.821777	-12.625954	1.030534	16.877863	10.844279
-0.224365	-0.155029	0.799561	-7.832061	0.427481	17.312977	10.854531
-0.224365	-0.161377	0.782471	-3.748092	0.458015	16.549618	10.864346
-0.219238	-0.196289	0.779541	1.580153	0.251908	15.244275	10.874325
-0.225098	-0.188232	0.763428	6.519084	0.778626	12.778626	10.884432
-0.203369	-0.148438	0.765137	9.259542	1.618321	10.603053	10.894880
-0.217529	-0.126221	0.759277	10.045802	2.648855	7.931298	10.904871
-0.208252	-0.126953	0.766846	9.152672	3.007634	5.251908	10.914690
-0.208740	-0.125732	0.793457	7.938931	4.229008	1.870229	10.925096
-0.212158	-0.142334	0.791016	7.526718	5.435115	-0.854962	10.935085
-0.202881	-0.150879	0.782227	8.870229	6.045802	-3.519084	10.944620
-0.201416	-0.159668	0.780518	10.511450	4.809160	-7.053435	10.954429
-0.194824	-0.163818	0.802734	12.412214	3.656489	-8.908397	10.964097
-0.182861	-0.176270	0.846680	15.832061	1.610687	-10.038168	10.974005
-0.184814	-0.191895	0.912598	18.847328	-0.152672	-12.160305	10.984383
-0.169189	-0.190918	0.948486	22.114504	-1.068702	-12.778626	10.994595
-0.179932	-0.169678	0.965088	23.702290	0.076336	-13.580153	11.004600
-0.172119	-0.166748	0.961914	23.992366	2.267176	-13.725191	11.014565
-0.166992	-0.165283	0.978271	24.893130	4.015267	-13.511450	11.025130
-0.178467	-0.159424	0.990479	26.900763	5.122137	-11.931298	11.035451
-0.179688	-0.162354	0.983154	23.572519	6.610687	-10.603053	11.045666
-0.181152	-0.154785	1.028809	20.503817	7.343511	-8.213740	11.055803
-0.190918	-0.103516	1.057373	13.893130	8.450382	-2.396947	11.065903
-0.170654	-0.043945	1.044189	6.610687	8.877863	4.206107	11.075788
-0.180908	0.009033	1.039795	-2.137405	10.221374	9.053435	11.086055
-0.181641	0.008057	1.019043	-10.022901	8.587786	12.312977	11.096118
-0.194580	-0.055420	1.003174	-12.694656	6.587786	14.183206	11.106211
-0.206055	-0.096924	0.957764	-9.893130	4.984733	15.190840	11.116123
-0.209473	-0.098877	0.892090	-3.068702	4.145038	15.824427	11.126239
-0.215088	-0.068359	0.850342	1.564885	5.000000	14.206107	11.136160
-0.236572	0.008545	0.799316	3.022901	6.564885	9.832061	11.146609
-0.214600	0.006836	0.765381	0.618321	5.312977	7.083969	11.156501
-0.225830	0.013672	0.774414	-2.129771	2.007634	2.748092	11.166489
-0.211182	-0.018799	0.765381	-0.305344	-1.068702	-1.641221	11.176425
-0.213623	-0.096191	0.766113	8.282443	-9.274809	-9.106870	11.186564
-0.174561	-0.145752	0.809326	20.175573	-17.312977	-12.954198	11.196476
-0.168701	-0.163818	0.896484	29.557252	-22.900763	-17.725191	11.206976
-0.151855	-0.189453	0.916504	38.923664	-25.862595	-20.870229	11.216808
-0.159424	-0.273438	0.899902	56.709924	-27.404580	-26.312977	11.226970
-0.174316	-0.278076	0.945801	79.091603	-30.473282	-36.076336	11.236777
-0.187500	-0.250977	0.964111	104.572519	-33.129771	-36.908397	11.246395
-0.173096	-0.147705	0.986816	120.068702	-33.748092	-34.671756	11.256220
-0.167969	-0.040283	1.008301	122.854962	-29.633588	-31.129771	11.265901
-0.152100	0.033447	0.999756	111.977099	-22.526718	-24.809160	11.276061
-0.140869	0.115234	0.988281	85.885496	-14.473282	-14.801527	11.286851
-0.141357	0.152588	1.003418	50.229008	-6.687023	-8.526718	11.296734
-0.161621	0.114502	1.026123	18.091603	0.152672	-4.694656	11.307360
-0.152100	0.068604	0.977783	-6.114504	4.137405	0.282443	11.317331
-0.174316	0.080322	0.968994	-27.152672	8.145038	6.259542	11.327493
-0.180908	0.048584	0.910156	-35.687023	8.503817	8.931298	11.337706
-0.177002	0.092773	0.856445	-43.854962	13.297710	12.419847	11.347881
-0.181885	0.156250	0.795654	-54.015267	15.893130	16.656489	11.358142
-0.167969	0.193848	0.678467	-61.473282	22.145038	17.251908	11.368363
-0.183594	0.133545	0.597168	-55.580153	26.931298	9.839695	11.378691
-0.204346	0.145264	0.552246	-55.541985	26.564885	2.809160	11.388852
-0.204102	0.160156	0.546143	-65.839695	26.801527	6.175573	11.398732
-0.227783	0.055664	0.620605	-67.541985	24.625954	5.183206	11.409196
-0.207031	-0.105713	0.706543	-55.801527	19.458015	-2.954198	11.419163
-0.218018	-0.160156	0.783936	-38.145038	8.839695	-7.625954	11.429237
-0.212158	-0.195801	0.799561	-16.480916	3.656489	-9.404580	11.439364
-0.203369	-0.161133	0.805176	4.633588	0.099237	-16.145038	11.449475
-0.181396	-0.062988	0.852783	12.580153	-0.877863	-19.786260	11.459443
-0.187500	-0.027100	0.867188	11.465649	-0.687023	-23.282443	11.469527
-0.187500	-0.067139	0.911621	12.603053	-2.244275	-28.251908	11.479601
-0.179688	-0.147705	0.978027	17.694656	-4.900763	-32.549618	11.489458
-0.177246	-0.231934	0.963135	23.580153	-11.351145	-36.534351	11.499761
-0.222168	-0.285156	1.064209	30.923664	-2.343511	-37.725191	11.509949
-0.208984	-0.301025	1.051025	42.221374	-1.213740	-37.290076	11.520099
-0.222900	-0.268311	1.051514	47.427481	-1.893130	-35.038168	11.529961
-0.209473	-0.168457	1.021240	43.625954	1.374046	-27.839695	11.540145
-0.203125	-0.014160	1.018555	28.106870	5.854962	-19.038168	11.550666
-0.197754	0.008057	1.020752	6.167939	8.671756	-14.458015	11.560425
-0.230469	-0.017334	0.986572	-12.450382	12.931298	-10.641221	11.570794
-0.242676	-0.058105	0.972900	-22.152672	15.091603	-3.916031	11.580714
-0.246582	-0.015869	0.971680	-29.206107	15.419847	-0.458015	11.591012
-0.266113	0.021484	0.950195	-35.992366	16.312977	3.274809	11.601376
-0.250244	-0.009766	0.867188	-42.984733	18.061069	6.274809	11.611487
-0.252441	-0.040283	0.772217	-44.473282	22.137405	8.702290	11.621583
-0.253174	-0.024902	0.698975	-33.603053	23.190840	6.946565	11.632094
-0.255615	0.036621	0.627930	-34.557252	23.961832	4.564885	11.642196
-0.276611	0.053467	0.622559	-38.282443	23.671756	6.679389	11.652139
-0.276367	0.016357	0.618408	-39.801527	19.366412	4.603053	11.662187
-0.298340	-0.010498	0.740723	-43.748092	13.114504	2.458015	11.672277
-0.287598	-0.141113	0.841553	-46.732824	5.938931	1.793893	11.682236
-0.288574	-0.234131	0.855713	-34.374046	1.618321	-6.541985	11.692201
-0.287354	-0.239258	0.874023	-16.916031	-2.687023	-11.916031	11.702267
-0.265869	-0.226807	0.938232	-3.435115	-8.931298	-13.045802	11.712393
-0.276123	-0.184326	0.990967	7.648855	-11.496183	-12.732824	11.722352
-0.268799	-0.166992	1.018311	13.671756	-13.511450	-12.137405	11.732387
-0.260986	-0.156738	1.036377	16.503817	-11.343511	-8.931298	11.742568
-0.235596	-0.135010	1.056885	13.954198	-8.748092	-4.404580	11.752546
-0.226318	-0.130859	1.049316	9.000000	-3.671756	0.412214	11.762711
-0.217285	-0.116943	1.037598	3.053435	0.969466	2.725191	11.772886
-0.206787	-0.049805	1.053711	-10.221374	1.961832	7.122137	11.783151
-0.193604	-0.038818	1.009521	-25.236641	7.465649	11.908397	11.793112
-0.172119	-0.084961	0.995605	-36.587786	7.458015	14.717557	11.803528
-0.195068	-0.147705	0.967773	-36.549618	4.816794	15.969466	11.813687
-0.199707	-0.155273	0.909668	-34.030534	8.221374	20.396947	11.823899
-0.208252	-0.164307	0.845703	-30.396947	5.007634	22.045802	11.833936
-0.185791	-0.071045	0.808594	-22.526718	4.366412	24.625954	11.843901
-0.180176	0.067627	0.712402	-16.091603	12.312977	24.557252	11.853722
-0.194336	0.152100	0.616211	-18.419847	19.290076	14.893130	11.863706
-0.187988	0.196045	0.554932	-31.312977	17.908397	8.786260	11.874026
-0.234375	0.134277	0.572754	-46.587786	20.045802	8.450382	11.884113
-0.218018	-0.023193	0.638672	-51.450382	12.732824	0.992366	11.894603
-0.208496	-0.142090	0.727051	-43.511450	3.175573	-4.511450	11.904611
-0.191895	-0.231445	0.825439	-26.992366	-7.007634	-9.206107	11.914641
-0.189697	-0.355469	0.840576	1.320611	-14.267176	-17.366412	11.924762
-0.207764	-0.321289	0.930420	29.427481	-22.251908	-26.206107	11.935116
-0.219727	-0.267334	0.984375	52.213740	-25.648855	-28.916031	11.945407
-0.207275	-0.190918	1.020996	72.007634	-26.496183	-28.381679	11.955644
-0.190674	-0.181396	1.077881	87.374046	-26.679389	-26.206107	11.966069
-0.190430	-0.062012	1.103516	88.755725	-23.083969	-18.564885	11.976106
-0.156738	0.020264	1.072266	76.389313	-16.610687	-7.137405	11.986352
-0.140869	0.057129	1.025879	45.969466	-7.977099	0.916031	11.996746
-0.149658	0.023193	1.028564	15.175573	-1.030534	4.396947	12.006864
-0.165283	-0.004150	1.007568	-12.045802	5.396947	9.480916	12.017193
-0.179443	-0.053223	0.969727	-26.061069	8.076336	13.671756	12.027335
-0.175049	-0.070801	0.934814	-32.312977	9.450382	17.290076	12.037321
-0.176514	0.000244	0.820068	-33.251908	14.412214	22.748092	12.047462
-0.183838	0.096436	0.718506	-44.801527	19.435115	26.007634	12.057855
-0.185059	0.184326	0.646729	-59.923664	25.938931	24.267176	12.067869
-0.212891	0.175293	0.615479	-72.984733	28.610687	21.175573	12.077958
-0.249756	0.062500	0.602539	-83.229008	29.427481	14.862595	12.088189
-0.263428	-0.043701	0.637695	-85.404580	25.274809	10.045802	12.098359
-0.266846	-0.198486	0.671875	-68.503817	15.786260	3.946565	12.108371
-0.274658	-0.307373	0.781982	-40.885496	4.450382	-4.770992	12.118524
-0.284424	-0.348389	0.854004	-6.549618	-5.229008	-10.870229	12.128665
-0.283203	-0.331299	0.897949	23.045802	-14.091603	-14.114504	12.138385
-0.273193	-0.281250	0.928223	45.664122	-19.274809	-17.717557	12.148418
-0.261475	-0.189941	0.954590	59.274809	-18.893130	-15.396947	12.159014
-0.238770	-0.172363	0.974854	71.190840	-18.885496	-14.320611	12.168791
-0.219971	-0.114990	0.995850	72.870229	-16.236641	-10.969466	12.178895
-0.216553	-0.032227	1.029297	58.946565	-11.412214	-3.854962	12.189123
-0.205322	-0.028809	1.011719	36.519084	-6.557252	2.206107	12.198984
-0.191895	-0.028564	1.020020	10.229008	-1.465649	8.076336	12.209035
-0.206787	-0.064941	1.026855	-10.389313	3.465649	11.267176	12.219186
-0.205322	-0.080566	0.996338	-25.206107	7.793893	15.229008	12.229365
-0.204834	-0.092041	0.995117	-37.122137	7.068702	18.419847	12.239786
-0.189209	-0.106934	0.968018	-44.740458	7.702290	20.251908	12.249990
-0.183350	-0.112061	0.900635	-48.801527	11.076336	23.267176	12.259990
-0.193848	-0.126709	0.794922	-49.167939	13.923664	25.748092	12.270381
-0.199463	-0.127441	0.685791	-47.114504	19.992366	27.732824	12.280593
-0.222656	-0.081543	0.574463	-43.732824	25.824427	23.618321	12.290615
-0.259277	0.081299	0.560791	-50.572519	31.893130	18.679389	12.300967
-0.282715	0.135010	0.612793	-67.282443	34.198473	19.267176	12.311555
-0.315186	0.004395	0.674561	-82.000000	24.862595	13.419847	12.321580
-0.323730	-0.150635	0.764404	-81.702290	18.656489	6.442748	12.331776
-0.313232	-0.324219	0.801025	-62.839695	11.664122	-2.412214	12.341761
-0.302490	-0.407959	0.828857	-28.618321	1.328244	-10.801527	12.351723
-0.300049	-0.432373	0.876221	9.366412	-6.961832	-16.664122	12.362138
-0.297607	-0.339844	0.925049	40.297710	-16.465649	-20.129771	12.372205
-0.309326	-0.281250	0.984375	64.145038	-20.694656	-21.572519	12.382512
-0.308838	-0.321533	1.016113	86.083969	-25.641221	-24.893130	12.392386
-0.281250	-0.275391	1.065918	103.236641	-26.877863	-23.564885	12.402694
-0.264648	-0.231445	1.086426	105.534351	-25.442748	-19.694656	12.412546
-0.250000	-0.174072	1.086426	99.748092	-20.389313	-15.549618	12.422467
-0.214600	-0.086670	1.074219	79.648855	-14.778626	-8.503817	12.433120
-0.207520	-0.054688	1.058594	51.549618	-10.198473	-4.167939	12.443100
-0.193359	-0.069092	1.024414	23.702290	-4.396947	-0.969466	12.452719
-0.191895	-0.058838	1.010010	-2.473282	0.503817	4.335878	12.462799
-0.189941	-0.066650	0.944092	-22.984733	4.618321	8.038168	12.472780
-0.195312	-0.127686	0.854980	-33.259542	8.122137	12.251908	12.483577
-0.203125	-0.127197	0.768799	-39.519084	11.496183	13.854962	12.493807
-0.228271	-0.049316	0.696045	-39.083969	16.870229	14.412214	12.503716
-0.218750	0.027100	0.581055	-38.404580	22.603053	9.740458	12.513911
-0.238281	0.119141	0.518799	-47.236641	27.419847	1.099237	12.524285
-0.254395	0.133057	0.520020	-67.015267	25.511450	1.687023	12.534755
-0.260742	0.007568	0.603271	-69.748092	22.450382	-0.366412	12.544835
-0.239014	-0.177979	0.728027	-58.572519	9.099237	-8.916031	12.554895
-0.261719	-0.329834	0.817139	-26.480916	1.847328	-19.572519	12.565344
-0.262695	-0.401611	0.869629	7.984733	-11.549618	-27.839695	12.575749
-0.270264	-0.356689	0.939209	38.580153	-19.335878	-32.427481	12.586534
-0.268799	-0.263184	1.038818	67.923664	-24.267176	-35.839695	12.596699
-0.260742	-0.250977	1.117188	94.603053	-27.809160	-36.854962	12.606688
-0.240479	-0.134521	1.177490	114.427481	-29.076336	-33.122137	12.616836
-0.195068	-0.055664	1.145508	115.389313	-24.419847	-25.450382	12.626978
-0.173828	0.041992	1.132812	90.160305	-15.648855	-14.015267	12.637339
-0.166748	0.049072	1.087158	57.877863	-5.244275	-5.335878	12.647323
-0.157471	-0.006836	1.018311	18.816794	3.198473	-0.442748	12.657549
-0.176025	-0.016602	1.042725	-6.213740	5.503817	4.671756	12.667737
-0.186523	-0.056641	0.992432	-24.343511	8.748092	8.900763	12.677931
-0.162842	-0.083496	0.878418	-30.877863	10.961832	12.206107	12.688226
-0.170898	-0.099854	0.726562	-36.717557	15.916031	17.908397	12.698318
-0.213135	-0.043213	0.658447	-42.511450	18.290076	23.587786	12.708214
-0.234619	0.074219	0.602051	-46.221374	22.030534	23.656489	12.718588
-0.234619	0.119141	0.506836	-47.687023	27.900763	15.435115	12.728770
-0.251465	0.227539	0.399414	-58.488550	28.068702	7.977099	12.739050
-0.305664	0.192383	0.434814	-71.114504	27.992366	8.946565	12.749191
-0.279053	0.048584	0.531250	-71.977099	20.030534	4.412214	12.759563
-0.237061	-0.151611	0.694092	-56.068702	4.931298	-6.007634	12.769722
-0.233643	-0.302246	0.834473	-28.274809	-6.167939	-12.702290	12.779740
-0.271729	-0.411377	0.952637	7.183206	-16.519084	-20.450382	12.790027
-0.280273	-0.374023	1.049805	38.396947	-23.473282	-23.503817	12.800125
-0.271240	-0.229004	1.179443	74.404580	-27.549618	-24.374046	12.813071
-0.241943	-0.152100	1.243896	97.419847	-29.160305	-21.114504	12.823279
-0.208740	-0.048096	1.217773	97.809160	-23.374046	-8.778626	12.833371
-0.220215	0.027100	1.166016	75.145038	-14.351145	3.816794	12.843565
-0.142822	0.002930	1.074707	42.190840	-6.167939	11.954198	12.853509
-0.152832	-0.050293	1.021240	4.969466	3.137405	14.435115	12.863893
-0.175781	-0.069092	1.017334	-19.709924	6.114504	20.358779	12.873996
-0.190186	-0.157715	0.896729	-32.656489	9.725191	22.541985	12.884077
-0.191895	-0.112793	0.829834	-38.312977	11.725191	25.145038	12.894248
-0.195068	-0.007812	0.727295	-44.572519	16.603053	31.977099	12.904352
-0.224365	0.075928	0.606201	-52.526718	23.564885	29.862595	12.914412
-0.237793	0.130127	0.520996	-61.038168	26.221374	20.137405	12.924488
-0.245850	0.117432	0.482422	-69.854962	22.900763	14.427481	12.934913
-0.260986	0.027588	0.549805	-67.687023	16.954198	11.702290	12.945080
-0.279541	-0.090088	0.667236	-55.755725	7.183206	4.206107	12.955475
-0.266846	-0.239746	0.790283	-31.977099	-6.267176	-6.198473	12.965612
-0.272217	-0.376465	0.899658	-2.961832	-16.145038	-14.297710	12.975826
-0.272217	-0.375244	0.973389	34.137405	-25.221374	-21.801527	12.986254
-0.280518	-0.264160	1.036133	58.229008	-27.770992	-20.877863	12.996356
-0.282715	-0.208984	1.157959	83.816794	-29.732824	-19.251908	13.006430
-0.226318	-0.079346	1.193848	101.526718	-26.106870	-15.145038	13.016542
-0.198975	0.028076	1.142822	90.854962	-17.679389	-5.763359	13.026669
-0.201416	0.061035	1.111328	55.297710	-7.396947	5.992366	13.037090
-0.179199	-0.008057	1.006104	18.312977	0.862595	11.816794	13.047450
-0.174561	-0.024170	0.998779	-16.000000	6.511450	18.396947	13.057596
-0.196045	-0.068115	0.967041	-37.526718	10.175573	20.786260	13.067817
-0.179688	-0.126221	0.864014	-45.122137	12.648855	21.946565	13.077883
-0.191162	-0.181396	0.762695	-43.549618	16.106870	27.007634	13.088288
-0.211426	-0.135254	0.627197	-36.389313	19.137405	27.366412	13.098432
-0.241455	0.016113	0.529297	-37.511450	24.519084	28.000000	13.108616
-0.243652	0.188721	0.466309	-47.442748	32.083969	23.229008	13.118981
-0.289551	0.186279	0.494873	-62.351145	30.717557	19.061069	13.129061
-0.297852	0.041748	0.618652	-67.908397	18.656489	11.725191	13.139145
-0.309326	-0.106689	0.773193	-57.183206	6.122137	2.832061	13.149409
-0.286377	-0.324463	0.862305	-30.732824	-6.916031	-9.007634	13.159825
-0.273438	-0.437988	0.909424	7.793893	-18.480916	-20.572519	13.169905
-0.267822	-0.387451	0.956787	43.740458	-24.503817	-23.351145	13.180249
-0.251465	-0.270020	0.985840	74.679389	-29.091603	-23.610687	13.190190
-0.223389	-0.189453	1.064697	93.381679	-28.824427	-23.122137	13.200447
-0.210693	-0.053711	1.094482	99.908397	-22.595420	-16.427481	13.210631
-0.203369	0.043457	1.116699	83.183206	-14.282443	-7.778626	13.220605
-0.189453	0.062256	1.120361	51.816794	-6.259542	3.045802	13.230751
-0.180664	0.011963	1.083496	16.183206	0.480916	5.824427	13.240736
-0.185791	-0.034424	1.036621	-11.442748	6.061069	7.442748	13.250940
-0.189453	-0.066406	0.938477	-31.244275	12.183206	11.045802	13.261168
-0.187256	-0.092529	0.816162	-43.519084	19.427481	13.969466	13.271376
-0.198730	-0.035645	0.658691	-55.786260	25.442748	17.786260	13.281525
-0.224121	0.051758	0.562500	-67.503817	33.000000	16.198473	13.291769
-0.247070	0.122314	0.524902	-80.778626	34.519084	11.854962	13.301998
-0.266602	0.109375	0.594482	-87.114504	28.312977	7.114504	13.312170
-0.286377	-0.024414	0.683594	-78.946565	17.625954	-0.396947	13.322083
-0.270020	-0.193359	0.798096	-54.938931	3.916031	-10.389313	13.332015
-0.283447	-0.332031	0.893799	-21.076336	-9.328244	-22.488550	13.342506
-0.284424	-0.406494	0.951904	22.076336	-19.488550	-29.778626	13.352909
-0.293701	-0.294678	1.024414	56.175573	-25.893130	-33.259542	13.363055
-0.303467	-0.261475	1.120850	91.259542	-31.106870	-34.480916	13.372827
-0.269775	-0.077393	1.140625	111.442748	-29.816794	-28.709924	13.383331
-0.213867	0.042236	1.112549	110.633588	-25.145038	-15.137405	13.393534
-0.201172	0.124023	1.078125	82.908397	-16.160305	-3.374046	13.403700
-0.206543	0.096924	1.045654	48.305344	-8.274809	3.419847	13.413746
-0.196533	0.051270	1.011719	11.618321	-1.229008	8.610687	13.423604
-0.199707	0.007568	0.987793	-17.259542	2.763359	13.572519	13.433525
-0.201172	-0.020508	0.943848	-33.748092	6.473282	17.816794	13.444119
-0.187012	0.000488	0.843262	-41.122137	12.519084	19.374046	13.455355
-0.190674	0.113037	0.768311	-58.045802	20.129771	23.404580	13.465737
-0.201904	0.109131	0.699463	-68.862595	22.824427	23.816794	13.475618
-0.217041	0.055664	0.613770	-68.534351	21.114504	16.893130	13.486025
-0.210693	-0.019043	0.562256	-62.931298	21.473282	11.923664	13.496709
-0.228027	-0.089111	0.574463	-53.526718	15.015267	9.412214	13.506908
-0.229492	-0.127686	0.655029	-41.633588	7.480916	4.641221	13.516938
-0.227295	-0.185059	0.735352	-28.763359	0.099237	1.656489	13.527005
-0.217529	-0.263916	0.795898	-8.839695	-9.755725	-5.122137	13.537368
-0.217529	-0.297119	0.831299	11.816794	-14.236641	-11.511450	13.547851
-0.209473	-0.275879	0.869141	32.045802	-16.916031	-15.167939	13.557673
-0.223389	-0.208740	0.924561	44.595420	-16.458015	-15.748092	13.568079
-0.220947	-0.143799	0.969971	54.595420	-15.748092	-15.366412	13.578228
-0.218994	-0.092041	0.978271	59.503817	-13.145038	-13.816794	13.588151
-0.209229	-0.051025	0.968994	53.603053	-9.038168	-9.954198	13.598508
-0.202881	-0.003174	0.962158	38.297710	-3.290076	-4.305344	13.608613
-0.195801	-0.008301	0.943604	17.709924	2.083969	0.519084	13.618949
-0.202881	-0.032715	0.947754	0.442748	7.343511	3.122137	13.629102
-0.210693	-0.045898	0.941895	-11.564885	11.282443	4.839695	13.639020
-0.229492	-0.047852	0.884521	-20.709924	14.519084	7.740458	13.649642
-0.221924	-0.029785	0.827637	-26.152672	17.236641	8.610687	13.659675
-0.211670	0.021729	0.786621	-32.679389	18.442748	9.862595	13.669813
-0.220215	0.041748	0.785889	-40.083969	19.702290	9.748092	13.679867
-0.235107	0.043945	0.790527	-49.389313	20.427481	8.244275	13.689922
-0.249512	-0.014404	0.799561	-54.557252	19.358779	7.244275	13.700332
-0.267578	-0.094482	0.811768	-51.488550	14.847328	3.610687	13.710699
-0.267822	-0.133545	0.812012	-41.740458	10.625954	0.534351	13.720740
-0.270264	-0.162354	0.827881	-27.931298	7.770992	-3.603053	13.730689
-0.286133	-0.147705	0.829346	-15.450382	1.458015	-6.465649	13.740534
-0.276123	-0.131348	0.891113	-1.694656	-4.603053	-8.167939	13.751022
-0.285156	-0.154297	0.966309	7.992366	-11.358779	-11.152672	13.761322
-0.297119	-0.209717	1.008545	18.748092	-16.679389	-14.053435	13.771881
-0.291260	-0.243408	1.032959	32.732824	-20.198473	-15.923664	13.781723
-0.270752	-0.245117	1.075684	47.618321	-21.931298	-16.137405	13.792021
-0.249023	-0.213623	1.099854	61.885496	-23.946565	-15.572519	13.802121
-0.229004	-0.152100	1.133301	67.381679	-22.229008	-12.564885	13.812214
-0.196777	-0.073730	1.096191	59.259542	-16.679389	-7.580153	13.822511
-0.184570	-0.054443	1.052734	46.854962	-10.282443	-3.610687	13.832328
-0.175293	-0.119141	0.976074	30.778626	-5.977099	-0.801527	13.842420
-0.189209	-0.178467	0.953125	17.732824	-4.099237	3.251908	13.852705
-0.199219	-0.167969	0.935303	15.801527	-3.259542	6.213740	13.862825
-0.209961	-0.154541	0.844482	14.954198	-0.076336	6.328244	13.873026
-0.193115	-0.107666	0.761230	9.076336	1.282443	7.717557	13.882915
-0.200684	-0.054932	0.696045	-0.511450	5.167939	9.580153	13.893258
-0.198486	-0.031982	0.589355	-0.198473	10.229008	7.297710	13.903457
-0.188477	0.025879	0.457764	13.015267	16.022901	-0.984733	13.913663
-0.183838	0.133545	0.420654	10.709924	16.167939	-5.007634	13.923820
