-0.143066	-0.266846	-0.747070	22.076336	-45.007634	32.564885	0.001600
-0.171387	-0.223145	-0.810059	6.496183	-23.587786	-37.083969	0.014149
-0.156250	-0.177734	-0.801025	-28.114504	-8.229008	-51.809160	0.025832
-0.146240	0.026367	-0.737305	-32.679389	0.083969	-96.832061	0.037664
-0.202148	0.188477	-0.693848	-50.137405	13.335878	-124.312977	0.049263
-0.203857	0.458496	-0.579590	-71.763359	33.702290	-159.244275	0.060848
-0.148682	0.746826	-0.564453	-112.129771	46.465649	-156.938931	0.072303
-0.005371	1.350586	-0.502441	-117.190840	66.656489	-174.099237	0.084030
0.122559	1.864746	-0.376221	-129.427481	62.022901	-131.534351	0.095814
0.252197	1.999939	-0.239014	-107.312977	35.541985	-74.923664	0.107188
0.230469	1.999939	-0.294434	-74.427481	3.244275	-12.099237	0.118714
0.164307	1.883789	-0.446045	-38.923664	-11.358779	37.213740	0.130471
0.131836	1.734863	-0.420654	1.885496	-22.114504	72.793893	0.142024
0.118164	1.515137	-0.383301	39.748092	-32.022901	97.091603	0.153743
0.046143	1.353760	-0.468262	70.442748	-37.534351	106.381679	0.165289
0.129150	1.171875	-0.441406	90.603053	-36.137405	129.251908	0.176876
0.110107	0.865723	-0.422119	100.709924	-41.206107	150.358779	0.188591
-0.014648	0.589111	-0.477783	98.152672	-54.618321	162.358779	0.201053
0.006104	0.285156	-0.437500	121.236641	-60.580153	136.755725	0.212552
-0.158691	-0.322021	-0.570312	106.580153	-76.877863	97.877863	0.228136
-0.236572	-0.550293	-0.762939	81.625954	-52.244275	21.687023	0.239833
-0.226562	-0.453613	-0.787598	21.748092	-18.908397	-59.206107	0.251334
-0.137939	-0.172852	-0.676025	-24.687023	-3.770992	-82.435115	0.262888
-0.174805	0.093506	-0.698975	-43.702290	12.618321	-138.122137	0.274603
-0.191895	0.516602	-0.717041	-66.251908	35.916031	-175.251908	0.286097
-0.078125	0.884277	-0.794189	-94.923664	68.244275	-174.068702	0.297577
0.046143	1.373291	-0.580811	-112.519084	78.106870	-139.328244	0.309165
0.226562	1.996826	-0.413086	-84.900763	71.488550	-126.076336	0.321190
0.239502	1.999939	-0.319336	-67.572519	33.122137	-43.328244	0.332794
0.197510	1.990723	-0.468018	-43.679389	-0.267176	18.503817	0.344345
0.113037	1.793701	-0.562988	-15.435115	-6.755725	61.335878	0.356034
0.073975	1.671387	-0.561768	14.488550	-9.587786	93.603053	0.367495
0.040771	1.468750	-0.552490	41.335878	-10.030534	118.435115	0.379154
0.097656	1.236816	-0.519531	57.862595	-10.954198	130.045802	0.390469
0.122559	1.058594	-0.478271	77.190840	-16.496183	149.206107	0.401958
0.108398	0.658203	-0.494141	91.007634	-39.358779	165.679389	0.413686
-0.002197	0.261475	-0.604248	101.099237	-51.442748	148.648855	0.425680
-0.058350	-0.156494	-0.560303	116.549618	-50.633588	108.129771	0.437371
-0.097412	-0.429688	-0.665283	84.259542	-48.160305	61.709924	0.449029
-0.134521	-0.441650	-0.749512	58.748092	-24.412214	-17.587786	0.460606
-0.132812	-0.308350	-0.768311	17.137405	-0.816794	-78.625954	0.472016
-0.110840	0.010010	-0.741943	-30.007634	9.206107	-109.396947	0.483780
-0.138672	0.375732	-0.703369	-45.442748	31.053435	-147.648855	0.495274
-0.087646	0.672363	-0.719482	-65.824427	46.786260	-159.641221	0.506744
0.033691	1.133545	-0.676025	-105.022901	67.083969	-138.564885	0.518254
0.116211	1.593018	-0.460205	-74.816794	66.870229	-142.870229	0.529942
0.160645	1.880859	-0.408936	-72.748092	39.618321	-86.145038	0.541530
0.182129	1.961670	-0.462646	-52.213740	19.022901	-32.435115	0.553112
0.157959	1.915527	-0.517334	-30.030534	6.435115	21.809160	0.564732
0.133057	1.751221	-0.568848	-7.625954	3.145038	64.671756	0.576306
0.122070	1.544922	-0.537598	19.129771	0.633588	102.389313	0.587837
0.155518	1.256836	-0.514648	43.580153	-7.442748	128.877863	0.599304
0.135254	0.912842	-0.560791	69.358779	-20.000000	138.541985	0.610840
0.079346	0.552734	-0.526611	82.770992	-33.129771	139.671756	0.622308
0.034180	0.022461	-0.562012	106.068702	-57.366412	112.946565	0.634031
-0.104248	-0.444580	-0.590088	100.984733	-43.038168	58.274809	0.645433
-0.135498	-0.608398	-0.608398	66.450382	-24.152672	-22.862595	0.656979
-0.118652	-0.334961	-0.579590	21.244275	-11.679389	-93.221374	0.668553
-0.045654	-0.059814	-0.600586	-20.091603	-16.328244	-123.748092	0.680218
-0.122559	0.280029	-0.789551	-33.541985	-9.496183	-136.954198	0.692540
-0.166748	0.556885	-0.807861	-40.442748	15.122137	-160.938931	0.704724
-0.112793	0.939697	-0.787842	-60.190840	36.923664	-159.122137	0.716555
0.001709	1.329102	-0.658447	-72.496183	54.290076	-156.160305	0.728294
0.122314	1.807373	-0.522949	-75.679389	47.358779	-118.977099	0.739637
0.160156	1.999939	-0.492676	-62.694656	25.374046	-53.603053	0.751278
0.114502	1.989990	-0.546875	-40.137405	5.694656	10.519084	0.762746
0.075439	1.782471	-0.604980	-19.114504	2.526718	56.793893	0.774503
0.104736	1.655273	-0.583740	-3.809160	0.259542	95.366412	0.786145
0.148438	1.341309	-0.622559	27.328244	-7.519084	127.358779	0.797530
0.159912	0.945801	-0.637207	61.961832	-26.030534	154.450382	0.809174
0.064697	0.434814	-0.678223	82.412214	-44.053435	146.564885	0.821165
-0.063721	0.040039	-0.698242	93.488550	-37.984733	113.129771	0.832970
-0.211426	-0.254639	-0.753662	69.809160	-16.946565	62.099237	0.844354
-0.127441	-0.391846	-0.655518	34.610687	1.137405	-10.992366	0.856069
-0.033203	-0.109863	-0.552002	0.748092	4.587786	-66.335878	0.867528
0.007324	0.091309	-0.621094	-22.091603	-2.488550	-94.320611	0.879314
-0.039307	0.322510	-0.699707	-27.458015	-2.328244	-114.465649	0.890823
-0.101074	0.511963	-0.784424	-33.748092	10.793893	-126.862595	0.902448
-0.124756	0.757812	-0.776123	-46.671756	28.000000	-144.320611	0.913938
-0.042480	1.187256	-0.742920	-60.091603	45.969466	-144.137405	0.925722
0.054443	1.558594	-0.664795	-65.992366	49.282443	-114.839695	0.937045
0.094727	1.815918	-0.583252	-52.977099	36.381679	-67.664122	0.948382
0.088623	1.849609	-0.568359	-36.137405	20.923664	-14.656489	0.959906
0.032471	1.750732	-0.584961	-27.259542	9.992366	29.114504	0.971510
0.002197	1.633301	-0.602539	-12.572519	6.870229	60.687023	0.983767
0.024414	1.508789	-0.613525	4.198473	3.961832	90.709924	0.995175
0.069092	1.302490	-0.612305	19.709924	1.259542	117.717557	1.007433
0.079102	0.978516	-0.590088	40.511450	-12.656489	143.221374	1.019632
0.072998	0.531250	-0.631348	66.633588	-25.618321	145.259542	1.031470
-0.047363	0.152588	-0.685303	77.587786	-33.221374	116.122137	1.043002
-0.331299	-0.050537	-0.734863	55.312977	-21.977099	85.175573	1.054410
-0.117432	-0.244873	-0.587158	47.061069	-6.282443	17.618321	1.066022
-0.079834	-0.128906	-0.572998	16.694656	-0.572519	-27.389313	1.077770
-0.058838	0.058838	-0.597168	2.267176	-4.358779	-66.770992	1.089332
-0.033447	0.162354	-0.640381	-9.870229	-6.404580	-88.236641	1.100762
-0.070312	0.368164	-0.692383	-16.801527	-3.854962	-111.862595	1.112143
-0.072510	0.638184	-0.738281	-32.725191	10.061069	-119.282443	1.123928
-0.047363	1.010254	-0.742188	-45.335878	25.847328	-122.114504	1.135766
0.025879	1.317139	-0.670410	-56.877863	32.786260	-103.618321	1.147250
0.108643	1.628906	-0.610596	-67.244275	32.274809	-70.251908	1.158950
0.133545	1.803711	-0.508301	-57.030534	16.526718	-21.351145	1.170397
0.084229	1.743408	-0.610840	-43.496183	2.114504	30.526718	1.182167
0.076416	1.613037	-0.654053	-29.412214	2.297710	63.396947	1.193771
0.088867	1.507080	-0.627197	-16.656489	1.152672	94.786260	1.205321
0.154541	1.274170	-0.628662	10.259542	-4.503817	119.389313	1.216829
0.149658	0.931152	-0.645264	35.022901	-16.404580	141.083969	1.228583
0.129395	0.610596	-0.644043	51.938931	-29.351145	136.053435	1.240032
0.038330	0.312256	-0.651611	61.183206	-31.351145	124.786260	1.251466
0.004150	-0.038086	-0.683350	62.404580	-12.748092	82.572519	1.263124
-0.073242	-0.197754	-0.629639	30.480916	-16.427481	36.969466	1.274911
-0.020752	-0.153564	-0.598877	7.083969	-7.908397	-24.022901	1.286473
0.004150	0.062500	-0.632324	-9.343511	-13.442748	-64.435115	1.298033
-0.008545	0.263428	-0.733887	-18.511450	-12.015267	-88.839695	1.308991
-0.016602	0.452148	-0.798340	-22.083969	-2.396947	-110.244275	1.319940
-0.024658	0.731445	-0.818848	-33.732824	17.893130	-118.442748	1.331610
0.046875	1.096191	-0.741699	-45.564885	36.992366	-115.519084	1.343674
0.111816	1.452148	-0.673340	-56.465649	37.305344	-86.923664	1.355426
0.165039	1.645508	-0.602295	-58.198473	27.412214	-43.801527	1.367217
0.141846	1.725098	-0.592773	-52.778626	13.122137	6.992366	1.379733
0.117676	1.632568	-0.636963	-34.732824	4.366412	49.801527	1.391729
0.090576	1.495117	-0.658691	-15.893130	3.267176	78.221374	1.403760
0.141602	1.314941	-0.633301	-2.335878	-0.099237	107.633588	1.415726
0.148926	1.080811	-0.662598	20.824427	-8.374046	131.854962	1.427646
-0.006348	0.638184	-0.593750	37.687023	-21.045802	143.511450	1.439211
0.000732	0.137939	-0.639893	59.274809	-36.511450	122.236641	1.450812
-0.281982	-0.205566	-0.767334	67.244275	-26.137405	78.839695	1.462367
-0.237305	-0.404053	-0.857666	45.885496	-11.862595	6.167939	1.474193
-0.118408	-0.189697	-0.709961	40.687023	4.931298	-68.007634	1.485731
-0.133301	0.029541	-0.732910	11.916031	9.328244	-92.862595	1.497466
-0.088623	0.217529	-0.703125	3.847328	20.022901	-115.290076	1.508981
-0.042725	0.458496	-0.629395	-16.961832	24.770992	-123.328244	1.520231
-0.019775	0.733154	-0.585938	-35.694656	28.641221	-127.343511	1.532014
-0.006104	0.999512	-0.547363	-54.167939	34.091603	-129.809160	1.543306
0.064453	1.321777	-0.475098	-65.893130	30.633588	-122.961832	1.555004
0.103516	1.632812	-0.432373	-70.312977	18.793893	-87.229008	1.566571
0.131348	1.798584	-0.461914	-61.282443	5.961832	-50.122137	1.578367
0.121094	1.891357	-0.557373	-42.007634	-0.778626	-2.717557	1.589916
0.134521	1.797607	-0.603027	-17.961832	-0.503817	42.526718	1.601414
0.181641	1.635742	-0.581543	-0.396947	-1.007634	79.977099	1.612916
0.244141	1.405762	-0.544434	15.274809	-8.534351	117.671756	1.624492
0.205078	1.069580	-0.617188	39.183206	-25.503817	156.717557	1.636066
0.126953	0.551270	-0.572510	66.328244	-48.305344	167.648855	1.647562
-0.130127	-0.019043	-0.689697	140.343511	-69.931298	129.633588	1.659400
-0.207520	-0.405029	-0.704102	185.068702	-54.465649	48.587786	1.671441
-0.283447	-0.481934	-0.822266	86.977099	-19.389313	-24.366412	1.683929
-0.122559	-0.128174	-0.677002	57.984733	7.137405	-79.343511	1.695384
-0.036133	0.114990	-0.634521	39.305344	4.335878	-95.328244	1.706967
-0.047119	0.136963	-0.676758	24.885496	-0.442748	-109.687023	1.718323
-0.087158	0.203369	-0.703125	-3.267176	6.320611	-129.282443	1.730081
-0.135986	0.457764	-0.659912	-41.740458	11.908397	-150.419847	1.741703
-0.098145	0.864990	-0.684570	-72.885496	19.854962	-159.854962	1.753108
-0.016846	1.381348	-0.701904	-91.083969	26.022901	-147.320611	1.764516
0.077148	1.740967	-0.693359	-94.053435	24.183206	-113.038168	1.776408
0.101318	1.891113	-0.689209	-90.625954	16.503817	-57.992366	1.787994
0.101562	1.948242	-0.694824	-70.862595	10.916031	-8.755725	1.799562
0.132812	1.898682	-0.682129	-50.480916	7.282443	38.877863	1.811085
0.166992	1.777832	-0.690430	-13.274809	-2.213740	82.740458	1.823016
0.144531	1.492676	-0.747314	22.541985	-4.366412	122.534351	1.835035
0.124756	1.085449	-0.632080	44.725191	-16.167939	154.022901	1.846451
0.047852	0.608154	-0.587646	61.877863	-31.664122	162.709924	1.858097
-0.580811	0.770996	-0.719238	127.938931	17.832061	152.244275	1.869429
-0.226562	-0.255615	-0.646973	60.801527	-40.633588	103.030534	1.881311
-0.204346	-0.285889	-0.720703	45.748092	-24.877863	28.847328	1.892869
-0.085205	-0.248291	-0.623291	16.259542	-11.328244	-22.694656	1.904432
-0.072754	-0.000977	-0.730469	-8.015267	-12.816794	-45.076336	1.915916
-0.060791	0.093994	-0.719971	-16.320611	-3.404580	-72.671756	1.928046
-0.067383	0.254150	-0.732910	-32.259542	-4.030534	-94.106870	1.939433
-0.086426	0.539795	-0.740967	-43.244275	7.167939	-108.213740	1.950928
-0.068604	0.860352	-0.713379	-56.419847	15.351145	-112.679389	1.962460
-0.049072	1.128174	-0.698730	-66.893130	20.221374	-104.190840	1.974308
-0.011719	1.401123	-0.679199	-72.083969	25.396947	-88.221374	1.985909
0.038574	1.643555	-0.650635	-63.312977	22.175573	-59.557252	1.997561
0.085693	1.761719	-0.638916	-46.564885	15.175573	-22.801527	2.009081
0.113281	1.796875	-0.635742	-23.679389	6.389313	17.099237	2.020619
0.134277	1.727539	-0.665771	3.687023	-1.862595	60.717557	2.032357
-0.115723	1.452148	-0.738525	42.801527	12.328244	110.152672	2.044151
0.052002	1.062988	-0.602051	50.534351	-16.213740	137.106870	2.055840
-0.014160	0.587646	-0.632568	70.358779	-31.267176	136.152672	2.067532
-0.108154	0.235352	-0.638672	79.526718	-31.664122	106.297710	2.080005
-0.103271	0.034912	-0.666992	73.816794	-28.053435	65.435115	2.091647
-0.097412	-0.079346	-0.675537	64.549618	-23.267176	26.396947	2.103555
-0.120850	-0.058105	-0.681396	47.984733	-20.419847	-12.900763	2.115173
-0.074707	0.021729	-0.684082	27.061069	-20.908397	-40.381679	2.126925
-0.129639	0.118896	-0.770264	5.473282	-19.801527	-60.572519	2.138294
-0.130859	0.282471	-0.813965	-21.946565	-8.587786	-80.633588	2.149842
-0.126221	0.574951	-0.809326	-41.053435	5.931298	-95.450382	2.161339
-0.103516	0.903809	-0.818604	-57.259542	20.580153	-95.427481	2.172840
-0.018066	1.163330	-0.775879	-69.030534	29.091603	-90.816794	2.184871
0.091064	1.469971	-0.700195	-70.709924	31.938931	-65.618321	2.198519
0.111816	1.682129	-0.611084	-63.816794	19.809160	-25.900763	2.211311
0.180908	1.716797	-0.662842	-51.488550	9.160305	13.152672	2.222278
0.143555	1.669434	-0.677979	-33.061069	7.389313	51.061069	2.233710
0.131348	1.541016	-0.675781	-18.809160	4.114504	88.847328	2.245459
0.139160	1.375977	-0.714355	0.473282	3.053435	121.129771	2.256909
0.131348	1.032959	-0.743652	29.381679	-2.847328	147.419847	2.268477
0.060547	0.549561	-0.780029	51.175573	2.580153	151.603053	2.280030
-0.013672	0.164795	-0.713379	57.816794	4.740458	125.633588	2.291967
-0.114990	-0.206299	-0.643799	52.145038	14.137405	89.038168	2.303436
-0.075684	-0.450195	-0.572510	32.122137	13.343511	32.351145	2.315230
-0.022705	-0.299316	-0.583496	2.557252	6.519084	-28.083969	2.326761
-0.004883	-0.046875	-0.667480	-15.816794	-1.893130	-60.694656	2.338453
-0.038574	0.224365	-0.752686	-25.244275	-4.236641	-85.450382	2.349949
-0.026855	0.339355	-0.747803	-32.312977	-2.320611	-94.374046	2.361475
-0.089844	0.515381	-0.784424	-38.473282	3.282443	-103.961832	2.373034
-0.104980	0.766113	-0.751953	-45.625954	19.259542	-111.358779	2.384861
0.009766	1.111816	-0.647949	-54.000000	29.198473	-111.671756	2.396140
0.065918	1.513184	-0.592529	-52.679389	28.824427	-92.656489	2.407649
0.169678	1.736816	-0.544922	-43.908397	17.694656	-58.091603	2.419457
0.180420	1.897461	-0.551025	-33.175573	8.083969	-16.893130	2.431269
0.177490	1.917969	-0.581299	-21.496183	1.068702	32.053435	2.442733
0.151123	1.785400	-0.611572	-9.007634	-2.839695	72.396947	2.454249
0.134033	1.586182	-0.636230	4.061069	-5.206107	114.045802	2.465962
0.101562	1.409424	-0.630371	20.847328	-9.442748	139.625954	2.477638
0.129883	0.874023	-0.609619	32.404580	-20.687023	163.007634	2.489224
0.044434	0.386719	-0.657959	44.679389	-29.145038	146.702290	2.500814
-0.042236	-0.117920	-0.652832	49.297710	-34.465649	125.396947	2.512404
-0.096924	-0.518311	-0.680176	37.366412	-36.198473	81.961832	2.523928
-0.118164	-0.582031	-0.758057	12.992366	-22.206107	4.549618	2.535459
-0.073486	-0.289795	-0.759033	-17.755725	-9.007634	-45.847328	2.546901
-0.077637	0.017334	-0.825195	-27.175573	-9.725191	-76.404580	2.558526
-0.066650	0.199707	-0.856445	-29.114504	1.083969	-97.183206	2.570311
-0.060303	0.391357	-0.810791	-37.419847	10.007634	-109.832061	2.581878
-0.056885	0.735352	-0.788574	-43.343511	26.770992	-124.557252	2.593504
0.027832	1.153809	-0.705811	-50.083969	39.709924	-121.091603	2.605259
0.090576	1.526611	-0.625488	-51.801527	43.885496	-98.129771	2.616779
0.174805	1.815430	-0.527344	-50.580153	37.709924	-56.755725	2.628589
0.240723	1.999939	-0.517334	-38.847328	20.740458	-2.977099	2.639816
0.222656	1.935059	-0.552490	-17.595420	3.251908	53.282443	2.651285
0.158203	1.669434	-0.625000	7.770992	-0.015267	95.160305	2.662999
0.177002	1.540771	-0.615234	25.633588	-1.541985	130.778626	2.674780
0.138428	1.234619	-0.594971	49.931298	-14.122137	173.305344	2.685998
0.056641	0.533936	-0.561523	81.259542	-24.572519	175.916031	2.697491
-0.080811	-0.070801	-0.627686	83.664122	-31.343511	151.793893	2.709208
-0.034912	-0.284180	-0.576660	96.198473	-20.709924	73.267176	2.720689
-0.041016	-0.354492	-0.725586	51.618321	-15.526718	28.687023	2.732400
0.031006	-0.045898	-0.726807	20.480916	-1.572519	-7.832061	2.744225
0.037354	-0.003418	-0.719238	11.106870	-7.167939	-30.748092	2.755951
-0.030518	0.030762	-0.818359	-5.984733	-4.229008	-54.564885	2.768182
-0.054443	0.190918	-0.833496	-20.503817	5.221374	-82.061069	2.779912
-0.082275	0.453125	-0.822510	-37.839695	19.671756	-104.740458	2.791672
-0.054688	0.804199	-0.754150	-52.870229	34.717557	-123.679389	2.803644
0.015381	1.266113	-0.704102	-66.557252	43.992366	-121.969466	2.815169
0.134766	1.623779	-0.573242	-66.694656	34.732824	-95.282443	2.826822
0.149902	1.771240	-0.534668	-52.412214	24.625954	-51.534351	2.838392
0.164795	1.790283	-0.533203	-41.992366	10.480916	-14.381679	2.849704
0.169189	1.721191	-0.585449	-30.442748	3.015267	23.877863	2.861144
0.192871	1.603027	-0.634033	-16.816794	-0.221374	55.282443	2.872567
0.162842	1.469727	-0.669678	4.167939	-1.603053	86.992366	2.884154
0.135254	1.228271	-0.664307	22.572519	-9.381679	111.625954	2.895806
0.103271	0.814453	-0.657959	39.335878	-15.580153	121.160305	2.907273
0.094238	0.499023	-0.620361	43.740458	-24.320611	114.679389	2.918891
-0.003906	0.096436	-0.648926	50.732824	-26.618321	86.961832	2.930615
-0.058838	-0.235596	-0.653564	39.419847	-23.137405	42.206107	2.941833
-0.044678	-0.244629	-0.674805	14.511450	-11.786260	-14.465649	2.953368
-0.001221	0.032715	-0.702881	-11.167939	-9.236641	-49.091603	2.965525
0.000732	0.190186	-0.791016	-16.526718	-6.786260	-66.076336	2.977449
-0.006104	0.295898	-0.791016	-30.114504	0.839695	-78.236641	2.988974
-0.018311	0.398193	-0.718506	-41.732824	7.038168	-94.122137	3.000476
-0.036377	0.674072	-0.735596	-50.061069	16.366412	-116.259542	3.011942
0.024170	1.118652	-0.719482	-57.793893	30.137405	-120.083969	3.023715
0.121094	1.485107	-0.650635	-55.862595	34.503817	-95.190840	3.035426
0.197021	1.678711	-0.576172	-51.679389	24.511450	-55.190840	3.046987
0.218994	1.784668	-0.560303	-42.618321	14.969466	-10.206107	3.058308
0.239258	1.718750	-0.525879	-30.106870	5.351145	36.396947	3.069926
0.201904	1.619385	-0.589844	-23.419847	0.145038	72.725191	3.081638
0.249268	1.469727	-0.580811	-6.083969	-6.236641	112.458015	3.092986
0.230469	1.240479	-0.569336	23.305344	-20.335878	133.938931	3.104707
0.164551	0.765869	-0.608398	41.320611	-34.923664	157.763359	3.116321
0.075439	0.371338	-0.564941	55.374046	-44.312977	154.106870	3.127770
-0.060547	-0.100342	-0.608643	61.847328	-49.725191	117.435115	3.139584
-0.096191	-0.291748	-0.586182	63.763359	-37.259542	56.496183	3.151003
-0.150879	-0.577148	-0.686035	31.061069	-26.374046	-2.763359	3.162459
-0.075195	-0.223877	-0.677002	-6.938931	-14.274809	-59.480916	3.174398
-0.090332	0.058838	-0.748779	-18.198473	-10.160305	-87.435115	3.185949
-0.051025	0.270996	-0.820312	-22.396947	-0.847328	-104.427481	3.197306
-0.071777	0.489502	-0.840820	-21.839695	10.000000	-113.961832	3.208980
-0.021973	0.652100	-0.775391	-32.740458	18.320611	-114.274809	3.220414
-0.025879	0.820801	-0.733887	-32.763359	30.145038	-123.702290	3.231995
0.004639	1.123291	-0.657227	-38.000000	37.793893	-127.694656	3.243403
0.084961	1.509521	-0.590088	-44.015267	36.320611	-113.961832	3.255169
0.162354	1.752441	-0.596436	-38.877863	25.961832	-76.549618	3.266789
0.213867	1.892578	-0.580322	-29.221374	17.465649	-32.229008	3.278444
0.227783	1.934326	-0.574707	-15.984733	7.580153	16.045802	3.289845
0.440186	1.632324	-0.520996	6.465649	6.137405	74.221374	3.301097
0.188721	1.591797	-0.614014	10.580153	-0.992366	94.221374	3.312957
0.181885	1.477539	-0.598145	32.297710	-6.748092	125.809160	3.324852
0.166260	1.126221	-0.626953	38.687023	-19.786260	155.580153	3.336384
0.148193	0.593994	-0.573730	47.496183	-34.725191	171.137405	3.347779
-0.057129	0.168457	-0.614990	59.458015	-44.412214	148.038168	3.359289
-0.091064	-0.298584	-0.622070	56.007634	-39.297710	103.519084	3.370696
-0.105713	-0.499512	-0.685547	25.381679	-32.572519	35.694656	3.382455
-0.053955	-0.294922	-0.735352	2.503817	-13.320611	-28.687023	3.394032
-0.048828	-0.040527	-0.730713	-17.954198	-15.885496	-56.595420	3.405697
-0.050781	0.095947	-0.797852	-26.229008	-12.114504	-78.190840	3.417461
-0.033203	0.327637	-0.819092	-34.877863	-0.198473	-98.816794	3.429786
-0.001221	0.487061	-0.770264	-39.435115	9.770992	-110.404580	3.441862
-0.036865	0.682861	-0.750732	-40.557252	19.000000	-121.267176	3.454054
-0.063721	0.921631	-0.737549	-49.152672	28.297710	-124.992366	3.465970
-0.003906	1.230469	-0.683594	-55.106870	38.877863	-121.847328	3.477877
0.080322	1.553955	-0.595459	-56.717557	39.480916	-107.167939	3.489679
0.150879	1.808350	-0.533936	-48.541985	32.236641	-70.625954	3.501480
0.211182	1.962646	-0.477539	-35.969466	18.641221	-25.374046	3.513064
0.215332	1.973633	-0.487061	-24.992366	2.717557	29.931298	3.524858
0.186523	1.820312	-0.538086	-13.312977	-6.267176	80.465649	3.536450
0.212646	1.569336	-0.595703	10.244275	-7.931298	124.977099	3.548321
0.179443	1.299805	-0.564453	29.854962	-23.900763	153.610687	3.559782
0.143555	0.877686	-0.595459	50.656489	-38.618321	176.137405	3.571099
0.008301	0.318604	-0.593262	66.618321	-55.534351	177.786260	3.582955
-0.117188	-0.207520	-0.629150	76.671756	-57.908397	132.183206	3.594523
-0.174561	-0.385010	-0.674316	64.458015	-42.335878	75.282443	3.605880
-0.123535	-0.431396	-0.700195	28.167939	-32.854962	13.290076	3.617587
-0.109131	-0.192383	-0.751221	0.847328	-22.274809	-40.549618	3.629429
-0.081055	0.046387	-0.794678	-24.305344	-14.282443	-66.603053	3.641668
-0.064941	0.262451	-0.839111	-37.114504	-1.068702	-87.122137	3.653181
-0.058350	0.444580	-0.822021	-46.519084	11.129771	-98.328244	3.664539
-0.072754	0.606934	-0.806641	-56.458015	25.152672	-111.931298	3.676145
-0.072998	0.908691	-0.786621	-71.793893	41.648855	-126.961832	3.688236
0.035400	1.265381	-0.649658	-85.183206	55.488550	-128.625954	3.700057
0.156250	1.675781	-0.525391	-85.725191	53.374046	-106.343511	3.711419
0.257812	1.999939	-0.442627	-68.122137	34.839695	-55.480916	3.722950
0.286865	1.999939	-0.453125	-48.610687	12.412214	5.030534	3.734723
0.223389	1.882080	-0.514648	-25.106870	0.335878	55.374046	3.746222
0.179932	1.694092	-0.569336	-6.595420	-4.038168	94.786260	3.757832
0.189697	1.623291	-0.552002	14.908397	-12.396947	130.648855	3.768347
0.214600	1.263916	-0.564697	41.839695	-27.213740	167.717557	3.779045
0.140381	0.777832	-0.536621	66.419847	-43.870229	174.541985	3.788948
0.032715	0.229248	-0.546631	77.755725	-56.870229	169.282443	3.799162
-0.070801	-0.313965	-0.619873	89.717557	-53.534351	133.511450	3.809091
-0.146973	-0.644043	-0.684082	67.190840	-46.854962	75.870229	3.819043
-0.169678	-0.612061	-0.748779	36.206107	-23.167939	11.458015	3.829417
-0.096191	-0.342041	-0.705078	2.992366	-10.412214	-35.641221	3.839548
-0.075439	-0.114990	-0.770996	-14.824427	-9.091603	-63.618321	3.849538
-0.085449	-0.033203	-0.802490	-29.961832	-3.045802	-81.625954	3.859495
-0.102295	0.145508	-0.829590	-33.824427	6.541985	-102.083969	3.869508
-0.091797	0.365479	-0.807373	-44.770992	15.290076	-117.572519	3.879572
-0.066650	0.594971	-0.784424	-45.480916	29.129771	-131.839695	3.889805
-0.055908	0.863037	-0.717773	-51.809160	38.694656	-133.603053	3.899986
-0.021973	1.082031	-0.633545	-53.213740	44.862595	-134.267176	3.909974
0.033447	1.346680	-0.546387	-53.839695	47.259542	-127.595420	3.920045
0.100098	1.681396	-0.492432	-51.770992	42.229008	-108.534351	3.929984
0.168457	1.896729	-0.461182	-45.450382	30.297710	-71.526718	3.940480
0.206299	1.999939	-0.429199	-31.206107	16.229008	-33.091603	3.950333
0.200684	1.999939	-0.448486	-15.030534	2.969466	14.267176	3.960503
0.177002	1.877686	-0.490234	-5.183206	-5.015267	58.633588	3.970506
0.155762	1.719238	-0.513672	7.633588	-9.938931	92.206107	3.980386
0.127930	1.587891	-0.535156	19.732824	-16.251908	120.038168	3.990666
0.146729	1.409668	-0.529053	29.251908	-27.129771	149.503817	4.000860
0.154053	1.116211	-0.586670	40.259542	-37.877863	173.137405	4.011025
0.084961	0.784912	-0.549316	27.290076	-58.259542	178.854962	4.020903
0.094971	0.555908	-0.543945	66.068702	-56.007634	178.061069	4.030963
-0.038330	0.205811	-0.603271	81.954198	-66.717557	162.099237	4.041382
-0.145996	-0.278564	-0.656982	73.290076	-78.106870	132.007634	4.051364
-0.135986	-0.383301	-0.565430	115.396947	-76.961832	40.877863	4.061469
-0.139893	-0.521240	-0.702393	43.587786	-75.671756	13.450382	4.071461
-0.130615	-0.419678	-0.679199	18.618321	-71.603053	-46.343511	4.081554
-0.196533	-0.070312	-0.778809	-5.190840	-65.244275	-92.022901	4.092659
-0.206543	0.256348	-0.934570	-25.229008	-31.114504	-95.015267	4.102727
-0.149414	0.306396	-0.864990	-36.259542	-9.664122	-103.328244	4.112740
-0.117920	0.399658	-0.820312	-44.328244	11.129771	-119.557252	4.122706
-0.110352	0.653076	-0.779541	-57.259542	23.916031	-127.740458	4.133065
-0.049316	0.872314	-0.728271	-67.335878	32.061069	-135.916031	4.143554
-0.034912	1.152832	-0.674561	-73.870229	35.488550	-128.068702	4.153898
0.006836	1.372803	-0.642578	-71.442748	40.793893	-113.259542	4.163879
0.072510	1.573730	-0.581055	-67.442748	41.931298	-92.198473	4.173769
0.149414	1.763672	-0.523193	-55.251908	31.931298	-62.167939	4.183910
0.170898	1.855225	-0.573730	-36.305344	18.748092	-17.366412	4.194166
0.184814	1.748535	-0.613770	-13.106870	15.587786	37.854962	4.206485
0.172363	1.607910	-0.557373	2.893130	7.297710	73.251908	4.216511
0.169922	1.430420	-0.601562	24.725191	-0.664122	100.137405	4.226398
0.338135	1.026367	-0.452637	34.786260	-7.916031	123.664122	4.236977
0.142822	0.910400	-0.597168	50.450382	-8.022901	140.908397	4.246982
0.078857	0.549805	-0.644043	63.633588	-23.251908	147.671756	4.256985
0.052734	0.118652	-0.632812	69.267176	-29.824427	130.015267	4.266981
-0.062256	-0.167725	-0.713135	61.305344	-29.763359	89.396947	4.276954
-0.100342	-0.266846	-0.717041	51.015267	-17.770992	42.618321	4.286901
-0.091797	-0.247803	-0.693115	26.015267	-12.022901	-6.122137	4.297170
-0.063965	-0.065674	-0.733398	2.900763	-11.145038	-48.732824	4.307274
-0.049072	0.127930	-0.764648	-13.389313	-5.916031	-73.145038	4.317340
-0.043945	0.277100	-0.783691	-25.282443	-1.198473	-88.335878	4.327241
-0.046875	0.437500	-0.798828	-36.114504	5.587786	-104.557252	4.337314
-0.038574	0.635742	-0.761719	-46.030534	15.213740	-112.541985	4.347429
-0.050049	0.871826	-0.752930	-53.503817	23.068702	-114.694656	4.357496
-0.014893	1.125732	-0.728516	-61.213740	32.969466	-112.381679	4.367707
0.036377	1.380127	-0.653076	-65.618321	40.603053	-103.015267	4.377686
0.106201	1.607666	-0.570557	-62.190840	39.931298	-81.893130	4.387882
0.147705	1.791016	-0.530762	-51.877863	31.358779	-47.961832	4.397943
0.178955	1.845703	-0.497803	-39.740458	19.702290	-10.045802	4.407874
0.179199	1.819336	-0.495605	-24.862595	9.786260	27.900763	4.418045
0.150146	1.717285	-0.503174	-8.541985	1.343511	61.801527	4.427927
0.106445	1.569824	-0.508301	5.786260	-5.259542	89.824427	4.438293
0.114990	1.390381	-0.498291	20.503817	-12.458015	111.320611	4.448395
0.180908	1.196533	-0.467773	35.099237	-19.206107	127.786260	4.458546
0.101318	0.990967	-0.561279	40.297710	-26.862595	150.190840	4.468571
0.162842	0.641846	-0.548828	48.877863	-32.580153	166.053435	4.478456
0.081543	0.293945	-0.570312	57.091603	-46.679389	144.183206	4.488529
0.000977	-0.074463	-0.649902	48.954198	-50.572519	127.557252	4.498574
-0.071533	-0.279053	-0.755371	44.022901	-45.717557	84.312977	4.508845
-0.082520	-0.401123	-0.832764	23.022901	-39.885496	35.648855	4.518937
-0.136719	-0.340576	-0.880371	-1.557252	-26.763359	-9.389313	4.528717
-0.108643	-0.118408	-0.894531	-15.648855	-13.083969	-46.809160	4.539087
-0.094971	0.064453	-0.926514	-29.015267	-2.358779	-68.679389	4.549108
-0.089600	0.242432	-0.928223	-33.709924	10.564885	-85.045802	4.559248
-0.078857	0.405518	-0.903320	-38.396947	25.442748	-100.374046	4.569291
-0.023193	0.669189	-0.808105	-40.816794	39.244275	-107.511450	4.579315
0.016602	0.894775	-0.729492	-39.290076	43.900763	-110.198473	4.589435
0.030029	1.076172	-0.646729	-41.030534	45.534351	-103.267176	4.599277
0.068359	1.233398	-0.571045	-38.206107	45.885496	-94.007634	4.608750
0.107422	1.388916	-0.503906	-37.511450	42.977099	-80.038168	4.618242
0.125732	1.541260	-0.482422	-32.641221	34.366412	-56.595420	4.628002
0.167236	1.618408	-0.429688	-27.755725	25.106870	-32.404580	4.637328
0.182861	1.669434	-0.436768	-16.404580	13.229008	-1.312977	4.647943
0.178223	1.645508	-0.463379	-6.167939	2.885496	30.045802	4.658378
0.155518	1.570557	-0.511719	8.175573	-4.534351	59.351145	4.668403
0.151611	1.416748	-0.581299	18.274809	-8.793893	85.816794	4.678581
0.170410	1.255371	-0.585449	28.694656	-11.473282	109.694656	4.688984
0.165771	0.977783	-0.575684	44.580153	-22.816794	130.977099	4.699580
0.469727	0.369873	-0.558350	73.480916	-17.854962	145.969466	4.709869
-0.020752	0.264893	-0.630615	41.763359	-33.687023	128.045802	4.719762
-0.055664	-0.024170	-0.668945	47.977099	-42.946565	96.068702	4.730000
-0.031982	-0.201172	-0.746826	51.374046	-31.290076	47.847328	4.740255
-0.082275	-0.197510	-0.840088	18.603053	-28.564885	9.725191	4.750650
-0.068115	-0.055176	-0.849121	10.152672	-16.282443	-33.870229	4.760809
-0.049805	0.109863	-0.865234	-3.145038	-11.480916	-55.435115	4.770963
-0.083252	0.215088	-0.936279	-14.404580	0.458015	-69.099237	4.780716
-0.069092	0.364502	-0.884033	-25.824427	14.122137	-84.412214	4.790763
-0.052979	0.523926	-0.835938	-33.687023	27.587786	-98.587786	4.800579
-0.023193	0.749512	-0.761719	-44.961832	41.198473	-112.000000	4.810923
0.042236	1.049316	-0.677734	-52.152672	48.007634	-113.900763	4.820848
0.094482	1.282471	-0.581055	-52.450382	46.045802	-103.381679	4.831060
0.154785	1.465332	-0.516602	-50.374046	40.770992	-80.893130	4.841018
0.169678	1.586426	-0.474854	-47.305344	28.122137	-54.618321	4.851207
0.177490	1.654785	-0.467773	-44.603053	18.877863	-22.984733	4.861186
0.182373	1.685547	-0.469971	-37.221374	8.251908	7.679389	4.871423
0.172119	1.672852	-0.530518	-24.793893	0.152672	38.503817	4.881525
0.153320	1.569580	-0.573486	-9.152672	-4.885496	65.748092	4.891426
0.144775	1.422363	-0.602295	9.068702	-8.030534	88.931298	4.901647
0.154785	1.259277	-0.593750	23.732824	-10.198473	117.877863	4.911785
0.200684	0.989990	-0.531738	38.954198	-23.267176	136.557252	4.921863
0.141113	0.670410	-0.595215	44.358779	-35.091603	135.244275	4.931810
0.074219	0.380371	-0.621582	49.061069	-34.038168	128.274809	4.941707
0.009521	0.019775	-0.621338	47.679389	-37.152672	108.045802	4.952307
-0.048584	-0.205811	-0.689209	35.778626	-38.816794	76.122137	4.962305
-0.092041	-0.269531	-0.798584	27.343511	-28.328244	27.167939	4.972368
-0.055908	-0.184570	-0.816162	14.938931	-12.381679	-22.167939	4.982578
-0.044922	-0.007080	-0.800781	2.549618	-7.244275	-52.030534	4.992474
-0.056885	0.108887	-0.836914	-11.496183	-4.198473	-68.290076	5.002789
-0.026123	0.195557	-0.825684	-18.908397	3.389313	-86.717557	5.012817
-0.038330	0.348877	-0.812744	-24.396947	12.770992	-102.221374	5.023070
0.016357	0.521729	-0.782227	-32.007634	17.618321	-110.778626	5.032966
-0.009766	0.757080	-0.760254	-29.862595	28.244275	-114.175573	5.042980
0.029053	0.907959	-0.695068	-33.557252	34.519084	-112.839695	5.053304
0.037109	1.093506	-0.635498	-36.664122	37.694656	-111.526718	5.063640
0.080078	1.283936	-0.566406	-36.984733	36.274809	-103.969466	5.073654
0.130859	1.475098	-0.518066	-32.832061	30.656489	-86.770992	5.083568
0.161621	1.614014	-0.493408	-28.717557	21.541985	-58.900763	5.093664
0.183350	1.655273	-0.475098	-21.122137	12.664122	-32.610687	5.103845
0.168945	1.652832	-0.484619	-16.480916	3.725191	-0.633588	5.113822
0.172119	1.616211	-0.514893	-8.450382	-3.290076	27.832061	5.124003
0.175537	1.528564	-0.529541	-0.664122	-8.068702	57.488550	5.134032
0.200439	1.399170	-0.536621	12.618321	-13.465649	82.068702	5.143814
0.181885	1.093262	-0.494629	24.030534	-24.435115	103.145038	5.154067
-0.472412	1.128174	-0.463135	66.954198	-10.549618	114.160305	5.164206
0.021484	0.400391	-0.645264	33.824427	-51.129771	106.519084	5.174280
0.057129	-0.020264	-0.610840	32.641221	-47.251908	69.923664	5.184235
-0.046387	-0.119629	-0.667725	39.816794	-30.824427	35.160305	5.194265
-0.046387	-0.160889	-0.700684	22.748092	-32.503817	1.916031	5.204356
-0.067627	-0.068604	-0.711426	12.000000	-27.503817	-31.839695	5.214371
-0.072021	-0.017334	-0.731689	2.717557	-25.106870	-57.053435	5.224590
-0.081055	0.111572	-0.772705	-13.045802	-23.648855	-79.396947	5.234628
-0.101074	0.338135	-0.843506	-23.679389	-18.427481	-95.916031	5.244612
-0.100342	0.545410	-0.869385	-33.435115	-7.969466	-105.465649	5.255319
-0.090332	0.767822	-0.867676	-39.633588	1.290076	-105.473282	5.265277
-0.067139	0.969727	-0.867676	-42.206107	11.351145	-99.671756	5.275622
-0.050537	1.138184	-0.795166	-41.526718	17.816794	-89.656489	5.285970
-0.035889	1.266357	-0.730957	-39.564885	22.213740	-78.305344	5.296168
-0.002197	1.412842	-0.673828	-34.938931	23.045802	-63.053435	5.306764
0.028076	1.538818	-0.624756	-29.290076	20.603053	-42.496183	5.316819
0.053955	1.630615	-0.584961	-18.832061	15.709924	-16.458015	5.326948
0.068848	1.649658	-0.583740	-9.786260	11.038168	13.572519	5.336956
0.092529	1.611816	-0.582031	-1.786260	6.786260	44.885496	5.347078
0.114990	1.511475	-0.595215	8.076336	2.694656	79.656489	5.357603
0.142090	1.244141	-0.596191	13.480916	-1.213740	109.175573	5.367725
0.004883	1.082031	-0.574463	25.076336	-8.557252	137.778626	5.377969
0.055176	0.557861	-0.597412	22.671756	-26.152672	144.954198	5.387860
-0.084229	0.118652	-0.632812	24.809160	-35.229008	123.213740	5.397975
-0.118408	-0.168945	-0.673584	19.969466	-30.702290	75.259542	5.407973
-0.137451	-0.205566	-0.739258	4.427481	-18.877863	18.167939	5.418475
-0.116455	-0.019775	-0.732666	-0.305344	-8.145038	-27.000000	5.428637
-0.083252	0.161133	-0.754639	-2.938931	-4.748092	-54.465649	5.438507
-0.089600	0.233154	-0.796143	-5.564885	1.778626	-72.106870	5.448502
-0.079102	0.309082	-0.794189	-14.297710	12.366412	-91.175573	5.458971
-0.059814	0.508789	-0.717285	-25.320611	19.755725	-101.908397	5.469040
-0.046631	0.638916	-0.654541	-39.503817	21.053435	-106.145038	5.478975
-0.072510	0.835938	-0.641357	-52.610687	24.557252	-112.725191	5.489056
-0.045166	1.051025	-0.598877	-63.236641	25.916031	-108.732824	5.499070
-0.006836	1.260986	-0.574219	-67.198473	24.938931	-97.198473	5.509240
0.012695	1.408203	-0.572266	-65.259542	20.931298	-75.030534	5.519017
0.021484	1.476562	-0.579834	-59.412214	16.015267	-51.061069	5.528792
0.009277	1.491211	-0.592041	-50.969466	13.343511	-26.603053	5.538807
0.016357	1.504395	-0.599854	-40.389313	11.351145	-2.389313	5.548882
0.017822	1.468750	-0.601074	-29.297710	9.793893	22.427481	5.558777
0.014893	1.381592	-0.616455	-13.068702	9.175573	44.671756	5.568848
0.021484	1.255859	-0.604004	-0.290076	8.190840	65.427481	5.579167
0.026123	1.082275	-0.587402	5.740458	7.229008	81.374046	5.589104
0.065430	0.957275	-0.593018	10.641221	2.328244	94.763359	5.599012
0.051025	0.779053	-0.589600	19.610687	-3.412214	108.572519	5.609077
0.005371	0.497803	-0.614746	31.725191	-11.320611	109.404580	5.618960
-0.076660	0.216797	-0.623779	39.404580	-15.648855	86.618321	5.629144
-0.127441	0.030273	-0.673340	35.374046	-14.534351	51.038168	5.639209
-0.145020	-0.024170	-0.698975	23.916031	-4.984733	9.709924	5.648990
-0.123535	0.084229	-0.666748	10.435115	0.664122	-28.541985	5.659253
-0.081055	0.291504	-0.656738	1.053435	1.725191	-51.015267	5.669267
-0.093262	0.434570	-0.699463	-1.984733	2.068702	-70.786260	5.679450
-0.072510	0.599365	-0.719482	-10.923664	10.335878	-85.458015	5.689457
-0.055176	0.813965	-0.665039	-20.404580	21.435115	-94.000000	5.699557
-0.011230	1.065674	-0.580566	-24.305344	22.633588	-89.435115	5.709588
0.006836	1.231934	-0.553955	-23.740458	20.259542	-77.435115	5.719639
0.025635	1.358398	-0.529541	-19.816794	15.236641	-62.045802	5.729683
0.032959	1.464600	-0.500244	-20.427481	9.335878	-40.442748	5.739848
0.040039	1.532471	-0.527832	-21.824427	3.145038	-13.198473	5.749636
0.034424	1.594971	-0.544922	-14.007634	1.030534	14.832061	5.759633
0.061279	1.542236	-0.540527	-2.427481	-0.793893	45.175573	5.770047
0.094238	1.390625	-0.528076	12.931298	-7.244275	71.862595	5.780032
0.104736	1.221191	-0.523193	24.213740	-20.877863	94.229008	5.789918
0.111816	0.964355	-0.557861	32.717557	-32.916031	110.664122	5.800032
0.050537	0.695557	-0.610107	41.656489	-42.213740	115.381679	5.810323
0.029541	0.411621	-0.614746	46.786260	-46.847328	114.061069	5.820328
-0.059814	0.137207	-0.634277	53.541985	-48.389313	91.641221	5.830417
-0.105713	-0.054688	-0.704590	45.679389	-41.374046	54.702290	5.840514
-0.114746	-0.096191	-0.779297	29.374046	-28.519084	8.580153	5.850809
-0.114502	0.005127	-0.795654	15.687023	-14.702290	-29.832061	5.860764
-0.088379	0.140137	-0.760742	0.633588	-10.129771	-54.694656	5.871032
-0.109131	0.222412	-0.810547	-12.534351	-6.801527	-73.389313	5.880813
-0.122314	0.402100	-0.857666	-21.511450	5.732824	-91.541985	5.891428
-0.119873	0.611572	-0.793945	-31.931298	17.061069	-103.160305	5.901840
-0.126709	0.758301	-0.755859	-38.755725	24.923664	-106.137405	5.912176
-0.125488	0.938965	-0.722168	-45.183206	39.572519	-111.725191	5.922335
-0.053955	1.196045	-0.645996	-51.450382	48.091603	-110.427481	5.932245
0.029541	1.417480	-0.556641	-50.625954	47.129771	-91.091603	5.942522
0.069824	1.568115	-0.493164	-42.435115	37.091603	-61.587786	5.952600
0.080566	1.630127	-0.492432	-29.961832	20.106870	-28.022901	5.962822
0.062744	1.604980	-0.512939	-17.328244	8.954198	4.763359	5.973167
0.036865	1.524414	-0.529785	-7.190840	2.412214	34.519084	5.983230
0.019775	1.394287	-0.539307	3.465649	-1.305344	56.656489	5.993207
0.028809	1.261963	-0.542480	10.419847	-3.664122	75.335878	6.003380
0.051514	1.114746	-0.538086	15.007634	-7.183206	93.206107	6.013507
0.067139	0.929688	-0.563965	23.190840	-13.656489	106.725191	6.023766
0.039307	0.671875	-0.595459	29.503817	-19.809160	113.488550	6.033838
-0.003174	0.425537	-0.609863	36.068702	-24.641221	107.503817	6.043772
-0.069092	0.169678	-0.668945	38.541985	-24.709924	88.877863	6.054105
-0.104980	0.037598	-0.675049	28.557252	-26.030534	54.870229	6.063869
-0.148926	-0.033691	-0.725586	18.343511	-19.893130	14.000000	6.074136
-0.123535	0.065430	-0.734131	6.511450	-11.503817	-25.129771	6.084107
-0.094971	0.210205	-0.732178	-3.274809	-8.893130	-49.816794	6.094264
-0.109131	0.340820	-0.766113	-12.519084	-5.748092	-65.671756	6.104586
-0.126709	0.493652	-0.787842	-18.190840	3.473282	-76.312977	6.114651
-0.121826	0.646729	-0.784668	-22.885496	17.977099	-87.625954	6.124632
-0.104980	0.814209	-0.706787	-29.580153	28.618321	-91.916031	6.134722
-0.067627	1.022949	-0.639160	-32.137405	32.732824	-91.709924	6.144898
-0.027588	1.232666	-0.604004	-37.748092	35.137405	-84.511450	6.155072
0.009766	1.427979	-0.552490	-37.931298	29.061069	-68.206107	6.165052
0.039795	1.564697	-0.521484	-33.954198	18.748092	-39.312977	6.175255
0.039551	1.643311	-0.529297	-25.877863	9.671756	-7.893130	6.185237
0.048828	1.641846	-0.537842	-15.267176	2.671756	23.778626	6.196247
0.054443	1.505615	-0.567383	2.961832	-3.068702	62.557252	6.208317
0.053467	1.303711	-0.566162	12.679389	-6.419847	85.854962	6.218406
0.080811	1.110352	-0.574463	18.885496	-13.145038	106.702290	6.228503
0.049561	0.847656	-0.609375	27.885496	-18.984733	119.832061	6.238431
0.042236	0.547363	-0.598145	32.496183	-23.854962	120.358779	6.248192
-0.014893	0.249756	-0.623535	37.015267	-32.061069	102.358779	6.258373
-0.073486	0.013916	-0.683838	35.068702	-30.824427	70.687023	6.268452
-0.105713	-0.041504	-0.755859	21.122137	-22.526718	27.885496	6.278637
-0.100586	0.008057	-0.782227	5.404580	-11.541985	-10.870229	6.288853
-0.077148	0.186279	-0.774414	-6.664122	-6.267176	-37.885496	6.298953
-0.059814	0.318359	-0.817627	-15.564885	-4.122137	-50.664122	6.309172
-0.071777	0.413818	-0.829834	-20.160305	2.274809	-62.305344	6.319183
-0.071533	0.519043	-0.806152	-24.687023	13.251908	-70.839695	6.329264
-0.080811	0.664795	-0.745850	-31.587786	21.839695	-78.725191	6.339284
-0.089600	0.818115	-0.682373	-38.931298	27.923664	-84.038168	6.349470
-0.077393	1.025879	-0.651855	-44.832061	33.213740	-89.404580	6.359538
-0.054932	1.263672	-0.596436	-45.480916	38.320611	-83.931298	6.369496
0.025391	1.491455	-0.541504	-44.625954	35.938931	-66.862595	6.379713
0.071289	1.662109	-0.492676	-37.656489	28.893130	-36.977099	6.389617
0.091064	1.725830	-0.462646	-25.671756	16.290076	-0.496183	6.399856
0.075439	1.658691	-0.483643	-11.488550	5.496183	37.916031	6.410150
0.049316	1.499756	-0.511719	-1.259542	-0.396947	66.320611	6.420249
0.020996	1.412842	-0.524414	9.687023	-2.977099	89.610687	6.430220
0.065430	1.227051	-0.504395	19.297710	-6.885496	113.274809	6.440025
0.100342	0.966309	-0.517578	33.748092	-20.114504	131.580153	6.450535
0.064941	0.680420	-0.585938	46.992366	-28.282443	137.610687	6.460885
-0.026123	0.372803	-0.590576	55.992366	-34.687023	129.801527	6.470970
-0.067627	0.015625	-0.595703	57.992366	-35.511450	105.106870	6.481102
-0.137451	-0.171875	-0.656494	46.526718	-27.694656	55.381679	6.491382
-0.098145	-0.184082	-0.712891	22.671756	-20.366412	12.145038	6.501756
-0.057861	-0.029053	-0.732422	7.404580	-15.236641	-24.259542	6.512522
-0.066162	0.101562	-0.769043	-0.022901	-15.358779	-46.610687	6.522308
-0.103516	0.197510	-0.854492	-10.419847	-9.984733	-64.015267	6.532673
-0.126465	0.345459	-0.870361	-15.129771	1.091603	-79.442748	6.542635
-0.128418	0.490723	-0.900391	-18.664122	16.717557	-89.450382	6.553115
-0.108887	0.621094	-0.800293	-24.068702	30.160305	-96.877863	6.563272
-0.091064	0.801758	-0.707275	-30.320611	38.015267	-104.748092	6.573660
-0.072021	1.081299	-0.649658	-33.328244	43.274809	-105.259542	6.583908
-0.030029	1.266357	-0.574219	-35.503817	43.396947	-94.320611	6.594214
0.003174	1.509521	-0.532959	-35.549618	39.557252	-77.480916	6.604403
0.099121	1.747314	-0.503906	-39.290076	32.114504	-46.099237	6.614396
0.138184	1.943359	-0.515381	-26.687023	20.992366	-0.305344	6.624538
0.114990	1.913330	-0.555176	-3.519084	12.832061	51.732824	6.634365
0.047607	1.675293	-0.573975	11.832061	12.648855	91.519084	6.644275
0.018066	1.430908	-0.474121	21.587786	10.343511	118.824427	6.654789
0.055664	1.245361	-0.456055	28.259542	-0.366412	136.213740	6.664919
0.155762	1.033447	-0.472656	35.877863	-10.694656	150.297710	6.674748
0.137207	0.880127	-0.525635	44.183206	-20.648855	167.862595	6.684871
0.082275	0.617676	-0.553711	56.519084	-36.603053	177.129771	6.694780
0.001953	0.173584	-0.576660	61.129771	-44.603053	173.931298	6.704951
-0.065918	-0.094238	-0.613525	56.015267	-45.954198	126.152672	6.715134
-0.146484	-0.400635	-0.698730	60.343511	-35.954198	76.274809	6.725075
-0.123047	-0.397705	-0.856201	16.580153	-21.824427	25.022901	6.735099
-0.031006	-0.143066	-0.807129	-5.877863	-7.694656	-30.526718	6.745160
0.004639	0.091553	-0.807861	-19.419847	-8.603053	-57.206107	6.755356
-0.010498	0.243164	-0.888428	-25.641221	-3.297710	-75.740458	6.765608
-0.067627	0.372070	-0.901611	-31.923664	4.152672	-97.167939	6.775453
-0.056396	0.511230	-0.830566	-40.740458	15.992366	-114.076336	6.785456
-0.027588	0.727783	-0.782715	-51.305344	24.770992	-128.595420	6.795375
-0.041260	1.088867	-0.783936	-57.603053	36.312977	-130.061069	6.805680
0.076416	1.361328	-0.696289	-59.877863	47.076336	-118.061069	6.815635
0.171875	1.622314	-0.618164	-54.053435	44.534351	-87.114504	6.825603
0.205811	1.783691	-0.534668	-44.656489	32.297710	-45.816794	6.835546
0.219482	1.766846	-0.460205	-29.900763	14.030534	-3.740458	6.845491
0.177246	1.632324	-0.493408	-14.877863	-0.885496	37.793893	6.855525
0.141846	1.446777	-0.546387	-1.503817	-4.854962	64.221374	6.865830
0.145508	1.354004	-0.505615	5.465649	-10.709924	84.045802	6.875805
0.077637	1.251953	-0.552979	21.229008	-11.954198	109.106870	6.885675
0.109131	0.988770	-0.597656	23.404580	-25.473282	122.290076	6.896001
0.078125	0.722656	-0.621826	30.412214	-25.419847	130.297710	6.906265
0.064697	0.428955	-0.604980	35.351145	-29.305344	121.946565	6.916289
0.042236	0.220703	-0.623535	28.564885	-32.053435	102.916031	6.926316
0.024170	0.032959	-0.644043	29.030534	-29.625954	66.992366	6.936324
0.019531	-0.039062	-0.649414	17.206107	-23.969466	34.129771	6.946291
0.002197	-0.015137	-0.700195	2.183206	-25.389313	2.755725	6.956372
-0.008301	0.083984	-0.748779	-11.374046	-22.809160	-27.534351	6.966620
-0.016602	0.197021	-0.796387	-15.916031	-21.221374	-53.137405	6.976459
-0.036865	0.368164	-0.888672	-21.931298	-11.992366	-67.236641	6.986480
-0.062744	0.539307	-0.900146	-25.358779	5.061069	-77.038168	6.996845
-0.011963	0.634766	-0.804932	-27.961832	20.152672	-85.526718	7.006871
-0.010010	0.750732	-0.729004	-24.709924	25.358779	-88.335878	7.017102
0.004639	0.916504	-0.677979	-28.015267	29.854962	-95.358779	7.027190
0.046631	1.143555	-0.621582	-33.511450	30.389313	-92.984733	7.037153
0.097168	1.304199	-0.538574	-34.122137	27.503817	-78.770992	7.047513
0.145752	1.445068	-0.479004	-32.740458	18.183206	-58.412214	7.057778
0.172363	1.552002	-0.471680	-28.671756	5.374046	-30.679389	7.068102
0.179932	1.571777	-0.478760	-21.389313	-5.610687	1.603053	7.078109
0.157227	1.495117	-0.527588	-14.679389	-13.045802	30.946565	7.088394
0.138184	1.400635	-0.545166	-5.427481	-15.801527	52.000000	7.098702
0.148438	1.303955	-0.497070	5.198473	-24.099237	69.236641	7.109311
0.140869	1.164795	-0.486328	15.458015	-34.732824	82.900763	7.119391
0.202393	1.010742	-0.515137	20.809160	-43.732824	87.450382	7.129540
0.191406	0.829102	-0.546631	28.114504	-55.725191	105.045802	7.139492
0.134277	0.601807	-0.576172	32.740458	-71.931298	110.610687	7.149619
0.048340	0.289795	-0.642090	34.129771	-83.152672	103.007634	7.159905
-0.056396	0.049072	-0.746582	30.358779	-78.244275	78.061069	7.170671
-0.113037	-0.156738	-0.801514	20.267176	-66.778626	40.633588	7.181016
-0.133789	-0.186523	-0.856201	9.000000	-51.877863	-6.679389	7.191002
-0.117188	-0.081543	-0.899170	-5.648855	-36.343511	-45.145038	7.201130
-0.091797	0.179688	-0.877930	-16.343511	-25.809160	-76.801527	7.211514
-0.113770	0.288330	-0.894287	-22.709924	-20.290076	-94.198473	7.221531
-0.135010	0.444824	-0.892822	-28.717557	-5.755725	-111.244275	7.231481
-0.148926	0.681396	-0.865723	-30.954198	15.519084	-123.152672	7.241329
-0.106689	0.895020	-0.766846	-32.305344	34.938931	-128.236641	7.251382
-0.034912	1.121582	-0.685791	-33.099237	40.885496	-125.648855	7.261795
0.010010	1.356689	-0.606445	-37.916031	39.717557	-115.122137	7.271916
0.074951	1.645508	-0.509033	-29.702290	30.633588	-88.022901	7.281963
0.129395	1.796143	-0.477539	-27.190840	14.824427	-43.625954	7.292063
0.122803	1.799072	-0.494629	-8.725191	-5.045802	3.000000	7.302136
0.047852	1.645020	-0.583008	4.404580	-12.358779	44.305344	7.312437
-0.024170	1.435791	-0.583496	11.679389	-12.801527	68.251908	7.322489
0.001465	1.274170	-0.525391	22.030534	-13.931298	86.717557	7.332612
0.008545	1.207764	-0.577148	31.488550	-18.206107	99.099237	7.342522
0.089355	1.071045	-0.598389	33.908397	-24.427481	119.030534	7.352410
0.107910	0.869385	-0.615723	38.022901	-32.297710	142.297710	7.362659
0.089111	0.586182	-0.621826	44.694656	-37.587786	152.977099	7.372763
0.030762	0.190186	-0.590088	32.793893	-50.778626	149.893130	7.382790
-0.099121	-0.107422	-0.640869	27.931298	-53.480916	120.488550	7.392716
-0.110596	-0.362549	-0.684082	17.610687	-54.435115	77.778626	7.402938
-0.176025	-0.442627	-0.789795	1.519084	-43.122137	14.732824	7.413420
-0.158936	-0.333252	-0.826904	-17.366412	-26.946565	-42.664122	7.423561
-0.156982	0.054443	-0.837891	-27.549618	-16.740458	-83.351145	7.433652
-0.181885	0.259766	-0.945312	-34.770992	-0.175573	-107.839695	7.443878
-0.200928	0.462158	-0.866455	-39.328244	22.267176	-124.045802	7.453912
-0.150391	0.602783	-0.772705	-27.740458	35.938931	-147.519084	7.464145
-0.093262	0.816650	-0.675049	-27.007634	46.702290	-164.541985	7.474254
-0.073730	1.179199	-0.614502	-29.297710	43.122137	-161.938931	7.484160
0.004150	1.425781	-0.517822	-25.717557	32.396947	-138.076336	7.494282
0.049561	1.571045	-0.496338	-14.572519	15.152672	-103.847328	7.504506
0.054199	1.635742	-0.508301	-5.992366	-0.435115	-68.458015	7.514591
0.030518	1.624268	-0.565918	3.045802	-9.442748	-32.335878	7.524417
-0.010254	1.574707	-0.639404	5.946565	-6.969466	0.129771	7.534503
-0.016602	1.514893	-0.639893	8.206107	-2.343511	36.190840	7.544546
-0.019043	1.358154	-0.622070	10.526718	-2.656489	62.068702	7.554598
0.003906	1.235107	-0.604736	12.916031	-8.587786	81.900763	7.564667
0.025146	1.133789	-0.643799	17.748092	-15.427481	97.923664	7.574799
0.250244	0.686279	-0.530762	20.015267	-13.351145	131.435115	7.584872
-0.001953	0.693359	-0.708496	21.603053	-24.687023	127.435115	7.594835
0.023926	0.398926	-0.679932	10.473282	-38.687023	120.832061	7.604630
-0.087891	0.031982	-0.688721	6.259542	-41.351145	108.045802	7.614853
-0.167236	-0.219238	-0.813721	-5.396947	-40.564885	59.694656	7.624979
-0.189941	-0.177490	-0.887939	-17.916031	-19.145038	10.541985	7.635137
-0.132080	0.020508	-0.872314	-25.870229	-6.038168	-36.603053	7.645519
-0.123535	0.270752	-0.871338	-24.221374	-1.519084	-58.847328	7.655616
-0.114258	0.436279	-0.889160	-28.709924	-0.404580	-73.061069	7.665679
-0.109863	0.552979	-0.877197	-22.541985	12.244275	-88.061069	7.675827
-0.114258	0.701172	-0.840088	-23.190840	25.793893	-96.053435	7.686158
-0.093506	0.912842	-0.751465	-22.137405	37.610687	-97.854962	7.696494
-0.029053	1.106689	-0.665039	-23.541985	43.229008	-90.076336	7.706524
-0.014160	1.326904	-0.574219	-25.305344	42.694656	-72.000000	7.717131
0.041748	1.447266	-0.483887	-28.160305	34.000000	-46.503817	7.727149
0.058350	1.540771	-0.494873	-24.145038	20.290076	-16.564885	7.737216
0.044922	1.567383	-0.531494	-9.458015	8.946565	9.877863	7.747267
0.029053	1.480957	-0.566650	0.114504	3.709924	39.305344	7.757424
0.007812	1.375000	-0.571045	7.343511	2.030534	64.519084	7.767866
0.019043	1.282471	-0.573975	10.389313	0.564885	85.778626	7.778008
0.053467	1.159912	-0.563721	11.694656	-1.969466	108.099237	7.788208
-0.238525	1.135254	-0.530762	46.908397	3.549618	132.954198	7.798365
0.055176	0.613037	-0.601318	14.351145	-26.305344	129.480916	7.808664
-0.004639	0.299316	-0.610840	14.236641	-31.534351	111.977099	7.818756
-0.020996	0.076660	-0.699707	4.938931	-30.748092	92.099237	7.828833
-0.146973	0.048584	-0.772705	7.633588	-15.488550	61.580153	7.838907
-0.100342	-0.028320	-0.804932	-10.977099	-15.557252	32.198473	7.848838
-0.119629	0.052246	-0.806152	-13.206107	-7.671756	-2.389313	7.859044
-0.111084	0.093018	-0.777588	-15.297710	-3.404580	-34.190840	7.869029
-0.117676	0.256348	-0.851807	-18.824427	-0.106870	-57.824427	7.879045
-0.110596	0.413086	-0.818848	-23.603053	10.549618	-75.900763	7.889132
-0.097168	0.658936	-0.798096	-25.824427	20.137405	-87.129771	7.899154
-0.064941	0.857666	-0.748535	-28.351145	31.335878	-92.198473	7.909227
-0.026611	1.045898	-0.677490	-28.656489	39.687023	-90.816794	7.919488
0.019043	1.248291	-0.586670	-28.106870	42.175573	-79.580153	7.929502
0.039795	1.395264	-0.530029	-27.099237	38.816794	-59.229008	7.939535
0.080078	1.469482	-0.469238	-24.404580	27.076336	-32.931298	7.949617
0.072510	1.506836	-0.472656	-21.916031	16.137405	-6.816794	7.959712
0.060303	1.475098	-0.490967	-19.282443	6.992366	17.145038	7.969547
0.048096	1.433594	-0.521484	-11.290076	1.282443	34.519084	7.977721
0.046875	1.363770	-0.566895	-4.694656	-1.786260	49.595420	7.985884
0.044922	1.306396	-0.590576	0.305344	-3.839695	64.305344	7.994002
0.071045	1.217773	-0.617676	5.709924	-6.015267	79.458015	8.002037
0.093750	1.139893	-0.605957	11.519084	-8.816794	95.534351	8.010366
0.133789	0.954346	-0.619873	15.564885	-13.007634	111.847328	8.018625
0.087402	0.798096	-0.645752	15.274809	-20.641221	117.893130	8.026978
0.138428	0.452637	-0.604736	15.778626	-19.526718	123.923664	8.035165
-0.007080	0.289062	-0.667725	10.503817	-32.656489	117.572519	8.043338
-0.053223	0.087158	-0.719727	9.091603	-33.076336	94.442748	8.051556
-0.079346	-0.055420	-0.775635	5.732824	-27.603053	71.778626	8.059866
-0.193359	-0.021484	-0.924805	-11.274809	-14.267176	46.358779	8.067969
-0.117920	-0.046143	-0.864014	-11.099237	-1.656489	-2.862595	8.077744
-0.094971	0.129639	-0.806641	-11.305344	3.923664	-37.801527	8.087920
-0.069092	0.298096	-0.815430	-9.893130	10.870229	-59.641221	8.097924
-0.074463	0.449951	-0.840088	-14.068702	14.725191	-73.793893	8.108126
-0.120361	0.568359	-0.886963	-10.740458	32.175573	-86.687023	8.118118
-0.079102	0.757080	-0.744629	-16.374046	49.671756	-97.320611	8.128030
-0.011230	0.979004	-0.615723	-21.938931	56.358779	-99.679389	8.138324
0.051025	1.190186	-0.532471	-25.656489	57.106870	-96.099237	8.148102
0.118164	1.479492	-0.443604	-27.320611	48.931298	-74.923664	8.158398
0.180176	1.681396	-0.415039	-27.778626	32.389313	-38.381679	8.168405
0.194092	1.730225	-0.438721	-25.770992	18.129771	3.312977	8.178265
0.181152	1.660400	-0.474121	-13.969466	7.244275	41.656489	8.188095
0.148682	1.452881	-0.543701	-6.954198	1.908397	78.183206	8.200568
0.150146	1.282959	-0.524658	-0.748092	-2.442748	104.038168	8.210805
0.138184	1.040771	-0.566406	3.091603	-13.000000	120.374046	8.221131
0.063965	0.782227	-0.618164	14.755725	-15.465649	118.755725	8.231038
0.073730	0.439209	-0.600098	22.503817	-17.519084	107.473282	8.241157
0.159424	0.146484	-0.655762	48.175573	3.412214	76.717557	8.251180
0.028564	0.096436	-0.697510	16.274809	-13.877863	45.465649	8.261609
0.059082	0.135498	-0.738037	0.786260	-8.534351	16.000000	8.271799
0.063232	0.185791	-0.764404	-1.908397	-4.282443	-9.236641	8.282224
0.022949	0.267822	-0.799316	-3.251908	0.366412	-26.793893	8.292409
0.017822	0.322021	-0.795410	-9.770992	4.671756	-42.137405	8.302508
0.016846	0.390869	-0.794678	-11.900763	8.694656	-56.030534	8.312784
0.024658	0.554199	-0.767578	-13.557252	13.603053	-66.923664	8.322992
-0.008301	0.688477	-0.755127	-14.541985	25.114504	-73.847328	8.333232
0.024170	0.849609	-0.657715	-18.137405	31.458015	-79.541985	8.343204
0.057617	1.077637	-0.616699	-22.900763	35.748092	-79.847328	8.353507
0.074463	1.255615	-0.540283	-25.038168	36.267176	-73.175573	8.363873
0.126709	1.463135	-0.474121	-22.862595	34.351145	-58.022901	8.373875
0.196777	1.628418	-0.414551	-19.229008	24.938931	-31.045802	8.383922
0.223389	1.672852	-0.420898	-10.809160	10.541985	7.954198	8.394067
0.209473	1.582520	-0.471436	-4.664122	0.687023	44.595420	8.404081
0.217529	1.437256	-0.525146	-2.435115	-2.167939	75.244275	8.414619
0.213379	1.314453	-0.540527	1.557252	-8.106870	95.366412	8.424738
0.204834	1.132080	-0.548828	6.381679	-15.618321	119.244275	8.434736
0.157959	0.845215	-0.578125	9.206107	-22.717557	132.053435	8.444695
0.009766	0.372070	-0.604980	33.656489	-8.671756	130.541985	8.454885
0.083496	0.154053	-0.635498	-1.839695	-37.465649	110.022901	8.464974
0.022461	0.053467	-0.714111	-4.877863	-32.824427	73.725191	8.474916
-0.030273	0.013184	-0.889648	-17.458015	-18.320611	40.175573	8.484863
0.000244	-0.020752	-0.841797	-21.877863	-6.832061	0.114504	8.494972
0.044922	0.124268	-0.800293	-23.160305	-3.122137	-28.312977	8.505186
0.010986	0.227783	-0.853516	-22.664122	0.824427	-50.396947	8.515294
-0.003174	0.320801	-0.877686	-20.778626	6.320611	-64.519084	8.525148
-0.028076	0.405273	-0.854980	-17.213740	15.251908	-81.030534	8.535317
-0.001221	0.502686	-0.771729	-19.969466	24.213740	-90.137405	8.545308
-0.058350	0.659180	-0.744385	-23.099237	37.916031	-104.511450	8.555470
-0.006836	0.875732	-0.641357	-28.412214	50.488550	-114.641221	8.565605
0.037842	1.172852	-0.530273	-32.091603	58.068702	-117.671756	8.575646
0.116455	1.456787	-0.448242	-28.763359	59.137405	-102.702290	8.585563
0.199707	1.675537	-0.365723	-21.694656	47.984733	-70.931298	8.595725
0.228027	1.777588	-0.323486	-16.328244	26.679389	-29.007634	8.605820
0.193604	1.699463	-0.346680	-9.786260	8.572519	15.992366	8.615819
0.128418	1.556641	-0.402588	-6.091603	-0.824427	47.694656	8.625489
0.113281	1.446533	-0.445068	2.366412	-5.213740	69.251908	8.635746
0.119385	1.366211	-0.457764	10.045802	-10.610687	89.549618	8.645793
0.106445	1.178711	-0.491455	16.038168	-17.801527	110.656489	8.656133
0.108398	1.003662	-0.537354	25.251908	-17.106870	115.267176	8.666132
0.114990	0.892334	-0.519287	27.931298	-20.893130	124.244275	8.676016
0.130859	0.706299	-0.500000	31.870229	-29.816794	121.343511	8.686128
0.137451	0.440674	-0.574951	26.259542	-37.946565	129.122137	8.695977
0.080811	0.197510	-0.644531	22.030534	-39.778626	112.236641	8.706180
0.063965	0.104980	-0.667480	14.198473	-37.053435	71.030534	8.716234
-0.000977	-0.166992	-0.719727	22.526718	-38.870229	42.503817	8.726073
-0.071289	-0.320312	-0.896240	5.129771	-33.030534	6.091603	8.736353
-0.077393	-0.083008	-0.893311	-2.526718	-8.496183	-49.488550	8.746486
-0.026123	0.193848	-0.870361	1.671756	-4.274809	-78.183206	8.756603
-0.029785	0.330322	-0.911621	-1.343511	8.312977	-92.427481	8.766742
-0.049072	0.496826	-0.892578	3.419847	30.580153	-113.076336	8.776718
-0.002686	0.699707	-0.761719	-0.030534	48.007634	-126.557252	8.786933
0.074707	0.980713	-0.617676	-6.793893	57.916031	-132.091603	8.796837
0.146729	1.269043	-0.514648	-5.496183	59.587786	-123.358779	8.806935
0.225586	1.516357	-0.448486	-3.213740	47.801527	-92.488550	8.817082
0.250488	1.660156	-0.373779	1.916031	31.778626	-52.809160	8.826957
0.296387	1.642578	-0.399902	0.931298	5.152672	-10.702290	8.837270
0.211914	1.583252	-0.483398	10.450382	-4.748092	27.091603	8.847384
0.184570	1.406494	-0.531006	13.740458	-8.160305	52.648855	8.857730
0.158203	1.345947	-0.537354	21.343511	-9.580153	73.809160	8.867852
0.148193	1.196289	-0.564209	25.320611	-14.106870	89.381679	8.878421
0.133789	0.987793	-0.591553	28.007634	-18.145038	96.580153	8.888454
0.139404	0.898926	-0.623779	28.832061	-17.083969	96.122137	8.898746
0.194580	0.844971	-0.617920	29.076336	-19.923664	97.809160	8.909072
0.221191	0.753906	-0.638428	32.229008	-23.709924	103.870229	8.919039
0.219971	0.528320	-0.669678	28.641221	-30.114504	110.000000	8.928864
0.152832	0.292725	-0.707275	22.740458	-34.183206	104.061069	8.939052
0.078125	0.076904	-0.733154	12.587786	-35.045802	68.832061	8.949133
0.036377	-0.139893	-0.804932	16.839695	-34.290076	28.832061	8.959528
-0.004150	-0.130859	-0.967041	-9.610687	-19.465649	-9.488550	8.969738
0.031494	0.080566	-0.888916	-15.847328	-0.297710	-56.129771	8.979941
0.045166	0.305664	-0.853271	-13.419847	2.251908	-77.351145	8.989958
0.024170	0.424805	-0.918213	-11.954198	9.992366	-92.297710	8.999929
0.035156	0.541992	-0.868652	-15.122137	24.900763	-106.129771	9.010310
0.026367	0.732422	-0.769775	-18.427481	41.412214	-113.496183	9.020453
0.098145	0.982422	-0.651367	-24.847328	47.244275	-117.290076	9.030331
0.169678	1.227051	-0.566162	-29.213740	45.381679	-102.053435	9.040505
0.199707	1.403076	-0.513672	-27.961832	36.366412	-75.458015	9.050470
0.222412	1.442871	-0.480469	-18.900763	25.236641	-51.358779	9.060804
0.209961	1.502930	-0.508301	-25.732824	12.458015	-20.290076	9.070741
0.188477	1.521484	-0.516357	-18.267176	8.755725	5.045802	9.080816
0.201904	1.547607	-0.532959	-12.801527	3.167939	29.198473	9.090678
0.215576	1.482910	-0.562256	1.847328	-1.709924	59.007634	9.100696
0.214111	1.176025	-0.526855	12.938931	-9.015267	80.946565	9.110934
0.130615	0.868164	-0.625000	24.618321	-22.694656	88.801527	9.120947
0.029541	0.436035	-0.700928	41.610687	-26.282443	76.381679	9.130877
0.027832	0.034424	-0.745117	34.068702	-27.305344	48.343511	9.140854
0.017334	-0.037109	-0.806396	18.992366	-12.480916	8.664122	9.150793
0.030029	0.105225	-0.771973	6.145038	-6.938931	-20.290076	9.161015
0.062012	0.128906	-0.782715	2.129771	-6.687023	-39.320611	9.171073
0.030029	0.212646	-0.809814	-4.160305	-2.580153	-52.870229	9.180683
0.004150	0.305664	-0.827881	-9.488550	4.885496	-65.038168	9.190845
0.027588	0.438721	-0.759521	-12.961832	9.786260	-75.519084	9.200839
0.048828	0.601074	-0.721436	-18.442748	14.587786	-79.091603	9.211217
0.046875	0.745605	-0.707031	-19.854962	18.526718	-83.992366	9.221248
0.055420	0.974365	-0.639893	-21.541985	26.000000	-86.931298	9.231227
0.119873	1.247559	-0.606201	-27.969466	22.732824	-77.885496	9.240862
0.131348	1.353516	-0.587402	-27.679389	18.977099	-56.633588	9.251085
0.175049	1.579102	-0.499512	-16.236641	17.916031	-36.038168	9.261415
0.207275	1.655762	-0.465576	-7.137405	8.564885	-2.541985	9.271352
0.192627	1.590576	-0.517334	-3.190840	1.045802	31.328244	9.281282
0.174805	1.473877	-0.567383	2.427481	-0.358779	60.404580	9.290882
0.158447	1.378662	-0.561523	1.580153	-1.259542	86.816794	9.301014
0.165039	1.236572	-0.532959	1.251908	-7.656489	108.847328	9.311223
0.142090	1.039551	-0.557373	8.000000	-17.923664	123.465649	9.321283
-0.035889	0.936035	-0.666260	26.366412	-9.106870	128.389313	9.331405
0.147705	0.570557	-0.705811	10.793893	-24.221374	120.549618	9.341296
0.138184	0.293945	-0.721680	17.480916	-28.870229	108.366412	9.351583
0.071533	-0.034668	-0.751953	12.297710	-28.183206	91.824427	9.361783
0.034912	-0.202881	-0.824219	-2.343511	-19.610687	46.022901	9.371893
0.052490	-0.156982	-0.812744	-11.702290	-6.679389	2.259542	9.381907
0.066650	0.011230	-0.804443	-13.648855	-2.916031	-33.908397	9.391807
0.086182	0.090820	-0.830078	-13.946565	-2.618321	-58.549618	9.402014
0.084961	0.229248	-0.824463	-13.450382	-1.458015	-79.076336	9.412750
0.098389	0.336670	-0.820801	-15.229008	0.778626	-93.221374	9.422990
0.068115	0.447266	-0.833496	-17.740458	8.809160	-98.648855	9.432972
0.052246	0.577637	-0.791504	-20.091603	17.832061	-103.595420	9.442839
0.031494	0.734131	-0.728027	-20.366412	28.236641	-107.312977	9.453035
0.058594	0.908936	-0.674316	-33.862595	31.122137	-113.290076	9.463187
0.086914	1.192383	-0.603516	-30.839695	37.557252	-110.404580	9.473284
0.141357	1.476318	-0.523682	-27.145038	35.068702	-90.404580	9.483776
0.175293	1.648682	-0.471680	-19.389313	24.396947	-61.290076	9.494100
0.176514	1.695312	-0.459229	-9.916031	13.183206	-26.923664	9.504168
0.173340	1.662842	-0.493164	-2.885496	5.984733	5.045802	9.514213
0.162598	1.621826	-0.521729	3.053435	2.045802	33.244275	9.523857
0.151611	1.529297	-0.539551	7.702290	-0.244275	64.015267	9.534133
0.130615	1.407227	-0.540039	11.603053	-2.931298	87.877863	9.543864
0.109375	1.257568	-0.541016	14.160305	-6.564885	108.923664	9.554242
0.097900	1.035645	-0.534180	18.129771	-15.961832	124.961832	9.564780
0.068115	0.868652	-0.602051	24.709924	-18.786260	129.641221	9.574532
0.256104	0.523193	-0.583496	14.809160	-27.290076	118.091603	9.584594
0.170166	0.414795	-0.590088	19.160305	-23.496183	117.473282	9.594921
0.095703	0.181641	-0.681152	22.007634	-31.282443	113.946565	9.605262
0.060547	-0.117432	-0.746338	11.740458	-34.877863	85.374046	9.615356
0.035400	-0.181641	-0.823486	-6.984733	-28.648855	48.534351	9.625469
0.031494	-0.152588	-0.856445	-14.641221	-17.145038	3.770992	9.635486
0.042969	-0.000732	-0.874512	-16.717557	-7.648855	-32.847328	9.645270
0.054199	0.180908	-0.873291	-18.709924	-1.557252	-57.206107	9.655610
0.061279	0.304932	-0.863770	-17.229008	2.511450	-72.091603	9.665599
0.065674	0.416992	-0.853271	-13.312977	11.175573	-86.320611	9.675930
0.073975	0.527588	-0.804443	-16.770992	22.282443	-97.541985	9.685858
0.052979	0.716797	-0.697021	-21.923664	27.984733	-106.213740	9.695954
0.076660	0.932129	-0.658203	-23.068702	33.572519	-111.389313	9.705776
0.096191	1.205811	-0.600830	-21.755725	41.480916	-108.206107	9.715740
0.149658	1.501953	-0.546387	-22.175573	35.106870	-86.297710	9.725757
0.243164	1.699219	-0.484863	-13.732824	25.687023	-48.335878	9.735908
0.260986	1.739990	-0.471191	-2.809160	11.908397	-6.725191	9.745953
0.224121	1.632812	-0.493408	8.030534	0.206107	34.007634	9.756263
0.180908	1.413818	-0.547119	14.946565	-4.786260	61.618321	9.766396
0.162354	1.286621	-0.563232	17.893130	-5.916031	80.977099	9.776245
0.173096	1.148193	-0.549805	18.618321	-10.618321	98.839695	9.786065
0.126709	0.943115	-0.574951	21.328244	-16.740458	109.961832	9.795981
0.248535	0.616211	-0.551758	8.160305	-23.198473	107.145038	9.805964
0.114258	0.606689	-0.634033	24.267176	-17.145038	95.786260	9.815455
0.126709	0.481689	-0.693359	19.480916	-24.786260	94.740458	9.825708
0.156250	0.282959	-0.704590	21.580153	-24.954198	78.816794	9.835611
0.139404	0.123535	-0.744385	16.091603	-24.557252	62.343511	9.845390
0.085693	0.009033	-0.787109	6.282443	-21.404580	37.122137	9.855682
0.085693	-0.034424	-0.820068	-4.312977	-16.160305	4.053435	9.865795
0.063965	0.047607	-0.859131	-8.938931	-10.778626	-28.267176	9.875895
0.057373	0.150879	-0.862061	-14.709924	-5.893130	-51.625954	9.885866
0.041260	0.289307	-0.859375	-18.244275	0.183206	-68.328244	9.895829
0.042236	0.463623	-0.825684	-18.916031	11.488550	-83.244275	9.905865
0.034912	0.659668	-0.786133	-21.595420	21.984733	-98.801527	9.916069
0.071777	0.861328	-0.691895	-26.129771	33.229008	-112.725191	9.926306
0.115967	1.183105	-0.538574	-26.152672	39.190840	-112.061069	9.936190
0.203857	1.460205	-0.478516	-30.076336	28.603053	-91.480916	9.946415
0.228760	1.679199	-0.447510	-18.335878	21.679389	-57.519084	9.956295
0.265137	1.774414	-0.421387	-13.160305	7.824427	-12.458015	9.966687
0.244873	1.747559	-0.459717	-5.839695	-6.343511	29.763359	9.976593
0.174072	1.548828	-0.543945	3.603053	-13.190840	62.091603	9.986823
0.164307	1.398193	-0.583740	6.854962	-15.236641	86.549618	9.996626
0.146729	1.221191	-0.586670	13.198473	-23.038168	108.908397	10.006991
0.159424	0.903320	-0.635742	21.458015	-29.061069	120.389313	10.016996
0.067627	0.437500	-0.654541	22.068702	-41.305344	106.534351	10.026893
0.060059	0.016602	-0.746826	37.190840	-35.053435	80.618321	10.036664
0.001953	-0.123047	-0.828125	22.381679	-26.129771	40.717557	10.046953
0.063721	-0.098877	-0.817139	6.618321	-21.236641	-3.625954	10.057108
0.096680	-0.022461	-0.816406	-3.748092	-16.374046	-27.320611	10.067029
0.086914	0.081299	-0.832520	-9.503817	-14.709924	-49.534351	10.076574
0.060059	0.184570	-0.848877	-14.694656	-9.885496	-67.877863	10.087326
0.043945	0.319336	-0.857178	-16.786260	-4.297710	-79.435115	10.097608
0.051514	0.412842	-0.840332	-17.480916	2.015267	-85.213740	10.107443
0.053955	0.529785	-0.830322	-18.076336	10.076336	-92.610687	10.117406
0.038818	0.681152	-0.751953	-20.816794	15.541985	-97.946565	10.127613
0.060303	0.858887	-0.712402	-25.396947	17.503817	-98.557252	10.137530
0.098633	0.998291	-0.635986	-20.564885	16.167939	-92.374046	10.146960
0.097412	1.122314	-0.595215	-17.106870	12.984733	-81.694656	10.157370
0.108887	1.251221	-0.570801	-13.328244	9.709924	-70.274809	10.167919
0.101318	1.362305	-0.588135	-8.633588	8.389313	-52.251908	10.177887
0.135986	1.451660	-0.549072	-7.763359	7.488550	-32.977099	10.188285
0.155762	1.552979	-0.548340	-3.145038	2.893130	1.763359	10.201312
0.156982	1.548828	-0.559082	-0.870229	-1.427481	32.396947	10.211614
0.153564	1.496826	-0.567383	1.175573	-3.755725	56.938931	10.221872
0.145264	1.415771	-0.568359	3.618321	-6.381679	83.297710	10.231970
0.127441	1.296631	-0.572266	4.404580	-10.076336	103.068702	10.241969
0.127197	1.178467	-0.590088	6.259542	-14.801527	119.206107	10.252069
0.142334	1.045410	-0.616943	8.473282	-23.213740	136.435115	10.262247
0.196777	0.737793	-0.616455	11.221374	-29.106870	162.198473	10.272360
0.106445	0.485352	-0.684082	15.450382	-35.900763	150.213740	10.282433
0.108643	0.097168	-0.636230	20.984733	-43.648855	137.832061	10.292428
-0.013428	-0.315430	-0.735596	12.251908	-50.572519	104.572519	10.302361
-0.001221	-0.485840	-0.823486	-9.045802	-37.496183	51.580153	10.312610
-0.036377	-0.314453	-0.914062	-20.801527	-23.564885	-13.068702	10.322534
0.010010	-0.028809	-0.854980	-22.503817	-6.358779	-53.786260	10.332693
0.040527	0.170654	-0.851562	-24.290076	-8.786260	-69.587786	10.342682
0.029785	0.259033	-0.887939	-23.480916	-2.496183	-89.809160	10.352779
-0.007812	0.389160	-0.869629	-23.312977	9.923664	-101.809160	10.362829
0.072754	0.533203	-0.784424	-23.458015	16.183206	-112.687023	10.373037
0.065186	0.714111	-0.737793	-26.786260	21.534351	-111.381679	10.383126
0.076416	0.864746	-0.710205	-29.183206	24.671756	-110.396947	10.393118
0.054688	1.082764	-0.698975	-25.610687	32.603053	-105.175573	10.403113
0.100098	1.266846	-0.639893	-22.503817	36.236641	-95.236641	10.413426
0.140625	1.420898	-0.550049	-15.755725	33.435115	-75.839695	10.423407
0.155029	1.552002	-0.520752	-8.534351	24.244275	-48.923664	10.433650
0.173096	1.587402	-0.519287	-0.656489	15.900763	-21.007634	10.443699
0.179443	1.582275	-0.525146	5.129771	10.473282	9.290076	10.454039
0.186523	1.547363	-0.526855	7.427481	5.763359	39.045802	10.463797
0.163330	1.472900	-0.541992	10.854962	0.381679	68.351145	10.474050
0.152100	1.331543	-0.570801	14.595420	-3.824427	90.236641	10.484155
0.148926	1.177734	-0.591064	15.229008	-7.702290	110.473282	10.494246
0.154785	1.016846	-0.600586	15.053435	-15.893130	126.587786	10.504502
0.301025	0.552979	-0.534424	9.099237	-22.664122	136.969466	10.514545
0.170410	0.512207	-0.671143	20.534351	-17.213740	136.473282	10.524460
0.096191	0.369873	-0.687500	15.045802	-28.877863	132.755725	10.534363
0.118164	0.109863	-0.710205	14.213740	-26.122137	112.717557	10.544377
0.070068	-0.077148	-0.782959	6.809160	-27.961832	86.946565	10.554558
0.000732	-0.137207	-0.826660	-0.557252	-16.167939	47.870229	10.564635
-0.003418	-0.139160	-0.843262	-8.770992	-7.641221	4.786260	10.574539
0.023926	-0.080566	-0.804199	-26.595420	-3.343511	-33.496183	10.584915
0.053711	0.108154	-0.820312	-20.122137	-0.977099	-65.824427	10.595166
0.063477	0.275146	-0.827637	-18.809160	5.809160	-88.931298	10.605462
0.034668	0.390869	-0.768066	-23.725191	13.740458	-108.435115	10.615407
0.071045	0.655029	-0.690430	-27.404580	21.572519	-126.572519	10.625354
0.059570	1.013428	-0.709473	-26.564885	27.557252	-127.022901	10.635439
0.079590	1.337646	-0.683838	-22.190840	32.045802	-115.435115	10.645490
0.171387	1.632080	-0.618896	-14.152672	30.290076	-91.519084	10.655788
0.233398	1.833496	-0.574219	-2.748092	22.267176	-46.091603	10.665834
0.273438	1.877686	-0.560303	10.992366	11.396947	5.595420	10.676023
0.248291	1.722900	-0.563232	20.984733	1.244275	56.450382	10.686801
0.209473	1.443848	-0.586182	27.091603	-3.908397	87.977099	10.696910
0.175781	1.284424	-0.573486	29.931298	-8.480916	112.251908	10.707146
0.153564	1.101562	-0.593018	32.007634	-15.213740	131.587786	10.717216
0.174805	0.862793	-0.612061	26.641221	-20.908397	139.442748	10.727125
0.158447	0.659912	-0.692627	56.381679	2.786260	141.694656	10.737216
0.154053	0.399658	-0.656982	33.664122	-29.564885	127.595420	10.747406
0.071045	0.140137	-0.703613	21.641221	-35.129771	113.312977	10.757537
0.063965	-0.175537	-0.759766	16.061069	-29.549618	76.473282	10.767871
0.053223	-0.215576	-0.808838	-1.534351	-15.022901	32.488550	10.777799
0.074463	-0.070801	-0.765137	-13.152672	-7.908397	-7.717557	10.788175
0.101318	0.076416	-0.786621	-13.480916	-10.511450	-29.175573	10.798178
0.103760	0.200195	-0.843018	-15.938931	-10.099237	-51.328244	10.808776
0.079346	0.297852	-0.881592	-14.992366	-6.793893	-67.557252	10.818775
0.060303	0.432373	-0.887939	-15.977099	0.763359	-79.412214	10.828743
0.099609	0.542480	-0.833740	-15.305344	11.580153	-87.320611	10.839017
0.108398	0.678223	-0.767090	-15.167939	15.572519	-90.465649	10.849067
0.115479	0.843018	-0.718262	-10.893130	21.183206	-94.206107	10.859421
0.158447	1.053955	-0.715088	-17.068702	20.183206	-90.374046	10.869462
0.187744	1.283447	-0.677490	-14.717557	22.854962	-77.610687	10.879369
0.224121	1.391846	-0.618164	-9.992366	20.908397	-55.251908	10.889580
0.242432	1.489258	-0.584717	-5.664122	16.343511	-30.083969	10.899636
0.257568	1.540283	-0.575195	-1.916031	11.007634	-2.335878	10.909619
0.259521	1.519043	-0.586670	1.419847	4.816794	26.801527	10.919674
0.246094	1.460205	-0.637207	5.648855	0.290076	54.190840	10.929928
0.227539	1.370361	-0.651123	10.877863	-2.343511	76.534351	10.939900
0.208496	1.256592	-0.660400	14.381679	-3.916031	96.862595	10.949646
0.120850	1.222168	-0.633545	25.969466	6.694656	115.419847	10.960028
0.189697	0.847168	-0.655273	14.374046	-18.419847	140.213740	10.970174
0.186279	0.496338	-0.653809	16.900763	-28.244275	134.893130	10.980006
0.114258	0.156738	-0.725342	25.129771	-30.030534	128.419847	10.990297
0.076904	-0.290771	-0.751953	18.305344	-27.961832	90.045802	11.000153
0.013672	-0.325928	-0.843262	0.885496	-18.045802	31.114504	11.010201
0.077881	-0.168457	-0.802979	-9.213740	-3.381679	-14.007634	11.020274
0.109619	0.013184	-0.800293	-17.053435	-5.832061	-38.511450	11.030338
0.079346	0.147949	-0.857910	-17.381679	-3.053435	-59.160305	11.040548
0.105713	0.228760	-0.857422	-14.824427	0.312977	-81.152672	11.050714
0.063721	0.359375	-0.819336	-18.381679	7.832061	-96.679389	11.060689
0.083740	0.583496	-0.771240	-20.824427	16.801527	-106.916031	11.070861
0.086426	0.798828	-0.776367	-19.282443	19.480916	-105.541985	11.080785
0.086182	0.967041	-0.741699	-16.458015	25.862595	-104.526718	11.090795
0.141357	1.145996	-0.691895	-24.083969	29.473282	-95.427481	11.100831
0.180176	1.314453	-0.632324	-19.152672	31.335878	-81.419847	11.111185
0.214844	1.462646	-0.598389	-13.389313	28.595420	-58.908397	11.121035
0.243652	1.550781	-0.536377	-9.587786	19.580153	-31.206107	11.131290
0.255615	1.545898	-0.530273	-5.083969	9.984733	3.534351	11.141639
0.241211	1.503174	-0.580322	1.282443	2.618321	30.061069	11.151549
0.214600	1.406494	-0.621582	4.106870	-1.557252	56.938931	11.161717
0.202393	1.278320	-0.626465	8.526718	-3.679389	80.770992	11.172201
0.096924	1.268799	-0.624512	19.847328	4.419847	101.022901	11.182159
0.209229	0.983887	-0.624268	12.488550	-12.977099	119.717557	11.192025
0.244385	0.740967	-0.667480	15.847328	-26.244275	123.709924	11.201483
0.202148	0.426025	-0.719482	19.893130	-29.541985	133.381679	11.211271
0.129150	0.065918	-0.717529	18.404580	-36.534351	122.190840	11.220531
0.026367	-0.249023	-0.757324	3.106870	-39.740458	87.045802	11.230004
-0.001465	-0.358154	-0.812988	-3.381679	-25.152672	37.458015	11.239194
0.025391	-0.186768	-0.790039	5.007634	-10.404580	-35.656489	11.249669
0.057129	0.007812	-0.837158	-28.824427	-4.664122	-54.908397	11.259754
0.088623	0.184326	-0.808838	-26.580153	-5.061069	-77.351145	11.270487
0.062256	0.304443	-0.853516	-18.610687	-1.045802	-98.312977	11.281045
0.053223	0.459961	-0.862793	-21.770992	8.664122	-107.343511	11.291096
0.090576	0.621826	-0.834473	-21.786260	18.740458	-117.320611	11.301283
0.063965	0.845703	-0.781494	-21.061069	29.519084	-116.847328	11.311490
0.131348	1.044189	-0.686279	-14.045802	36.274809	-115.954198	11.321355
0.181885	1.210693	-0.680420	-21.404580	33.297710	-93.625954	11.331214
0.220947	1.507324	-0.551025	-11.900763	39.954198	-81.206107	11.341485
0.288330	1.678955	-0.453857	-8.083969	25.717557	-43.900763	11.351111
0.280762	1.676025	-0.521240	-1.595420	9.511450	-2.198473	11.361399
0.255127	1.607666	-0.566650	1.152672	4.793893	34.618321	11.371738
0.223877	1.498291	-0.577148	8.541985	0.190840	60.954198	11.381867
0.198242	1.371094	-0.620850	14.251908	-2.755725	87.786260	11.392126
0.177246	1.218994	-0.634277	17.816794	-4.549618	107.839695	11.402513
0.192871	1.019287	-0.582031	11.900763	-13.984733	127.977099	11.413448
0.228516	0.824951	-0.641846	27.236641	-17.946565	132.770992	11.423433
0.218994	0.603760	-0.700439	29.793893	-19.412214	142.236641	11.433546
0.194336	0.224365	-0.715332	23.793893	-28.015267	143.480916	11.443713
0.108643	-0.088379	-0.765137	13.381679	-33.969466	121.106870	11.453814
0.084961	-0.103760	-0.808594	11.404580	-21.076336	62.083969	11.464033
0.046631	-0.434570	-0.923340	-6.351145	-18.328244	36.305344	11.474051
0.039062	-0.282227	-0.945312	-15.870229	-1.129771	-14.328244	11.484254
0.089600	-0.086182	-0.857910	-17.267176	1.305344	-51.442748	11.494016
0.082520	0.078857	-0.901123	-20.488550	1.129771	-73.015267	11.503668
0.071533	0.168457	-0.890381	-15.786260	4.244275	-91.381679	11.513911
0.062988	0.289062	-0.849365	-13.122137	12.473282	-114.526718	11.523637
0.047119	0.470459	-0.808105	-13.038168	21.312977	-127.358779	11.533446
0.076660	0.663330	-0.763184	-18.358779	26.503817	-131.969466	11.543630
0.094727	0.883057	-0.698730	-15.832061	33.702290	-130.274809	11.553363
0.083496	0.964844	-0.686035	-16.000000	37.885496	-111.213740	11.563992
0.182617	1.239014	-0.562988	-26.595420	36.244275	-108.648855	11.573982
0.207764	1.546631	-0.508789	-28.740458	34.969466	-94.870229	11.583991
0.244629	1.688232	-0.444580	-15.412214	27.412214	-63.160305	11.593747
0.264404	1.778809	-0.462891	-7.358779	12.427481	-24.022901	11.604088
0.237549	1.699707	-0.489258	1.007634	8.206107	18.992366	11.614185
0.217773	1.602783	-0.525879	2.679389	-0.007634	48.114504	11.624053
0.188965	1.521973	-0.565430	7.618321	-7.229008	75.862595	11.634119
0.178467	1.397949	-0.588623	14.893130	-11.534351	100.259542	11.644087
0.194336	1.248047	-0.590576	20.557252	-18.488550	118.580153	11.654146
0.254883	1.030273	-0.688965	16.404580	-25.022901	146.229008	11.664300
0.252930	0.792480	-0.631836	24.312977	-25.473282	157.015267	11.674034
0.218262	0.447266	-0.651367	25.480916	-44.656489	162.312977	11.684235
0.127197	0.141846	-0.731201	26.068702	-53.335878	152.824427	11.694121
0.060547	-0.276855	-0.646240	38.419847	-60.366412	124.938931	11.704377
-0.047363	-0.564941	-0.896240	23.175573	-63.129771	64.854962	11.714391
-0.103027	-0.570557	-1.074463	-4.053435	-30.687023	7.946565	11.724485
0.005127	-0.274414	-0.918945	-23.427481	-5.786260	-53.381679	11.734507
0.019775	0.076416	-0.919189	-24.572519	-2.641221	-85.793893	11.744528
0.039062	0.196777	-0.965820	-23.931298	5.671756	-105.770992	11.754666
0.041504	0.338135	-0.893555	-25.290076	16.870229	-123.801527	11.764813
0.024414	0.415283	-0.898682	-22.282443	25.290076	-127.122137	11.775207
0.046631	0.743408	-0.851807	-31.351145	41.053435	-138.618321	11.785279
0.160889	1.015869	-0.717041	-32.503817	47.534351	-136.717557	11.795192
0.224609	1.252930	-0.607178	-17.419847	41.969466	-116.083969	11.804729
0.231445	1.403320	-0.635986	-27.648855	33.068702	-87.053435	11.814147
0.257812	1.561035	-0.541748	-19.221374	30.175573	-59.374046	11.824062
0.282959	1.606201	-0.502197	-14.564885	19.603053	-24.969466	11.833508
0.274658	1.623779	-0.515625	-6.351145	7.198473	10.946565	11.844437
0.251709	1.540771	-0.587158	0.786260	-0.824427	40.992366	11.854815
0.231201	1.437012	-0.646240	8.732824	-3.114504	69.923664	11.865319
0.207520	1.302246	-0.622070	13.763359	-4.893130	93.549618	11.875531
0.213623	1.150635	-0.597656	16.763359	-10.465649	114.580153	11.885706
0.379150	0.839600	-0.540039	30.465649	-7.885496	135.175573	11.895563
0.156982	0.751221	-0.626465	17.419847	-14.496183	135.488550	11.905882
0.189697	0.656006	-0.663818	23.618321	-23.458015	135.099237	11.915920
0.229736	0.399658	-0.678955	17.862595	-27.923664	138.465649	11.926138
0.173584	0.155029	-0.676758	14.267176	-37.732824	128.824427	11.935842
0.133057	-0.020264	-0.676514	33.564885	-42.793893	92.099237	11.946011
0.066895	-0.319336	-0.826904	20.442748	-44.778626	60.206107	11.956328
0.021240	-0.437500	-0.922852	6.664122	-32.687023	15.221374	11.966259
0.041016	-0.338135	-0.932617	-14.755725	-13.923664	-33.091603	11.976221
0.083496	-0.034424	-0.889648	-13.099237	-7.091603	-73.175573	11.986508
0.038818	0.145752	-0.955811	-14.351145	-4.450382	-91.541985	11.996168
0.057129	0.230225	-0.942627	-15.625954	6.114504	-110.526718	12.006624
0.062012	0.443115	-0.871582	-15.702290	18.748092	-123.480916	12.016870
0.053711	0.525635	-0.898682	-34.564885	28.496183	-113.870229	12.026776
0.103516	0.752686	-0.787354	-25.641221	43.251908	-125.412214	12.037021
0.145264	1.068848	-0.656494	-17.458015	48.312977	-124.763359	12.046859
0.206299	1.339355	-0.615967	-27.923664	39.977099	-105.824427	12.056876
0.217529	1.430908	-0.555664	-23.717557	31.358779	-81.992366	12.066788
0.256836	1.511230	-0.529053	-17.969466	22.770992	-56.687023	12.076834
0.337158	1.547363	-0.533691	-12.091603	17.938931	-24.618321	12.086821
0.251709	1.611328	-0.570068	-6.236641	5.343511	1.198473	12.096326
0.220703	1.569824	-0.603760	-2.343511	0.992366	30.458015	12.105875
0.233398	1.470947	-0.609375	4.717557	-4.435115	56.687023	12.115344
0.223877	1.362793	-0.662109	14.061069	-3.908397	80.656489	12.124879
0.238281	1.195312	-0.622559	16.427481	-7.412214	100.328244	12.135061
0.253906	0.995117	-0.621094	17.083969	-18.328244	122.114504	12.145433
0.239746	0.750732	-0.683594	16.793893	-24.618321	135.343511	12.155378
0.199219	0.435303	-0.695068	11.679389	-32.541985	142.954198	12.165580
0.096924	0.192871	-0.714355	8.732824	-41.160305	122.053435	12.175429
0.045166	-0.047607	-0.821777	7.312977	-34.770992	97.908397	12.185251
-0.008789	-0.245605	-0.817139	6.732824	-29.358779	48.297710	12.196332
-0.025146	-0.178467	-0.987061	-18.190840	-10.442748	-13.595420	12.207718
0.057373	0.114502	-0.843750	-18.305344	3.610687	-48.236641	12.217462
0.097656	0.253906	-0.831055	-12.099237	1.358779	-67.122137	12.227821
0.069092	0.289551	-0.848877	-12.320611	4.167939	-80.618321	12.238114
0.104492	0.395264	-0.802490	-13.022901	10.374046	-95.274809	12.247829
0.127930	0.569092	-0.769775	-13.358779	13.786260	-99.274809	12.258165
0.145264	0.726562	-0.760254	-14.190840	19.969466	-95.633588	12.268254
0.164551	0.858643	-0.718262	-22.786260	22.900763	-89.687023	12.278149
0.208740	1.176025	-0.688232	-24.450382	29.877863	-87.122137	12.288186
0.238281	1.258057	-0.552246	-16.984733	29.198473	-64.541985	12.298290
0.288330	1.365479	-0.543457	-14.763359	14.236641	-40.305344	12.308538
0.297607	1.419922	-0.583984	-14.580153	5.870229	-15.465649	12.318460
0.293945	1.402344	-0.622314	-9.267176	-1.419847	11.816794	12.328646
0.296631	1.340820	-0.638428	-6.328244	-6.412214	37.244275	12.338817
0.269043	1.269043	-0.655029	-3.603053	-9.007634	57.931298	12.348784
0.262695	1.166260	-0.686035	1.793893	-11.816794	76.717557	12.359329
0.242920	1.034912	-0.694336	5.572519	-15.091603	91.389313	12.369287
0.270508	0.896973	-0.684570	8.343511	-19.526718	103.137405	12.379145
0.263184	0.623779	-0.686279	-6.282443	-29.213740	110.038168	12.389404
0.230469	0.508789	-0.737305	3.534351	-26.732824	116.076336	12.399319
0.176514	0.259277	-0.733887	9.603053	-32.740458	114.396947	12.409337
0.091309	0.010254	-0.800049	8.496183	-32.580153	89.007634	12.419005
0.062988	-0.110840	-0.850098	-1.267176	-25.198473	47.343511	12.428904
0.034424	-0.101562	-0.885010	-9.465649	-12.267176	7.839695	12.438785
0.066650	0.028320	-0.868164	-15.396947	-3.572519	-32.740458	12.449634
0.087402	0.205811	-0.866455	-17.572519	-2.114504	-56.213740	12.460577
0.090088	0.277832	-0.892822	-11.076336	0.366412	-79.389313	12.470432
0.071777	0.451172	-0.935547	-5.022901	10.358779	-94.396947	12.480277
0.120605	0.598389	-0.857178	-4.885496	25.053435	-100.129771	12.490719
0.155029	0.739746	-0.731201	-6.633588	29.282443	-99.633588	12.500792
0.175781	0.916992	-0.708984	-15.358779	27.541985	-92.671756	12.510885
0.193848	1.087158	-0.670166	-15.511450	28.091603	-80.282443	12.520863
0.224365	1.225830	-0.634033	-19.496183	27.541985	-65.007634	12.530951
0.236328	1.371338	-0.602783	-19.167939	22.106870	-43.916031	12.540827
0.257324	1.434814	-0.602295	-15.862595	15.343511	-17.122137	12.551054
0.264893	1.452393	-0.607666	-11.519084	9.709924	12.229008	12.561627
0.264160	1.413574	-0.610840	-8.030534	1.816794	38.190840	12.571629
0.241211	1.318115	-0.635986	-2.206107	-1.328244	61.022901	12.581628
0.250977	1.202881	-0.625488	2.732824	-4.900763	82.687023	12.591846
0.251709	0.992676	-0.603760	3.145038	-10.267176	101.152672	12.601783
0.245605	0.814697	-0.633789	5.160305	-19.015267	113.206107	12.612288
0.206543	0.589355	-0.658203	-1.152672	-26.297710	111.419847	12.622391
0.188232	0.361084	-0.642334	5.625954	-32.106870	102.938931	12.632487
0.136230	0.148438	-0.695557	1.778626	-33.198473	87.083969	12.642461
0.083496	-0.001465	-0.775879	-4.381679	-29.473282	51.236641	12.652446
0.072266	0.020752	-0.869141	-11.694656	-18.595420	6.557252	12.662750
0.103271	0.157715	-0.854248	-17.900763	-10.854962	-24.282443	12.672556
0.129883	0.323486	-0.846191	-18.267176	-11.587786	-45.175573	12.682654
0.105469	0.382812	-0.920166	-12.839695	-6.244275	-59.480916	12.692624
0.110840	0.463867	-0.916016	-11.877863	3.618321	-70.603053	12.702381
0.153564	0.552979	-0.849854	-12.190840	12.618321	-75.465649	12.712119
0.195557	0.635986	-0.791992	-9.221374	14.633588	-79.335878	12.721619
0.199951	0.746094	-0.745117	-16.641221	17.297710	-76.465649	12.731245
0.220459	0.944580	-0.680176	-22.969466	18.816794	-68.091603	12.741635
0.242432	1.076660	-0.632812	-24.282443	17.778626	-57.099237	12.751711
0.247803	1.186523	-0.624756	-24.366412	13.740458	-41.916031	12.762031
0.254639	1.248291	-0.632080	-22.549618	8.786260	-23.160305	12.772004
0.264404	1.268066	-0.654541	-18.167939	3.992366	-4.320611	12.782205
0.251953	1.237549	-0.667969	-14.374046	-0.137405	15.503817	12.792107
0.224609	1.154785	-0.682617	-9.137405	-2.763359	30.770992	12.802264
0.192139	1.055176	-0.686035	-8.587786	-4.984733	43.503817	12.812467
0.185547	0.973389	-0.677490	-3.358779	-5.488550	51.381679	12.822288
0.226074	0.878174	-0.668457	-8.893130	-10.206107	56.259542	12.832251
0.217773	0.781738	-0.678467	-4.335878	-8.954198	64.977099	12.842344
0.190918	0.675781	-0.663330	-4.114504	-14.076336	73.908397	12.852374
0.157227	0.556396	-0.735840	-5.091603	-13.847328	70.625954	12.862663
0.169678	0.422363	-0.735840	-1.656489	-11.534351	58.343511	12.872767
0.160400	0.338379	-0.729980	-2.885496	-9.022901	45.435115	12.882600
0.142578	0.255371	-0.723389	-2.961832	-5.969466	27.931298	12.892665
0.143066	0.215576	-0.726074	-5.740458	-2.282443	8.618321	12.902716
0.150635	0.233398	-0.701660	-7.847328	2.038168	-11.839695	12.913019
0.171387	0.305176	-0.698975	-9.603053	4.404580	-29.961832	12.922779
0.167969	0.386230	-0.690918	-7.167939	5.160305	-44.488550	12.933490
0.178711	0.457520	-0.703369	-5.893130	6.145038	-54.824427	12.943689
0.168457	0.584961	-0.689697	-5.221374	8.496183	-63.496183	12.953561
0.193359	0.667236	-0.708984	-5.977099	11.038168	-63.106870	12.964064
0.201660	0.843750	-0.669189	-4.809160	16.824427	-64.389313	12.974157
0.229492	0.967285	-0.649902	-9.106870	13.290076	-57.022901	12.984174
0.242676	1.069336	-0.634766	-11.839695	12.091603	-45.221374	12.994050
0.262939	1.145996	-0.637939	-11.961832	8.862595	-32.061069	13.004523
0.277832	1.197998	-0.636963	-11.427481	4.717557	-17.381679	13.014200
0.273438	1.209961	-0.657715	-8.992366	1.229008	-2.954198	13.023691
0.264404	1.211182	-0.671143	-6.740458	-1.404580	13.320611	13.034025
0.247314	1.174072	-0.692627	-2.816794	-3.503817	28.106870	13.044342
0.248047	1.120117	-0.715332	0.656489	-4.167939	39.961832	13.054881
0.226807	1.026611	-0.712402	2.335878	-5.038168	49.809160	13.065417
0.217773	0.937988	-0.718994	4.763359	-4.671756	57.175573	13.075480
0.230225	0.859131	-0.717285	4.564885	-5.969466	62.511450	13.085112
0.158691	0.822266	-0.737793	1.229008	-5.816794	64.702290	13.095189
0.257812	0.615479	-0.698975	-5.984733	-15.877863	74.183206	13.105593
0.218018	0.461914	-0.752686	-6.786260	-15.030534	69.969466	13.115517
0.165527	0.304932	-0.798584	-9.206107	-15.282443	50.175573	13.125881
0.128662	0.243164	-0.825928	-12.450382	-8.274809	28.129771	13.135988
0.122559	0.244385	-0.817139	-15.061069	-3.114504	4.938931	13.145832
0.131104	0.297607	-0.832520	-16.198473	3.251908	-16.938931	13.156359
0.152832	0.371338	-0.797363	-16.809160	10.122137	-31.908397	13.166411
0.159668	0.414551	-0.747314	-14.053435	11.992366	-45.603053	13.176270
0.163330	0.467773	-0.716553	-12.770992	15.083969	-57.335878	13.186245
0.176025	0.547119	-0.672363	-14.786260	16.564885	-65.572519	13.196233
0.178955	0.701172	-0.656982	-12.763359	18.160305	-71.236641	13.206270
0.211670	0.826904	-0.613281	-13.404580	20.793893	-72.007634	13.216652
0.240967	0.999268	-0.572021	-16.068702	18.022901	-61.893130	13.226785
0.255127	1.103516	-0.567139	-16.000000	13.030534	-46.572519	13.236841
0.265869	1.155762	-0.576416	-15.694656	9.694656	-29.916031	13.247008
0.264404	1.211670	-0.595703	-13.190840	8.114504	-13.282443	13.257117
0.273438	1.207520	-0.572510	-10.755725	4.641221	4.244275	13.267196
0.260986	1.158447	-0.589111	-6.893130	-0.404580	19.068702	13.277320
0.240479	1.103516	-0.618652	-5.862595	-2.282443	30.458015	13.287314
0.237793	1.067383	-0.632080	-0.740458	-3.877863	41.251908	13.297419
0.253174	0.965576	-0.647705	-0.099237	-5.229008	51.381679	13.307577
0.235107	0.856201	-0.649170	0.358779	-8.068702	57.206107	13.317675
0.116211	0.778809	-0.688965	5.122137	-4.213740	62.969466	13.327921
0.241943	0.666992	-0.687988	-0.595420	-16.389313	61.251908	13.337739
0.188232	0.497070	-0.715576	-1.709924	-15.335878	53.244275	13.348037
0.160645	0.378418	-0.756836	-4.404580	-12.603053	40.480916	13.358535
0.165771	0.330078	-0.760986	-6.320611	-7.374046	17.351145	13.368423
0.145020	0.360596	-0.749268	-7.755725	-2.839695	-2.641221	13.378426
0.169678	0.441895	-0.726074	-8.534351	-0.183206	-22.045802	13.388666
0.180176	0.522705	-0.725830	-5.885496	0.778626	-33.687023	13.398499
0.195557	0.599365	-0.719238	-1.732824	2.114504	-43.282443	13.408701
0.206299	0.669922	-0.708984	-4.183206	2.603053	-45.259542	13.419206
0.207275	0.719238	-0.702881	-4.893130	4.091603	-43.633588	13.429351
0.197266	0.770020	-0.694824	-4.801527	5.870229	-39.450382	13.439113
0.208984	0.833252	-0.672607	-11.221374	5.641221	-35.839695	13.449326
0.206055	0.897705	-0.670166	-12.709924	6.015267	-30.152672	13.459435
0.216064	0.961182	-0.672607	-11.816794	6.305344	-23.053435	13.469653
0.204346	0.961670	-0.646973	-9.251908	6.389313	-15.809160	13.479550
0.198486	0.951416	-0.639404	-6.145038	5.122137	-9.404580	13.489558
0.217041	0.948730	-0.631592	-3.137405	4.152672	-3.305344	13.499542
0.215332	0.935547	-0.619629	0.198473	2.641221	3.106870	13.509530
0.205566	0.887939	-0.611572	1.244275	1.015267	9.312977	13.519828
0.218018	0.858643	-0.599854	0.564885	-0.847328	13.343511	13.529942
0.204590	0.816895	-0.628662	-0.786260	-2.290076	17.969466	13.539899
0.205322	0.778320	-0.627930	-0.877863	-3.641221	20.687023	13.550128
0.199219	0.715820	-0.628418	-1.511450	-5.832061	21.961832	13.560371
0.166992	0.656006	-0.657227	-2.343511	-7.229008	18.977099	13.570606
0.165527	0.607910	-0.670166	-2.458015	-8.404580	13.312977	13.580629
0.159180	0.604248	-0.684570	-1.763359	-7.679389	6.931298	13.590414
0.147217	0.573975	-0.694580	1.687023	-6.694656	-0.374046	13.600535
0.151123	0.525146	-0.681396	0.374046	-8.091603	-7.755725	13.610309
0.130859	0.465576	-0.672119	0.580153	-10.000000	-16.167939	13.619921
0.131592	0.437988	-0.686523	-1.854962	-8.870229	-29.167939	13.629776
0.154297	0.490967	-0.653320	-1.786260	-8.358779	-44.641221	13.640433
0.117920	0.547852	-0.685547	-1.282443	-7.931298	-58.114504	13.650997
0.116211	0.671875	-0.736572	2.236641	-3.503817	-67.404580	13.660921
0.111572	0.819824	-0.753662	6.175573	3.732824	-70.923664	13.671352
0.129883	0.902588	-0.707031	8.175573	11.847328	-72.389313	13.681488
0.151123	1.072510	-0.673096	4.465649	19.343511	-71.435115	13.691423
0.218750	1.328857	-0.583496	-3.664122	21.526718	-60.809160	13.701593
0.268555	1.563965	-0.542725	-4.106870	17.450382	-39.068702	13.711460
0.314697	1.698242	-0.554199	-2.839695	9.770992	1.320611	13.721586
0.337891	1.695801	-0.591553	-3.190840	2.427481	47.938931	13.731859
0.337402	1.537598	-0.626953	-0.045802	-2.839695	88.786260	13.741606
0.292725	1.281494	-0.660400	-1.213740	-10.618321	118.664122	13.751740
0.250000	1.006836	-0.687012	3.740458	-13.305344	146.053435	13.762290
0.277100	0.683838	-0.585693	-13.061069	-21.259542	141.290076	13.772560
0.229248	0.399170	-0.685547	0.984733	-39.587786	152.847328	13.782561
0.046875	0.083984	-0.744141	18.679389	-30.160305	125.679389	13.792343
-0.011230	-0.322510	-0.802490	20.129771	-35.694656	82.122137	13.802424
-0.037842	-0.535156	-0.876465	20.511450	-24.511450	12.679389	13.812595
-0.022461	-0.471436	-0.810791	32.335878	-8.641221	-62.053435	13.822747
0.039551	-0.102051	-0.869385	-19.068702	-7.236641	-89.282443	13.833353
0.010010	0.158691	-0.921631	-17.290076	3.625954	-117.610687	13.843784
0.007324	0.358398	-0.971680	-14.351145	20.984733	-136.954198	13.853981
0.039307	0.603516	-0.824463	-20.519084	39.786260	-149.465649	13.864257
0.107666	0.859619	-0.743896	-35.351145	47.053435	-150.396947	13.874244
0.175781	1.143555	-0.642334	-30.587786	55.229008	-140.221374	13.884233
0.239502	1.515381	-0.529785	-25.083969	51.389313	-117.793893	13.894305
0.271973	1.710449	-0.502686	-31.862595	39.320611	-76.740458	13.904071
0.299072	1.796143	-0.497070	-26.488550	26.664122	-35.984733	13.914196
0.310303	1.814697	-0.531006	-19.129771	14.358779	7.511450	13.924243
0.307129	1.722900	-0.574707	-7.412214	7.770992	45.503817	13.934510
0.238525	1.579834	-0.610840	7.183206	2.007634	76.015267	13.944345
0.218018	1.372070	-0.616943	13.732824	-2.519084	99.030534	13.954195
0.238770	1.179688	-0.541992	30.045802	-6.068702	116.488550	13.964610
0.233643	0.932861	-0.633545	31.412214	-22.083969	139.969466	13.974722
0.168701	0.598145	-0.676025	37.679389	-29.221374	146.435115	13.984658
0.132812	0.213867	-0.684082	42.984733	-29.206107	133.854962	13.994794
0.063477	-0.028809	-0.717773	36.580153	-29.610687	93.877863	14.004750
0.026123	-0.159424	-0.771240	29.541985	-16.106870	53.351145	14.014936
0.043701	-0.171875	-0.792236	12.038168	-11.458015	9.717557	14.024990
0.056885	-0.004639	-0.857178	-4.595420	-2.732824	-23.114504	14.035186
0.079590	0.207275	-0.857178	-9.633588	3.839695	-41.893130	14.045191
0.072754	0.236328	-0.877197	-15.290076	8.267176	-53.076336	14.055100
0.084473	0.401367	-0.874268	-21.816794	17.549618	-68.000000	14.065225
0.111328	0.633301	-0.817627	-26.412214	27.083969	-72.725191	14.075389
0.143311	0.751709	-0.763184	-34.740458	33.679389	-75.786260	14.085466
0.200684	0.932373	-0.678711	-37.603053	32.297710	-73.175573	14.095438
0.241455	1.118408	-0.640381	-38.641221	29.091603	-63.854962	14.105482
0.266846	1.263916	-0.618408	-35.000000	24.282443	-50.687023	14.115449
0.290527	1.333984	-0.590576	-28.320611	18.381679	-28.870229	14.125559
0.284668	1.373047	-0.581299	-17.030534	13.442748	-6.610687	14.135622
0.285645	1.351074	-0.584229	-6.312977	9.717557	15.931298	14.145751
0.260742	1.315430	-0.619629	3.564885	4.755725	35.717557	14.155760
0.260498	1.208740	-0.597900	8.519084	3.656489	52.977099	14.165841
0.255127	1.096924	-0.584961	8.793893	0.961832	69.916031	14.175885
0.237061	0.994629	-0.590088	9.648855	-1.877863	81.931298	14.185902
0.289062	0.884033	-0.569580	10.068702	-6.083969	92.587786	14.197599
0.274170	0.659668	-0.607666	10.343511	-16.221374	99.916031	14.209058
0.265625	0.551025	-0.620850	19.106870	-18.442748	93.076336	14.219205
0.187256	0.276611	-0.626465	33.786260	-33.152672	76.251908	14.229487
0.114014	-0.037598	-0.774414	16.114504	-34.519084	60.061069	14.239625
0.105469	-0.070312	-0.786621	13.862595	-19.709924	8.961832	14.250028
0.123291	-0.001953	-0.738037	1.916031	-12.786260	-22.984733	14.259935
0.140381	0.145996	-0.729004	-4.610687	-13.671756	-51.503817	14.270471
0.087891	0.215332	-0.836670	-2.603053	-12.213740	-71.435115	14.280649
0.083252	0.392090	-0.869385	-6.916031	-3.244275	-87.328244	14.290771
0.069092	0.608887	-0.889648	-6.648855	7.061069	-89.511450	14.300875
0.094971	0.735840	-0.871582	-7.419847	23.083969	-91.312977	14.310895
0.143555	0.902832	-0.741699	-12.267176	36.526718	-89.870229	14.321166
0.267822	0.970703	-0.627686	-24.038168	31.190840	-70.801527	14.331207
0.278320	1.257568	-0.570312	-27.885496	32.984733	-64.748092	14.341095
