-0.175537	0.839111	0.047119	22.587786	-20.923664	-21.702290	0.003885
-0.219482	0.791992	0.035889	-12.496183	12.656489	0.503817	0.016048
-0.204346	0.714600	0.120117	-48.709924	42.625954	14.923664	0.027876
-0.257812	0.616211	0.291504	-72.160305	67.435115	28.648855	0.039500
-0.278809	0.490234	0.549805	-109.458015	77.786260	43.870229	0.051097
-0.376709	0.168213	0.905273	-151.916031	72.526718	58.961832	0.062684
-0.395996	-0.252930	1.249268	-175.404580	70.908397	69.503817	0.074629
-0.447754	-0.675293	1.588135	-171.473282	55.244275	61.687023	0.086070
-0.426758	-0.945312	1.875977	-144.961832	36.656489	44.450382	0.097686
-0.379883	-1.139648	1.927734	-103.114504	21.099237	20.503817	0.109127
-0.333252	-1.099365	1.842529	-50.519084	2.824427	-7.625954	0.120552
-0.328613	-0.947266	1.737305	9.229008	-15.007634	-32.183206	0.132456
-0.296875	-0.741699	1.563232	55.557252	-33.137405	-42.351145	0.144044
-0.283936	-0.586914	1.385498	94.877863	-46.259542	-43.717557	0.155596
-0.255371	-0.472900	1.223633	122.839695	-51.198473	-45.190840	0.167146
-0.246826	-0.354248	1.089355	145.328244	-56.709924	-51.763359	0.178875
-0.174561	-0.109619	0.923340	156.717557	-54.687023	-60.954198	0.190434
-0.223633	0.109863	0.663818	170.648855	-57.893130	-68.137405	0.202901
-0.172363	0.564209	0.375244	152.129771	-61.801527	-65.145038	0.215087
-0.096436	0.795410	0.020020	108.099237	-39.687023	-35.687023	0.229994
-0.080078	0.905518	-0.154297	52.931298	-13.335878	-13.312977	0.241824
-0.122803	0.814209	-0.120605	-5.419847	28.885496	9.946565	0.253343
-0.144531	0.719727	0.071289	-56.641221	59.618321	19.274809	0.264918
-0.260986	0.553711	0.425537	-103.755725	89.748092	41.709924	0.276455
-0.388916	0.203613	0.972656	-135.519084	90.152672	59.519084	0.288095
-0.475830	-0.281738	1.486572	-144.320611	79.114504	72.610687	0.299575
-0.468506	-0.652344	1.956787	-144.511450	40.992366	55.374046	0.311144
-0.423340	-0.908936	1.999939	-110.900763	-2.068702	35.015267	0.323065
-0.382568	-0.993164	1.926025	-68.229008	-28.267176	5.702290	0.334696
-0.326660	-0.937256	1.722168	-14.137405	-31.381679	-20.366412	0.346371
-0.317627	-0.744629	1.640869	32.206107	-38.572519	-40.664122	0.357872
-0.306152	-0.558105	1.549561	71.755725	-47.236641	-45.900763	0.369370
-0.275391	-0.417725	1.384521	97.450382	-56.259542	-42.679389	0.381116
-0.224854	-0.373047	1.249268	117.519084	-58.916031	-45.122137	0.392470
-0.242432	-0.249756	1.035156	139.854962	-62.122137	-61.778626	0.403964
-0.201416	0.022949	0.727539	163.885496	-61.763359	-67.488550	0.415672
-0.162354	0.472656	0.382324	158.251908	-50.641221	-67.450382	0.427539
-0.101318	0.744385	0.151367	123.206107	-37.435115	-49.374046	0.439492
-0.082275	0.946289	-0.030518	79.038168	-13.389313	-23.450382	0.451066
-0.071533	0.971436	-0.089355	21.076336	17.503817	1.595420	0.462504
-0.179443	0.852295	0.031738	-22.244275	57.282443	29.320611	0.474198
-0.235352	0.674805	0.361084	-78.954198	87.473282	51.992366	0.485617
-0.432129	0.337402	0.875488	-109.267176	86.870229	68.091603	0.497101
-0.406494	0.100342	1.263428	-137.129771	75.923664	80.473282	0.508566
-0.434570	-0.367432	1.584229	-140.732824	53.045802	81.969466	0.520069
-0.389160	-0.721191	1.729492	-133.557252	32.328244	67.236641	0.531766
-0.383789	-0.937256	1.815430	-101.778626	18.274809	40.129771	0.543349
-0.352295	-1.005859	1.881592	-56.992366	3.801527	12.709924	0.555029
-0.356201	-0.921387	1.904053	-3.488550	-19.213740	-15.091603	0.566565
-0.337646	-0.693604	1.771484	43.366412	-41.870229	-29.091603	0.578293
-0.295166	-0.511230	1.530518	77.480916	-58.687023	-35.465649	0.589668
-0.268311	-0.375977	1.217285	100.519084	-66.946565	-39.885496	0.601120
-0.178223	-0.135986	0.895508	133.122137	-60.694656	-49.229008	0.612809
-0.115967	0.231201	0.607178	144.534351	-50.435115	-54.717557	0.624327
-0.017090	0.659668	0.232178	131.374046	-39.671756	-35.221374	0.635858
-0.027100	0.920654	-0.120117	78.923664	-25.106870	-16.297710	0.647280
-0.037354	0.934570	-0.230469	13.732824	11.610687	13.297710	0.658833
-0.103760	0.755615	-0.184814	-39.854962	60.519084	35.396947	0.670462
-0.169434	0.511719	0.153320	-82.534351	107.167939	47.351145	0.682508
-0.334473	0.368652	0.603760	-98.076336	116.061069	46.450382	0.694526
-0.422607	0.242432	0.990723	-122.000000	120.213740	62.114504	0.706855
-0.499756	-0.155518	1.475342	-141.770992	98.129771	71.000000	0.718539
-0.516602	-0.538818	1.787354	-141.977099	64.900763	64.641221	0.730297
-0.464600	-0.851318	1.957031	-121.549618	41.221374	48.893130	0.741609
-0.447754	-1.039307	1.967773	-69.595420	17.282443	21.725191	0.753239
-0.443115	-0.984619	1.930420	-14.435115	-7.244275	-5.320611	0.764785
-0.424805	-0.777344	1.820068	29.511450	-32.885496	-26.099237	0.776381
-0.381104	-0.641846	1.615479	65.709924	-50.022901	-38.519084	0.787981
-0.328857	-0.410400	1.340576	106.549618	-58.145038	-51.770992	0.799365
-0.286865	-0.050049	0.974609	139.541985	-57.587786	-63.152672	0.811453
-0.206787	0.432617	0.635986	154.351145	-57.870229	-58.847328	0.822997
-0.130615	0.800293	0.259521	121.206107	-49.801527	-38.916031	0.834874
-0.107422	0.916504	-0.024658	89.419847	-37.099237	-2.763359	0.846364
-0.086670	0.829102	-0.093506	13.847328	1.580153	25.374046	0.858052
-0.109619	0.590332	0.018555	-39.656489	44.877863	38.992366	0.869495
-0.178955	0.380615	0.297363	-70.267176	78.717557	43.221374	0.881144
-0.306641	0.259521	0.664551	-78.274809	91.404580	41.053435	0.892774
-0.381348	0.246826	0.926270	-92.068702	85.015267	44.381679	0.904334
-0.460449	0.091309	1.144043	-114.801527	79.198473	57.106870	0.915918
-0.497314	-0.245361	1.508545	-125.412214	66.099237	63.786260	0.927689
-0.521729	-0.682861	1.786865	-109.778626	44.274809	55.374046	0.938920
-0.528320	-0.877686	1.936035	-72.114504	18.015267	31.305344	0.950372
-0.512451	-0.856201	1.910645	-25.458015	-6.824427	6.320611	0.961808
-0.497314	-0.741211	1.770996	6.755725	-28.732824	-9.954198	0.973477
-0.477051	-0.639893	1.636963	33.045802	-45.885496	-19.519084	0.985639
-0.429199	-0.569336	1.517090	59.839695	-58.335878	-28.702290	0.997153
-0.364746	-0.401855	1.288818	88.152672	-69.152672	-41.778626	1.009912
-0.313232	-0.156982	0.999756	116.625954	-70.015267	-47.885496	1.021602
-0.259766	0.197998	0.695557	131.992366	-70.526718	-50.351145	1.033440
-0.173584	0.591309	0.358154	123.244275	-59.786260	-35.931298	1.044880
-0.181152	0.654541	0.102051	98.763359	-43.015267	-12.000000	1.056404
-0.119385	0.675537	-0.046631	38.587786	-11.419847	13.297710	1.067952
-0.115967	0.579346	0.002930	-7.366412	24.198473	27.839695	1.079586
-0.158447	0.441162	0.171631	-36.839695	61.931298	33.709924	1.091135
-0.254883	0.334717	0.460938	-62.091603	82.564885	33.595420	1.102571
-0.355225	0.200928	0.760498	-75.320611	88.282443	36.038168	1.114061
-0.418945	0.092529	1.070068	-96.305344	81.206107	36.740458	1.125929
-0.476074	-0.166992	1.446533	-103.610687	66.221374	41.824427	1.137831
-0.506104	-0.470459	1.663818	-104.770992	43.152672	36.671756	1.149203
-0.499268	-0.705566	1.871094	-84.893130	18.603053	18.038168	1.160908
-0.496826	-0.777344	1.880127	-46.687023	-3.206107	1.381679	1.172362
-0.493652	-0.753906	1.809326	-6.648855	-26.465649	-15.992366	1.184201
-0.458008	-0.634277	1.692627	26.503817	-48.427481	-27.496183	1.195787
-0.432617	-0.521973	1.544678	56.244275	-64.984733	-37.213740	1.207319
-0.348877	-0.356934	1.337891	87.458015	-74.297710	-48.000000	1.218850
-0.285156	-0.085693	1.024414	111.343511	-80.854962	-53.167939	1.230550
-0.215820	0.200684	0.712158	125.488550	-73.984733	-51.435115	1.241850
-0.140869	0.490723	0.436279	116.725191	-63.755725	-40.083969	1.253264
-0.055176	0.755859	0.189941	88.076336	-44.511450	-19.580153	1.265013
-0.039795	0.776123	-0.001709	43.885496	-21.885496	-4.236641	1.276772
-0.068115	0.663330	-0.000977	-4.396947	20.618321	12.946565	1.288305
-0.118164	0.514160	0.143311	-39.511450	61.801527	22.312977	1.299845
-0.216309	0.414551	0.441650	-63.206107	90.770992	26.656489	1.310782
-0.334473	0.311279	0.809570	-81.213740	100.091603	33.564885	1.321931
-0.452881	0.101074	1.286621	-96.893130	90.152672	41.618321	1.333651
-0.521729	-0.242188	1.650391	-104.770992	63.900763	44.916031	1.345726
-0.524658	-0.527832	1.841797	-89.641221	32.007634	31.396947	1.357416
-0.519775	-0.647949	1.871826	-64.702290	4.687023	14.519084	1.369321
-0.488281	-0.700439	1.784424	-31.755725	-18.572519	-2.625954	1.381589
-0.471191	-0.663330	1.679932	8.427481	-38.862595	-20.190840	1.393569
-0.449219	-0.476318	1.504639	47.625954	-55.778626	-32.022901	1.405808
-0.367188	-0.332031	1.301514	76.770992	-61.732824	-35.938931	1.417584
-0.318359	-0.145508	1.074707	103.106870	-63.656489	-45.458015	1.429631
-0.317627	0.184082	0.761963	127.419847	-70.923664	-62.068702	1.441096
-0.235840	0.641113	0.259033	118.557252	-58.702290	-45.893130	1.452643
-0.203369	0.865723	-0.152344	91.778626	-25.167939	-7.526718	1.464395
-0.187012	0.949219	-0.197754	43.068702	2.977099	12.419847	1.476221
-0.228027	0.840332	-0.120361	-4.106870	50.511450	36.862595	1.487695
-0.322021	0.633301	0.259277	-42.961832	92.946565	58.122137	1.499304
-0.408203	0.362793	0.748779	-68.633588	98.694656	67.961832	1.510816
-0.446533	0.100586	1.049561	-87.763359	80.015267	68.717557	1.522055
-0.429932	-0.138672	1.215332	-102.557252	55.236641	61.977099	1.533875
-0.432617	-0.386719	1.306641	-114.068702	38.740458	53.709924	1.545366
-0.420166	-0.604492	1.456055	-112.854962	32.038168	39.297710	1.556851
-0.410645	-0.748291	1.586670	-92.290076	23.648855	20.847328	1.568421
-0.444580	-0.846924	1.720947	-58.916031	14.312977	3.335878	1.580201
-0.450928	-0.782227	1.853760	-10.763359	-5.045802	-11.251908	1.591747
-0.438721	-0.687500	1.827393	25.564885	-29.083969	-19.572519	1.603248
-0.403320	-0.603271	1.676514	60.809160	-49.885496	-29.572519	1.614797
-0.341064	-0.445068	1.426758	100.045802	-64.007634	-43.221374	1.626350
-0.298584	-0.119873	1.028076	140.083969	-67.687023	-53.641221	1.638045
-0.325195	0.167725	0.603027	160.801527	-60.160305	-55.412214	1.649562
-0.226318	0.776611	0.210205	179.312977	-57.702290	-38.839695	1.661383
-0.108398	1.204346	-0.211914	117.274809	-45.709924	13.870229	1.673750
-0.111084	0.866699	-0.346436	46.862595	7.137405	60.229008	1.685765
-0.167969	0.596680	-0.136963	-3.572519	58.938931	65.763359	1.697250
-0.257324	0.354492	0.174072	-22.702290	100.320611	65.748092	1.708810
-0.353027	0.320068	0.508789	-42.625954	118.534351	51.267176	1.720293
-0.447754	0.308350	0.853271	-74.297710	109.160305	43.045802	1.732181
-0.505127	0.116455	1.172363	-122.687023	87.442748	43.145038	1.743517
-0.544434	-0.142334	1.449951	-151.862595	62.396947	40.763359	1.755140
-0.555420	-0.439941	1.645020	-152.725191	38.358779	34.488550	1.766527
-0.544922	-0.655029	1.770264	-125.954198	23.251908	23.786260	1.778430
-0.533203	-0.770508	1.881592	-85.557252	8.534351	9.167939	1.789827
-0.521484	-0.788818	1.934082	-40.106870	-9.564885	-5.732824	1.801529
-0.486816	-0.764648	1.902588	3.564885	-30.297710	-21.137405	1.812931
-0.446289	-0.619629	1.737061	59.549618	-48.076336	-34.511450	1.825290
-0.397217	-0.399170	1.475586	102.312977	-62.534351	-45.320611	1.836901
-0.348877	-0.134277	1.162842	132.015267	-71.015267	-50.603053	1.848269
-0.272217	0.194336	0.745361	147.694656	-76.969466	-48.419847	1.859916
-0.568359	0.167725	0.250977	190.488550	-64.068702	-24.847328	1.871404
-0.193604	0.708984	-0.049805	114.450382	-61.946565	-25.618321	1.883319
-0.141602	0.817871	-0.112793	58.862595	-10.465649	-4.816794	1.894845
-0.176514	0.715576	-0.012695	-1.312977	27.389313	8.511450	1.906422
-0.245117	0.582520	0.186279	-34.496183	58.458015	14.854962	1.917731
-0.330078	0.457275	0.478516	-58.625954	80.381679	20.267176	1.929909
-0.402344	0.350342	0.760742	-76.152672	82.290076	23.236641	1.941355
-0.457764	0.190186	1.016602	-97.488550	73.389313	26.297710	1.952742
-0.483154	-0.048828	1.204590	-112.824427	62.015267	28.183206	1.964342
-0.506348	-0.260742	1.362061	-115.793893	52.351145	25.053435	1.976309
-0.524902	-0.430420	1.543213	-106.160305	42.450382	21.015267	1.987756
-0.545898	-0.594238	1.723145	-83.083969	28.549618	15.244275	1.999538
-0.552490	-0.711670	1.866211	-45.870229	7.435115	4.396947	2.011090
-0.545166	-0.751953	1.860107	-1.083969	-17.282443	-9.587786	2.022438
-0.508057	-0.631836	1.693115	51.954198	-35.206107	-24.305344	2.034249
-0.638184	-0.442871	1.412842	110.259542	-53.351145	-36.000000	2.045996
-0.354004	-0.137939	1.015137	134.076336	-59.068702	-38.244275	2.057880
-0.327881	0.167480	0.660645	140.969466	-56.595420	-40.954198	2.069703
-0.220215	0.436523	0.353271	124.244275	-44.641221	-28.328244	2.081898
-0.199707	0.537598	0.137207	94.167939	-22.328244	-16.106870	2.093467
-0.184814	0.564453	0.076416	62.595420	7.458015	-5.244275	2.105540
-0.252930	0.601562	0.164551	25.900763	36.854962	0.442748	2.117170
-0.352051	0.548340	0.369629	-3.374046	55.748092	6.427481	2.128738
-0.439697	0.493164	0.570312	-31.549618	63.282443	10.404580	2.140272
-0.474365	0.481445	0.820068	-65.374046	60.770992	17.076336	2.151818
-0.510742	0.232666	1.005615	-96.549618	50.427481	25.106870	2.163316
-0.539062	-0.032227	1.227051	-111.335878	41.595420	29.526718	2.174988
-0.580322	-0.292236	1.475342	-104.740458	30.282443	27.083969	2.186768
-0.578125	-0.522217	1.710938	-84.183206	8.534351	15.167939	2.201698
-0.572754	-0.647217	1.781738	-56.435115	-8.290076	4.000000	2.213123
-0.501709	-0.645020	1.810547	-22.824427	-27.564885	-8.748092	2.224304
-0.503906	-0.575684	1.739014	17.274809	-49.404580	-23.832061	2.235586
-0.470947	-0.469482	1.567627	48.236641	-63.045802	-29.572519	2.247393
-0.425049	-0.330566	1.359619	82.664122	-73.343511	-38.656489	2.258949
-0.371094	-0.089355	1.087158	111.061069	-79.633588	-43.061069	2.270445
-0.333984	0.312256	0.852539	119.419847	-92.641221	-43.305344	2.282471
-0.245850	0.650879	0.471436	105.343511	-100.198473	-23.870229	2.293998
-0.151123	0.831787	0.081787	67.122137	-98.572519	-3.427481	2.305550
-0.114258	0.853760	-0.301025	6.282443	-62.694656	16.282443	2.317079
-0.110107	0.653320	-0.302979	-35.083969	-1.862595	23.541985	2.328726
-0.173584	0.457764	-0.041260	-52.977099	63.893130	23.961832	2.340280
-0.300537	0.414795	0.343750	-61.870229	101.274809	26.435115	2.351772
-0.396729	0.387695	0.680908	-73.114504	113.343511	32.946565	2.363303
-0.467041	0.277100	0.993896	-84.687023	104.664122	45.763359	2.375126
-0.528320	0.034424	1.225830	-103.702290	84.297710	53.801527	2.386735
-0.513428	-0.240967	1.383789	-112.816794	68.503817	57.946565	2.398128
-0.515381	-0.610840	1.564209	-100.458015	58.068702	51.923664	2.409771
-0.521973	-0.857910	1.715088	-71.167939	48.503817	33.862595	2.421387
-0.593506	-0.965088	1.921143	-26.572519	31.977099	9.480916	2.433070
-0.622314	-0.911621	1.999939	14.961832	0.015267	-17.519084	2.444588
-0.617676	-0.725098	1.991211	51.664122	-39.679389	-35.931298	2.456248
-0.590820	-0.534912	1.691406	80.007634	-72.877863	-45.900763	2.467804
-0.499268	-0.304688	1.315430	106.229008	-90.320611	-50.175573	2.479632
-0.408936	0.000488	0.906494	115.816794	-100.885496	-54.572519	2.491235
-0.290283	0.323730	0.549316	129.465649	-94.312977	-55.725191	2.502779
-0.166260	0.705322	0.187744	117.458015	-89.694656	-51.251908	2.514315
-0.123047	0.908691	-0.185059	71.106870	-73.618321	-30.290076	2.525964
-0.129883	0.943604	-0.330322	16.610687	-29.885496	-14.458015	2.537476
-0.181885	0.874023	-0.282471	-38.793893	26.496183	4.091603	2.548874
-0.283447	0.724854	0.054688	-61.984733	79.343511	23.496183	2.560487
-0.399902	0.497070	0.449463	-79.824427	108.145038	39.251908	2.572146
-0.465088	0.276611	0.842285	-95.351145	108.442748	46.190840	2.583790
-0.540039	0.007568	1.185547	-112.534351	98.519084	48.839695	2.595565
-0.578613	-0.289307	1.506592	-113.358779	76.297710	48.648855	2.607109
-0.602295	-0.565674	1.739502	-104.267176	50.832061	38.633588	2.618646
-0.610596	-0.827637	1.887939	-79.503817	27.305344	24.137405	2.630418
-0.602051	-0.979248	1.946289	-32.770992	2.213740	2.969466	2.641798
-0.602051	-0.932129	1.887451	21.763359	-23.190840	-22.137405	2.653223
-0.605469	-0.683350	1.736816	77.549618	-53.671756	-41.427481	2.664888
-0.518311	-0.460938	1.521973	113.083969	-72.427481	-46.335878	2.676637
-0.442871	-0.229980	1.225830	149.954198	-94.465649	-52.862595	2.687812
-0.321533	0.271484	0.735352	166.770992	-110.328244	-53.145038	2.699452
-0.179688	0.614014	0.208008	146.267176	-111.007634	-41.641221	2.711043
-0.119141	0.829590	-0.091064	92.389313	-96.702290	-30.122137	2.722551
-0.074219	0.766113	-0.196533	47.725191	-36.496183	-3.969466	2.734251
-0.157471	0.609131	-0.070557	13.435115	16.137405	1.129771	2.746150
-0.247803	0.623779	0.246338	-6.404580	55.305344	7.900763	2.758052
-0.362549	0.593262	0.547607	-30.419847	66.687023	16.213740	2.770075
-0.418457	0.524902	0.729736	-60.366412	66.229008	26.770992	2.781909
-0.471924	0.293701	0.921387	-91.969466	61.435115	38.412214	2.793758
-0.521729	0.011719	1.133789	-114.908397	56.061069	46.854962	2.805577
-0.561523	-0.322266	1.369385	-130.885496	53.984733	47.610687	2.817185
-0.564209	-0.620361	1.594727	-119.198473	49.259542	43.229008	2.828647
-0.594971	-0.860840	1.822998	-79.816794	30.694656	22.832061	2.840203
-0.574463	-0.900635	1.865479	-37.351145	7.717557	-0.099237	2.851528
-0.594238	-0.751953	1.883057	4.854962	-24.725191	-24.687023	2.862970
-0.544922	-0.501465	1.706299	35.717557	-48.893130	-32.809160	2.874677
-0.493408	-0.345703	1.439941	61.007634	-65.160305	-33.435115	2.886129
-0.417480	-0.224854	1.171631	87.290076	-68.152672	-33.206107	2.897682
-0.328613	0.041992	0.923584	101.938931	-69.549618	-38.404580	2.909208
-0.271240	0.291260	0.633301	109.267176	-67.267176	-34.320611	2.920731
-0.178467	0.595459	0.318604	89.717557	-62.351145	-27.412214	2.932444
-0.141846	0.750977	0.033691	46.206107	-42.114504	-12.885496	2.943858
-0.127686	0.719971	-0.000488	1.366412	-9.496183	-0.442748	2.955283
-0.218262	0.571289	0.114990	-35.809160	32.870229	10.282443	2.967535
-0.319824	0.512695	0.391846	-52.099237	66.870229	20.099237	2.979446
-0.388428	0.403564	0.681641	-71.770992	77.656489	27.526718	2.990785
-0.419678	0.254639	0.902344	-89.786260	71.290076	32.106870	3.002440
-0.461182	0.062744	1.038086	-107.167939	61.839695	34.770992	3.013854
-0.514893	-0.199219	1.327637	-110.427481	57.267176	40.381679	3.025929
-0.564209	-0.469238	1.692871	-96.694656	40.099237	37.045802	3.037425
-0.583496	-0.691895	1.919434	-72.328244	12.564885	27.770992	3.048806
-0.586914	-0.838867	1.999939	-36.595420	-21.526718	8.091603	3.060115
-0.554443	-0.793701	1.846924	3.320611	-56.290076	-14.717557	3.071734
-0.502197	-0.619385	1.599854	43.755725	-75.419847	-29.328244	3.083648
-0.436035	-0.457520	1.379150	75.877863	-81.809160	-39.351145	3.095000
-0.357422	-0.315430	1.143555	112.648855	-80.519084	-45.885496	3.106584
-0.288574	-0.006348	0.863525	134.000000	-84.427481	-58.213740	3.118151
-0.207520	0.308105	0.508057	138.633588	-86.213740	-52.900763	3.129597
-0.085205	0.688965	0.106934	121.206107	-77.778626	-45.129771	3.141419
-0.085449	0.969727	-0.186768	66.305344	-63.641221	-38.083969	3.152801
-0.073486	0.926270	-0.331055	16.770992	-15.236641	-6.923664	3.164509
-0.125000	0.755859	-0.252686	-40.625954	45.603053	11.427481	3.176258
-0.260254	0.572754	0.059570	-63.061069	97.183206	25.557252	3.187781
-0.396484	0.418213	0.505127	-73.129771	124.274809	35.992366	3.199154
-0.473389	0.255371	0.928955	-74.984733	126.061069	43.648855	3.210828
-0.522949	0.150391	1.204346	-89.083969	100.618321	46.343511	3.222234
-0.554199	-0.033447	1.362061	-99.091603	70.083969	48.725191	3.233967
-0.533691	-0.247070	1.380371	-108.297710	46.625954	48.541985	3.245421
-0.526123	-0.512695	1.480713	-101.435115	42.938931	44.290076	3.257026
-0.550049	-0.718262	1.700928	-76.725191	39.007634	36.183206	3.268621
-0.580566	-0.886963	1.941895	-42.717557	24.664122	18.648855	3.280278
-0.590088	-0.933350	1.999939	3.770992	-5.297710	-5.496183	3.291795
-0.566895	-0.581787	1.974854	58.916031	-51.190840	-36.335878	3.303210
-0.503906	-0.494385	1.610107	84.114504	-70.137405	-40.282443	3.314891
-0.445557	-0.362061	1.330811	109.541985	-76.183206	-40.717557	3.326722
-0.362061	-0.266602	1.098633	132.725191	-72.351145	-47.618321	3.338237
-0.292236	0.088135	0.838623	154.763359	-88.419847	-60.954198	3.349739
-0.203613	0.557617	0.361084	145.648855	-91.106870	-49.366412	3.361240
-0.144287	0.861572	-0.044922	98.213740	-78.351145	-40.427481	3.372704
-0.106934	0.872559	-0.229736	37.793893	-46.213740	-23.450382	3.384457
-0.144043	0.814941	-0.218506	-14.557252	3.824427	-7.877863	3.396043
-0.197021	0.648193	-0.046631	-48.694656	60.412214	11.603053	3.407685
-0.324951	0.550049	0.355469	-63.572519	92.610687	21.251908	3.419310
-0.428467	0.369629	0.775635	-81.320611	98.603053	29.793893	3.431780
-0.472656	0.239258	1.024658	-92.221374	80.167939	32.664122	3.444152
-0.495117	0.101807	1.037109	-97.137405	64.290076	36.297710	3.455943
-0.510254	-0.005615	1.091064	-110.473282	60.480916	39.740458	3.467800
-0.529297	-0.238037	1.289795	-119.694656	63.885496	50.190840	3.479701
-0.562988	-0.584229	1.598145	-114.984733	58.709924	52.603053	3.491519
-0.600098	-0.901611	1.851074	-84.877863	39.290076	37.641221	3.503320
-0.634766	-1.063721	1.999939	-42.770992	12.229008	13.320611	3.515125
-0.640625	-1.012207	1.998535	5.908397	-20.801527	-18.152672	3.526882
-0.589355	-0.835693	1.802002	50.213740	-51.106870	-40.572519	3.538483
-0.527832	-0.542480	1.496094	96.396947	-73.564885	-53.862595	3.550140
-0.413086	-0.345947	1.159668	125.580153	-76.847328	-55.190840	3.561597
-0.329346	-0.077393	0.797607	152.450382	-75.198473	-62.763359	3.573029
-0.265625	0.374023	0.452393	168.610687	-80.763359	-69.091603	3.584954
-0.155273	0.739990	0.089600	131.053435	-69.977099	-56.076336	3.596395
-0.145508	0.928955	-0.158447	74.816794	-45.625954	-33.877863	3.607726
-0.126465	0.878418	-0.205566	16.068702	-3.198473	-7.938931	3.619420
-0.231201	0.726074	-0.036865	-30.862595	46.396947	4.145038	3.631259
-0.343994	0.556641	0.354248	-58.824427	80.450382	16.412214	3.643692
-0.447021	0.426758	0.726318	-80.893130	84.503817	22.809160	3.655062
-0.524170	0.295410	1.021484	-94.862595	67.748092	27.244275	3.666554
-0.549072	0.215088	1.138428	-108.763359	46.297710	34.740458	3.678124
-0.542725	0.046631	1.219482	-131.786260	31.809160	48.503817	3.690238
-0.542725	-0.362061	1.401611	-147.229008	24.893130	57.954198	3.701886
-0.553467	-0.848145	1.637207	-131.427481	19.587786	48.526718	3.713335
-0.559082	-1.091797	1.857910	-83.290076	8.580153	22.526718	3.725194
-0.572998	-1.108154	1.949219	-25.435115	-7.847328	-6.587786	3.736714
-0.581055	-0.946533	1.942139	26.259542	-39.587786	-32.038168	3.748161
-0.494385	-0.690918	1.699219	65.580153	-68.351145	-46.702290	3.759662
-0.489990	-0.515869	1.400879	99.877863	-80.396947	-53.877863	3.770168
-0.389648	-0.320068	1.166016	132.824427	-90.343511	-56.465649	3.780623
-0.293945	-0.019775	0.793945	161.305344	-96.122137	-61.007634	3.790631
-0.246582	0.375732	0.396729	157.732824	-100.045802	-66.801527	3.800758
-0.200684	0.758301	0.031494	131.290076	-99.923664	-56.435115	3.810670
-0.101074	1.018799	-0.211426	94.702290	-78.358779	-44.587786	3.820725
-0.096924	1.019775	-0.366699	32.183206	-38.534351	-24.152672	3.830977
-0.161865	0.925293	-0.300781	-13.381679	10.106870	-1.984733	3.841116
-0.251465	0.748291	-0.090088	-43.404580	61.618321	15.893130	3.851118
-0.332275	0.619629	0.237305	-69.625954	88.832061	26.786260	3.861073
-0.429932	0.470459	0.564697	-83.473282	97.755725	35.389313	3.871248
-0.469238	0.358154	0.829346	-94.564885	93.343511	45.496183	3.881253
-0.498779	0.199463	0.987549	-111.778626	84.167939	52.725191	3.891528
-0.503418	-0.030273	1.110840	-122.435115	74.832061	59.488550	3.901588
-0.513184	-0.269287	1.236572	-126.877863	67.458015	61.534351	3.911582
-0.528809	-0.505127	1.402832	-126.404580	61.770992	59.480916	3.921675
-0.556396	-0.765869	1.578369	-112.679389	56.030534	54.145038	3.931725
-0.572021	-0.989014	1.778809	-83.595420	45.564885	40.290076	3.942093
-0.590576	-1.121338	1.874512	-45.175573	32.923664	21.503817	3.952018
-0.590332	-1.109863	1.905029	3.160305	14.145038	-0.167939	3.962115
-0.598389	-0.988770	1.857178	41.931298	-8.458015	-23.809160	3.972254
-0.598877	-0.810791	1.754639	78.763359	-31.916031	-38.465649	3.982113
-0.556885	-0.613281	1.551514	105.198473	-52.404580	-46.061069	3.992356
-0.506104	-0.473633	1.283203	132.190840	-63.129771	-53.618321	4.002487
-0.403564	-0.200684	1.072754	152.793893	-56.374046	-53.854962	4.012617
-0.430908	-0.152344	0.825195	124.961832	-59.335878	-75.152672	4.022590
-0.323975	0.295410	0.584717	185.404580	-64.900763	-69.931298	4.032750
-0.235352	0.583496	0.235840	178.717557	-53.931298	-54.549618	4.043034
-0.135010	0.835205	-0.015869	139.679389	-43.473282	-40.755725	4.052969
-0.045654	0.910156	-0.187744	80.534351	-22.167939	-25.312977	4.063030
-0.119141	0.819824	-0.199219	53.503817	18.091603	-5.358779	4.073227
-0.185791	0.684814	-0.123047	22.816794	56.007634	-1.572519	4.083506
-0.306396	0.657959	0.165039	-8.160305	85.328244	4.702290	4.094296
-0.395020	0.663330	0.459473	-53.503817	92.297710	12.786260	4.104342
-0.487061	0.487305	0.712158	-83.725191	90.045802	26.900763	4.114570
-0.557617	0.283936	0.927246	-98.908397	80.625954	32.572519	4.124514
-0.587891	0.129395	1.073730	-114.977099	64.335878	34.259542	4.135012
-0.589844	-0.046387	1.155029	-123.702290	55.000000	38.175573	4.145427
-0.600342	-0.266113	1.261230	-124.931298	47.251908	36.045802	4.155665
-0.602295	-0.440186	1.448486	-119.076336	37.534351	29.908397	4.165607
-0.614746	-0.611816	1.596924	-103.954198	23.099237	23.022901	4.175529
-0.622314	-0.737305	1.696289	-71.404580	10.274809	12.923664	4.185525
-0.608643	-0.733887	1.761475	-31.366412	-8.419847	-1.183206	4.197015
-0.585205	-0.694336	1.706055	7.496183	-30.145038	-15.267176	4.208237
-0.552246	-0.589600	1.568604	44.267176	-45.541985	-26.496183	4.218124
-0.490234	-0.408691	1.371826	75.908397	-55.038168	-31.145038	4.228002
-0.340332	-0.158203	1.155029	80.824427	-56.732824	-42.175573	4.238584
-0.365479	-0.094482	0.910889	126.770992	-60.183206	-46.274809	4.248581
-0.311768	0.183594	0.715332	133.801527	-60.435115	-53.229008	4.258580
-0.276855	0.455078	0.432373	120.076336	-63.480916	-46.763359	4.268558
-0.249512	0.716797	0.214844	87.045802	-56.389313	-33.946565	4.278550
-0.218994	0.806885	0.034912	47.183206	-35.984733	-20.358779	4.288671
-0.211670	0.744873	-0.011719	3.068702	-3.312977	-1.732824	4.298971
-0.294678	0.650879	0.096680	-23.519084	27.916031	7.351145	4.308866
-0.351074	0.538086	0.328125	-54.206107	60.183206	18.022901	4.319043
-0.441162	0.406250	0.590820	-71.954198	74.175573	25.458015	4.328799
-0.482910	0.272217	0.857910	-86.709924	75.572519	31.061069	4.339102
-0.533447	0.109619	1.031250	-100.000000	68.351145	33.015267	4.349187
-0.580811	-0.029785	1.206055	-108.015267	55.007634	35.221374	4.359245
-0.607666	-0.191406	1.383301	-115.427481	41.045802	38.916031	4.369398
-0.614258	-0.408691	1.542969	-113.091603	29.229008	40.251908	4.379244
-0.605713	-0.641357	1.637939	-98.458015	12.580153	37.465649	4.389440
-0.593018	-0.817139	1.693115	-69.595420	0.603053	27.870229	4.399557
-0.589600	-0.899170	1.709473	-33.755725	-10.725191	12.564885	4.409648
-0.573975	-0.890381	1.687500	4.099237	-23.755725	-2.045802	4.419793
-0.569092	-0.818115	1.625000	41.938931	-37.229008	-18.984733	4.429633
-0.533691	-0.652832	1.479004	73.328244	-55.671756	-29.763359	4.439891
-0.490479	-0.514404	1.294678	96.900763	-62.770992	-35.610687	4.450052
-0.386963	-0.338867	1.098389	118.320611	-64.465649	-40.633588	4.460149
-0.386230	-0.175049	0.937500	138.801527	-70.885496	-50.389313	4.470141
-0.346436	0.099854	0.778320	133.633588	-73.450382	-56.893130	4.480053
-0.279541	0.353516	0.560303	133.015267	-72.770992	-55.061069	4.490160
-0.249268	0.519775	0.303223	118.778626	-72.938931	-64.351145	4.500296
-0.259766	0.794189	0.055420	87.717557	-60.114504	-55.145038	4.510443
-0.234863	0.916748	-0.056152	44.977099	-39.946565	-39.595420	4.520501
-0.261963	0.972656	-0.084961	2.030534	-5.030534	-25.190840	4.530295
-0.308350	0.897217	0.027832	-31.549618	35.954198	0.977099	4.540653
-0.416748	0.749268	0.311035	-56.923664	62.389313	19.030534	4.550789
-0.475098	0.572754	0.588379	-73.839695	73.083969	33.221374	4.560812
-0.522949	0.427979	0.832764	-84.152672	72.503817	45.870229	4.570924
-0.535400	0.210449	1.012695	-95.129771	63.221374	56.656489	4.581019
-0.535156	-0.031738	1.159668	-96.832061	54.343511	61.801527	4.591046
-0.533203	-0.246094	1.275146	-97.564885	43.511450	58.450382	4.600848
-0.521240	-0.417480	1.349609	-91.938931	34.152672	53.175573	4.610327
-0.522217	-0.550293	1.403809	-81.625954	24.916031	44.396947	4.619808
-0.499756	-0.652344	1.480957	-66.549618	16.557252	35.198473	4.629534
-0.514404	-0.770508	1.541016	-46.068702	8.877863	22.908397	4.638872
-0.514404	-0.819824	1.603516	-16.129771	-3.885496	6.587786	4.649552
-0.533691	-0.790527	1.585449	17.984733	-17.877863	-11.091603	4.659968
-0.528809	-0.649170	1.525146	50.671756	-32.236641	-23.358779	4.669988
-0.505371	-0.464600	1.406250	77.007634	-43.748092	-30.885496	4.680361
-0.465088	-0.324463	1.260742	97.679389	-51.503817	-36.091603	4.690788
-0.394287	-0.126709	1.056641	118.152672	-59.137405	-41.954198	4.701332
-0.253906	0.386230	0.789551	144.366412	-68.679389	-57.351145	4.711438
-0.243408	0.318359	0.463379	133.977099	-68.206107	-37.114504	4.721457
-0.199219	0.578125	0.229492	99.931298	-54.030534	-40.328244	4.731764
-0.228516	0.799072	0.050537	65.206107	-31.114504	-26.969466	4.741849
-0.222900	0.819092	0.044189	24.236641	-3.748092	-11.229008	4.752386
-0.312744	0.724365	0.142578	-10.183206	31.740458	2.213740	4.762573
-0.395020	0.621826	0.336426	-32.900763	57.786260	12.183206	4.772607
-0.454346	0.617676	0.600830	-48.900763	68.694656	20.755725	4.782281
-0.495850	0.477539	0.815674	-75.145038	66.717557	33.381679	4.792326
-0.546387	0.303955	0.980469	-90.625954	58.671756	44.045802	4.802413
-0.539307	0.094971	1.120361	-109.091603	48.954198	53.335878	4.812489
-0.537354	-0.163086	1.217529	-115.610687	41.687023	58.435115	4.822571
-0.532227	-0.404541	1.328369	-111.557252	36.946565	55.381679	4.832664
-0.548584	-0.629883	1.478516	-97.847328	31.129771	43.900763	4.842771
-0.557129	-0.775391	1.609619	-77.137405	19.259542	25.900763	4.852787
-0.569824	-0.841309	1.682373	-52.045802	3.847328	7.099237	4.862884
-0.567871	-0.813721	1.658203	-20.396947	-15.496183	-11.419847	4.873018
-0.553467	-0.690674	1.595215	11.648855	-30.717557	-24.007634	4.883169
-0.539307	-0.557373	1.491211	40.801527	-42.755725	-30.122137	4.893136
-0.510742	-0.440918	1.359375	67.824427	-50.068702	-32.343511	4.903315
-0.360352	-0.315186	1.189697	88.366412	-51.946565	-28.633588	4.913361
-0.450684	-0.226807	1.021973	110.549618	-64.320611	-37.259542	4.923430
-0.355957	0.048584	0.841553	123.984733	-63.870229	-46.183206	4.933522
-0.294678	0.356689	0.576904	118.992366	-65.740458	-47.000000	4.943431
-0.207764	0.605469	0.276367	100.908397	-62.106870	-39.572519	4.954105
-0.199951	0.712158	0.085938	78.427481	-49.908397	-26.404580	4.963951
-0.196777	0.775391	-0.017334	34.870229	-22.656489	-17.969466	4.974126
-0.246338	0.783203	-0.021973	2.274809	10.679389	-3.129771	4.984227
-0.296387	0.697021	0.100830	-26.396947	43.244275	11.236641	4.994389
-0.379639	0.608887	0.364258	-48.992366	69.671756	20.656489	5.004413
-0.431152	0.471191	0.628418	-67.572519	76.015267	29.885496	5.014610
-0.466309	0.360596	0.810547	-75.404580	69.305344	34.854962	5.024686
-0.467773	0.236328	0.897217	-88.366412	59.435115	40.244275	5.034822
-0.514648	0.083984	0.969971	-92.778626	56.786260	43.755725	5.044993
-0.513916	-0.058594	1.083984	-99.496183	55.152672	47.923664	5.055119
-0.525391	-0.235840	1.209473	-101.091603	51.320611	49.763359	5.065255
-0.527344	-0.421387	1.364502	-97.595420	45.465649	47.740458	5.075379
-0.543701	-0.617188	1.472412	-83.702290	39.458015	41.320611	5.085373
-0.557129	-0.738525	1.582764	-64.389313	29.374046	28.908397	5.095471
-0.568115	-0.794678	1.636719	-37.427481	16.290076	14.664122	5.105441
-0.571289	-0.789062	1.647217	-13.290076	1.068702	-0.870229	5.115588
-0.574707	-0.703613	1.605469	16.694656	-14.152672	-12.748092	5.125610
-0.530518	-0.627930	1.514160	43.473282	-28.954198	-22.832061	5.135628
-0.478271	-0.514404	1.366211	71.900763	-41.343511	-31.114504	5.145707
-0.397949	-0.277832	1.148926	101.007634	-54.259542	-38.595420	5.155806
-0.186279	-0.355225	0.660400	117.923664	-48.305344	-14.709924	5.165837
-0.286133	0.154297	0.431885	99.633588	-65.870229	-39.740458	5.175900
-0.149902	0.552246	0.216553	80.297710	-48.511450	-41.633588	5.186036
-0.172119	0.682129	0.066650	59.893130	-22.412214	-26.893130	5.196027
-0.225098	0.732910	0.035889	24.442748	0.511450	-14.992366	5.205951
-0.247803	0.634521	0.105957	-6.488550	29.305344	-1.129771	5.216135
-0.341309	0.530762	0.220459	-30.068702	54.618321	3.145038	5.226233
-0.427734	0.468994	0.445068	-49.694656	71.748092	8.290076	5.236237
-0.520752	0.389648	0.688477	-63.427481	80.183206	13.916031	5.246208
-0.603271	0.271484	0.916992	-76.870229	76.435115	18.694656	5.256915
-0.653809	0.139648	1.083252	-82.022901	69.549618	21.519084	5.267069
-0.679688	0.028320	1.244385	-84.114504	57.343511	30.320611	5.277415
-0.675537	-0.136719	1.353516	-81.885496	44.274809	35.419847	5.287593
-0.677979	-0.302246	1.390625	-76.732824	32.435115	35.908397	5.297943
-0.661621	-0.469971	1.440430	-63.106870	21.877863	32.022901	5.308354
-0.657227	-0.584717	1.510254	-46.839695	12.488550	25.885496	5.318421
-0.657959	-0.673584	1.567383	-22.251908	1.114504	17.175573	5.328542
-0.653564	-0.695557	1.592285	3.374046	-12.328244	6.160305	5.338803
-0.628906	-0.688721	1.586670	28.259542	-26.213740	-5.251908	5.348635
-0.589844	-0.600342	1.497803	61.305344	-43.954198	-20.893130	5.359362
-0.526367	-0.411377	1.315918	87.389313	-59.007634	-34.709924	5.369459
-0.413574	-0.260498	1.013916	107.648855	-63.687023	-39.236641	5.379565
-0.398438	0.128662	0.713867	111.664122	-78.664122	-52.801527	5.389607
-0.275146	0.488770	0.382812	96.061069	-79.641221	-48.587786	5.399673
-0.204102	0.706787	0.082764	61.053435	-68.335878	-33.267176	5.409940
-0.184570	0.746338	-0.088867	17.030534	-36.809160	-14.770992	5.420074
-0.229004	0.670166	-0.079346	-14.038168	4.923664	1.977099	5.430239
-0.286621	0.543945	0.091309	-38.396947	44.068702	13.702290	5.440209
-0.383057	0.446045	0.383789	-57.030534	68.183206	21.916031	5.450138
-0.464844	0.379395	0.672363	-73.778626	75.549618	29.854962	5.460571
-0.514404	0.183350	0.868896	-91.954198	70.137405	34.267176	5.470608
-0.532471	0.022705	0.983643	-108.389313	61.053435	33.549618	5.480704
-0.561279	-0.161133	1.066895	-118.351145	54.045802	31.053435	5.490870
-0.586670	-0.295410	1.179199	-119.526718	47.763359	26.908397	5.500626
-0.632080	-0.439209	1.344727	-112.748092	40.167939	22.633588	5.510853
-0.652588	-0.556396	1.455566	-96.366412	27.610687	16.122137	5.520600
-0.659180	-0.601318	1.538086	-74.786260	10.526718	8.030534	5.530450
-0.657715	-0.597412	1.497070	-51.809160	-8.748092	-0.366412	5.540574
-0.640137	-0.555176	1.412598	-28.587786	-21.770992	-5.801527	5.550429
-0.611816	-0.511963	1.339355	-5.969466	-29.633588	-9.740458	5.560600
-0.585205	-0.467285	1.303711	17.977099	-37.274809	-13.099237	5.570584
-0.574951	-0.380127	1.242920	40.587786	-46.832061	-16.786260	5.580772
-0.540771	-0.289307	1.121826	54.694656	-54.946565	-19.923664	5.590673
-0.467529	-0.172363	0.968018	69.213740	-58.526718	-20.793893	5.600548
-0.425293	-0.046143	0.798584	81.183206	-59.587786	-26.419847	5.610725
-0.381592	0.155762	0.609619	88.312977	-59.229008	-27.297710	5.620504
-0.334717	0.349121	0.402100	82.351145	-53.137405	-23.511450	5.630744
-0.287842	0.508057	0.191895	57.839695	-39.862595	-13.068702	5.640762
-0.281494	0.590332	0.110352	28.984733	-17.190840	0.213740	5.650733
-0.300781	0.526611	0.133301	-4.656489	12.770992	15.694656	5.660818
-0.342773	0.375244	0.280762	-27.458015	44.885496	29.809160	5.671015
-0.424805	0.240723	0.541748	-41.396947	68.786260	36.656489	5.681144
-0.502930	0.150879	0.823486	-57.236641	77.511450	44.923664	5.691238
-0.545898	-0.061523	1.077637	-70.076336	72.610687	52.458015	5.701143
-0.598877	-0.313965	1.237549	-71.068702	62.748092	51.328244	5.711172
-0.622070	-0.494141	1.358643	-63.656489	49.671756	42.137405	5.721189
-0.637695	-0.615967	1.406982	-50.305344	36.755725	29.557252	5.731447
-0.653320	-0.649414	1.446533	-35.282443	26.267176	17.755725	5.741450
-0.645508	-0.653809	1.466797	-18.625954	15.465649	9.793893	5.751315
-0.647705	-0.682861	1.511475	1.961832	3.175573	0.213740	5.761416
-0.629883	-0.657959	1.507812	31.557252	-17.938931	-11.580153	5.771618
-0.581543	-0.541748	1.402344	62.809160	-35.290076	-21.229008	5.781636
-0.525635	-0.370605	1.205322	89.198473	-49.832061	-29.603053	5.791672
-0.458496	-0.123047	0.947021	110.412214	-54.251908	-33.427481	5.801802
-0.369141	0.087158	0.751709	119.343511	-52.969466	-32.763359	5.811922
-0.293213	0.288818	0.570312	115.274809	-50.427481	-30.580153	5.821911
-0.275879	0.458252	0.344238	96.465649	-46.679389	-23.335878	5.832139
-0.255127	0.580322	0.177734	67.725191	-32.473282	-18.007634	5.842102
-0.247070	0.639648	0.102295	30.580153	-9.244275	-8.213740	5.852586
-0.285889	0.631348	0.111328	-1.839695	19.076336	1.786260	5.862565
-0.354736	0.554199	0.211914	-31.099237	49.633588	10.427481	5.872615
-0.459473	0.471436	0.448242	-51.419847	71.687023	17.145038	5.882646
-0.524658	0.387451	0.718994	-71.053435	78.229008	26.809160	5.893034
-0.595215	0.218994	0.929443	-83.664122	73.610687	35.519084	5.903550
-0.629639	0.071533	1.072998	-93.351145	60.618321	41.885496	5.913889
-0.632568	-0.081543	1.180664	-101.687023	47.503817	47.984733	5.923952
-0.652832	-0.337402	1.284424	-106.259542	36.465649	50.076336	5.934053
-0.659424	-0.593506	1.404785	-95.076336	25.839695	42.816794	5.944299
-0.669189	-0.751465	1.487061	-67.442748	15.725191	28.580153	5.954526
-0.669189	-0.778076	1.534912	-32.702290	3.320611	11.007634	5.964716
-0.661621	-0.706543	1.523438	-3.580153	-12.061069	-2.435115	5.974821
-0.642090	-0.611328	1.455566	23.389313	-27.587786	-11.374046	5.984877
-0.606689	-0.515381	1.331543	43.038168	-40.625954	-16.435115	5.994968
-0.549316	-0.407471	1.203613	62.748092	-48.809160	-21.053435	6.005291
-0.502686	-0.333740	1.097900	76.862595	-55.114504	-27.236641	6.015304
-0.456055	-0.186523	0.937744	90.755725	-60.068702	-35.122137	6.025386
-0.411865	0.036133	0.780273	96.977099	-61.511450	-40.328244	6.035548
-0.367920	0.233398	0.598389	94.061069	-60.664122	-40.480916	6.045467
-0.291748	0.422852	0.377197	82.931298	-56.351145	-35.503817	6.055884
-0.319824	0.521729	0.217285	55.206107	-44.717557	-27.725191	6.065461
-0.282715	0.613037	0.114258	23.259542	-22.167939	-16.954198	6.075741
-0.301025	0.587402	0.135986	-8.740458	6.656489	-3.152672	6.085886
-0.342285	0.468506	0.223633	-31.656489	38.641221	9.282443	6.095863
-0.427490	0.360596	0.499023	-43.106870	60.954198	15.335878	6.106353
-0.514160	0.276855	0.735352	-59.610687	65.045802	21.541985	6.116264
-0.568115	0.162109	0.964844	-72.396947	59.236641	30.862595	6.126448
-0.608154	-0.016357	1.114746	-82.290076	46.885496	37.732824	6.136510
-0.622070	-0.238281	1.212891	-86.610687	32.908397	40.709924	6.146638
-0.644531	-0.443115	1.285400	-82.832061	23.129771	35.557252	6.156686
-0.658203	-0.608398	1.385010	-69.923664	17.038168	25.702290	6.166638
-0.676025	-0.707275	1.512939	-46.183206	11.679389	13.877863	6.177002
-0.678955	-0.732422	1.597168	-18.122137	-3.916031	3.893130	6.186867
-0.652832	-0.710693	1.562256	14.435115	-24.167939	-11.190840	6.199013
-0.616211	-0.590088	1.431152	48.099237	-41.580153	-21.748092	6.210131
-0.549316	-0.426758	1.245605	69.106870	-52.267176	-29.572519	6.220097
-0.475098	-0.249268	1.071045	86.748092	-56.778626	-35.083969	6.230108
-0.416504	-0.056641	0.900879	96.595420	-60.664122	-39.671756	6.240002
-0.358154	0.167725	0.729004	96.274809	-60.931298	-41.786260	6.249789
-0.315918	0.386719	0.497070	89.641221	-61.229008	-37.000000	6.260115
-0.265625	0.558350	0.283691	64.251908	-50.816794	-31.091603	6.270056
-0.275391	0.645020	0.156006	32.603053	-33.000000	-19.122137	6.280367
-0.296631	0.649170	0.176758	-1.068702	-0.862595	-4.183206	6.290496
-0.357666	0.521484	0.295166	-26.412214	27.816794	8.412214	6.300556
-0.418457	0.416016	0.514160	-38.870229	47.389313	14.152672	6.310772
-0.485352	0.347168	0.729004	-48.045802	51.221374	20.167939	6.320803
-0.525391	0.259033	0.879883	-62.068702	46.969466	26.954198	6.331047
-0.550049	0.109619	0.975830	-73.145038	39.450382	31.396947	6.340953
-0.574707	-0.025391	1.041748	-83.198473	32.129771	35.152672	6.351066
-0.576660	-0.182129	1.140869	-87.854962	28.603053	39.190840	6.361140
-0.603271	-0.416504	1.270752	-87.305344	24.549618	40.671756	6.371133
-0.625488	-0.633057	1.421631	-78.183206	18.687023	36.213740	6.381314
-0.641602	-0.821533	1.580078	-53.137405	8.229008	22.870229	6.391354
-0.657959	-0.888184	1.663574	-16.053435	-8.419847	4.778626	6.401443
-0.641846	-0.803467	1.635498	19.030534	-30.519084	-13.450382	6.411894
-0.603027	-0.642334	1.462891	46.206107	-50.557252	-24.671756	6.422006
-0.568604	-0.510986	1.270020	68.038168	-60.183206	-28.534351	6.431802
-0.474121	-0.349854	1.085693	84.351145	-64.709924	-32.725191	6.441859
-0.399414	-0.233643	0.919678	107.740458	-62.839695	-37.465649	6.452253
-0.352295	0.019531	0.734619	122.732824	-62.007634	-42.404580	6.462604
-0.293701	0.293945	0.537109	122.977099	-62.824427	-41.992366	6.472682
-0.233887	0.520020	0.267334	103.328244	-59.267176	-32.877863	6.483043
-0.222656	0.629883	0.050537	65.320611	-41.381679	-20.305344	6.493111
-0.178711	0.683350	-0.016357	25.419847	-11.709924	-10.114504	6.503461
-0.263672	0.612793	0.075439	-3.641221	23.969466	-1.862595	6.514175
-0.345215	0.536377	0.261230	-20.572519	52.564885	6.694656	6.524189
-0.456787	0.537109	0.493408	-36.038168	64.519084	14.259542	6.534327
-0.515625	0.485840	0.695312	-50.129771	67.870229	26.618321	6.544424
-0.575684	0.370117	0.903564	-61.816794	59.862595	39.167939	6.554918
-0.590088	0.205811	0.992432	-74.900763	46.900763	50.229008	6.565101
-0.582031	-0.044434	1.035400	-86.839695	37.839695	56.793893	6.575443
-0.565186	-0.273438	1.102539	-91.671756	35.786260	56.122137	6.585684
-0.597656	-0.491943	1.231934	-88.511450	35.610687	49.511450	6.595838
-0.658936	-0.738037	1.444336	-74.389313	35.755725	36.519084	6.606145
-0.704102	-0.873779	1.732910	-45.633588	27.091603	22.137405	6.616154
-0.722900	-0.914307	1.929932	1.389313	3.022901	6.412214	6.626183
-0.713379	-0.788818	1.907227	46.473282	-30.450382	-4.419847	6.636125
-0.670166	-0.604248	1.663574	74.068702	-63.984733	-9.244275	6.646054
-0.593994	-0.541992	1.354248	89.572519	-81.923664	-12.374046	6.656408
-0.492188	-0.501953	1.096680	106.648855	-83.106870	-17.702290	6.666553
-0.376709	-0.362061	0.917236	127.297710	-76.877863	-32.282443	6.676358
-0.377686	-0.144043	0.808594	151.160305	-70.473282	-44.984733	6.686453
-0.306641	0.142578	0.695312	157.641221	-68.374046	-48.389313	6.696539
-0.278564	0.422852	0.487793	147.320611	-75.755725	-48.061069	6.706652
-0.262451	0.748535	0.250977	110.328244	-87.755725	-46.458015	6.716749
-0.185547	0.832764	0.022461	59.267176	-64.748092	-27.328244	6.726825
-0.183350	0.819336	-0.079834	15.183206	-41.541985	-12.809160	6.736705
-0.190918	0.737305	-0.063232	-22.366412	-2.770992	-2.267176	6.746763
-0.263916	0.645508	0.095947	-41.068702	45.580153	8.458015	6.757146
-0.389160	0.574219	0.396240	-57.000000	77.893130	17.885496	6.767220
-0.470215	0.473877	0.687988	-68.442748	93.938931	30.122137	6.777192
-0.533691	0.366211	0.952881	-88.748092	90.541985	41.572519	6.787229
-0.567139	0.093262	1.078369	-102.763359	85.366412	53.473282	6.797131
-0.622070	-0.127197	1.213623	-110.083969	79.351145	56.015267	6.807254
-0.629395	-0.388916	1.348145	-110.625954	78.526718	53.877863	6.817246
-0.640381	-0.608887	1.493652	-95.816794	78.931298	44.679389	6.827214
-0.679688	-0.783447	1.648926	-65.877863	70.511450	29.045802	6.837136
-0.710205	-0.847168	1.769043	-25.404580	51.595420	9.076336	6.847054
-0.699463	-0.744629	1.765869	21.603053	20.297710	-11.763359	6.857276
-0.646973	-0.503662	1.645996	47.374046	-14.244275	-23.854962	6.867453
-0.599609	-0.387695	1.467773	64.045802	-38.870229	-27.335878	6.877361
-0.626709	-0.276367	1.194580	88.541985	-53.007634	-32.862595	6.887460
-0.438232	-0.143555	0.968506	97.916031	-59.900763	-33.580153	6.897618
-0.380615	0.077393	0.778809	100.458015	-62.763359	-37.908397	6.907869
-0.310059	0.284668	0.618164	93.923664	-62.732824	-33.748092	6.917895
-0.266113	0.382568	0.454834	80.343511	-60.183206	-28.656489	6.927916
-0.212646	0.468994	0.294434	58.946565	-47.541985	-26.091603	6.937953
-0.228271	0.523926	0.193848	35.099237	-28.977099	-26.290076	6.948017
-0.224854	0.587891	0.158447	9.641221	-1.404580	-21.259542	6.958078
-0.303223	0.565186	0.219971	-16.969466	28.229008	-13.450382	6.968253
-0.372070	0.531250	0.355225	-34.603053	53.114504	-6.251908	6.978308
-0.457275	0.494385	0.574951	-46.732824	66.633588	3.854962	6.988053
-0.522461	0.413818	0.812500	-62.297710	67.458015	17.763359	6.998440
-0.571777	0.226318	0.974854	-74.290076	59.099237	27.610687	7.008630
-0.584229	0.060303	1.046631	-79.870229	46.938931	29.732824	7.018692
-0.601807	-0.099854	1.095947	-82.801527	40.167939	31.847328	7.028788
-0.598389	-0.289062	1.189453	-83.801527	38.343511	30.320611	7.038913
-0.623779	-0.474121	1.364502	-76.694656	33.954198	22.106870	7.049252
-0.676270	-0.664062	1.597168	-56.709924	19.335878	8.053435	7.059551
-0.711182	-0.738037	1.825928	-27.442748	-16.702290	-10.442748	7.069710
-0.695068	-0.646973	1.810547	1.045802	-58.152672	-26.519084	7.079905
-0.619141	-0.495117	1.561768	24.175573	-86.595420	-33.000000	7.090160
-0.528076	-0.412354	1.258545	38.748092	-94.946565	-31.580153	7.100421
-0.460693	-0.435547	1.085693	57.679389	-90.687023	-34.580153	7.111098
-0.410645	-0.359375	0.968262	77.083969	-79.931298	-42.702290	7.121042
-0.364746	-0.247314	0.896484	90.679389	-64.801527	-51.580153	7.131188
-0.347168	-0.059570	0.840332	112.442748	-58.312977	-59.625954	7.141230
-0.327148	0.156494	0.730713	122.839695	-52.748092	-62.404580	7.151190
-0.282227	0.407227	0.549316	115.793893	-49.045802	-62.931298	7.161813
-0.289551	0.640381	0.333740	93.435115	-47.106870	-56.038168	7.172271
-0.270996	0.778076	0.159424	55.167939	-35.038168	-45.267176	7.182814
-0.273926	0.819580	0.070801	17.893130	-15.236641	-31.312977	7.192749
-0.287109	0.781006	0.073730	-17.083969	14.076336	-14.816794	7.202786
-0.350586	0.677002	0.194336	-45.396947	53.122137	3.091603	7.213244
-0.402100	0.505127	0.408691	-62.885496	81.885496	14.458015	7.223126
-0.493408	0.376953	0.763672	-76.557252	92.435115	22.167939	7.233128
-0.580078	0.276855	1.068115	-86.473282	81.488550	33.083969	7.243081
-0.623779	0.059570	1.268555	-97.908397	64.389313	43.053435	7.252975
-0.641357	-0.193604	1.462158	-97.900763	44.152672	50.931298	7.263411
-0.631104	-0.500000	1.543213	-91.709924	27.183206	51.610687	7.273465
-0.646484	-0.718262	1.654053	-70.236641	11.488550	36.358779	7.283796
-0.625000	-0.843506	1.725586	-33.000000	-2.374046	16.343511	7.293681
-0.614746	-0.821045	1.740234	9.801527	-18.969466	-4.122137	7.304074
-0.614990	-0.661865	1.688721	43.580153	-39.335878	-19.557252	7.314081
-0.595947	-0.457764	1.519287	58.946565	-64.847328	-31.412214	7.324297
-0.527344	-0.383789	1.309082	74.335878	-79.251908	-32.450382	7.334241
-0.484375	-0.357910	1.174561	95.221374	-84.374046	-36.244275	7.344149
-0.414551	-0.242188	1.030518	111.297710	-85.221374	-47.206107	7.354211
-0.373535	-0.031982	0.863525	127.541985	-79.503817	-55.465649	7.364491
-0.322510	0.173340	0.667969	134.687023	-73.702290	-59.885496	7.374560
-0.271240	0.407471	0.461182	128.198473	-73.793893	-60.083969	7.384559
-0.240723	0.607666	0.175781	102.885496	-66.488550	-57.419847	7.394507
-0.211670	0.836426	-0.077148	66.122137	-50.992366	-52.137405	7.404864
-0.186279	0.933350	-0.156738	16.083969	-20.847328	-35.824427	7.415099
-0.206787	0.926025	-0.080078	-28.519084	14.351145	-17.381679	7.425238
-0.308838	0.772949	0.069580	-58.534351	52.671756	8.099237	7.435490
-0.364014	0.624512	0.339844	-84.725191	85.206107	29.015267	7.445501
-0.468750	0.444580	0.688965	-102.229008	94.648855	45.061069	7.455639
-0.512939	0.232422	0.973877	-111.648855	94.015267	63.083969	7.465941
-0.533447	-0.036377	1.156982	-120.396947	81.961832	69.190840	7.475852
-0.472900	-0.324463	1.242920	-114.900763	73.664122	73.610687	7.485851
-0.508057	-0.572510	1.311523	-100.938931	73.511450	61.908397	7.495898
-0.546387	-0.732666	1.414307	-70.572519	76.557252	44.030534	7.506152
-0.594971	-0.773682	1.585693	-34.587786	72.549618	22.664122	7.516334
-0.636963	-0.651123	1.762939	-2.900763	55.992366	5.282443	7.526212
-0.649902	-0.523193	1.834473	17.603053	26.450382	-4.213740	7.536247
-0.641846	-0.437744	1.751465	31.770992	-6.656489	-9.312977	7.546146
-0.616943	-0.388672	1.566650	44.183206	-35.541985	-13.732824	7.556342
-0.546875	-0.327881	1.339844	59.824427	-50.709924	-20.366412	7.566263
-0.515381	-0.234131	1.117188	76.053435	-55.152672	-28.167939	7.576365
-0.238281	0.103760	0.997070	87.076336	-63.312977	-48.580153	7.586487
-0.359863	0.078125	0.804443	100.221374	-53.343511	-44.022901	7.596443
-0.351074	0.299316	0.622314	84.641221	-48.923664	-54.229008	7.606415
-0.312988	0.634521	0.382812	60.129771	-51.282443	-53.793893	7.616610
-0.287109	0.833252	0.180420	28.480916	-42.152672	-38.717557	7.626616
-0.268311	0.876465	0.080078	-10.167939	-21.496183	-21.351145	7.636903
-0.316650	0.761719	0.119141	-38.992366	11.259542	3.022901	7.647294
-0.352783	0.543701	0.274414	-56.106870	49.282443	19.610687	7.657359
-0.434570	0.402588	0.525391	-60.564885	68.770992	28.427481	7.667292
-0.485596	0.321533	0.815918	-63.412214	80.702290	37.534351	7.677602
-0.573975	0.247559	1.104248	-68.137405	72.099237	46.297710	7.687867
-0.604248	0.055908	1.292725	-71.343511	54.335878	59.442748	7.698096
-0.575928	-0.227295	1.368652	-73.198473	36.717557	62.374046	7.708307
-0.587158	-0.476807	1.425049	-68.267176	22.190840	51.503817	7.718693
-0.574951	-0.654053	1.468750	-54.274809	13.396947	34.328244	7.728872
-0.557861	-0.721924	1.543701	-26.679389	0.541985	14.114504	7.738817
-0.595703	-0.697998	1.666992	5.419847	-20.603053	-5.381679	7.749019
-0.609131	-0.534912	1.659912	29.465649	-45.152672	-18.236641	7.759154
-0.559814	-0.394775	1.497803	48.511450	-70.595420	-23.549618	7.769467
-0.509277	-0.337891	1.265381	59.923664	-79.076336	-25.870229	7.779561
-0.449951	-0.267090	1.091309	72.145038	-78.656489	-33.496183	7.789841
-0.590088	-0.281982	0.924316	92.633588	-74.809160	-38.977099	7.799952
-0.362061	0.027588	0.734375	88.458015	-82.954198	-48.389313	7.810428
-0.269775	0.334961	0.490234	77.358779	-75.870229	-55.511450	7.820351
-0.261475	0.574707	0.314697	60.190840	-67.679389	-49.580153	7.830521
-0.258301	0.641846	0.246338	36.900763	-47.916031	-34.893130	7.840484
-0.273682	0.681396	0.196777	14.702290	-33.381679	-23.946565	7.850424
-0.289795	0.660400	0.194336	-8.641221	-8.160305	-8.755725	7.860613
-0.301025	0.616699	0.244629	-25.923664	16.274809	3.305344	7.870614
-0.367188	0.574951	0.382568	-39.213740	39.160305	16.305344	7.880590
-0.407715	0.477295	0.639160	-57.954198	59.748092	34.419847	7.890895
-0.479492	0.250977	0.909668	-65.877863	66.618321	47.381679	7.900716
-0.514404	0.048096	1.175293	-73.076336	60.038168	55.580153	7.910938
-0.525146	-0.179932	1.373779	-73.450382	42.366412	57.160305	7.921225
-0.531982	-0.375000	1.464600	-66.183206	24.236641	51.488550	7.931063
-0.520508	-0.506592	1.487793	-55.832061	8.480916	42.854962	7.941292
-0.496826	-0.580566	1.474121	-40.549618	0.679389	27.145038	7.951196
-0.492188	-0.651123	1.474365	-24.328244	-7.076336	11.748092	7.961280
-0.496094	-0.615479	1.480957	-2.282443	-16.022901	-2.061069	7.970843
-0.496338	-0.511719	1.451416	15.320611	-23.946565	-13.221374	7.979071
-0.489990	-0.418945	1.423828	29.022901	-32.725191	-19.824427	7.987249
-0.486084	-0.342529	1.369385	41.374046	-39.427481	-23.770992	7.995437
-0.465820	-0.256592	1.283447	52.198473	-45.992366	-27.381679	8.003455
-0.436768	-0.196045	1.178955	63.511450	-49.900763	-32.198473	8.011645
-0.426758	-0.101074	1.074219	71.893130	-54.030534	-37.656489	8.019948
-0.376953	0.030518	0.958984	79.778626	-54.709924	-39.152672	8.028262
-0.299316	0.242188	0.788330	76.900763	-61.916031	-52.816794	8.036594
-0.265381	0.399902	0.573486	77.480916	-62.969466	-48.793893	8.044816
-0.317383	0.583008	0.383057	59.763359	-56.473282	-46.801527	8.052929
-0.260498	0.747803	0.231689	40.580153	-43.793893	-34.610687	8.061141
-0.253662	0.792236	0.170654	18.748092	-26.160305	-19.404580	8.069413
-0.301025	0.761230	0.184082	-6.038168	-5.938931	-2.679389	8.079492
-0.311035	0.677490	0.246582	-26.770992	21.114504	14.526718	8.089479
-0.348633	0.515869	0.427246	-44.587786	43.946565	28.374046	8.099505
-0.403320	0.404785	0.588379	-49.648855	59.885496	39.312977	8.109672
-0.455811	0.408447	0.795654	-57.145038	69.702290	52.030534	8.119689
-0.508789	0.204834	1.034424	-72.908397	68.022901	71.061069	8.129758
-0.514648	-0.178711	1.297852	-79.519084	57.748092	78.877863	8.139921
-0.508301	-0.474121	1.434570	-78.610687	42.832061	72.221374	8.149831
-0.511475	-0.656738	1.529541	-66.595420	32.068702	52.251908	8.160087
-0.503662	-0.787842	1.619141	-41.236641	22.458015	28.458015	8.170024
-0.533691	-0.770752	1.704834	-9.366412	9.358779	6.931298	8.179836
-0.531738	-0.703857	1.683594	17.068702	-9.427481	-12.068702	8.189817
-0.503906	-0.459717	1.557617	47.030534	-32.961832	-28.572519	8.202167
-0.463867	-0.270264	1.359619	65.030534	-49.419847	-34.099237	8.212398
-0.376709	-0.077637	1.154785	77.206107	-61.358779	-33.114504	8.222743
-0.310791	0.096680	0.915527	81.732824	-69.961832	-34.717557	8.232770
-0.243652	0.347900	0.630859	72.694656	-70.534351	-30.648855	8.242939
-0.333008	0.524414	0.476807	66.595420	-65.465649	-27.496183	8.252720
-0.142090	0.532959	0.301758	30.923664	-40.603053	-9.877863	8.263390
-0.167725	0.517334	0.288818	12.664122	-15.488550	-2.496183	8.273539
-0.233398	0.530029	0.391602	-1.419847	12.465649	1.618321	8.283961
-0.308350	0.539307	0.528564	-13.992366	28.328244	8.427481	8.294240
-0.344971	0.504883	0.642578	-27.038168	35.984733	17.038168	8.304416
-0.385986	0.432617	0.750977	-38.366412	37.290076	26.114504	8.314504
-0.389160	0.297607	0.853516	-47.534351	38.068702	34.541985	8.324781
-0.425049	0.154541	0.954834	-56.969466	36.503817	37.961832	8.335021
-0.461182	0.000977	1.059570	-62.396947	34.793893	40.152672	8.344823
-0.481201	-0.180664	1.207520	-66.335878	34.549618	39.778626	8.355361
-0.480713	-0.357422	1.380859	-63.221374	31.206107	38.625954	8.365440
-0.498779	-0.554932	1.516602	-52.618321	21.664122	32.022901	8.375658
-0.498047	-0.708008	1.665039	-33.152672	8.664122	18.358779	8.385516
-0.506104	-0.731445	1.729736	-1.717557	-11.038168	0.366412	8.395828
-0.488770	-0.626953	1.679932	26.083969	-30.946565	-15.977099	8.405873
-0.479004	-0.453125	1.541504	44.625954	-47.137405	-29.801527	8.416225
-0.412109	-0.302246	1.361328	63.389313	-58.358779	-35.442748	8.426354
-0.349365	-0.164307	1.181641	77.190840	-64.435115	-43.549618	8.436340
-0.307617	0.060547	0.970703	81.587786	-68.603053	-48.961832	8.446289
-0.338623	0.290039	0.738770	91.412214	-79.625954	-57.496183	8.456639
-0.196289	0.485840	0.464600	64.679389	-70.320611	-44.572519	8.466572
-0.166992	0.621582	0.290283	38.221374	-49.435115	-39.442748	8.476669
-0.193115	0.739502	0.233154	14.389313	-26.809160	-26.435115	8.486418
-0.208496	0.771484	0.243652	-10.015267	-6.641221	-13.137405	8.496721
-0.269531	0.689453	0.307129	-33.923664	18.221374	1.908397	8.506816
-0.305664	0.578369	0.411377	-47.152672	41.717557	13.335878	8.516908
-0.374756	0.515137	0.557129	-50.145038	53.068702	20.198473	8.527012
-0.411621	0.514160	0.712402	-57.160305	58.274809	29.427481	8.537075
-0.433350	0.378418	0.819580	-70.740458	57.435115	45.427481	8.546923
-0.475098	0.187988	0.945312	-83.503817	55.076336	53.755725	8.557063
-0.468750	0.009521	1.094238	-94.465649	49.679389	65.160305	8.567351
-0.481934	-0.304932	1.276611	-98.274809	44.221374	72.267176	8.577242
-0.503418	-0.616699	1.461426	-88.022901	37.862595	61.854962	8.587203
-0.512695	-0.828125	1.608643	-60.847328	27.847328	43.007634	8.597294
-0.530762	-0.908203	1.704102	-28.045802	12.893130	21.290076	8.607580
-0.542969	-0.815918	1.711426	1.083969	-6.709924	-2.725191	8.617409
-0.530518	-0.698975	1.615967	26.351145	-28.015267	-18.206107	8.627240
-0.506836	-0.514648	1.439453	49.297710	-45.519084	-25.442748	8.637474
-0.456787	-0.390137	1.287598	66.091603	-53.190840	-30.038168	8.647474
-0.419678	-0.306152	1.151855	79.900763	-58.984733	-31.961832	8.657698
-0.378906	-0.233643	1.029053	88.213740	-58.580153	-38.343511	8.667700
-0.299561	-0.048340	0.938721	95.068702	-54.343511	-44.320611	8.677593
-0.301025	0.038330	0.793945	102.732824	-61.381679	-47.870229	8.687679
-0.243164	0.276855	0.618652	93.236641	-56.832061	-54.496183	8.697561
-0.214355	0.479736	0.457275	84.465649	-48.450382	-48.923664	8.707741
-0.279297	0.748779	0.331055	60.549618	-58.534351	-54.412214	8.717979
-0.186035	0.830322	0.170898	34.763359	-30.312977	-31.793893	8.727672
-0.200439	0.805664	0.078613	5.793893	-4.450382	-12.282443	8.737972
-0.223145	0.791992	0.104004	-20.732824	25.183206	2.480916	8.748243
-0.290283	0.743652	0.253418	-33.679389	58.450382	21.458015	8.758214
-0.364746	0.634033	0.497559	-52.679389	81.633588	41.229008	8.768337
-0.449951	0.449463	0.799805	-63.854962	90.122137	59.297710	8.778359
-0.491699	0.207520	1.099121	-76.564885	79.763359	74.854962	8.788543
-0.499268	-0.119385	1.281982	-84.992366	64.938931	83.847328	8.798576
-0.507080	-0.472168	1.409180	-79.671756	53.625954	77.603053	8.808491
-0.483643	-0.711182	1.530762	-57.923664	43.633588	57.274809	8.818763
-0.502686	-0.825928	1.611084	-26.618321	34.351145	33.076336	8.828550
-0.525879	-0.768555	1.694092	3.839695	17.442748	4.175573	8.839013
-0.510010	-0.616699	1.677002	33.992366	-4.709924	-11.740458	8.849134
-0.488281	-0.411865	1.538818	50.717557	-25.854962	-22.793893	8.859522
-0.435791	-0.339600	1.362061	63.755725	-37.992366	-21.442748	8.869801
-0.424072	-0.247803	1.186279	76.885496	-44.534351	-26.893130	8.880035
-0.398438	-0.123779	1.079346	82.343511	-43.610687	-30.931298	8.890270
-0.385986	-0.004883	1.035645	85.175573	-43.267176	-32.519084	8.900496
-0.333496	0.020996	1.000488	88.442748	-42.778626	-31.839695	8.910655
-0.312256	0.088867	0.921631	92.748092	-42.045802	-40.740458	8.920667
-0.280762	0.237549	0.796143	94.045802	-41.549618	-48.007634	8.930624
-0.235107	0.491699	0.641846	82.213740	-41.671756	-53.236641	8.940649
-0.296143	0.732910	0.447021	59.870229	-50.030534	-52.465649	8.950717
-0.202148	0.879395	0.235352	26.419847	-27.458015	-29.549618	8.961114
-0.219971	0.880615	0.148438	-12.931298	-1.465649	-9.732824	8.971558
-0.253418	0.808350	0.210449	-40.473282	29.358779	11.725191	8.981482
-0.326904	0.644775	0.438477	-51.580153	61.328244	28.801527	8.991772
-0.422607	0.499512	0.676270	-62.068702	78.320611	43.038168	9.001642
-0.466797	0.364502	0.975830	-74.534351	76.961832	55.198473	9.012063
-0.505615	0.147949	1.131104	-85.259542	63.801527	62.847328	9.022022
-0.511230	-0.104004	1.277344	-92.236641	53.595420	65.961832	9.031880
-0.519287	-0.353760	1.379883	-88.274809	43.335878	57.458015	9.042114
-0.525146	-0.506836	1.473877	-71.358779	32.671756	44.809160	9.052078
-0.541260	-0.568359	1.524658	-48.312977	23.083969	26.297710	9.062360
-0.535400	-0.571289	1.567871	-32.381679	11.587786	12.580153	9.072472
-0.533936	-0.528076	1.585449	-8.916031	-2.358779	3.137405	9.082419
-0.536865	-0.547363	1.584961	16.763359	-15.396947	-4.633588	9.092362
-0.510986	-0.467041	1.510742	45.778626	-32.435115	-14.984733	9.102248
-0.462646	-0.263672	1.318359	69.099237	-47.381679	-27.000000	9.112643
-0.358154	0.029297	1.035156	84.488550	-63.534351	-33.671756	9.122666
-0.299072	0.399414	0.638672	77.358779	-68.832061	-34.343511	9.132472
-0.205078	0.693604	0.301025	54.206107	-57.503817	-20.938931	9.142538
-0.209961	0.745361	0.153809	21.198473	-32.343511	-7.442748	9.152500
-0.239258	0.666260	0.182129	-4.320611	1.778626	6.267176	9.162765
-0.251221	0.600586	0.284668	-20.396947	29.740458	17.038168	9.172616
-0.339844	0.527588	0.495605	-31.022901	50.076336	23.519084	9.182509
-0.394287	0.476318	0.706055	-41.045802	48.977099	29.641221	9.192533
-0.410400	0.367920	0.823975	-53.412214	44.923664	36.534351	9.202420
-0.419434	0.180176	0.870361	-61.038168	41.053435	38.427481	9.212763
-0.430908	0.033203	0.967041	-65.687023	40.603053	37.870229	9.222843
-0.451172	-0.139404	1.126953	-67.748092	42.824427	36.526718	9.232781
-0.512207	-0.307617	1.318115	-65.801527	40.938931	32.839695	9.242628
-0.477295	-0.515381	1.484863	-47.709924	42.511450	31.900763	9.252685
-0.533691	-0.593750	1.650879	-32.076336	19.862595	13.572519	9.263129
-0.547119	-0.609375	1.707031	-3.229008	1.969466	5.748092	9.272928
-0.538574	-0.580322	1.662598	21.870229	-17.045802	-7.778626	9.282906
-0.535156	-0.494141	1.579834	43.396947	-34.557252	-19.038168	9.292469
-0.521240	-0.387695	1.446777	56.366412	-45.022901	-28.053435	9.302600
-0.474609	-0.299316	1.333984	66.564885	-58.427481	-35.916031	9.312811
-0.444336	-0.121826	1.148682	75.381679	-70.839695	-40.763359	9.322902
-0.575195	-0.049072	0.953613	95.946565	-75.190840	-46.175573	9.332988
-0.306396	0.194336	0.732178	83.717557	-73.000000	-46.595420	9.343013
-0.245850	0.472656	0.561523	76.236641	-68.740458	-47.595420	9.353301
-0.174316	0.797119	0.334229	52.969466	-60.320611	-38.061069	9.363641
-0.140381	0.902588	0.186523	23.015267	-43.198473	-19.396947	9.373667
-0.129395	0.796143	0.145508	-7.679389	-21.679389	-1.404580	9.383656
-0.163330	0.718506	0.155762	-22.053435	8.152672	7.587786	9.393678
-0.188965	0.692383	0.227539	-37.877863	38.862595	18.129771	9.403666
-0.263428	0.550781	0.412598	-51.274809	65.931298	27.824427	9.414622
-0.334717	0.421387	0.619141	-58.679389	80.961832	29.778626	9.424724
-0.396484	0.364014	0.838867	-65.213740	80.450382	30.709924	9.434632
-0.454346	0.311768	0.987793	-71.961832	70.587786	35.717557	9.444512
-0.493164	0.173340	1.077148	-79.160305	60.908397	43.923664	9.454752
-0.505859	-0.026855	1.148682	-91.259542	55.587786	51.824427	9.465002
-0.508545	-0.267578	1.275879	-88.679389	54.374046	53.687023	9.475355
-0.529785	-0.529297	1.447510	-77.770992	51.938931	46.458015	9.485498
-0.556396	-0.688232	1.620361	-52.053435	43.603053	32.251908	9.495881
-0.577881	-0.723633	1.700439	-22.656489	27.007634	15.366412	9.505958
-0.604736	-0.680176	1.776367	5.633588	5.068702	0.076336	9.515935
-0.610107	-0.595703	1.752197	29.770992	-20.145038	-9.854962	9.525767
-0.591064	-0.495117	1.614746	46.954198	-42.541985	-17.625954	9.535727
-0.553955	-0.421875	1.456055	63.961832	-57.198473	-23.503817	9.545451
-0.506348	-0.312012	1.234863	76.954198	-67.931298	-32.824427	9.555991
-0.441650	-0.163330	1.077148	85.938931	-70.213740	-37.824427	9.566369
-0.383057	-0.005127	0.940674	93.824427	-69.190840	-43.534351	9.576141
-0.283936	0.197998	0.796387	85.045802	-61.801527	-41.145038	9.586222
-0.273682	0.298828	0.664551	91.335878	-64.251908	-50.664122	9.596546
-0.245117	0.555664	0.484375	87.603053	-64.648855	-49.297710	9.607041
-0.205566	0.745605	0.301514	57.160305	-56.236641	-43.328244	9.617075
-0.185791	0.827637	0.144531	22.847328	-40.832061	-31.389313	9.627207
-0.189209	0.848389	0.105469	-4.778626	-15.450382	-16.366412	9.637200
-0.231934	0.795166	0.170166	-25.793893	17.244275	-0.770992	9.647007
-0.284424	0.679688	0.339111	-44.290076	46.419847	14.778626	9.657223
-0.355957	0.557861	0.521484	-52.083969	62.221374	26.549618	9.667384
-0.393799	0.425537	0.718018	-60.900763	70.587786	34.152672	9.677524
-0.429199	0.295410	0.909180	-69.167939	67.488550	41.022901	9.687602
-0.477295	0.119873	1.031250	-78.702290	62.114504	45.587786	9.697556
-0.483887	-0.043213	1.156006	-81.687023	55.541985	48.480916	9.707372
-0.522949	-0.266602	1.287842	-78.900763	52.167939	51.671756	9.717504
-0.533936	-0.509766	1.493408	-68.290076	46.702290	47.488550	9.727622
-0.551758	-0.697510	1.669678	-43.473282	38.961832	33.282443	9.737639
-0.571777	-0.775146	1.770508	-6.595420	17.687023	13.106870	9.747605
-0.586670	-0.693848	1.740967	32.206107	-8.534351	-8.198473	9.757893
-0.558350	-0.439697	1.596680	57.916031	-33.564885	-22.564885	9.768138
-0.511719	-0.264648	1.405029	67.381679	-50.175573	-26.282443	9.777830
-0.457764	-0.175781	1.209473	73.511450	-59.427481	-27.366412	9.787996
-0.413330	-0.106201	1.027588	79.618321	-61.862595	-32.236641	9.797562
-0.316162	0.119385	0.899658	70.381679	-60.473282	-39.129771	9.807546
-0.309326	0.196533	0.750732	89.717557	-58.633588	-38.274809	9.817007
-0.262451	0.346436	0.637695	79.389313	-52.870229	-38.664122	9.827285
-0.236572	0.495605	0.549805	65.572519	-42.358779	-33.877863	9.837205
-0.225098	0.574707	0.444092	49.656489	-32.740458	-27.580153	9.847318
-0.208984	0.688965	0.358398	27.633588	-21.633588	-23.160305	9.857300
-0.212158	0.727539	0.302490	4.076336	-4.992366	-14.702290	9.867569
-0.244873	0.731445	0.310303	-16.167939	16.603053	-3.595420	9.877495
-0.290771	0.691406	0.376953	-35.954198	38.320611	10.358779	9.887602
-0.344238	0.574463	0.551514	-52.580153	54.839695	23.625954	9.897545
-0.422607	0.411865	0.727783	-65.305344	64.229008	34.564885	9.907504
-0.488037	0.246094	0.953857	-75.885496	67.267176	45.152672	9.917806
-0.493164	0.005371	1.135254	-88.908397	63.969466	56.022901	9.927909
-0.525635	-0.301270	1.317139	-88.603053	58.519084	57.664122	9.937953
-0.544434	-0.571777	1.525391	-80.412214	47.832061	45.992366	9.948020
-0.580322	-0.796631	1.726318	-49.160305	32.877863	27.931298	9.958018
-0.600830	-0.861084	1.829590	-15.366412	8.625954	2.152672	9.968298
-0.619385	-0.771240	1.815186	23.160305	-17.145038	-20.083969	9.978317
-0.604248	-0.525391	1.630127	53.114504	-41.908397	-34.458015	9.988427
-0.552734	-0.336426	1.417725	66.419847	-55.770992	-39.465649	9.998221
-0.479980	-0.174561	1.203369	77.480916	-66.083969	-42.702290	10.008707
-0.404785	0.036377	0.971191	82.198473	-71.427481	-48.320611	10.018751
-0.303223	0.346924	0.696777	80.221374	-73.900763	-52.580153	10.028472
-0.248291	0.686279	0.407471	79.679389	-71.572519	-47.412214	10.038206
-0.184814	0.863037	0.185791	44.992366	-51.969466	-30.236641	10.048556
-0.152832	0.882080	0.103271	6.984733	-27.679389	-13.549618	10.058700
-0.182617	0.738770	0.101807	-20.343511	7.381679	1.007634	10.068608
-0.253662	0.632812	0.228516	-32.045802	42.793893	8.709924	10.078502
-0.331543	0.571289	0.500732	-44.717557	63.709924	13.473282	10.088927
-0.379395	0.537109	0.687744	-52.015267	66.786260	22.664122	10.099259
-0.426514	0.439453	0.803467	-60.793893	62.534351	30.473282	10.108997
-0.438965	0.322510	0.854492	-67.648855	59.427481	35.717557	10.119034
-0.428955	0.178955	0.900635	-72.641221	61.748092	41.030534	10.129340
-0.450439	0.027100	0.987305	-72.480916	62.351145	42.152672	10.139098
-0.456787	-0.114014	1.080322	-69.877863	65.564885	41.931298	10.148704
-0.495117	-0.258301	1.193115	-63.908397	66.427481	39.091603	10.159132
-0.534424	-0.382568	1.336182	-52.015267	59.015267	31.580153	10.169542
-0.567139	-0.443848	1.477295	-36.900763	47.099237	23.664122	10.179701
-0.591064	-0.514893	1.598145	-22.557252	30.488550	14.496183	10.189857
-0.612061	-0.572998	1.707031	2.625954	2.885496	-0.114504	10.202987
-0.621338	-0.550049	1.671387	22.969466	-21.122137	-11.603053	10.213354
-0.598877	-0.498047	1.587158	40.984733	-39.938931	-20.587786	10.223479
-0.569092	-0.443848	1.473633	57.503817	-53.725191	-28.763359	10.233619
-0.548096	-0.360840	1.321533	72.694656	-64.251908	-37.076336	10.243777
-0.523926	-0.276611	1.200928	86.351145	-69.809160	-44.809160	10.253911
-0.483643	-0.144775	1.077881	101.328244	-72.366412	-54.259542	10.263841
-0.273682	0.132324	0.979980	105.969466	-80.900763	-56.374046	10.273973
-0.310059	0.289795	0.719482	106.664122	-89.145038	-64.534351	10.284222
-0.265381	0.599121	0.409668	91.091603	-95.595420	-66.946565	10.294185
-0.138184	0.919678	0.101074	69.885496	-84.290076	-56.290076	10.304191
-0.136963	1.005859	-0.151123	18.335878	-62.396947	-42.954198	10.314327
-0.135010	0.971680	-0.187012	-15.267176	-19.076336	-17.145038	10.324325
-0.195801	0.828125	-0.075928	-43.030534	31.068702	1.549618	10.334308
-0.262451	0.668213	0.188232	-56.221374	69.305344	15.366412	10.344341
-0.366455	0.530762	0.496094	-65.503817	93.106870	25.679389	10.354719
-0.433350	0.430176	0.797607	-74.251908	96.389313	30.793893	10.364437
-0.495361	0.305908	0.996094	-78.954198	85.847328	37.320611	10.374793
-0.511230	0.167969	1.098877	-85.251908	69.839695	40.381679	10.384734
-0.540039	0.035400	1.161621	-85.083969	57.290076	42.236641	10.394878
-0.546875	-0.102051	1.217041	-81.946565	50.893130	47.404580	10.404971
-0.549561	-0.267822	1.307129	-77.793893	47.274809	49.534351	10.415104
-0.556152	-0.473633	1.443848	-66.427481	42.122137	46.786260	10.425241
-0.581543	-0.615234	1.580811	-40.190840	30.526718	32.832061	10.435448
-0.594727	-0.645508	1.662354	-11.961832	13.320611	18.183206	10.445544
-0.610107	-0.596680	1.722412	14.152672	-7.969466	3.702290	10.455794
-0.597656	-0.541748	1.700195	31.816794	-32.679389	-5.839695	10.465355
-0.571289	-0.490479	1.513916	49.015267	-51.450382	-15.847328	10.475851
-0.539795	-0.395996	1.365723	68.946565	-62.137405	-24.305344	10.485897
-0.500000	-0.285645	1.224365	81.167939	-69.076336	-32.793893	10.495986
-0.454834	-0.149170	1.100586	95.557252	-73.633588	-41.725191	10.506271
-0.286621	0.204590	0.953857	85.748092	-77.618321	-49.572519	10.516142
-0.316895	0.288086	0.767334	104.984733	-80.267176	-50.671756	10.526307
-0.246338	0.462402	0.564453	92.977099	-75.442748	-51.763359	10.535979
-0.232178	0.617188	0.393311	76.633588	-67.183206	-46.740458	10.546149
-0.165039	0.763916	0.243164	53.541985	-54.832061	-36.931298	10.556328
-0.179199	0.807373	0.146484	23.526718	-36.633588	-25.114504	10.566236
-0.182861	0.800781	0.122803	-5.381679	-8.877863	-10.419847	10.576305
-0.211426	0.760986	0.120850	-34.793893	15.648855	-0.435115	10.586729
-0.238281	0.676514	0.219727	-55.633588	49.427481	14.832061	10.596795
-0.299561	0.494873	0.461914	-70.419847	73.030534	23.473282	10.607052
-0.394043	0.343018	0.708496	-89.763359	81.541985	31.022901	10.617010
-0.453125	0.109619	0.965820	-98.984733	84.824427	38.465649	10.627088
-0.538086	-0.120605	1.247314	-94.839695	78.534351	38.938931	10.637185
-0.616943	-0.287109	1.476074	-84.015267	67.351145	38.702290	10.647074
-0.657471	-0.463379	1.700928	-64.389313	53.351145	39.854962	10.657511
-0.672363	-0.679688	1.873535	-35.076336	34.694656	34.152672	10.667569
-0.677490	-0.798584	1.919678	8.297710	8.816794	17.213740	10.678099
-0.666260	-0.726074	1.851807	51.549618	-21.183206	-6.198473	10.688515
-0.610596	-0.483398	1.644287	82.007634	-47.167939	-22.091603	10.698693
-0.537109	-0.293701	1.381348	95.045802	-68.022901	-28.236641	10.708745
-0.468750	-0.149170	1.108887	103.755725	-73.076336	-33.916031	10.718811
-0.390869	-0.050781	0.951660	106.801527	-71.923664	-36.893130	10.728855
-0.461670	0.063477	0.817139	132.412214	-78.244275	-53.320611	10.738848
-0.260498	0.285156	0.622803	111.633588	-69.404580	-42.671756	10.748996
-0.233887	0.598145	0.447998	84.038168	-64.511450	-48.618321	10.759107
-0.179932	0.815430	0.290527	57.580153	-56.977099	-36.206107	10.769470
-0.165283	0.813477	0.167969	21.374046	-42.091603	-23.007634	10.779590
-0.174072	0.734619	0.142822	-11.282443	-13.961832	-9.122137	10.789738
-0.199951	0.636963	0.196289	-31.190840	17.236641	-2.519084	10.799930
-0.279785	0.566406	0.345215	-39.343511	47.656489	3.740458	10.810426
-0.352783	0.558350	0.552246	-47.916031	64.793893	12.167939	10.820506
-0.391113	0.498047	0.742676	-56.717557	71.610687	24.221374	10.830287
-0.429199	0.338867	0.908447	-65.625954	67.969466	31.091603	10.840605
-0.465820	0.189941	1.024658	-64.519084	59.870229	35.961832	10.850786
-0.509766	0.058350	1.119629	-66.251908	55.198473	39.129771	10.861020
-0.505371	-0.090332	1.262207	-66.977099	51.290076	41.129771	10.871018
-0.551758	-0.241943	1.420166	-58.213740	46.221374	40.152672	10.880959
-0.573975	-0.379883	1.562988	-46.083969	32.450382	35.198473	10.891155
-0.566895	-0.514404	1.652832	-26.000000	18.358779	25.053435	10.901233
-0.564941	-0.561279	1.673340	-3.938931	0.053435	10.679389	10.911361
-0.574463	-0.526123	1.642090	20.862595	-17.465649	-3.374046	10.921400
-0.567871	-0.423828	1.571533	42.793893	-33.603053	-13.885496	10.931576
-0.546387	-0.342285	1.479492	61.450382	-47.099237	-20.190840	10.941510
-0.526855	-0.230469	1.355957	74.320611	-59.160305	-25.603053	10.951421
-0.567139	-0.230225	1.190674	100.251908	-66.229008	-32.748092	10.961732
-0.443115	-0.032715	1.017090	109.458015	-77.549618	-41.580153	10.971919
-0.316895	0.309326	0.802246	103.885496	-77.702290	-49.564885	10.981796
-0.227783	0.672363	0.477783	93.679389	-85.557252	-47.198473	10.991889
-0.168945	0.859131	0.168457	61.015267	-79.595420	-32.320611	11.001896
-0.118164	0.909180	-0.012207	20.114504	-51.381679	-18.129771	11.011942
-0.104004	0.848145	-0.075195	-19.236641	-14.045802	-4.206107	11.022011
-0.161133	0.685303	0.059082	-36.374046	28.061069	7.580153	11.032063
-0.263184	0.613525	0.302246	-46.167939	61.175573	12.465649	11.042157
-0.347168	0.563965	0.561279	-55.587786	76.511450	21.580153	11.052275
-0.421143	0.422607	0.783203	-70.099237	76.648855	32.381679	11.062397
-0.454102	0.268066	0.909668	-77.488550	74.549618	38.923664	11.072465
-0.496094	0.147461	1.051025	-77.099237	70.381679	43.114504	11.082360
-0.538574	0.031738	1.174072	-75.763359	65.358779	49.511450	11.092492
-0.555664	-0.144531	1.343750	-78.977099	57.954198	51.274809	11.102551
-0.569092	-0.327148	1.471680	-68.015267	48.877863	50.778626	11.112777
-0.576660	-0.478760	1.568359	-55.137405	36.450382	42.664122	11.122794
-0.595459	-0.633545	1.630859	-31.877863	19.694656	27.847328	11.132911
-0.597900	-0.635986	1.667236	-0.633588	-1.083969	8.007634	11.143237
-0.603271	-0.527832	1.634766	27.206107	-21.122137	-7.068702	11.153147
-0.585205	-0.370361	1.527100	46.816794	-39.893130	-16.305344	11.163460
-0.547363	-0.261963	1.367188	60.885496	-50.877863	-20.129771	11.173835
-0.552734	-0.268066	1.206055	82.603053	-61.305344	-24.938931	11.183788
-0.447266	-0.156738	1.046143	91.633588	-63.793893	-30.442748	11.193648
-0.360840	0.064697	0.904541	99.908397	-62.152672	-42.152672	11.203081
-0.291992	0.390869	0.726807	104.519084	-65.992366	-51.671756	11.212808
-0.241943	0.668701	0.486328	89.328244	-73.938931	-45.564885	11.222040
-0.145264	0.893555	0.218994	57.030534	-68.190840	-34.083969	11.231525
-0.131348	0.927490	-0.006348	20.992366	-51.908397	-21.755725	11.240705
-0.037598	0.958984	-0.137207	-31.595420	-18.534351	-5.603053	11.251280
-0.138672	0.722412	-0.020996	-54.625954	32.916031	10.618321	11.261349
-0.239746	0.536377	0.253662	-63.534351	73.320611	14.099237	11.272393
-0.366699	0.458740	0.559814	-69.190840	92.358779	17.992366	11.282821
-0.443359	0.433838	0.820557	-79.908397	92.213740	23.977099	11.292778
-0.494629	0.302490	1.013428	-87.396947	86.862595	35.770992	11.303028
-0.544189	0.121826	1.183105	-92.251908	71.877863	42.335878	11.313210
-0.561523	-0.063721	1.289551	-91.770992	59.435115	49.549618	11.323097
-0.432617	-0.370605	1.416016	-89.480916	62.473282	52.778626	11.333173
-0.581299	-0.532471	1.565674	-69.427481	35.923664	35.473282	11.343029
-0.620605	-0.618408	1.655518	-43.083969	26.473282	24.343511	11.352681
-0.629150	-0.700439	1.724121	-11.557252	10.526718	9.893130	11.362996
-0.642334	-0.657715	1.747803	22.229008	-12.847328	-9.076336	11.373464
-0.632080	-0.470947	1.659180	51.687023	-38.122137	-19.557252	11.383472
-0.604980	-0.321533	1.450195	69.366412	-56.595420	-23.206107	11.393943
-0.567139	-0.222656	1.261475	82.824427	-68.022901	-25.335878	11.404433
-0.466797	-0.170166	1.105469	82.832061	-73.778626	-31.137405	11.415153
-0.401855	0.029297	0.965576	106.015267	-70.961832	-37.610687	11.425104
-0.332764	0.269775	0.785156	119.870229	-68.885496	-47.618321	11.435363
-0.268555	0.546387	0.630859	112.511450	-77.030534	-45.381679	11.445307
-0.212402	0.756592	0.398438	88.801527	-78.328244	-41.908397	11.455502
-0.171143	0.928711	0.148926	56.595420	-81.580153	-38.816794	11.465636
-0.151367	0.987793	-0.045410	20.335878	-47.198473	-18.450382	11.475713
-0.156250	0.933838	-0.077637	-17.488550	-13.061069	-7.000000	11.486031
-0.199951	0.891113	0.029297	-38.496183	24.664122	7.786260	11.495604
-0.274658	0.730225	0.224609	-58.793893	59.557252	21.549618	11.505432
-0.335449	0.605469	0.457520	-68.709924	77.198473	33.671756	11.515657
-0.401123	0.481445	0.626953	-79.083969	84.931298	40.122137	11.525208
-0.445068	0.369629	0.752686	-86.244275	83.473282	46.946565	11.535110
-0.476318	0.209717	0.910889	-95.603053	81.083969	54.068702	11.545222
-0.540527	0.019043	1.078125	-99.580153	76.793893	57.938931	11.555216
-0.599854	-0.294678	1.262451	-88.503817	79.229008	67.190840	11.565577
-0.583984	-0.418457	1.423340	-98.511450	57.442748	46.114504	11.575596
-0.655029	-0.565186	1.596436	-74.206107	45.885496	44.916031	11.585612
-0.637695	-0.717041	1.689209	-55.809160	32.206107	31.488550	11.595368
-0.650879	-0.816895	1.755371	-24.389313	15.297710	15.717557	11.605707
-0.677002	-0.810547	1.803711	17.267176	-11.358779	-4.007634	11.615799
-0.659180	-0.631104	1.721680	45.167939	-32.251908	-18.099237	11.625803
-0.618652	-0.480469	1.549072	69.465649	-52.282443	-25.190840	11.635920
-0.585693	-0.382568	1.381592	84.083969	-62.916031	-29.053435	11.645640
-0.532959	-0.294189	1.218018	104.053435	-67.267176	-33.916031	11.655908
-0.462891	-0.125488	1.077637	119.648855	-71.290076	-43.786260	11.665918
-0.453369	0.055420	0.931641	126.221374	-74.259542	-48.534351	11.675829
-0.345215	0.336670	0.761719	136.984733	-79.229008	-54.236641	11.685995
-0.269531	0.598389	0.494629	124.824427	-82.809160	-56.946565	11.695864
-0.137695	0.928711	0.133545	77.343511	-83.129771	-50.259542	11.705974
-0.104980	1.049805	-0.101807	40.374046	-63.236641	-33.061069	11.715994
-0.089355	1.063232	-0.227051	-4.725191	-30.809160	-21.396947	11.726244
-0.162842	1.007812	-0.193359	-40.572519	13.450382	-3.145038	11.736083
-0.240234	0.865479	-0.019043	-64.511450	67.427481	17.305344	11.746132
-0.357910	0.671631	0.335205	-83.748092	100.290076	31.839695	11.756425
-0.439941	0.504639	0.655762	-95.114504	110.854962	41.145038	11.766416
-0.464111	0.244873	0.892334	-99.099237	119.099237	53.641221	11.776971
-0.572266	0.139648	1.151123	-99.419847	94.106870	48.328244	11.786865
-0.655762	-0.036865	1.326172	-89.633588	79.038168	51.770992	11.796788
-0.624512	-0.183594	1.452637	-92.595420	64.259542	49.152672	11.806323
-0.638916	-0.400391	1.542725	-81.145038	50.053435	46.824427	11.815726
-0.647949	-0.584229	1.679443	-63.893130	34.572519	32.938931	11.825675
-0.642822	-0.689453	1.728271	-35.427481	13.748092	16.717557	11.835695
-0.645264	-0.680908	1.705078	5.076336	-11.511450	-3.083969	11.846209
-0.624268	-0.498779	1.623047	37.809160	-33.000000	-15.610687	11.856761
-0.602051	-0.341553	1.482422	58.832061	-48.541985	-19.198473	11.867152
-0.564453	-0.270996	1.370361	74.221374	-59.473282	-20.809160	11.877131
-0.526123	-0.220703	1.239746	88.809160	-69.687023	-26.358779	11.887312
-0.411621	-0.009521	1.114990	101.465649	-81.618321	-38.068702	11.897151
-0.402588	0.034424	0.933350	115.648855	-83.000000	-35.770992	11.907541
-0.350342	0.145752	0.779785	112.129771	-76.236641	-44.152672	11.917657
-0.291016	0.366211	0.631104	105.396947	-74.251908	-47.053435	11.927746
-0.217285	0.559814	0.499512	102.740458	-74.725191	-41.511450	11.937545
-0.121826	0.762695	0.256104	63.778626	-67.748092	-38.206107	11.947658
-0.122070	0.857666	0.092285	39.351145	-52.229008	-27.503817	11.957930
-0.093018	0.913330	-0.054932	9.977099	-25.465649	-19.312977	11.967865
-0.140869	0.945068	-0.080566	-20.213740	6.244275	-9.083969	11.977933
-0.217041	0.892090	0.015869	-44.045802	49.641221	8.229008	11.988112
-0.290039	0.781250	0.254883	-61.236641	83.603053	25.015267	11.997892
-0.393066	0.596191	0.544678	-78.083969	101.984733	38.984733	12.008406
-0.491455	0.404297	0.829102	-88.717557	103.816794	46.778626	12.018597
-0.606689	0.137207	1.074951	-81.969466	99.458015	54.442748	12.028534
-0.609863	0.047852	1.192139	-87.557252	82.000000	51.190840	12.038618
-0.593262	-0.058838	1.318115	-88.396947	67.618321	51.534351	12.048558
-0.607178	-0.259033	1.416016	-87.709924	51.244275	47.351145	12.058458
-0.616211	-0.447021	1.512939	-76.526718	42.137405	39.190840	12.068346
-0.608887	-0.572998	1.604004	-58.984733	26.145038	25.725191	12.078524
-0.601074	-0.602051	1.664795	-25.923664	8.770992	10.396947	12.088417
-0.613525	-0.587402	1.672119	0.038168	-6.312977	0.564885	12.097875
-0.633301	-0.470947	1.631836	23.458015	-23.335878	-10.870229	12.107459
-0.617676	-0.377930	1.571777	48.312977	-38.282443	-15.603053	12.117148
-0.588135	-0.311035	1.437012	67.580153	-51.572519	-17.183206	12.126402
-0.540039	-0.231934	1.262695	81.465649	-59.335878	-24.297710	12.136898
-0.476074	-0.104980	1.126465	99.297710	-65.198473	-33.549618	12.147041
-0.421631	0.083252	0.950684	109.519084	-66.900763	-42.473282	12.157133
-0.369385	0.330322	0.786133	108.129771	-72.740458	-46.007634	12.167187
-0.295410	0.549805	0.580566	89.984733	-73.908397	-43.305344	12.177036
-0.240479	0.758301	0.319092	62.954198	-76.244275	-39.328244	12.186881
-0.212891	0.861572	0.041992	24.557252	-51.732824	-19.404580	12.198881
-0.186523	0.821289	-0.023438	-19.122137	-18.450382	-2.129771	12.209308
-0.205811	0.717041	0.061035	-40.343511	23.419847	8.526718	12.219088
-0.280518	0.590332	0.287598	-50.259542	63.603053	22.557252	12.229577
-0.356934	0.487305	0.537354	-59.938931	79.251908	29.015267	12.239718
-0.406250	0.367676	0.750977	-68.061069	83.099237	32.503817	12.249538
-0.448730	0.233887	0.914551	-70.847328	78.870229	34.190840	12.259795
-0.501953	0.128418	1.047119	-73.778626	71.328244	34.000000	12.269837
-0.532471	-0.019531	1.208496	-73.755725	60.305344	33.610687	12.279692
-0.548340	-0.145996	1.361328	-58.534351	41.778626	28.022901	12.289889
-0.535645	-0.283447	1.424072	-55.351145	30.511450	20.923664	12.300019
-0.552246	-0.422119	1.493408	-40.122137	19.129771	13.122137	12.310131
-0.564941	-0.473877	1.519043	-17.404580	6.664122	-2.213740	12.320159
-0.577393	-0.393555	1.551270	5.946565	-7.793893	-13.450382	12.330219
-0.571777	-0.275391	1.535889	24.213740	-24.916031	-19.709924	12.340387
-0.552979	-0.227783	1.432129	39.534351	-38.809160	-23.396947	12.350686
-0.506104	-0.157959	1.271729	54.793893	-48.328244	-27.816794	12.360924
-0.477539	-0.078857	1.139893	69.534351	-52.664122	-31.282443	12.371018
-0.447266	0.030762	1.034424	80.236641	-53.702290	-37.969466	12.380917
-0.415283	0.184814	0.955322	79.656489	-53.709924	-41.740458	12.390961
-0.377686	0.347168	0.802002	85.442748	-58.656489	-48.267176	12.401056
-0.317627	0.541992	0.630371	81.748092	-62.694656	-47.488550	12.410988
-0.271240	0.724854	0.434570	62.778626	-61.564885	-40.442748	12.420582
-0.221680	0.809570	0.223145	31.770992	-52.580153	-29.076336	12.430445
-0.199219	0.849365	0.100098	1.198473	-26.618321	-15.435115	12.440642
-0.215088	0.804688	0.082275	-28.435115	11.595420	3.725191	12.451552
-0.274658	0.660645	0.228760	-45.709924	47.183206	17.099237	12.462178
-0.373779	0.562744	0.437012	-53.152672	75.229008	27.961832	12.472019
-0.439697	0.481689	0.724609	-61.389313	86.961832	37.832061	12.482069
-0.515381	0.324951	0.986328	-70.877863	78.885496	45.015267	12.492455
-0.560303	0.090088	1.149170	-76.977099	68.007634	50.442748	12.502377
-0.604492	-0.108398	1.261719	-72.732824	50.816794	41.977099	12.512487
-0.599609	-0.191162	1.332764	-64.725191	40.946565	32.091603	12.522451
-0.596191	-0.277588	1.391602	-58.809160	28.259542	25.633588	12.532682
-0.605225	-0.373291	1.475098	-44.580153	18.916031	19.351145	12.542584
-0.622803	-0.455078	1.570801	-23.557252	5.755725	9.541985	12.552672
-0.633789	-0.463623	1.611084	1.519084	-16.847328	-3.259542	12.563379
-0.613037	-0.390381	1.536865	24.633588	-36.053435	-13.099237	12.573208
-0.571289	-0.280029	1.388672	42.801527	-50.312977	-17.770992	12.583178
-0.514893	-0.213379	1.244629	56.786260	-56.221374	-22.511450	12.593428
-0.447998	-0.114990	1.106934	70.900763	-60.343511	-30.343511	12.603403
-0.376953	0.070312	0.956299	84.114504	-58.641221	-39.862595	12.614170
-0.327881	0.188477	0.827637	83.977099	-62.656489	-43.137405	12.624190
-0.284180	0.384766	0.642334	74.549618	-59.351145	-45.061069	12.634128
-0.223389	0.568604	0.470947	59.259542	-55.236641	-40.625954	12.644058
-0.203857	0.693848	0.293213	30.824427	-41.893130	-32.885496	12.654492
-0.198975	0.728760	0.232178	0.366412	-17.022901	-20.931298	12.664554
-0.232666	0.700195	0.240479	-22.648855	12.679389	-8.488550	12.674173
-0.291016	0.592529	0.373779	-35.969466	45.442748	3.076336	12.684234
-0.367188	0.539062	0.614746	-44.114504	62.000000	10.358779	12.694412
-0.414551	0.488037	0.809082	-52.335878	65.152672	20.343511	12.704173
-0.447266	0.380371	0.901855	-59.839695	59.022901	26.633588	12.713810
-0.480957	0.228027	0.999512	-61.740458	56.534351	30.236641	12.723508
-0.469238	0.079102	1.134033	-64.030534	47.335878	30.328244	12.732757
-0.509521	-0.053955	1.257080	-62.000000	36.580153	25.748092	12.743398
-0.524414	-0.178711	1.324219	-56.435115	24.458015	19.038168	12.753306
-0.545654	-0.258789	1.381104	-44.167939	12.648855	11.106870	12.763677
-0.548584	-0.288086	1.392334	-29.053435	0.541985	1.755725	12.773779
-0.557861	-0.270996	1.375488	-13.076336	-8.793893	-5.564885	12.783825
-0.566895	-0.218994	1.358643	3.412214	-17.351145	-11.419847	12.793689
-0.545898	-0.155762	1.320068	17.190840	-28.458015	-14.496183	12.804203
-0.531982	-0.081055	1.229492	27.564885	-39.374046	-15.290076	12.814091
-0.512451	-0.056885	1.120117	32.595420	-45.557252	-19.091603	12.823860
-0.462158	-0.002197	1.013672	32.717557	-46.305344	-21.351145	12.833891
-0.430420	0.075195	0.922852	39.946565	-46.496183	-25.694656	12.843992
-0.385254	0.173096	0.871582	45.732824	-46.648855	-26.671756	12.854205
-0.361816	0.273193	0.807373	41.068702	-45.984733	-27.824427	12.864359
-0.315186	0.337402	0.706543	37.152672	-45.045802	-26.167939	12.874434
-0.266113	0.460449	0.610840	28.671756	-39.656489	-21.969466	12.884210
-0.229736	0.516357	0.518799	15.778626	-30.755725	-13.946565	12.894316
-0.207275	0.538574	0.452393	0.106870	-18.961832	-4.419847	12.904679
-0.197510	0.509766	0.419922	-15.129771	-1.190840	5.335878	12.914828
-0.201660	0.436523	0.447998	-25.793893	17.557252	12.702290	12.924579
-0.236328	0.365234	0.535156	-33.076336	36.671756	18.549618	12.935263
-0.275879	0.322266	0.677002	-38.381679	49.091603	22.816794	12.945287
-0.332275	0.236328	0.852051	-41.442748	54.572519	28.106870	12.955724
-0.399658	0.135498	0.991455	-47.030534	47.549618	29.221374	12.965805
-0.471924	0.004639	1.079102	-45.190840	43.725191	29.198473	12.975750
-0.477295	-0.087158	1.245605	-41.076336	36.465649	23.572519	12.985780
-0.502930	-0.173096	1.316406	-34.931298	25.022901	17.358779	12.995977
-0.512207	-0.210693	1.347168	-25.000000	14.335878	10.839695	13.006264
-0.510742	-0.228271	1.362549	-14.519084	6.061069	4.816794	13.015794
-0.520020	-0.231934	1.391357	-3.709924	-3.053435	-1.717557	13.025306
-0.528564	-0.204346	1.378418	8.893130	-13.412214	-8.587786	13.035666
-0.517822	-0.128662	1.322754	21.045802	-22.183206	-12.068702	13.046091
-0.508301	-0.062744	1.266113	30.969466	-29.274809	-12.984733	13.056842
-0.491943	-0.025391	1.200684	37.931298	-35.595420	-13.068702	13.067078
-0.474121	0.020996	1.128174	42.442748	-40.160305	-16.572519	13.077070
-0.444580	0.078125	1.067871	45.091603	-43.236641	-18.893130	13.086931
-0.420898	0.111084	1.010498	43.435115	-44.091603	-23.801527	13.096948
-0.362061	0.231445	0.914062	45.778626	-48.839695	-27.961832	13.107257
-0.333984	0.367188	0.783691	39.740458	-45.946565	-30.374046	13.117280
-0.304199	0.498535	0.660156	28.694656	-42.343511	-26.709924	13.127620
-0.278076	0.591064	0.540039	10.648855	-34.732824	-20.847328	13.137707
-0.264404	0.639404	0.476318	-6.854962	-19.778626	-8.076336	13.147704
-0.257812	0.593994	0.465576	-23.854962	-0.335878	6.458015	13.158067
-0.259766	0.486816	0.521240	-36.045802	18.862595	16.587786	13.168149
-0.270996	0.400146	0.606201	-41.633588	33.076336	23.007634	13.177991
-0.315186	0.334229	0.705811	-48.587786	40.961832	28.015267	13.188061
-0.366699	0.228760	0.831055	-54.938931	43.007634	31.877863	13.197818
-0.371582	0.078857	0.947510	-54.809160	45.549618	34.580153	13.208046
-0.409424	-0.088623	1.074951	-57.374046	41.473282	30.656489	13.218296
-0.445557	-0.184326	1.203857	-49.236641	36.419847	22.587786	13.228514
-0.463135	-0.227295	1.301270	-39.801527	27.732824	16.618321	13.238416
-0.480225	-0.257324	1.363281	-28.114504	16.305344	10.541985	13.248614
-0.472900	-0.275635	1.379639	-16.099237	4.824427	4.274809	13.258712
-0.491699	-0.288086	1.385010	-2.969466	-8.068702	-1.763359	13.268962
-0.475586	-0.239502	1.309570	11.427481	-19.465649	-8.770992	13.279007
-0.464600	-0.148438	1.238770	21.427481	-26.870229	-12.335878	13.288904
-0.440186	-0.109619	1.177002	28.916031	-30.923664	-13.175573	13.299021
-0.415527	-0.079590	1.126465	33.251908	-32.656489	-16.198473	13.309169
-0.405762	0.007568	1.051270	41.137405	-36.358779	-20.267176	13.319429
-0.490234	0.042969	0.950439	43.366412	-35.106870	-19.809160	13.329524
-0.338379	0.197021	0.854004	46.267176	-38.458015	-26.366412	13.339641
-0.316162	0.343506	0.740479	36.618321	-33.709924	-26.656489	13.349735
-0.276855	0.471436	0.656006	23.160305	-27.687023	-21.381679	13.360138
-0.244629	0.492432	0.570312	8.282443	-16.458015	-9.809160	13.370118
-0.239258	0.464844	0.520020	-6.190840	-1.000000	-1.221374	13.380195
-0.249512	0.398438	0.560547	-18.687023	19.534351	8.412214	13.390239
-0.282471	0.306396	0.665283	-25.053435	34.198473	13.213740	13.400082
-0.347412	0.238037	0.806396	-27.885496	44.427481	16.351145	13.410642
-0.404053	0.178223	0.957520	-30.328244	47.717557	17.473282	13.420793
-0.424316	0.107910	1.081299	-29.938931	41.160305	16.328244	13.430954
-0.458740	0.081787	1.148438	-26.832061	27.786260	13.656489	13.440681
-0.459717	0.030762	1.119873	-29.160305	18.320611	12.198473	13.450936
-0.449219	-0.021729	1.105713	-26.282443	14.190840	9.824427	13.461121
-0.451660	-0.034668	1.104736	-20.618321	11.488550	8.175573	13.471262
-0.455078	-0.040527	1.125732	-14.832061	7.824427	7.114504	13.481291
-0.448975	-0.054688	1.128906	-9.000000	3.068702	6.633588	13.491198
-0.432129	-0.067383	1.108887	-2.267176	-1.610687	4.977099	13.501136
-0.424561	-0.062256	1.094727	4.190840	-5.519084	2.633588	13.511305
-0.412109	-0.039551	1.082764	8.267176	-9.618321	0.503817	13.521429
-0.400146	-0.024414	1.034424	10.496183	-12.877863	-2.297710	13.531683
-0.392578	0.000732	0.992676	13.335878	-14.839695	-5.961832	13.541444
-0.372559	0.047607	0.937744	14.870229	-15.839695	-8.152672	13.551778
-0.345947	0.083984	0.904541	15.854962	-14.702290	-11.259542	13.562088
-0.345947	0.142090	0.849854	14.435115	-12.900763	-13.106870	13.572207
-0.345215	0.210449	0.797852	11.740458	-9.290076	-11.320611	13.582190
-0.345947	0.250732	0.768311	9.732824	-3.465649	-6.465649	13.592093
-0.325439	0.259521	0.744629	4.091603	2.274809	-2.297710	13.602089
-0.316406	0.263916	0.699219	-0.145038	8.488550	1.183206	13.611938
-0.279297	0.293213	0.669678	-5.442748	15.106870	3.167939	13.621628
-0.291992	0.314697	0.637207	-16.511450	22.511450	5.839695	13.631695
-0.293457	0.285889	0.642578	-25.931298	33.145038	10.816794	13.642027
-0.326172	0.241455	0.683838	-34.679389	44.206107	14.908397	13.652565
-0.395996	0.228516	0.808105	-38.900763	53.900763	20.412214	13.662828
-0.474854	0.158936	0.987305	-42.083969	58.778626	31.297710	13.673066
-0.515381	0.030518	1.166992	-46.167939	53.763359	40.251908	13.683121
-0.559082	-0.208008	1.335449	-48.068702	45.221374	41.282443	13.693004
-0.595703	-0.466064	1.533936	-41.175573	32.534351	32.893130	13.703168
-0.636230	-0.615234	1.691162	-21.732824	16.106870	20.053435	13.713049
-0.683594	-0.687012	1.792969	4.061069	-2.251908	2.335878	13.723216
-0.697266	-0.625732	1.843750	35.435115	-26.091603	-14.053435	13.733452
-0.673584	-0.497070	1.705566	64.923664	-54.190840	-25.022901	13.743299
-0.573730	-0.250977	1.449219	90.778626	-75.198473	-35.404580	13.753480
-0.470215	-0.011475	1.122314	100.916031	-88.465649	-41.206107	13.764149
-0.395508	0.053711	0.891602	87.175573	-88.816794	-42.503817	13.774229
-0.266602	0.380859	0.642578	106.740458	-98.534351	-50.038168	13.784309
-0.226562	0.692139	0.378662	102.091603	-90.160305	-40.770992	13.793983
-0.093994	1.028320	0.065186	67.526718	-86.297710	-30.488550	13.804333
-0.071045	1.187744	-0.195312	18.229008	-63.404580	-7.839695	13.814419
0.005615	1.110107	-0.322998	-50.083969	-16.610687	13.969466	13.824503
-0.131104	0.722900	-0.255615	-69.923664	44.946565	33.946565	13.835245
-0.292236	0.647705	0.038086	-76.870229	103.229008	36.564885	13.845400
-0.408447	0.644531	0.501709	-97.648855	139.465649	56.343511	13.855747
-0.521729	0.349365	0.927734	-114.938931	142.351145	75.580153	13.865838
-0.640869	-0.115967	1.355713	-115.145038	120.824427	79.916031	13.875905
-0.673340	-0.470947	1.587402	-108.946565	93.572519	64.496183	13.885981
-0.695312	-0.614746	1.748047	-90.862595	61.877863	39.977099	13.895919
-0.728516	-0.637939	1.875488	-63.793893	32.396947	22.343511	13.905884
-0.714600	-0.693115	1.923340	-39.633588	2.725191	13.618321	13.916013
-0.698730	-0.712646	1.829102	-8.076336	-22.572519	0.137405	13.925987
-0.594727	-0.664062	1.691162	27.816794	-40.259542	-4.229008	13.936089
-0.593262	-0.502930	1.496094	58.748092	-56.740458	-14.732824	13.945941
-0.536865	-0.342773	1.324707	80.694656	-64.022901	-19.969466	13.955834
-0.492920	-0.257324	1.150146	99.190840	-62.893130	-24.022901	13.966236
-0.430176	-0.067139	1.003906	116.137405	-66.488550	-33.770992	13.976316
-0.360596	0.232178	0.847656	122.030534	-72.824427	-38.374046	13.986249
-0.280029	0.546631	0.621094	103.916031	-79.030534	-32.251908	13.996372
-0.218018	0.660400	0.328857	81.351145	-72.938931	-22.534351	14.006508
-0.178223	0.777588	0.135498	46.015267	-58.725191	-19.541985	14.016531
-0.166016	0.753174	0.014893	14.190840	-20.732824	-1.549618	14.026811
-0.213379	0.691895	0.060547	-13.908397	18.458015	6.068702	14.036746
-0.302002	0.638916	0.342529	-31.938931	50.129771	14.045802	14.046785
-0.406250	0.566406	0.582275	-44.076336	65.427481	22.679389	14.056700
-0.480469	0.472656	0.828613	-56.816794	69.305344	32.152672	14.066845
-0.508789	0.277344	1.065674	-67.167939	58.213740	39.404580	14.077146
-0.536377	0.063477	1.177979	-74.503817	42.427481	40.206107	14.087063
-0.532959	-0.094238	1.248779	-72.732824	28.854962	34.396947	14.097182
-0.525146	-0.200439	1.294189	-66.824427	20.022901	27.000000	14.107091
-0.522461	-0.269531	1.344971	-55.931298	13.748092	19.854962	14.117009
-0.515625	-0.343018	1.408936	-38.908397	6.656489	13.748092	14.127156
-0.525391	-0.366455	1.434082	-15.412214	-2.580153	6.740458	14.137399
-0.519531	-0.345947	1.437256	8.137405	-12.641221	0.229008	14.147358
-0.535156	-0.290283	1.415527	27.488550	-25.610687	-3.557252	14.157442
-0.503662	-0.224609	1.347168	42.297710	-37.664122	-6.122137	14.167593
-0.477783	-0.193359	1.246826	51.389313	-47.076336	-10.793893	14.177482
-0.426025	-0.124268	1.146729	61.595420	-54.175573	-17.267176	14.187549
-0.393311	-0.034424	1.024658	66.832061	-55.969466	-23.877863	14.200365
-0.343262	0.138428	0.932861	75.213740	-55.083969	-28.786260	14.210826
-0.288574	0.351074	0.793457	72.931298	-66.221374	-34.435115	14.220842
-0.220947	0.576904	0.558594	64.862595	-63.328244	-23.969466	14.231091
-0.161621	0.612793	0.354004	41.862595	-50.251908	-12.282443	14.241211
-0.126221	0.655518	0.201904	14.893130	-31.282443	-4.885496	14.251765
-0.120850	0.629395	0.148193	-9.564885	-0.763359	2.687023	14.261970
-0.170654	0.552490	0.166504	-26.076336	36.442748	8.603053	14.272224
-0.255859	0.594482	0.322021	-35.160305	69.709924	14.412214	14.282334
-0.385986	0.536133	0.552002	-48.862595	90.908397	27.328244	14.292525
-0.489258	0.424561	0.834473	-55.160305	101.870229	37.190840	14.302612
-0.548584	0.263184	1.106934	-63.893130	97.732824	51.625954	14.312481
-0.607910	0.007812	1.328369	-72.229008	79.244275	55.412214	14.322774
-0.614746	-0.268555	1.467529	-72.778626	58.870229	51.625954	14.332757
-0.621582	-0.448486	1.566406	-61.519084	31.473282	28.465649	14.342654
