-0.364502	0.104736	1.361816	42.297710	-65.694656	-64.648855	0.007450
-0.346924	0.275879	1.099609	54.389313	-67.648855	-63.610687	0.019621
-0.338135	0.378906	0.907959	64.427481	-64.335878	-58.572519	0.031245
-0.338867	0.399170	0.727295	76.389313	-57.206107	-58.908397	0.042483
-0.355957	0.457031	0.495605	84.526718	-47.885496	-66.175573	0.054289
-0.355225	0.565674	0.313477	88.374046	-36.923664	-73.900763	0.065675
-0.355713	0.761963	0.199463	86.190840	-25.328244	-76.519084	0.077378
-0.338379	0.988770	0.166016	73.870229	-9.381679	-66.786260	0.088957
-0.316162	1.258057	0.171387	47.480916	2.267176	-42.839695	0.100661
-0.292480	1.391602	0.175781	2.366412	16.045802	-3.541985	0.112163
-0.286865	1.293945	0.217041	-49.854962	31.335878	38.290076	0.123875
-0.294189	1.072754	0.330322	-78.221374	48.748092	73.328244	0.135315
-0.338867	0.848389	0.580566	-101.687023	58.961832	96.167939	0.146697
-0.389404	0.517334	0.812256	-118.954198	64.244275	108.312977	0.158375
-0.430908	0.107910	1.124268	-131.900763	61.427481	99.931298	0.170019
-0.460205	-0.170410	1.460938	-104.740458	49.022901	78.045802	0.181561
-0.458252	-0.331543	1.666016	-67.114504	25.625954	43.427481	0.193013
-0.433594	-0.337402	1.677246	-23.656489	1.167939	8.091603	0.204570
-0.389893	-0.191406	1.552246	11.603053	-18.404580	-21.351145	0.216259
-0.361572	0.049561	1.403809	34.351145	-31.503817	-36.236641	0.227841
-0.346436	0.209961	1.267334	40.137405	-39.877863	-41.526718	0.239439
-0.334473	0.302979	1.134033	44.145038	-44.366412	-42.625954	0.250767
-0.322754	0.315918	0.951416	48.862595	-46.236641	-46.351145	0.262197
-0.338379	0.366211	0.772461	65.900763	-43.656489	-54.465649	0.273845
-0.357666	0.496582	0.582764	74.137405	-40.740458	-63.488550	0.285401
-0.348877	0.677002	0.413330	75.572519	-34.725191	-65.358779	0.296418
-0.324951	0.915527	0.289551	60.244275	-24.412214	-58.236641	0.308106
-0.293945	1.084473	0.216553	38.862595	-9.664122	-35.664122	0.320161
-0.291016	1.180664	0.246826	4.885496	9.885496	-4.541985	0.331510
-0.303955	1.063232	0.362305	-33.541985	24.809160	23.717557	0.343019
-0.331543	0.832764	0.503174	-53.244275	35.175573	46.793893	0.354586
-0.347900	0.528564	0.664551	-64.717557	43.618321	53.396947	0.366438
-0.362305	0.362549	0.834961	-60.526718	44.832061	51.267176	0.378317
-0.388916	0.210938	1.004395	-49.519084	40.877863	40.389313	0.389968
-0.390869	0.158203	1.151367	-35.259542	33.488550	25.877863	0.401447
-0.392578	0.151367	1.244629	-20.725191	22.900763	11.740458	0.413109
-0.382080	0.214844	1.275391	-9.229008	11.229008	0.290076	0.424814
-0.382080	0.292725	1.274902	2.007634	1.442748	-5.251908	0.436213
-0.374023	0.341064	1.253174	7.885496	-9.091603	-6.893130	0.447785
-0.370605	0.352051	1.191406	13.885496	-17.274809	-7.427481	0.459123
-0.372070	0.344238	1.117188	20.259542	-22.641221	-9.511450	0.470965
-0.371094	0.357422	1.098145	28.954198	-28.175573	-15.244275	0.482450
-0.368896	0.420898	1.038818	35.793893	-35.152672	-23.083969	0.493897
-0.345703	0.486572	0.889648	38.488550	-38.603053	-27.389313	0.505208
-0.305664	0.576172	0.708008	38.610687	-38.190840	-32.297710	0.516877
-0.285400	0.669678	0.576416	36.374046	-32.572519	-31.725191	0.528864
-0.265137	0.756836	0.456055	28.068702	-23.312977	-27.427481	0.540309
-0.266602	0.826660	0.362549	12.137405	-11.893130	-19.358779	0.551925
-0.252441	0.863281	0.292969	-7.244275	1.282443	-9.679389	0.563265
-0.243164	0.869629	0.302002	-23.099237	20.931298	4.198473	0.574944
-0.284424	0.845947	0.416992	-40.213740	36.694656	19.053435	0.586412
-0.331299	0.764893	0.612549	-54.946565	46.305344	31.793893	0.597859
-0.383789	0.656982	0.858643	-67.938931	46.442748	43.473282	0.609210
-0.426270	0.485107	1.092285	-81.786260	42.908397	49.664122	0.621175
-0.457764	0.290771	1.344238	-93.381679	31.732824	46.427481	0.632534
-0.468994	0.060791	1.587646	-89.145038	13.259542	33.435115	0.644511
-0.458984	-0.079834	1.674561	-66.442748	-8.580153	14.381679	0.656359
-0.424561	-0.104492	1.586426	-27.099237	-27.145038	-4.908397	0.667865
-0.394287	-0.007080	1.395020	9.610687	-39.977099	-21.267176	0.679626
-0.372070	0.132080	1.240234	37.977099	-48.374046	-31.091603	0.692041
-0.342773	0.236328	1.072021	56.832061	-52.847328	-36.198473	0.704421
-0.316895	0.306396	0.876465	74.595420	-51.717557	-42.160305	0.716104
-0.308105	0.403076	0.693604	90.389313	-48.274809	-50.931298	0.728338
-0.303711	0.568848	0.488281	94.633588	-42.854962	-57.702290	0.739855
-0.291504	0.792725	0.322021	84.114504	-35.709924	-57.908397	0.751575
-0.259033	1.041992	0.173584	57.480916	-25.335878	-46.984733	0.762983
-0.250244	1.219482	0.100342	15.022901	-4.992366	-24.091603	0.774679
-0.249023	1.229004	0.115234	-28.603053	14.114504	4.755725	0.786089
-0.257080	1.073242	0.211182	-58.045802	32.625954	31.900763	0.797476
-0.294678	0.878662	0.384033	-68.038168	47.916031	52.679389	0.809199
-0.335205	0.734619	0.566406	-62.083969	54.954198	68.687023	0.821189
-0.367676	0.685547	0.725830	-62.603053	57.938931	81.083969	0.832558
-0.409424	0.518311	0.884766	-90.732824	60.954198	88.618321	0.844002
-0.435303	0.243164	1.048340	-104.938931	59.488550	87.847328	0.855447
-0.462158	-0.053955	1.386230	-112.526718	50.916031	71.702290	0.866747
-0.458496	-0.304688	1.663330	-96.320611	30.374046	44.015267	0.878183
-0.429199	-0.408691	1.774658	-58.557252	3.427481	8.091603	0.890171
-0.417480	-0.348877	1.667725	-11.419847	-21.099237	-24.267176	0.901856
-0.372803	-0.091553	1.502441	30.580153	-37.809160	-44.916031	0.913297
-0.339355	0.146240	1.275146	50.290076	-47.450382	-51.900763	0.925248
-0.317383	0.268555	1.117920	56.862595	-50.007634	-51.557252	0.936734
-0.314453	0.295654	0.984131	60.267176	-49.877863	-53.664122	0.948055
-0.333740	0.346680	0.815674	66.282443	-48.427481	-61.877863	0.959661
-0.345215	0.441650	0.646973	71.404580	-44.282443	-73.244275	0.971127
-0.332031	0.631592	0.460205	72.061069	-36.625954	-79.206107	0.982526
-0.314941	0.848145	0.320557	65.312977	-26.893130	-71.992366	0.994089
-0.290527	1.051270	0.186523	39.648855	-13.992366	-55.946565	1.005251
-0.270752	1.169678	0.122559	8.938931	3.404580	-28.160305	1.016337
-0.240479	1.169678	0.157227	-27.274809	23.648855	8.961832	1.029030
-0.268311	0.993164	0.272705	-52.610687	45.450382	37.229008	1.040529
-0.317871	0.740479	0.446289	-71.396947	61.000000	59.770992	1.052012
-0.367920	0.517822	0.684082	-75.404580	66.709924	68.328244	1.063514
-0.398193	0.328857	0.945801	-71.167939	64.748092	67.931298	1.075039
-0.418213	0.171143	1.174072	-60.938931	58.396947	58.091603	1.086352
-0.422852	0.080566	1.329346	-47.877863	43.221374	40.740458	1.098588
-0.406982	0.051758	1.407959	-30.076336	26.282443	22.725191	1.110213
-0.392822	0.093018	1.404541	-16.832061	9.282443	6.389313	1.122009
-0.370361	0.166016	1.333984	-6.938931	-5.404580	-4.183206	1.134032
-0.350830	0.204346	1.230713	-1.549618	-15.015267	-9.030534	1.145638
-0.365967	0.211182	1.154541	9.251908	-21.908397	-15.251908	1.160610
-0.379639	0.248047	1.139404	20.320611	-27.946565	-21.709924	1.172449
-0.374512	0.305420	1.053955	31.335878	-32.732824	-28.648855	1.183935
-0.360840	0.388184	0.953613	37.480916	-34.732824	-34.381679	1.195375
-0.352539	0.493896	0.811035	36.893130	-33.610687	-37.343511	1.206924
-0.342041	0.579834	0.695312	31.473282	-29.022901	-36.083969	1.218431
-0.323486	0.638428	0.601318	21.824427	-20.458015	-30.778626	1.230419
-0.306885	0.700439	0.559326	11.396947	-9.259542	-21.503817	1.241945
-0.294922	0.732666	0.522217	-2.061069	4.740458	-9.427481	1.253377
-0.307373	0.689941	0.583008	-21.007634	15.694656	3.167939	1.264841
-0.344482	0.601562	0.696533	-30.709924	28.480916	12.419847	1.276453
-0.381104	0.497070	0.826172	-34.290076	34.030534	16.793893	1.287597
-0.423096	0.418457	1.034180	-29.809160	31.610687	17.511450	1.299386
-0.466553	0.401123	1.297119	-25.129771	20.717557	15.862595	1.310975
-0.493652	0.366455	1.478760	-34.404580	0.862595	6.748092	1.322687
-0.469482	0.316895	1.497070	-36.335878	-21.763359	-2.687023	1.334260
-0.426270	0.294678	1.356201	-32.938931	-45.381679	-12.603053	1.345791
-0.357910	0.327881	1.152100	-22.648855	-57.091603	-17.648855	1.357781
-0.302490	0.367920	0.966309	-15.419847	-60.389313	-24.335878	1.369562
-0.275635	0.400391	0.838379	-5.610687	-59.641221	-27.328244	1.381443
-0.233887	0.445068	0.674805	2.251908	-53.984733	-30.717557	1.393716
-0.207031	0.498535	0.500488	14.274809	-43.984733	-31.091603	1.405632
-0.195801	0.587646	0.371094	24.381679	-30.709924	-28.435115	1.416817
-0.180176	0.716797	0.246582	24.007634	-13.709924	-18.129771	1.428454
-0.190430	0.812500	0.161621	14.473282	8.045802	-8.114504	1.440530
-0.233887	0.843994	0.189941	-2.442748	34.290076	8.458015	1.451778
-0.284668	0.824707	0.333984	-19.076336	56.343511	26.549618	1.463357
-0.329590	0.687744	0.504150	-30.938931	68.809160	39.259542	1.475112
-0.337891	0.605957	0.588135	-30.885496	80.061069	49.587786	1.486447
-0.368896	0.532715	0.665283	-31.381679	89.687023	57.473282	1.497910
-0.446045	0.469971	0.976074	-37.229008	89.374046	66.137405	1.509368
-0.512939	0.315918	1.337402	-46.854962	80.610687	66.549618	1.521034
-0.566162	0.160645	1.679443	-50.938931	57.068702	58.618321	1.532397
-0.549316	-0.046875	1.780518	-48.938931	28.145038	38.496183	1.544038
-0.501953	-0.146240	1.696289	-35.328244	0.198473	11.916031	1.555540
-0.450928	-0.146484	1.534912	-10.106870	-20.671756	-9.984733	1.566989
-0.406738	0.018555	1.365967	7.038168	-37.984733	-28.938931	1.578548
-0.370117	0.152100	1.186035	20.022901	-45.534351	-38.083969	1.590125
-0.354492	0.239990	0.940186	25.732824	-45.328244	-43.648855	1.601755
-0.337402	0.286133	0.766357	30.259542	-39.839695	-48.160305	1.612955
-0.330078	0.372070	0.660156	41.595420	-29.557252	-50.519084	1.624981
-0.333252	0.485596	0.584961	48.312977	-18.877863	-49.549618	1.636235
-0.353271	0.627930	0.614258	51.412214	-9.633588	-40.496183	1.647864
-0.355957	0.760010	0.651123	40.725191	-4.519084	-26.458015	1.659297
-0.360352	0.830322	0.696533	25.908397	0.763359	-8.358779	1.670926
-0.382812	0.802979	0.777588	4.480916	2.106870	8.793893	1.681883
-0.440186	0.673584	1.013184	-16.916031	-3.854962	19.290076	1.693382
-0.458984	0.521729	1.117920	-29.251908	-14.045802	18.984733	1.704381
-0.460205	0.464111	1.188721	-29.618321	-29.702290	15.725191	1.715318
-0.457031	0.391113	1.261719	-30.992366	-46.320611	7.129771	1.725936
-0.432373	0.383545	1.310547	-24.419847	-63.450382	-0.221374	1.735877
-0.451660	0.347412	1.237061	-25.122137	-80.152672	-10.580153	1.745958
-0.340576	0.353271	1.074219	-11.190840	-101.251908	-7.183206	1.756090
-0.176025	0.388672	0.869385	6.893130	-94.007634	-6.427481	1.765960
-0.351807	0.385742	0.718506	8.465649	-77.297710	-0.679389	1.776452
-0.098877	0.221436	0.577148	19.610687	-64.977099	15.977099	1.786713
-0.666016	-0.184570	0.656494	81.335878	-134.114504	68.038168	1.796823
-0.357910	0.419678	0.646484	-28.969466	-49.183206	-46.633588	1.807025
-0.074951	0.371338	0.450928	14.083969	-16.824427	-7.954198	1.816966
-0.140869	0.518066	0.465576	30.793893	-0.244275	-4.221374	1.827083
-0.136963	0.577881	0.428467	25.633588	18.694656	-3.992366	1.837135
-0.172119	0.750244	0.415771	41.587786	35.519084	9.442748	1.847372
-0.213623	0.849609	0.469238	24.564885	49.114504	22.381679	1.857149
-0.260498	0.883057	0.633057	4.824427	57.213740	41.854962	1.867398
-0.313721	0.890625	0.900879	-14.633588	56.862595	62.786260	1.877665
-0.407471	0.834229	1.260986	-42.076336	47.030534	82.236641	1.887483
-0.451904	0.504639	1.481689	-72.534351	27.557252	92.473282	1.897687
-0.416016	0.159912	1.510742	-85.389313	10.083969	86.534351	1.908089
-0.381592	-0.198730	1.573486	-78.664122	-6.656489	66.480916	1.918568
-0.359131	-0.368652	1.641602	-56.183206	-22.328244	31.404580	1.928631
-0.314941	-0.415771	1.594482	-26.312977	-37.992366	-5.816794	1.938579
-0.265381	-0.229004	1.399658	8.030534	-52.106870	-34.748092	1.948830
-0.214844	-0.002686	1.185547	29.793893	-57.549618	-53.687023	1.958324
-0.180908	0.177490	0.949951	36.450382	-56.694656	-64.099237	1.967751
-0.163818	0.267334	0.742188	41.977099	-48.412214	-73.015267	1.977464
-0.155518	0.398438	0.576416	54.702290	-37.297710	-77.030534	1.987366
-0.156250	0.495850	0.477051	62.236641	-25.473282	-78.000000	1.997233
-0.180908	0.666504	0.384766	72.167939	-13.648855	-73.083969	2.007894
-0.200928	0.835938	0.274170	66.091603	-0.160305	-65.625954	2.018021
-0.215332	1.016357	0.193848	52.534351	16.083969	-49.358779	2.028657
-0.252930	1.136230	0.204102	28.740458	33.473282	-26.946565	2.039180
-0.286865	1.179932	0.312500	1.870229	46.564885	-0.610687	2.049299
-0.297119	1.121582	0.428955	-25.290076	55.282443	24.328244	2.059529
-0.288574	0.969238	0.526367	-42.816794	61.190840	42.954198	2.069433
-0.285156	0.850342	0.667725	-43.839695	64.954198	59.351145	2.079316
-0.296875	0.771973	0.798340	-43.908397	64.977099	75.656489	2.089509
-0.330078	0.702637	0.986328	-53.778626	61.152672	91.793893	2.099891
-0.349609	0.468262	1.208008	-81.190840	54.091603	99.015267	2.110081
-0.372314	0.196289	1.481689	-91.908397	40.435115	98.465649	2.120309
-0.366943	-0.094971	1.657227	-94.816794	22.625954	85.038168	2.130360
-0.340820	-0.342773	1.697021	-80.206107	5.496183	60.305344	2.140102
-0.291748	-0.508545	1.629883	-45.679389	-8.427481	21.603053	2.150311
-0.267090	-0.485107	1.527100	-3.213740	-19.312977	-13.854962	2.160383
-0.258301	-0.243896	1.426270	36.816794	-29.145038	-44.381679	2.170457
-0.258545	0.014160	1.300781	57.900763	-37.435115	-62.053435	2.180437
-0.245605	0.244873	1.105957	65.404580	-40.259542	-69.877863	2.190688
-0.279541	0.403076	0.948242	68.900763	-39.366412	-70.893130	2.200680
-0.317871	0.482422	0.801025	62.320611	-36.251908	-72.129771	2.210455
-0.323486	0.560791	0.657227	61.503817	-30.328244	-70.977099	2.220837
-0.335205	0.641602	0.588135	63.343511	-23.885496	-67.687023	2.230835
-0.346436	0.754639	0.488281	60.328244	-18.511450	-62.664122	2.240750
-0.325195	0.882812	0.352539	58.717557	-10.801527	-53.145038	2.251201
-0.306152	1.027100	0.239990	49.587786	1.251908	-38.656489	2.261140
-0.288086	1.121338	0.166992	28.801527	14.473282	-21.442748	2.271014
-0.278809	1.154785	0.184814	4.801527	29.702290	3.007634	2.280553
-0.286865	1.070312	0.266357	-21.381679	44.396947	26.206107	2.290491
-0.291504	0.899170	0.354980	-45.916031	58.198473	46.038168	2.300758
-0.349365	0.767822	0.629639	-53.793893	61.526718	61.603053	2.310441
-0.388184	0.702393	0.964844	-58.305344	57.488550	74.435115	2.320743
-0.414062	0.646973	1.270752	-71.022901	41.732824	85.603053	2.330621
-0.421631	0.457275	1.385010	-89.564885	27.305344	91.236641	2.340768
-0.396240	0.165527	1.481689	-109.641221	14.099237	80.877863	2.350746
-0.382324	-0.140137	1.628662	-103.015267	3.198473	59.152672	2.361141
-0.364014	-0.335205	1.740723	-79.641221	-11.213740	29.259542	2.371072
-0.418945	-0.352783	1.726562	-38.480916	-30.786260	-9.251908	2.381341
-0.330322	-0.242920	1.559082	7.259542	-45.809160	-29.389313	2.391448
-0.340820	0.019531	1.409668	36.763359	-56.977099	-49.389313	2.401252
-0.308105	0.221924	1.248291	55.404580	-63.969466	-55.664122	2.411457
-0.289307	0.352295	1.064941	63.015267	-64.679389	-56.343511	2.422063
-0.269287	0.442627	0.864746	67.412214	-62.465649	-56.351145	2.431810
-0.259521	0.519775	0.674316	72.198473	-55.541985	-56.534351	2.441873
-0.258789	0.622070	0.523926	73.267176	-46.633588	-57.083969	2.452007
-0.276611	0.756348	0.386719	70.656489	-35.969466	-54.893130	2.461984
-0.271240	0.907227	0.286865	58.083969	-24.496183	-47.083969	2.472366
-0.253662	1.067871	0.206543	36.511450	-12.488550	-31.893130	2.482141
-0.230713	1.154297	0.142090	7.793893	1.824427	-10.305344	2.492311
-0.210449	1.154541	0.146973	-27.992366	15.832061	13.786260	2.502525
-0.211426	1.050781	0.216553	-57.519084	30.770992	40.587786	2.512666
-0.224609	0.898926	0.361572	-75.832061	42.954198	61.381679	2.522663
-0.279785	0.767334	0.635254	-91.381679	44.641221	78.526718	2.532734
-0.302734	0.595947	0.810303	-107.694656	39.977099	91.511450	2.542760
-0.309326	0.349609	0.941162	-132.129771	40.061069	94.931298	2.552717
-0.311279	0.045166	1.179932	-141.793893	38.725191	91.519084	2.562190
-0.296875	-0.236572	1.428955	-128.519084	33.541985	77.404580	2.571844
-0.295410	-0.449219	1.743896	-93.862595	26.152672	54.923664	2.581983
-0.322021	-0.529297	1.984863	-55.503817	10.381679	27.770992	2.591585
-0.316406	-0.499756	1.987061	-8.916031	-9.786260	-2.603053	2.601849
-0.300781	-0.352539	1.815918	36.251908	-31.862595	-25.656489	2.611948
-0.282227	-0.149414	1.580078	65.106870	-48.435115	-43.595420	2.622406
-0.263184	0.014648	1.395996	78.870229	-57.854962	-55.793893	2.632913
-0.269531	0.156738	1.211914	93.801527	-62.580153	-64.679389	2.643086
-0.270020	0.303467	0.984863	102.687023	-63.694656	-72.931298	2.653241
-0.261719	0.479004	0.693604	111.519084	-61.015267	-78.702290	2.663582
-0.254639	0.697021	0.454590	111.488550	-53.053435	-79.251908	2.673756
-0.235840	0.895020	0.256104	101.633588	-40.213740	-72.763359	2.683807
-0.228271	1.089355	0.148193	80.381679	-25.511450	-58.374046	2.694021
-0.218994	1.201416	0.083496	52.061069	-9.717557	-37.213740	2.703913
-0.208984	1.248779	0.052979	21.465649	5.832061	-12.954198	2.713843
-0.201416	1.205322	0.061279	-15.206107	19.961832	9.274809	2.723925
-0.189209	1.046143	0.101807	-41.106870	36.412214	27.519084	2.734065
-0.198486	0.903076	0.200439	-57.374046	51.396947	42.511450	2.744129
-0.217529	0.801270	0.375244	-63.763359	61.190840	53.206107	2.753913
-0.249023	0.752930	0.563477	-68.435115	65.885496	65.610687	2.763511
-0.291260	0.697510	0.864014	-92.893130	64.633588	79.122137	2.774153
-0.318115	0.480957	1.108643	-119.396947	59.389313	86.641221	2.784042
-0.314453	0.202393	1.349121	-128.175573	53.656489	88.618321	2.794006
-0.314941	-0.065186	1.571777	-121.954198	42.503817	81.297710	2.803920
-0.300781	-0.306885	1.721436	-100.809160	30.213740	62.801527	2.813977
-0.302246	-0.472900	1.818848	-68.000000	16.832061	36.305344	2.823997
-0.295654	-0.511963	1.858643	-19.648855	1.755725	7.053435	2.834120
-0.297607	-0.397461	1.833740	27.122137	-13.717557	-21.572519	2.844341
-0.320068	-0.186523	1.763916	59.458015	-35.977099	-42.458015	2.853957
-0.305908	0.046875	1.599365	74.656489	-54.381679	-55.099237	2.863439
-0.273682	0.179688	1.312744	76.923664	-64.007634	-61.770992	2.873206
-0.270752	0.267090	1.099854	81.374046	-67.236641	-65.503817	2.882973
-0.243896	0.346191	0.871826	82.244275	-67.320611	-72.351145	2.892905
-0.242188	0.494141	0.613525	88.793893	-62.946565	-81.122137	2.904556
-0.258057	0.704346	0.319580	86.473282	-54.893130	-89.717557	2.916298
-0.233887	1.004395	0.063477	70.977099	-39.213740	-86.374046	2.927996
-0.219482	1.247314	-0.072998	39.885496	-18.282443	-67.160305	2.939673
-0.204834	1.401123	-0.081299	-2.770992	7.656489	-32.992366	2.951265
-0.205322	1.353760	0.032471	-47.381679	29.824427	5.137405	2.962577
-0.248291	1.076416	0.163330	-82.549618	50.000000	37.900763	2.974253
-0.242188	0.771973	0.298584	-93.122137	65.221374	56.938931	2.985779
-0.275879	0.616211	0.584473	-83.030534	72.748092	70.572519	2.997289
-0.293213	0.508301	0.870605	-86.053435	75.061069	80.946565	3.008671
-0.322021	0.318359	1.168945	-89.450382	72.480916	89.053435	3.020829
-0.355957	0.057617	1.462891	-89.236641	63.625954	84.946565	3.032503
-0.362061	-0.178223	1.672119	-79.877863	48.435115	69.374046	3.043928
-0.351074	-0.390625	1.803711	-56.396947	30.526718	43.488550	3.055311
-0.339355	-0.442383	1.836426	-14.450382	7.893130	11.603053	3.066845
-0.296875	-0.306152	1.786865	38.877863	-12.320611	-23.274809	3.078729
-0.305176	-0.082764	1.635010	67.725191	-40.442748	-42.183206	3.090335
-0.269287	0.124756	1.321289	81.167939	-53.030534	-55.213740	3.101651
-0.264648	0.248047	1.084229	92.305344	-54.557252	-63.748092	3.113158
-0.274658	0.377441	0.840088	90.358779	-53.160305	-72.679389	3.124928
-0.286377	0.567627	0.589844	85.641221	-42.679389	-81.549618	3.141270
-0.309082	0.743896	0.441406	74.534351	-33.618321	-83.007634	3.153145
-0.290039	0.898438	0.322754	54.725191	-25.374046	-77.580153	3.164153
-0.278076	1.017334	0.268066	26.473282	-12.297710	-62.061069	3.175406
-0.255859	1.078125	0.227051	-5.641221	-3.816794	-40.290076	3.186645
-0.225586	1.075928	0.197510	-36.419847	10.206107	-15.633588	3.197691
-0.220215	0.946289	0.190674	-61.374046	27.549618	15.007634	3.210069
-0.240723	0.777344	0.296387	-79.648855	49.305344	34.946565	3.221797
-0.280762	0.644531	0.535400	-85.625954	58.862595	52.564885	3.233045
-0.328369	0.561768	0.853271	-96.381679	60.809160	70.045802	3.244719
-0.392578	0.356201	1.227295	-112.267176	58.374046	79.541985	3.255845
-0.429443	0.036133	1.641357	-107.977099	42.221374	75.335878	3.269804
-0.419922	-0.211426	1.802734	-80.114504	20.984733	52.114504	3.281507
-0.385010	-0.354980	1.799316	-36.755725	-2.877863	18.603053	3.293373
-0.359619	-0.300049	1.649902	17.297710	-23.877863	-14.564885	3.305057
-0.320557	-0.075439	1.437744	53.358779	-39.900763	-37.000000	3.316866
-0.300293	0.140381	1.250488	71.618321	-47.526718	-49.923664	3.328730
-0.278076	0.292725	1.049561	81.129771	-50.160305	-56.351145	3.340268
-0.259277	0.406006	0.843506	86.282443	-49.160305	-60.076336	3.352031
-0.236084	0.531982	0.597168	91.931298	-42.053435	-62.496183	3.363420
-0.244141	0.664795	0.387939	91.816794	-30.030534	-62.274809	3.375427
-0.226318	0.815674	0.262695	76.435115	-14.648855	-55.015267	3.387096
-0.238770	0.944824	0.217529	53.938931	1.801527	-40.465649	3.398733
-0.243164	1.028564	0.225098	20.633588	16.854962	-20.335878	3.410503
-0.247314	1.055664	0.305420	-12.977099	31.488550	5.480916	3.422459
-0.251221	0.926758	0.363525	-45.801527	42.473282	28.595420	3.434034
-0.283203	0.795898	0.486328	-66.366412	54.541985	47.503817	3.445525
-0.344482	0.662598	0.749756	-86.580153	58.587786	63.557252	3.456843
-0.378662	0.471436	1.034912	-109.908397	55.183206	73.351145	3.468691
-0.420166	0.180664	1.364502	-110.595420	46.587786	74.167939	3.480169
-0.418945	-0.044922	1.564941	-95.099237	32.496183	56.320611	3.491728
-0.394775	-0.207275	1.630859	-62.496183	16.740458	32.091603	3.503236
-0.359131	-0.238037	1.596191	-11.992366	2.832061	5.961832	3.514715
-0.365479	-0.083740	1.598145	29.709924	-11.465649	-16.175573	3.526409
-0.373535	0.120605	1.538086	53.625954	-28.916031	-28.358779	3.537942
-0.353760	0.258789	1.362549	62.900763	-42.450382	-33.824427	3.549518
-0.322266	0.321777	1.131104	67.763359	-48.595420	-36.870229	3.560985
-0.284668	0.372559	0.903809	74.351145	-48.534351	-42.992366	3.572674
-0.294434	0.472656	0.706787	76.305344	-46.984733	-51.541985	3.584201
-0.287842	0.620605	0.496826	65.099237	-44.236641	-57.091603	3.595641
-0.274658	0.821777	0.265625	42.190840	-34.290076	-55.152672	3.607312
-0.256836	0.971924	0.163818	8.877863	-17.984733	-42.427481	3.619003
-0.243164	1.078857	0.180664	-22.847328	1.541985	-19.992366	3.630618
-0.243896	1.047119	0.254883	-48.977099	18.625954	6.160305	3.641820
-0.276611	0.887451	0.378662	-69.847328	33.282443	29.977099	3.653354
-0.291260	0.692383	0.538330	-75.221374	45.213740	47.526718	3.664892
-0.334229	0.567383	0.823242	-78.587786	50.832061	61.824427	3.676598
-0.373535	0.361572	1.104492	-83.526718	49.809160	67.954198	3.688242
-0.394287	0.161377	1.412354	-72.641221	39.656489	65.748092	3.699796
-0.402588	-0.022217	1.578613	-57.374046	24.129771	51.366412	3.711190
-0.384033	-0.160645	1.635254	-28.259542	4.679389	28.229008	3.723116
-0.355713	-0.171631	1.561523	1.977099	-13.832061	3.511450	3.734906
-0.327393	-0.010498	1.435791	32.137405	-29.282443	-16.000000	3.746555
-0.289795	0.140869	1.255859	49.068702	-38.854962	-26.877863	3.758195
-0.270752	0.262939	1.081055	58.076336	-42.717557	-32.022901	3.770007
-0.241211	0.303711	0.933350	62.572519	-41.114504	-35.664122	3.781348
-0.248779	0.385986	0.789795	70.893130	-39.312977	-41.625954	3.792875
-0.246582	0.497314	0.591309	71.251908	-35.587786	-48.755725	3.804274
-0.253906	0.659424	0.405762	57.312977	-29.709924	-52.664122	3.815811
-0.242920	0.821289	0.227051	32.610687	-17.305344	-48.183206	3.827473
-0.250000	0.963379	0.176270	-0.633588	-0.709924	-35.786260	3.838747
-0.259033	1.008545	0.241943	-29.748092	17.519084	-15.106870	3.850744
-0.258301	0.955566	0.350586	-53.412214	31.396947	8.282443	3.862276
-0.289551	0.805176	0.538086	-67.839695	44.282443	28.931298	3.873873
-0.327881	0.645996	0.744141	-72.877863	49.931298	44.862595	3.885456
-0.365967	0.511719	1.038818	-74.625954	50.053435	57.465649	3.897198
-0.405762	0.321045	1.334473	-75.167939	44.129771	62.106870	3.908728
-0.414795	0.105713	1.581787	-64.450382	29.343511	56.061069	3.920691
-0.413574	-0.054688	1.706543	-42.816794	9.465649	40.030534	3.932011
-0.389160	-0.157227	1.693848	-11.587786	-10.038168	17.435115	3.943370
-0.365479	-0.101562	1.588867	21.809160	-30.442748	-7.618321	3.955409
-0.330811	0.075439	1.431885	48.671756	-46.000000	-23.106870	3.967091
-0.314209	0.245117	1.252686	59.183206	-52.862595	-31.961832	3.979175
-0.278076	0.333496	1.047363	60.297710	-58.106870	-35.885496	3.991137
-0.260010	0.393311	0.862061	66.496183	-56.236641	-40.557252	4.003014
-0.228760	0.474854	0.665527	68.244275	-51.938931	-45.870229	4.014951
-0.215576	0.590576	0.470947	66.122137	-42.198473	-48.748092	4.026593
-0.230469	0.739746	0.311523	51.755725	-30.305344	-47.946565	4.037977
-0.237305	0.844971	0.242432	29.312977	-17.000000	-40.045802	4.049592
-0.253662	0.947266	0.249268	-4.763359	-4.480916	-28.824427	4.061111
-0.257080	0.979248	0.291748	-33.312977	9.687023	-11.152672	4.072755
-0.265137	0.896484	0.337158	-60.381679	23.427481	8.305344	4.084408
-0.272217	0.757812	0.418213	-70.618321	36.961832	22.335878	4.096145
-0.287109	0.664307	0.534668	-75.977099	46.549618	33.053435	4.107576
-0.307373	0.584473	0.699707	-88.633588	52.564885	45.633588	4.119656
-0.343750	0.468994	1.010010	-107.183206	52.053435	57.786260	4.131442
-0.376221	0.288818	1.344727	-120.282443	42.152672	64.213740	4.142643
-0.401855	0.043213	1.600098	-121.763359	26.625954	61.572519	4.154246
-0.389893	-0.213135	1.737549	-100.053435	9.358779	45.374046	4.165874
-0.359375	-0.372314	1.739990	-56.038168	-8.114504	18.183206	4.177640
-0.339355	-0.369385	1.659424	-2.893130	-23.641221	-10.854962	4.189040
-0.332764	-0.166504	1.526611	43.503817	-37.656489	-33.038168	4.200561
-0.306885	0.053223	1.327881	67.832061	-48.572519	-45.328244	4.212102
-0.268555	0.227295	1.099854	77.984733	-52.656489	-50.221374	4.223940
-0.257324	0.327881	0.903320	87.618321	-50.458015	-55.267176	4.235422
-0.234375	0.425049	0.682861	92.496183	-45.931298	-61.389313	4.246833
-0.238770	0.563965	0.463379	95.083969	-35.687023	-65.511450	4.258365
-0.238770	0.751709	0.299805	83.305344	-22.427481	-64.167939	4.270329
-0.234619	0.946777	0.216797	56.320611	-9.007634	-53.480916	4.281709
-0.249023	1.078613	0.202148	16.687023	5.427481	-33.656489	4.293206
-0.253174	1.105957	0.256348	-26.534351	19.007634	-6.007634	4.304903
-0.249268	0.984375	0.343750	-58.129771	31.809160	20.610687	4.316399
-0.263672	0.882324	0.473389	-71.106870	43.893130	43.045802	4.327987
-0.296387	0.778564	0.617188	-84.770992	51.557252	66.679389	4.339637
-0.373535	0.615234	0.930176	-121.541985	51.496183	87.106870	4.351261
-0.433594	0.382568	1.304932	-154.305344	40.557252	97.961832	4.362916
-0.452637	-0.001709	1.615967	-167.687023	23.587786	93.267176	4.374818
-0.448975	-0.354248	1.773682	-146.244275	3.312977	69.458015	4.385785
-0.396729	-0.604980	1.784668	-87.854962	-17.251908	32.458015	4.397157
-0.334961	-0.616699	1.657715	-6.221374	-34.954198	-10.465649	4.409202
-0.304932	-0.304443	1.466309	60.305344	-47.305344	-39.580153	4.420960
-0.272461	0.018066	1.258301	89.480916	-54.358779	-52.473282	4.432469
-0.238037	0.234619	1.090820	98.114504	-53.839695	-52.793893	4.443971
-0.205566	0.350830	0.937012	95.816794	-53.648855	-49.770992	4.455472
-0.180908	0.422607	0.727539	94.351145	-47.671756	-49.358779	4.466851
-0.175537	0.511230	0.507568	93.778626	-37.480916	-52.022901	4.478728
-0.170166	0.654297	0.320801	84.526718	-24.022901	-52.038168	4.490249
-0.177734	0.815186	0.203613	66.885496	-8.725191	-44.381679	4.501625
-0.193604	0.938965	0.138672	37.984733	9.183206	-28.335878	4.513367
-0.227783	0.965576	0.178711	3.358779	29.190840	-9.641221	4.525111
-0.279053	0.903320	0.323242	-22.938931	46.473282	8.908397	4.536651
-0.312744	0.793213	0.470459	-41.412214	54.625954	22.541985	4.548100
-0.302002	0.691162	0.611084	-49.618321	59.496183	34.954198	4.559306
-0.323242	0.636230	0.796387	-58.015267	64.137405	49.068702	4.571221
-0.349609	0.557373	1.115234	-81.908397	60.778626	63.442748	4.582766
-0.409668	0.359375	1.468750	-111.801527	49.297710	73.832061	4.594216
-0.431396	0.059082	1.803711	-120.893130	28.679389	71.954198	4.605740
-0.416992	-0.289307	1.929443	-102.030534	1.404580	52.137405	4.617260
-0.369385	-0.509277	1.807129	-50.320611	-22.412214	20.091603	4.628982
-0.322510	-0.516357	1.533691	17.442748	-39.580153	-18.923664	4.640820
-0.267334	-0.236328	1.316162	79.236641	-47.687023	-45.977099	4.652519
-0.243896	0.063965	1.095215	114.801527	-49.358779	-61.320611	4.663971
-0.229248	0.321533	0.906250	132.748092	-46.839695	-70.015267	4.675914
-0.222900	0.576660	0.642822	137.832061	-39.793893	-71.954198	4.687683
-0.235840	0.795166	0.425293	121.900763	-28.351145	-69.351145	4.699445
-0.235107	0.974121	0.302979	96.610687	-14.167939	-58.282443	4.711134
-0.237061	1.118164	0.243164	57.091603	-1.862595	-39.732824	4.723053
-0.237305	1.176025	0.223145	17.961832	12.679389	-14.961832	4.734705
-0.237061	1.140869	0.263428	-20.167939	23.564885	11.083969	4.746200
-0.252441	1.019531	0.361572	-52.687023	38.679389	34.587786	4.757642
-0.283203	0.875977	0.546631	-80.106870	49.801527	52.213740	4.769201
-0.330566	0.682861	0.795654	-125.580153	50.389313	66.839695	4.780787
-0.367188	0.394287	1.110107	-151.656489	44.984733	74.923664	4.792333
-0.409180	0.121338	1.469238	-163.702290	30.610687	70.389313	4.803648
-0.391113	-0.194580	1.673340	-144.564885	10.038168	53.519084	4.815348
-0.364502	-0.383301	1.640381	-90.641221	-9.152672	26.732824	4.827399
-0.319336	-0.379883	1.513428	-26.633588	-19.923664	0.534351	4.839038
-0.298096	-0.200928	1.380615	28.290076	-24.625954	-17.671756	4.850538
-0.295898	0.014648	1.290527	63.580153	-29.854962	-29.603053	4.862074
-0.278320	0.198975	1.175293	79.183206	-32.656489	-33.664122	4.873683
-0.256592	0.311523	1.013916	86.900763	-33.030534	-35.961832	4.885459
-0.237061	0.420166	0.818115	88.900763	-29.564885	-39.458015	4.896993
-0.229980	0.548096	0.644775	83.633588	-24.167939	-42.450382	4.908435
-0.231445	0.680420	0.503906	71.190840	-15.503817	-41.267176	4.920267
-0.229980	0.798584	0.413574	50.458015	-6.396947	-34.717557	4.931871
-0.228760	0.900879	0.364746	23.656489	2.480916	-22.175573	4.943361
-0.233887	0.939209	0.395752	-3.305344	10.083969	-4.412214	4.954841
-0.243652	0.908936	0.423584	-23.496183	18.320611	16.366412	4.966344
-0.258301	0.775391	0.473145	-43.511450	28.938931	32.809160	4.978089
-0.285889	0.634766	0.639893	-50.312977	36.221374	43.160305	4.989636
-0.310303	0.529541	0.814453	-54.740458	39.900763	49.099237	5.001192
-0.334961	0.443848	1.057861	-65.709924	34.870229	54.526718	5.012531
-0.347168	0.311279	1.252686	-74.763359	27.343511	59.099237	5.024420
-0.327881	0.126953	1.409424	-78.129771	16.145038	58.816794	5.035968
-0.324463	-0.065918	1.500732	-62.526718	8.679389	50.343511	5.047358
-0.322021	-0.201416	1.541260	-27.435115	-0.595420	30.992366	5.058552
-0.315430	-0.227051	1.533691	11.206107	-12.343511	4.755725	5.070187
-0.312744	-0.110840	1.471191	42.450382	-25.152672	-16.145038	5.080298
-0.286133	0.064697	1.335938	64.000000	-35.534351	-32.229008	5.090510
-0.271729	0.254150	1.167969	72.030534	-41.893130	-43.167939	5.100452
-0.246338	0.386719	0.982910	73.145038	-42.595420	-50.595420	5.110704
-0.238770	0.522461	0.781494	71.641221	-42.961832	-53.099237	5.120998
-0.208252	0.664551	0.549561	62.167939	-33.656489	-50.969466	5.132898
-0.199707	0.755371	0.404053	48.312977	-23.389313	-43.206107	5.143408
-0.199951	0.831299	0.343994	30.290076	-9.969466	-31.946565	5.153435
-0.199219	0.863770	0.292236	14.664122	1.725191	-18.396947	5.163450
-0.204590	0.869873	0.315430	-2.992366	13.885496	-4.587786	5.173495
-0.200195	0.832031	0.353516	-20.931298	25.038168	9.267176	5.183386
-0.207031	0.751465	0.394043	-33.022901	36.007634	21.145038	5.193548
-0.219238	0.677002	0.490723	-41.870229	46.229008	30.946565	5.203487
-0.247070	0.639648	0.648926	-48.274809	53.122137	43.908397	5.213409
-0.305664	0.542725	0.932861	-72.167939	49.114504	52.839695	5.223767
-0.327881	0.387695	1.193604	-81.404580	46.633588	63.580153	5.233637
-0.386719	0.183105	1.438721	-92.946565	38.893130	63.267176	5.243571
-0.421143	-0.095215	1.642090	-93.541985	26.625954	49.725191	5.253928
-0.427490	-0.332275	1.752686	-64.885496	10.091603	25.030534	5.263700
-0.411133	-0.400879	1.733643	-19.763359	-6.961832	-3.770992	5.273545
-0.378174	-0.327637	1.641846	18.267176	-25.725191	-33.984733	5.283460
-0.338623	-0.104004	1.503906	50.335878	-40.419847	-55.618321	5.293837
-0.292236	0.083740	1.349121	66.923664	-50.977099	-67.145038	5.303933
-0.255859	0.209473	1.176025	78.847328	-54.435115	-73.717557	5.314080
-0.273926	0.306396	0.977783	88.419847	-54.190840	-78.175573	5.324402
-0.276611	0.436279	0.698486	97.396947	-49.503817	-84.923664	5.335140
-0.267578	0.561523	0.409424	94.404580	-41.435115	-88.541985	5.345357
-0.225830	0.711914	0.177979	86.412214	-28.343511	-87.175573	5.355564
-0.192627	0.903809	-0.008301	73.145038	-12.389313	-76.931298	5.365616
-0.184570	1.070801	-0.082031	54.992366	9.282443	-58.503817	5.375538
-0.215820	1.219482	-0.038574	42.770992	35.274809	-34.076336	5.385383
-0.270264	1.281250	0.120850	15.969466	58.068702	-5.656489	5.395629
-0.284912	1.217529	0.234131	-4.946565	71.732824	26.580153	5.405438
-0.315674	1.051514	0.335205	-27.610687	83.030534	53.190840	5.415532
-0.364502	0.832764	0.486084	-49.251908	90.305344	70.694656	5.425697
-0.424316	0.606934	0.782471	-72.335878	88.862595	78.213740	5.435836
-0.499512	0.455566	1.223877	-99.442748	80.297710	75.916031	5.445983
-0.532959	0.263916	1.642090	-118.580153	55.977099	67.175573	5.456089
-0.517822	0.085938	1.893066	-122.984733	24.213740	55.396947	5.465963
-0.446045	-0.104736	1.844727	-108.732824	-6.870229	38.022901	5.476265
-0.358643	-0.204346	1.595459	-79.862595	-26.992366	21.534351	5.485981
-0.279297	-0.254883	1.340576	-39.137405	-32.908397	3.946565	5.496422
-0.255615	-0.220459	1.227051	0.702290	-30.068702	-10.480916	5.506200
-0.286133	-0.111084	1.251465	35.595420	-27.572519	-24.312977	5.516379
-0.333008	0.033203	1.266357	60.824427	-30.503817	-35.725191	5.526661
-0.354980	0.153076	1.182617	79.786260	-35.679389	-44.381679	5.536712
-0.362549	0.239014	1.031494	96.114504	-38.236641	-54.961832	5.546804
-0.388672	0.375244	0.859131	113.053435	-36.725191	-67.511450	5.556694
-0.386719	0.573486	0.658447	124.473282	-37.152672	-78.229008	5.566828
-0.364990	0.862061	0.434082	123.106870	-37.503817	-78.854962	5.576984
-0.301025	1.164551	0.175049	94.244275	-31.625954	-65.648855	5.587020
-0.230713	1.392822	-0.011963	48.923664	-16.206107	-37.740458	5.597144
-0.179932	1.451416	-0.084473	-2.160305	5.900763	-3.816794	5.607116
-0.172607	1.307373	-0.009521	-52.839695	31.648855	31.381679	5.616987
-0.214111	1.039551	0.195801	-84.625954	52.160305	62.587786	5.626909
-0.300537	0.746582	0.477539	-95.961832	60.969466	80.122137	5.637256
-0.360596	0.609863	0.823975	-106.740458	57.641221	93.671756	5.647199
-0.408447	0.359619	1.148193	-130.343511	48.442748	93.671756	5.656894
-0.455811	0.130859	1.458252	-141.213740	38.290076	84.595420	5.666988
-0.479736	-0.071533	1.726318	-141.129771	20.824427	68.763359	5.676686
-0.477051	-0.278564	1.885742	-117.625954	-0.725191	50.694656	5.686126
-0.441650	-0.405273	1.877441	-75.816794	-19.908397	25.832061	5.696290
-0.395996	-0.413574	1.740234	-18.335878	-35.610687	1.687023	5.706592
-0.362549	-0.297363	1.542236	34.770992	-47.190840	-21.458015	5.716492
-0.328613	-0.090576	1.344727	72.053435	-55.106870	-33.664122	5.726672
-0.315674	0.050537	1.147949	92.091603	-55.862595	-38.549618	5.736496
-0.302979	0.136963	1.023193	105.687023	-53.129771	-41.557252	5.746673
-0.277100	0.205322	0.894287	121.320611	-50.954198	-46.267176	5.756657
-0.257568	0.303711	0.741943	142.969466	-49.740458	-54.267176	5.766575
-0.223877	0.498779	0.518066	161.984733	-45.580153	-63.412214	5.776869
-0.212646	0.717285	0.277344	165.641221	-38.854962	-69.053435	5.786394
-0.197021	0.988037	0.036377	148.419847	-28.748092	-68.839695	5.795837
-0.174561	1.240967	-0.158203	106.511450	-14.061069	-56.717557	5.806293
-0.164551	1.412598	-0.237549	47.755725	4.641221	-32.786260	5.816382
-0.158691	1.425293	-0.198730	-15.206107	26.015267	-5.541985	5.826480
-0.181885	1.260254	-0.062256	-68.221374	46.977099	23.916031	5.836076
-0.235596	1.000977	0.125244	-109.908397	63.198473	43.396947	5.846505
-0.266357	0.788330	0.309570	-124.740458	73.732824	59.450382	5.856420
-0.301758	0.696533	0.533447	-135.358779	82.190840	74.534351	5.866447
-0.371338	0.532227	0.798828	-154.900763	93.534351	89.312977	5.876699
-0.452637	0.276367	1.147949	-163.679389	95.603053	99.267176	5.886820
-0.499756	-0.017090	1.484863	-151.442748	90.732824	100.717557	5.896689
-0.544678	-0.305420	1.857178	-110.473282	79.244275	85.572519	5.907271
-0.294434	-0.425781	1.999939	-21.320611	107.427481	2.374046	5.917373
-0.384277	-0.441650	1.999939	0.000000	64.015267	-13.259542	5.927823
-0.695068	-0.225830	1.999939	74.587786	6.786260	-5.519084	5.937508
-0.567383	-0.118408	1.999939	83.480916	-48.671756	-34.297710	5.948018
-0.487305	0.113281	1.566650	92.732824	-73.618321	-51.160305	5.958201
-0.398193	0.203857	1.157227	87.068702	-86.145038	-63.381679	5.968305
-0.312012	0.337891	0.792236	94.969466	-84.221374	-72.015267	5.978663
-0.281250	0.468506	0.549561	100.664122	-76.076336	-78.038168	5.988433
-0.267578	0.632568	0.343506	102.358779	-62.244275	-80.335878	5.998151
-0.252441	0.800537	0.166748	95.343511	-49.206107	-78.816794	6.008476
-0.223877	0.979248	-0.010986	85.083969	-34.664122	-68.664122	6.018318
-0.219482	1.160889	-0.091309	64.641221	-16.549618	-50.099237	6.028550
-0.233398	1.287354	-0.103271	33.076336	2.877863	-24.816794	6.038875
-0.281494	1.302002	-0.011963	-11.221374	20.809160	2.236641	6.048727
-0.309570	1.177246	0.169434	-48.961832	33.702290	24.396947	6.058735
-0.336914	1.000244	0.346924	-80.526718	40.511450	42.122137	6.069004
-0.362793	0.810303	0.555420	-101.244275	41.595420	56.335878	6.079154
-0.395508	0.674072	0.764893	-125.580153	39.099237	66.610687	6.089174
-0.430908	0.489014	1.036133	-151.282443	31.687023	72.343511	6.099317
-0.444824	0.241943	1.303467	-164.389313	31.259542	77.595420	6.109411
-0.497070	-0.050537	1.631348	-155.885496	18.633588	74.106870	6.119742
-0.496826	-0.341797	1.810059	-117.755725	2.251908	56.969466	6.129696
-0.500977	-0.519043	1.928467	-57.458015	-16.473282	32.824427	6.139881
-0.479492	-0.551025	1.861084	10.526718	-37.435115	-2.923664	6.150006
-0.454834	-0.381348	1.666016	71.519084	-57.748092	-34.541985	6.159902
-0.402832	-0.094727	1.368652	105.694656	-68.671756	-56.648855	6.170359
-0.354980	0.126709	1.098633	126.236641	-72.473282	-70.526718	6.180232
-0.318604	0.349609	0.868408	134.625954	-73.297710	-78.977099	6.190190
-0.279297	0.562500	0.620361	133.458015	-70.778626	-82.000000	6.200011
-0.251709	0.802246	0.379639	122.404580	-66.465649	-79.641221	6.210117
-0.221191	1.021484	0.136230	94.381679	-56.526718	-71.122137	6.220351
-0.199951	1.204590	-0.036133	63.183206	-41.000000	-54.343511	6.230278
-0.189941	1.321289	-0.118652	26.595420	-17.015267	-31.358779	6.240318
-0.204590	1.311523	-0.102051	-14.175573	2.175573	-5.931298	6.250415
-0.243408	1.217285	0.012451	-47.603053	19.938931	17.435115	6.260282
-0.260010	1.036133	0.155762	-70.083969	35.862595	36.152672	6.270753
-0.277100	0.853027	0.244141	-80.335878	47.068702	47.580153	6.280888
-0.302246	0.744141	0.396729	-88.900763	55.687023	52.877863	6.290732
-0.350586	0.675049	0.673096	-106.931298	59.595420	64.412214	6.300740
-0.398193	0.514648	1.010986	-133.213740	52.435115	71.099237	6.310844
-0.419434	0.325928	1.371338	-148.366412	45.221374	76.877863	6.320983
-0.427734	0.058838	1.614746	-154.564885	28.503817	75.343511	6.330827
-0.411865	-0.259277	1.723145	-137.251908	12.442748	65.458015	6.340799
-0.395752	-0.510742	1.750732	-95.358779	-1.931298	41.572519	6.351382
-0.374512	-0.654297	1.741211	-26.854962	-15.442748	12.015267	6.361505
-0.378418	-0.553955	1.628418	43.770992	-29.740458	-18.824427	6.371707
-0.369873	-0.280029	1.467041	96.358779	-41.335878	-43.114504	6.381817
-0.324463	-0.027588	1.238525	125.145038	-47.786260	-59.160305	6.391865
-0.309082	0.201172	1.059814	139.480916	-47.297710	-67.946565	6.402023
-0.308350	0.385010	0.929932	141.312977	-48.328244	-72.755725	6.411686
-0.282715	0.583496	0.737061	139.267176	-46.549618	-72.496183	6.422102
-0.270752	0.730713	0.552002	128.099237	-43.022901	-72.114504	6.431937
-0.255859	0.898193	0.394775	111.221374	-37.648855	-69.244275	6.441554
-0.236572	1.066406	0.202637	85.145038	-30.335878	-61.007634	6.451780
-0.231445	1.226318	0.045166	51.557252	-19.076336	-47.503817	6.461969
-0.227051	1.315674	-0.080566	8.748092	-2.015267	-28.297710	6.472204
-0.207031	1.353760	-0.109619	-32.870229	19.167939	-3.770992	6.482640
-0.219727	1.258789	-0.037842	-67.488550	41.908397	22.816794	6.492648
-0.276367	1.087158	0.138672	-93.603053	57.465649	42.717557	6.502361
-0.311768	0.918457	0.342285	-105.213740	67.664122	60.145038	6.512799
-0.360596	0.760742	0.573730	-117.916031	69.152672	72.916031	6.522933
-0.386475	0.602295	0.799316	-135.778626	70.488550	81.854962	6.533332
-0.437256	0.413574	1.149414	-156.137405	65.496183	87.320611	6.543667
-0.469727	0.170654	1.447998	-169.610687	54.534351	86.954198	6.553536
-0.482910	-0.114746	1.726074	-165.389313	34.038168	77.290076	6.563658
-0.460938	-0.395508	1.855225	-136.893130	13.175573	58.503817	6.573919
-0.419922	-0.566895	1.858887	-83.122137	-4.343511	34.862595	6.583722
-0.384033	-0.599365	1.779541	-23.374046	-19.351145	4.954198	6.593748
-0.365723	-0.488281	1.658936	36.618321	-31.687023	-19.358779	6.603764
-0.352295	-0.249512	1.536133	76.167939	-42.160305	-37.358779	6.613697
-0.332520	-0.047119	1.382080	103.832061	-49.343511	-47.656489	6.624082
-0.322510	0.090088	1.218506	116.419847	-52.717557	-54.496183	6.633711
-0.307861	0.211914	1.048340	126.648855	-54.206107	-61.748092	6.643693
-0.292725	0.333984	0.833984	138.106870	-53.381679	-69.572519	6.653881
-0.296143	0.487793	0.626465	145.290076	-48.770992	-78.603053	6.663909
-0.293945	0.686279	0.433105	144.656489	-43.290076	-84.358779	6.674060
-0.286133	0.935791	0.258545	132.091603	-37.183206	-84.000000	6.684107
-0.264160	1.193848	0.092041	105.412214	-29.839695	-68.847328	6.694176
-0.232178	1.409424	-0.036133	55.824427	-16.961832	-43.961832	6.704340
-0.215576	1.489014	-0.091309	-0.427481	-1.175573	-13.916031	6.714328
-0.207275	1.374512	-0.075928	-52.374046	19.870229	18.603053	6.724631
-0.235840	1.123047	0.042480	-87.129771	40.167939	42.618321	6.734687
-0.277100	0.890625	0.257568	-103.419847	53.167939	57.931298	6.744907
-0.325684	0.716553	0.481934	-113.732824	59.870229	66.519084	6.755055
-0.373779	0.562744	0.792236	-127.038168	60.312977	71.480916	6.765324
-0.426514	0.385498	1.121338	-144.419847	53.969466	72.770992	6.775586
-0.460449	0.205078	1.436768	-146.572519	43.152672	69.687023	6.785660
-0.476807	0.002686	1.663818	-140.435115	27.274809	59.068702	6.796056
-0.453857	-0.173828	1.777100	-114.038168	6.167939	44.229008	6.805938
-0.415771	-0.288574	1.776611	-77.145038	-12.160305	26.618321	6.815804
-0.383057	-0.312012	1.718506	-31.396947	-28.137405	7.404580	6.826065
-0.348145	-0.255859	1.593262	9.984733	-39.519084	-10.755725	6.836112
-0.326172	-0.123047	1.427490	43.198473	-47.167939	-24.541985	6.846241
-0.301025	0.005859	1.283691	67.198473	-51.610687	-34.587786	6.855928
-0.276367	0.127930	1.142822	83.404580	-54.244275	-42.847328	6.866103
-0.247070	0.227539	0.997070	95.801527	-54.152672	-51.045802	6.876305
-0.217529	0.377441	0.786621	109.305344	-54.442748	-58.236641	6.886264
-0.192139	0.553223	0.567383	112.725191	-51.381679	-64.038168	6.896206
-0.179199	0.763672	0.324219	102.587786	-44.221374	-63.374046	6.906445
-0.166748	0.949463	0.135986	73.717557	-35.076336	-58.083969	6.916485
-0.163818	1.109863	0.018555	34.603053	-16.717557	-45.366412	6.926618
-0.180908	1.181641	0.012939	-1.832061	2.946565	-24.931298	6.936616
-0.191406	1.160645	0.077637	-36.725191	21.610687	-2.679389	6.946519
-0.227539	1.023438	0.229980	-62.053435	37.160305	18.580153	6.956422
-0.279785	0.840332	0.366699	-75.274809	50.473282	32.938931	6.966737
-0.299561	0.704346	0.505615	-75.969466	56.564885	41.557252	6.976953
-0.323486	0.638184	0.630615	-77.229008	58.656489	47.893130	6.986857
-0.355469	0.595459	0.837402	-87.030534	61.480916	55.610687	6.996993
-0.371094	0.493652	1.043701	-103.519084	58.870229	63.641221	7.006923
-0.392822	0.344238	1.297852	-116.755725	52.832061	70.633588	7.016942
-0.411377	0.140869	1.525635	-118.923664	42.595420	72.244275	7.027110
-0.424316	-0.123047	1.722412	-104.931298	27.610687	65.358779	7.037266
-0.427002	-0.335938	1.854492	-75.244275	8.412214	50.580153	7.047310
-0.416992	-0.471924	1.862061	-31.732824	-11.625954	23.038168	7.057293
-0.394531	-0.467529	1.797119	18.374046	-28.541985	-5.404580	7.067531
-0.375732	-0.287354	1.615234	61.732824	-46.381679	-29.702290	7.077776
-0.318115	-0.072266	1.382812	85.175573	-54.725191	-45.709924	7.087887
-0.255371	0.085693	1.160156	98.992366	-60.938931	-54.961832	7.097996
-0.231934	0.221924	0.955078	108.473282	-59.992366	-63.916031	7.108344
-0.196289	0.346924	0.717773	113.656489	-56.351145	-70.541985	7.118601
-0.184326	0.491455	0.446045	115.564885	-45.648855	-77.167939	7.129285
-0.198242	0.669922	0.196533	106.854962	-28.206107	-80.679389	7.142164
-0.218018	0.822754	0.091064	91.969466	-13.595420	-78.137405	7.152260
-0.234863	0.982666	0.046631	72.778626	0.786260	-68.740458	7.161942
-0.236328	1.119629	0.035156	45.274809	15.992366	-51.503817	7.172462
-0.238525	1.176270	0.070801	12.175573	31.190840	-30.511450	7.182411
-0.247070	1.180420	0.138916	-18.167939	45.564885	-6.480916	7.192237
-0.272949	1.095215	0.249023	-43.106870	57.145038	18.022901	7.202463
-0.297363	0.972168	0.404053	-65.137405	63.847328	39.335878	7.212261
-0.328369	0.877197	0.596436	-76.618321	67.389313	58.770992	7.222425
-0.383789	0.816406	0.838379	-89.213740	67.343511	77.679389	7.232470
-0.437744	0.637939	1.060303	-121.610687	62.572519	91.595420	7.242483
-0.466309	0.375000	1.272461	-139.465649	54.366412	96.160305	7.252575
-0.486328	0.120361	1.530518	-138.282443	45.809160	92.465649	7.262496
-0.504150	-0.197754	1.741699	-121.183206	28.687023	75.389313	7.272712
-0.500000	-0.393311	1.898438	-89.496183	10.625954	50.541985	7.282633
-0.475342	-0.503418	1.934570	-37.274809	-9.893130	17.213740	7.292661
-0.433838	-0.442871	1.831543	19.114504	-32.961832	-9.984733	7.302705
-0.395508	-0.234863	1.613037	56.938931	-50.572519	-34.450382	7.312869
-0.351074	-0.005371	1.399902	84.572519	-60.740458	-48.221374	7.322975
-0.318115	0.180176	1.227539	93.610687	-65.755725	-54.206107	7.333174
-0.277344	0.287354	1.019043	97.740458	-67.625954	-58.977099	7.343306
-0.256592	0.372314	0.787598	105.816794	-64.091603	-64.870229	7.353626
-0.239258	0.495361	0.582275	109.274809	-57.335878	-71.832061	7.363544
-0.230469	0.652344	0.417236	109.038168	-48.511450	-75.824427	7.373759
-0.247314	0.844727	0.298096	101.312977	-40.320611	-73.488550	7.383857
-0.254883	1.084229	0.187012	80.061069	-35.954198	-63.137405	7.393839
-0.213379	1.269531	-0.005859	46.167939	-25.839695	-39.908397	7.403773
-0.170898	1.341797	-0.143311	8.137405	-5.076336	-10.129771	7.413801
-0.156982	1.269531	-0.152100	-35.091603	20.946565	21.885496	7.423938
-0.188477	1.040283	-0.001953	-71.404580	45.534351	44.038168	7.433893
-0.259277	0.817627	0.259766	-81.938931	62.198473	61.137405	7.444015
-0.317627	0.698975	0.526611	-88.259542	67.618321	71.312977	7.454067
-0.413818	0.579590	0.854004	-104.282443	64.167939	75.526718	7.464045
-0.460449	0.422363	1.222412	-129.335878	52.099237	75.427481	7.474241
-0.499268	0.197998	1.537598	-145.572519	33.839695	68.633588	7.484237
-0.484619	-0.031250	1.758789	-140.931298	12.305344	55.595420	7.494141
-0.452393	-0.215088	1.885010	-113.839695	-4.068702	37.366412	7.504185
-0.408936	-0.322510	1.881348	-74.732824	-23.381679	16.000000	7.514141
-0.360596	-0.333252	1.773926	-29.595420	-38.381679	-4.251908	7.523995
-0.349854	-0.239746	1.616943	11.725191	-47.145038	-21.725191	7.533994
-0.341309	-0.087158	1.511230	46.259542	-54.809160	-35.122137	7.544189
-0.332764	0.047852	1.397705	72.106870	-66.251908	-46.320611	7.554296
-0.300293	0.159180	1.181885	89.740458	-70.374046	-57.458015	7.564103
-0.269531	0.297119	0.943848	108.458015	-74.183206	-67.328244	7.574281
-0.242432	0.504639	0.647705	117.969466	-71.175573	-73.435115	7.584304
-0.229248	0.733887	0.367188	111.076336	-65.328244	-74.229008	7.594374
-0.246338	1.029785	0.183594	85.343511	-69.137405	-64.015267	7.604289
-0.031250	1.173828	0.096680	65.198473	-69.236641	-22.854962	7.614354
-0.163086	1.284424	-0.050781	10.862595	-17.435115	-15.954198	7.624452
-0.173584	1.192383	-0.057617	-51.610687	2.282443	-0.091603	7.634274
-0.167236	1.030762	0.061035	-59.534351	29.045802	29.931298	7.644380
-0.200439	0.859375	0.260010	-73.442748	42.748092	41.389313	7.654031
-0.243164	0.681885	0.441406	-62.839695	52.702290	52.152672	7.663488
-0.271240	0.619629	0.601074	-62.916031	55.938931	55.030534	7.673426
-0.278320	0.543213	0.783936	-68.358779	60.847328	57.656489	7.683815
-0.307861	0.462891	1.040039	-77.458015	57.427481	61.129771	7.694007
-0.335938	0.375244	1.343750	-93.000000	46.183206	63.992366	7.704371
-0.340576	0.192139	1.580322	-103.404580	30.664122	64.145038	7.714535
-0.329834	-0.042480	1.681152	-98.786260	14.480916	56.091603	7.724735
-0.296631	-0.294434	1.700195	-73.587786	-0.694656	37.824427	7.735323
-0.275146	-0.416260	1.659668	-30.198473	-12.816794	13.832061	7.745591
-0.270752	-0.402588	1.582764	19.427481	-24.030534	-11.221374	7.755640
-0.264160	-0.212402	1.458740	61.793893	-34.106870	-29.343511	7.765817
-0.251953	0.008301	1.305176	86.328244	-40.709924	-45.511450	7.775760
-0.215088	0.166504	1.090576	99.992366	-42.343511	-52.687023	7.786056
-0.226318	0.317627	0.963379	107.496183	-41.694656	-57.992366	7.795902
-0.240234	0.477295	0.809814	112.450382	-43.496183	-62.740458	7.805990
-0.235840	0.635254	0.625000	104.854962	-42.083969	-66.412214	7.815942
-0.235107	0.818115	0.432617	91.282443	-37.259542	-65.732824	7.825934
-0.222656	1.016113	0.269775	69.503817	-28.221374	-59.068702	7.835785
-0.223389	1.191895	0.193604	38.641221	-16.061069	-44.526718	7.845800
-0.223633	1.282227	0.177002	0.160305	-2.648855	-23.251908	7.855892
-0.227783	1.260254	0.208984	-34.068702	10.580153	2.519084	7.865932
-0.244873	1.101807	0.283691	-63.870229	24.709924	27.229008	7.875989
-0.267090	0.889648	0.397949	-80.595420	34.625954	44.801527	7.886111
-0.268799	0.705078	0.559326	-89.610687	40.297710	55.389313	7.896160
-0.260254	0.579590	0.748779	-92.809160	42.625954	61.908397	7.906331
-0.260742	0.442871	0.922852	-97.480916	43.435115	64.961832	7.916263
-0.250000	0.301758	1.144043	-100.687023	43.007634	68.068702	7.926458
-0.271973	0.150879	1.403076	-97.412214	38.473282	69.114504	7.936506
-0.309814	-0.028564	1.640625	-88.984733	27.221374	63.068702	7.946765
-0.311279	-0.218262	1.750977	-66.038168	8.587786	50.717557	7.956680
-0.319092	-0.334717	1.824463	-23.832061	-12.732824	28.473282	7.966768
-0.306885	-0.366211	1.715088	10.038168	-31.969466	5.702290	7.976785
-0.252686	-0.273438	1.529297	49.648855	-45.290076	-19.312977	7.986775
-0.216553	-0.088379	1.387695	79.335878	-52.648855	-35.641221	7.996794
-0.191895	0.119141	1.208984	90.702290	-56.854962	-48.129771	8.006780
-0.185059	0.270752	1.028564	94.854962	-59.679389	-55.625954	8.016716
-0.187500	0.417969	0.815430	92.595420	-57.961832	-63.786260	8.027031
-0.198730	0.576172	0.600098	87.526718	-55.076336	-69.801527	8.036858
-0.199707	0.788086	0.373047	74.969466	-49.473282	-71.465649	8.046974
-0.226318	0.998291	0.235596	55.038168	-42.290076	-63.427481	8.057175
-0.236328	1.138916	0.133301	35.396947	-47.931298	-24.664122	8.067270
-0.148438	1.250244	0.117432	0.564885	-15.931298	-19.603053	8.077501
-0.149170	1.201416	0.195801	-65.282443	10.145038	-10.526718	8.087467
-0.192871	1.002930	0.301270	-72.931298	29.366412	22.274809	8.097483
-0.229736	0.799561	0.459473	-91.145038	39.946565	35.748092	8.107571
-0.224609	0.596191	0.644043	-94.648855	44.717557	47.366412	8.117670
-0.211182	0.502441	0.845215	-90.603053	47.137405	56.030534	8.127810
-0.220947	0.349609	1.080811	-93.061069	48.618321	59.549618	8.137788
-0.255615	0.192383	1.330322	-87.664122	44.320611	59.641221	8.147703
-0.278320	0.025635	1.523682	-78.183206	35.198473	50.961832	8.157831
-0.293701	-0.129395	1.689941	-56.832061	20.961832	36.412214	8.167961
-0.281738	-0.218262	1.739014	-25.824427	2.862595	15.198473	8.177973
-0.273682	-0.207031	1.634521	8.312977	-14.587786	-5.702290	8.188000
-0.253662	-0.063232	1.498779	38.015267	-27.389313	-22.603053	8.198401
-0.227051	0.101318	1.378174	54.412214	-35.908397	-32.366412	8.208378
-0.209229	0.245605	1.257324	63.480916	-41.007634	-36.946565	8.218605
-0.180176	0.323486	1.083252	67.954198	-43.122137	-39.877863	8.228641
-0.160156	0.396973	0.913330	78.587786	-42.015267	-41.328244	8.238549
-0.161865	0.484375	0.726807	83.923664	-37.923664	-45.152672	8.248387
-0.172119	0.583008	0.545654	85.572519	-31.572519	-49.061069	8.258343
-0.183838	0.780029	0.386719	77.328244	-22.946565	-49.320611	8.269606
-0.182129	0.954834	0.300049	58.335878	-12.290076	-43.061069	8.279897
-0.178711	1.103760	0.241211	28.396947	-0.312977	-29.793893	8.289637
-0.181396	1.168213	0.237793	-9.679389	13.732824	-9.045802	8.300008
-0.187256	1.106201	0.296387	-45.564885	27.923664	14.412214	8.310368
-0.206299	0.918213	0.425049	-73.091603	37.335878	33.198473	8.320671
-0.198975	0.699707	0.554199	-84.267176	46.770992	45.671756	8.330889
-0.227539	0.554443	0.742920	-85.717557	50.526718	54.229008	8.341296
-0.236572	0.461182	0.959229	-92.946565	48.122137	61.770992	8.351681
-0.263916	0.293701	1.197021	-101.992366	43.770992	65.343511	8.361730
-0.276611	0.083252	1.465332	-102.290076	36.748092	61.068702	8.372038
-0.289307	-0.136963	1.660889	-83.664122	26.870229	49.229008	8.382230
-0.303467	-0.282227	1.773438	-55.251908	12.541985	30.129771	8.391672
-0.302490	-0.337158	1.768555	-13.725191	-4.801527	6.045802	8.402057
-0.295654	-0.264893	1.685547	28.580153	-21.557252	-16.984733	8.412148
-0.273193	-0.063721	1.465576	58.312977	-36.297710	-33.404580	8.422399
-0.245117	0.119873	1.289795	75.763359	-43.213740	-43.129771	8.432501
-0.212158	0.223633	1.096436	88.351145	-44.664122	-49.328244	8.442527
-0.195312	0.343262	0.894531	100.099237	-43.358779	-54.290076	8.452466
-0.181396	0.486328	0.639893	108.465649	-38.755725	-59.145038	8.462544
-0.174561	0.660156	0.401367	103.801527	-30.015267	-61.664122	8.472677
-0.168213	0.859619	0.227783	88.473282	-18.725191	-57.396947	8.482699
-0.165527	1.026611	0.149658	60.412214	-5.877863	-46.274809	8.492590
-0.170898	1.137451	0.150391	22.961832	8.480916	-28.083969	8.502757
-0.200439	1.141113	0.210449	-17.984733	22.564885	-6.740458	8.512746
-0.230469	1.017578	0.353027	-53.587786	32.977099	12.854962	8.522868
-0.240967	0.852051	0.480713	-73.343511	38.946565	27.694656	8.532744
-0.253906	0.700195	0.607666	-81.740458	42.000000	36.221374	8.542687
-0.269775	0.614746	0.773438	-80.145038	41.946565	44.580153	8.552854
-0.286133	0.576172	1.080566	-95.671756	36.412214	50.442748	8.563222
-0.317627	0.458008	1.361084	-113.916031	27.358779	54.442748	8.573245
-0.307373	0.281006	1.513184	-128.832061	13.625954	54.251908	8.582935
-0.285400	0.040771	1.577881	-128.816794	0.396947	50.366412	8.593106
-0.255615	-0.201904	1.589844	-102.664122	-10.351145	38.366412	8.603206
-0.234619	-0.365479	1.565918	-58.946565	-18.862595	18.977099	8.613348
-0.225586	-0.422119	1.530762	-2.824427	-27.908397	-4.992366	8.623639
-0.230957	-0.304932	1.451660	49.030534	-35.450382	-27.175573	8.633438
-0.193604	-0.083984	1.276611	87.343511	-40.641221	-44.244275	8.643495
-0.153320	0.125000	1.050781	115.625954	-40.923664	-53.740458	8.653440
-0.154053	0.330811	0.862305	133.732824	-36.671756	-61.061069	8.663246
-0.158447	0.564697	0.639404	142.480916	-31.435115	-64.923664	8.673527
-0.161865	0.799316	0.403809	134.320611	-23.343511	-64.076336	8.683625
-0.171387	1.020508	0.255371	109.770992	-11.709924	-56.732824	8.693837
-0.180908	1.229004	0.155273	73.625954	2.320611	-41.534351	8.703868
-0.208496	1.354980	0.141113	23.404580	14.969466	-18.274809	8.713822
-0.206787	1.340820	0.193848	-36.274809	27.954198	9.763359	8.723967
-0.208252	1.147705	0.296143	-80.938931	38.496183	34.694656	8.733908
-0.243408	0.930176	0.450195	-108.290076	46.595420	53.427481	8.743979
-0.260010	0.725830	0.632568	-126.221374	48.770992	64.534351	8.753978
-0.281006	0.618164	0.888428	-132.931298	44.564885	77.839695	8.763958
-0.305176	0.465820	1.209229	-161.557252	34.007634	84.167939	8.774402
-0.323730	0.237549	1.521240	-179.083969	20.778626	92.534351	8.784476
-0.328125	-0.097412	1.749512	-182.458015	3.732824	89.305344	8.794348
-0.308594	-0.450195	1.839111	-154.816794	-12.687023	74.320611	8.804484
-0.282471	-0.735840	1.871094	-102.160305	-26.396947	48.717557	8.814583
-0.262939	-0.854004	1.787842	-29.305344	-38.358779	11.129771	8.824737
-0.254395	-0.729492	1.676270	43.404580	-49.557252	-24.129771	8.834802
-0.240479	-0.415283	1.477539	104.465649	-60.503817	-49.473282	8.844828
-0.218994	-0.120850	1.251465	136.343511	-63.603053	-64.068702	8.854728
-0.226318	0.108398	1.062256	162.419847	-64.885496	-77.816794	8.864958
-0.234619	0.426025	0.752441	178.862595	-65.458015	-88.068702	8.875332
-0.198975	0.761963	0.405029	171.465649	-61.412214	-90.511450	8.885346
-0.163818	1.097900	0.140137	149.068702	-50.442748	-82.702290	8.895118
-0.113770	1.416016	-0.031738	108.015267	-33.221374	-59.206107	8.905325
-0.110596	1.627930	-0.055908	48.679389	-9.374046	-25.320611	8.915824
-0.118652	1.589844	-0.004883	-19.206107	11.206107	14.358779	8.926019
-0.146484	1.320312	0.095459	-72.992366	28.885496	44.977099	8.936545
-0.156006	0.980469	0.190430	-94.175573	43.961832	69.656489	8.946608
-0.173340	0.682617	0.291016	-93.709924	57.633588	81.793893	8.956528
-0.152344	0.529785	0.492432	-78.351145	66.335878	90.839695	8.966537
-0.178467	0.470703	0.815186	-71.648855	72.946565	102.885496	8.976735
-0.238525	0.412598	1.221680	-91.404580	71.015267	115.419847	8.986998
-0.291260	0.165039	1.586426	-112.664122	64.763359	125.328244	8.997137
-0.344971	-0.151367	1.804199	-113.351145	54.595420	121.679389	9.006937
-0.352051	-0.556885	1.945801	-97.763359	37.244275	99.152672	9.017184
-0.352051	-1.441895	1.999939	-55.366412	-10.618321	22.702290	9.027425
-0.407959	-0.652344	1.964600	128.625954	-5.610687	10.083969	9.037389
-0.365234	-0.375000	1.743652	63.053435	-52.389313	-58.923664	9.047467
-0.289062	-0.281982	1.447754	136.587786	-57.099237	-68.083969	9.057394
-0.268799	0.055420	1.163330	141.564885	-64.496183	-93.984733	9.067130
-0.228027	0.239746	0.851807	163.068702	-64.000000	-110.694656	9.077434
-0.214355	0.496094	0.557373	170.221374	-60.335878	-123.679389	9.087561
-0.170898	0.758301	0.284912	169.931298	-52.473282	-129.580153	9.097631
-0.146729	1.128662	0.113770	152.679389	-43.091603	-125.083969	9.107484
-0.104004	1.534180	-0.035645	104.450382	-36.328244	-104.580153	9.117575
-0.056152	1.783936	-0.231934	37.618321	-20.229008	-62.572519	9.127670
-0.057129	1.771484	-0.310791	-51.564885	10.610687	-1.045802	9.140368
-0.097412	1.441162	-0.207520	-120.656489	39.389313	40.160305	9.150455
-0.174072	1.004639	0.013184	-154.122137	63.961832	65.725191	9.160418
-0.203125	0.669922	0.238037	-153.557252	80.366412	77.412214	9.170441
-0.293701	0.527100	0.661377	-137.938931	83.320611	81.732824	9.180892
-0.371094	0.529541	1.121826	-143.015267	69.137405	84.755725	9.191043
-0.381348	0.414551	1.381104	-165.969466	53.595420	90.061069	9.200939
-0.339844	-0.189209	1.484375	-202.435115	32.770992	67.045802	9.210998
-0.303955	-0.166504	1.570557	-105.381679	42.244275	80.068702	9.221234
-0.320557	-0.372314	1.799316	-136.809160	18.129771	40.503817	9.231345
-0.294189	-0.640137	1.945801	-81.000000	7.900763	21.862595	9.241286
-0.309570	-0.613281	1.898438	-30.221374	-6.122137	-4.732824	9.251316
-0.320801	-0.541748	1.839844	17.778626	-21.984733	-29.229008	9.261412
-0.312012	-0.263428	1.730957	68.519084	-39.419847	-46.137405	9.271601
-0.264893	-0.048340	1.480713	96.412214	-52.694656	-59.480916	9.281708
-0.228027	0.065430	1.220215	124.725191	-56.564885	-70.839695	9.291779
-0.192383	0.216309	0.961182	149.190840	-55.083969	-83.885496	9.301704
-0.211426	0.406250	0.707764	167.854962	-49.908397	-99.167939	9.311683
-0.213135	0.658691	0.423584	171.832061	-46.977099	-113.274809	9.322168
-0.193604	0.991699	0.136963	160.870229	-40.267176	-114.473282	9.332182
-0.147949	1.386475	-0.080811	126.396947	-26.503817	-98.984733	9.342258
-0.119629	1.713135	-0.191895	59.381679	-5.572519	-62.541985	9.352690
-0.117676	1.818115	-0.127441	-13.969466	16.534351	-15.725191	9.362644
-0.156982	1.607178	0.058594	-91.106870	37.335878	31.183206	9.372796
-0.216553	1.229248	0.262451	-134.442748	52.908397	66.259542	9.382795
-0.234863	0.919922	0.456543	-141.122137	62.152672	92.694656	9.393297
-0.260010	0.689697	0.708496	-136.236641	62.091603	110.694656	9.403468
-0.303223	0.521973	1.015137	-122.725191	59.450382	126.740458	9.413316
-0.355713	0.368652	1.319092	-125.007634	50.053435	136.442748	9.423685
-0.382080	-0.270752	1.616699	-159.267176	31.244275	101.511450	9.433741
-0.322510	-0.267822	1.682617	-36.351145	36.816794	126.534351	9.443800
-0.372314	-0.467285	1.798584	-79.816794	6.427481	75.969466	9.454099
-0.314209	-0.794678	1.792725	-27.396947	-2.763359	44.969466	9.464223
-0.301270	-0.604248	1.725098	35.923664	-19.549618	11.282443	9.474468
-0.328613	-0.465820	1.695557	62.290076	-45.236641	-29.152672	9.484068
-0.300781	-0.231689	1.503174	96.083969	-61.221374	-51.374046	9.494271
-0.252686	0.066895	1.243652	111.160305	-71.587786	-63.076336	9.504358
-0.194336	0.218018	0.959961	104.396947	-79.229008	-81.022901	9.514598
-0.135010	0.318604	0.644287	111.725191	-75.503817	-95.267176	9.525021
-0.094482	0.549072	0.353027	121.328244	-67.763359	-109.366412	9.535924
-0.080078	0.848145	0.139893	122.511450	-53.564885	-111.969466	9.546136
-0.093018	1.180420	-0.008789	107.076336	-35.641221	-102.045802	9.556105
-0.093262	1.471191	-0.087891	74.717557	-13.740458	-77.045802	9.566006
-0.108154	1.642090	-0.060547	24.389313	10.793893	-39.984733	9.576117
-0.148682	1.647705	0.089355	-31.473282	31.709924	3.534351	9.586181
-0.197510	1.417236	0.269531	-82.946565	45.549618	41.496183	9.596154
-0.226074	1.080078	0.405762	-114.847328	55.648855	69.641221	9.606287
-0.255371	0.811035	0.583740	-123.076336	63.870229	91.160305	9.616317
-0.280762	0.579346	0.840576	-122.580153	65.183206	106.786260	9.626719
-0.296143	0.388916	1.139893	-117.106870	63.122137	115.419847	9.636765
-0.332764	0.188477	1.422852	-117.137405	56.870229	119.778626	9.646855
-0.329834	-0.495117	1.744629	-148.114504	28.725191	79.900763	9.656920
-0.367920	-0.339355	1.773193	-27.465649	37.396947	89.961832	9.666888
-0.333740	-0.581299	1.914307	-69.931298	1.770992	31.351145	9.677060
-0.305176	-0.703613	1.899170	6.007634	-10.603053	9.534351	9.687138
-0.319092	-0.426270	1.788574	49.496183	-32.969466	-26.557252	9.697174
-0.277588	-0.213379	1.556641	66.473282	-48.419847	-53.374046	9.707161
-0.230713	-0.036377	1.299561	90.778626	-55.595420	-69.320611	9.717046
-0.203369	0.109619	1.031250	100.335878	-53.801527	-83.763359	9.727236
-0.210938	0.231689	0.858643	120.786260	-52.183206	-98.770992	9.737347
-0.207520	0.385010	0.650879	146.480916	-47.938931	-112.572519	9.747347
-0.195068	0.623535	0.406738	165.251908	-41.671756	-123.290076	9.757462
-0.189209	0.938477	0.138428	168.137405	-34.977099	-123.175573	9.767488
-0.137207	1.305420	-0.118896	138.175573	-24.038168	-111.175573	9.777615
-0.116943	1.637695	-0.253174	79.503817	-7.053435	-78.183206	9.787981
-0.098389	1.796143	-0.241699	-0.740458	16.198473	-34.183206	9.798341
-0.136475	1.652588	-0.080322	-85.977099	40.778626	10.427481	9.808383
-0.167480	1.312256	0.084229	-133.129771	59.244275	46.129771	9.818098
-0.176758	0.934570	0.248047	-155.717557	73.679389	72.366412	9.828631
-0.230957	0.676758	0.528076	-147.229008	87.328244	94.007634	9.838816
-0.295410	0.518066	0.860596	-131.580153	91.389313	106.282443	9.848854
-0.451904	0.241943	1.469727	-123.648855	79.213740	106.931298	9.858643
-0.295898	0.067871	1.521729	-78.992366	71.290076	107.809160	9.868992
-0.470459	0.106934	1.763428	-89.519084	46.381679	93.091603	9.878929
-0.459473	-0.549805	1.999939	-82.419847	22.183206	64.633588	9.888885
-0.385986	-0.455322	1.937256	-37.320611	15.801527	42.770992	9.899071
-0.315186	-0.554932	1.830811	-16.931298	11.007634	-18.480916	9.909163
-0.387695	-0.408691	1.725586	4.022901	-32.931298	-30.290076	9.919205
-0.332275	-0.011475	1.486084	45.992366	-52.343511	-59.664122	9.929275
-0.265625	0.102539	1.215088	47.251908	-59.511450	-79.648855	9.939291
-0.235107	0.263672	0.964111	70.839695	-62.290076	-92.282443	9.949415
-0.191162	0.370850	0.713867	82.015267	-58.488550	-108.190840	9.959374
-0.190186	0.526855	0.486816	101.442748	-51.045802	-117.335878	9.969362
-0.175293	0.750244	0.257812	107.541985	-44.633588	-118.480916	9.979426
-0.135010	1.096436	0.040039	98.038168	-32.343511	-107.351145	9.989560
-0.115723	1.346924	-0.090088	68.847328	-16.832061	-77.809160	9.999402
-0.088135	1.546631	-0.150635	17.748092	5.625954	-37.694656	10.009667
-0.110352	1.518066	-0.034668	-41.610687	30.839695	6.633588	10.019948
-0.159912	1.255615	0.187744	-92.801527	50.458015	44.625954	10.029968
-0.218262	0.922119	0.366699	-119.763359	60.175573	68.824427	10.040023
-0.249512	0.692627	0.588135	-121.305344	67.862595	87.893130	10.050197
-0.289551	0.515869	0.818359	-114.877863	70.877863	101.488550	10.060445
-0.355469	0.381592	1.125977	-110.732824	66.832061	110.992366	10.070644
-0.424316	0.178223	1.427246	-115.671756	57.335878	112.717557	10.080643
-0.405762	-0.430176	1.801025	-100.061069	24.610687	88.503817	10.090689
-0.526855	-0.262207	1.999939	-35.198473	16.854962	71.519084	10.100631
-0.451904	-0.683350	1.999939	-46.587786	-18.977099	14.564885	10.110695
-0.453613	-0.551514	1.962158	35.221374	-36.832061	-12.923664	10.121305
-0.389160	-0.246826	1.671631	56.091603	-62.862595	-52.000000	10.131758
-0.348389	-0.126465	1.408691	68.748092	-75.679389	-79.251908	10.142097
-0.263672	-0.032227	1.060791	95.625954	-79.541985	-102.183206	10.152153
-0.201416	0.203857	0.705078	114.625954	-77.274809	-125.778626	10.162224
-0.170410	0.521729	0.271484	132.404580	-64.618321	-137.213740	10.172432
-0.094727	0.967285	-0.260010	119.312977	-42.977099	-135.526718	10.182533
-0.037354	1.376465	-0.481689	69.183206	-14.839695	-115.770992	10.192502
-0.030273	1.643066	-0.448242	11.503817	11.893130	-79.755725	10.202377
-0.091797	1.699463	-0.189209	-41.007634	43.404580	-28.442748	10.212237
-0.202393	1.543701	0.177734	-84.190840	56.610687	20.351145	10.222440
-0.255127	1.232666	0.404541	-111.816794	64.603053	58.862595	10.232453
-0.346191	1.003906	0.668213	-114.183206	64.664122	89.541985	10.242477
-0.380371	0.758057	0.873047	-117.167939	60.648855	112.083969	10.252534
-0.424805	0.026123	1.149414	-120.557252	45.374046	102.816794	10.262699
-0.492432	0.329590	1.511963	-40.305344	54.320611	119.862595	10.272867
-0.482178	-0.095459	1.758301	-90.977099	31.167939	92.541985	10.282994
-0.440674	-0.346191	1.894043	-45.786260	20.061069	80.732824	10.293186
-0.448730	-0.447998	1.915771	-30.229008	1.900763	44.030534	10.302968
-0.416260	-0.570801	1.925049	5.763359	-24.160305	7.175573	10.313070
-0.387939	-0.344482	1.775391	47.702290	-45.748092	-21.198473	10.323410
-0.352539	-0.087402	1.485107	56.732824	-61.824427	-45.213740	10.333602
-0.290771	0.074951	1.243652	62.717557	-66.534351	-57.343511	10.343527
-0.227783	0.226074	1.026855	68.839695	-68.702290	-65.435115	10.353895
-0.186768	0.344482	0.849854	72.045802	-65.687023	-72.152672	10.364013
-0.165283	0.423584	0.660889	73.824427	-60.961832	-83.274809	10.374168
-0.160400	0.535156	0.471191	77.870229	-51.290076	-93.030534	10.384167
-0.156250	0.719238	0.284180	79.206107	-37.984733	-97.977099	10.394837
-0.147705	0.940674	0.155029	74.740458	-25.007634	-91.580153	10.405084
-0.151123	1.247314	0.075439	67.763359	-7.015267	-68.748092	10.415475
-0.152344	1.512695	0.030518	41.206107	14.694656	-31.282443	10.425674
-0.156494	1.622559	0.067139	-7.557252	35.213740	10.396947	10.435801
-0.202637	1.510986	0.171387	-55.465649	55.282443	59.732824	10.446039
-0.231445	1.253662	0.287598	-95.961832	70.389313	91.793893	10.455935
-0.261475	0.925293	0.359619	-123.167939	78.358779	112.160305	10.465920
-0.277832	0.662598	0.401855	-133.198473	85.480916	124.824427	10.475970
-0.328613	0.505371	0.610596	-141.236641	93.244275	135.137405	10.486058
-0.384033	0.383545	0.939697	-146.816794	91.572519	146.290076	10.495929
-0.486816	0.186768	1.349121	-160.030534	86.664122	152.183206	10.505796
-1.134033	-2.000000	1.999939	-65.167939	25.931298	62.137405	10.515677
-0.568848	-0.532959	1.809082	-160.427481	73.977099	96.076336	10.525964
-0.406250	-0.931152	1.999939	-51.045802	6.061069	47.702290	10.535759
-0.512939	-0.822021	1.999939	-40.435115	-7.534351	2.854962	10.545752
-0.442627	-0.716797	1.879395	4.290076	-35.938931	-38.793893	10.555809
-0.418457	-0.358398	1.682129	46.877863	-51.984733	-59.977099	10.566065
-0.376953	-0.209473	1.483154	67.183206	-68.396947	-79.328244	10.576032
-0.302490	0.026855	1.116699	97.389313	-70.366412	-86.862595	10.586178
-0.253662	0.134277	0.830322	113.473282	-70.702290	-100.282443	10.595980
-0.237549	0.305664	0.554932	138.442748	-61.961832	-111.045802	10.605827
-0.225098	0.522705	0.341064	147.656489	-51.358779	-121.549618	10.615742
-0.224609	0.777100	0.196045	152.816794	-38.167939	-123.129771	10.626077
-0.213135	1.096680	0.062988	143.709924	-26.893130	-117.358779	10.636345
-0.189697	1.496826	-0.062744	110.091603	-15.977099	-90.748092	10.646846
-0.156250	1.710205	-0.190674	46.572519	-2.923664	-52.923664	10.656900
-0.124512	1.739014	-0.250000	-28.335878	18.740458	-4.297710	10.667031
-0.130127	1.461914	-0.146240	-99.442748	46.694656	38.122137	10.677203
-0.195068	1.107666	0.093506	-135.099237	67.541985	72.206107	10.687175
-0.263184	0.842529	0.357178	-153.007634	74.305344	95.412214	10.696961
-0.324707	0.562744	0.675049	-158.175573	78.007634	113.572519	10.707254
-0.369385	0.356445	0.992188	-150.725191	77.045802	125.832061	10.717712
-0.446777	-0.997803	1.280518	-151.419847	73.145038	76.984733	10.728442
-0.276855	-0.224365	1.511963	-32.267176	78.259542	117.213740	10.738355
-0.522217	-0.066162	1.798096	-84.870229	54.076336	77.213740	10.748154
-0.465332	-0.749023	1.999939	-39.244275	36.740458	49.145038	10.758678
-0.536621	-0.510986	1.999939	13.694656	17.770992	14.244275	10.768679
-0.712891	-0.560791	1.997803	51.450382	5.511450	-33.503817	10.778937
-0.553711	-0.189941	1.961914	84.534351	-31.908397	-55.458015	10.788990
-0.535889	-0.021484	1.647949	104.267176	-60.793893	-62.076336	10.798829
-0.373047	0.126953	1.323242	97.748092	-80.702290	-72.877863	10.808830
-0.310303	0.196289	1.007568	115.816794	-81.824427	-81.015267	10.819151
-0.254639	0.328369	0.691650	125.320611	-77.610687	-95.251908	10.829091
-0.238770	0.465332	0.433838	135.633588	-66.000000	-105.595420	10.838957
-0.225098	0.677246	0.219238	137.694656	-51.916031	-116.190840	10.848829
-0.217041	1.000732	0.066895	127.526718	-36.175573	-112.351145	10.859212
-0.200684	1.302246	-0.076172	94.358779	-20.648855	-94.480916	10.869214
-0.169434	1.471680	-0.130127	41.297710	-0.259542	-66.106870	10.879400
-0.155029	1.466797	-0.122314	-11.549618	23.366412	-29.625954	10.889285
-0.159424	1.298340	-0.038574	-50.022901	45.732824	1.213740	10.899397
-0.200195	1.100586	0.108154	-74.755725	64.206107	27.564885	10.909335
-0.251953	0.936279	0.228760	-81.305344	76.664122	45.137405	10.919336
-0.303467	0.835205	0.387207	-89.053435	85.007634	63.687023	10.929307
-0.381592	0.811279	0.638428	-107.206107	87.572519	83.534351	10.939120
-0.463135	0.720703	0.957520	-140.083969	84.709924	105.389313	10.948732
-0.551514	0.490723	1.290771	-180.053435	76.648855	123.732824	10.958164
-0.599609	0.099121	1.624268	-200.519084	64.717557	125.870229	10.967833
-1.153320	-2.000000	1.999939	-53.900763	5.603053	-13.335878	10.977554
-0.737305	-0.626221	1.999939	-17.488550	34.854962	43.442748	10.988582
-0.583496	-0.422852	1.999939	-32.580153	-14.587786	1.893130	10.998750
-0.547363	-0.409668	1.981445	24.335878	-41.900763	-19.610687	11.009011
-0.488525	-0.140137	1.639404	54.160305	-71.274809	-46.450382	11.019172
-0.411133	-0.049072	1.314941	82.419847	-79.603053	-55.748092	11.029219
-0.327393	0.063721	0.993408	111.061069	-83.541985	-67.244275	11.039283
-0.262451	0.218506	0.723389	129.038168	-78.389313	-76.816794	11.048895
-0.238281	0.400635	0.462158	142.091603	-68.404580	-87.725191	11.059260
-0.218750	0.591309	0.276367	141.572519	-55.778626	-95.045802	11.069346
-0.217041	0.836914	0.106689	130.519084	-42.793893	-95.534351	11.079442
-0.183105	1.109131	-0.031250	102.114504	-29.488550	-85.236641	11.089633
-0.165771	1.312256	-0.104492	58.595420	-14.969466	-62.625954	11.099738
-0.141113	1.450684	-0.139648	6.374046	0.244275	-29.488550	11.109788
-0.139160	1.395020	-0.109619	-46.832061	25.648855	4.267176	11.119794
-0.200195	1.147705	0.090332	-89.893130	46.961832	36.061069	11.130582
-0.292725	0.951172	0.500977	-109.007634	56.061069	66.053435	11.142880
-0.360840	0.825439	0.804688	-127.900763	53.549618	86.496183	11.152950
-0.427734	0.618652	1.075195	-147.358779	48.557252	103.175573	11.163333
-0.474609	0.291748	1.317139	-168.923664	42.213740	108.816794	11.173594
-0.502686	-0.131836	1.572998	-170.381679	34.832061	99.435115	11.183492
-0.474609	-0.690186	1.930664	-119.198473	6.297710	71.465649	11.193597
-0.609863	-0.292480	1.999939	-15.099237	-2.496183	29.740458	11.203510
-0.477539	-0.410645	1.930176	-11.763359	-32.954198	-9.435115	11.213848
-0.443604	-0.281982	1.658936	51.839695	-50.519084	-23.145038	11.223866
-0.350342	-0.164551	1.346924	70.496183	-62.702290	-45.236641	11.234176
-0.280273	-0.009521	1.083252	112.610687	-61.832061	-55.015267	11.244177
-0.239014	0.158936	0.870605	129.908397	-60.389313	-69.564885	11.253738
-0.196533	0.381592	0.659180	145.832061	-52.900763	-78.435115	11.264247
-0.193359	0.579834	0.429932	142.122137	-43.664122	-86.801527	11.274363
-0.192383	0.795654	0.237305	127.244275	-32.000000	-89.106870	11.284320
-0.185791	1.013428	0.085693	98.885496	-18.725191	-85.114504	11.294556
-0.166992	1.210449	0.006836	59.870229	-4.900763	-68.580153	11.304858
-0.153076	1.328369	-0.024170	13.145038	8.778626	-41.763359	11.314988
-0.154785	1.290771	0.008301	-39.801527	21.839695	-9.099237	11.325542
-0.201904	1.080078	0.057373	-73.641221	39.641221	18.061069	11.335539
-0.238525	0.846680	0.156006	-88.198473	56.091603	36.564885	11.345617
-0.289551	0.686768	0.349121	-84.473282	69.259542	47.664122	11.355704
-0.347656	0.577393	0.596924	-84.496183	77.778626	55.755725	11.365922
-0.407715	0.503662	0.917725	-89.694656	75.351145	63.664122	11.376276
-0.470947	0.390869	1.229004	-107.702290	68.854962	69.648855	11.386347
-0.533936	0.185791	1.553955	-121.030534	55.725191	72.236641	11.396351
-0.598633	-0.062256	1.894775	-115.526718	34.458015	65.351145	11.406278
-0.621826	-0.321533	1.999939	-91.541985	8.809160	48.526718	11.416103
-0.601562	-0.483154	1.999939	-41.312977	-18.786260	22.213740	11.426076
-0.552002	-0.506836	1.933350	15.656489	-43.984733	-5.778626	11.436035
-0.482422	-0.352783	1.666992	69.541985	-61.679389	-31.717557	11.446078
-0.417725	-0.125732	1.419922	109.648855	-72.847328	-47.572519	11.455908
-0.368652	0.115479	1.169922	136.511450	-78.221374	-59.015267	11.465834
-0.310791	0.328613	0.914551	147.694656	-78.572519	-65.580153	11.476032
-0.260986	0.527344	0.674072	146.358779	-74.564885	-68.267176	11.485903
-0.229248	0.700195	0.460205	132.114504	-68.335878	-68.381679	11.496081
-0.214844	0.867432	0.291992	112.595420	-57.381679	-64.381679	11.505967
-0.201904	1.024414	0.181641	82.259542	-46.320611	-54.862595	11.516021
-0.195068	1.152588	0.122314	46.755725	-34.473282	-40.175573	11.526130
-0.190186	1.194580	0.049805	4.206107	-18.366412	-21.740458	11.536269
-0.177979	1.140381	-0.000488	-31.541985	1.183206	-4.816794	11.546407
-0.188232	1.021973	0.070557	-57.435115	20.977099	9.557252	11.556357
-0.245850	0.914307	0.245117	-74.679389	35.022901	19.061069	11.566101
-0.281494	0.849609	0.393799	-92.770992	44.206107	25.885496	11.576528
-0.301025	0.798584	0.550049	-109.198473	47.862595	32.809160	11.586480
-0.289307	0.725098	0.672607	-128.412214	45.862595	41.251908	11.596652
-0.276123	0.680908	0.785645	-145.351145	45.038168	53.885496	11.606565
-0.276367	0.558105	0.885010	-167.801527	44.427481	69.625954	11.616808
-0.326172	0.351562	1.125732	-183.610687	43.748092	83.320611	11.627058
-0.388184	0.019287	1.397949	-193.366412	39.801527	86.572519	11.637152
-0.441895	-0.406006	1.709961	-177.595420	30.793893	72.099237	11.647183
-0.628418	-1.527100	1.999939	-103.343511	2.175573	4.259542	11.657120
-0.427002	-0.872559	1.999939	-5.450382	0.496183	-2.610687	11.666935
-0.484863	-0.428467	1.959961	34.236641	-39.442748	-43.816794	11.677046
-0.427734	-0.230713	1.698975	70.351145	-56.900763	-57.549618	11.686826
-0.390137	-0.040039	1.418945	89.954198	-69.954198	-70.992366	11.696996
-0.331543	0.099365	1.144775	114.778626	-72.564885	-75.870229	11.706972
-0.301514	0.259766	0.896240	135.755725	-70.610687	-81.946565	11.716655
-0.265625	0.425293	0.651123	148.961832	-64.557252	-85.984733	11.726391
-0.242920	0.620117	0.412109	157.503817	-53.290076	-87.038168	11.736631
-0.233643	0.838379	0.219727	153.725191	-40.000000	-84.519084	11.746360
-0.221436	1.068604	0.096924	138.511450	-24.290076	-74.320611	11.756588
-0.222168	1.285400	0.038330	102.519084	-8.549618	-56.854962	11.766351
-0.208252	1.414795	0.023926	51.732824	6.732824	-33.015267	11.776722
-0.209473	1.409180	0.026123	-2.778626	21.900763	-2.198473	11.787086
-0.206055	1.272949	0.078857	-48.465649	37.312977	27.045802	11.797429
-0.208496	1.054688	0.123291	-80.854962	51.297710	47.519084	11.807181
-0.202393	0.842041	0.184082	-93.083969	64.259542	64.022901	11.817125
-0.210449	0.713867	0.277344	-97.534351	75.015267	77.595420	11.826764
-0.244629	0.630127	0.433838	-106.045802	82.236641	94.687023	11.836546
-0.330322	0.491455	0.663330	-127.106870	91.038168	109.526718	11.846966
-0.434326	0.255615	1.010986	-158.526718	96.809160	114.717557	11.857063
-0.552490	-0.114014	1.504639	-171.244275	90.916031	108.664122	11.866940
-0.624268	-0.417480	1.962158	-151.068702	69.732824	87.328244	11.876520
-0.635742	-0.721191	1.999939	-102.847328	41.816794	51.618321	11.886574
-0.625244	-0.824707	1.999939	-33.404580	1.786260	9.290076	11.897414
-0.565186	-0.677979	1.999939	37.786260	-40.893130	-32.641221	11.907667
-0.477783	-0.366699	1.654785	84.633588	-62.679389	-58.030534	11.917674
-0.429688	-0.072998	1.392090	106.534351	-71.564885	-73.190840	11.927473
-0.389893	0.150146	1.174561	117.396947	-74.328244	-78.213740	11.937348
-0.334229	0.320068	0.972168	119.221374	-76.236641	-81.404580	11.947442
-0.291504	0.423096	0.747314	121.793893	-71.961832	-83.206107	11.957488
-0.267822	0.554932	0.544189	123.122137	-63.793893	-86.328244	11.967197
-0.232422	0.712891	0.305420	124.885496	-51.717557	-86.290076	11.977407
-0.224609	0.923828	0.147217	114.358779	-39.770992	-81.137405	11.987657
-0.216553	1.121094	0.032715	91.977099	-27.671756	-68.519084	11.997606
-0.198730	1.309814	-0.066895	55.992366	-11.000000	-48.083969	12.007668
-0.185547	1.392822	-0.110352	9.335878	9.618321	-23.152672	12.017746
-0.196777	1.373535	-0.010254	-40.244275	33.206107	10.793893	12.027764
-0.238770	1.170654	0.155762	-79.633588	50.557252	36.877863	12.037724
-0.294922	0.971924	0.417480	-95.206107	59.145038	59.175573	12.047967
-0.344482	0.842529	0.670654	-107.694656	58.320611	78.045802	12.057962
-0.392334	0.673096	0.861084	-128.496183	55.221374	93.534351	12.067873
-0.423096	0.407715	1.118408	-151.450382	49.480916	99.709924	12.078026
-0.457275	0.104248	1.415283	-159.221374	41.725191	97.236641	12.088167
-0.473145	-0.229248	1.620117	-151.137405	30.183206	83.152672	12.098027
-0.464844	-0.530762	1.808594	-115.312977	16.770992	60.259542	12.108054
-0.458984	-0.695801	1.892822	-57.770992	-2.770992	24.160305	12.118058
-0.444092	-0.671875	1.864502	9.114504	-23.099237	-10.396947	12.128094
-0.433838	-0.413818	1.734619	65.740458	-43.488550	-38.916031	12.138139
-0.401123	-0.122803	1.501465	95.122137	-58.045802	-56.435115	12.148013
-0.370117	0.098389	1.278320	111.541985	-62.786260	-65.549618	12.157945
-0.336426	0.271729	1.089600	120.480916	-65.335878	-68.916031	12.167407
-0.307129	0.419922	0.886230	124.671756	-65.000000	-70.541985	12.176934
-0.274170	0.552002	0.680664	126.122137	-61.076336	-72.480916	12.186889
-0.251465	0.711670	0.496338	123.885496	-53.748092	-73.145038	12.196726
-0.243164	0.914551	0.261475	107.038168	-43.824427	-71.267176	12.207425
-0.215820	1.113037	0.103760	79.305344	-32.603053	-60.984733	12.217942
-0.190918	1.300781	0.016846	37.587786	-19.175573	-41.877863	12.227957
-0.177734	1.370605	-0.009766	-10.694656	-3.664122	-14.000000	12.238101
-0.167480	1.277344	0.018799	-53.137405	13.908397	13.969466	12.248345
-0.188965	1.065430	0.133301	-86.091603	32.488550	39.030534	12.258027
-0.218506	0.843994	0.285645	-100.328244	45.702290	56.664122	12.268171
-0.245117	0.688232	0.464111	-106.068702	50.435115	68.580153	12.278318
-0.256836	0.558105	0.659668	-107.885496	53.404580	78.641221	12.288496
-0.278320	0.445557	0.875732	-111.282443	55.679389	84.068702	12.298488
-0.344482	0.308594	1.170654	-117.923664	51.908397	92.564885	12.308457
-0.405273	0.107666	1.463623	-119.435115	45.511450	91.366412	12.318463
-0.446045	-0.153320	1.733398	-106.282443	31.335878	81.328244	12.328538
-0.457520	-0.377197	1.905518	-73.603053	11.442748	60.885496	12.338552
-0.453613	-0.500488	1.955078	-31.305344	-9.488550	32.351145	12.348528
-0.437988	-0.502686	1.871826	14.801527	-29.946565	0.877863	12.358554
-0.413574	-0.336182	1.713379	56.267176	-48.198473	-26.175573	12.368987
-0.372559	-0.107422	1.447754	84.603053	-62.778626	-45.389313	12.379071
-0.335693	0.060303	1.194824	99.473282	-67.396947	-55.793893	12.389050
-0.269531	0.225830	0.946289	113.954198	-67.389313	-62.763359	12.399464
-0.253418	0.351318	0.779541	124.625954	-62.961832	-71.000000	12.409291
-0.228027	0.518311	0.541504	129.106870	-56.221374	-81.519084	12.419414
-0.219482	0.719238	0.325684	123.938931	-46.381679	-89.702290	12.429489
-0.215088	0.948486	0.151367	105.320611	-36.152672	-90.816794	12.439377
-0.197754	1.185303	-0.011719	69.564885	-24.236641	-81.206107	12.449274
-0.180176	1.369629	-0.096191	26.175573	-10.312977	-59.755725	12.459331
-0.165771	1.460693	-0.097900	-23.694656	4.938931	-27.847328	12.469574
-0.161377	1.372070	-0.064941	-73.335878	22.534351	6.961832	12.479314
-0.183350	1.128906	0.038574	-106.221374	41.770992	40.045802	12.489717
-0.218750	0.868164	0.217529	-118.236641	56.358779	63.755725	12.500410
-0.257568	0.712158	0.424805	-118.832061	65.496183	85.793893	12.510519
-0.305908	0.547607	0.660400	-117.854962	69.557252	103.114504	12.520729
-0.380859	0.385498	0.937256	-116.801527	73.595420	114.351145	12.530754
-0.416016	0.231934	1.233887	-117.480916	72.412214	116.816794	12.540357
-0.471680	0.007812	1.485840	-107.549618	66.916031	111.053435	12.550739
-0.500977	-0.216797	1.693604	-99.908397	58.022901	96.099237	12.560949
-0.387207	-0.670166	1.999939	-45.511450	23.793893	56.862595	12.571187
-0.562256	-0.351562	1.999939	17.984733	12.206107	18.473282	12.581158
-0.558594	-0.441895	1.999939	26.244275	-20.015267	-20.954198	12.591172
-0.521729	-0.161133	1.987061	61.114504	-45.183206	-38.404580	12.601296
-0.428467	-0.050537	1.565186	63.282443	-70.374046	-62.183206	12.611323
-0.342041	0.046143	1.176758	98.786260	-74.274809	-71.648855	12.621664
-0.261230	0.191162	0.787598	123.175573	-71.511450	-83.213740	12.631833
-0.187256	0.384033	0.525146	150.702290	-59.679389	-89.335878	12.641717
-0.160645	0.619629	0.258545	163.916031	-45.152672	-90.816794	12.651832
-0.127197	0.864990	0.042236	162.007634	-26.175573	-85.549618	12.661636
-0.125000	1.108398	-0.065918	142.435115	-4.587786	-71.503817	12.672057
-0.118652	1.323486	-0.093994	98.580153	12.625954	-47.045802	12.682164
-0.136475	1.436279	-0.068359	40.480916	27.625954	-16.671756	12.691910
-0.177734	1.367676	0.029785	-23.847328	40.740458	16.404580	12.702264
-0.223877	1.102783	0.158203	-77.480916	56.335878	38.679389	12.712376
-0.263672	0.853027	0.313477	-105.664122	66.656489	52.480916	12.722343
-0.314453	0.660156	0.527344	-130.007634	74.526718	61.870229	12.732300
-0.381348	0.464600	0.845215	-147.068702	74.778626	64.190840	12.742162
-0.447021	0.263428	1.236572	-147.274809	71.572519	62.473282	12.752232
-0.511719	0.119141	1.642090	-134.503817	59.137405	57.458015	12.761703
-0.534668	-0.039551	1.878906	-115.534351	38.916031	48.435115	12.771342
-0.537109	-0.195801	1.981934	-80.129771	10.580153	34.251908	12.781996
-0.514404	-0.288086	1.933350	-36.755725	-12.709924	16.030534	12.791716
-0.474609	-0.316162	1.755127	10.503817	-31.786260	-2.725191	12.801825
-0.453857	-0.202637	1.573975	55.290076	-46.106870	-19.412214	12.811786
-0.433105	-0.037354	1.411621	84.664122	-54.778626	-32.175573	12.822061
-0.398193	0.101074	1.296143	102.603053	-62.671756	-41.244275	12.832137
-0.361328	0.188965	1.106201	122.114504	-66.435115	-50.763359	12.842250
-0.307861	0.335449	0.903320	140.106870	-69.702290	-61.809160	12.851972
-0.263672	0.538330	0.603516	150.351145	-69.435115	-72.480916	12.862131
-0.201660	0.768066	0.267578	141.396947	-64.740458	-76.870229	12.872340
-0.133057	0.992920	-0.058105	112.725191	-53.671756	-73.145038	12.882250
-0.097656	1.243408	-0.264160	70.259542	-39.458015	-58.381679	12.891969
-0.064453	1.368652	-0.430176	7.290076	-22.748092	-34.114504	12.902466
-0.068359	1.315186	-0.418945	-48.175573	4.183206	-10.183206	12.912139
-0.158691	1.235107	-0.166748	-80.129771	41.992366	16.183206	12.922441
-0.270020	1.101318	0.192383	-110.473282	63.893130	36.053435	12.932449
-0.340088	0.961182	0.543457	-130.557252	73.725191	55.885496	12.942420
-0.382324	0.785156	0.815186	-148.625954	72.984733	70.984733	12.952273
-0.438721	0.520020	1.098877	-165.175573	68.755725	82.175573	12.962730
-0.479736	0.243164	1.449951	-166.328244	57.229008	86.465649	12.972939
-0.505859	-0.035156	1.812744	-154.137405	41.396947	82.961832	12.983004
-0.523438	-0.305176	1.999939	-117.549618	20.717557	67.488550	12.992764
-0.525391	-0.484131	1.999939	-63.473282	-2.938931	46.106870	13.002635
-0.501709	-0.548096	1.999939	3.114504	-30.244275	19.870229	13.012367
-0.463867	-0.435791	1.937256	64.587786	-56.854962	-8.450382	13.022610
-0.419189	-0.177490	1.625732	105.328244	-77.458015	-30.694656	13.032981
-0.364014	0.003906	1.325439	127.923664	-83.404580	-42.419847	13.042690
-0.307129	0.185547	1.062988	132.862595	-91.083969	-49.587786	13.052722
-0.248535	0.333984	0.748047	134.877863	-93.473282	-57.312977	13.063109
-0.171143	0.507812	0.452148	136.221374	-86.076336	-64.770992	13.073734
-0.118408	0.697510	0.175537	128.320611	-75.816794	-70.022901	13.083242
-0.087891	0.932129	-0.054688	107.450382	-61.931298	-71.580153	13.093961
-0.051270	1.147461	-0.270996	74.832061	-43.480916	-64.755725	13.103910
-0.061035	1.307373	-0.370361	35.442748	-18.702290	-47.969466	13.113862
-0.088379	1.410400	-0.320068	-10.938931	11.274809	-27.236641	13.123988
-0.160156	1.338867	-0.050293	-64.458015	41.267176	7.862595	13.136763
-0.215088	1.143799	0.121582	-94.488550	60.404580	32.877863	13.146869
-0.263184	0.962891	0.317627	-113.290076	68.916031	48.244275	13.156545
-0.291504	0.778564	0.524658	-118.282443	72.480916	62.717557	13.166407
-0.312988	0.652100	0.788330	-125.236641	72.076336	74.656489	13.176837
-0.355713	0.487305	1.026855	-136.335878	69.213740	83.419847	13.186821
-0.395996	0.302734	1.300537	-145.916031	62.534351	88.312977	13.196683
-0.437500	0.052246	1.566162	-152.305344	53.488550	87.931298	13.206860
-0.485107	-0.217773	1.810059	-141.748092	38.236641	76.595420	13.216813
-0.503418	-0.518066	1.999268	-111.030534	19.244275	55.458015	13.226997
-0.497070	-0.708740	1.999939	-51.740458	-8.274809	22.282443	13.237096
-0.476562	-0.746338	1.984619	17.992366	-34.549618	-12.450382	13.247136
-0.427002	-0.495361	1.745605	79.022901	-57.885496	-41.160305	13.256961
-0.350342	-0.199707	1.422852	118.045802	-68.839695	-61.709924	13.266934
-0.294189	0.044189	1.145752	145.442748	-70.557252	-72.702290	13.277271
-0.249268	0.286621	0.934082	156.000000	-67.320611	-78.519084	13.287174
-0.209229	0.481689	0.748779	156.274809	-62.900763	-80.083969	13.297339
-0.177490	0.659912	0.542480	147.374046	-57.320611	-81.282443	13.307003
-0.158691	0.835693	0.320557	125.648855	-50.755725	-79.961832	13.317277
-0.132812	0.996826	0.115479	97.335878	-40.786260	-75.251908	13.327475
-0.113770	1.152100	-0.051025	61.083969	-25.175573	-64.664122	13.337590
-0.130615	1.261719	-0.147705	18.114504	-5.969466	-50.030534	13.347812
-0.154053	1.293213	-0.124512	-18.954198	14.374046	-31.938931	13.357401
-0.168457	1.269043	-0.032959	-47.038168	33.259542	-10.793893	13.366844
-0.203857	1.169678	0.097900	-70.496183	52.580153	10.839695	13.376494
-0.252441	1.050537	0.276367	-92.916031	61.763359	31.435115	13.386361
-0.266113	0.908936	0.422852	-100.282443	67.175573	50.030534	13.396597
-0.307373	0.797852	0.638672	-109.206107	71.946565	69.038168	13.407340
-0.361572	0.691162	0.891602	-124.045802	71.206107	85.389313	13.417261
-0.420898	0.463623	1.196289	-151.740458	66.282443	99.786260	13.428419
-0.474365	0.096924	1.515381	-166.297710	57.847328	104.725191	13.438555
-0.515625	-0.317139	1.856445	-156.396947	43.091603	91.229008	13.448743
-0.564697	-0.778809	1.999939	-113.908397	16.954198	52.427481	13.458798
-0.442871	-0.989746	1.999939	-1.335878	-18.183206	18.763359	13.468940
-0.503174	-0.392090	1.999939	63.488550	-52.473282	-32.000000	13.479027
-0.380371	-0.325928	1.635986	82.625954	-71.328244	-56.732824	13.488933
-0.333496	-0.056152	1.284180	118.549618	-78.923664	-71.435115	13.498896
-0.243408	0.130371	1.007568	128.732824	-79.007634	-81.687023	13.508820
-0.206299	0.336182	0.832031	143.534351	-73.312977	-87.175573	13.519150
-0.193604	0.522705	0.623535	144.862595	-67.587786	-93.328244	13.529189
-0.175537	0.715576	0.395264	136.175573	-58.740458	-95.961832	13.539635
-0.148193	0.910400	0.168457	115.679389	-48.389313	-94.267176	13.549495
-0.142578	1.103516	0.002686	83.526718	-37.351145	-85.732824	13.559296
-0.139160	1.296875	-0.148682	35.633588	-22.732824	-68.435115	13.569480
-0.129639	1.360596	-0.187256	-12.633588	1.885496	-46.145038	13.579516
-0.173584	1.375488	-0.037109	-59.984733	29.908397	-18.427481	13.589523
-0.210693	1.291504	0.167725	-95.770992	48.961832	14.671756	13.599680
-0.292236	1.121338	0.355957	-121.137405	58.931298	42.022901	13.609303
-0.354492	0.952393	0.651855	-148.129771	63.236641	66.717557	13.619839
-0.392822	0.767822	0.912109	-174.297710	59.038168	87.290076	13.629994
-0.434082	0.488525	1.118164	-199.396947	54.427481	100.038168	13.639943
-0.445557	0.139404	1.307861	-214.038168	47.908397	101.610687	13.650378
-0.455322	-0.247803	1.547852	-202.213740	37.801527	89.442748	13.660541
-0.476074	-0.576660	1.797119	-169.236641	22.045802	64.641221	13.670883
-0.484375	-1.091064	1.999939	-114.061069	-12.068702	18.435115	13.680482
-0.508057	-0.688477	1.867920	24.358779	-21.076336	-3.167939	13.690888
-0.421387	-0.528076	1.699951	35.748092	-46.160305	-45.297710	13.701048
-0.391846	-0.310547	1.528320	97.427481	-54.923664	-54.167939	13.710496
-0.342529	-0.120850	1.313721	116.305344	-65.717557	-72.534351	13.720795
-0.296875	0.076904	1.128662	145.961832	-65.503817	-76.358779	13.730760
-0.268799	0.238037	0.942139	151.236641	-67.106870	-86.374046	13.740988
-0.245605	0.415527	0.765869	160.679389	-63.511450	-95.419847	13.751073
-0.223877	0.638184	0.543213	153.824427	-59.809160	-103.251908	13.760838
-0.208252	0.882568	0.326904	133.427481	-54.717557	-104.755725	13.770862
-0.165283	1.133789	0.054199	98.030534	-50.488550	-97.213740	13.780829
-0.120605	1.359131	-0.132812	50.847328	-34.145038	-77.022901	13.790936
-0.099121	1.496094	-0.213379	-10.229008	-11.106870	-50.595420	13.801224
-0.114014	1.456787	-0.158203	-61.938931	18.473282	-13.709924	13.811142
-0.179199	1.317627	0.034668	-97.412214	45.877863	21.618321	13.821330
-0.252686	1.105713	0.265137	-118.648855	58.679389	53.229008	13.831615
-0.311035	0.900635	0.462891	-126.778626	67.694656	75.763359	13.841620
-0.377686	0.754395	0.789307	-138.045802	65.656489	90.961832	13.851570
-0.441406	0.601807	1.137695	-156.183206	55.625954	100.877863	13.861387
-0.465088	0.391357	1.410645	-188.625954	43.106870	105.786260	13.871474
-0.450439	0.060303	1.615479	-216.045802	27.717557	103.022901	13.881481
-0.436035	-0.286133	1.733643	-212.809160	10.763359	89.671756	13.891472
-0.392334	-0.708252	1.726562	-181.351145	-5.816794	62.877863	13.901626
-0.353516	-1.229980	1.700684	-127.167939	-25.885496	7.824427	13.911449
-0.264893	-0.939697	1.562744	32.641221	-23.213740	0.870229	13.921765
-0.297607	-0.631836	1.476807	56.427481	-42.862595	-44.687023	13.931739
-0.259277	-0.427246	1.375000	119.534351	-44.190840	-53.702290	13.941588
-0.256592	-0.162842	1.220459	149.740458	-49.679389	-68.938931	13.951710
-0.229248	0.027344	1.056152	176.709924	-48.480916	-74.297710	13.961787
-0.225342	0.248535	0.885254	190.396947	-48.839695	-78.969466	13.971994
-0.229248	0.447021	0.706055	194.312977	-41.389313	-84.770992	13.982221
-0.235840	0.659424	0.556641	191.488550	-34.137405	-90.190840	13.992292
-0.246826	0.917236	0.404053	172.526718	-27.770992	-90.801527	14.002359
-0.242432	1.196533	0.263428	138.618321	-24.603053	-83.366412	14.012449
-0.210938	1.413086	0.070801	84.167939	-19.961832	-66.190840	14.022278
-0.160156	1.588623	-0.080811	17.954198	-3.106870	-32.870229	14.032809
-0.150146	1.562256	-0.106689	-52.183206	21.183206	4.748092	14.042758
-0.176514	1.375488	0.012695	-94.969466	48.656489	43.824427	14.052921
-0.253174	1.134033	0.271973	-124.664122	66.801527	76.106870	14.062780
-0.316895	0.885010	0.480957	-137.816794	73.595420	102.022901	14.073051
-0.406250	0.669189	0.810059	-159.160305	76.442748	120.587786	14.083204
-0.457520	0.417480	1.197510	-191.167939	65.961832	129.267176	14.093116
-0.488770	0.092773	1.560303	-223.778626	51.938931	127.809160	14.103175
-0.523193	-0.348145	1.886719	-237.839695	28.381679	112.167939	14.113378
-0.500488	-0.850830	1.999939	-204.320611	-1.022901	81.473282	14.123595
-0.488525	-1.519043	1.999939	-149.740458	-37.984733	0.022901	14.134414
-0.308594	-1.158203	1.711182	22.312977	-43.603053	-11.503817	14.144326
-0.350098	-0.689453	1.523926	44.633588	-67.244275	-64.541985	14.154510
-0.265625	-0.425293	1.315918	101.374046	-67.496183	-77.877863	14.164288
-0.225342	-0.140625	1.082520	135.618321	-70.114504	-87.519084	14.174484
-0.154541	0.092529	0.831787	157.358779	-65.916031	-93.679389	14.184562
-0.133545	0.338867	0.605713	184.167939	-56.893130	-94.541985	14.194681
-0.114990	0.628418	0.356201	186.740458	-47.687023	-94.755725	14.204753
-0.089600	0.924561	0.130127	171.648855	-34.015267	-87.030534	14.214694
-0.079102	1.193115	-0.028320	132.748092	-16.000000	-71.519084	14.224876
