-0.919678	0.767578	-0.600830	128.679389	46.442748	-15.312977	0.001314
-0.909912	0.730957	-0.616943	30.053435	10.496183	44.916031	0.010854
-0.861084	0.641357	-0.570312	37.847328	19.740458	59.473282	0.020365
-0.806885	0.549561	-0.538086	45.763359	25.832061	60.206107	0.029890
-0.774414	0.468506	-0.509521	49.473282	26.587786	56.374046	0.038972
-0.777588	0.404541	-0.535889	61.381679	27.183206	41.480916	0.048149
-0.800049	0.316406	-0.580078	70.030534	31.885496	20.648855	0.057464
-0.764893	0.225586	-0.588379	73.297710	37.404580	-1.900763	0.066781
-0.705322	0.203857	-0.553711	70.366412	40.458015	-25.045802	0.076122
-0.663330	0.217285	-0.522217	57.190840	43.351145	-43.496183	0.085284
-0.601562	0.303955	-0.446289	32.244275	38.847328	-49.374046	0.094490
-0.568848	0.342529	-0.398193	19.290076	30.641221	-54.167939	0.103719
-0.529541	0.319336	-0.375732	5.290076	16.900763	-54.946565	0.112878
-0.544434	0.303223	-0.384521	-5.946565	2.595420	-55.740458	0.122155
-0.573242	0.317139	-0.410889	-22.396947	-11.725191	-56.244275	0.131444
-0.632568	0.346436	-0.458984	-32.503817	-23.625954	-55.297710	0.140537
-0.707275	0.416016	-0.520996	-38.541985	-27.946565	-53.893130	0.149811
-0.733398	0.464355	-0.545898	-42.351145	-26.045802	-49.267176	0.158919
-0.714600	0.514893	-0.520264	-42.038168	-22.465649	-42.458015	0.168421
-0.674072	0.527100	-0.479492	-43.656489	-22.580153	-27.580153	0.177697
-0.658203	0.606445	-0.456299	-46.106870	-25.770992	-11.274809	0.186831
-0.735840	0.723877	-0.487549	-47.267176	-29.099237	9.786260	0.196212
-0.806152	0.767578	-0.558838	-39.152672	-27.259542	36.465649	0.207715
-0.856201	0.735840	-0.573730	-28.442748	-18.625954	54.274809	0.219373
-0.882568	0.716064	-0.578613	-12.786260	-8.396947	64.396947	0.230849
-0.892334	0.641846	-0.571289	6.526718	2.923664	67.625954	0.242442
-0.846436	0.521240	-0.532715	22.763359	11.412214	65.557252	0.253933
-0.801025	0.209229	-0.526611	46.206107	16.877863	39.358779	0.265323
-0.745361	0.035156	-0.510498	42.053435	23.534351	-2.603053	0.277159
-0.689453	0.202393	-0.432373	18.603053	30.916031	-33.671756	0.288751
-0.661133	0.366455	-0.350098	6.816794	25.603053	-44.534351	0.300106
-0.624268	0.349609	-0.321289	-8.190840	13.778626	-45.847328	0.311892
-0.623291	0.346436	-0.331299	-24.610687	-0.549618	-49.396947	0.323858
-0.701172	0.436523	-0.393799	-36.740458	-11.977099	-52.000000	0.335379
-0.791992	0.520508	-0.482178	-38.244275	-17.854962	-50.458015	0.346906
-0.859375	0.528076	-0.544434	-37.068702	-13.221374	-46.511450	0.358534
-0.810547	0.480713	-0.491211	-36.763359	-5.816794	-40.404580	0.370263
-0.677979	0.443604	-0.390625	-34.175573	-4.488550	-34.221374	0.382063
-0.590820	0.518555	-0.329590	-43.015267	-15.022901	-15.763359	0.393388
-0.715576	0.712402	-0.382324	-51.656489	-29.198473	15.358779	0.405001
-0.814697	0.804199	-0.476074	-52.885496	-32.893130	50.549618	0.416288
-0.936279	0.925293	-0.559570	-49.572519	-30.618321	78.000000	0.427917
-1.095703	0.968994	-0.654785	-29.389313	-18.106870	99.847328	0.438930
-1.107910	0.842041	-0.677002	-0.251908	2.389313	108.938931	0.449378
-1.025391	0.615723	-0.639404	27.648855	21.793893	100.152672	0.459175
-0.827148	0.339844	-0.505859	42.870229	36.213740	79.877863	0.470690
-0.628174	0.194336	-0.326416	42.755725	36.366412	44.648855	0.482145
-0.531250	0.206055	-0.256836	33.503817	26.061069	2.450382	0.494225
-0.559814	0.353027	-0.246582	13.671756	8.900763	-17.725191	0.506233
-0.604980	0.411377	-0.262451	-2.633588	-9.114504	-26.129771	0.518201
-0.665771	0.358643	-0.346680	-12.946565	-22.648855	-39.221374	0.529990
-0.737061	0.392090	-0.411377	-22.045802	-27.183206	-56.175573	0.541283
-0.805908	0.458252	-0.470459	-27.740458	-26.984733	-64.740458	0.553115
-0.839600	0.530029	-0.491699	-30.099237	-20.816794	-66.274809	0.564167
-0.834961	0.561035	-0.475098	-26.519084	-14.412214	-61.664122	0.576531
-0.754639	0.487793	-0.445801	-22.641221	-11.801527	-49.534351	0.588257
-0.644775	0.453613	-0.374268	-24.137405	-13.809160	-38.679389	0.599632
-0.638184	0.532227	-0.384521	-25.435115	-22.259542	-24.099237	0.610992
-0.776367	0.706543	-0.465576	-29.381679	-23.603053	5.106870	0.622710
-0.883545	0.812256	-0.540283	-20.916031	-18.030534	37.236641	0.634619
-0.927246	0.836182	-0.587402	-6.335878	-5.190840	62.679389	0.646769
-0.952637	0.798340	-0.613037	15.114504	10.740458	82.290076	0.658845
-0.915771	0.708496	-0.556641	29.175573	24.854962	93.938931	0.670537
-0.806152	0.562744	-0.457031	38.778626	30.496183	92.969466	0.681921
-0.705322	0.402100	-0.374023	48.404580	26.725191	77.969466	0.693518
-0.631348	0.277100	-0.317871	45.717557	20.465649	54.229008	0.705206
-0.581299	0.223877	-0.302734	36.725191	15.580153	29.076336	0.716745
-0.552490	0.244385	-0.283936	17.091603	2.374046	11.160305	0.727919
-0.550537	0.306396	-0.283691	-3.274809	-12.526718	-4.572519	0.739741
-0.615967	0.334961	-0.331055	-16.526718	-27.183206	-17.702290	0.751225
-0.675293	0.354004	-0.388672	-25.610687	-35.335878	-36.267176	0.762119
-0.724609	0.382812	-0.427002	-34.824427	-39.793893	-52.541985	0.773573
-0.755615	0.447510	-0.416016	-41.137405	-43.061069	-65.404580	0.785099
-0.779785	0.494873	-0.421143	-38.526718	-44.099237	-72.366412	0.797239
-0.775635	0.513916	-0.424072	-39.351145	-42.244275	-67.099237	0.810180
-0.737793	0.565186	-0.411133	-43.824427	-39.916031	-52.725191	0.822098
-0.811768	0.820801	-0.409424	-47.274809	-42.358779	-0.526718	0.841735
-0.944580	0.893555	-0.502197	-36.900763	-38.511450	29.091603	0.853301
-1.043457	0.871094	-0.604492	-13.801527	-23.282443	46.061069	0.864947
-1.052490	0.733398	-0.630859	8.328244	5.099237	54.381679	0.876389
-0.930420	0.586914	-0.550049	20.419847	29.396947	55.038168	0.887975
-0.793457	0.557617	-0.394775	23.473282	38.709924	52.137405	0.899458
-0.717529	0.559082	-0.313721	28.259542	33.045802	48.984733	0.911045
-0.695557	0.496094	-0.294678	30.091603	23.312977	43.595420	0.922567
-0.690674	0.417480	-0.295898	24.885496	14.114504	31.488550	0.934261
-0.675781	0.354492	-0.302002	12.877863	7.320611	15.992366	0.945396
-0.656494	0.369873	-0.266357	-2.328244	-0.816794	-0.145038	0.956955
-0.688232	0.448730	-0.306152	-13.725191	-10.320611	-17.595420	0.968570
-0.740479	0.457764	-0.343262	-18.580153	-18.129771	-28.595420	0.979651
-0.772949	0.457520	-0.380859	-23.992366	-19.236641	-40.625954	0.991857
-0.778564	0.512695	-0.357910	-27.465649	-19.190840	-48.969466	1.003195
-0.788330	0.543945	-0.352783	-28.603053	-21.709924	-52.106870	1.014839
-0.813232	0.583496	-0.361084	-29.282443	-23.167939	-49.648855	1.026632
-0.834961	0.616943	-0.376953	-27.083969	-19.862595	-41.328244	1.038251
-0.809326	0.556641	-0.363770	-27.679389	-15.694656	-27.412214	1.049250
-0.748535	0.520020	-0.345703	-33.374046	-10.954198	-13.916031	1.060197
-0.744629	0.630127	-0.336426	-39.580153	-12.122137	5.786260	1.071643
-0.826416	0.824463	-0.382324	-34.786260	-11.587786	33.755725	1.083704
-0.924805	0.932373	-0.473389	-26.198473	-3.167939	67.450382	1.095539
-1.022705	0.945068	-0.564209	-4.625954	16.015267	88.526718	1.107030
-1.037109	0.862549	-0.552734	21.175573	37.351145	100.221374	1.118669
-0.916748	0.654785	-0.457275	42.977099	55.213740	100.038168	1.130613
-0.743164	0.443359	-0.288818	54.969466	58.076336	85.145038	1.142348
-0.552246	0.277832	-0.179443	58.557252	41.809160	57.625954	1.154034
-0.490234	0.209473	-0.131104	47.862595	35.229008	22.885496	1.165892
-0.467041	0.254395	-0.150879	24.251908	19.816794	-0.977099	1.177391
-0.489990	0.352783	-0.145752	1.885496	2.152672	-16.671756	1.189155
-0.546875	0.365479	-0.165039	-14.114504	-14.320611	-30.580153	1.200583
-0.589600	0.364258	-0.236084	-24.832061	-28.305344	-48.893130	1.212195
-0.668945	0.440918	-0.281982	-33.946565	-35.931298	-68.129771	1.223749
-0.729004	0.538574	-0.331055	-40.839695	-39.473282	-74.083969	1.235428
-0.760010	0.629395	-0.360596	-44.458015	-39.496183	-71.809160	1.246909
-0.795166	0.659180	-0.379639	-39.175573	-35.114504	-61.648855	1.258484
-0.756836	0.614990	-0.398926	-32.633588	-28.564885	-48.374046	1.270096
-0.683838	0.586182	-0.350830	-34.450382	-25.541985	-29.465649	1.281706
-0.681641	0.658203	-0.329346	-39.480916	-31.923664	-4.114504	1.293201
-0.796631	0.832031	-0.392578	-32.603053	-36.282443	18.610687	1.304816
-0.994629	0.970947	-0.547852	-22.129771	-33.038168	44.274809	1.316796
-1.087646	0.945557	-0.644287	5.893130	-9.832061	61.450382	1.328810
-1.070312	0.801514	-0.637695	34.053435	15.450382	62.862595	1.340825
-0.935059	0.619873	-0.519531	48.450382	37.259542	60.053435	1.353240
-0.753418	0.488037	-0.383789	55.702290	42.412214	44.000000	1.364830
-0.644775	0.390381	-0.292969	58.114504	35.832061	22.702290	1.376590
-0.583496	0.320312	-0.255127	42.007634	25.045802	9.519084	1.388346
-0.561768	0.336182	-0.238281	18.274809	9.740458	-5.511450	1.400034
-0.593750	0.376709	-0.249023	-0.702290	-4.977099	-16.809160	1.411640
-0.646240	0.385010	-0.293701	-15.610687	-15.160305	-28.351145	1.423089
-0.700928	0.423828	-0.327148	-28.977099	-22.801527	-40.404580	1.435107
-0.739746	0.504150	-0.346191	-36.442748	-25.496183	-47.549618	1.446725
-0.755859	0.539307	-0.363281	-36.488550	-29.549618	-54.786260	1.458375
-0.795166	0.592773	-0.375244	-34.030534	-31.335878	-55.755725	1.469926
-0.814941	0.602783	-0.405518	-28.465649	-27.809160	-53.076336	1.482024
-0.789307	0.550049	-0.376465	-23.801527	-21.473282	-43.595420	1.493119
-0.729004	0.543945	-0.352051	-25.244275	-13.885496	-30.083969	1.504862
-0.724609	0.632080	-0.354980	-31.061069	-15.244275	-11.618321	1.516366
-0.821533	0.769531	-0.361572	-27.091603	-15.893130	17.938931	1.527826
-0.895264	0.816895	-0.441650	-13.564885	-9.549618	41.572519	1.539508
-0.996582	0.828613	-0.540039	4.916031	2.709924	50.679389	1.551031
-1.047852	0.849609	-0.574951	25.129771	23.519084	59.183206	1.562750
-0.951172	0.712402	-0.463135	39.862595	43.404580	69.015267	1.574895
-0.800781	0.519043	-0.335205	52.045802	49.076336	60.931298	1.586497
-0.676025	0.356445	-0.236816	54.709924	44.526718	41.793893	1.597974
-0.581299	0.275391	-0.177490	45.961832	33.541985	18.137405	1.609480
-0.534424	0.250488	-0.151123	24.687023	19.442748	1.847328	1.621156
-0.561035	0.319092	-0.149170	2.022901	-2.564885	-15.572519	1.632833
-0.626465	0.357910	-0.218994	-15.251908	-19.816794	-29.679389	1.644487
-0.730713	0.403809	-0.306396	-25.893130	-28.519084	-43.022901	1.655467
-0.784912	0.499756	-0.362061	-33.213740	-29.603053	-51.419847	1.666608
-0.819824	0.593262	-0.368408	-36.977099	-27.572519	-51.824427	1.678452
-0.855713	0.641113	-0.384033	-33.045802	-25.045802	-46.977099	1.690060
-0.852539	0.606689	-0.404053	-26.946565	-19.305344	-37.610687	1.701945
-0.797852	0.537109	-0.374268	-23.648855	-10.877863	-26.435115	1.713157
-0.711670	0.517334	-0.316406	-23.236641	-6.282443	-16.137405	1.724819
-0.721191	0.624756	-0.324463	-23.900763	-7.511450	3.442748	1.736575
-0.783203	0.757568	-0.370117	-27.595420	-7.351145	33.694656	1.747790
-0.888184	0.862793	-0.441895	-20.022901	-3.839695	60.564885	1.759418
-0.963623	0.903320	-0.510742	-0.297710	11.961832	75.045802	1.770781
-0.996338	0.845703	-0.517822	20.595420	27.473282	84.687023	1.782611
-0.922363	0.700684	-0.460938	37.022901	45.190840	84.167939	1.794135
-0.777100	0.530518	-0.335693	44.145038	49.496183	73.404580	1.805394
-0.617676	0.372803	-0.225342	40.847328	40.610687	51.076336	1.817237
-0.521484	0.302734	-0.157227	32.351145	28.450382	26.664122	1.828611
-0.475586	0.296143	-0.126953	11.946565	9.786260	4.603053	1.840397
-0.514404	0.416504	-0.167236	-7.137405	-10.557252	-11.740458	1.851763
-0.657715	0.474854	-0.271484	-17.519084	-25.022901	-25.664122	1.863382
-0.759521	0.535400	-0.367920	-25.450382	-28.374046	-36.045802	1.875174
-0.788574	0.624268	-0.398682	-25.229008	-26.847328	-42.045802	1.886962
-0.805420	0.651367	-0.395508	-20.732824	-24.183206	-42.320611	1.898200
-0.808594	0.641602	-0.412598	-18.473282	-22.114504	-40.129771	1.909842
-0.807373	0.586426	-0.400146	-15.022901	-19.412214	-37.343511	1.921359
-0.757812	0.462646	-0.358643	-15.358779	-10.572519	-31.000000	1.932623
-0.654541	0.412598	-0.298828	-22.061069	-9.083969	-30.061069	1.943580
-0.632324	0.543701	-0.287598	-32.129771	-15.419847	-22.404580	1.954966
-0.735596	0.801758	-0.368652	-30.916031	-24.236641	-4.221374	1.966086
-0.880371	0.896240	-0.475342	-23.091603	-23.412214	22.587786	1.976728
-0.946045	0.874756	-0.526611	-6.496183	-9.595420	40.465649	1.988893
-0.994385	0.825684	-0.565186	14.870229	6.389313	41.908397	2.000399
-0.947998	0.735840	-0.528076	27.702290	24.213740	43.702290	2.012221
-0.837646	0.631348	-0.423584	32.091603	34.312977	40.847328	2.024045
-0.733154	0.502930	-0.318115	36.076336	32.274809	28.938931	2.036438
-0.658691	0.419678	-0.265625	33.106870	24.809160	13.007634	2.048421
-0.630859	0.394043	-0.264648	23.099237	15.244275	0.190840	2.059861
-0.639404	0.415039	-0.269043	7.061069	6.297710	-7.778626	2.071616
-0.670654	0.443359	-0.281494	-6.717557	-1.534351	-13.526718	2.083422
-0.715088	0.481689	-0.335205	-14.198473	-6.038168	-18.709924	2.095006
-0.752441	0.559082	-0.367676	-18.236641	-5.900763	-19.679389	2.106335
-0.766113	0.611328	-0.382568	-17.625954	-2.946565	-16.450382	2.118041
-0.746094	0.587891	-0.366455	-11.801527	1.297710	-10.854962	2.129612
-0.674805	0.462158	-0.313965	-11.137405	5.290076	-8.694656	2.141526
-0.586914	0.394043	-0.253418	-14.839695	3.679389	-9.511450	2.152975
-0.578125	0.421875	-0.211426	-22.473282	-4.664122	-9.992366	2.164466
-0.652100	0.593994	-0.253174	-25.832061	-14.679389	-3.610687	2.176079
-0.772217	0.713623	-0.349365	-25.190840	-16.404580	12.793893	2.188048
-0.783691	0.714600	-0.366211	-23.335878	-10.786260	29.786260	2.199416
-0.802734	0.742920	-0.374512	-14.984733	-7.984733	34.175573	2.211193
-0.879395	0.806152	-0.399170	-5.427481	-4.564885	38.938931	2.222443
-0.903564	0.832275	-0.401367	6.152672	0.053435	45.465649	2.233661
-0.900146	0.758789	-0.385742	19.740458	4.694656	45.190840	2.244637
-0.846924	0.651367	-0.361572	26.961832	7.656489	38.839695	2.256076
-0.783936	0.550537	-0.333740	27.854962	6.977099	28.175573	2.267074
-0.743408	0.510010	-0.320557	24.541985	2.931298	17.206107	2.277877
-0.719971	0.503174	-0.336670	20.236641	-2.625954	5.977099	2.289448
-0.739258	0.535400	-0.353027	14.824427	-7.816794	-1.603053	2.301034
-0.768799	0.543701	-0.400635	10.007634	-9.541985	-6.671756	2.312662
-0.788574	0.517334	-0.438721	8.541985	-5.786260	-13.534351	2.324166
-0.755859	0.523193	-0.441162	6.702290	1.076336	-19.786260	2.336773
-0.720459	0.549316	-0.401367	8.282443	4.938931	-25.702290	2.348398
-0.678711	0.507568	-0.363770	5.473282	6.938931	-28.503817	2.359669
-0.640137	0.458740	-0.311035	-3.549618	6.526718	-30.992366	2.370734
-0.590576	0.431641	-0.260010	-16.480916	2.183206	-31.450382	2.382020
-0.541748	0.351074	-0.228516	-32.091603	-5.419847	-30.343511	2.393505
-0.493164	0.368164	-0.203369	-45.122137	-15.916031	-34.030534	2.404994
-0.575195	0.640137	-0.273926	-59.320611	-29.641221	-25.099237	2.416768
-0.703369	0.882812	-0.339844	-61.496183	-36.358779	3.717557	2.428191
-0.790283	0.916504	-0.467773	-52.106870	-35.778626	30.977099	2.440201
-0.887207	0.958984	-0.528809	-34.297710	-25.564885	38.251908	2.451647
-0.976074	1.005127	-0.580811	-8.526718	-7.839695	41.870229	2.463114
-0.961670	0.922363	-0.560547	20.083969	13.480916	40.633588	2.474410
-0.838135	0.711182	-0.466064	29.442748	31.427481	39.129771	2.486341
-0.650391	0.574951	-0.313721	34.236641	34.259542	26.893130	2.498325
-0.571777	0.520020	-0.237549	34.312977	23.412214	11.847328	2.509772
-0.605957	0.538574	-0.296143	28.274809	10.809160	1.534351	2.521547
-0.667725	0.579346	-0.342285	23.374046	4.969466	-2.603053	2.533663
-0.682129	0.554443	-0.354248	16.778626	3.450382	-5.442748	2.545331
-0.669922	0.501465	-0.346191	12.916031	1.931298	-11.763359	2.556758
-0.657471	0.465820	-0.320801	9.984733	-2.007634	-21.000000	2.568143
-0.654785	0.458008	-0.312012	4.045802	-8.541985	-28.251908	2.579699
-0.667725	0.448730	-0.291992	-0.908397	-17.435115	-34.572519	2.591444
-0.703857	0.437988	-0.308838	-9.160305	-25.221374	-41.778626	2.603274
-0.746338	0.458984	-0.326660	-16.076336	-30.297710	-47.702290	2.614786
-0.770264	0.481445	-0.325195	-17.969466	-33.244275	-53.946565	2.626245
-0.801758	0.466064	-0.351074	-17.824427	-33.801527	-56.900763	2.638153
-0.803467	0.399658	-0.367432	-19.160305	-27.625954	-55.916031	2.649772
-0.761719	0.364990	-0.336182	-26.145038	-21.045802	-52.977099	2.661325
-0.741699	0.473389	-0.326660	-38.526718	-19.129771	-41.679389	2.672735
-0.826904	0.707520	-0.343018	-39.801527	-17.045802	-24.152672	2.684508
-0.960693	0.834473	-0.451416	-26.648855	-12.671756	6.954198	2.696289
-1.024902	0.863037	-0.511230	-11.809160	3.374046	32.404580	2.708523
-1.073730	0.898926	-0.533447	10.099237	23.709924	45.931298	2.720024
-1.033691	0.833252	-0.480957	31.465649	46.946565	56.755725	2.732293
-0.866455	0.644531	-0.314453	45.137405	62.358779	65.534351	2.744412
-0.696045	0.393555	-0.210938	46.938931	58.916031	55.335878	2.755992
-0.611084	0.277832	-0.161865	36.633588	49.106870	32.687023	2.767378
-0.566895	0.266113	-0.142822	19.076336	39.000000	10.038168	2.778779
-0.561279	0.301758	-0.144775	-1.946565	21.419847	-10.679389	2.790996
-0.615479	0.428711	-0.149902	-20.061069	6.236641	-25.312977	2.804046
-0.677002	0.419922	-0.225830	-34.267176	-8.465649	-43.748092	2.817771
-0.723633	0.492188	-0.253662	-47.717557	-11.877863	-59.396947	2.829253
-0.734863	0.629883	-0.245850	-56.541985	-18.549618	-62.656489	2.841153
-0.782471	0.706299	-0.285400	-56.022901	-24.511450	-58.351145	2.852650
-0.813232	0.723877	-0.338623	-46.412214	-24.870229	-54.671756	2.864202
-0.853027	0.706543	-0.367432	-32.938931	-20.900763	-50.488550	2.875949
-0.843506	0.682617	-0.347412	-18.770992	-13.541985	-41.824427	2.887591
-0.756592	0.530518	-0.307373	-12.259542	-6.954198	-30.595420	2.899056
-0.641602	0.532715	-0.215332	-16.954198	-8.351145	-22.511450	2.910514
-0.713135	0.724365	-0.270264	-16.297710	-16.519084	-6.839695	2.922088
-0.863281	0.878174	-0.411133	-10.229008	-17.610687	25.320611	2.933820
-0.959473	0.854736	-0.481445	2.992366	-5.969466	49.038168	2.945575
-0.951904	0.747803	-0.472168	19.053435	7.839695	58.091603	2.956879
-0.889893	0.638672	-0.390869	29.259542	23.022901	58.412214	2.968769
-0.771484	0.567627	-0.306396	29.679389	26.877863	55.015267	2.980132
-0.692383	0.498535	-0.238281	28.709924	20.908397	49.267176	2.991917
-0.644775	0.396484	-0.230713	23.687023	12.183206	37.068702	3.003248
-0.615479	0.329102	-0.224121	13.541985	1.610687	21.946565	3.015040
-0.606445	0.321289	-0.241455	-0.488550	-9.328244	2.183206	3.026727
-0.656982	0.418457	-0.267334	-8.832061	-19.129771	-13.412214	3.039060
-0.716553	0.419189	-0.320312	-13.152672	-24.625954	-24.969466	3.050565
-0.763184	0.470215	-0.336426	-16.076336	-25.755725	-35.755725	3.062186
-0.793457	0.547363	-0.357422	-17.419847	-25.519084	-37.694656	3.073503
-0.812256	0.593018	-0.365723	-12.717557	-23.526718	-37.519084	3.085242
-0.829102	0.607666	-0.371338	-7.503817	-20.213740	-31.877863	3.096758
-0.799072	0.541748	-0.374268	-2.290076	-12.900763	-22.580153	3.108302
-0.732666	0.464600	-0.316406	-2.114504	-6.587786	-14.992366	3.120375
-0.688965	0.460938	-0.272217	-4.053435	-7.954198	-9.137405	3.131902
-0.726562	0.534668	-0.311768	-4.511450	-12.580153	0.251908	3.143092
-0.812256	0.628174	-0.386963	-4.137405	-14.404580	15.297710	3.154061
-0.912842	0.721924	-0.444092	0.061069	-10.931298	29.366412	3.165223
-0.995850	0.732666	-0.496338	10.007634	-1.274809	38.839695	3.177605
-1.018066	0.667480	-0.527588	21.679389	14.114504	39.641221	3.189355
-0.939453	0.593994	-0.439209	27.015267	28.801527	36.572519	3.200872
-0.828857	0.506104	-0.345947	29.625954	33.099237	28.381679	3.212727
-0.737793	0.409424	-0.276855	27.038168	27.244275	15.618321	3.224432
-0.685791	0.364014	-0.245117	17.030534	16.534351	3.748092	3.236348
-0.689453	0.402344	-0.242676	5.000000	3.374046	-5.816794	3.247702
-0.750488	0.418701	-0.277832	-5.671756	-6.961832	-12.541985	3.259131
-0.794678	0.444336	-0.322510	-15.198473	-12.946565	-21.641221	3.270633
-0.828613	0.510010	-0.343262	-20.442748	-15.885496	-30.061069	3.282312
-0.854248	0.536865	-0.360596	-25.282443	-16.870229	-32.038168	3.293747
-0.875000	0.585693	-0.355713	-25.595420	-17.236641	-34.000000	3.305192
-0.861328	0.591064	-0.369873	-20.396947	-13.854962	-33.954198	3.315825
-0.867188	0.553223	-0.368652	-13.641221	-8.045802	-33.809160	3.326028
-0.816162	0.461182	-0.346924	-13.664122	-0.625954	-29.572519	3.336308
-0.690430	0.451660	-0.218994	-17.595420	2.305344	-25.503817	3.346648
-0.659180	0.549561	-0.190918	-17.687023	-5.893130	-19.053435	3.356873
-0.751221	0.666260	-0.268066	-13.091603	-12.816794	-5.664122	3.366930
-0.874512	0.696045	-0.406006	-5.442748	-6.885496	22.908397	3.382503
-0.880615	0.679199	-0.411621	2.893130	2.870229	32.610687	3.392802
-0.853027	0.669434	-0.367188	7.221374	8.595420	39.488550	3.402595
-0.835205	0.687744	-0.352783	12.236641	11.351145	43.198473	3.413256
-0.839844	0.689209	-0.353271	19.083969	13.717557	46.824427	3.423416
-0.831299	0.642822	-0.368896	24.053435	16.282443	46.770992	3.433960
-0.807617	0.562744	-0.391602	27.725191	19.480916	41.465649	3.444215
-0.767578	0.554199	-0.373779	25.541985	23.122137	34.809160	3.454300
-0.713379	0.539307	-0.315918	21.801527	22.748092	28.618321	3.464303
-0.665039	0.497803	-0.261475	16.465649	14.496183	20.587786	3.474382
-0.645752	0.465576	-0.238281	9.717557	2.496183	10.022901	3.484811
-0.663574	0.453613	-0.273926	-2.358779	-8.732824	-0.801527	3.495000
-0.734375	0.522461	-0.327881	-10.564885	-15.839695	-10.503817	3.504847
-0.810059	0.552979	-0.375244	-12.213740	-18.908397	-17.351145	3.514633
-0.831055	0.531250	-0.419922	-14.763359	-17.656489	-21.580153	3.524820
-0.836914	0.536621	-0.405029	-16.183206	-14.045802	-29.000000	3.535006
-0.831543	0.575439	-0.391113	-16.526718	-11.763359	-29.793893	3.544933
-0.837158	0.594238	-0.394775	-13.015267	-9.793893	-29.290076	3.555002
-0.845703	0.572510	-0.412109	-8.190840	-5.664122	-23.541985	3.564932
-0.841553	0.524414	-0.399170	-4.213740	-1.900763	-20.702290	3.575277
-0.798584	0.467773	-0.376953	-1.045802	5.480916	-19.427481	3.585391
-0.768311	0.384521	-0.333252	1.061069	9.603053	-18.961832	3.595170
-0.681641	0.278564	-0.303467	-2.198473	12.114504	-18.702290	3.605076
-0.554688	0.330566	-0.208496	-15.152672	6.312977	-16.717557	3.615384
-0.656738	0.609131	-0.243408	-15.679389	-6.786260	-8.625954	3.625555
-0.822266	0.738525	-0.425781	-9.335878	-8.366412	17.114504	3.635650
-0.884033	0.747314	-0.497070	-0.312977	5.320611	38.832061	3.645816
-0.896484	0.792480	-0.500244	12.946565	16.946565	51.816794	3.655753
-0.893066	0.787598	-0.476318	24.061069	29.862595	65.580153	3.665688
-0.847168	0.728027	-0.417236	32.679389	41.145038	76.839695	3.675865
-0.765137	0.594971	-0.338135	39.122137	44.045802	77.053435	3.686359
-0.690430	0.453613	-0.291992	45.984733	44.229008	66.511450	3.695975
-0.625000	0.340332	-0.240479	40.931298	38.183206	52.343511	3.706134
-0.538330	0.270020	-0.189209	27.816794	28.274809	35.320611	3.716101
-0.473389	0.261963	-0.116943	11.763359	15.595420	13.671756	3.726153
-0.486572	0.282471	-0.134033	-8.717557	-1.206107	-7.717557	3.736331
-0.558105	0.406494	-0.189941	-21.534351	-16.290076	-22.717557	3.745969
-0.649170	0.453369	-0.247559	-31.809160	-26.167939	-33.862595	3.756077
-0.699219	0.469971	-0.294434	-35.190840	-31.977099	-45.549618	3.766108
-0.741211	0.524170	-0.316895	-41.862595	-34.801527	-53.656489	3.776012
-0.774658	0.608887	-0.335449	-45.251908	-35.877863	-53.671756	3.786429
-0.817139	0.653564	-0.370117	-44.549618	-35.870229	-50.564885	3.796171
-0.821533	0.646729	-0.372070	-40.465649	-33.312977	-45.267176	3.806379
-0.827637	0.604004	-0.366211	-33.198473	-31.351145	-44.068702	3.816388
-0.808594	0.548828	-0.362305	-24.687023	-24.755725	-41.801527	3.826384
-0.753418	0.473877	-0.331543	-24.061069	-21.221374	-35.580153	3.836560
-0.676025	0.439941	-0.250244	-31.358779	-20.679389	-27.267176	3.846511
-0.656006	0.543457	-0.248535	-37.610687	-27.992366	-17.328244	3.856862
-0.773438	0.725098	-0.301758	-39.450382	-34.458015	1.809160	3.866842
-0.887695	0.809326	-0.409912	-34.076336	-32.160305	24.687023	3.876822
-0.969727	0.790527	-0.483643	-21.885496	-21.061069	42.282443	3.887092
-0.984375	0.727051	-0.510742	-9.961832	-4.793893	49.145038	3.896790
-0.976807	0.702393	-0.487061	2.809160	11.259542	46.992366	3.906837
-0.958008	0.668457	-0.449707	15.580153	25.267176	42.916031	3.916818
-0.900391	0.573730	-0.395996	20.648855	36.030534	37.465649	3.926969
-0.787842	0.487549	-0.309326	18.145038	40.923664	29.809160	3.937370
-0.702393	0.459961	-0.226074	11.534351	35.900763	18.755725	3.947170
-0.676270	0.431152	-0.206543	5.893130	25.961832	7.145038	3.957116
-0.685059	0.388428	-0.226807	-4.854962	19.511450	-5.709924	3.967220
-0.695068	0.481445	-0.230225	-19.167939	10.587786	-16.885496	3.977488
-0.756104	0.579346	-0.232666	-24.404580	2.152672	-23.519084	3.987887
-0.775635	0.558350	-0.280518	-29.007634	-2.984733	-28.045802	3.998114
-0.781250	0.552734	-0.296387	-31.977099	-5.687023	-34.656489	4.008187
-0.772705	0.626709	-0.291504	-34.717557	-7.862595	-37.259542	4.018817
-0.797363	0.694580	-0.301270	-32.862595	-10.633588	-34.030534	4.029073
-0.853271	0.719971	-0.339111	-28.465649	-10.603053	-26.458015	4.039796
-0.888916	0.702881	-0.376221	-25.671756	-5.511450	-19.740458	4.049536
-0.889893	0.676758	-0.394531	-20.190840	3.190840	-15.122137	4.059163
-0.870117	0.657715	-0.382080	-10.916031	10.435115	-12.625954	4.069665
-0.828125	0.598877	-0.355957	-3.938931	17.221374	-6.992366	4.079927
-0.743896	0.503174	-0.270508	0.969466	20.664122	-1.244275	4.090456
-0.649414	0.449951	-0.207764	3.618321	19.083969	-0.015267	4.100481
-0.617676	0.480469	-0.203125	-3.328244	13.099237	6.381679	4.110084
-0.672607	0.668457	-0.225098	-9.595420	4.839695	20.259542	4.120200
-0.768311	0.756836	-0.296143	-10.931298	-0.351145	39.091603	4.130060
-0.828613	0.741455	-0.373535	-7.923664	1.748092	57.198473	4.140319
-0.853760	0.711670	-0.380859	-1.511450	6.015267	64.702290	4.150184
-0.861328	0.686523	-0.370850	4.984733	10.167939	65.206107	4.159866
-0.842041	0.613525	-0.374268	15.045802	14.740458	56.167939	4.170111
-0.794922	0.506592	-0.354248	20.854962	18.129771	42.022901	4.180406
-0.731689	0.405762	-0.293701	20.114504	18.778626	26.229008	4.190532
-0.661133	0.327148	-0.252441	17.458015	13.893130	6.488550	4.200732
-0.624023	0.328125	-0.238037	7.045802	4.045802	-10.656489	4.210684
-0.638428	0.400391	-0.249023	-4.190840	-6.045802	-24.015267	4.220719
-0.676270	0.445312	-0.271484	-7.832061	-15.015267	-34.984733	4.230912
-0.715820	0.464600	-0.312500	-13.885496	-20.091603	-42.801527	4.241257
-0.748291	0.509766	-0.334961	-18.984733	-22.793893	-47.244275	4.251112
-0.786133	0.561523	-0.338135	-19.847328	-23.099237	-47.938931	4.261165
-0.803711	0.582764	-0.357910	-20.770992	-19.160305	-45.183206	4.270974
-0.810303	0.618408	-0.342773	-22.267176	-14.648855	-35.709924	4.281195
-0.800049	0.622559	-0.331055	-20.198473	-10.122137	-24.091603	4.291427
-0.774170	0.597168	-0.312988	-16.061069	-5.534351	-12.862595	4.301434
-0.728516	0.557129	-0.295410	-15.091603	-3.351145	-3.381679	4.311156
-0.711426	0.549072	-0.274658	-16.236641	-3.503817	6.083969	4.320966
-0.713379	0.604736	-0.276611	-15.923664	-4.450382	16.274809	4.330994
-0.739014	0.711914	-0.292480	-15.885496	-5.625954	34.396947	4.341326
-0.791504	0.750488	-0.322510	-13.167939	-4.816794	50.534351	4.351426
-0.845459	0.719238	-0.350830	-9.145038	-4.160305	62.061069	4.361256
-0.876465	0.659912	-0.360596	3.480916	-3.000000	57.473282	4.371379
-0.912109	0.632080	-0.399414	11.458015	3.473282	48.129771	4.381556
-0.887207	0.602539	-0.382324	15.267176	13.068702	37.183206	4.391644
-0.789307	0.541748	-0.309814	15.282443	21.145038	25.847328	4.401534
-0.702637	0.430664	-0.254395	15.244275	21.267176	12.396947	4.411354
-0.659912	0.380371	-0.239014	7.412214	17.786260	-4.519084	4.421257
-0.657227	0.386230	-0.229248	-7.290076	11.015267	-16.419847	4.431672
-0.692139	0.416504	-0.274170	-17.572519	7.664122	-31.687023	4.441556
-0.725098	0.483643	-0.282227	-26.770992	8.419847	-43.770992	4.451576
-0.719238	0.557861	-0.274170	-27.526718	7.465649	-53.671756	4.461548
-0.743408	0.625977	-0.255859	-27.488550	3.625954	-56.305344	4.471702
-0.769287	0.654053	-0.288086	-27.916031	1.458015	-54.419847	4.481851
-0.794922	0.667969	-0.304443	-26.572519	2.320611	-48.748092	4.491954
-0.787842	0.655029	-0.298584	-26.496183	3.877863	-41.335878	4.502012
-0.764160	0.656006	-0.280518	-27.305344	3.351145	-31.091603	4.511798
-0.733887	0.623535	-0.268799	-20.770992	4.259542	-23.709924	4.521627
-0.687988	0.588135	-0.268066	-19.320611	2.870229	-12.664122	4.532047
-0.674561	0.595703	-0.253906	-15.770992	0.122137	-6.580153	4.542105
-0.712891	0.633057	-0.296875	-11.870229	-2.648855	4.282443	4.552137
-0.755615	0.703369	-0.340820	-10.183206	-0.954198	18.755725	4.562104
-0.779785	0.780762	-0.356934	-7.977099	0.648855	35.625954	4.572805
-0.851807	0.792725	-0.359863	3.290076	0.694656	46.290076	4.582929
-0.904053	0.733154	-0.418457	14.251908	6.908397	51.610687	4.593381
-0.898193	0.616455	-0.428223	22.282443	15.778626	50.435115	4.603165
-0.835205	0.531250	-0.378174	26.702290	24.587786	43.297710	4.613148
-0.769287	0.465088	-0.333740	28.244275	26.541985	35.099237	4.623443
-0.707275	0.445312	-0.252686	23.465649	25.351145	21.877863	4.634050
-0.650391	0.415771	-0.219238	18.358779	16.473282	9.961832	4.644566
-0.651855	0.402100	-0.231445	9.488550	6.893130	-1.480916	4.654612
-0.672607	0.432129	-0.253418	1.908397	-2.877863	-9.221374	4.664458
-0.727783	0.478027	-0.298096	-6.778626	-9.282443	-13.770992	4.674822
-0.749756	0.493408	-0.310303	-12.183206	-11.587786	-22.961832	4.685073
-0.774414	0.539551	-0.322266	-13.106870	-14.503817	-24.396947	4.695121
-0.801758	0.542480	-0.327881	-13.572519	-16.335878	-26.770992	4.705359
-0.815430	0.544678	-0.332275	-17.274809	-17.007634	-26.458015	4.715399
-0.838623	0.572754	-0.337402	-19.343511	-16.832061	-27.748092	4.725542
-0.860840	0.589355	-0.348389	-18.809160	-15.236641	-26.717557	4.735700
-0.855225	0.557373	-0.335205	-20.603053	-11.954198	-25.687023	4.745790
-0.821533	0.523193	-0.325439	-22.931298	-9.351145	-24.702290	4.755920
-0.781006	0.548340	-0.283203	-23.832061	-7.770992	-24.595420	4.765791
-0.759521	0.574707	-0.288086	-24.862595	-10.030534	-18.091603	4.775947
-0.771973	0.625732	-0.277588	-29.557252	-10.977099	-9.625954	4.785973
-0.819092	0.744629	-0.288574	-30.603053	-12.473282	4.045802	4.796137
-0.883301	0.804932	-0.368896	-20.519084	-9.381679	21.190840	4.809878
-0.953125	0.768066	-0.428955	-13.038168	2.213740	30.717557	4.819967
-0.957764	0.779785	-0.432373	-7.839695	14.702290	35.366412	4.830121
-0.953369	0.730957	-0.425781	4.458015	28.534351	34.679389	4.840409
-0.875244	0.642090	-0.373047	10.770992	42.030534	32.534351	4.850289
-0.741699	0.591064	-0.259766	15.687023	47.137405	29.847328	4.860291
-0.648438	0.536865	-0.192627	14.580153	41.778626	27.480916	4.870057
-0.643311	0.483643	-0.178223	11.083969	30.221374	23.396947	4.880154
-0.662598	0.485107	-0.217773	4.198473	22.511450	13.221374	4.890588
-0.675781	0.497314	-0.232666	-3.007634	13.404580	7.244275	4.900460
-0.695312	0.517090	-0.263672	2.328244	13.320611	-2.580153	4.910616
-0.701660	0.502686	-0.275879	-0.793893	10.610687	-8.496183	4.920528
-0.703613	0.512695	-0.295166	-2.778626	9.236641	-15.366412	4.930207
-0.701172	0.546143	-0.273438	-0.587786	8.633588	-21.832061	4.940672
-0.714600	0.461426	-0.293945	8.748092	4.603053	-32.229008	4.950723
-0.739014	0.416016	-0.324463	2.977099	7.206107	-43.106870	4.960825
-0.690674	0.439453	-0.269531	0.908397	7.946565	-52.061069	4.970521
-0.653564	0.429199	-0.242432	-0.725191	1.992366	-57.854962	4.980294
-0.658936	0.448975	-0.229004	-5.007634	-6.404580	-61.839695	4.990757
-0.683350	0.478271	-0.243408	-10.916031	-16.427481	-60.312977	5.000707
-0.743896	0.497314	-0.278564	-15.213740	-24.259542	-55.374046	5.010677
-0.791016	0.500000	-0.311523	-18.343511	-26.091603	-53.015267	5.020487
-0.816895	0.506348	-0.324951	-18.412214	-22.404580	-50.343511	5.030611
-0.792236	0.482910	-0.310791	-17.519084	-17.320611	-46.603053	5.040789
-0.738281	0.451904	-0.284424	-15.267176	-14.198473	-39.396947	5.051163
-0.724121	0.531006	-0.281494	-20.648855	-15.465649	-28.885496	5.061299
-0.787354	0.656738	-0.314941	-22.236641	-17.748092	-11.145038	5.070827
-0.871094	0.767334	-0.361816	-15.122137	-14.885496	8.335878	5.080787
-0.912598	0.778320	-0.429199	-5.106870	-8.038168	27.648855	5.091135
-0.947510	0.739990	-0.427490	7.465649	1.053435	38.206107	5.101192
-0.989502	0.678223	-0.471680	18.381679	10.923664	42.496183	5.111164
-1.005127	0.581055	-0.494629	25.198473	24.053435	45.106870	5.121181
-0.937988	0.518799	-0.410400	28.259542	35.595420	42.412214	5.131456
-0.802246	0.460693	-0.285889	34.549618	45.358779	25.946565	5.141263
-0.677002	0.369385	-0.203857	32.251908	36.969466	17.335878	5.151255
-0.616699	0.303223	-0.171143	23.198473	22.000000	6.801527	5.161168
-0.617432	0.319336	-0.176514	8.557252	7.221374	-6.145038	5.171304
-0.670654	0.399170	-0.223145	-3.267176	-5.122137	-16.290076	5.181498
-0.749512	0.450928	-0.280762	-8.488550	-12.137405	-26.511450	5.191550
-0.801025	0.481689	-0.333252	-13.282443	-15.412214	-30.412214	5.201945
-0.819336	0.539551	-0.339600	-13.908397	-16.694656	-31.374046	5.211987
-0.868896	0.570068	-0.374512	-14.778626	-14.931298	-32.832061	5.222298
-0.913330	0.622559	-0.401855	-15.053435	-10.297710	-30.671756	5.232411
-0.903564	0.630127	-0.398682	-12.534351	-4.770992	-24.992366	5.242675
-0.888916	0.612549	-0.379150	-7.351145	2.763359	-22.801527	5.253239
-0.822266	0.553711	-0.345215	-3.694656	7.442748	-18.145038	5.263095
-0.765381	0.470459	-0.328613	-0.984733	9.206107	-12.465649	5.272978
-0.699219	0.465332	-0.301758	-4.625954	9.389313	-4.351145	5.283228
-0.701660	0.591064	-0.269531	-7.709924	1.465649	4.190840	5.293350
-0.818604	0.744385	-0.367188	-0.832061	-3.251908	18.793893	5.303639
-0.952637	0.712402	-0.528564	7.297710	2.366412	35.839695	5.313816
-1.020752	0.692871	-0.588623	11.938931	17.427481	45.916031	5.324715
-1.075195	0.749268	-0.578125	17.000000	34.282443	53.717557	5.334982
-1.044678	0.678223	-0.553223	31.870229	50.511450	54.290076	5.345216
-0.972656	0.531982	-0.519287	45.244275	63.190840	44.282443	5.355180
-0.871094	0.446777	-0.442139	52.717557	71.763359	31.427481	5.365246
-0.729492	0.342529	-0.340088	56.664122	69.030534	18.335878	5.375025
-0.610352	0.296143	-0.255859	45.038168	49.427481	6.816794	5.385130
-0.556396	0.299072	-0.204590	32.541985	41.786260	-10.847328	5.395517
-0.588623	0.300537	-0.227051	15.641221	23.519084	-22.511450	5.405587
-0.638428	0.286377	-0.270020	-1.549618	8.694656	-34.862595	5.415811
-0.670654	0.302979	-0.308350	-21.702290	-1.053435	-45.740458	5.425903
-0.696045	0.388428	-0.332031	-37.679389	-8.442748	-50.931298	5.436222
-0.775391	0.446533	-0.379883	-48.236641	-11.076336	-55.633588	5.446246
-0.859863	0.536133	-0.478516	-53.396947	-3.152672	-55.236641	5.456554
-0.880371	0.556641	-0.492920	-48.099237	7.946565	-52.274809	5.466853
-0.873291	0.535889	-0.495361	-42.862595	25.603053	-48.946565	5.476940
-0.853516	0.574951	-0.473145	-43.396947	46.358779	-39.122137	5.487066
-0.763916	0.617432	-0.382568	-32.709924	58.076336	-27.458015	5.497302
-0.771729	0.663086	-0.367432	-31.000000	60.938931	-7.938931	5.507225
-0.821289	0.755371	-0.396729	-24.832061	67.541985	6.412214	5.517383
-0.889893	0.804443	-0.474365	-10.030534	67.282443	23.893130	5.527536
-0.994141	0.762939	-0.631592	11.526718	74.977099	36.763359	5.537515
-1.018066	0.683350	-0.648438	32.099237	91.007634	43.679389	5.547730
-0.927979	0.640137	-0.543945	49.969466	104.496183	48.816794	5.557986
-0.778076	0.511230	-0.423096	61.938931	105.648855	50.206107	5.568198
-0.671387	0.391846	-0.350830	63.984733	96.740458	47.137405	5.578142
-0.605957	0.304688	-0.347900	60.267176	83.473282	35.511450	5.588330
-0.588135	0.279785	-0.348633	51.503817	67.458015	21.053435	5.598516
-0.586670	0.318115	-0.380859	37.709924	51.862595	11.320611	5.608664
-0.607666	0.359863	-0.421875	26.877863	39.893130	3.122137	5.618554
-0.616699	0.366211	-0.453125	16.801527	28.129771	-1.854962	5.628850
-0.606201	0.352051	-0.481201	7.702290	21.870229	-8.587786	5.638905
-0.588379	0.333984	-0.475586	-3.244275	10.709924	-14.816794	5.649171
-0.564209	0.333740	-0.472412	-11.137405	-7.755725	-21.190840	5.659448
-0.579590	0.381348	-0.457031	-17.312977	-26.213740	-27.053435	5.669535
-0.620117	0.397461	-0.484863	-20.984733	-39.587786	-31.755725	5.679572
-0.654053	0.385742	-0.498047	-33.938931	-47.175573	-34.671756	5.689284
-0.657471	0.443359	-0.468750	-37.244275	-56.175573	-32.824427	5.699461
-0.631592	0.416748	-0.402100	-34.534351	-69.854962	-33.778626	5.709638
-0.586426	0.378174	-0.384766	-28.519084	-84.068702	-32.496183	5.719794
-0.592529	0.409668	-0.386230	-29.625954	-92.549618	-33.755725	5.729709
-0.694824	0.518066	-0.427002	-38.748092	-106.946565	-24.503817	5.739706
-0.867188	0.666504	-0.545898	-34.053435	-101.358779	-10.106870	5.749975
-1.016357	0.667236	-0.725586	-22.557252	-77.946565	5.687023	5.760089
-1.041016	0.652832	-0.778809	-18.351145	-44.656489	21.045802	5.770526
-0.981689	0.656494	-0.691895	-15.152672	-23.198473	32.778626	5.780625
-0.937256	0.655518	-0.624268	-3.007634	-9.183206	37.229008	5.790665
-0.896729	0.606445	-0.577881	11.664122	2.343511	35.961832	5.801023
-0.830322	0.437256	-0.539062	20.824427	10.595420	30.229008	5.811106
-0.744629	0.378906	-0.466797	19.908397	13.923664	21.366412	5.821148
-0.665771	0.363037	-0.386475	16.053435	10.618321	11.412214	5.831780
-0.633301	0.358398	-0.355469	10.229008	1.709924	1.152672	5.841873
-0.656494	0.368164	-0.369629	3.954198	-7.435115	-9.442748	5.852076
-0.693848	0.407227	-0.417480	-3.618321	-15.053435	-16.381679	5.862454
-0.750244	0.478027	-0.461182	-5.938931	-19.389313	-19.931298	5.872652
-0.796143	0.517334	-0.507812	-6.992366	-19.977099	-17.946565	5.882891
-0.816895	0.554688	-0.520508	-5.229008	-17.870229	-13.129771	5.892861
-0.826172	0.557373	-0.521484	-1.221374	-13.076336	-6.549618	5.903208
-0.780518	0.510498	-0.489746	1.190840	-8.732824	1.633588	5.913339
-0.741211	0.479980	-0.463379	1.389313	-6.549618	7.954198	5.923356
-0.741211	0.495605	-0.469971	1.099237	-6.083969	15.045802	5.933521
-0.796387	0.519043	-0.521240	3.633588	-4.923664	20.511450	5.943606
-0.856689	0.534424	-0.564941	4.106870	-1.045802	29.587786	5.953878
-0.860596	0.507812	-0.568848	4.625954	4.984733	38.816794	5.964181
-0.809814	0.412842	-0.514404	5.213740	8.633588	41.977099	5.974050
-0.743408	0.303467	-0.440918	-3.610687	7.435115	39.549618	5.984469
-0.675537	0.240234	-0.389893	-15.374046	1.053435	31.465649	5.994314
-0.635742	0.236328	-0.340088	-27.740458	-6.969466	16.183206	6.004673
-0.645508	0.279541	-0.371338	-38.244275	-14.267176	1.770992	6.014811
-0.727539	0.395264	-0.457031	-44.709924	-16.099237	-15.152672	6.025159
-0.801758	0.528320	-0.521240	-40.793893	-12.267176	-25.625954	6.035441
-0.862549	0.681152	-0.563721	-30.358779	-3.977099	-28.488550	6.045738
-0.867920	0.822754	-0.548584	-14.419847	4.946565	-22.534351	6.055761
-0.880371	0.921631	-0.523193	4.694656	13.725191	-9.916031	6.065771
-0.844971	0.967041	-0.485107	24.549618	21.190840	11.114504	6.075884
-0.811768	0.978760	-0.436768	47.870229	24.320611	33.320611	6.086608
-0.831299	0.951904	-0.450195	65.786260	24.671756	50.992366	6.096559
-0.857910	0.975098	-0.453125	75.770992	31.893130	75.839695	6.106859
-0.851807	0.730713	-0.437256	92.625954	33.145038	93.000000	6.117087
-0.786621	0.486816	-0.427002	103.106870	35.259542	87.641221	6.127119
-0.750732	0.311768	-0.420898	102.335878	26.564885	79.442748	6.137506
-0.674316	0.141846	-0.416748	102.893130	23.351145	61.358779	6.147603
-0.628174	-0.022217	-0.429199	85.213740	9.732824	42.511450	6.157731
-0.554199	-0.120850	-0.352295	57.877863	-0.793893	15.770992	6.167660
-0.493652	-0.145020	-0.360107	27.167939	-13.129771	-22.610687	6.177686
-0.564209	0.023926	-0.416504	-13.053435	-23.511450	-54.389313	6.188171
-0.645020	0.204834	-0.425049	-41.770992	-29.603053	-67.946565	6.198375
-0.656006	0.305420	-0.431152	-65.519084	-37.977099	-69.312977	6.208831
-0.678711	0.354736	-0.429932	-76.030534	-46.320611	-71.687023	6.219147
-0.703125	0.375244	-0.411377	-84.374046	-53.748092	-79.641221	6.229268
-0.702881	0.481934	-0.373779	-91.793893	-57.732824	-84.580153	6.239659
-0.676025	0.595459	-0.328613	-88.061069	-67.396947	-84.183206	6.249847
-0.698242	0.713623	-0.313965	-75.618321	-82.671756	-77.122137	6.259898
-0.763428	0.765137	-0.389893	-58.549618	-89.793893	-62.251908	6.270083
-0.857910	0.821777	-0.482178	-42.534351	-83.801527	-39.511450	6.280368
-0.913574	0.917969	-0.501709	-33.587786	-63.190840	-6.992366	6.290619
-0.947266	0.937500	-0.498779	-14.748092	-48.961832	21.061069	6.300633
-0.976318	0.985107	-0.495117	-1.106870	-34.000000	42.648855	6.310748
-1.014160	1.028809	-0.463623	18.488550	-22.175573	69.580153	6.320849
-1.051270	0.821045	-0.523682	53.954198	-10.816794	83.259542	6.330934
-1.105225	0.446777	-0.697266	82.022901	6.664122	79.709924	6.341613
-1.060791	0.195068	-0.706543	85.221374	32.541985	56.664122	6.351619
-0.918701	0.071045	-0.608154	81.450382	47.717557	26.954198	6.361615
-0.771240	0.147217	-0.454834	60.801527	53.946565	1.488550	6.371950
-0.677246	0.207764	-0.333740	51.824427	48.351145	-16.725191	6.382146
-0.633789	0.200928	-0.319824	31.458015	34.809160	-28.725191	6.392621
-0.649902	0.208008	-0.323242	11.404580	22.969466	-41.396947	6.402445
-0.678711	0.254639	-0.338867	-8.320611	11.793893	-50.396947	6.412997
-0.718506	0.288574	-0.354248	-20.068702	1.816794	-56.381679	6.423322
-0.751465	0.284912	-0.380371	-33.625954	-4.908397	-59.519084	6.433293
-0.748535	0.357910	-0.373779	-49.312977	-10.015267	-59.938931	6.442824
-0.751709	0.454590	-0.371582	-56.480916	-15.931298	-58.274809	6.452695
-0.787842	0.546143	-0.427002	-54.122137	-18.656489	-52.450382	6.462858
-0.810059	0.622803	-0.458252	-47.541985	-18.465649	-38.358779	6.474308
-0.832520	0.626465	-0.458740	-38.572519	-18.412214	-20.725191	6.484471
-0.835205	0.643799	-0.453613	-33.938931	-16.458015	-1.519084	6.494663
-0.824463	0.643799	-0.407227	-28.236641	-13.488550	15.038168	6.504657
-0.817871	0.670654	-0.384766	-19.732824	-11.404580	27.328244	6.514587
-0.856689	0.711914	-0.382080	-12.007634	-11.229008	40.167939	6.524662
-0.896729	0.724609	-0.395508	-4.465649	-8.992366	54.809160	6.535042
-0.884521	0.696289	-0.387451	6.679389	-4.740458	63.938931	6.545172
-0.876709	0.644775	-0.360352	18.770992	-0.671756	67.114504	6.555414
-0.853271	0.563965	-0.375000	28.969466	1.572519	67.404580	6.565519
-0.802002	0.469238	-0.365479	36.603053	3.175573	63.366412	6.575580
-0.776367	0.355957	-0.373535	40.091603	0.251908	52.946565	6.586328
-0.749023	0.270264	-0.386719	36.511450	1.122137	38.374046	6.596610
-0.729248	0.262695	-0.377686	27.358779	0.549618	23.770992	6.606192
-0.715088	0.293213	-0.352783	16.809160	-3.091603	11.351145	6.616686
-0.702393	0.331787	-0.356934	9.503817	-6.740458	2.152672	6.626595
-0.705566	0.346680	-0.355957	2.610687	-12.267176	-4.137405	6.636961
-0.725830	0.351074	-0.375732	-3.145038	-17.038168	-10.106870	6.647063
-0.750000	0.365479	-0.396240	-8.259542	-19.419847	-14.389313	6.657084
-0.760742	0.409180	-0.409424	-11.671756	-21.267176	-16.374046	6.667224
-0.775391	0.450928	-0.422607	-12.007634	-22.190840	-17.106870	6.677305
-0.791260	0.445801	-0.420898	-10.763359	-22.076336	-17.366412	6.687428
-0.802979	0.438232	-0.424316	-10.656489	-22.198473	-18.106870	6.697429
-0.806396	0.427002	-0.416260	-12.221374	-23.648855	-18.152672	6.707471
-0.813721	0.429688	-0.425781	-12.427481	-22.175573	-19.068702	6.717534
-0.805908	0.441895	-0.429932	-13.129771	-21.152672	-16.564885	6.727829
-0.811523	0.448975	-0.447510	-14.259542	-18.099237	-14.137405	6.738181
-0.806641	0.435059	-0.441650	-15.358779	-13.160305	-9.954198	6.748281
-0.799805	0.415283	-0.436768	-15.404580	-8.526718	-7.297710	6.758610
-0.781982	0.392822	-0.417725	-17.671756	-5.633588	-5.244275	6.768392
-0.758545	0.383545	-0.412354	-23.748092	-5.312977	-3.801527	6.778289
-0.788818	0.448486	-0.430664	-28.320611	-5.145038	-2.213740	6.788653
-0.840576	0.526367	-0.465332	-30.396947	-1.175573	3.282443	6.798919
-0.864746	0.580322	-0.468506	-25.931298	4.580153	13.435115	6.811325
-0.870605	0.549072	-0.476807	-18.442748	11.312977	20.763359	6.821611
-0.820312	0.499756	-0.432373	-11.770992	16.458015	22.862595	6.831732
-0.782959	0.450684	-0.421143	-8.068702	14.236641	20.778626	6.841960
-0.770264	0.426270	-0.434082	-9.755725	12.732824	17.343511	6.852079
-0.776611	0.454590	-0.414062	-10.503817	10.870229	13.732824	6.862314
-0.785156	0.494873	-0.425049	-11.015267	9.198473	12.343511	6.872120
-0.803467	0.528564	-0.435303	-9.290076	9.022901	13.129771	6.882175
-0.793457	0.517334	-0.431885	-5.213740	9.603053	13.977099	6.892545
-0.778320	0.486816	-0.429443	-4.580153	10.045802	13.366412	6.902439
-0.749023	0.446533	-0.401855	-7.648855	9.488550	10.221374	6.912504
-0.727539	0.431885	-0.370361	-11.793893	6.541985	4.862595	6.922359
-0.711182	0.449463	-0.337158	-21.427481	0.419847	-0.465649	6.933067
-0.713135	0.477539	-0.337402	-27.183206	-3.938931	-4.694656	6.942940
-0.725586	0.509033	-0.351318	-32.412214	-11.541985	-6.595420	6.953103
-0.742188	0.535889	-0.325928	-36.793893	-15.496183	-7.900763	6.963373
-0.755127	0.556396	-0.329590	-39.832061	-19.335878	-8.458015	6.973626
-0.779541	0.572510	-0.325928	-41.312977	-23.091603	-9.496183	6.983593
-0.794434	0.596924	-0.341797	-41.175573	-25.351145	-10.610687	6.993981
-0.819580	0.603027	-0.337891	-39.496183	-26.129771	-11.267176	7.003933
-0.844238	0.618896	-0.333740	-37.038168	-27.671756	-11.038168	7.014579
-0.871338	0.627686	-0.354980	-32.305344	-27.129771	-11.793893	7.024645
-0.894775	0.632080	-0.366455	-25.656489	-24.129771	-12.030534	7.034703
-0.897461	0.623535	-0.376465	-18.687023	-19.984733	-11.473282	7.045205
-0.890625	0.599854	-0.366211	-12.541985	-14.923664	-10.274809	7.055350
-0.878418	0.571045	-0.356201	-6.877863	-10.534351	-9.030534	7.065488
-0.849854	0.533936	-0.339844	-3.992366	-7.511450	-6.145038	7.075769
-0.835205	0.528076	-0.330322	-3.282443	-3.870229	-6.061069	7.086419
-0.818848	0.508057	-0.309326	-7.015267	-1.595420	-1.526718	7.096604
-0.797607	0.509521	-0.295166	-7.045802	-0.152672	0.053435	7.106310
-0.802002	0.506836	-0.287598	-7.671756	1.557252	1.732824	7.116151
-0.795898	0.530762	-0.283691	-8.335878	2.725191	4.931298	7.126807
-0.785889	0.521484	-0.268555	-7.809160	1.847328	5.954198	7.136829
-0.785156	0.530273	-0.288086	-7.610687	1.099237	7.893130	7.147030
-0.798828	0.525391	-0.281494	-8.480916	1.465649	9.251908	7.157128
-0.794678	0.518555	-0.281250	-8.694656	2.229008	10.450382	7.167336
-0.770020	0.502930	-0.262207	-8.778626	2.870229	10.167939	7.177500
-0.766602	0.503906	-0.259766	-7.702290	0.000000	7.832061	7.187715
-0.766846	0.508301	-0.270264	-6.557252	2.122137	7.610687	7.198045
-0.748291	0.497070	-0.252197	-6.656489	1.435115	7.511450	7.208008
-0.734131	0.484375	-0.249512	-6.725191	-0.961832	6.190840	7.218211
-0.745117	0.496338	-0.256348	-7.770992	-3.694656	5.763359	7.227988
-0.783936	0.520752	-0.282471	-8.770992	-5.198473	6.061069	7.238627
-0.787598	0.529785	-0.295654	-8.977099	-4.038168	7.541985	7.248769
-0.769531	0.522949	-0.283203	-8.458015	-2.816794	8.687023	7.258870
-0.784668	0.528809	-0.292969	-6.923664	-2.580153	8.351145	7.269004
-0.798340	0.535400	-0.298828	-5.816794	-1.931298	9.427481	7.279048
-0.806885	0.531250	-0.309570	-3.427481	-0.526718	8.503817	7.289067
-0.802490	0.516846	-0.306152	-1.748092	1.015267	7.496183	7.299250
-0.811035	0.512207	-0.303223	-0.389313	2.053435	6.396947	7.309504
-0.782715	0.498291	-0.293457	-0.030534	2.496183	5.282443	7.319666
-0.771240	0.485840	-0.295654	-0.595420	1.870229	3.824427	7.329552
-0.779053	0.494141	-0.295410	-0.519084	0.671756	3.229008	7.339885
-0.779053	0.491455	-0.293213	-0.969466	-0.564885	3.702290	7.349529
-0.782227	0.483398	-0.292236	-2.419847	-1.320611	3.877863	7.359123
-0.785400	0.479736	-0.287598	-4.610687	-2.770992	4.877863	7.369092
-0.791748	0.479736	-0.282715	-8.282443	-4.893130	6.381679	7.379395
-0.817383	0.486084	-0.285400	-10.946565	-7.870229	6.465649	7.389850
-0.821777	0.488770	-0.287598	-13.473282	-9.358779	6.083969	7.399894
-0.841064	0.507324	-0.312988	-15.534351	-9.572519	5.450382	7.410053
-0.855469	0.506836	-0.316650	-16.885496	-8.511450	5.358779	7.420095
-0.859863	0.504883	-0.311768	-17.900763	-6.694656	4.748092	7.430013
-0.870117	0.522949	-0.315674	-19.610687	-4.229008	5.000000	7.440561
-0.880615	0.545898	-0.325439	-20.290076	-1.870229	6.564885	7.450811
-0.887939	0.573242	-0.332275	-19.343511	1.282443	7.755725	7.461003
-0.880615	0.621826	-0.345703	-14.801527	5.633588	8.801527	7.471274
-0.868164	0.627441	-0.347168	-8.045802	10.946565	10.053435	7.481153
-0.834961	0.615723	-0.342529	-2.106870	16.564885	9.900763	7.491572
-0.804932	0.593994	-0.309570	0.908397	20.328244	10.137405	7.501828
-0.754395	0.572021	-0.265137	1.038168	21.183206	10.465649	7.511953
-0.712646	0.560303	-0.235352	-2.229008	18.992366	10.702290	7.521903
-0.699219	0.573486	-0.209229	-4.549618	13.862595	10.587786	7.531943
-0.696289	0.574219	-0.224609	-7.404580	9.106870	10.114504	7.542543
-0.691650	0.588623	-0.224609	-10.007634	7.770992	9.297710	7.552745
-0.683105	0.612061	-0.226074	-10.816794	3.893130	8.473282	7.562992
-0.683350	0.623535	-0.224121	-11.832061	-2.381679	8.290076	7.573343
-0.693848	0.642334	-0.249756	-10.656489	-5.908397	7.297710	7.583403
-0.710205	0.651855	-0.268799	-8.213740	-8.274809	6.641221	7.593664
-0.719238	0.655518	-0.271240	-4.969466	-10.007634	5.404580	7.603610
-0.728760	0.656982	-0.271484	-2.374046	-12.091603	4.938931	7.613779
-0.734619	0.643799	-0.296631	1.427481	-14.099237	3.633588	7.623914
-0.747559	0.645020	-0.306152	3.534351	-16.229008	3.083969	7.634165
-0.772705	0.632812	-0.333984	6.564885	-16.832061	2.267176	7.644520
-0.800049	0.616455	-0.352051	8.480916	-14.603053	1.702290	7.654638
-0.790039	0.612549	-0.348389	10.396947	-13.328244	2.114504	7.664975
-0.790771	0.603760	-0.354980	12.259542	-12.671756	1.885496	7.674951
-0.815430	0.585938	-0.388916	14.473282	-11.251908	2.290076	7.685481
-0.824707	0.576172	-0.404785	14.679389	-7.488550	2.793893	7.695521
-0.812744	0.569580	-0.394531	15.847328	-3.778626	3.358779	7.705794
-0.810303	0.559570	-0.398438	18.480916	-1.251908	3.083969	7.716198
-0.808594	0.560791	-0.406006	19.816794	1.236641	4.366412	7.726310
-0.803467	0.525879	-0.395508	20.595420	3.366412	4.992366	7.736515
-0.790283	0.510986	-0.396973	18.534351	4.748092	5.198473	7.746920
-0.790771	0.510986	-0.383789	15.458015	4.236641	6.183206	7.756960
-0.796875	0.514404	-0.382812	14.152672	3.221374	6.519084	7.767321
-0.795410	0.494141	-0.394775	12.007634	2.503817	6.473282	7.777517
-0.811279	0.470459	-0.404297	9.099237	3.320611	5.557252	7.787698
-0.815918	0.486572	-0.402832	5.900763	4.816794	5.099237	7.797965
-0.813721	0.478027	-0.401611	3.534351	5.931298	4.480916	7.808199
-0.795654	0.471191	-0.385254	0.709924	6.061069	2.908397	7.818400
-0.802979	0.475586	-0.385254	-1.740458	6.045802	0.465649	7.828453
-0.806641	0.491943	-0.385742	-3.778626	5.984733	-0.465649	7.838483
-0.814697	0.496582	-0.385254	-5.175573	6.709924	-1.137405	7.848600
-0.782715	0.490234	-0.369629	-6.236641	7.045802	-2.213740	7.858933
-0.781982	0.496582	-0.353760	-7.305344	6.938931	-3.877863	7.869132
-0.779541	0.494873	-0.350342	-8.305344	6.778626	-5.763359	7.879308
-0.781250	0.510986	-0.351074	-8.862595	6.450382	-6.877863	7.889423
-0.776123	0.522705	-0.344971	-10.442748	6.755725	-7.000000	7.899476
-0.775879	0.531738	-0.334961	-10.473282	6.984733	-6.183206	7.909602
-0.773682	0.534424	-0.333252	-9.389313	7.053435	-5.488550	7.919775
-0.768311	0.538818	-0.325684	-7.770992	7.251908	-6.221374	7.930009
-0.760498	0.534180	-0.325439	-5.534351	7.320611	-6.717557	7.940182
-0.757080	0.520996	-0.311768	-4.320611	7.564885	-6.900763	7.950233
-0.752197	0.504639	-0.294434	-4.290076	7.244275	-7.824427	7.960383
-0.733154	0.484619	-0.291504	-4.984733	6.519084	-8.870229	7.970571
-0.730957	0.473389	-0.282471	-6.465649	4.984733	-11.137405	7.980779
-0.743652	0.491455	-0.297363	-8.114504	3.763359	-12.893130	7.991113
-0.744141	0.494141	-0.292480	-9.809160	3.793893	-13.427481	8.001266
-0.731934	0.512939	-0.274658	-10.778626	2.854962	-12.290076	8.011354
-0.737305	0.542480	-0.283203	-11.984733	0.404580	-11.717557	8.021598
-0.757324	0.568359	-0.291992	-12.167939	-1.770992	-6.007634	8.031925
-0.775146	0.580322	-0.313965	-11.732824	-2.961832	-2.351145	8.041910
-0.789551	0.583984	-0.318848	-10.343511	-3.305344	-0.473282	8.052192
-0.800293	0.565186	-0.327881	-8.679389	-2.221374	-0.290076	8.062304
-0.800293	0.559326	-0.329102	-7.557252	-0.152672	-0.946565	8.072349
-0.785156	0.554932	-0.309326	-6.519084	1.030534	-2.221374	8.082472
-0.784424	0.563477	-0.308105	-6.656489	0.755725	-2.916031	8.092466
-0.793945	0.572510	-0.311523	-6.648855	-0.129771	-2.816794	8.102760
-0.797363	0.573486	-0.312988	-7.236641	-0.549618	-2.625954	8.112658
-0.806152	0.580078	-0.298340	-7.412214	-0.114504	-2.786260	8.122979
-0.805176	0.576172	-0.314209	-7.480916	0.297710	-2.358779	8.133335
-0.794922	0.578613	-0.303223	-7.038168	0.022901	-2.038168	8.143222
-0.793701	0.591309	-0.316650	-7.099237	-1.167939	-1.473282	8.153448
-0.804932	0.602783	-0.326904	-7.267176	-1.458015	-0.274809	8.163407
-0.805908	0.600098	-0.317139	-6.404580	-1.633588	1.061069	8.173709
-0.789551	0.583984	-0.299805	-5.389313	-2.465649	1.854962	8.184261
-0.809814	0.571777	-0.322266	-4.183206	-2.274809	1.328244	8.194383
-0.792725	0.597168	-0.319580	-5.167939	-1.580153	2.412214	8.204366
-0.799805	0.626709	-0.314941	-2.824427	-1.740458	5.549618	8.214603
-0.803467	0.619141	-0.348633	3.022901	-0.221374	8.267176	8.224855
-0.828613	0.629150	-0.370361	5.938931	2.114504	10.587786	8.235097
-0.852051	0.631592	-0.409424	11.587786	6.885496	12.877863	8.245329
-0.905762	0.613037	-0.461914	20.412214	14.030534	11.442748	8.255497
-0.970459	0.599365	-0.549805	25.687023	28.190840	7.152672	8.265470
-0.977539	0.562500	-0.552734	30.297710	44.206107	2.427481	8.275097
-0.905029	0.514648	-0.485352	38.557252	60.175573	-7.755725	8.286351
-0.783447	0.443115	-0.408447	39.328244	49.671756	-15.580153	8.296723
-0.770020	0.396729	-0.375000	48.458015	63.793893	-21.503817	8.306639
-0.686768	0.392578	-0.314453	40.160305	51.091603	-24.854962	8.316807
-0.633789	0.405273	-0.252441	32.206107	38.748092	-29.167939	8.327267
-0.626953	0.394775	-0.246338	19.732824	29.641221	-36.129771	8.337563
-0.650391	0.380859	-0.273926	8.877863	20.198473	-44.480916	8.347643
-0.654785	0.344482	-0.292480	-1.503817	8.908397	-51.641221	8.357749
-0.677490	0.324219	-0.311768	-11.755725	-0.916031	-61.847328	8.367981
-0.688477	0.376465	-0.330078	-24.160305	-11.458015	-65.229008	8.377710
-0.742432	0.459961	-0.341797	-32.083969	-23.045802	-65.068702	8.388157
-0.814209	0.467041	-0.414307	-33.022901	-27.900763	-66.496183	8.398452
-0.858154	0.476562	-0.438721	-34.885496	-25.374046	-66.847328	8.408259
-0.857910	0.479004	-0.444336	-36.374046	-20.099237	-64.580153	8.418297
-0.768799	0.486084	-0.377686	-37.572519	-12.404580	-57.083969	8.433099
-0.713867	0.471924	-0.343750	-37.809160	-11.992366	-46.931298	8.443616
-0.673096	0.444580	-0.346191	-45.809160	-17.374046	-30.954198	8.454387
-0.739502	0.626953	-0.357666	-42.679389	-11.748092	-13.854962	8.465636
-0.846680	0.831299	-0.404785	-29.190840	-24.664122	19.847328	8.476584
-0.944580	0.800537	-0.465332	-17.396947	-22.099237	45.755725	8.487671
-0.979736	0.736328	-0.508789	-0.099237	-14.702290	63.809160	8.498756
-0.965332	0.679443	-0.487793	13.770992	-0.992366	77.007634	8.509623
-0.896973	0.550049	-0.447021	27.679389	7.969466	84.854962	8.520664
-0.815918	0.383301	-0.419189	31.312977	14.320611	81.770992	8.531850
-0.751465	0.271973	-0.388428	30.229008	17.091603	70.526718	8.543125
-0.722412	0.257324	-0.360596	26.137405	18.816794	48.877863	8.554101
-0.717041	0.313721	-0.359619	19.519084	18.427481	35.099237	8.565156
-0.694580	0.337402	-0.323486	10.000000	15.885496	22.290076	8.576075
-0.651855	0.308594	-0.275879	4.793893	7.832061	10.213740	8.587170
-0.643066	0.270508	-0.262939	-8.511450	-5.290076	-3.358779	8.598168
-0.694092	0.330811	-0.294434	-21.122137	-16.946565	-21.160305	8.609058
-0.738281	0.389893	-0.330322	-28.259542	-25.763359	-32.824427	8.619994
-0.783936	0.433838	-0.357178	-30.503817	-29.755725	-44.068702	8.631097
-0.805420	0.492432	-0.368652	-32.213740	-32.809160	-49.671756	8.642249
-0.852783	0.573730	-0.383057	-32.137405	-35.580153	-49.435115	8.653237
-0.905762	0.614746	-0.405273	-29.236641	-34.221374	-44.847328	8.664187
-0.937744	0.619629	-0.441406	-23.954198	-26.938931	-37.770992	8.675189
-0.915771	0.578613	-0.426270	-16.335878	-17.045802	-27.564885	8.686277
-0.844971	0.497803	-0.367188	-13.770992	-8.893130	-16.343511	8.697254
-0.769287	0.454834	-0.330322	-13.305344	-5.419847	-6.923664	8.708306
-0.753906	0.501221	-0.328125	-13.381679	-5.847328	6.152672	8.719231
-0.825439	0.638672	-0.364502	-12.625954	-3.961832	21.534351	8.730160
-0.919922	0.743408	-0.413818	-8.984733	-3.206107	42.511450	8.741251
-0.967773	0.728516	-0.440918	1.877863	6.305344	61.061069	8.752282
-0.937256	0.663086	-0.419922	9.740458	16.992366	72.641221	8.763248
-0.879150	0.605225	-0.349365	15.038168	22.832061	78.961832	8.774207
-0.804443	0.547119	-0.285400	16.534351	17.351145	81.396947	8.785237
-0.792480	0.489746	-0.300293	21.167939	14.267176	72.625954	8.796165
-0.754883	0.415527	-0.290283	19.809160	15.519084	56.954198	8.810429
-0.707520	0.370117	-0.253174	12.900763	11.488550	40.992366	8.822247
-0.685059	0.375244	-0.245117	6.442748	1.763359	24.587786	8.833497
-0.697754	0.413086	-0.280762	-2.015267	-3.877863	8.381679	8.844524
-0.724854	0.484863	-0.315674	-6.877863	-8.488550	-2.900763	8.855481
-0.757568	0.505127	-0.335938	-8.557252	-10.305344	-10.183206	8.866541
-0.749268	0.472900	-0.346680	-8.366412	-9.977099	-17.732824	8.877636
-0.747559	0.464844	-0.335693	-6.267176	-9.793893	-27.809160	8.888917
-0.731689	0.466553	-0.336182	-6.885496	-11.923664	-34.923664	8.900238
-0.741211	0.476074	-0.320312	-8.824427	-13.129771	-41.702290	8.911312
-0.759766	0.501221	-0.316162	-11.061069	-14.610687	-44.893130	8.922265
-0.775391	0.535156	-0.323730	-16.015267	-14.465649	-43.893130	8.933801
-0.796387	0.584717	-0.320312	-16.687023	-14.664122	-39.709924	8.944882
-0.800781	0.573486	-0.320801	-14.061069	-13.297710	-32.473282	8.956145
-0.748779	0.498047	-0.296143	-10.229008	-11.167939	-25.351145	8.967051
-0.688232	0.421143	-0.274658	-10.832061	-11.938931	-16.748092	8.978286
-0.647949	0.452881	-0.264893	-13.992366	-16.145038	-8.801527	8.989774
-0.770996	0.655029	-0.312256	-15.862595	-22.282443	4.908397	9.000892
-0.916992	0.813232	-0.428955	-11.320611	-22.473282	30.954198	9.011993
-1.007568	0.871582	-0.482422	4.938931	-13.381679	49.954198	9.023018
-1.064697	0.859863	-0.514160	24.580153	0.984733	60.221374	9.033080
-1.053955	0.785889	-0.509521	37.641221	16.045802	71.106870	9.043340
-0.958984	0.659668	-0.417725	46.832061	24.778626	77.122137	9.053376
-0.868164	0.568848	-0.368164	56.648855	29.068702	71.595420	9.063395
-0.808105	0.468750	-0.340820	62.618321	29.488550	62.816794	9.073569
-0.756104	0.380859	-0.305176	60.458015	25.770992	53.931298	9.083727
-0.696045	0.305420	-0.277832	51.923664	18.786260	42.778626	9.093906
-0.663086	0.309570	-0.266113	35.442748	6.274809	30.702290	9.104169
-0.663818	0.347412	-0.268311	20.664122	-1.541985	20.099237	9.114607
-0.689453	0.376709	-0.289307	7.175573	-8.648855	8.740458	9.124407
-0.717773	0.412109	-0.328613	-5.458015	-15.587786	0.885496	9.134803
-0.761963	0.449463	-0.362549	-16.778626	-19.809160	-5.038168	9.145006
-0.786133	0.448242	-0.378662	-23.267176	-19.099237	-15.000000	9.155095
-0.787109	0.448730	-0.372559	-30.129771	-19.183206	-24.671756	9.165514
-0.779053	0.490479	-0.355225	-33.412214	-18.458015	-33.938931	9.175384
-0.788330	0.538330	-0.338623	-34.931298	-17.969466	-38.725191	9.185587
-0.782471	0.583252	-0.339355	-34.625954	-18.488550	-39.816794	9.195439
-0.784912	0.604492	-0.328613	-32.083969	-17.908397	-40.206107	9.205772
-0.793457	0.615234	-0.336182	-30.244275	-18.045802	-38.061069	9.215641
-0.812256	0.597656	-0.328125	-27.679389	-16.984733	-34.557252	9.225714
-0.770752	0.520508	-0.318115	-25.938931	-12.068702	-27.702290	9.236124
-0.671143	0.447266	-0.264893	-27.580153	-9.404580	-23.580153	9.246163
-0.636475	0.500000	-0.239502	-30.870229	-13.648855	-18.267176	9.256494
-0.692627	0.644043	-0.263184	-34.320611	-19.748092	-3.312977	9.266409
-0.809570	0.807129	-0.333008	-29.977099	-23.931298	16.221374	9.276409
-0.914307	0.804443	-0.416504	-19.114504	-18.587786	36.175573	9.286917
-0.924316	0.719238	-0.433350	-5.801527	-6.366412	45.755725	9.297186
-0.887451	0.662354	-0.428467	8.312977	5.206107	46.328244	9.307438
-0.882080	0.690186	-0.400879	16.679389	13.900763	48.335878	9.317686
-0.857910	0.698486	-0.375244	22.458015	20.717557	55.221374	9.327640
-0.816406	0.641846	-0.326660	27.923664	22.274809	58.549618	9.337768
-0.774170	0.548340	-0.295898	32.732824	20.519084	55.763359	9.348007
-0.736084	0.447266	-0.272949	32.923664	18.389313	48.290076	9.357773
-0.690674	0.365723	-0.245850	28.328244	13.259542	36.137405	9.368005
-0.659912	0.335693	-0.243408	22.305344	4.625954	21.740458	9.377856
-0.671387	0.360352	-0.251221	12.671756	-2.404580	5.076336	9.388439
-0.690186	0.383545	-0.288818	2.198473	-5.435115	-9.206107	9.398558
-0.721924	0.390869	-0.293213	-8.152672	-9.473282	-18.671756	9.408614
-0.731201	0.401367	-0.292969	-14.000000	-12.824427	-30.030534	9.418719
-0.770752	0.433594	-0.327881	-20.519084	-12.862595	-39.862595	9.428701
-0.814209	0.519775	-0.345947	-27.244275	-11.274809	-45.083969	9.439178
-0.824951	0.562500	-0.338379	-29.725191	-7.335878	-47.541985	9.449637
-0.813721	0.564697	-0.326660	-28.557252	-6.083969	-44.969466	9.459805
-0.784668	0.524902	-0.312256	-26.893130	-4.206107	-45.870229	9.470182
-0.765137	0.519043	-0.284424	-26.404580	-4.366412	-43.572519	9.480305
-0.736328	0.503906	-0.260498	-26.809160	-6.213740	-38.335878	9.490692
-0.706787	0.488037	-0.262451	-27.541985	-9.213740	-31.824427	9.500877
-0.735107	0.569336	-0.311523	-28.694656	-12.129771	-26.114504	9.511333
-0.883057	0.729248	-0.383789	-27.946565	-11.274809	-13.954198	9.521343
-1.006348	0.752197	-0.471191	-17.358779	-1.206107	0.580153	9.531263
-1.055664	0.630127	-0.536377	-6.847328	18.129771	4.633588	9.541136
-1.040527	0.576904	-0.551514	1.770992	41.793893	-4.946565	9.551909
-0.992432	0.635986	-0.471680	6.946565	59.748092	-10.328244	9.562043
-0.933594	0.599854	-0.429443	23.297710	65.770992	-12.442748	9.572254
-0.892822	0.489990	-0.419434	24.648855	70.190840	-12.732824	9.582418
-0.764893	0.518555	-0.315430	16.396947	62.343511	-12.648855	9.592557
-0.712646	0.489990	-0.243652	21.038168	51.801527	-14.702290	9.602956
-0.729004	0.381836	-0.299316	13.725191	42.320611	-21.038168	9.613065
-0.718994	0.427002	-0.287109	-7.259542	38.442748	-24.572519	9.623265
-0.679932	0.495605	-0.239502	-17.541985	27.152672	-24.862595	9.633481
-0.698242	0.522217	-0.260986	-19.603053	17.320611	-26.671756	9.643585
-0.728271	0.500732	-0.287354	-21.160305	9.343511	-29.061069	9.654195
-0.738525	0.482910	-0.325684	-21.068702	5.435115	-34.053435	9.664342
-0.779785	0.473633	-0.366943	-22.816794	0.816794	-35.671756	9.674443
-0.788086	0.499268	-0.372314	-23.648855	-0.458015	-38.038168	9.684748
-0.796875	0.525391	-0.371582	-23.419847	-1.893130	-39.122137	9.694958
-0.802002	0.521484	-0.349365	-15.381679	-2.442748	-40.625954	9.705095
-0.772217	0.499512	-0.312012	-9.977099	-3.022901	-42.870229	9.715279
-0.743896	0.479492	-0.309814	-6.419847	-6.129771	-42.633588	9.725557
-0.729492	0.481934	-0.309814	-3.404580	-9.404580	-40.358779	9.735689
-0.721680	0.521973	-0.308105	-6.152672	-11.053435	-33.396947	9.745899
-0.742432	0.600098	-0.299316	-4.251908	-15.809160	-24.458015	9.756191
-0.810059	0.618408	-0.340820	3.557252	-16.801527	-14.022901	9.766799
-0.866455	0.593994	-0.374023	8.167939	-12.969466	-4.129771	9.776881
-0.871826	0.557617	-0.372070	11.190840	-6.816794	2.129771	9.786922
-0.836914	0.539551	-0.347412	15.137405	-3.587786	3.961832	9.797184
-0.831299	0.495605	-0.392090	21.809160	-3.488550	6.610687	9.807295
-0.846191	0.440186	-0.420410	22.862595	0.954198	7.541985	9.817324
-0.836914	0.386719	-0.435547	23.244275	3.984733	5.167939	9.827580
-0.822754	0.392578	-0.401611	18.366412	6.030534	2.412214	9.837885
-0.804932	0.423584	-0.389160	17.740458	5.145038	-1.068702	9.848036
-0.832520	0.445068	-0.387939	17.526718	2.908397	-2.519084	9.858254
-0.839600	0.424561	-0.414062	16.290076	1.290076	-3.282443	9.868317
-0.840332	0.416016	-0.414062	13.236641	0.923664	-4.480916	9.878333
-0.820801	0.402832	-0.414551	10.618321	0.343511	-6.511450	9.888424
-0.805908	0.395264	-0.394775	4.267176	-1.778626	-8.374046	9.898682
-0.791992	0.384766	-0.387939	-0.335878	-6.809160	-10.083969	9.908705
-0.785156	0.393555	-0.380859	-5.282443	-9.763359	-13.236641	9.918970
-0.791260	0.424805	-0.357666	-8.748092	-14.931298	-14.954198	9.928820
-0.809814	0.436523	-0.370361	-9.656489	-16.763359	-16.328244	9.939127
-0.808350	0.454346	-0.363525	-11.839695	-19.679389	-15.564885	9.949191
-0.827637	0.515869	-0.362305	-11.961832	-21.145038	-10.725191	9.959243
-0.812256	0.546387	-0.356445	-10.847328	-22.694656	-2.557252	9.969414
-0.829102	0.588135	-0.349121	-5.748092	-20.061069	8.206107	9.979574
-0.831299	0.638672	-0.326416	-2.351145	-22.435115	22.656489	9.989769
-0.850098	0.659180	-0.326904	3.854962	-25.206107	38.625954	9.999995
-0.884521	0.635498	-0.342773	11.427481	-28.709924	52.992366	10.010089
-0.955322	0.475342	-0.453613	28.992366	-29.877863	56.465649	10.020259
-1.043213	0.270996	-0.582031	34.053435	-16.282443	47.404580	10.030788
-1.043457	0.192139	-0.599365	31.381679	5.687023	28.496183	10.041001
-0.986572	0.211426	-0.523926	24.961832	24.541985	8.717557	10.051107
-0.908936	0.233398	-0.427979	28.786260	32.396947	-10.687023	10.061240
-0.889893	0.167480	-0.398926	38.381679	32.167939	-32.801527	10.071418
-0.902100	0.036621	-0.462158	32.282443	35.664122	-58.564885	10.081643
-0.871338	0.141113	-0.417969	-2.519084	46.312977	-69.610687	10.091276
-0.726074	0.383545	-0.246094	-25.854962	44.648855	-66.656489	10.101606
-0.664795	0.472656	-0.181885	-28.580153	31.038168	-57.938931	10.111769
-0.677734	0.453857	-0.234863	-36.870229	10.625954	-42.244275	10.121998
-0.769531	0.447510	-0.316650	-42.015267	-0.106870	-33.702290	10.132041
-0.832275	0.492432	-0.377686	-43.297710	-1.053435	-26.778626	10.142022
-0.834717	0.558838	-0.385742	-37.885496	0.709924	-18.496183	10.152105
-0.797363	0.606445	-0.361084	-26.061069	1.267176	-9.175573	10.162291
-0.775391	0.639893	-0.336426	-12.946565	1.633588	2.740458	10.172416
-0.744141	0.726807	-0.294922	-4.549618	1.938931	24.022901	10.183164
-0.712646	0.778076	-0.235596	9.145038	-8.725191	45.458015	10.193092
-0.773682	0.758301	-0.264404	27.106870	-19.893130	62.396947	10.203285
-0.801270	0.771484	-0.269043	35.167939	-24.595420	82.038168	10.213748
-0.816895	0.758057	-0.257080	49.389313	-29.000000	96.916031	10.223869
-0.849365	0.661377	-0.288574	71.328244	-31.755725	102.664122	10.234139
-0.903320	0.489990	-0.362793	91.740458	-33.312977	96.610687	10.244097
-0.978027	0.217285	-0.517334	95.877863	-29.549618	87.053435	10.254559
-1.013672	0.009277	-0.639160	90.809160	-12.633588	60.183206	10.264549
-1.002686	0.009521	-0.644287	75.343511	11.557252	27.221374	10.274732
-0.936768	0.029541	-0.580811	66.190840	31.503817	-6.870229	10.284906
-0.863281	0.090332	-0.496826	47.793893	40.213740	-27.053435	10.294944
-0.802002	0.124268	-0.437500	31.473282	42.778626	-40.328244	10.305244
-0.777832	0.135254	-0.375244	13.923664	40.618321	-49.717557	10.315330
-0.723633	0.086426	-0.326660	-20.755725	37.259542	-55.030534	10.326039
-0.653809	0.212158	-0.233398	-50.000000	26.091603	-58.221374	10.336645
-0.677979	0.297119	-0.242432	-65.809160	9.160305	-62.083969	10.346749
-0.746338	0.330322	-0.309570	-77.503817	-5.648855	-62.091603	10.356981
-0.790039	0.376709	-0.344238	-91.183206	-14.793893	-60.076336	10.366994
-0.792969	0.469727	-0.357422	-98.305344	-21.725191	-54.503817	10.376928
-0.770020	0.568359	-0.385986	-93.442748	-26.839695	-45.916031	10.387419
-0.758057	0.682861	-0.398438	-77.374046	-31.984733	-33.480916	10.397397
-0.792725	0.770264	-0.404297	-56.961832	-35.549618	-16.045802	10.407554
-0.825195	0.806641	-0.397461	-38.541985	-36.274809	7.099237	10.417708
-0.825928	0.780273	-0.338135	-21.801527	-38.496183	31.000000	10.427907
-0.841064	0.770020	-0.316895	-6.213740	-37.076336	46.679389	10.438013
-0.904785	0.805908	-0.325439	3.984733	-35.557252	62.488550	10.448193
-0.965820	0.764404	-0.385742	18.793893	-31.465649	77.137405	10.458063
-1.011963	0.641357	-0.440430	35.450382	-22.183206	82.816794	10.468297
-1.012695	0.472412	-0.477783	46.541985	-8.923664	79.335878	10.478465
-0.991455	0.270264	-0.510986	47.618321	4.541985	68.320611	10.488634
-0.929688	0.130615	-0.498047	39.419847	18.061069	43.251908	10.498425
-0.833984	0.088867	-0.413330	22.473282	24.244275	19.022901	10.508764
-0.786865	0.097412	-0.364746	8.557252	23.007634	-4.893130	10.518877
-0.771484	0.168701	-0.357422	-6.786260	19.114504	-24.374046	10.528918
-0.791748	0.288330	-0.356934	-26.068702	15.251908	-35.854962	10.539650
-0.771973	0.364014	-0.322266	-42.641221	11.496183	-36.404580	10.549763
-0.730469	0.392090	-0.262451	-54.160305	0.992366	-32.732824	10.559558
-0.731689	0.371582	-0.284180	-61.290076	-12.320611	-34.358779	10.569689
-0.788818	0.394775	-0.317871	-69.152672	-19.580153	-37.847328	10.579921
-0.836426	0.460205	-0.354248	-75.305344	-25.671756	-39.030534	10.589953
-0.843994	0.572266	-0.373047	-79.030534	-24.778626	-35.801527	10.600189
-0.846924	0.699951	-0.355713	-70.671756	-24.992366	-28.641221	10.610184
-0.846191	0.741943	-0.355713	-57.526718	-26.007634	-14.381679	10.620584
-0.824463	0.747803	-0.335693	-47.496183	-27.816794	2.320611	10.630402
-0.837158	0.749512	-0.308350	-39.610687	-30.625954	19.213740	10.640830
-0.825684	0.693359	-0.317871	-30.511450	-30.572519	28.251908	10.650784
-0.848145	0.716309	-0.298828	-18.541985	-31.061069	32.450382	10.660320
-0.897217	0.729980	-0.348633	-3.702290	-28.129771	37.068702	10.670707
-0.934082	0.700928	-0.372070	9.977099	-20.404580	42.587786	10.680803
-0.926514	0.621094	-0.387451	23.847328	-9.374046	45.839695	10.690734
-0.870850	0.496094	-0.345703	31.961832	-0.824427	45.511450	10.701093
-0.792969	0.417236	-0.298584	31.938931	2.114504	42.282443	10.711445
-0.770020	0.397217	-0.269531	28.297710	0.412214	37.648855	10.721679
-0.768799	0.372803	-0.277100	24.458015	-1.923664	33.885496	10.731853
-0.791260	0.351318	-0.313232	22.702290	-2.679389	26.557252	10.741854
-0.793213	0.285889	-0.336670	20.793893	-0.366412	19.236641	10.751860
-0.819824	0.198242	-0.363770	19.488550	2.297710	5.748092	10.762000
-0.838867	0.114990	-0.389648	13.541985	9.435115	-14.038168	10.771910
-0.818604	0.164551	-0.360107	-0.564885	17.709924	-31.877863	10.782473
-0.788086	0.238525	-0.293457	-12.770992	19.412214	-39.763359	10.792699
-0.737549	0.300049	-0.233643	-24.465649	16.099237	-44.732824	10.804123
-0.726074	0.342529	-0.221191	-35.625954	7.251908	-45.786260	10.815636
-0.744629	0.356201	-0.233887	-39.396947	-1.335878	-47.290076	10.825696
-0.782715	0.380371	-0.282471	-42.435115	-7.229008	-47.748092	10.835942
-0.827881	0.425781	-0.316162	-40.854962	-8.099237	-48.801527	10.845966
-0.857910	0.470703	-0.320068	-36.847328	-6.702290	-47.450382	10.856148
-0.875977	0.500000	-0.311035	-33.145038	-2.251908	-43.763359	10.865967
-0.864746	0.525635	-0.298340	-26.824427	2.190840	-39.381679	10.876086
-0.829102	0.541504	-0.270264	-20.435115	5.748092	-33.045802	10.886076
-0.789062	0.595703	-0.242920	-13.732824	6.519084	-23.091603	10.896513
-0.764648	0.642334	-0.217285	-5.717557	3.832061	-9.267176	10.906468
-0.774658	0.604980	-0.225098	1.076336	0.496183	5.824427	10.916514
-0.766113	0.564453	-0.226074	5.946565	-1.419847	17.908397	10.926720
-0.770264	0.601318	-0.225586	11.946565	-4.404580	26.687023	10.936686
-0.814697	0.665039	-0.267578	17.038168	-7.458015	39.007634	10.946423
-0.839600	0.684082	-0.300049	24.885496	-6.343511	53.175573	10.956033
-0.869629	0.675293	-0.331787	33.511450	-3.480916	65.366412	10.965722
-0.916016	0.633545	-0.376953	41.007634	0.557252	74.969466	10.975612
-0.925293	0.587158	-0.392090	47.038168	7.419847	77.679389	10.986193
-0.932861	0.500488	-0.395752	52.358779	13.244275	73.732824	10.996200
-0.896973	0.344971	-0.401367	56.618321	18.381679	59.854962	11.006381
-0.854248	0.211670	-0.408691	59.580153	24.244275	31.961832	11.016170
-0.842041	0.140381	-0.398438	51.122137	29.229008	1.954198	11.026749
-0.817383	0.069092	-0.410400	47.000000	29.427481	-29.885496	11.037265
-0.878906	-0.043213	-0.490479	42.709924	30.572519	-69.221374	11.047452
-0.912109	-0.036133	-0.510742	4.030534	39.366412	-101.061069	11.057560
-0.852051	0.143555	-0.419922	-23.244275	44.740458	-121.480916	11.067508
-0.770752	0.340820	-0.287109	-52.007634	38.083969	-125.030534	11.077398
-0.720703	0.455811	-0.223389	-58.427481	16.076336	-123.022901	11.087816
-0.788330	0.523926	-0.246826	-63.916031	-4.511450	-118.473282	11.097721
-0.844482	0.517090	-0.335693	-68.175573	-28.114504	-105.854962	11.107981
-0.949219	0.569092	-0.417725	-67.534351	-32.389313	-97.068702	11.117737
-0.979004	0.671875	-0.496338	-65.725191	-29.702290	-86.091603	11.127838
-1.035645	0.788330	-0.551514	-68.198473	-14.259542	-64.297710	11.138037
-0.956787	0.741943	-0.484619	-43.755725	-2.885496	-41.488550	11.148225
-0.914062	0.827393	-0.453369	-24.992366	3.290076	-8.816794	11.158254
-0.860107	0.990234	-0.370850	-14.961832	5.557252	35.335878	11.168095
-0.851807	1.167480	-0.304932	8.534351	0.351145	81.442748	11.177996
-0.919189	1.154053	-0.342773	37.183206	0.786260	128.175573	11.188151
-1.006104	1.159668	-0.359131	53.396947	0.229008	172.832061	11.198118
-1.117188	1.072754	-0.417969	83.381679	3.885496	207.297710	11.208627
-1.203857	0.894531	-0.481689	117.343511	8.251908	230.374046	11.218398
-1.350342	0.507324	-0.669678	171.381679	21.557252	217.396947	11.228691
-1.418945	0.146729	-0.850830	194.374046	56.328244	182.282443	11.238390
-1.218750	0.022705	-0.715088	200.511450	102.541985	138.282443	11.247990
-0.923096	0.031494	-0.464600	213.366412	107.793893	99.259542	11.257858
-0.660889	-0.122314	-0.226807	222.190840	94.923664	56.206107	11.267508
-0.416260	-0.260010	-0.091309	192.297710	81.190840	3.992366	11.278213
-0.244141	-0.267334	0.002197	134.480916	55.854962	-34.045802	11.288518
-0.177246	-0.278809	0.012939	71.748092	27.145038	-74.091603	11.298513
-0.245117	-0.167725	-0.001709	-2.175573	3.038168	-104.335878	11.308995
-0.342285	-0.055420	-0.035156	-50.007634	-38.900763	-115.442748	11.318963
-0.484375	0.031494	-0.105713	-84.717557	-64.633588	-137.595420	11.329069
-0.662842	0.053223	-0.226318	-118.916031	-71.572519	-151.122137	11.339329
-0.732666	0.186035	-0.295410	-162.916031	-65.152672	-165.969466	11.349512
-0.829102	0.438965	-0.405273	-181.297710	-60.885496	-161.793893	11.359765
-0.938232	0.719482	-0.523926	-174.618321	-70.175573	-144.061069	11.370001
-1.040527	0.868164	-0.679932	-131.816794	-61.404580	-115.099237	11.380290
-1.004150	0.805420	-0.759033	-91.809160	-59.404580	-49.618321	11.390502
-0.903076	0.808838	-0.626953	-63.099237	-45.847328	15.664122	11.400514
-0.768311	0.891113	-0.384277	-37.801527	-39.694656	58.343511	11.410811
-0.880127	1.053467	-0.372559	-7.916031	-43.923664	84.824427	11.420769
-1.030518	1.067383	-0.466309	9.511450	-37.763359	128.183206	11.430972
-1.052979	1.019287	-0.463135	40.290076	-26.748092	158.946565	11.440990
-1.019531	0.976318	-0.456787	74.045802	-14.580153	176.900763	11.451193
-0.967773	0.900146	-0.397949	101.656489	-10.954198	201.129771	11.461044
-0.913818	0.829346	-0.318604	130.900763	-18.969466	215.938931	11.471348
-0.924072	0.717773	-0.279297	164.244275	-23.221374	220.816794	11.481313
-0.933594	0.514404	-0.304932	183.206107	-31.969466	216.778626	11.491306
-0.936523	0.244873	-0.359131	194.122137	-31.832061	190.870229	11.501436
-0.924561	-0.058838	-0.471680	186.221374	-24.465649	144.816794	11.511605
-0.841797	-0.245361	-0.486328	155.137405	-11.374046	87.931298	11.521731
-0.728271	-0.245605	-0.432617	113.877863	-0.519084	27.908397	11.531857
-0.566650	-0.151855	-0.282471	72.351145	2.717557	-23.083969	11.542064
-0.463867	0.043701	-0.146973	22.572519	4.900763	-63.961832	11.552302
-0.434082	0.155029	-0.089600	-11.343511	-10.801527	-89.557252	11.562200
-0.531006	0.159424	-0.133545	-41.206107	-40.679389	-100.687023	11.572459
-0.659912	0.176514	-0.236816	-65.847328	-59.000000	-113.984733	11.582698
-0.737793	0.250488	-0.261230	-85.992366	-58.419847	-129.770992	11.592854
-0.796875	0.321533	-0.269287	-103.885496	-64.068702	-139.015267	11.603006
-0.868164	0.405273	-0.319092	-118.045802	-69.625954	-141.847328	11.613134
-0.958008	0.564453	-0.385498	-112.541985	-56.877863	-147.274809	11.623236
-1.004150	0.675293	-0.494629	-98.137405	-51.442748	-130.595420	11.633887
-1.000488	0.704346	-0.554443	-89.908397	-42.236641	-96.488550	11.643823
-0.955566	0.792969	-0.553711	-67.290076	-20.694656	-63.465649	11.653796
-1.019775	0.992188	-0.577637	-55.503817	-27.526718	-3.465649	11.663828
-1.109863	1.088867	-0.576416	-35.206107	-26.603053	58.488550	11.674079
-1.200928	1.036621	-0.615234	-14.847328	-3.564885	95.984733	11.683854
-1.197021	0.831299	-0.611572	17.389313	17.038168	115.564885	11.693818
-1.104980	0.629883	-0.562744	41.335878	28.351145	118.832061	11.704070
-1.065186	0.541016	-0.494385	45.656489	49.312977	115.412214	11.714016
-0.963135	0.492920	-0.404053	50.358779	56.931298	110.511450	11.724126
-0.865479	0.312012	-0.332031	60.725191	55.931298	95.099237	11.734061
-0.738525	0.083984	-0.288574	61.458015	52.053435	66.381679	11.744199
-0.639404	-0.117676	-0.263184	48.236641	44.106870	23.503817	11.754174
-0.556641	-0.227783	-0.210205	32.114504	35.503817	-33.755725	11.764505
-0.519775	-0.267822	-0.207520	1.618321	20.015267	-89.328244	11.774551
-0.539307	-0.067627	-0.173584	-53.236641	4.633588	-125.725191	11.784807
-0.563477	0.212158	-0.064697	-86.129771	-15.870229	-142.511450	11.794729
-0.639404	0.382324	-0.071777	-98.381679	-37.633588	-153.099237	11.805147
-0.779297	0.359375	-0.158447	-104.519084	-61.099237	-157.900763	11.815307
-0.901367	0.328613	-0.263184	-124.870229	-65.740458	-161.145038	11.825493
-0.981445	0.453613	-0.306885	-144.847328	-61.213740	-159.748092	11.835650
-0.944092	0.616699	-0.390137	-153.244275	-62.977099	-144.656489	11.845724
-0.882812	0.682861	-0.537109	-119.229008	-57.816794	-126.076336	11.855321
-0.948242	0.850342	-0.639160	-89.412214	-33.015267	-111.099237	11.865329
-0.923096	0.908936	-0.635010	-72.885496	-30.618321	-38.496183	11.875647
-0.892822	0.980957	-0.562500	-52.175573	-20.740458	20.175573	11.885745
-0.951660	1.186768	-0.493408	-40.114504	-14.396947	84.938931	11.896228
-1.122803	1.355469	-0.532471	-16.030534	-6.396947	142.862595	11.906355
-1.297363	1.249268	-0.624268	16.091603	11.473282	191.496183	11.916260
-1.421387	1.046631	-0.748779	67.793893	29.908397	211.106870	11.926398
-1.504639	0.789795	-0.794434	113.122137	64.305344	220.404580	11.937005
-1.324707	0.447510	-0.607666	150.251908	105.061069	208.290076	11.947026
-1.030029	0.016846	-0.376953	181.648855	123.206107	171.694656	11.957265
-0.681396	-0.385742	-0.233154	184.183206	122.954198	105.564885	11.967712
-0.447998	-0.446533	-0.133545	152.274809	110.809160	35.900763	11.977701
-0.261719	-0.338867	0.001709	105.343511	97.274809	-34.396947	11.987977
-0.187256	-0.304688	0.052734	63.419847	50.992366	-83.603053	11.998395
-0.297607	-0.258545	-0.056885	0.198473	10.595420	-119.885496	12.008469
-0.440918	-0.021973	-0.087891	-57.511450	-16.549618	-140.824427	12.019023
-0.578613	0.142822	-0.110596	-86.305344	-35.259542	-157.458015	12.028910
-0.694580	0.215088	-0.194336	-106.106870	-47.496183	-167.305344	12.038916
-0.779053	0.324951	-0.309082	-129.290076	-53.916031	-165.473282	12.049260
-0.802246	0.516846	-0.389648	-140.763359	-59.007634	-143.267176	12.059482
-0.786377	0.704590	-0.431641	-139.870229	-64.312977	-112.519084	12.069475
-0.825195	0.808350	-0.490723	-127.450382	-74.106870	-71.610687	12.079559
-0.977051	0.877197	-0.612793	-106.335878	-50.465649	-37.351145	12.089796
-1.015381	1.032227	-0.614014	-87.412214	-38.816794	17.206107	12.099964
-1.105713	1.225830	-0.614502	-61.335878	-37.625954	70.480916	12.110184
-1.253906	1.242188	-0.647461	-19.320611	-17.022901	111.748092	12.120128
-1.307861	0.979736	-0.693115	27.015267	9.572519	138.557252	12.130266
-1.309326	0.796143	-0.709229	66.045802	32.366412	144.587786	12.139986
-1.254395	0.518555	-0.689697	99.931298	49.938931	141.816794	12.150415
-1.045166	0.217285	-0.497803	112.572519	73.595420	121.832061	12.160607
-0.828613	0.051758	-0.347412	119.801527	85.717557	83.259542	12.170585
-0.643799	-0.046143	-0.192627	109.572519	82.076336	49.366412	12.180666
-0.504883	-0.112793	-0.108154	91.633588	66.030534	11.396947	12.190735
-0.413086	-0.134766	-0.084717	55.007634	44.175573	-25.473282	12.200814
-0.425293	-0.064697	-0.079590	10.137405	15.938931	-50.908397	12.210803
-0.472412	0.020996	-0.110840	-29.320611	-10.954198	-76.091603	12.220949
-0.577148	0.114014	-0.160889	-60.290076	-36.656489	-92.511450	12.231394
-0.681641	0.176758	-0.237305	-75.343511	-50.213740	-110.664122	12.241478
-0.772217	0.243652	-0.281494	-92.114504	-56.053435	-128.969466	12.251803
-0.854248	0.289307	-0.305176	-106.977099	-54.755725	-137.916031	12.261789
-0.876221	0.369629	-0.340088	-112.122137	-54.099237	-140.022901	12.272026
-0.917725	0.467285	-0.381592	-114.549618	-59.175573	-126.076336	12.282464
-0.878906	0.560059	-0.430420	-111.015267	-56.557252	-102.709924	12.292257
-0.811035	0.729980	-0.403809	-106.221374	-44.259542	-68.213740	12.302713
-0.764648	0.917236	-0.359131	-104.335878	-59.358779	-11.366412	12.313199
-0.921875	1.145020	-0.390869	-88.473282	-61.221374	53.175573	12.323204
-1.083008	1.286133	-0.433838	-73.885496	-61.496183	116.824427	12.333421
-1.246826	1.207031	-0.499023	-30.297710	-43.007634	155.748092	12.343380
-1.314697	1.019775	-0.602051	12.961832	-17.648855	175.404580	12.353336
-1.375000	0.870117	-0.686523	55.786260	16.122137	180.114504	12.363815
-1.355957	0.730469	-0.670654	91.595420	44.305344	176.625954	12.374040
-1.241211	0.507080	-0.566650	135.832061	64.503817	163.870229	12.384161
-1.095459	0.239746	-0.471680	165.267176	84.038168	122.961832	12.394177
-0.919678	-0.008789	-0.347900	175.732824	98.503817	71.221374	12.404323
-0.754395	-0.207031	-0.265625	174.725191	96.122137	10.091603	12.414207
-0.604248	-0.251221	-0.213135	149.526718	87.595420	-53.366412	12.424262
-0.500488	-0.128174	-0.128174	91.549618	72.633588	-96.358779	12.434767
-0.432373	0.087891	-0.002441	39.786260	50.114504	-124.190840	12.444728
-0.416748	0.204346	0.058594	1.236641	17.038168	-129.839695	12.454362
-0.473633	0.238037	0.028076	-28.824427	-22.641221	-134.045802	12.464422
-0.561279	0.226074	-0.048828	-55.679389	-55.519084	-132.160305	12.474408
-0.743896	0.280029	-0.243896	-76.549618	-61.778626	-144.931298	12.485361
-0.887695	0.443359	-0.390381	-120.106870	-66.603053	-127.816794	12.495430
-0.964355	0.697510	-0.481201	-120.206107	-58.488550	-113.778626	12.505614
-0.933105	0.857178	-0.519531	-96.625954	-46.748092	-78.862595	12.515529
-0.845459	0.854004	-0.541016	-73.740458	-45.671756	-15.335878	12.526118
-0.782959	0.870117	-0.490967	-62.885496	-37.961832	42.000000	12.536371
-0.788574	1.089844	-0.440674	-65.267176	-47.190840	115.030534	12.546470
-1.069824	1.311035	-0.533203	-54.946565	-43.641221	162.908397	12.556643
-1.323486	1.309326	-0.687744	-4.664122	-22.251908	202.183206	12.567182
-1.508301	1.079346	-0.863525	58.519084	-1.603053	225.213740	12.577551
-1.522461	0.662354	-0.922363	120.610687	43.893130	224.587786	12.588250
-1.311279	0.388916	-0.720459	145.206107	90.396947	191.229008	12.598316
-1.014160	0.119873	-0.449951	176.679389	106.053435	147.137405	12.608518
-0.734863	-0.252686	-0.363770	206.809160	105.099237	81.374046	12.618588
-0.494141	-0.477783	-0.268311	196.106870	98.396947	-5.931298	12.628745
-0.257080	-0.483154	-0.092285	143.038168	73.572519	-77.580153	12.639157
-0.146484	-0.278076	0.069092	85.282443	42.549618	-137.221374	12.649086
-0.154541	-0.019531	0.154541	23.954198	3.167939	-173.564885	12.659333
-0.278809	0.092285	0.130127	-11.885496	-55.725191	-185.549618	12.669490
-0.485352	0.080566	0.018066	-25.458015	-89.244275	-206.404580	12.679668
-0.697998	-0.024414	-0.153564	-53.488550	-116.702290	-213.068702	12.689795
-0.844971	0.065430	-0.265137	-114.923664	-122.587786	-207.648855	12.699944
-0.939697	0.388916	-0.389404	-163.022901	-121.106870	-196.664122	12.710026
-1.079834	0.838379	-0.545654	-167.221374	-100.114504	-171.198473	12.720344
-1.163818	1.075439	-0.718018	-134.503817	-73.320611	-117.625954	12.730537
-1.038086	0.979980	-0.826172	-126.122137	-77.106870	-26.358779	12.740824
-0.918457	0.877686	-0.775146	-72.641221	-29.938931	53.923664	12.751006
-1.009277	1.225586	-0.612793	-69.541985	-22.740458	133.687023	12.761232
-1.230469	1.360352	-0.675537	-54.213740	-14.938931	206.854962	12.771510
-1.457764	1.317139	-0.734375	-1.236641	-3.152672	250.129771	12.781527
-1.585205	0.949707	-0.823242	75.885496	15.366412	250.129771	12.791843
-1.550781	0.463867	-0.869385	126.335878	57.465649	250.129771	12.802180
-1.206543	-0.174072	-0.604980	170.816794	99.389313	199.045802	12.814708
-0.778809	-0.580078	-0.420898	179.854962	111.328244	116.526718	12.824901
-0.344238	-0.643799	-0.108398	146.320611	108.167939	13.160305	12.834995
-0.037109	-0.493896	0.220459	89.984733	61.755725	-58.641221	12.845193
-0.040039	-0.280029	0.275879	38.038168	11.877863	-130.389313	12.855336
-0.259033	-0.073242	0.170166	-24.679389	-35.534351	-165.679389	12.865522
-0.516113	0.076172	0.028809	-61.465649	-61.893130	-184.122137	12.875613
-0.760010	0.096680	-0.204346	-89.236641	-68.496183	-194.580153	12.885884
-0.902344	0.260254	-0.315186	-132.603053	-64.488550	-192.893130	12.895864
-0.962402	0.600830	-0.406982	-157.206107	-61.175573	-172.068702	12.905996
-0.994873	0.889648	-0.515381	-150.061069	-60.725191	-136.656489	12.916178
-0.998535	1.038818	-0.622070	-125.786260	-55.007634	-78.656489	12.926155
-1.007324	1.019043	-0.693604	-99.480916	-54.511450	5.007634	12.936674
-0.976562	1.034912	-0.688721	-83.015267	-44.343511	83.068702	12.946707
-1.116943	1.330322	-0.645508	-64.809160	-26.603053	138.366412	12.957126
-1.300781	1.412842	-0.634766	-29.679389	-12.374046	198.022901	12.967293
-1.463623	1.041748	-0.742676	41.870229	-1.015267	223.053435	12.977595
-1.496338	0.528809	-0.880371	99.068702	33.870229	214.129771	12.987870
-1.286865	0.170898	-0.678955	115.755725	78.412214	182.908397	12.997986
-0.895264	-0.198975	-0.433350	142.633588	95.938931	120.778626	13.008048
-0.545654	-0.462158	-0.261963	154.099237	99.419847	35.748092	13.018367
-0.290039	-0.598145	-0.067627	114.580153	69.564885	-37.900763	13.028458
-0.154297	-0.432129	0.145020	54.221374	38.923664	-115.274809	13.038904
-0.215820	-0.121826	0.209961	-5.366412	-9.045802	-156.770992	13.049242
-0.362305	0.145264	0.171875	-38.076336	-48.732824	-177.358779	13.059223
-0.604004	0.161377	0.054688	-55.412214	-80.129771	-184.969466	13.069516
-0.756104	0.110352	-0.096191	-70.748092	-108.770992	-191.358779	13.079499
-0.905518	0.262695	-0.182373	-104.083969	-118.145038	-194.717557	13.090053
-1.020264	0.478760	-0.335693	-123.015267	-114.541985	-174.954198	13.100051
-1.069824	0.727783	-0.528809	-129.343511	-92.549618	-138.358779	13.110265
-1.011963	0.922852	-0.625000	-129.374046	-77.709924	-73.106870	13.120754
-1.002930	1.082520	-0.656982	-115.763359	-64.702290	-5.343511	13.130693
-1.116211	1.314941	-0.656250	-96.641221	-55.954198	79.068702	13.140742
-1.287598	1.463867	-0.607666	-59.809160	-39.610687	155.328244	13.151268
-1.492432	1.217285	-0.688477	3.007634	-14.167939	192.045802	13.161511
-1.597412	0.862549	-0.829834	69.488550	22.137405	193.404580	13.171797
-1.464600	0.511230	-0.769043	108.511450	74.595420	177.435115	13.182097
-1.199463	0.268311	-0.494873	134.793893	118.847328	143.458015	13.191933
-0.904297	-0.125488	-0.305176	163.404580	134.664122	93.190840	13.202302
-0.553711	-0.398926	-0.156494	155.458015	127.190840	34.709924	13.212299
-0.300781	-0.410645	0.054199	112.175573	94.854962	-21.954198	13.222487
-0.152344	-0.328613	0.222656	61.099237	47.206107	-76.664122	13.232601
-0.228027	-0.163086	0.206787	9.625954	-4.656489	-119.366412	13.242601
-0.396973	0.008789	0.136475	-31.625954	-48.900763	-138.900763	13.252648
-0.631592	0.119873	-0.003418	-55.267176	-78.282443	-151.694656	13.262817
-0.822754	0.248047	-0.183594	-89.679389	-94.671756	-148.862595	13.273012
-0.919189	0.509521	-0.322510	-123.511450	-102.778626	-123.671756	13.283158
-0.938721	0.716064	-0.427734	-133.282443	-100.732824	-76.557252	13.293563
-0.951660	0.982178	-0.525635	-124.404580	-76.427481	-29.229008	13.303796
-1.001221	1.237549	-0.572998	-108.557252	-78.099237	47.870229	13.313806
-1.149902	1.451660	-0.610840	-75.656489	-67.961832	115.442748	13.323980
-1.421143	1.427979	-0.762451	-28.007634	-49.167939	171.343511	13.334096
-1.654785	1.106689	-0.953125	31.396947	-10.381679	205.595420	13.344505
-1.683105	0.716064	-0.987549	98.068702	29.328244	200.595420	13.354689
-1.490234	0.388672	-0.804443	137.175573	87.938931	173.648855	13.364664
-1.215820	0.104492	-0.564697	185.412214	124.786260	112.038168	13.374663
-0.840576	-0.158691	-0.374756	196.045802	142.175573	55.984733	13.384929
-0.474609	-0.204346	-0.100586	173.526718	118.938931	13.786260	13.395178
-0.221191	-0.185059	0.145752	139.419847	84.541985	-35.290076	13.405325
-0.113770	-0.189209	0.219727	87.656489	39.732824	-74.053435	13.415402
-0.207275	-0.128418	0.149902	32.458015	-7.412214	-102.381679	13.425379
-0.390381	-0.094727	0.036621	-9.938931	-54.389313	-115.938931	13.435393
-0.557617	-0.064697	-0.119385	-37.167939	-76.709924	-142.381679	13.445792
-0.703613	0.074463	-0.234375	-75.442748	-84.435115	-156.496183	13.457325
-0.754395	0.310791	-0.274902	-101.290076	-90.198473	-154.198473	13.467359
-0.817871	0.555420	-0.349365	-110.167939	-105.259542	-135.534351	13.477448
-0.933105	0.757324	-0.505127	-104.549618	-104.000000	-105.396947	13.487658
-1.058838	0.954590	-0.657959	-83.198473	-86.526718	-56.442748	13.498336
-1.153076	1.102295	-0.735107	-57.725191	-74.152672	9.160305	13.508526
-1.207764	1.272217	-0.671875	-34.770992	-55.015267	82.908397	13.518709
-1.210938	1.236084	-0.571289	3.687023	-32.442748	137.091603	13.528745
-1.219238	1.027344	-0.521240	47.465649	-6.236641	165.900763	13.539182
-1.248047	0.620605	-0.576660	91.137405	10.015267	177.106870	13.549474
-1.216064	0.308350	-0.631348	113.198473	29.030534	167.091603	13.559481
-1.078613	0.066406	-0.554688	120.396947	57.832061	136.213740	13.569709
-0.857178	-0.019531	-0.356689	108.381679	78.259542	99.824427	13.579853
-0.666260	-0.078125	-0.204834	99.977099	75.732824	61.435115	13.589926
-0.555420	-0.114990	-0.170166	76.992366	62.694656	24.259542	13.600290
-0.489014	-0.031494	-0.119141	44.328244	45.755725	-2.824427	13.610378
-0.475586	0.026123	-0.085449	18.709924	17.587786	-25.618321	13.620570
-0.559814	0.051758	-0.160645	-9.450382	-6.351145	-41.312977	13.630909
-0.644531	0.104736	-0.244141	-33.893130	-20.732824	-57.465649	13.640891
-0.717773	0.201172	-0.316162	-51.343511	-30.793893	-70.282443	13.651323
-0.764648	0.317627	-0.369385	-65.305344	-33.473282	-73.290076	13.661515
-0.804199	0.522217	-0.407471	-73.106870	-38.786260	-61.305344	13.671666
-0.852539	0.651611	-0.450195	-67.961832	-41.419847	-41.618321	13.681709
-0.892578	0.717773	-0.490723	-61.129771	-43.236641	-15.610687	13.691816
-0.955322	0.765625	-0.519775	-52.015267	-40.488550	11.961832	13.702079
-1.014160	0.848633	-0.549316	-42.778626	-33.587786	42.503817	13.712490
-1.072754	0.866943	-0.586426	-21.664122	-22.992366	68.053435	13.722535
-1.114746	0.856689	-0.649414	-1.114504	-3.572519	85.572519	13.732504
-1.111816	0.922363	-0.629639	14.236641	16.564885	110.366412	13.742462
-1.067139	1.041016	-0.517578	30.900763	24.748092	142.091603	13.752908
-1.048828	0.996338	-0.430176	59.106870	29.488550	166.374046	13.763104
-1.073242	0.703613	-0.462891	90.175573	26.854962	172.290076	13.773531
-1.058594	0.399658	-0.541748	112.129771	33.549618	155.152672	13.783490
-0.952393	0.134521	-0.544434	114.290076	46.694656	116.473282	13.793778
-0.769287	0.000732	-0.413818	111.755725	52.893130	71.946565	13.803909
-0.563232	-0.054932	-0.301514	105.022901	44.274809	14.381679	13.813999
-0.413574	-0.131592	-0.189209	89.740458	24.885496	-33.832061	13.824151
-0.329834	-0.096191	-0.076660	55.366412	8.106870	-87.969466	13.834078
-0.368408	0.085693	-0.035400	9.152672	-9.648855	-128.564885	13.844266
-0.502197	0.316162	-0.080322	-17.519084	-33.610687	-148.068702	13.854519
-0.610596	0.352051	-0.114990	-19.931298	-50.496183	-157.190840	13.864612
-0.695557	0.285889	-0.183105	-31.267176	-65.870229	-161.725191	13.874787
-0.769775	0.323730	-0.270264	-59.900763	-67.572519	-157.007634	13.884709
-0.838135	0.510986	-0.345947	-84.038168	-62.839695	-145.396947	13.895076
-0.930176	0.690430	-0.464111	-77.450382	-52.595420	-132.793893	13.905247
-0.935547	0.771973	-0.634033	-42.442748	-26.480916	-109.053435	13.915443
