-0.071045	-0.407227	1.577393	26.641221	-50.519084	-56.290076	0.005546
-0.133545	-0.231445	1.221680	47.770992	-68.312977	-63.404580	0.017495
-0.186279	-0.119629	0.921875	53.366412	-65.099237	-69.847328	0.029241
-0.238770	0.032471	0.707275	54.923664	-52.778626	-78.832061	0.040666
-0.319092	0.207520	0.575928	55.152672	-40.381679	-82.129771	0.052255
-0.381836	0.402588	0.500000	50.526718	-30.709924	-82.068702	0.063874
-0.450439	0.589844	0.424561	40.793893	-26.641221	-73.961832	0.075530
-0.497803	0.801758	0.353760	29.801527	-22.396947	-57.977099	0.086936
-0.516357	0.994141	0.284424	11.648855	-10.664122	-28.656489	0.098655
-0.512451	1.055664	0.270020	-11.625954	7.687023	11.748092	0.110203
-0.454346	0.827881	0.333740	-37.473282	31.900763	47.687023	0.121923
-0.417725	0.669434	0.525879	-47.778626	51.778626	70.374046	0.133335
-0.343262	0.463867	0.785156	-54.152672	60.183206	92.671756	0.144876
-0.256592	0.128418	1.031006	-56.236641	51.076336	107.709924	0.156354
-0.159180	-0.242920	1.112061	-58.557252	40.435115	104.053435	0.167856
-0.065186	-0.544434	1.231445	-48.030534	30.625954	79.847328	0.179574
-0.004883	-0.655518	1.348145	-36.183206	20.770992	41.099237	0.191075
0.000488	-0.620361	1.413818	-22.648855	7.320611	9.984733	0.202703
-0.010010	-0.543457	1.420898	-3.480916	-7.770992	-11.961832	0.214286
-0.027344	-0.431396	1.339844	12.633588	-21.404580	-27.679389	0.226018
-0.053955	-0.338867	1.211670	22.923664	-29.664122	-40.274809	0.237569
-0.105713	-0.216309	1.101562	31.335878	-32.267176	-51.267176	0.248935
-0.151855	-0.074463	0.976562	41.099237	-32.427481	-60.442748	0.260351
-0.234863	0.101807	0.853760	51.938931	-32.404580	-66.870229	0.272032
-0.316895	0.320312	0.687744	53.717557	-35.122137	-67.893130	0.283403
-0.391357	0.517822	0.534668	45.129771	-33.938931	-61.282443	0.294627
-0.423340	0.680420	0.394775	27.442748	-25.923664	-46.206107	0.306028
-0.446533	0.777588	0.359131	8.435115	-9.541985	-23.717557	0.317866
-0.429932	0.782959	0.435791	-11.114504	10.038168	3.343511	0.329694
-0.383057	0.618652	0.538086	-27.534351	24.534351	24.832061	0.341187
-0.335449	0.491943	0.636719	-30.511450	33.381679	41.595420	0.352786
-0.287109	0.270996	0.738770	-30.297710	37.824427	51.244275	0.364337
-0.226807	0.081299	0.808838	-29.664122	39.916031	51.511450	0.376470
-0.192139	-0.073486	0.900879	-27.687023	43.496183	45.137405	0.387893
-0.144531	-0.146240	1.031250	-26.389313	38.961832	32.198473	0.399502
-0.138916	-0.183105	1.123047	-25.251908	32.473282	20.061069	0.411234
-0.130615	-0.201660	1.202393	-23.435115	23.541985	9.198473	0.422982
-0.120850	-0.190430	1.276611	-6.641221	12.480916	0.473282	0.434244
-0.125977	-0.169189	1.297607	7.061069	-2.152672	-6.748092	0.445967
-0.144287	-0.133545	1.243652	17.870229	-15.099237	-13.167939	0.457277
-0.166260	-0.082520	1.148682	24.488550	-23.244275	-19.007634	0.469026
-0.174805	-0.014648	1.067627	27.099237	-28.183206	-25.931298	0.480489
-0.197266	0.060791	1.014648	28.816794	-31.541985	-32.175573	0.492033
-0.219727	0.151123	0.930664	29.801527	-35.763359	-36.152672	0.503405
-0.242920	0.275146	0.796631	26.854962	-36.282443	-37.328244	0.515009
-0.269287	0.373291	0.683350	23.206107	-32.786260	-33.893130	0.526945
-0.299072	0.479248	0.568359	17.839695	-27.015267	-27.183206	0.538455
-0.320557	0.572754	0.458496	9.526718	-18.526718	-16.099237	0.550072
-0.347412	0.629883	0.354492	-5.206107	-3.938931	-2.083969	0.561321
-0.344971	0.647949	0.342529	-24.564885	19.053435	14.740458	0.572989
-0.353271	0.560791	0.450684	-44.923664	41.732824	33.541985	0.584595
-0.314941	0.443604	0.651855	-54.496183	54.198473	46.366412	0.595852
-0.289795	0.239258	0.896729	-61.450382	56.450382	56.961832	0.607378
-0.217529	-0.041016	1.078857	-61.473282	48.465649	59.091603	0.619167
-0.159912	-0.297852	1.244385	-58.900763	39.839695	49.213740	0.630711
-0.099609	-0.469971	1.409912	-49.778626	24.961832	28.694656	0.642518
-0.076904	-0.495605	1.499512	-34.091603	7.977099	7.786260	0.654382
-0.084473	-0.446045	1.537842	-14.114504	-8.725191	-10.099237	0.666034
-0.101318	-0.378418	1.506104	8.198473	-27.015267	-23.198473	0.677674
-0.129150	-0.304688	1.317627	25.732824	-39.305344	-35.167939	0.689870
-0.158447	-0.189453	1.102783	46.007634	-48.610687	-47.374046	0.702570
-0.187256	-0.020508	0.914551	60.045802	-48.297710	-55.740458	0.714265
-0.237549	0.168457	0.751953	63.480916	-43.992366	-61.022901	0.726295
-0.298096	0.356445	0.609619	64.244275	-44.458015	-61.854962	0.737805
-0.371094	0.604492	0.416748	53.320611	-44.770992	-56.541985	0.749579
-0.406982	0.822998	0.233154	29.389313	-34.870229	-35.847328	0.761061
-0.430664	0.903809	0.177734	-1.595420	-12.435115	-8.175573	0.772857
-0.421631	0.835449	0.248047	-29.435115	15.954198	13.824427	0.784279
-0.407471	0.735840	0.386719	-48.221374	38.442748	34.335878	0.795632
-0.397949	0.635010	0.592041	-51.916031	50.183206	53.931298	0.807180
-0.368408	0.528320	0.796387	-49.893130	51.709924	70.427481	0.819152
-0.327637	0.323975	0.889404	-44.167939	47.503817	91.755725	0.830727
-0.278564	0.092773	0.953613	-49.694656	37.404580	103.938931	0.842051
-0.164551	-0.283203	0.973389	-63.091603	38.465649	94.480916	0.853494
-0.075684	-0.582764	1.068115	-68.847328	40.862595	71.961832	0.864950
-0.011719	-0.738525	1.240479	-62.664122	39.473282	35.816794	0.876342
0.006348	-0.729736	1.495605	-35.000000	23.793893	5.671756	0.888321
-0.005615	-0.625488	1.662109	-10.351145	-5.045802	-21.106870	0.899935
-0.049316	-0.495361	1.548096	8.984733	-32.503817	-37.259542	0.911475
-0.078369	-0.354980	1.305664	28.725191	-47.114504	-48.709924	0.923264
-0.111816	-0.243652	1.112305	40.244275	-49.938931	-55.175573	0.934756
-0.144775	-0.155762	0.964111	48.297710	-50.274809	-62.992366	0.946109
-0.200439	-0.001221	0.803223	50.229008	-47.488550	-72.832061	0.957767
-0.288574	0.202148	0.658691	47.213740	-43.839695	-79.595420	0.969193
-0.346191	0.419189	0.531982	39.068702	-38.083969	-78.908397	0.980536
-0.416504	0.676270	0.421631	26.694656	-31.717557	-65.465649	0.992256
-0.447266	0.821045	0.321777	9.862595	-21.007634	-40.442748	1.003426
-0.448975	0.876465	0.268066	-8.351145	-3.900763	-10.923664	1.014359
-0.421631	0.797119	0.308105	-29.007634	25.984733	20.702290	1.026944
-0.398926	0.643066	0.435303	-38.099237	47.778626	41.603053	1.038615
-0.362305	0.495850	0.551270	-43.259542	63.015267	64.923664	1.050030
-0.309082	0.228516	0.704834	-51.480916	72.916031	77.862595	1.061518
-0.214355	0.008301	0.892090	-48.000000	75.961832	76.702290	1.073234
-0.166016	-0.195801	1.083252	-35.992366	65.725191	63.122137	1.084554
-0.132324	-0.268311	1.204346	-30.877863	53.259542	46.488550	1.096691
-0.112061	-0.308105	1.320557	-25.099237	36.435115	31.603053	1.108073
-0.094727	-0.344727	1.374268	-14.618321	15.076336	15.977099	1.120005
-0.097168	-0.326416	1.317871	-2.396947	-5.656489	1.938931	1.132158
-0.109375	-0.278320	1.189209	8.763359	-18.381679	-8.763359	1.143682
-0.133545	-0.200928	1.088623	16.175573	-23.190840	-21.290076	1.158737
-0.167236	-0.142090	1.060059	17.503817	-23.877863	-30.854962	1.170474
-0.201172	-0.048828	1.041748	24.458015	-28.541985	-37.335878	1.182103
-0.239746	0.078613	0.960449	22.305344	-32.458015	-42.992366	1.193552
-0.271729	0.149414	0.856689	25.557252	-32.961832	-38.862595	1.204955
-0.293457	0.237305	0.743896	21.977099	-30.809160	-36.931298	1.216484
-0.326172	0.325439	0.647217	11.236641	-22.335878	-31.725191	1.228345
-0.322266	0.420898	0.575195	8.908397	-11.763359	-19.923664	1.240102
-0.331787	0.447754	0.543213	-6.763359	3.580153	-4.916031	1.251425
-0.315186	0.370605	0.579346	-23.282443	20.549618	9.167939	1.262867
-0.306152	0.278076	0.677002	-31.244275	35.206107	18.450382	1.274620
-0.297852	0.171143	0.810547	-36.496183	44.091603	24.282443	1.285795
-0.275635	0.055908	1.005127	-35.022901	46.656489	27.282443	1.297408
-0.225586	-0.101562	1.350098	-29.198473	32.755725	23.511450	1.309116
-0.177246	-0.244385	1.512207	-25.114504	1.916031	9.404580	1.320873
-0.163818	-0.227783	1.395752	-16.687023	-23.656489	-7.229008	1.332253
-0.151855	-0.156494	1.294678	-8.366412	-44.503817	-19.366412	1.343932
-0.160400	-0.095947	1.163574	-0.137405	-57.190840	-28.854962	1.355756
-0.149414	0.006836	1.016357	7.145038	-66.748092	-34.732824	1.367352
-0.155273	0.119141	0.849854	10.687023	-68.328244	-40.022901	1.379427
-0.176025	0.187500	0.706787	11.312977	-58.442748	-39.954198	1.391446
-0.202637	0.317383	0.567627	19.816794	-48.694656	-38.984733	1.403778
-0.254639	0.469727	0.471680	19.946565	-35.946565	-33.145038	1.415012
-0.307861	0.603516	0.355957	15.870229	-21.282443	-18.229008	1.426608
-0.342773	0.647949	0.281494	2.053435	-0.099237	2.564885	1.438653
-0.354980	0.626221	0.255371	-13.847328	25.175573	20.320611	1.449963
-0.372803	0.572510	0.332275	-32.679389	54.755725	37.213740	1.461528
-0.352295	0.451660	0.538574	-45.061069	79.038168	53.732824	1.473299
-0.364990	0.368408	0.672607	-48.862595	90.465649	67.259542	1.484608
-0.355225	0.302246	0.737305	-48.122137	100.213740	82.923664	1.495910
-0.302002	0.062988	0.956299	-51.488550	99.595420	97.366412	1.507484
-0.236572	-0.297852	1.152344	-49.984733	94.702290	89.374046	1.519198
-0.165039	-0.544434	1.404541	-45.190840	79.870229	70.519084	1.530472
-0.124023	-0.701172	1.610596	-22.320611	49.770992	39.625954	1.542132
-0.100586	-0.646729	1.674316	-8.175573	16.839695	6.816794	1.553587
-0.127441	-0.491699	1.546387	3.458015	-15.664122	-15.610687	1.565051
-0.134766	-0.390381	1.279541	12.419847	-36.404580	-27.137405	1.576522
-0.150879	-0.292236	1.095459	16.374046	-42.961832	-39.480916	1.588189
-0.185059	-0.173584	0.930420	22.427481	-44.282443	-48.076336	1.599760
-0.237793	-0.049805	0.781250	25.641221	-40.099237	-53.870229	1.611075
-0.300049	0.123047	0.688965	23.877863	-31.847328	-54.458015	1.623030
-0.347412	0.257324	0.633301	23.458015	-21.000000	-47.389313	1.634409
-0.369385	0.368408	0.645264	18.770992	-10.160305	-36.015267	1.645755
-0.359619	0.385742	0.674316	11.778626	-2.984733	-20.832061	1.657293
-0.360352	0.391846	0.800537	11.862595	0.541985	-7.580153	1.669070
-0.332520	0.326660	0.953125	6.977099	-4.129771	2.015267	1.680088
-0.298096	0.170898	1.072998	7.190840	-16.503817	10.328244	1.691534
-0.269287	0.057617	1.055176	7.167939	-26.129771	5.496183	1.702522
-0.220459	-0.066162	1.274658	8.832061	-44.572519	-5.946565	1.713715
-0.187988	-0.071777	1.440430	14.679389	-74.877863	-19.541985	1.724118
-0.186035	0.004150	1.461670	25.129771	-109.610687	-27.381679	1.734104
-0.184082	0.073242	1.147705	25.954198	-131.755725	-30.442748	1.744361
-0.150391	0.066406	0.902588	19.816794	-130.099237	-31.984733	1.754358
-0.110352	0.079346	0.719238	16.923664	-116.687023	-34.244275	1.764218
-0.093750	0.115234	0.572998	16.114504	-94.809160	-34.305344	1.774847
-0.075684	0.157959	0.528076	6.786260	-72.541985	-34.763359	1.784831
-0.076416	0.187012	0.582275	20.427481	-47.328244	-30.045802	1.795071
-0.089111	0.275391	0.584717	20.045802	-34.877863	-23.923664	1.805426
-0.103516	0.269043	0.565186	12.076336	-21.618321	-18.259542	1.815380
-0.159424	0.412842	0.489502	18.687023	-6.343511	-11.625954	1.825513
-0.222168	0.566406	0.434082	10.244275	12.618321	3.923664	1.835539
-0.271240	0.633545	0.418213	-3.961832	35.175573	24.396947	1.845678
-0.277588	0.601318	0.508301	-16.755725	56.603053	47.038168	1.855584
-0.250977	0.435547	0.675781	-31.908397	69.389313	64.000000	1.865705
-0.224365	0.246338	0.986084	-29.725191	66.290076	71.282443	1.875952
-0.178223	0.155518	1.273926	-18.175573	42.351145	79.000000	1.885910
-0.087646	-0.169434	1.459229	-12.778626	12.404580	82.816794	1.896105
0.017578	-0.472168	1.405029	-8.862595	-8.938931	65.099237	1.906501
0.059570	-0.575195	1.379395	-5.297710	-17.656489	41.992366	1.916704
0.120361	-0.635498	1.334961	-4.312977	-25.007634	13.847328	1.926844
0.118652	-0.592285	1.245605	-4.801527	-31.969466	-14.885496	1.936965
0.109619	-0.448242	1.204102	3.694656	-37.007634	-36.251908	1.947180
0.085205	-0.295654	1.126709	6.725191	-41.442748	-50.770992	1.956736
0.036377	-0.169189	1.000977	9.274809	-44.992366	-60.549618	1.966218
-0.014648	-0.042969	0.805176	16.083969	-41.992366	-69.259542	1.975886
-0.076660	0.095459	0.668457	22.358779	-32.022901	-76.343511	1.985768
-0.137207	0.246826	0.538818	28.519084	-19.351145	-79.343511	1.995461
-0.225830	0.530029	0.429199	26.656489	-7.519084	-76.572519	2.006330
-0.315430	0.744629	0.381592	22.946565	2.442748	-60.450382	2.016282
-0.385986	0.895996	0.330811	14.595420	16.091603	-28.480916	2.026991
-0.412842	0.910400	0.332764	-7.503817	34.129771	0.061069	2.037211
-0.389404	0.784424	0.446777	-34.442748	54.305344	23.328244	2.047623
-0.366455	0.665039	0.569824	-46.732824	66.679389	36.198473	2.057870
-0.334961	0.572754	0.738525	-45.076336	69.152672	49.641221	2.067747
-0.316162	0.544189	0.903809	-41.732824	67.206107	62.442748	2.077583
-0.272461	0.474121	1.009277	-28.580153	57.763359	83.725191	2.087878
-0.197998	0.283936	1.029297	-22.770992	48.648855	103.458015	2.098063
-0.098877	-0.043213	1.029053	-33.160305	44.778626	109.702290	2.108190
0.041260	-0.426758	1.165039	-40.404580	44.038168	97.251908	2.118501
0.141113	-0.691406	1.300781	-21.908397	30.030534	75.137405	2.128580
0.168701	-0.796143	1.368896	-7.816794	22.763359	42.328244	2.138523
0.177490	-0.783203	1.423828	-6.213740	16.152672	4.916031	2.148703
0.139648	-0.628906	1.485352	2.618321	6.778626	-23.778626	2.158819
0.083252	-0.468018	1.452881	16.412214	-10.396947	-40.923664	2.168848
0.027588	-0.315186	1.300293	28.381679	-26.816794	-51.587786	2.178830
-0.035645	-0.175293	1.131592	35.557252	-35.580153	-59.931298	2.188940
-0.112305	-0.043945	0.973389	35.778626	-38.099237	-65.908397	2.198957
-0.177246	0.050537	0.833740	34.038168	-36.022901	-70.045802	2.208699
-0.260742	0.159180	0.704346	28.549618	-28.893130	-74.816794	2.219019
-0.320068	0.353027	0.621826	24.694656	-21.198473	-75.824427	2.229041
-0.390381	0.562256	0.552734	21.083969	-15.099237	-65.893130	2.239126
-0.437744	0.740234	0.498291	18.969466	-9.587786	-50.198473	2.249275
-0.465332	0.844482	0.473145	10.740458	2.221374	-24.458015	2.259544
-0.461426	0.862793	0.455322	-3.595420	11.458015	-0.427481	2.269430
-0.431885	0.779785	0.433105	-17.267176	23.847328	19.854962	2.278972
-0.405273	0.667969	0.408447	-24.519084	38.610687	36.877863	2.288890
-0.378418	0.575684	0.447021	-33.137405	52.328244	53.274809	2.299134
-0.339355	0.492676	0.587891	-41.328244	65.122137	67.778626	2.308854
-0.278320	0.329590	0.752441	-43.534351	72.282443	80.435115	2.319137
-0.197021	0.114014	0.936279	-46.190840	73.893130	88.679389	2.329030
-0.107666	-0.169189	1.166992	-47.167939	70.984733	88.839695	2.338995
-0.030273	-0.513672	1.443359	-41.984733	56.083969	75.595420	2.349147
0.030273	-0.701660	1.590332	-35.007634	39.007634	43.694656	2.359525
0.053467	-0.712158	1.674316	-27.809160	23.297710	11.480916	2.369459
0.010010	-0.599121	1.710693	-10.465649	-5.664122	-18.297710	2.379570
-0.037842	-0.455566	1.639648	6.603053	-32.129771	-35.404580	2.389719
-0.082275	-0.350342	1.483154	19.053435	-52.015267	-47.259542	2.399649
-0.111328	-0.213867	1.253906	36.053435	-65.366412	-55.770992	2.409847
-0.151611	-0.054932	1.014893	47.290076	-70.320611	-60.427481	2.420276
-0.180420	0.056641	0.853271	47.229008	-62.893130	-63.290076	2.430261
-0.234131	0.176025	0.766846	50.557252	-56.740458	-65.770992	2.440126
-0.299805	0.357178	0.642578	50.916031	-53.381679	-64.969466	2.450267
-0.366943	0.565186	0.524414	40.977099	-48.274809	-58.893130	2.460196
-0.408936	0.750977	0.397705	20.198473	-40.679389	-43.396947	2.470607
-0.451416	0.845215	0.313477	4.633588	-30.786260	-20.587786	2.480419
-0.436279	0.858887	0.250000	-9.328244	-16.099237	6.122137	2.490548
-0.398926	0.766846	0.201660	-28.229008	3.877863	27.809160	2.500766
-0.373291	0.710938	0.255615	-42.511450	26.396947	43.000000	2.510919
-0.361328	0.634766	0.385254	-51.755725	42.259542	64.679389	2.521071
-0.288086	0.516602	0.545166	-64.007634	51.328244	83.351145	2.531119
-0.274658	0.182129	0.662354	-78.190840	61.083969	98.557252	2.541161
-0.126465	-0.109619	0.802734	-69.603053	60.305344	101.541985	2.551117
-0.050781	-0.433350	0.994385	-69.366412	59.145038	95.236641	2.560643
0.023438	-0.708008	1.216553	-70.450382	65.099237	72.587786	2.570251
0.087158	-0.791260	1.496338	-52.641221	61.206107	44.572519	2.580344
0.141113	-0.774658	1.783203	-26.793893	46.770992	23.564885	2.590000
0.108154	-0.806152	1.999939	-10.030534	20.137405	0.648855	2.600207
0.080811	-0.767090	1.978027	16.152672	-5.916031	-22.404580	2.610128
0.019043	-0.614502	1.701172	50.526718	-41.503817	-42.763359	2.620805
-0.045410	-0.450684	1.341797	64.770992	-59.274809	-58.267176	2.631277
-0.104004	-0.205566	1.073730	72.770992	-66.122137	-66.450382	2.641328
-0.165527	-0.005859	0.848389	70.274809	-64.687023	-76.167939	2.651654
-0.236084	0.188721	0.667725	67.801527	-57.900763	-79.534351	2.661992
-0.298828	0.437256	0.554932	68.106870	-52.916031	-76.809160	2.672172
-0.364014	0.687988	0.440674	60.473282	-46.160305	-69.450382	2.682213
-0.413574	0.843994	0.356689	35.068702	-34.480916	-53.366412	2.692237
-0.436279	0.908447	0.302002	13.801527	-22.328244	-30.946565	2.702360
-0.433350	0.935791	0.226074	6.854962	-10.206107	-5.236641	2.712283
-0.407227	0.887207	0.156250	-10.625954	6.488550	15.274809	2.721912
-0.377930	0.793457	0.132812	-33.297710	32.068702	32.435115	2.732287
-0.310791	0.752686	0.221191	-46.656489	73.580153	40.938931	2.742382
-0.357910	0.603760	0.402588	-23.488550	95.793893	59.297710	2.752374
-0.351562	0.488281	0.572754	-17.389313	97.259542	76.519084	2.761824
-0.237793	0.252441	0.745117	-40.511450	92.358779	88.717557	2.772491
-0.203857	0.024170	0.940674	-62.977099	77.534351	89.015267	2.782455
-0.103516	-0.243896	1.127441	-95.320611	71.618321	79.984733	2.792293
-0.036377	-0.502441	1.347900	-89.167939	60.992366	72.587786	2.802340
-0.064453	-0.633301	1.601318	-68.870229	40.992366	60.778626	2.812352
0.018799	-0.715820	1.737305	-55.465649	16.778626	34.374046	2.822418
0.053223	-0.814453	1.764404	-38.732824	9.473282	9.992366	2.832542
0.050049	-0.783447	1.726807	11.152672	-2.305344	-12.580153	2.842578
0.007568	-0.676758	1.663818	29.427481	-16.946565	-35.534351	2.852341
-0.041504	-0.480957	1.505127	57.244275	-36.183206	-50.854962	2.861868
-0.083252	-0.299805	1.273682	67.328244	-49.618321	-63.908397	2.871633
-0.149414	-0.140625	1.041260	64.595420	-56.839695	-71.564885	2.881398
-0.187744	0.005615	0.826660	66.305344	-58.633588	-77.320611	2.891302
-0.259766	0.236328	0.636475	59.725191	-58.000000	-86.160305	2.902237
-0.356689	0.567871	0.427490	47.564885	-57.694656	-85.114504	2.914487
-0.427734	0.848145	0.200439	29.541985	-51.519084	-71.824427	2.926049
-0.537842	0.885010	0.097656	-2.526718	-16.641221	-56.374046	2.937643
-0.489990	0.930420	0.088623	-8.450382	12.916031	-24.381679	2.949402
-0.594971	0.928955	0.145996	-15.160305	54.198473	-1.885496	2.960759
-0.533691	0.852783	0.355713	-43.183206	56.755725	35.961832	2.972396
-0.440186	0.642578	0.473389	-64.106870	71.801527	53.587786	2.983864
-0.351318	0.510986	0.706787	-79.465649	72.137405	70.824427	2.995421
-0.298096	0.255615	0.922119	-88.358779	68.839695	88.274809	3.006632
-0.283203	-0.102295	1.106445	-77.404580	59.610687	103.297710	3.018442
-0.152100	-0.498291	1.270996	-58.473282	41.404580	97.427481	3.030532
-0.188477	-0.674072	1.417969	-61.496183	25.748092	75.145038	3.042090
0.017578	-0.780029	1.468262	-49.832061	21.480916	42.870229	3.053503
0.051025	-0.828857	1.624756	-27.702290	19.099237	12.068702	3.065025
-0.014404	-0.749023	1.766113	21.809160	-5.732824	-19.725191	3.076743
-0.069824	-0.495361	1.603271	48.290076	-33.236641	-41.190840	3.088485
-0.104248	-0.289551	1.326904	58.877863	-48.045802	-50.877863	3.099650
-0.149170	-0.184570	1.139648	66.290076	-54.763359	-61.900763	3.111188
-0.216797	-0.053711	0.896240	62.755725	-59.114504	-72.969466	3.122903
-0.280518	0.238281	0.605469	45.297710	-55.312977	-83.832061	3.139216
-0.345459	0.432129	0.461426	32.717557	-47.824427	-83.122137	3.150869
-0.404053	0.613037	0.331299	11.610687	-34.816794	-75.221374	3.162345
-0.426270	0.727783	0.282227	-4.061069	-20.198473	-56.671756	3.173604
-0.416504	0.737305	0.257568	-18.534351	4.832061	-34.274809	3.184551
-0.423828	0.747314	0.234619	-25.061069	24.335878	-9.900763	3.195866
-0.433594	0.689453	0.294434	-28.923664	43.419847	18.343511	3.208012
-0.377930	0.573486	0.397461	-47.541985	62.396947	40.908397	3.219933
-0.360107	0.433594	0.527832	-67.343511	71.290076	58.259542	3.231238
-0.316895	0.175537	0.802246	-80.290076	73.503817	76.610687	3.242849
-0.268555	-0.134277	1.050537	-89.358779	71.488550	82.458015	3.254055
-0.137695	-0.448975	1.419678	-68.404580	52.114504	78.526718	3.267389
-0.014160	-0.742920	1.684814	-59.435115	17.106870	49.908397	3.279660
-0.092285	-0.765381	1.801025	-44.778626	-0.870229	19.435115	3.291342
-0.045166	-0.660400	1.729736	11.297710	-23.748092	-11.374046	3.303228
-0.103516	-0.525391	1.414551	40.167939	-42.923664	-31.641221	3.315032
-0.135254	-0.297607	1.182617	55.412214	-51.648855	-47.442748	3.326594
-0.175537	-0.115479	1.001709	62.839695	-53.969466	-56.557252	3.338230
-0.210938	0.065430	0.820801	61.244275	-52.274809	-60.671756	3.350187
-0.261475	0.248291	0.642822	52.824427	-44.549618	-65.061069	3.361602
-0.286133	0.411865	0.520508	49.862595	-38.412214	-60.290076	3.373136
-0.365234	0.573975	0.397461	38.175573	-29.061069	-49.931298	3.385124
-0.420654	0.670654	0.279785	20.152672	-4.923664	-33.770992	3.396860
-0.469727	0.678955	0.194336	22.778626	22.748092	-11.694656	3.408645
-0.387695	0.665527	0.215576	6.083969	51.145038	12.954198	3.420568
-0.414307	0.593994	0.335938	-14.038168	66.038168	32.534351	3.432193
-0.407471	0.560791	0.469238	-37.580153	77.061069	49.580153	3.443530
-0.380615	0.376221	0.747070	-68.809160	72.236641	71.412214	3.455032
-0.326416	0.025391	0.998047	-95.931298	68.320611	79.908397	3.466500
-0.125000	-0.285400	1.133301	-80.091603	50.221374	72.030534	3.478110
-0.130127	-0.500000	1.390625	-60.839695	35.503817	51.549618	3.489876
-0.071533	-0.499023	1.496094	-48.603053	21.282443	30.312977	3.501251
-0.128906	-0.560303	1.562012	-22.717557	26.045802	10.114504	3.512890
-0.113525	-0.569824	1.665771	22.442748	-3.763359	-9.312977	3.524425
-0.166260	-0.398438	1.520508	38.786260	-31.251908	-27.206107	3.535930
-0.187988	-0.252197	1.285156	52.061069	-44.664122	-35.458015	3.547639
-0.205811	-0.130615	1.120117	62.793893	-50.770992	-41.519084	3.558834
-0.215088	0.001709	0.942871	60.022901	-53.068702	-51.129771	3.570839
-0.285400	0.193359	0.746094	57.572519	-55.916031	-57.625954	3.582307
-0.364746	0.368896	0.486084	54.343511	-62.129771	-53.251908	3.593836
-0.413818	0.619873	0.218506	27.610687	-56.931298	-44.358779	3.605367
-0.421387	0.655518	0.103271	-7.038168	-32.206107	-28.290076	3.616840
-0.399658	0.675781	0.114746	-38.183206	10.083969	-16.801527	3.628765
-0.468506	0.692871	0.293701	-40.412214	43.916031	5.763359	3.639999
-0.447510	0.619141	0.576416	-42.755725	53.786260	31.786260	3.651509
-0.388184	0.437500	0.753906	-54.389313	56.809160	48.328244	3.662940
-0.330566	0.250488	0.906738	-63.053435	53.412214	62.343511	3.674624
-0.268555	-0.081299	1.069580	-66.893130	48.167939	69.343511	3.686291
-0.186279	-0.320068	1.201660	-57.229008	42.022901	62.305344	3.697786
-0.142334	-0.442627	1.391113	-29.763359	26.061069	43.061069	3.709341
-0.140869	-0.500244	1.468506	-19.190840	10.961832	20.404580	3.721269
-0.116455	-0.545410	1.469238	7.809160	-12.221374	3.648855	3.732650
-0.115234	-0.425537	1.333740	25.175573	-26.282443	-15.473282	3.744590
-0.137695	-0.299072	1.218018	41.641221	-34.022901	-26.969466	3.756336
-0.156006	-0.193359	1.089355	51.076336	-41.854962	-37.519084	3.767707
-0.171387	-0.036133	0.944336	57.625954	-45.374046	-44.015267	3.779476
-0.234375	0.127930	0.810059	57.725191	-46.290076	-49.167939	3.791031
-0.265625	0.268799	0.604004	56.427481	-48.458015	-47.641221	3.802309
-0.330811	0.446533	0.392090	37.068702	-47.129771	-43.603053	3.813855
-0.372559	0.586670	0.172607	15.328244	-34.694656	-31.358779	3.825497
-0.390869	0.614258	0.100830	-20.916031	-1.877863	-19.961832	3.836912
-0.399902	0.597656	0.211670	-37.603053	36.068702	-7.328244	3.848690
-0.414551	0.630615	0.430908	-45.732824	53.000000	10.946565	3.860260
-0.442139	0.559082	0.703125	-62.969466	58.290076	33.000000	3.872048
-0.386475	0.353516	0.898682	-70.335878	58.641221	51.709924	3.883440
-0.311279	0.060303	1.098877	-67.190840	52.732824	61.015267	3.895220
-0.210938	-0.219238	1.218262	-52.389313	44.732824	60.076336	3.906879
-0.161377	-0.444824	1.367676	-25.977099	34.297710	49.656489	3.918686
-0.118408	-0.515137	1.522461	-12.809160	14.519084	27.335878	3.930198
-0.077881	-0.543213	1.578125	-2.358779	-4.572519	8.633588	3.941550
-0.096924	-0.484131	1.569092	22.015267	-25.137405	-10.984733	3.953403
-0.126709	-0.351562	1.377441	38.076336	-44.381679	-25.122137	3.965245
-0.147461	-0.256836	1.208496	54.053435	-55.839695	-35.900763	3.977107
-0.191895	-0.181152	1.038086	60.664122	-57.877863	-44.809160	3.988923
-0.193115	0.065430	0.873047	61.603053	-59.648855	-54.137405	4.001004
-0.237793	0.224609	0.705078	55.793893	-61.007634	-54.435115	4.012664
-0.265869	0.401855	0.524414	44.473282	-55.473282	-52.709924	4.024764
-0.322510	0.511230	0.379395	29.358779	-48.068702	-41.870229	4.036125
-0.356445	0.590088	0.241211	9.259542	-36.053435	-30.839695	4.047615
-0.385986	0.639648	0.192627	-14.236641	-16.099237	-19.496183	4.059217
-0.391846	0.664551	0.247803	-37.564885	7.770992	-3.862595	4.070785
-0.387939	0.622559	0.343994	-58.351145	29.282443	17.427481	4.082586
-0.368896	0.526611	0.470703	-74.175573	48.259542	30.145038	4.094194
-0.368408	0.427490	0.636963	-71.809160	55.900763	44.977099	4.105765
-0.328613	0.310791	0.764404	-78.389313	56.549618	66.870229	4.117603
-0.250732	-0.014404	0.995361	-94.152672	54.587786	76.625954	4.129445
-0.167236	-0.385254	1.193115	-92.358779	37.839695	69.931298	4.140839
-0.101318	-0.596191	1.299316	-67.129771	24.908397	54.122137	4.152428
-0.022461	-0.696777	1.428223	-45.335878	16.587786	27.801527	4.163896
-0.010986	-0.653564	1.565430	-23.541985	4.679389	2.809160	4.175670
-0.026123	-0.572754	1.683350	-16.473282	-17.473282	-13.938931	4.187123
-0.079834	-0.498047	1.558105	8.091603	-32.885496	-27.229008	4.198722
-0.113770	-0.451660	1.282471	38.320611	-41.297710	-38.488550	4.210101
-0.135742	-0.258057	1.043457	62.541985	-48.076336	-50.709924	4.221956
-0.172607	-0.060303	0.862305	63.854962	-43.862595	-61.786260	4.233442
-0.226318	0.141846	0.722656	63.236641	-38.938931	-65.694656	4.245027
-0.286377	0.316406	0.582764	61.015267	-34.801527	-65.595420	4.256333
-0.356934	0.529541	0.425049	53.190840	-32.473282	-58.816794	4.268013
-0.342773	0.691406	0.265869	29.099237	-18.045802	-44.267176	4.279865
-0.391602	0.689209	0.191162	10.916031	12.305344	-24.000000	4.291211
-0.384033	0.671631	0.188477	3.465649	34.221374	0.282443	4.302950
-0.408691	0.604248	0.275879	-18.129771	54.274809	18.717557	4.314446
-0.403564	0.659180	0.466797	-42.358779	73.106870	37.969466	4.325965
-0.331787	0.621582	0.738037	-73.335878	67.801527	70.946565	4.337581
-0.375000	0.214600	1.081055	-100.511450	53.656489	100.770992	4.349388
-0.250000	-0.290283	1.282471	-112.511450	19.251908	107.709924	4.360939
-0.102295	-0.600342	1.402588	-111.122137	-17.969466	93.335878	4.372711
0.005371	-0.856689	1.477051	-113.152672	-37.648855	57.580153	4.383993
-0.042480	-0.922363	1.636719	-88.091603	-48.396947	18.061069	4.395324
-0.062256	-0.989990	1.580566	-18.343511	-35.496183	-7.847328	4.407312
-0.136963	-0.681396	1.506348	36.274809	-49.641221	-35.328244	4.418928
-0.102295	-0.391113	1.333496	59.381679	-67.931298	-52.671756	4.430637
-0.116943	-0.169678	1.063232	69.229008	-73.381679	-54.679389	4.442140
-0.117432	-0.085449	0.788818	75.366412	-66.557252	-54.267176	4.453484
-0.128906	0.023926	0.620117	77.900763	-56.664122	-58.801527	4.465021
-0.198730	0.206055	0.532959	73.007634	-42.778626	-62.061069	4.476832
-0.233154	0.487061	0.371338	63.137405	-25.305344	-60.679389	4.488410
-0.228760	0.578857	0.246582	66.908397	-2.992366	-43.656489	4.499602
-0.362793	0.656494	0.156738	63.198473	22.290076	-25.908397	4.511396
-0.454346	0.715088	0.145020	35.374046	43.083969	-9.381679	4.523242
-0.407471	0.746338	0.264893	3.709924	65.106870	9.160305	4.534822
-0.436279	0.639404	0.490723	-29.427481	76.587786	26.419847	4.546179
-0.475586	0.516113	0.744141	-59.183206	64.580153	43.030534	4.557483
-0.341797	0.365234	0.871338	-74.312977	62.374046	62.183206	4.569098
-0.228516	0.075684	1.093506	-86.458015	50.374046	79.343511	4.580760
-0.065186	-0.312988	1.269531	-85.618321	29.969466	81.725191	4.592257
-0.021484	-0.572266	1.508057	-81.633588	-2.946565	70.893130	4.603665
-0.011719	-0.783691	1.651123	-70.755725	-21.404580	35.480916	4.615412
0.041260	-0.831299	1.644775	-40.412214	-27.137405	4.389313	4.627060
0.135498	-0.733154	1.508301	11.977099	-30.786260	-27.404580	4.638827
-0.042725	-0.511719	1.300049	57.022901	-37.320611	-45.725191	4.650553
-0.083740	-0.186279	1.102295	68.320611	-42.595420	-58.442748	4.662136
-0.132812	0.025391	0.910645	74.251908	-41.129771	-60.000000	4.673889
-0.199707	0.206299	0.743408	69.213740	-35.190840	-63.351145	4.685724
-0.267578	0.376221	0.572998	59.786260	-30.954198	-62.824427	4.697583
-0.316406	0.511719	0.420410	60.213740	-22.793893	-56.580153	4.709263
-0.382324	0.678223	0.325439	46.687023	10.725191	-45.381679	4.721203
-0.357422	0.775635	0.307373	47.442748	37.259542	-22.603053	4.732863
-0.367432	0.781494	0.282959	33.236641	56.053435	3.702290	4.744372
-0.415771	0.781982	0.411133	1.480916	65.145038	31.824427	4.755786
-0.392822	0.668701	0.578369	-41.465649	69.702290	54.198473	4.767179
-0.333740	0.457031	0.791260	-89.961832	54.793893	80.984733	4.778937
-0.304688	0.039062	1.056885	-132.847328	33.114504	94.809160	4.790479
-0.118652	-0.355469	1.276367	-137.129771	-6.290076	88.908397	4.801842
-0.140381	-0.579102	1.451172	-132.832061	-42.022901	65.816794	4.813361
-0.000732	-0.783447	1.485596	-124.618321	-43.282443	35.641221	4.825555
0.013184	-0.772461	1.540283	-61.236641	-44.083969	5.801527	4.837008
-0.001221	-0.746582	1.408203	1.213740	-28.122137	-17.519084	4.848559
-0.089600	-0.507568	1.205566	53.824427	-28.603053	-34.664122	4.860065
-0.093018	-0.284668	1.035645	64.885496	-20.496183	-49.435115	4.871701
-0.184326	-0.068848	0.943604	77.603053	-16.870229	-52.557252	4.883584
-0.102783	0.077637	0.831055	78.129771	-22.572519	-51.389313	4.895169
-0.192383	0.227783	0.691162	66.396947	-17.793893	-51.839695	4.906598
-0.295654	0.375732	0.559082	53.870229	-18.175573	-45.839695	4.918111
-0.340820	0.501465	0.459717	39.641221	-12.786260	-34.801527	4.930029
-0.308350	0.580811	0.399658	28.442748	0.557252	-20.877863	4.941396
-0.309570	0.622559	0.400635	15.748092	17.801527	-4.404580	4.952896
-0.330322	0.610352	0.455811	-5.366412	26.183206	17.374046	4.964409
-0.360840	0.560547	0.633057	-22.435115	35.137405	33.702290	4.976167
-0.293213	0.402832	0.766113	-38.152672	28.465649	43.801527	4.987659
-0.265381	0.256348	0.868408	-49.564885	23.946565	54.106870	4.999340
-0.198242	0.007080	0.987305	-53.458015	16.916031	62.610687	5.010547
-0.124512	-0.191162	1.082031	-40.366412	6.282443	64.984733	5.022589
-0.014404	-0.297363	1.193848	-39.694656	-9.404580	58.755725	5.034143
-0.011719	-0.502197	1.266113	-40.832061	-6.748092	47.908397	5.045385
0.031006	-0.609863	1.366943	-20.908397	-8.610687	28.007634	5.056726
0.020264	-0.678711	1.425293	0.748092	-11.015267	2.458015	5.068152
0.037842	-0.555420	1.402100	23.526718	-16.702290	-22.045802	5.078524
-0.017822	-0.358154	1.247314	59.328244	-30.847328	-34.816794	5.088890
-0.060791	-0.134766	1.086182	55.022901	-37.938931	-45.809160	5.098812
-0.110352	0.010742	0.925781	50.702290	-38.984733	-51.496183	5.109113
-0.156982	0.158447	0.814697	48.732824	-37.618321	-52.931298	5.119242
-0.206055	0.299805	0.665771	40.328244	-35.000000	-53.129771	5.129876
-0.245850	0.447754	0.537109	30.732824	-25.045802	-46.770992	5.141843
-0.266602	0.525879	0.444336	23.190840	-7.503817	-34.419847	5.151852
-0.314697	0.517334	0.358887	33.000000	14.236641	-19.511450	5.161863
-0.327393	0.611084	0.316406	22.480916	27.396947	-5.152672	5.171858
-0.270020	0.641113	0.327148	2.900763	43.480916	10.572519	5.181793
-0.263428	0.612305	0.399658	-20.893130	54.045802	25.282443	5.191848
-0.321777	0.474854	0.509033	-37.656489	60.061069	41.000000	5.201942
-0.250000	0.427734	0.613037	-54.946565	66.320611	55.526718	5.211829
-0.234131	0.117188	0.846680	-68.496183	66.854962	73.183206	5.222005
-0.198730	-0.167480	1.037842	-75.389313	61.480916	79.083969	5.232088
-0.175049	-0.397949	1.217773	-59.473282	46.267176	72.145038	5.242015
-0.072510	-0.573242	1.393311	-70.748092	31.290076	53.290076	5.252138
-0.065674	-0.716309	1.521240	-66.404580	23.381679	30.450382	5.262143
-0.108154	-0.712891	1.625488	-39.137405	10.580153	4.198473	5.271962
-0.027344	-0.698242	1.621826	-9.847328	1.885496	-19.229008	5.281910
-0.024414	-0.655273	1.593262	16.236641	-16.572519	-43.526718	5.292229
-0.039795	-0.485596	1.424072	42.465649	-40.465649	-64.618321	5.302382
-0.078613	-0.275879	1.160645	46.977099	-54.312977	-78.503817	5.312500
-0.146240	-0.124756	0.930664	60.923664	-52.641221	-85.725191	5.322832
-0.197021	0.042969	0.672607	67.740458	-44.854962	-94.435115	5.333239
-0.268555	0.279053	0.487305	61.282443	-35.312977	-97.068702	5.343479
-0.334717	0.516357	0.343506	56.709924	-30.251908	-93.312977	5.353973
-0.427979	0.785400	0.137695	43.702290	-9.045802	-80.244275	5.364021
-0.511475	0.949219	0.024658	47.557252	25.091603	-55.801527	5.373982
-0.516357	0.979980	0.052002	43.969466	64.435115	-23.625954	5.383774
-0.503906	1.026611	0.229492	12.404580	91.511450	9.885496	5.393908
-0.513428	0.970947	0.444092	-8.145038	105.358779	37.114504	5.403845
-0.528076	0.783936	0.624512	-31.702290	103.717557	65.755725	5.413963
-0.435547	0.575928	0.771729	-50.007634	96.519084	85.801527	5.423854
-0.363525	0.234131	0.942871	-64.137405	83.274809	103.557252	5.434252
-0.275635	-0.156250	1.177979	-64.931298	59.671756	99.030534	5.444386
-0.157959	-0.431641	1.301025	-63.541985	30.259542	78.679389	5.454250
-0.126465	-0.529541	1.433838	-97.244275	2.305344	51.122137	5.464415
-0.052002	-0.558594	1.454834	-80.328244	-19.916031	34.419847	5.474427
-0.060547	-0.612305	1.472656	-49.793893	-42.893130	28.671756	5.484365
-0.000732	-0.567383	1.431641	-41.465649	-42.022901	9.847328	5.494817
0.026123	-0.664307	1.343994	-11.992366	-36.053435	-9.022901	5.504492
-0.075928	-0.589111	1.227783	22.442748	-31.068702	-26.977099	5.514646
-0.100098	-0.402588	1.148438	45.320611	-29.984733	-43.206107	5.525049
-0.156982	-0.249023	1.091309	55.900763	-30.496183	-53.251908	5.535153
-0.201904	-0.099609	1.020508	59.893130	-29.358779	-63.137405	5.545051
-0.279297	0.061768	0.910156	57.694656	-27.770992	-72.992366	5.555149
-0.344727	0.288574	0.760498	65.557252	-29.312977	-80.648855	5.565152
-0.400146	0.597900	0.531006	67.786260	-27.068702	-80.236641	5.575388
-0.402588	0.845215	0.289795	71.977099	-6.664122	-61.549618	5.585434
-0.495117	1.057861	0.208008	65.435115	15.236641	-28.778626	5.595524
-0.589844	0.972412	0.173096	43.114504	31.412214	-0.938931	5.605395
-0.425049	0.871094	0.142090	8.274809	53.076336	25.870229	5.615398
-0.396973	0.898438	0.269775	-30.053435	68.503817	55.992366	5.625344
-0.387695	0.646484	0.510986	-60.977099	71.473282	76.381679	5.635494
-0.362549	0.330078	0.846680	-96.732824	59.763359	95.114504	5.645613
-0.246826	-0.026367	1.072754	-101.595420	37.091603	102.687023	5.655123
-0.178955	-0.371338	1.304688	-99.030534	11.938931	94.442748	5.665210
-0.158936	-0.599121	1.509033	-108.114504	-8.000000	72.221374	5.675119
-0.081543	-0.677734	1.611328	-103.809160	-28.992366	47.030534	5.684531
-0.043213	-0.791748	1.634033	-60.793893	-38.687023	24.946565	5.694733
0.013916	-0.856445	1.607666	-29.809160	-35.603053	2.351145	5.704625
0.016113	-0.801025	1.633545	13.389313	-34.610687	-27.671756	5.714955
-0.095703	-0.601318	1.521729	65.847328	-51.564885	-43.404580	5.724864
-0.145264	-0.363281	1.219238	74.175573	-64.702290	-53.641221	5.734945
-0.177979	-0.247559	0.945068	79.480916	-62.984733	-58.816794	5.744932
-0.174316	-0.140381	0.766602	96.335878	-51.419847	-62.381679	5.755069
-0.174072	0.044922	0.683350	102.610687	-39.854962	-71.213740	5.764997
-0.226807	0.322266	0.588135	106.297710	-33.076336	-76.595420	5.775117
-0.299561	0.600342	0.467041	103.893130	-32.122137	-73.236641	5.784844
-0.330566	0.830811	0.272461	84.885496	-23.175573	-62.671756	5.794297
-0.316895	0.867188	0.093750	74.801527	-8.068702	-45.923664	5.804278
-0.470947	0.899414	-0.047363	61.618321	10.648855	-27.900763	5.814836
-0.412354	0.998535	-0.142334	45.519084	37.458015	-10.557252	5.824928
-0.360352	1.052979	-0.148193	4.564885	72.763359	14.030534	5.834539
-0.461426	0.965576	0.025879	-44.824427	102.297710	41.572519	5.844714
-0.402832	0.805176	0.283691	-98.366412	109.870229	69.770992	5.854835
-0.379395	0.477051	0.650879	-124.351145	102.541985	94.564885	5.864837
-0.384033	0.184570	1.026123	-140.351145	82.755725	112.221374	5.874984
-0.320068	-0.287354	1.435303	-141.267176	51.717557	122.419847	5.885103
-0.270752	-0.641602	1.727783	-132.885496	8.129771	108.656489	5.895138
-0.046875	-0.820557	1.839111	-112.000000	-10.656489	87.198473	5.905558
-0.053955	-1.020020	1.902588	-58.320611	-25.137405	56.076336	5.915779
0.024658	-1.033203	1.834229	7.480916	-22.801527	22.343511	5.926087
0.022705	-0.901855	1.716064	44.687023	-13.335878	-14.603053	5.935864
-0.045410	-0.673340	1.522461	79.671756	-35.885496	-45.603053	5.946453
-0.091309	-0.429199	1.292236	63.877863	-44.618321	-62.923664	5.956488
-0.127686	-0.285889	1.072998	80.114504	-52.374046	-72.305344	5.966663
-0.153320	-0.162109	0.830322	75.419847	-53.183206	-87.938931	5.976894
-0.229248	0.125244	0.629639	76.152672	-46.984733	-101.320611	5.986708
-0.280762	0.426025	0.485352	71.702290	-38.732824	-102.641221	5.996516
-0.330078	0.644531	0.371582	64.030534	-29.297710	-93.282443	6.006786
-0.438232	0.839844	0.282227	59.389313	-18.389313	-74.778626	6.016717
-0.501221	0.919678	0.209229	56.656489	2.541985	-46.076336	6.026922
-0.483643	1.073975	0.161621	35.221374	12.122137	-20.595420	6.036850
-0.454590	1.019043	0.133057	7.129771	30.610687	6.671756	6.047105
-0.418945	0.849365	0.221436	-26.290076	42.343511	27.358779	6.057126
-0.449463	0.705322	0.402344	-48.977099	49.877863	44.183206	6.067123
-0.397217	0.571533	0.596436	-77.045802	52.458015	59.480916	6.077264
-0.325195	0.315186	0.885498	-87.679389	42.343511	72.000000	6.087528
-0.253906	-0.046143	1.089111	-92.725191	19.801527	85.702290	6.097634
-0.206055	-0.275879	1.289795	-86.893130	1.908397	87.694656	6.107646
-0.190674	-0.503906	1.471924	-98.465649	-21.526718	74.885496	6.117849
-0.083252	-0.682861	1.646484	-97.381679	-41.167939	49.946565	6.128032
-0.037109	-0.842773	1.720459	-65.801527	-51.557252	22.015267	6.137965
-0.030762	-0.888184	1.728760	-18.465649	-51.725191	-10.297710	6.148169
0.040527	-0.759277	1.607178	30.786260	-43.099237	-38.534351	6.158215
-0.043701	-0.597168	1.398193	83.167939	-53.725191	-57.282443	6.168162
-0.106445	-0.267822	1.096436	81.732824	-63.076336	-79.137405	6.178639
-0.177002	-0.001953	0.878662	76.091603	-63.213740	-87.977099	6.188551
-0.218262	0.243408	0.649414	75.610687	-58.374046	-91.038168	6.198438
-0.268311	0.489258	0.413818	70.351145	-43.435115	-88.106870	6.208384
-0.356934	0.658203	0.225586	78.374046	-21.221374	-74.893130	6.218530
-0.383545	0.798828	0.116455	75.236641	-0.664122	-57.900763	6.228641
-0.469238	0.961182	0.147705	48.374046	13.328244	-40.381679	6.238715
-0.535400	1.101562	0.204590	24.328244	28.954198	-18.221374	6.248801
-0.481445	1.069824	0.288330	-5.793893	33.007634	11.106870	6.258724
-0.539062	0.947754	0.386475	-38.969466	41.488550	34.396947	6.269130
-0.412354	0.740723	0.443115	-55.862595	49.366412	54.679389	6.279105
-0.383057	0.582520	0.555664	-73.931298	45.770992	68.748092	6.289151
-0.385010	0.462891	0.708984	-104.435115	41.671756	81.389313	6.298834
-0.196289	0.040039	0.871826	-102.366412	40.038168	91.427481	6.309135
-0.141113	-0.232910	1.117676	-107.351145	27.465649	92.786260	6.319285
-0.141113	-0.525879	1.393799	-116.381679	6.145038	85.877863	6.329101
-0.041260	-0.765869	1.545898	-87.167939	-5.992366	64.954198	6.339048
0.064209	-0.905518	1.645752	-64.900763	-19.427481	38.427481	6.349624
0.072510	-0.936768	1.662354	-24.305344	-20.877863	5.580153	6.359893
0.069580	-0.867188	1.619385	18.290076	-24.992366	-24.175573	6.370076
-0.042236	-0.669189	1.454590	58.885496	-30.114504	-44.900763	6.380198
-0.074951	-0.382568	1.244385	89.709924	-42.160305	-60.343511	6.390298
-0.079590	-0.181641	1.040283	82.374046	-42.618321	-71.687023	6.400262
-0.099609	-0.038330	0.836182	82.000000	-34.946565	-78.465649	6.410137
-0.194336	0.102539	0.683838	89.587786	-24.900763	-82.320611	6.420292
-0.234375	0.311035	0.552246	92.679389	-16.648855	-88.603053	6.430369
-0.278320	0.588623	0.467041	81.068702	-11.847328	-87.473282	6.440012
-0.371826	0.833496	0.409668	71.862595	-12.664122	-69.625954	6.450178
-0.457275	1.032471	0.268066	58.358779	0.702290	-49.778626	6.459877
-0.452637	1.088623	0.153076	27.152672	20.961832	-23.244275	6.470639
-0.468262	1.078613	0.130127	-8.030534	33.610687	2.267176	6.481034
-0.407715	0.993164	0.102295	-34.091603	58.541985	29.374046	6.491031
-0.485107	0.937500	0.271729	-54.396947	66.114504	51.175573	6.500726
-0.447510	0.728760	0.443848	-85.175573	75.030534	72.145038	6.510912
-0.391846	0.485840	0.742432	-110.038168	74.412214	87.076336	6.521330
-0.365967	0.249268	0.872559	-119.816794	61.625954	97.854962	6.531405
-0.244141	-0.065186	1.065918	-109.190840	41.022901	109.534351	6.541925
-0.202148	-0.389160	1.276611	-117.167939	17.007634	106.679389	6.551931
-0.172852	-0.622803	1.453369	-127.618321	-7.244275	85.038168	6.561927
0.015137	-0.799316	1.597900	-105.320611	-14.854962	59.679389	6.572289
0.014404	-0.877441	1.687744	-67.122137	-27.961832	30.877863	6.582154
0.093994	-1.001953	1.677490	-19.709924	-21.519084	3.778626	6.592203
0.060791	-0.858398	1.664551	12.801527	-26.312977	-24.946565	6.602217
-0.009521	-0.679688	1.512451	62.328244	-38.213740	-40.351145	6.611961
-0.053467	-0.474365	1.307129	72.190840	-47.076336	-52.931298	6.622516
-0.089600	-0.338135	1.163086	75.465649	-48.763359	-63.450382	6.632015
-0.119629	-0.200928	0.983398	87.190840	-49.358779	-71.183206	6.642150
-0.154541	-0.028076	0.823975	87.335878	-46.045802	-82.931298	6.652107
-0.220459	0.204346	0.680908	82.961832	-39.183206	-92.671756	6.662155
-0.295898	0.409424	0.538818	85.458015	-35.091603	-94.709924	6.672493
-0.354492	0.657227	0.415283	75.374046	-23.847328	-90.015267	6.682407
-0.438965	0.878906	0.250244	74.671756	-7.152672	-74.755725	6.692402
-0.416992	1.008545	0.098877	71.328244	9.984733	-44.076336	6.702786
-0.386475	1.128906	0.029297	36.435115	33.625954	-16.236641	6.712773
-0.463379	1.061768	0.071533	4.083969	46.404580	12.755725	6.722882
-0.465820	1.029785	0.151123	-36.587786	66.320611	35.801527	6.733094
-0.436279	0.799072	0.358887	-69.839695	71.717557	58.221374	6.743146
-0.364502	0.564453	0.622803	-87.427481	67.664122	78.061069	6.753245
-0.322754	0.269287	0.869385	-110.656489	56.870229	88.267176	6.763526
-0.244141	-0.023682	1.060303	-126.366412	34.618321	91.992366	6.773982
-0.146484	-0.248291	1.218262	-130.786260	16.465649	86.694656	6.783917
-0.151367	-0.545166	1.423096	-120.183206	-3.992366	76.076336	6.794502
-0.050781	-0.672607	1.588867	-105.167939	-18.137405	53.053435	6.804330
-0.005859	-0.779785	1.684814	-81.480916	-28.297710	30.351145	6.814252
-0.016846	-0.811523	1.663574	-27.229008	-29.877863	4.473282	6.824355
0.020020	-0.754639	1.531982	18.900763	-30.190840	-19.961832	6.834546
-0.033447	-0.544189	1.413086	48.557252	-40.587786	-35.351145	6.844493
-0.054199	-0.373047	1.223877	50.473282	-46.160305	-46.221374	6.854388
-0.091553	-0.245850	1.054932	60.427481	-47.068702	-53.412214	6.864535
-0.088867	-0.087158	0.914062	68.763359	-44.793893	-62.213740	6.874688
-0.113770	0.104248	0.776123	68.534351	-43.045802	-68.740458	6.884529
-0.176758	0.322021	0.628418	74.229008	-41.786260	-69.969466	6.894653
-0.212402	0.551758	0.434326	65.435115	-40.221374	-65.351145	6.904705
-0.264648	0.630127	0.236084	49.045802	-20.152672	-53.038168	6.914923
-0.290283	0.748535	0.121094	43.969466	0.541985	-38.175573	6.924831
-0.445801	0.781982	0.129395	28.549618	23.473282	-25.083969	6.934932
-0.390625	0.829346	0.168213	6.893130	45.480916	-10.137405	6.944873
-0.422607	0.896240	0.320801	-24.290076	63.587786	6.938931	6.954827
-0.391602	0.755127	0.494873	-59.709924	69.465649	36.015267	6.965021
-0.358887	0.562012	0.637695	-71.977099	65.702290	53.213740	6.975261
-0.355469	0.428711	0.747070	-81.702290	63.549618	65.099237	6.985313
-0.309570	0.243164	0.886719	-93.259542	55.709924	73.679389	6.995307
-0.255371	0.000000	1.018555	-94.167939	42.122137	80.160305	7.005333
-0.221680	-0.178223	1.135254	-88.763359	28.045802	86.358779	7.015181
-0.101074	-0.334961	1.309570	-94.786260	14.916031	78.022901	7.025325
-0.054199	-0.584473	1.499756	-79.824427	3.022901	65.511450	7.035491
-0.048340	-0.764893	1.724365	-50.519084	-6.954198	42.717557	7.045743
0.060303	-0.879395	1.797119	-20.381679	-25.091603	12.717557	7.055594
-0.010986	-0.853027	1.690430	11.167939	-36.160305	-13.740458	7.065823
-0.047363	-0.672119	1.481934	50.793893	-45.480916	-34.885496	7.076189
-0.052490	-0.480713	1.263672	72.549618	-51.977099	-48.183206	7.086310
-0.052490	-0.320312	1.084229	71.816794	-54.389313	-61.854962	7.096435
-0.082275	-0.108398	0.912109	72.534351	-53.641221	-72.167939	7.106726
-0.118896	0.044434	0.723145	73.648855	-50.381679	-77.358779	7.116748
-0.161377	0.222168	0.543945	68.923664	-44.916031	-81.862595	7.127063
-0.255371	0.437500	0.317871	57.206107	-34.061069	-82.564885	7.140398
-0.329346	0.614990	0.176270	40.000000	-11.923664	-77.977099	7.150570
-0.298096	0.716553	0.092041	45.564885	15.374046	-65.076336	7.160387
-0.401123	0.857910	0.059570	37.297710	41.458015	-49.557252	7.170703
-0.416016	0.932129	0.086426	23.183206	64.862595	-28.015267	7.180709
-0.441162	0.965576	0.177490	-3.763359	83.786260	-4.458015	7.190691
-0.394287	0.917480	0.350586	-28.106870	94.053435	23.381679	7.200860
-0.417725	0.717773	0.553955	-51.374046	97.870229	49.549618	7.210703
-0.474854	0.590820	0.756348	-68.694656	88.000000	69.961832	7.220619
-0.371094	0.394043	0.958008	-77.641221	81.496183	87.625954	7.230647
-0.337402	0.122803	1.158203	-91.259542	59.114504	101.183206	7.240784
-0.280029	-0.166504	1.303711	-87.442748	28.564885	107.801527	7.250836
-0.208008	-0.425781	1.385254	-77.030534	6.793893	101.977099	7.260715
-0.137207	-0.610352	1.534424	-85.114504	-11.122137	77.366412	7.270948
-0.072266	-0.895264	1.617432	-72.412214	-12.816794	52.076336	7.280869
0.048828	-1.038330	1.663086	-37.167939	-15.946565	18.129771	7.291059
0.009033	-0.907227	1.691895	4.923664	-17.404580	-16.732824	7.301145
-0.085449	-0.694580	1.630615	44.106870	-36.687023	-35.007634	7.311098
-0.095703	-0.438232	1.414062	60.885496	-51.557252	-50.900763	7.321384
-0.120361	-0.292480	1.208008	66.244275	-60.740458	-59.938931	7.331554
-0.119385	-0.154053	0.989502	71.145038	-61.183206	-67.000000	7.341559
-0.156006	-0.006104	0.787842	71.847328	-56.961832	-76.923664	7.352026
-0.208740	0.166016	0.643066	71.282443	-50.229008	-84.580153	7.361762
-0.272461	0.403564	0.529785	68.000000	-46.633588	-86.603053	7.372113
-0.356689	0.613037	0.405273	68.709924	-44.732824	-77.816794	7.382287
-0.323730	0.771484	0.253662	54.229008	-22.320611	-65.687023	7.392288
-0.391602	0.979004	0.115479	56.908397	-7.091603	-37.900763	7.402071
-0.406982	0.949951	0.029541	50.648855	20.450382	-9.916031	7.412034
-0.479004	0.977783	0.055908	18.488550	43.564885	13.786260	7.422248
-0.457520	0.928223	0.177979	-15.793893	64.435115	38.679389	7.432285
-0.366455	0.668945	0.409912	-50.328244	67.748092	63.557252	7.442310
-0.289795	0.493164	0.621826	-64.717557	67.511450	74.511450	7.452293
-0.333252	0.284180	0.834717	-82.694656	63.175573	87.923664	7.462457
-0.268555	-0.016602	1.167236	-107.213740	45.290076	85.656489	7.472662
-0.196533	-0.340576	1.447510	-92.404580	-1.427481	79.183206	7.482626
-0.189209	-0.567139	1.519043	-90.129771	-41.519084	59.297710	7.492510
-0.063965	-0.636230	1.590820	-105.221374	-51.809160	36.312977	7.502586
-0.007568	-0.667725	1.631592	-82.015267	-55.198473	16.236641	7.512574
0.028564	-0.741943	1.614014	-39.045802	-52.480916	-1.114504	7.522278
0.019043	-0.752930	1.598145	3.198473	-40.946565	-24.625954	7.532401
-0.032227	-0.678711	1.568115	38.801527	-46.740458	-45.458015	7.542436
-0.072266	-0.401367	1.445312	68.122137	-62.793893	-65.229008	7.552531
-0.114990	-0.135742	1.216309	73.732824	-77.587786	-74.358779	7.562512
-0.160156	0.092041	0.960449	70.488550	-81.267176	-79.938931	7.572648
-0.197510	0.289307	0.685547	70.923664	-76.038168	-81.541985	7.582596
-0.258545	0.451416	0.434082	77.992366	-65.496183	-77.236641	7.592656
-0.319580	0.572754	0.261475	82.022901	-50.854962	-69.786260	7.602553
-0.372559	0.737793	0.097168	75.076336	-34.870229	-55.748092	7.612705
-0.429932	0.975342	0.047363	49.969466	-10.007634	-36.114504	7.622850
-0.402100	0.998047	0.075439	19.374046	16.778626	-8.343511	7.632689
-0.331055	0.952881	0.193359	-17.022901	42.427481	13.725191	7.642815
-0.368408	0.787842	0.449951	-46.076336	55.877863	38.305344	7.652459
-0.326416	0.632324	0.593506	-56.053435	56.648855	55.183206	7.661906
-0.303711	0.470947	0.689697	-67.549618	61.190840	65.992366	7.671846
-0.261963	0.290771	0.779785	-76.404580	52.824427	78.748092	7.681614
-0.132812	0.075439	0.932373	-76.167939	45.076336	83.145038	7.692370
-0.072998	-0.153809	1.183838	-79.175573	33.885496	79.908397	7.702634
-0.012939	-0.421875	1.402832	-89.152672	14.396947	70.015267	7.712776
0.052246	-0.650879	1.519043	-71.099237	-7.610687	56.641221	7.723013
0.071533	-0.631836	1.579834	-47.458015	-20.221374	32.954198	7.733597
0.156494	-0.749512	1.526367	-26.328244	-21.526718	8.358779	7.743982
0.100098	-0.693115	1.447510	8.175573	-24.045802	-16.183206	7.754034
0.044922	-0.516846	1.341064	42.251908	-24.847328	-34.625954	7.764206
0.006104	-0.355713	1.221436	67.213740	-31.977099	-46.595420	7.774208
-0.030762	-0.182861	1.088867	70.572519	-36.740458	-54.290076	7.784326
-0.069336	-0.020020	0.939697	67.595420	-35.801527	-61.664122	7.794158
-0.136475	0.140381	0.781738	70.801527	-38.389313	-64.526718	7.804273
-0.154297	0.349854	0.598633	67.015267	-34.000000	-70.908397	7.814381
-0.247559	0.514648	0.445801	59.656489	-24.320611	-68.358779	7.824355
-0.307373	0.678467	0.351074	56.213740	-10.954198	-59.236641	7.834247
-0.386963	0.847900	0.354980	48.022901	0.664122	-44.648855	7.844209
-0.382324	0.883301	0.347168	23.007634	12.839695	-29.244275	7.854285
-0.426758	0.974609	0.371094	-0.816794	21.480916	-5.465649	7.864253
-0.409424	0.882568	0.425049	-20.687023	32.396947	23.114504	7.874393
-0.422363	0.772949	0.541260	-44.389313	33.083969	42.977099	7.884337
-0.301270	0.543213	0.673096	-58.786260	30.923664	58.488550	7.894436
-0.236328	0.310059	0.792725	-77.755725	31.366412	66.122137	7.904635
-0.202393	0.174561	0.918457	-78.603053	20.885496	72.381679	7.914576
-0.125000	-0.049072	1.039307	-74.068702	14.038168	83.198473	7.924701
0.004150	-0.262451	1.226807	-80.580153	7.519084	84.259542	7.934802
0.049316	-0.466064	1.447998	-86.549618	-3.496183	73.480916	7.945000
0.156982	-0.749756	1.583252	-52.183206	-18.519084	52.557252	7.954951
0.196777	-0.816895	1.747803	-11.076336	-35.908397	16.954198	7.965202
0.181152	-0.776855	1.753418	19.824427	-56.198473	-17.312977	7.975038
0.121094	-0.566406	1.513916	62.748092	-68.732824	-38.847328	7.985040
0.089844	-0.440430	1.278564	86.229008	-79.603053	-51.160305	7.995060
0.064453	-0.244629	0.977539	79.068702	-82.404580	-63.320611	8.005177
0.018066	-0.052490	0.780273	73.167939	-72.900763	-72.725191	8.015118
-0.042969	0.109863	0.670166	69.038168	-61.847328	-76.587786	8.025249
-0.126953	0.320068	0.607178	59.786260	-56.473282	-80.870229	8.035213
-0.210205	0.504639	0.442627	50.984733	-43.297710	-77.328244	8.045265
-0.267334	0.718018	0.292236	53.656489	-27.137405	-65.496183	8.055453
-0.347412	0.880859	0.192383	40.511450	-6.351145	-47.549618	8.065705
-0.328857	0.925537	0.145264	15.725191	18.396947	-23.923664	8.075781
-0.360107	0.950928	0.201904	-22.320611	37.778626	0.717557	8.085714
-0.278809	0.711914	0.354980	-54.534351	56.465649	22.847328	8.095886
-0.333008	0.675537	0.562012	-77.786260	60.183206	37.450382	8.105839
-0.226318	0.395752	0.732178	-84.198473	60.931298	56.343511	8.115910
-0.170654	0.253906	0.918701	-87.343511	54.755725	64.000000	8.126245
-0.136230	0.034912	1.063477	-86.053435	43.877863	75.259542	8.136206
-0.074219	-0.118164	1.202148	-84.740458	36.732824	78.190840	8.146130
0.081055	-0.336670	1.351074	-83.190840	25.328244	67.954198	8.156081
0.104492	-0.575439	1.482910	-74.969466	17.923664	50.473282	8.166205
0.126709	-0.705811	1.657227	-35.854962	4.435115	20.648855	8.176437
0.145752	-0.651855	1.637939	2.801527	-10.511450	-8.908397	8.186263
0.049072	-0.460205	1.462402	30.931298	-24.816794	-26.908397	8.196706
0.031250	-0.281738	1.271484	53.022901	-31.404580	-34.908397	8.206575
0.018066	-0.166504	1.161133	51.320611	-35.320611	-42.709924	8.216692
0.000488	-0.044189	1.026123	48.702290	-34.923664	-49.206107	8.227055
-0.037109	0.087891	0.913086	49.045802	-32.412214	-53.229008	8.236897
-0.089844	0.218750	0.753662	54.038168	-29.259542	-53.992366	8.246752
-0.143311	0.366211	0.620117	58.702290	-25.893130	-52.954198	8.256602
-0.209229	0.548340	0.454102	51.511450	-17.015267	-48.435115	8.267441
-0.235107	0.691895	0.324219	31.656489	8.564885	-40.396947	8.278218
-0.310303	0.791748	0.296631	26.786260	23.244275	-22.511450	8.288031
-0.346191	0.753906	0.291992	19.503817	38.801527	-1.427481	8.298414
-0.372803	0.787354	0.388672	-12.557252	49.389313	16.343511	8.308608
-0.208252	0.664307	0.486816	-49.595420	54.305344	34.236641	8.318902
-0.201416	0.487549	0.623047	-61.557252	59.503817	45.305344	8.329245
-0.178711	0.400635	0.777100	-63.648855	57.450382	58.267176	8.339470
-0.137939	0.144775	0.942627	-75.053435	47.534351	72.870229	8.350088
-0.065918	-0.061035	1.081543	-88.656489	34.259542	77.694656	8.360110
-0.024170	-0.335938	1.233398	-83.748092	22.480916	72.786260	8.370347
0.037598	-0.558105	1.375000	-79.969466	18.893130	55.076336	8.380582
0.120117	-0.703857	1.511475	-68.282443	15.206107	35.328244	8.390117
0.170166	-0.721680	1.647949	-27.000000	7.725191	10.656489	8.400334
0.107178	-0.691650	1.711426	3.664122	-2.694656	-16.198473	8.410533
0.019287	-0.539062	1.565674	48.488550	-30.007634	-34.061069	8.420725
-0.022461	-0.298340	1.272949	69.725191	-41.122137	-46.671756	8.430891
-0.053955	-0.083496	1.037109	65.519084	-44.053435	-56.137405	8.440849
-0.090088	0.063232	0.849609	65.229008	-39.099237	-59.274809	8.450740
-0.131836	0.243408	0.673096	68.503817	-31.091603	-62.389313	8.460897
-0.172852	0.382324	0.482178	62.793893	-15.129771	-63.183206	8.471098
-0.191406	0.543213	0.311035	65.381679	-2.274809	-57.236641	8.481080
-0.311279	0.715576	0.206055	57.114504	9.595420	-43.908397	8.491007
-0.313232	0.858398	0.165771	38.213740	27.694656	-27.137405	8.500956
-0.328369	0.847168	0.195557	4.427481	46.412214	-5.633588	8.510987
-0.226807	0.726807	0.335693	-31.603053	58.541985	14.480916	8.521126
-0.324951	0.534668	0.521973	-54.251908	61.793893	29.679389	8.531185
-0.298096	0.472412	0.718506	-57.503817	54.374046	40.793893	8.541104
-0.241211	0.360107	0.821533	-79.091603	50.847328	47.366412	8.551167
-0.214111	0.214600	1.034424	-88.358779	42.015267	57.687023	8.561631
-0.091309	-0.077148	1.249512	-78.679389	23.557252	64.572519	8.571681
-0.032471	-0.212891	1.393555	-91.961832	1.175573	59.404580	8.581159
0.019531	-0.441895	1.480225	-90.610687	-21.099237	47.480916	8.591122
0.081055	-0.570801	1.522949	-71.641221	-34.763359	30.022901	8.601474
0.135742	-0.680176	1.567383	-46.427481	-42.213740	10.381679	8.611546
0.086670	-0.628418	1.492676	-6.053435	-44.267176	-13.503817	8.622060
0.069580	-0.552002	1.316895	28.946565	-38.687023	-31.274809	8.631896
0.033936	-0.373291	1.159180	64.702290	-39.763359	-43.862595	8.641775
-0.017334	-0.151367	1.028320	79.900763	-36.282443	-54.251908	8.651834
-0.034668	0.074219	0.865479	83.328244	-28.229008	-62.656489	8.661543
-0.136475	0.305664	0.696777	89.824427	-24.572519	-61.679389	8.671815
-0.200928	0.476318	0.496582	89.503817	-13.633588	-58.618321	8.681879
-0.278076	0.659668	0.354492	85.167939	-5.763359	-48.633588	8.692093
-0.382812	0.851318	0.233154	65.297710	15.648855	-37.244275	8.702029
-0.443115	0.971924	0.196777	41.984733	25.725191	-15.641221	8.712220
-0.434326	0.969482	0.199951	4.702290	41.770992	13.572519	8.722376
-0.406494	0.777344	0.269043	-27.946565	55.290076	37.702290	8.732307
-0.369629	0.694824	0.469238	-50.923664	64.267176	55.328244	8.742365
-0.302246	0.508301	0.630127	-86.541985	60.198473	69.244275	8.752349
-0.275146	0.373779	0.852783	-110.610687	49.267176	80.534351	8.762311
-0.173096	0.076172	1.106445	-122.229008	28.687023	95.312977	8.772632
-0.075928	-0.328369	1.350586	-144.404580	7.755725	99.206107	8.782870
0.018799	-0.607178	1.551514	-140.816794	-25.557252	88.664122	8.792759
0.143311	-0.853760	1.639404	-117.053435	-40.503817	65.885496	8.802751
0.156494	-1.078613	1.679932	-83.473282	-43.175573	32.519084	8.812934
0.173828	-1.001221	1.663574	-29.519084	-30.786260	-3.603053	8.823121
0.180176	-0.989502	1.698730	35.221374	-24.541985	-33.793893	8.833099
0.086670	-0.705566	1.544678	96.763359	-42.610687	-57.412214	8.843114
0.027100	-0.364746	1.175293	103.816794	-43.183206	-74.412214	8.853147
-0.091797	-0.115234	0.927002	114.549618	-37.557252	-82.320611	8.863408
-0.176758	0.155518	0.717773	125.603053	-31.961832	-90.648855	8.873731
-0.257324	0.515869	0.473389	123.847328	-28.839695	-87.770992	8.883588
-0.329590	0.759277	0.335205	110.198473	-24.900763	-78.022901	8.893563
-0.368164	0.988770	0.164551	88.748092	-9.664122	-57.625954	8.903513
-0.377441	1.136230	0.112305	55.984733	0.251908	-24.969466	8.914212
-0.347412	1.146973	0.089844	21.847328	23.435115	6.221374	8.924251
-0.425293	1.074951	0.212402	-9.709924	40.290076	33.786260	8.934660
-0.316162	0.860840	0.289307	-44.053435	44.068702	58.801527	8.944911
-0.337402	0.663574	0.413330	-48.267176	56.282443	74.923664	8.954965
-0.288574	0.519531	0.569336	-64.931298	59.458015	91.396947	8.964905
-0.213379	0.323730	0.868164	-70.366412	60.839695	107.702290	8.975183
-0.142578	-0.047119	1.143555	-84.419847	50.274809	128.038168	8.985393
-0.060547	-0.472412	1.412598	-104.961832	28.236641	129.412214	8.995514
0.104980	-0.955811	1.628418	-95.190840	7.389313	108.061069	9.005296
0.110596	-1.155029	1.768799	-58.832061	-13.022901	69.267176	9.015619
0.051758	-0.775391	1.638916	-44.160305	-0.045802	50.053435	9.025663
0.233887	-1.401855	1.843994	12.648855	-17.992366	-2.618321	9.035697
0.148193	-1.228027	1.692627	78.465649	-34.450382	-75.801527	9.045768
-0.002197	-0.546631	1.274902	122.274809	-49.839695	-100.816794	9.055639
-0.088135	-0.160889	0.936768	109.610687	-40.870229	-117.167939	9.065588
-0.134521	0.133301	0.715332	110.893130	-23.755725	-121.282443	9.075695
-0.183838	0.342773	0.561768	107.526718	-15.160305	-121.709924	9.085857
-0.271484	0.580811	0.471924	91.015267	-16.656489	-121.580153	9.095885
-0.254395	0.854004	0.362305	76.244275	-22.526718	-113.381679	9.105935
-0.337158	1.236816	0.149658	58.709924	-25.740458	-87.335878	9.115977
-0.347412	1.370361	-0.028809	33.633588	-15.114504	-49.259542	9.126110
-0.448975	1.278320	-0.151855	-7.854962	13.740458	-7.251908	9.138627
-0.418457	1.125244	-0.078613	-43.366412	37.564885	29.893130	9.148781
-0.360107	0.851318	0.066406	-81.671756	67.763359	53.412214	9.158803
-0.426514	0.635742	0.323486	-101.244275	89.916031	60.893130	9.168829
-0.322754	0.406738	0.708984	-109.702290	86.206107	76.580153	9.179264
-0.308350	0.244873	1.069580	-111.221374	66.870229	88.442748	9.189430
-0.153809	0.035156	1.272949	-125.564885	38.992366	99.770992	9.199379
-0.238281	-0.010010	1.462402	-160.656489	4.648855	110.763359	9.209235
-0.053223	-0.640137	1.520752	-123.618321	-16.198473	108.068702	9.219496
0.070068	-0.939453	1.499268	-110.068702	-25.129771	74.862595	9.229734
0.113281	-1.028076	1.565186	-88.282443	-27.809160	39.664122	9.239677
0.162354	-1.140137	1.707764	-49.526718	-27.145038	1.885496	9.249587
0.138184	-1.027588	1.710938	3.129771	-13.824427	-32.961832	9.259680
0.049805	-0.820801	1.637695	58.809160	-24.160305	-60.885496	9.270013
0.018311	-0.509277	1.402588	87.969466	-25.076336	-84.671756	9.280125
-0.063721	-0.245361	1.176270	107.969466	-23.022901	-99.770992	9.290175
-0.103516	0.002197	0.948730	121.251908	-17.396947	-107.519084	9.299903
-0.194336	0.329346	0.745605	122.488550	-14.328244	-112.793893	9.310078
-0.229980	0.663574	0.517578	109.877863	-12.580153	-109.229008	9.320553
-0.333252	0.926025	0.293457	98.427481	-10.580153	-93.122137	9.330446
-0.406006	1.059082	0.146729	77.167939	-6.687023	-66.725191	9.340526
-0.445801	1.206299	0.019775	43.931298	4.694656	-35.366412	9.350935
-0.510010	1.186035	-0.014893	3.923664	23.221374	-5.900763	9.360980
-0.432373	1.117676	0.107910	-31.427481	46.083969	20.687023	9.371226
-0.393066	0.921875	0.320801	-64.213740	64.053435	47.068702	9.381067
-0.408936	0.728027	0.591797	-86.007634	67.801527	71.671756	9.391461
-0.345215	0.565186	0.836182	-91.465649	60.053435	95.221374	9.401913
-0.272705	0.355225	1.030029	-93.671756	49.114504	117.305344	9.411688
-0.195312	0.042480	1.207275	-99.664122	30.312977	131.969466	9.421981
-0.206787	0.042480	1.447754	-131.572519	10.946565	151.183206	9.432035
-0.025635	-0.694336	1.473389	-90.564885	1.671756	144.152672	9.442057
0.120605	-1.151855	1.509521	-73.587786	-3.671756	107.000000	9.452533
0.123535	-1.138184	1.547607	-51.282443	-10.870229	60.732824	9.462621
0.153076	-1.189697	1.539795	-2.137405	-7.992366	7.824427	9.472745
0.086914	-1.035645	1.527588	47.679389	-11.610687	-40.732824	9.482536
0.047363	-0.629395	1.364746	101.885496	-26.351145	-74.847328	9.492530
-0.084961	-0.388916	1.135986	102.618321	-36.511450	-99.206107	9.502750
-0.107666	-0.075195	0.861328	110.450382	-40.809160	-112.633588	9.512999
-0.189453	0.296875	0.617432	113.770992	-39.015267	-113.977099	9.523292
-0.186523	0.559082	0.407227	106.450382	-33.358779	-108.290076	9.534171
-0.305908	0.789551	0.260498	91.175573	-23.618321	-96.687023	9.544523
-0.360352	0.989258	0.156738	65.068702	-15.519084	-82.030534	9.554350
-0.380615	1.104492	0.090088	39.076336	6.557252	-56.404580	9.564417
-0.423096	1.154053	0.116455	6.900763	25.809160	-25.083969	9.574377
-0.450439	1.118652	0.247314	-21.938931	40.908397	8.755725	9.584608
-0.507324	1.037842	0.436523	-49.648855	50.564885	33.870229	9.594436
-0.394531	0.694580	0.589600	-60.847328	54.679389	54.809160	9.604646
-0.395020	0.581787	0.711670	-83.557252	51.847328	72.213740	9.614578
-0.331543	0.347168	0.868164	-88.862595	47.419847	92.053435	9.625166
-0.225830	0.105713	1.052490	-84.419847	41.648855	105.709924	9.635056
-0.164307	-0.213379	1.249512	-86.435115	34.389313	112.259542	9.645065
-0.170166	-0.081055	1.420410	-120.633588	25.106870	120.603053	9.655193
-0.015381	-0.923340	1.592041	-89.961832	7.740458	107.091603	9.665182
0.085693	-1.079102	1.636230	-51.488550	-11.572519	54.473282	9.675452
0.077393	-1.026611	1.625488	-33.282443	-22.740458	8.587786	9.685349
0.091553	-1.002686	1.633545	12.946565	-24.229008	-33.763359	9.695578
-0.031006	-0.733643	1.509521	59.740458	-31.549618	-67.091603	9.705597
-0.084717	-0.435791	1.278809	88.671756	-36.931298	-88.389313	9.715433
-0.105957	-0.204590	1.093018	85.022901	-39.152672	-102.870229	9.725659
-0.149170	-0.025146	0.824463	86.389313	-35.587786	-115.267176	9.735706
-0.214600	0.276367	0.630371	91.236641	-27.145038	-121.511450	9.745628
-0.278809	0.564941	0.483154	90.824427	-24.458015	-121.015267	9.755831
-0.336670	0.909180	0.289795	84.198473	-19.068702	-111.122137	9.765888
-0.436279	1.120361	0.121338	72.786260	-12.427481	-80.664122	9.775810
-0.439209	1.136719	-0.026611	48.572519	3.656489	-49.022901	9.786224
-0.385986	1.145508	-0.134521	8.648855	22.312977	-20.038168	9.796535
-0.494873	1.054932	-0.085205	-32.832061	52.236641	7.061069	9.806751
-0.375488	0.870850	0.053955	-67.427481	78.259542	32.679389	9.816553
-0.392334	0.720947	0.342773	-99.893130	96.580153	54.015267	9.826622
-0.413330	0.558594	0.797119	-111.809160	101.916031	75.992366	9.837130
-0.336914	0.379150	1.216553	-118.923664	80.053435	94.412214	9.847211
-0.313965	0.135498	1.543701	-102.656489	40.633588	114.709924	9.857089
-0.218750	-0.231445	1.639893	-92.045802	4.450382	142.305344	9.867045
-0.126221	-0.842773	1.699951	-97.396947	-31.251908	128.412214	9.877335
-0.037842	-0.900635	1.595459	-69.435115	-49.427481	101.526718	9.887236
0.003906	-1.090820	1.597656	-52.022901	-51.801527	61.358779	9.897263
0.100830	-1.188965	1.434570	-22.335878	-32.335878	1.793893	9.907552
0.044678	-0.892578	1.427490	14.931298	-28.625954	-49.000000	9.917476
0.011719	-0.667969	1.340088	50.656489	-30.068702	-78.419847	9.927509
-0.033936	-0.362549	1.148926	65.748092	-37.160305	-106.595420	9.937519
-0.107666	-0.084717	0.899658	77.748092	-32.954198	-123.603053	9.947628
-0.204346	0.264648	0.698242	70.801527	-22.473282	-126.335878	9.957561
-0.308105	0.514404	0.556152	77.160305	-16.190840	-119.793893	9.967648
-0.330322	0.770752	0.389648	73.763359	-15.992366	-103.198473	9.977756
-0.380615	1.012695	0.243652	51.862595	-9.427481	-73.648855	9.987886
-0.377441	1.080322	0.143555	34.625954	4.458015	-43.290076	9.997666
-0.367676	1.019531	0.081543	6.854962	17.931298	-13.251908	10.007987
-0.432373	0.943848	0.099609	-17.809160	39.648855	15.190840	10.018107
-0.374023	0.791992	0.258301	-56.061069	53.916031	37.832061	10.028091
-0.387939	0.632080	0.451660	-68.312977	68.580153	50.641221	10.038242
-0.349854	0.526123	0.660645	-84.809160	74.511450	67.580153	10.048628
-0.319336	0.329590	0.895996	-85.251908	70.709924	88.786260	10.058817
-0.239502	0.081055	1.166992	-90.068702	55.167939	104.427481	10.068831
-0.214111	-0.255371	1.429688	-92.465649	34.412214	108.992366	10.078926
-0.319580	-0.344238	1.525879	-100.916031	3.587786	116.450382	10.088921
-0.113770	-1.175293	1.699219	-88.374046	-19.328244	84.259542	10.099051
-0.034912	-1.160645	1.718750	-45.389313	-36.648855	33.175573	10.108901
0.039795	-1.118408	1.722656	-13.770992	-44.641221	-29.129771	10.119494
-0.009033	-0.896973	1.577393	39.221374	-39.923664	-68.755725	10.130024
-0.038818	-0.547607	1.226318	94.458015	-49.816794	-95.610687	10.140368
-0.117676	-0.217041	0.948730	86.435115	-46.213740	-113.557252	10.150391
-0.141113	0.075928	0.702148	81.015267	-42.549618	-125.740458	10.160506
-0.225586	0.391113	0.472900	81.809160	-39.198473	-129.748092	10.170697
-0.336426	0.693359	0.238525	77.786260	-32.450382	-126.053435	10.180748
-0.355713	0.986816	-0.013184	53.946565	-20.267176	-104.625954	10.190930
-0.387207	1.093994	-0.231689	33.450382	0.374046	-79.862595	10.200774
-0.479736	1.324707	-0.345215	10.519084	37.068702	-47.244275	10.210677
-0.561523	1.346924	-0.118408	-14.160305	79.870229	-2.816794	10.220808
-0.504883	1.154297	0.251953	-61.633588	101.709924	49.786260	10.230854
-0.508057	0.772705	0.786133	-96.396947	98.870229	82.091603	10.240878
-0.447510	0.400635	1.166748	-106.404580	72.335878	104.572519	10.250982
-0.450684	0.234375	1.458252	-144.732824	28.137405	127.732824	10.261055
-0.304932	-0.399170	1.493408	-117.343511	-9.083969	133.061069	10.271249
-0.161377	-0.632812	1.544678	-86.580153	-32.274809	121.664122	10.281368
-0.065674	-0.792725	1.568604	-77.977099	-34.320611	98.946565	10.291456
0.008057	-1.181885	1.650146	-27.595420	-23.908397	59.839695	10.301399
0.076904	-1.116699	1.606689	16.465649	-22.862595	10.900763	10.311480
0.015137	-0.948975	1.581299	46.122137	-32.732824	-32.137405	10.321708
-0.054932	-0.671387	1.436768	77.305344	-45.900763	-64.595420	10.331830
-0.107910	-0.407471	1.253174	92.534351	-58.534351	-84.496183	10.341936
-0.115234	-0.166260	1.021973	98.618321	-62.687023	-94.717557	10.352344
-0.169189	0.001953	0.826660	91.435115	-67.916031	-97.572519	10.362420
-0.174805	0.260010	0.618408	76.984733	-65.923664	-103.396947	10.372572
-0.203369	0.496826	0.441406	61.564885	-56.839695	-98.969466	10.382565
-0.252441	0.629395	0.346924	45.480916	-45.419847	-89.076336	10.393095
-0.311523	0.807129	0.320557	38.641221	-34.725191	-74.167939	10.403495
-0.443115	1.015625	0.311279	37.961832	-21.541985	-51.770992	10.413909
-0.484863	1.197510	0.322754	33.740458	-0.931298	-11.854962	10.424120
-0.514404	1.293945	0.377930	8.328244	13.083969	33.839695	10.433960
-0.488525	1.078857	0.436523	-12.709924	28.419847	77.732824	10.444266
-0.403809	0.793945	0.477783	-44.748092	34.618321	98.236641	10.454340
-0.364990	0.629395	0.467773	-47.709924	32.984733	116.152672	10.464375
-0.336182	0.483154	0.473389	-55.145038	36.160305	129.091603	10.474388
-0.313232	0.351807	0.642822	-79.656489	41.954198	148.709924	10.484310
-0.220703	0.052246	0.968994	-92.419847	29.488550	159.091603	10.494187
-0.166260	-0.318359	1.233398	-103.824427	9.709924	160.091603	10.504037
-0.156006	-0.190186	1.329834	-114.610687	-13.374046	151.992366	10.514125
0.099121	-1.263428	1.741455	-120.190840	-30.137405	145.099237	10.524252
0.146729	-1.306641	1.510010	-124.381679	-42.816794	72.435115	10.534179
0.238037	-1.588867	1.640869	-67.885496	-43.641221	4.267176	10.544001
0.180664	-1.338623	1.692383	-11.809160	-34.755725	-48.198473	10.554262
0.085205	-1.009766	1.485840	56.335878	-34.503817	-81.244275	10.564298
0.020752	-0.582275	1.247559	98.122137	-28.488550	-101.923664	10.574470
-0.006592	-0.390381	0.997803	72.740458	-7.549618	-119.954198	10.584438
-0.074707	-0.036621	0.820557	104.435115	-4.877863	-123.267176	10.594288
-0.183594	0.268311	0.718018	110.633588	-6.442748	-128.862595	10.604238
-0.240967	0.513428	0.561523	94.267176	-7.641221	-126.015267	10.614190
-0.380371	0.732910	0.402344	77.450382	-7.221374	-116.000000	10.624324
-0.513672	1.009277	0.290771	74.007634	-17.557252	-99.480916	10.634747
-0.480713	1.226562	0.153809	63.557252	-5.778626	-71.717557	10.645104
-0.452393	1.274902	0.033203	32.480916	14.198473	-34.381679	10.655142
-0.417480	1.218750	-0.112061	9.610687	39.038168	8.229008	10.665462
-0.444092	1.058105	-0.067871	-24.366412	67.488550	40.175573	10.675487
-0.412354	0.853027	0.059570	-56.374046	92.664122	63.656489	10.685602
-0.362793	0.642090	0.337402	-92.381679	105.030534	84.419847	10.695417
-0.324219	0.390625	0.669922	-116.923664	102.297710	103.007634	10.705660
-0.280762	0.094238	1.057617	-124.938931	84.175573	118.007634	10.716098
-0.249268	0.117676	1.498047	-117.038168	55.229008	130.198473	10.726504
-0.089111	-0.664307	1.616699	-92.946565	20.053435	144.145038	10.736785
-0.022705	-1.142090	1.553711	-104.091603	-2.648855	103.877863	10.746539
-0.046875	-0.895508	1.523438	-97.259542	7.106870	70.267176	10.756951
0.115234	-1.260010	1.726074	-40.580153	25.496183	23.053435	10.766809
0.049561	-1.140625	1.916748	10.358779	25.900763	-28.992366	10.777314
-0.046875	-0.904053	1.865723	87.351145	-2.083969	-67.885496	10.787253
-0.090576	-0.546143	1.604248	103.152672	-26.702290	-93.755725	10.797157
-0.139160	-0.300293	1.203857	114.167939	-40.473282	-105.656489	10.807195
-0.196777	-0.062500	0.939209	125.022901	-38.076336	-109.259542	10.817206
-0.212891	0.206787	0.726318	105.274809	-37.709924	-111.664122	10.827491
-0.241211	0.423828	0.570312	87.450382	-33.068702	-112.847328	10.837311
-0.277832	0.587891	0.419922	78.923664	-26.618321	-106.083969	10.847242
-0.427734	0.739258	0.292480	64.198473	-21.419847	-94.885496	10.857322
-0.413086	0.912109	0.157227	52.381679	-7.832061	-77.816794	10.867462
-0.427734	0.970703	0.067871	26.870229	5.458015	-53.564885	10.877662
-0.466064	1.031982	0.041748	4.526718	21.167939	-31.511450	10.887686
-0.469238	1.041992	0.069580	-12.137405	46.465649	-3.213740	10.897468
-0.510254	1.028076	0.251709	-38.358779	65.335878	28.977099	10.907694
-0.459717	0.854492	0.490723	-53.282443	76.916031	55.290076	10.917571
-0.447754	0.685059	0.635742	-67.358779	69.244275	77.755725	10.927541
-0.420654	0.479492	0.727295	-80.396947	59.557252	100.572519	10.937545
-0.359131	0.242676	0.844238	-110.885496	60.412214	123.290076	10.947174
-0.274170	-0.218506	1.166016	-104.061069	41.290076	136.381679	10.956571
-0.224854	-0.687500	1.414062	-106.916031	13.687023	124.862595	10.966224
-0.310303	-0.138672	1.691895	-123.282443	-15.511450	101.885496	10.975972
-0.019531	-1.452637	1.999939	-64.541985	-35.229008	63.709924	10.986923
0.062744	-1.539307	1.999939	-60.885496	-64.236641	-9.229008	10.997086
-0.017578	-0.976074	1.868652	-12.167939	-60.381679	-45.305344	11.007202
-0.069824	-0.751465	1.600830	69.114504	-56.374046	-57.061069	11.017177
-0.060303	-0.458984	1.242188	97.984733	-49.099237	-79.396947	11.027522
-0.116943	-0.223145	0.913574	111.816794	-34.259542	-92.618321	11.037667
-0.149658	0.027588	0.734375	116.259542	-38.549618	-92.946565	11.047247
-0.193848	0.307129	0.544922	104.923664	-29.022901	-96.870229	11.057607
-0.268311	0.487305	0.413818	84.931298	-27.709924	-94.160305	11.067429
-0.353271	0.701904	0.315918	71.022901	-27.862595	-88.015267	11.077649
-0.411133	0.874023	0.177246	61.977099	-23.045802	-72.236641	11.087805
-0.415039	0.955322	0.076172	39.816794	-8.816794	-49.106870	11.097951
-0.418945	1.020508	-0.010986	18.809160	12.885496	-23.580153	11.108102
-0.357422	1.087158	-0.019775	-11.038168	34.511450	5.961832	11.117874
-0.396973	0.954346	0.103271	-40.145038	62.847328	35.694656	11.128189
-0.355469	0.683350	0.494141	-71.267176	79.832061	64.854962	11.141237
-0.322510	0.458008	0.787354	-85.541985	72.122137	81.854962	11.151196
-0.302002	0.204834	1.082275	-100.709924	55.572519	96.786260	11.161587
-0.279297	-0.110840	1.427002	-114.442748	29.206107	97.923664	11.171841
-0.116455	-0.561279	1.679443	-106.167939	-6.519084	89.305344	11.181939
-0.201904	-0.706299	1.708008	-130.816794	-25.458015	85.503817	11.191912
-0.008789	-1.095947	1.753174	-86.763359	-57.557252	39.183206	11.201919
0.033691	-1.032959	1.683594	-21.595420	-48.435115	-14.793893	11.212093
0.008057	-0.760742	1.570557	21.854962	-42.778626	-41.931298	11.222074
-0.028076	-0.503418	1.364502	84.694656	-47.068702	-53.183206	11.232409
-0.038818	-0.283936	1.112061	88.412214	-42.175573	-67.503817	11.242466
-0.084717	-0.080566	0.874023	103.717557	-36.167939	-80.282443	11.252124
-0.100830	0.144531	0.680664	94.656489	-37.022901	-83.519084	11.262477
-0.164795	0.393799	0.492920	89.763359	-28.297710	-85.717557	11.272740
-0.282959	0.586670	0.343750	76.900763	-24.145038	-83.045802	11.282733
-0.312500	0.730469	0.210693	56.206107	-11.725191	-72.992366	11.292961
-0.341309	0.877441	0.107910	35.977099	1.236641	-57.114504	11.303247
-0.336426	0.979004	0.036621	20.396947	20.580153	-33.190840	11.313266
-0.375000	1.015381	0.027344	-3.175573	35.366412	-5.015267	11.323768
-0.365234	0.930664	0.110352	-28.725191	53.923664	21.083969	11.333822
-0.362549	0.683350	0.296875	-40.374046	75.709924	40.801527	11.344023
-0.387207	0.597656	0.534180	-62.740458	75.190840	51.320611	11.354138
-0.360107	0.479004	0.725342	-80.106870	75.900763	65.671756	11.364154
-0.304443	0.243652	0.911621	-75.183206	69.160305	84.832061	11.374507
-0.248779	-0.062500	1.158203	-85.679389	54.709924	94.740458	11.384650
-0.251709	-0.438965	1.361084	-86.664122	27.129771	91.580153	11.394621
-0.144775	-0.726074	1.568115	-78.625954	11.572519	72.679389	11.404700
-0.084229	-0.885742	1.761230	-69.633588	-15.236641	44.564885	11.414558
-0.054199	-0.946045	1.948975	-36.206107	-30.671756	8.671756	11.424534
-0.019775	-0.839844	1.936035	5.732824	-33.236641	-20.679389	11.434446
-0.062500	-0.667236	1.787354	47.358779	-37.068702	-40.709924	11.444444
-0.093506	-0.505127	1.514404	94.580153	-54.984733	-52.015267	11.454370
-0.120605	-0.296875	1.256592	96.755725	-62.419847	-69.442748	11.464036
-0.180664	-0.067627	0.979492	106.038168	-66.015267	-78.740458	11.474314
-0.168213	0.196777	0.727295	102.725191	-60.297710	-82.687023	11.484323
-0.269531	0.385010	0.544678	100.145038	-60.671756	-78.725191	11.494217
-0.265381	0.559326	0.358154	88.702290	-52.862595	-74.984733	11.504376
-0.306885	0.752441	0.249512	74.648855	-46.992366	-65.236641	11.514425
-0.356201	0.894531	0.136719	54.954198	-33.824427	-46.633588	11.524516
-0.310059	0.941650	0.085449	25.938931	-14.137405	-26.038168	11.534717
-0.428223	0.905273	0.109131	0.519084	7.404580	-5.221374	11.544567
-0.381104	0.881348	0.197754	-33.366412	28.954198	13.030534	11.554801
-0.386719	0.768799	0.322510	-56.648855	40.862595	27.908397	11.564510
-0.354248	0.672852	0.489746	-77.702290	47.511450	40.183206	11.574803
-0.296631	0.560059	0.567871	-99.198473	51.305344	48.305344	11.584932
-0.300293	0.421631	0.682373	-105.503817	50.709924	60.824427	11.594936
-0.246094	0.320312	0.764160	-92.610687	42.213740	74.549618	11.604983
-0.220459	0.206055	0.875488	-103.381679	33.740458	83.305344	11.615083
-0.131836	-0.132324	1.122803	-120.526718	30.977099	88.389313	11.625489
-0.062988	-0.465088	1.426758	-124.381679	8.931298	87.129771	11.635585
0.020020	-0.801758	1.605225	-119.045802	-9.854962	66.175573	11.645626
-0.066895	-0.584473	1.769287	-97.480916	-30.183206	30.526718	11.655512
0.136475	-1.073975	1.819580	-55.755725	-30.786260	3.229008	11.665336
0.069092	-1.089600	1.758545	-23.801527	-34.931298	-38.312977	11.675270
-0.030273	-0.796875	1.649658	31.832061	-34.877863	-61.366412	11.685127
-0.068604	-0.473145	1.414551	80.725191	-33.870229	-80.175573	11.695395
-0.082520	-0.281006	1.143799	86.015267	-28.030534	-93.633588	11.705241
-0.127930	-0.101318	0.927002	107.465649	-26.328244	-98.152672	11.715107
-0.221680	0.227539	0.720215	110.870229	-28.251908	-103.190840	11.724821
-0.298340	0.484863	0.582031	97.282443	-25.679389	-97.717557	11.734858
-0.393311	0.745850	0.468018	90.717557	-22.030534	-88.458015	11.744777
-0.287109	0.898193	0.328857	77.015267	-16.007634	-68.007634	11.754743
-0.375244	1.006592	0.252930	55.236641	-4.114504	-50.847328	11.764749
-0.506348	1.036377	0.178223	39.099237	10.656489	-26.061069	11.774984
-0.468750	1.050293	0.156006	16.267176	22.061069	1.603053	11.785293
-0.391357	1.047607	0.136230	-18.595420	39.702290	30.648855	11.795712
-0.399414	0.881104	0.176758	-40.595420	51.480916	51.305344	11.805639
-0.332520	0.750977	0.224854	-58.358779	66.694656	64.541985	11.815516
-0.344727	0.656494	0.307373	-67.412214	75.870229	88.061069	11.825225
-0.339111	0.526123	0.429443	-88.931298	86.557252	112.038168	11.835002
-0.258057	0.208984	0.583252	-104.709924	94.007634	134.473282	11.845248
-0.252441	-0.169189	0.881104	-122.114504	89.610687	146.190840	11.855499
-0.191650	-0.669189	1.187500	-147.839695	82.709924	139.496183	11.865395
-0.256836	-1.002930	1.636719	-140.694656	52.893130	100.305344	11.874956
-0.016602	-1.253174	1.995605	-122.526718	32.236641	56.480916	11.884971
-0.098877	-1.199951	1.999939	-62.396947	3.694656	6.297710	11.895071
-0.018311	-1.089600	1.999939	10.770992	-26.366412	-29.015267	11.905921
-0.061523	-0.875244	1.723145	77.267176	-54.114504	-54.633588	11.915863
-0.135498	-0.595215	1.241943	81.938931	-58.404580	-79.320611	11.925787
-0.166260	-0.378662	0.994385	96.809160	-55.274809	-89.847328	11.935769
-0.181396	-0.147217	0.853516	103.381679	-51.480916	-97.061069	11.945888
-0.229004	0.136719	0.756348	93.465649	-48.045802	-100.320611	11.955791
-0.253662	0.333252	0.615967	84.000000	-48.053435	-100.099237	11.965655
-0.322021	0.583252	0.474365	74.221374	-44.908397	-93.152672	11.975777
-0.358887	0.798584	0.337891	64.160305	-40.183206	-79.717557	11.985902
-0.401855	0.906006	0.228271	57.549618	-29.076336	-61.603053	11.996022
-0.381104	1.007812	0.101074	38.427481	-9.534351	-41.885496	12.005919
-0.476807	1.057861	0.031006	18.358779	15.564885	-14.534351	12.016001
-0.462158	1.012451	0.050781	-15.076336	42.503817	18.259542	12.026216
-0.428711	0.904785	0.212158	-41.893130	71.748092	38.580153	12.036086
-0.426025	0.724609	0.433838	-63.694656	83.648855	59.465649	12.046381
-0.390137	0.544678	0.738525	-77.610687	78.778626	77.763359	12.056248
-0.341553	0.308105	0.952148	-95.343511	65.801527	92.160305	12.066278
-0.262939	-0.061279	1.139893	-96.206107	45.152672	103.099237	12.076230
-0.185059	-0.438965	1.347412	-92.709924	19.885496	98.656489	12.086602
-0.126465	-0.676025	1.496826	-102.450382	0.503817	78.908397	12.096484
-0.056396	-0.838867	1.581055	-94.717557	-14.938931	52.770992	12.106305
0.014648	-0.955566	1.646973	-58.083969	-17.282443	24.312977	12.116465
0.060059	-1.022217	1.670898	-15.442748	-17.068702	-7.648855	12.126518
-0.052490	-0.802002	1.679932	33.396947	-29.427481	-38.290076	12.136457
-0.078613	-0.564941	1.486084	77.961832	-47.748092	-56.183206	12.146413
-0.111572	-0.338135	1.243652	74.648855	-52.854962	-71.709924	12.156365
-0.178467	-0.151855	1.076660	86.923664	-56.198473	-76.145038	12.165863
-0.209961	0.017822	0.893066	90.603053	-57.862595	-78.030534	12.175395
-0.246582	0.230225	0.735107	84.694656	-54.183206	-82.412214	12.185295
-0.291016	0.447021	0.583008	76.854962	-52.770992	-82.664122	12.195130
-0.314697	0.694824	0.389648	62.167939	-44.297710	-75.793893	12.205871
-0.365723	0.852539	0.253174	47.694656	-33.687023	-58.992366	12.216210
-0.388184	0.939941	0.159668	40.312977	-14.656489	-39.854962	12.226385
-0.381836	0.998291	0.102783	16.732824	0.671756	-15.358779	12.236318
-0.447754	1.044189	0.080322	-4.389313	21.717557	7.190840	12.246432
-0.378418	0.899170	0.161865	-23.740458	48.000000	32.137405	12.256454
-0.358887	0.706543	0.321289	-59.061069	66.206107	54.687023	12.266572
-0.322021	0.499268	0.489258	-75.824427	68.175573	69.702290	12.276669
-0.238281	0.395752	0.638672	-96.587786	74.259542	77.923664	12.286504
-0.244385	0.150146	0.913818	-90.137405	66.160305	92.122137	12.296756
-0.225586	-0.086426	1.218262	-86.618321	45.374046	96.465649	12.306684
-0.163330	-0.369385	1.485596	-82.603053	20.160305	93.160305	12.316517
-0.084473	-0.651123	1.626953	-81.961832	0.961832	73.595420	12.326951
-0.017822	-0.883545	1.715088	-60.954198	-16.633588	51.175573	12.336831
-0.045654	-0.820801	1.717529	-17.885496	-30.099237	22.412214	12.346918
0.003418	-0.821289	1.613037	11.053435	-28.236641	-5.625954	12.356933
-0.066162	-0.744629	1.553223	41.938931	-32.419847	-30.030534	12.367001
-0.100586	-0.461182	1.371338	69.641221	-47.190840	-49.068702	12.377257
-0.132324	-0.273682	1.136963	64.526718	-46.946565	-59.549618	12.387415
-0.173584	-0.108398	0.952148	73.099237	-48.129771	-66.358779	12.397861
-0.201172	0.041992	0.780762	82.122137	-45.427481	-74.900763	12.407688
-0.221436	0.251709	0.621826	70.557252	-40.938931	-83.076336	12.417559
-0.243164	0.528809	0.450684	60.480916	-39.236641	-89.786260	12.427824
-0.322998	0.740479	0.295898	43.000000	-30.282443	-84.564885	12.437785
-0.385986	0.860107	0.172607	34.061069	-19.000000	-69.335878	12.447586
-0.441406	0.956299	0.053467	21.213740	-1.526718	-49.374046	12.457556
-0.449951	1.024902	0.016846	4.931298	21.809160	-24.068702	12.467749
-0.460205	1.100586	0.040527	-8.648855	43.862595	3.106870	12.477706
-0.408447	0.924072	0.153809	-37.702290	71.404580	34.343511	12.487894
-0.390625	0.726807	0.367920	-63.977099	74.061069	58.534351	12.498644
-0.378418	0.587158	0.512939	-77.221374	74.022901	83.404580	12.508735
-0.394287	0.324463	0.662598	-90.786260	74.290076	106.977099	12.518953
-0.330078	0.122070	0.937256	-95.450382	64.854962	119.122137	12.528979
-0.266602	-0.279053	1.231201	-104.022901	53.557252	118.832061	12.538802
-0.238037	-0.512695	1.576416	-92.488550	32.564885	109.893130	12.549106
-0.085205	-0.762939	1.812256	-74.671756	2.992366	93.564885	12.559249
-0.166260	-0.649170	1.699219	-52.854962	-7.083969	79.618321	12.569253
0.039795	-1.397217	1.868408	-24.641221	-28.419847	25.923664	12.579554
0.006104	-1.046143	1.668457	22.786260	-36.435115	-34.427481	12.589408
-0.130127	-0.720459	1.500488	56.885496	-44.244275	-54.366412	12.599558
-0.153320	-0.445312	1.387939	67.839695	-46.793893	-71.778626	12.609706
-0.175537	-0.226318	1.180420	79.236641	-47.236641	-81.786260	12.620075
-0.223389	-0.009033	0.937744	90.274809	-42.992366	-85.244275	12.630274
-0.211426	0.246094	0.671387	95.366412	-40.671756	-87.793893	12.640111
-0.273438	0.487305	0.480225	99.053435	-30.419847	-85.900763	12.650225
-0.299561	0.671631	0.311035	89.374046	-14.282443	-71.412214	12.660079
-0.381104	0.875977	0.195557	78.488550	-1.969466	-55.534351	12.670291
-0.324463	0.957031	0.100342	71.167939	13.633588	-32.290076	12.680553
-0.376709	0.989258	0.052002	52.320611	25.160305	-8.977099	12.690333
-0.343262	0.954590	-0.040771	20.541985	41.862595	16.503817	12.700665
-0.372314	0.867188	-0.017334	-7.725191	64.587786	37.427481	12.710660
-0.351318	0.676270	0.262451	-52.526718	86.610687	54.106870	12.720788
-0.356934	0.442383	0.560303	-82.816794	89.251908	65.702290	12.730626
-0.352051	0.182373	0.901123	-110.259542	80.557252	75.022901	12.740411
-0.279297	-0.157471	1.255127	-123.748092	63.664122	78.106870	12.750670
-0.242188	-0.302246	1.573486	-128.045802	28.488550	65.847328	12.760112
-0.149902	-0.536377	1.816162	-106.824427	-2.152672	55.549618	12.769750
-0.111084	-0.611572	1.864746	-82.946565	-31.419847	39.755725	12.780203
-0.093750	-0.707764	1.805176	-44.244275	-38.625954	21.038168	12.790129
-0.055420	-0.755859	1.647949	-2.496183	-33.091603	-1.152672	12.800065
-0.128418	-0.732178	1.490479	48.572519	-37.809160	-24.152672	12.810070
-0.164795	-0.464111	1.362305	75.587786	-48.343511	-44.824427	12.820429
-0.189697	-0.266846	1.214111	81.389313	-52.984733	-54.450382	12.830391
-0.175537	-0.117676	1.072998	86.274809	-52.908397	-61.656489	12.840515
-0.195312	0.067627	0.897461	87.816794	-53.534351	-73.076336	12.850372
-0.225342	0.291504	0.727295	95.648855	-56.137405	-78.824427	12.860358
-0.261230	0.579102	0.440186	90.938931	-65.770992	-80.106870	12.870569
-0.287598	0.840088	0.114990	63.290076	-50.633588	-69.442748	12.880696
-0.288574	0.929688	-0.129639	69.480916	-31.206107	-54.534351	12.890398
-0.336426	0.930420	-0.398193	63.847328	-6.725191	-28.137405	12.900654
-0.367188	1.063721	-0.483398	28.832061	33.190840	-14.801527	12.910584
-0.386719	1.067627	-0.334473	-25.015267	90.244275	6.977099	12.920735
-0.444824	1.042969	0.063232	-75.099237	122.374046	34.389313	12.930700
-0.400635	0.726318	0.691162	-116.305344	130.702290	64.038168	12.940814
-0.414795	0.389404	1.158447	-139.175573	100.175573	82.580153	12.950544
-0.387695	0.059570	1.493652	-146.183206	55.786260	92.496183	12.961135
-0.186523	-0.297852	1.588379	-157.793893	10.152672	86.190840	12.971368
-0.151611	-0.518555	1.659424	-131.740458	-20.427481	72.450382	12.981187
-0.104736	-0.823486	1.745361	-83.396947	-34.603053	64.839695	12.991055
-0.093262	-0.831299	1.784668	-50.854962	-40.564885	39.183206	13.000911
0.002197	-0.847900	1.861084	-8.328244	-27.106870	15.106870	13.010558
-0.052490	-0.821533	1.917480	40.335878	-28.755725	-10.541985	13.020979
-0.070801	-0.675293	1.725586	88.694656	-54.175573	-33.251908	13.031182
-0.107422	-0.448730	1.402588	96.458015	-68.412214	-56.114504	13.040949
-0.164307	-0.211426	1.037598	107.938931	-77.847328	-65.877863	13.051121
-0.173096	0.053955	0.690918	117.412214	-81.908397	-72.877863	13.061521
-0.214355	0.323730	0.410889	107.824427	-75.564885	-75.213740	13.072008
-0.187500	0.560547	0.196777	97.167939	-63.404580	-72.351145	13.081663
-0.228271	0.784424	0.020752	74.419847	-52.106870	-67.809160	13.092155
-0.324951	0.935303	-0.086182	54.564885	-36.793893	-59.122137	13.102149
-0.328857	1.020996	-0.171387	29.480916	-9.854962	-41.946565	13.112308
-0.429443	1.132324	-0.129639	-1.389313	22.267176	-20.404580	13.122425
-0.426514	1.124268	0.077148	-40.061069	58.839695	12.923664	13.135150
-0.503906	1.037109	0.300293	-62.496183	76.175573	37.694656	13.145149
-0.391602	0.744629	0.507080	-83.251908	81.709924	56.694656	13.155010
-0.350830	0.548584	0.695557	-91.419847	74.122137	69.251908	13.164556
-0.288086	0.301270	0.836426	-98.862595	66.778626	82.526718	13.175145
-0.347168	0.085693	1.015381	-92.793893	50.091603	94.908397	13.185253
-0.163086	-0.145264	1.145752	-105.282443	43.274809	94.832061	13.194939
-0.029297	-0.462891	1.348633	-114.824427	30.984733	90.396947	13.205068
-0.118408	-0.656250	1.608398	-103.641221	10.694656	72.183206	13.215265
-0.074707	-0.953125	1.782471	-77.007634	-4.259542	48.816794	13.225202
-0.035156	-1.008545	1.833740	-38.312977	-16.984733	11.000000	13.235491
0.015381	-0.917969	1.792725	-4.160305	-25.923664	-20.541985	13.245326
-0.070557	-0.734863	1.654053	47.351145	-39.885496	-40.977099	13.255403
-0.093262	-0.533936	1.393799	82.267176	-45.992366	-59.961832	13.265388
-0.145752	-0.323730	1.134521	87.419847	-46.648855	-74.015267	13.275568
-0.177979	-0.118164	0.943115	102.106870	-48.908397	-76.793893	13.285536
-0.160400	0.119385	0.767578	100.587786	-43.709924	-82.923664	13.295635
-0.148682	0.289062	0.536377	99.854962	-44.160305	-85.824427	13.305394
-0.229492	0.589355	0.375000	85.870229	-39.717557	-84.885496	13.315564
-0.288086	0.769043	0.201660	67.984733	-35.572519	-73.251908	13.325572
-0.317627	0.890869	0.057617	52.931298	-17.664122	-59.045802	13.335861
-0.329590	0.962402	-0.033203	20.687023	-0.282443	-48.603053	13.346050
-0.425293	1.020996	-0.034668	-4.290076	28.763359	-32.045802	13.355827
-0.397217	0.982666	0.033691	-23.580153	56.282443	-9.557252	13.365285
-0.468018	1.014648	0.220947	-43.778626	74.610687	20.267176	13.374954
-0.405273	0.862305	0.435791	-72.114504	89.198473	42.061069	13.384773
-0.428955	0.605957	0.652588	-86.045802	84.297710	58.961832	13.394809
-0.380615	0.475342	0.796143	-92.610687	72.007634	75.824427	13.405774
-0.356445	0.227783	0.924316	-112.557252	65.763359	89.900763	13.415719
-0.261719	-0.118896	1.109375	-106.038168	48.725191	103.961832	13.426599
-0.184326	-0.465088	1.320312	-106.969466	29.496183	95.916031	13.436786
-0.071045	-0.758789	1.518555	-118.480916	21.458015	77.900763	13.447091
-0.109863	-0.918457	1.803467	-86.343511	2.076336	42.549618	13.456950
-0.039062	-1.117676	1.985352	-46.167939	-13.465649	20.549618	13.466977
0.022949	-1.139648	1.910400	-0.190840	-32.610687	-26.061069	13.477226
-0.060547	-0.805664	1.701660	57.496183	-47.297710	-61.274809	13.487155
-0.109131	-0.439941	1.340576	102.893130	-61.580153	-82.534351	13.497143
-0.128418	-0.146240	1.015869	98.458015	-57.900763	-88.885496	13.507022
-0.143311	0.011230	0.773682	106.587786	-49.694656	-89.847328	13.517059
-0.174316	0.207275	0.627930	102.770992	-47.847328	-94.389313	13.527438
-0.201416	0.440430	0.404785	96.541985	-41.786260	-94.061069	13.537828
-0.264404	0.671875	0.266602	77.419847	-36.404580	-88.992366	13.547700
-0.292236	0.799561	0.150391	63.862595	-24.160305	-81.183206	13.557721
-0.350342	1.010498	-0.034424	38.656489	-15.213740	-66.122137	13.567608
-0.369873	1.048584	-0.150879	6.862595	11.839695	-42.786260	13.577625
-0.502197	1.111328	-0.085449	-30.755725	49.381679	-15.992366	13.587909
-0.552490	1.075928	0.171143	-67.702290	81.908397	22.427481	13.598003
-0.544434	0.886475	0.446533	-102.251908	90.229008	53.366412	13.607728
-0.471436	0.575684	0.748535	-120.488550	96.496183	74.519084	13.617800
-0.393311	0.210693	1.071533	-134.694656	70.000000	91.511450	13.628174
-0.340332	-0.053223	1.242188	-145.648855	40.282443	93.832061	13.638358
-0.220459	-0.369629	1.365234	-159.160305	9.625954	92.114504	13.648610
-0.088379	-0.681641	1.461914	-150.122137	-8.511450	78.709924	13.658715
-0.137207	-0.884033	1.564453	-121.091603	-33.007634	53.671756	13.669094
-0.165283	-0.783936	1.549561	-100.290076	-31.541985	40.923664	13.678891
0.005615	-1.262695	1.612793	-43.007634	-37.030534	2.526718	13.689280
-0.023438	-1.130859	1.586182	17.580153	-32.687023	-46.687023	13.699269
-0.097168	-0.784912	1.465332	73.687023	-42.977099	-67.374046	13.708913
-0.149414	-0.411865	1.278076	92.251908	-40.244275	-81.832061	13.718852
-0.177490	-0.223389	1.080322	108.725191	-38.740458	-82.984733	13.729152
-0.167236	-0.086182	0.893799	117.923664	-40.625954	-87.244275	13.739217
-0.164551	0.092285	0.744873	109.793893	-43.778626	-99.946565	13.749272
-0.213867	0.378662	0.589111	101.465649	-48.473282	-104.580153	13.759052
-0.270264	0.623047	0.380127	87.809160	-47.480916	-102.412214	13.769250
-0.328125	0.820557	0.204590	71.763359	-44.458015	-92.167939	13.779217
-0.361328	0.990967	-0.027344	47.763359	-28.885496	-72.870229	13.789184
-0.410156	1.095215	-0.167236	22.877863	-1.496183	-47.083969	13.799644
-0.468506	1.188965	-0.118652	-12.702290	38.618321	-19.122137	13.809550
-0.551025	1.180420	0.092529	-52.244275	73.396947	18.564885	13.819748
-0.483154	0.925049	0.348145	-90.045802	99.068702	55.557252	13.830043
-0.474609	0.667480	0.640625	-112.274809	96.229008	82.045802	13.839884
-0.392334	0.401855	0.815674	-123.503817	92.801527	96.748092	13.849839
-0.360352	0.151367	1.046387	-139.557252	68.549618	108.213740	13.859828
-0.291992	-0.152344	1.247559	-155.702290	42.198473	109.503817	13.869871
-0.220703	-0.508057	1.456543	-158.442748	10.809160	104.427481	13.879925
-0.117188	-0.767334	1.594971	-159.198473	-17.282443	80.480916	13.889869
-0.039307	-0.977051	1.649658	-126.328244	-38.022901	54.969466	13.900034
-0.035156	-0.804443	1.645264	-89.190840	-46.625954	36.893130	13.909844
0.056152	-1.118652	1.498779	-25.458015	-47.557252	-3.793893	13.920130
0.014404	-1.080322	1.397461	30.641221	-39.778626	-41.129771	13.930169
-0.038330	-0.780762	1.321045	84.557252	-36.435115	-62.312977	13.939801
-0.110596	-0.432373	1.165527	114.045802	-28.648855	-75.702290	13.950102
-0.091309	-0.242188	1.014404	136.526718	-22.519084	-76.587786	13.960007
-0.189453	-0.077393	0.878906	143.198473	-26.893130	-76.839695	13.970239
-0.215576	0.126465	0.764404	129.152672	-32.832061	-80.786260	13.980573
-0.275391	0.351074	0.644043	116.618321	-36.603053	-85.870229	13.990713
-0.304688	0.579102	0.484863	104.709924	-33.412214	-85.267176	14.000505
-0.339355	0.795410	0.319580	86.877863	-27.763359	-77.541985	14.010752
-0.391602	0.994873	0.145264	73.083969	-15.244275	-59.358779	14.020649
-0.431885	1.131836	0.005127	51.580153	4.015267	-31.564885	14.031104
-0.491699	1.132812	-0.076172	13.809160	39.732824	0.702290	14.041146
-0.475586	1.178223	0.007324	-28.480916	70.793893	32.183206	14.051163
-0.571289	0.997070	0.274658	-67.503817	100.725191	71.389313	14.061183
-0.480225	0.685547	0.558594	-105.641221	101.106870	102.816794	14.071439
-0.451172	0.382812	0.820557	-128.480916	91.221374	124.519084	14.081484
-0.351807	-0.067139	1.149414	-160.618321	66.618321	138.358779	14.091519
-0.265869	-0.493652	1.483643	-191.854962	27.122137	133.122137	14.101526
-0.140869	-0.974854	1.681396	-188.984733	-19.038168	111.343511	14.111645
-0.024658	-1.262207	1.729004	-149.244275	-61.847328	68.618321	14.121993
-0.031006	-0.957031	1.714355	-101.511450	-76.595420	37.770992	14.132591
0.122803	-1.338379	1.527100	-41.122137	-72.473282	-13.587786	14.142727
0.079102	-1.205078	1.371826	18.183206	-55.022901	-53.847328	14.152763
-0.010010	-0.849609	1.177002	82.122137	-44.770992	-79.946565	14.162736
-0.073975	-0.400879	0.983154	119.198473	-32.587786	-96.656489	14.172726
-0.109863	-0.137695	0.794678	138.137405	-21.053435	-100.236641	14.182804
-0.155273	0.203369	0.646729	149.656489	-20.038168	-99.083969	14.192945
-0.202881	0.479004	0.467773	145.587786	-16.770992	-92.648855	14.202993
-0.247314	0.777100	0.308838	125.099237	-18.312977	-75.343511	14.213069
-0.283691	0.897705	0.141113	89.984733	-17.572519	-52.396947	14.223122
