-0.161377	0.032959	0.950195	-22.893130	0.633588	34.511450	0.005305
-0.152832	0.052246	0.932617	-3.893130	-0.442748	-0.931298	0.017110
-0.151123	0.052490	0.903809	-4.465649	-0.297710	-0.854962	0.029334
-0.143066	0.048584	0.920166	-5.022901	0.122137	-1.229008	0.040956
-0.147705	0.044922	0.889160	-4.236641	1.458015	-1.290076	0.052644
-0.147461	0.052246	0.916260	-3.335878	2.351145	-1.274809	0.064495
-0.154541	0.048584	0.929443	-3.381679	2.358779	-1.702290	0.076478
-0.155518	0.038086	0.937500	-3.778626	1.763359	-1.854962	0.087765
-0.156494	0.047852	0.931641	-2.145038	0.961832	-2.114504	0.099333
-0.155273	0.056152	0.925781	-4.061069	0.595420	-2.503817	0.110245
-0.159912	0.058350	0.916016	-3.832061	0.366412	-1.816794	0.121625
-0.147217	0.063232	0.912354	-3.480916	0.740458	-1.007634	0.134252
-0.154053	0.050049	0.896484	-3.824427	1.389313	-1.229008	0.145808
-0.154297	0.058105	0.917969	-3.152672	1.427481	-1.229008	0.156923
-0.153564	0.051270	0.922363	-3.938931	1.633588	-0.625954	0.169369
-0.153564	0.056641	0.935791	-4.969466	1.145038	-0.671756	0.181152
-0.151855	0.037109	0.937012	-4.076336	0.931298	-1.427481	0.192976
-0.144531	0.059326	0.919678	-2.557252	0.816794	-1.625954	0.204722
-0.150391	0.052979	0.924072	-2.625954	1.114504	-0.900763	0.216562
-0.149170	0.053223	0.906006	-3.366412	1.435115	-1.267176	0.228541
-0.149658	0.058594	0.920410	-2.877863	1.595420	-0.656489	0.240400
-0.156982	0.049316	0.908936	-2.916031	2.206107	-0.549618	0.251474
-0.154297	0.039551	0.900146	-2.366412	2.412214	-1.801527	0.262458
-0.151855	0.064697	0.921875	-0.358779	2.938931	-2.022901	0.275324
-0.144287	0.079834	0.924072	-0.145038	3.053435	-1.534351	0.287089
-0.146484	0.072510	0.942139	-1.969466	2.832061	-1.061069	0.298618
-0.144775	0.079102	0.944824	-2.557252	2.236641	-0.213740	0.310254
-0.153564	0.060303	0.947998	-3.450382	0.595420	0.534351	0.322029
-0.154297	0.051514	0.922852	-3.847328	-0.022901	0.038168	0.333446
-0.160156	0.045654	0.930176	-2.725191	-0.206107	0.129771	0.345071
-0.153809	0.043457	0.934082	-1.908397	-0.702290	-0.305344	0.356329
-0.155518	0.061035	0.919189	-2.167939	-0.396947	-1.183206	0.368143
-0.150635	0.062012	0.921143	1.335878	-0.419847	-0.717557	0.380171
-0.148926	0.079346	0.919678	-0.152672	0.740458	-0.396947	0.392550
-0.150635	0.074951	0.915527	-1.732824	0.335878	0.992366	0.403778
-0.154785	0.057129	0.926514	-1.175573	0.305344	1.625954	0.415444
-0.148926	0.056396	0.925537	-2.412214	-0.564885	1.893130	0.426617
-0.152588	0.051758	0.907471	-3.297710	-0.656489	1.923664	0.437960
-0.158691	0.048096	0.914062	-4.465649	0.053435	1.526718	0.449802
-0.152100	0.033691	0.921387	-4.229008	0.030534	1.343511	0.461519
-0.146240	0.037842	0.894531	-3.312977	0.854962	0.419847	0.473850
-0.136475	0.038818	0.907471	-1.900763	1.160305	-0.106870	0.485616
-0.153320	0.046875	0.924561	-2.259542	1.900763	0.213740	0.497209
-0.146729	0.043701	0.904541	-2.091603	0.000000	0.259542	0.508948
-0.150146	0.038086	0.909912	-2.633588	2.648855	-0.587786	0.520337
-0.153320	0.052734	0.895020	-2.778626	2.885496	-0.595420	0.532125
-0.145996	0.051514	0.899170	-3.450382	3.656489	-0.473282	0.543962
-0.157227	0.061279	0.913086	-4.114504	3.053435	-0.793893	0.555303
-0.157227	0.052246	0.932861	-3.954198	2.824427	-0.419847	0.566407
-0.159180	0.041992	0.930420	-3.854962	1.916031	-1.145038	0.578001
-0.157959	0.056396	0.931641	-2.465649	1.374046	-1.259542	0.590229
-0.150635	0.072510	0.931396	-2.694656	0.992366	-0.610687	0.602100
-0.151611	0.054199	0.921631	-3.885496	1.458015	-0.969466	0.613939
-0.146973	0.055664	0.919434	-4.587786	2.221374	-1.068702	0.625682
-0.148926	0.051025	0.920166	-3.061069	2.137405	-0.916031	0.637391
-0.150391	0.054443	0.929688	-3.503817	2.030534	-0.977099	0.649058
-0.142090	0.038330	0.929932	-3.625954	1.312977	-1.160305	0.660339
-0.150146	0.041504	0.932129	-3.145038	1.335878	-1.213740	0.672609
-0.143311	0.053711	0.927490	-2.961832	0.854962	-1.030534	0.684320
-0.143799	0.046143	0.923340	-4.229008	1.076336	-0.893130	0.695484
-0.146973	0.041504	0.921875	-4.694656	0.885496	-0.847328	0.706342
-0.155762	0.034912	0.926758	-3.946565	1.412214	-1.732824	0.717680
-0.158447	0.045898	0.920654	-2.801527	1.267176	-1.984733	0.730002
-0.147949	0.056641	0.927246	-2.809160	1.068702	-2.374046	0.741660
-0.151367	0.059082	0.923340	-2.396947	0.900763	-2.343511	0.754768
-0.150635	0.084717	0.932129	-1.473282	1.022901	-0.839695	0.766315
-0.154541	0.064941	0.933350	-3.259542	0.725191	0.351145	0.778087
-0.148682	0.047119	0.919678	-4.022901	0.564885	-0.381679	0.790164
-0.153809	0.033691	0.912354	-2.213740	0.503817	-0.931298	0.801994
-0.146973	0.060059	0.911621	-2.648855	1.259542	-0.671756	0.813866
-0.146729	0.046387	0.919434	-1.961832	1.877863	-0.984733	0.825778
-0.159424	0.042969	0.925293	-2.801527	2.015267	-1.099237	0.837427
-0.155762	0.048096	0.924072	-1.091603	1.549618	-1.229008	0.848915
-0.154541	0.064697	0.938965	-1.022901	0.969466	-1.274809	0.859770
-0.159424	0.049316	0.942139	-1.870229	-0.007634	-1.473282	0.871829
-0.156494	0.044189	0.929932	-1.335878	0.175573	-2.236641	0.883199
-0.149414	0.073975	0.932861	-0.015267	0.106870	-1.770992	0.894931
-0.149170	0.083984	0.916016	-1.877863	0.854962	-1.137405	0.906794
-0.150146	0.069092	0.926270	-1.778626	1.709924	-0.832061	0.918721
-0.148193	0.068848	0.953125	-0.564885	1.183206	0.137405	0.930806
-0.149414	0.060791	0.934326	-1.503817	0.786260	0.687023	0.942506
-0.151123	0.048096	0.948242	-1.137405	-0.122137	1.106870	0.954794
-0.153564	0.031738	0.937988	-0.770992	-1.473282	0.709924	0.966274
-0.163086	0.028564	0.918945	-1.419847	-1.656489	-0.908397	0.978177
-0.152344	0.043945	0.916992	-0.259542	-3.908397	-1.358779	0.989545
-0.153076	0.052734	0.891113	-1.274809	-0.938931	-1.755725	1.000947
-0.152588	0.063965	0.870605	-1.809160	1.038168	-2.053435	1.012104
-0.147705	0.062988	0.883789	-1.679389	2.496183	-1.702290	1.023715
-0.150879	0.074463	0.913330	-0.007634	3.198473	-1.549618	1.035797
-0.152588	0.073486	0.927002	-2.625954	3.167939	-0.931298	1.047505
-0.152832	0.072754	0.931396	-3.641221	2.839695	0.160305	1.059418
-0.157227	0.043457	0.944092	-5.229008	1.656489	-0.435115	1.070985
-0.150146	0.042236	0.927490	-4.450382	0.587786	-1.351145	1.084070
-0.152588	0.047852	0.923828	-3.083969	0.793893	-1.290076	1.097171
-0.148926	0.049316	0.912354	-2.709924	1.213740	-1.870229	1.111214
-0.145020	0.062012	0.906250	-1.473282	2.038168	-0.969466	1.123085
-0.142822	0.062012	0.895508	-1.412214	2.969466	-0.740458	1.134864
-0.152588	0.047852	0.918457	-2.366412	3.938931	-1.091603	1.146824
-0.157227	0.043945	0.945312	-2.122137	3.671756	-0.022901	1.158017
-0.155762	0.046387	0.952393	-1.816794	1.358779	-2.717557	1.169155
-0.157715	0.072754	0.943359	-2.213740	0.435115	-2.938931	1.181408
-0.155518	0.084473	0.948486	-3.038168	-0.587786	-1.664122	1.193172
-0.132080	0.074219	0.922363	-4.427481	-0.923664	-1.007634	1.204905
-0.145264	0.072998	0.902588	-4.251908	-0.190840	-0.320611	1.216882
-0.146240	0.048096	0.904541	-5.175573	0.938931	-0.290076	1.228805
-0.148682	0.054443	0.895752	-5.290076	2.160305	-0.694656	1.240491
-0.141846	0.044434	0.909424	-4.229008	2.625954	-0.885496	1.252273
-0.151367	0.048096	0.926270	-2.954198	2.931298	-1.358779	1.264280
-0.149414	0.049805	0.941162	-1.862595	2.557252	-1.687023	1.275881
-0.151611	0.053955	0.947754	-1.091603	0.671756	-1.549618	1.288111
-0.155518	0.066650	0.935303	-1.435115	0.374046	-1.618321	1.299663
-0.148926	0.064209	0.928223	-1.893130	-0.099237	-1.335878	1.310665
-0.154053	0.073486	0.914551	-2.427481	0.183206	-1.145038	1.323067
-0.151611	0.070557	0.910645	-2.633588	0.870229	-0.786260	1.334885
-0.151611	0.052734	0.908691	-2.877863	1.061069	-0.992366	1.346689
-0.153809	0.063965	0.920166	-1.809160	1.175573	-1.053435	1.358352
-0.159668	0.055664	0.934082	-1.427481	0.854962	-0.740458	1.370229
-0.162842	0.058838	0.937988	-1.480916	0.366412	-1.198473	1.382020
-0.157959	0.056152	0.931396	-1.442748	-0.488550	-1.183206	1.393473
-0.156494	0.067139	0.911865	-1.496183	-0.465649	-0.282443	1.405253
-0.150391	0.056885	0.902588	-2.839695	0.083969	-0.251908	1.417081
-0.150391	0.053955	0.884033	-3.694656	1.236641	-0.610687	1.429185
-0.146484	0.063477	0.895752	-2.984733	2.572519	-0.648855	1.441268
-0.150146	0.051025	0.934570	-2.183206	3.259542	-1.000000	1.452989
-0.155029	0.053467	0.944580	-2.099237	1.793893	-1.664122	1.465079
-0.156982	0.063232	0.949707	-1.328244	0.320611	-1.541985	1.477493
-0.148438	0.069824	0.940430	-2.580153	-0.931298	-1.160305	1.489842
-0.143555	0.075439	0.924072	-4.022901	-1.183206	-1.053435	1.501676
-0.144043	0.069336	0.901367	-3.290076	-0.435115	0.549618	1.512854
-0.146729	0.044189	0.897705	-3.870229	0.435115	-0.061069	1.525323
-0.147461	0.060547	0.903564	-6.671756	0.648855	-1.984733	1.537024
-0.153076	0.047363	0.901611	5.083969	2.053435	0.244275	1.548069
-0.149170	0.060547	0.897705	-1.931298	3.114504	-0.603053	1.560123
-0.150146	0.052734	0.947021	-3.732824	2.488550	-2.351145	1.571788
-0.158203	0.053223	0.942139	-0.496183	2.053435	-1.618321	1.583580
-0.153320	0.062988	0.933594	-0.106870	1.213740	-2.114504	1.595521
-0.159424	0.078369	0.918457	-0.786260	0.862595	-2.557252	1.606448
-0.147705	0.071777	0.921387	-3.122137	1.732824	-2.396947	1.617516
-0.151855	0.070801	0.901123	-0.458015	1.427481	-1.816794	1.629867
-0.154541	0.077393	0.922607	-2.992366	2.755725	-1.816794	1.641079
-0.147949	0.076904	0.927979	-3.526718	2.740458	-1.541985	1.653369
-0.154541	0.064209	0.926025	-2.618321	2.419847	-1.221374	1.664935
-0.171631	0.070801	0.942139	-1.923664	1.847328	-1.175573	1.677159
-0.152588	0.072266	0.938721	-2.267176	0.312977	-0.717557	1.688663
-0.154297	0.069092	0.927002	-3.580153	-0.076336	0.145038	1.700475
-0.146484	0.057617	0.918945	-4.045802	0.419847	-0.343511	1.711881
-0.152344	0.052490	0.915039	-2.786260	0.709924	-1.259542	1.724387
-0.154785	0.065674	0.923340	-1.000000	1.229008	-1.320611	1.735977
-0.145508	0.076416	0.939941	-1.076336	0.900763	-1.374046	1.747926
-0.144531	0.078613	0.927490	-1.580153	0.992366	-0.648855	1.759021
-0.148438	0.072266	0.915771	-2.732824	0.923664	0.732824	1.771114
-0.150635	0.045654	0.928223	-4.755725	0.694656	0.068702	1.782751
-0.153320	0.052490	0.919678	-3.770992	0.404580	-0.725191	1.794249
-0.150635	0.059326	0.909912	-2.564885	0.404580	-0.595420	1.806198
-0.148926	0.059326	0.909180	-3.885496	0.885496	-0.862595	1.817927
-0.156006	0.056396	0.912598	-3.389313	1.137405	-1.045802	1.829785
-0.151611	0.063232	0.906250	-2.671756	1.183206	-1.083969	1.841578
-0.156250	0.060059	0.895508	-3.053435	1.786260	-1.442748	1.853027
-0.152100	0.066406	0.879395	-3.229008	2.351145	-1.740458	1.865507
-0.154297	0.072754	0.903564	-4.091603	3.190840	-1.396947	1.877711
-0.151855	0.065430	0.927979	-4.946565	3.167939	-2.022901	1.888852
-0.168213	0.075439	0.924316	-4.290076	2.236641	-2.091603	1.900219
-0.151611	0.085693	0.936035	-4.389313	1.839695	-0.251908	1.912342
-0.142578	0.061035	0.939697	-4.160305	1.282443	0.351145	1.923733
-0.158203	0.062744	0.927734	-5.633588	1.045802	-0.122137	1.935026
-0.150635	0.054688	0.907715	-4.236641	1.229008	-0.389313	1.947459
-0.149902	0.060059	0.908936	-3.709924	2.038168	-0.885496	1.959124
-0.152344	0.071289	0.913574	-4.381679	2.641221	-1.312977	1.970791
-0.151123	0.072021	0.918213	-3.045802	2.656489	-1.656489	1.982751
-0.152100	0.083252	0.935303	-2.396947	2.984733	-1.221374	1.993858
-0.158936	0.084717	0.951660	-2.633588	1.931298	-0.580153	2.005614
-0.153564	0.087158	0.955811	-3.022901	0.335878	0.221374	2.017675
-0.166260	0.070801	0.936279	-3.396947	-0.572519	0.824427	2.029602
-0.160889	0.066162	0.920166	-3.458015	-0.595420	1.022901	2.040173
-0.156006	0.055908	0.901611	-3.946565	-0.679389	1.145038	2.050200
-0.149658	0.042969	0.899902	-3.687023	0.648855	0.358779	2.059738
-0.151123	0.043457	0.900635	-3.190840	1.358779	-0.282443	2.070475
-0.146240	0.048828	0.903076	-2.564885	2.419847	-0.725191	2.080784
-0.156982	0.046631	0.938721	-3.045802	2.183206	-0.946565	2.091005
-0.148926	0.056396	0.942871	-1.847328	1.236641	-0.809160	2.101153
-0.157227	0.062256	0.948486	-1.541985	0.587786	-0.587786	2.111414
-0.150879	0.058350	0.946045	-2.267176	0.022901	-0.465649	2.121681
-0.150879	0.063965	0.930664	-2.549618	-0.458015	-0.129771	2.132343
-0.154541	0.054199	0.912109	-3.076336	-0.870229	-0.221374	2.142936
-0.162598	0.054443	0.909912	-3.419847	-0.595420	-0.984733	2.153174
-0.150879	0.057617	0.895508	-3.114504	-0.335878	-0.717557	2.163805
-0.151611	0.056641	0.886963	-3.076336	1.389313	-0.923664	2.174297
-0.141357	0.050537	0.897705	-2.458015	2.557252	-1.251908	2.184782
-0.151611	0.061279	0.927734	-1.419847	2.961832	-1.183206	2.194891
-0.157715	0.056885	0.942871	-0.458015	2.351145	-1.312977	2.204575
-0.167969	0.060303	0.963623	-0.763359	1.511450	-1.160305	2.214657
-0.166992	0.057373	0.938965	-1.839695	-0.343511	-1.389313	2.224706
-0.156006	0.062500	0.928467	-2.473282	-1.427481	-1.206107	2.235661
-0.147461	0.058350	0.876221	-2.885496	-1.236641	-0.954198	2.245670
-0.150391	0.056396	0.877441	-3.778626	0.236641	-1.229008	2.255961
-0.152832	0.053955	0.890869	-3.732824	1.206107	-1.694656	2.265607
-0.145020	0.070557	0.889160	-2.549618	2.641221	-1.618321	2.275491
-0.155029	0.072021	0.911133	-2.793893	3.511450	-1.000000	2.285677
-0.151367	0.065918	0.937256	-4.167939	3.603053	-0.877863	2.295498
-0.149902	0.065430	0.948242	-3.534351	2.183206	-1.129771	2.306236
-0.153809	0.083496	0.928711	-2.534351	1.687023	-0.083969	2.316227
-0.149170	0.071777	0.926758	-3.404580	1.335878	0.938931	2.326145
-0.145020	0.059326	0.924805	-4.938931	1.366412	0.351145	2.336554
-0.152588	0.057129	0.917480	-3.297710	1.129771	0.183206	2.346787
-0.151367	0.064453	0.902344	-2.381679	2.190840	0.381679	2.356366
-0.154297	0.070557	0.901611	-2.580153	3.000000	0.000000	2.366665
-0.153320	0.072998	0.915527	-3.259542	3.465649	-0.122137	2.377074
-0.155273	0.075439	0.912109	-2.374046	3.908397	0.312977	2.386967
-0.149902	0.081055	0.920166	-2.419847	3.305344	0.106870	2.396436
-0.152588	0.075684	0.918457	-3.557252	2.931298	-0.045802	2.406457
-0.154297	0.072998	0.926025	-4.198473	1.755725	0.152672	2.416975
-0.161865	0.071289	0.924561	-3.801527	1.076336	0.068702	2.426821
-0.158447	0.072266	0.915283	-3.694656	0.877863	0.198473	2.437064
-0.151367	0.067871	0.931396	-3.526718	0.839695	0.122137	2.447425
-0.150391	0.063965	0.923340	-3.992366	0.832061	0.557252	2.457374
-0.154785	0.063965	0.912354	-3.557252	0.900763	0.778626	2.467592
-0.149658	0.045654	0.915771	-3.618321	1.984733	0.564885	2.478076
-0.159180	0.044678	0.933350	-3.320611	1.641221	-0.351145	2.487707
-0.152100	0.045898	0.927246	-2.549618	1.488550	-0.442748	2.497135
-0.157471	0.053223	0.928955	-2.412214	1.351145	-0.770992	2.506783
-0.157959	0.049072	0.939453	-3.503817	1.129771	-1.198473	2.516147
-0.158691	0.043213	0.935059	-3.946565	0.587786	-2.007634	2.525976
-0.150391	0.051758	0.915039	-3.167939	0.068702	-2.618321	2.537121
-0.157959	0.066895	0.916504	-2.694656	0.816794	-2.496183	2.546549
-0.153076	0.070312	0.924561	-2.534351	0.809160	-1.954198	2.557197
-0.157959	0.081299	0.927979	-3.076336	0.992366	-1.389313	2.567453
-0.156738	0.079346	0.907227	-3.419847	1.351145	-0.709924	2.577829
-0.158936	0.063721	0.922363	-3.709924	1.755725	-0.931298	2.587805
-0.152100	0.071777	0.916992	-3.748092	1.259542	-1.282443	2.598390
-0.155518	0.073975	0.898926	-3.519084	1.435115	-1.122137	2.608153
-0.152100	0.084473	0.906738	-3.908397	1.839695	-0.931298	2.618462
-0.145508	0.074707	0.925293	-3.061069	2.022901	-0.702290	2.628780
-0.149414	0.077393	0.932617	-1.687023	1.549618	-0.381679	2.638954
-0.145752	0.076416	0.920898	-2.893130	0.931298	0.038168	2.649187
-0.145508	0.072510	0.925537	-4.022901	0.984733	0.389313	2.659567
-0.148193	0.073975	0.912354	-3.297710	0.587786	0.213740	2.669747
-0.146484	0.076904	0.913086	-3.564885	0.938931	1.053435	2.680232
-0.145508	0.059814	0.890381	-4.091603	1.458015	0.824427	2.690387
-0.155762	0.057861	0.891846	-3.496183	2.702290	0.183206	2.700821
-0.151123	0.046875	0.898193	-1.076336	2.076336	1.312977	2.710692
-0.159912	0.055420	0.909668	0.572519	3.374046	0.633588	2.721079
-0.159912	0.069824	0.917480	-4.541985	3.770992	-1.061069	2.731246
-0.163574	0.051514	0.919922	-2.954198	2.175573	-0.022901	2.741246
-0.161377	0.062988	0.932617	-2.770992	1.129771	-0.320611	2.751766
-0.146973	0.077881	0.930420	-1.572519	0.946565	0.450382	2.761902
-0.144775	0.087891	0.913818	-7.320611	0.694656	0.877863	2.772416
-0.152588	0.064209	0.902588	-4.251908	1.190840	0.938931	2.782983
-0.152344	0.044189	0.899658	-6.083969	3.122137	0.244275	2.793777
-0.154785	0.033936	0.915039	-3.091603	3.580153	-0.091603	2.804044
-0.163086	0.040527	0.935547	-1.625954	4.198473	-1.083969	2.814472
-0.153076	0.052734	0.929443	-1.603053	2.862595	-1.473282	2.825540
-0.157227	0.065430	0.936035	-2.603053	3.412214	-1.251908	2.835548
-0.163330	0.060791	0.944580	-2.290076	2.114504	-0.984733	2.846118
-0.165283	0.066895	0.922852	-4.083969	2.053435	-1.145038	2.856368
-0.153076	0.063477	0.919678	-1.916031	2.625954	-0.603053	2.866735
-0.157227	0.067139	0.925293	-4.000000	2.900763	-0.694656	2.876974
-0.164307	0.052246	0.932617	-3.595420	2.396947	-1.083969	2.887362
-0.160889	0.057373	0.944092	0.404580	1.824427	-0.793893	2.897610
-0.156006	0.086914	0.948242	-0.007634	2.236641	-1.000000	2.907576
-0.160156	0.073975	0.948975	-4.442748	1.862595	-0.312977	2.917122
-0.161621	0.066406	0.950195	-5.198473	0.412214	-0.419847	2.926812
-0.165527	0.050049	0.941650	-4.526718	-0.099237	-0.351145	2.937883
-0.150879	0.053223	0.913574	-2.694656	-0.213740	-0.053435	2.948022
-0.150879	0.054688	0.912598	-3.549618	0.633588	-0.480916	2.958419
-0.152832	0.045654	0.919434	-3.793893	2.076336	-1.450382	2.968674
-0.153076	0.050537	0.929443	-2.916031	1.717557	-1.358779	2.979001
-0.153809	0.046387	0.940674	-0.931298	1.007634	-2.389313	2.989040
-0.153564	0.063965	0.943604	-0.534351	0.137405	-2.511450	2.999318
-0.144287	0.071289	0.929199	-3.969466	-0.687023	-2.114504	3.009533
-0.148193	0.083008	0.931396	1.206107	0.343511	-1.404580	3.019729
-0.164551	0.074219	0.922607	-1.778626	-0.618321	-1.641221	3.029910
-0.160156	0.084717	0.915039	-2.900763	-0.625954	-2.091603	3.040192
-0.160156	0.086914	0.912109	-1.847328	-0.541985	-1.152672	3.050190
-0.153076	0.088867	0.910645	-3.603053	0.320611	0.068702	3.060524
-0.145508	0.047363	0.885254	-2.793893	0.267176	-0.450382	3.070601
-0.152588	0.056641	0.909668	-1.709924	1.603053	-2.770992	3.084439
-0.150879	0.095703	0.916016	2.190840	1.687023	-0.938931	3.094516
-0.142822	0.090820	0.918945	1.030534	2.343511	0.770992	3.103939
-0.156738	0.087158	0.919189	-0.755725	1.526718	0.702290	3.113332
-0.155518	0.080566	0.922119	-2.908397	1.610687	0.916031	3.122723
-0.157227	0.075195	0.924316	-2.847328	1.007634	2.076336	3.133047
-0.156738	0.048828	0.918213	-3.091603	0.770992	2.091603	3.142647
-0.161377	0.056641	0.901123	-3.961832	0.862595	1.083969	3.153700
-0.165039	0.053955	0.901611	-2.969466	1.251908	0.725191	3.164076
-0.155518	0.042480	0.904541	-2.038168	1.641221	0.770992	3.174511
-0.153564	0.054688	0.913086	-1.641221	1.793893	0.061069	3.184383
-0.155518	0.059814	0.917725	-3.045802	1.832061	0.427481	3.194879
-0.160645	0.045654	0.912354	-4.404580	1.977099	0.190840	3.205135
-0.163574	0.043701	0.905762	-4.534351	1.549618	-0.351145	3.215478
-0.154297	0.054443	0.906006	-4.503817	1.877863	-0.870229	3.226151
-0.150146	0.053955	0.911377	-4.870229	2.091603	-0.809160	3.235990
-0.156006	0.047119	0.912842	-4.969466	2.305344	-1.106870	3.246279
-0.156738	0.051025	0.924561	-4.206107	2.106870	-1.725191	3.256463
-0.164307	0.065918	0.935791	-3.496183	2.076336	-1.198473	3.266578
-0.142334	0.068848	0.927490	-3.480916	1.694656	-0.312977	3.277043
-0.161621	0.066406	0.930908	-4.519084	1.282443	-0.992366	3.286988
-0.164795	0.068848	0.922363	-5.145038	0.938931	0.122137	3.297695
-0.161377	0.054932	0.887939	-5.748092	1.267176	0.625954	3.307640
-0.159912	0.043701	0.895752	-6.244275	2.351145	-0.068702	3.317480
-0.155273	0.041748	0.899902	-4.931298	1.175573	-0.641221	3.327824
-0.156738	0.050049	0.902100	-3.389313	3.000000	-1.167939	3.338146
-0.161133	0.052734	0.915771	-3.778626	3.396947	-2.175573	3.348056
-0.155762	0.055664	0.916992	-5.122137	3.954198	-3.259542	3.358636
-0.169434	0.065430	0.939697	-1.480916	3.053435	-2.335878	3.369065
-0.163086	0.089844	0.941895	-2.244275	2.442748	-1.954198	3.379382
-0.161865	0.082520	0.939453	-2.908397	1.526718	-1.473282	3.389558
-0.165283	0.070801	0.933838	-3.091603	1.229008	-1.114504	3.400688
-0.163818	0.079102	0.928711	-2.969466	1.580153	-1.702290	3.411594
-0.172363	0.081543	0.910645	-2.664122	0.480916	-1.137405	3.421947
-0.153320	0.086426	0.901123	-1.961832	1.496183	-1.114504	3.432700
-0.162354	0.091797	0.899902	-2.664122	1.977099	-0.618321	3.442962
-0.155518	0.078369	0.901123	-2.007634	2.450382	0.045802	3.453509
-0.164062	0.090332	0.905518	-2.312977	2.648855	0.374046	3.463464
-0.173096	0.068604	0.927734	-3.755725	3.175573	1.213740	3.474416
-0.167969	0.051514	0.921387	-5.946565	3.824427	0.221374	3.484884
-0.161621	0.052490	0.895264	-1.656489	1.381679	0.396947	3.495371
-0.158447	0.063477	0.906982	-1.480916	1.763359	0.335878	3.505496
-0.157959	0.064453	0.894531	-2.770992	2.328244	-0.045802	3.515674
-0.156738	0.062744	0.901855	-4.786260	3.587786	-0.458015	3.525678
-0.154053	0.051758	0.916992	-2.274809	3.190840	0.007634	3.536602
-0.158447	0.049072	0.921631	-0.763359	3.717557	-0.969466	3.547030
-0.143066	0.077881	0.946289	-2.450382	3.816794	-1.160305	3.556403
-0.154785	0.074463	0.937012	-2.603053	3.305344	-0.160305	3.565854
-0.161621	0.059570	0.945801	-3.320611	3.244275	0.297710	3.575499
-0.170166	0.044922	0.962891	-2.389313	1.343511	0.351145	3.584801
-0.171631	0.061035	0.960938	-1.687023	0.862595	-0.343511	3.595840
-0.166016	0.069580	0.943604	-4.229008	0.595420	-0.488550	3.606612
-0.160645	0.067139	0.923828	-3.839695	0.068702	0.442748	3.616741
-0.167725	0.055420	0.914551	-3.656489	0.847328	0.480916	3.626828
-0.174316	0.057617	0.915283	-3.755725	1.679389	0.068702	3.637346
-0.170166	0.052979	0.906494	-3.099237	2.030534	0.068702	3.647568
-0.166748	0.057129	0.905762	-2.312977	2.343511	0.160305	3.657167
-0.169434	0.058350	0.913574	-2.893130	2.511450	-0.061069	3.667445
-0.169922	0.055908	0.915771	-3.984733	2.274809	-0.419847	3.677467
-0.165283	0.069092	0.909668	-3.610687	1.618321	-0.167939	3.687820
-0.166748	0.060791	0.912842	-3.908397	1.770992	0.198473	3.698028
-0.166016	0.045410	0.917236	-4.633588	1.519084	-0.198473	3.708222
-0.158936	0.057129	0.904053	-3.045802	1.786260	-0.656489	3.718621
-0.161621	0.059082	0.919678	-2.694656	1.618321	-0.534351	3.728753
-0.168457	0.051514	0.923096	-2.511450	1.717557	-1.145038	3.739252
-0.158936	0.062500	0.920898	-2.030534	1.503817	-1.045802	3.749277
-0.165527	0.064209	0.927002	-2.114504	1.625954	-0.603053	3.759538
-0.160889	0.062500	0.924561	-4.267176	1.541985	-0.442748	3.770154
-0.162842	0.048096	0.926514	-2.938931	1.709924	-0.190840	3.780437
-0.165283	0.042725	0.932129	-3.900763	1.664122	-0.656489	3.790729
-0.170166	0.041260	0.933594	-3.862595	0.839695	-2.213740	3.800682
-0.163086	0.065918	0.928955	-2.106870	0.488550	-2.091603	3.810880
-0.169678	0.067139	0.925781	-1.877863	1.152672	-1.412214	3.821143
-0.164551	0.066650	0.925781	-3.015267	1.114504	-1.221374	3.830913
-0.163818	0.065430	0.910400	-2.717557	1.770992	-1.259542	3.841328
-0.160889	0.071289	0.916260	-1.786260	2.465649	-0.755725	3.851489
-0.166016	0.072754	0.920410	-2.145038	2.610687	-0.282443	3.861418
-0.169678	0.055664	0.932861	-3.832061	2.343511	-0.618321	3.871689
-0.173340	0.042969	0.926270	-3.526718	1.664122	-0.977099	3.882081
-0.171387	0.053955	0.926758	-2.145038	1.229008	-0.908397	3.892441
-0.170410	0.058350	0.914551	-2.671756	1.312977	-0.900763	3.902234
-0.166016	0.046387	0.919434	-3.290076	1.000000	-1.793893	3.912782
-0.160400	0.062988	0.893311	-2.519084	1.786260	-1.641221	3.922992
-0.169434	0.064453	0.911621	-1.618321	2.045802	-0.877863	3.933097
-0.166260	0.071777	0.902100	-2.381679	1.564885	-0.801527	3.943671
-0.163574	0.087402	0.900146	-2.801527	1.290076	-0.015267	3.954052
-0.166748	0.063965	0.886230	-1.038168	2.221374	1.099237	3.964035
-0.168213	0.065918	0.908936	-2.381679	2.625954	0.190840	3.974279
-0.164795	0.057861	0.902588	-2.877863	2.839695	1.083969	3.984630
-0.168457	0.041260	0.900146	-3.412214	2.206107	-0.694656	3.995063
-0.166748	0.041016	0.910645	-1.442748	2.106870	-1.778626	4.004908
-0.166016	0.068115	0.920654	-0.458015	1.580153	-2.152672	4.015469
-0.166992	0.090576	0.917480	-1.549618	1.221374	-1.961832	4.025594
-0.166748	0.074219	0.910645	-3.419847	1.290076	-2.083969	4.035979
-0.161377	0.072021	0.914307	-3.763359	2.129771	-2.015267	4.046318
-0.196289	0.058350	0.887939	0.740458	1.687023	-2.389313	4.056906
-0.169189	0.064453	0.882324	-5.137405	6.175573	-1.770992	4.067394
-0.169922	0.065186	0.895264	-1.480916	3.290076	-1.763359	4.077649
-0.171875	0.051758	0.911865	-2.282443	4.908397	-1.458015	4.087989
-0.169922	0.076660	0.927002	-3.045802	4.312977	-1.702290	4.098317
-0.159668	0.064941	0.939941	-3.656489	4.358779	-1.030534	4.108656
-0.171387	0.059814	0.955322	-4.625954	3.694656	-1.793893	4.119192
-0.174561	0.054688	0.945801	-1.786260	1.282443	-1.183206	4.129637
-0.172607	0.056152	0.925537	-0.007634	0.954198	-0.557252	4.139970
-0.169922	0.067871	0.906982	-3.038168	2.824427	-2.221374	4.150085
-0.172363	0.065186	0.901123	-3.671756	1.679389	-2.198473	4.160372
-0.174561	0.049316	0.893555	-1.114504	2.534351	-1.297710	4.170407
-0.186523	0.058350	0.924561	3.022901	4.068702	-2.366412	4.180874
-0.185303	0.100098	0.896240	-0.381679	0.587786	-3.969466	4.190591
-0.177979	0.058350	0.933838	-3.083969	5.847328	-3.389313	4.200728
-0.167236	0.055176	0.926514	6.511450	1.274809	-2.297710	4.210373
-0.162354	0.081787	0.916504	-3.832061	3.290076	-2.442748	4.220947
-0.167236	0.126953	0.912354	6.816794	0.824427	-0.404580	4.231472
-0.168457	0.107178	0.919922	-9.564885	2.977099	-0.358779	4.241715
-0.161865	0.082764	0.951172	-10.610687	2.717557	-0.511450	4.251998
-0.177246	0.043945	0.957031	-3.053435	0.473282	0.717557	4.262290
-0.177246	0.044678	0.951904	-0.870229	-0.053435	-0.648855	4.272449
-0.167969	0.072021	0.948486	-1.351145	0.038168	-1.885496	4.282967
-0.171875	0.076416	0.954102	-2.923664	0.076336	-1.213740	4.293040
-0.167725	0.056641	0.938965	-1.748092	-0.458015	-1.312977	4.303149
-0.168945	0.073975	0.921631	-1.068702	-1.091603	-1.564885	4.312739
-0.168701	0.088867	0.914307	-1.396947	-1.045802	-1.160305	4.323769
-0.170898	0.085205	0.936768	-2.977099	-1.167939	-0.770992	4.333992
-0.164551	0.072510	0.925781	-3.244275	-0.877863	-0.511450	4.343947
-0.168457	0.079590	0.946289	0.374046	-1.809160	-0.358779	4.354363
-0.171387	0.115723	0.958496	-0.381679	-0.198473	-0.793893	4.364567
-0.204102	0.118408	0.946045	-7.251908	-7.862595	0.267176	4.374454
-0.161865	0.077637	0.935059	-3.068702	-0.984733	2.511450	4.385241
-0.157715	0.066162	0.931641	-2.587786	-6.236641	0.793893	4.395373
-0.155273	0.066162	0.917969	-4.633588	-0.664122	0.297710	4.405534
-0.158447	0.062012	0.910156	-3.091603	-3.198473	0.763359	4.415646
-0.170898	0.070312	0.916748	-5.488550	-0.870229	0.167939	4.426175
-0.168457	0.066162	0.913574	-3.000000	-0.480916	0.114504	4.436293
-0.162598	0.063232	0.907959	-4.061069	0.038168	0.175573	4.446335
-0.155273	0.068115	0.926514	-3.534351	0.221374	0.603053	4.456846
-0.163086	0.016113	0.920654	-1.793893	-0.908397	0.221374	4.467017
-0.158447	0.061035	0.929443	-6.099237	-1.595420	-1.419847	4.477004
-0.168945	0.058594	0.891602	-2.709924	-2.503817	-0.442748	4.487554
-0.170654	0.055664	0.881348	-5.244275	-2.396947	-0.229008	4.497713
-0.166748	0.059082	0.873047	-4.984733	-1.267176	-0.824427	4.507819
-0.166260	0.049805	0.869873	-5.297710	-0.992366	-2.007634	4.517942
-0.165771	0.049561	0.862305	-3.641221	0.847328	-2.435115	4.528495
-0.160645	0.071045	0.878906	-0.664122	1.809160	-2.343511	4.539076
-0.168701	0.079346	0.884766	-0.877863	2.954198	-2.183206	4.548904
-0.171631	0.094971	0.913330	-2.045802	3.282443	-1.564885	4.558485
-0.166504	0.093994	0.926514	-2.984733	2.396947	-0.564885	4.568898
-0.170166	0.078613	0.935059	-3.480916	1.404580	-0.244275	4.578911
-0.166260	0.073975	0.926270	-3.412214	0.076336	-0.259542	4.589565
-0.164307	0.077637	0.924072	-3.839695	0.122137	-0.030534	4.599785
-0.158691	0.078857	0.903564	-4.603053	0.175573	0.167939	4.609954
-0.158203	0.068848	0.889893	-3.931298	0.793893	0.076336	4.620014
-0.152832	0.060059	0.891113	-4.664122	2.068702	-0.389313	4.630248
-0.158691	0.070557	0.916992	-3.702290	2.572519	-0.244275	4.640671
-0.161621	0.061035	0.922607	-3.809160	2.977099	-0.244275	4.650852
-0.160645	0.052490	0.943604	-3.725191	2.442748	-1.030534	4.661525
-0.156738	0.051758	0.949219	-2.099237	2.030534	-1.129771	4.671839
-0.163574	0.063965	0.952881	-1.870229	1.305344	-0.893130	4.681721
-0.170166	0.068848	0.949219	-3.725191	0.229008	-1.030534	4.692696
-0.157471	0.060791	0.935059	-4.076336	-1.198473	-1.312977	4.702954
-0.157227	0.069092	0.934570	-3.236641	-0.717557	-1.015267	4.713335
-0.161865	0.072510	0.914795	-2.763359	-0.778626	-1.106870	4.723597
-0.161133	0.076416	0.912109	-2.351145	-1.946565	-1.343511	4.734372
-0.165527	0.082520	0.908447	-1.664122	0.419847	-0.442748	4.744452
-0.158691	0.075195	0.919678	-1.832061	1.175573	0.183206	4.754835
-0.167725	0.061035	0.931885	-2.572519	1.229008	-0.244275	4.764548
-0.171631	0.064453	0.931885	-2.015267	0.595420	-0.534351	4.775573
-0.166016	0.066895	0.940186	-2.000000	0.488550	0.053435	4.785785
-0.155273	0.072021	0.946533	-3.725191	-0.603053	-0.557252	4.795984
-0.154297	0.056152	0.927246	-3.511450	-1.442748	-1.435115	4.806191
-0.152100	0.058594	0.922363	-2.274809	-1.419847	-1.511450	4.816568
-0.150879	0.054688	0.912598	-2.435115	-0.938931	-1.343511	4.826392
-0.164795	0.064209	0.911133	-3.427481	-0.595420	-2.259542	4.835877
-0.158203	0.061279	0.900146	-3.419847	-0.091603	-2.366412	4.846129
-0.158447	0.055908	0.905273	-2.442748	0.366412	-2.099237	4.856358
-0.158936	0.070801	0.917725	-2.488550	0.358779	-2.610687	4.866738
-0.156494	0.076660	0.922607	-2.862595	0.496183	-2.221374	4.876865
-0.166748	0.080078	0.907227	-2.694656	-0.106870	-3.877863	4.887252
-0.166748	0.071777	0.924072	-2.572519	-0.114504	-1.709924	4.897496
-0.163330	0.074219	0.920898	-3.083969	-0.839695	-1.534351	4.907639
-0.156006	0.086426	0.916504	-3.946565	-1.213740	-0.793893	4.917970
-0.160889	0.072754	0.895264	-5.015267	-1.450382	-0.229008	4.927868
-0.162842	0.055420	0.904053	-5.427481	0.312977	-0.908397	4.938572
-0.153809	0.046387	0.898193	-3.740458	0.358779	-1.938931	4.948746
-0.158447	0.069092	0.896973	-1.259542	1.320611	-1.969466	4.958689
-0.153809	0.078125	0.904541	-1.702290	2.236641	-1.984733	4.969324
-0.163574	0.070557	0.924072	-2.389313	2.053435	-2.106870	4.979318
-0.157959	0.072510	0.909668	-2.045802	1.938931	-1.908397	4.989535
-0.160889	0.080322	0.910645	-2.435115	1.786260	-1.526718	4.999944
-0.161865	0.085938	0.906250	-3.488550	1.725191	-1.480916	5.010219
-0.156738	0.079346	0.906006	-4.473282	1.725191	-1.412214	5.020851
-0.155273	0.081055	0.883301	-3.671756	2.534351	-1.045802	5.030917
-0.151855	0.082275	0.893799	-2.786260	3.297710	-0.893130	5.041257
-0.154053	0.084961	0.915039	-3.053435	3.503817	-0.511450	5.051449
-0.157715	0.086182	0.927979	-3.877863	3.534351	-0.465649	5.061438
-0.157959	0.075928	0.933105	-1.961832	2.908397	-0.022901	5.071872
-0.162354	0.071777	0.936035	-3.824427	1.954198	-0.511450	5.084735
-0.164062	0.075439	0.924072	-4.198473	1.519084	-0.335878	5.095021
-0.161621	0.072754	0.926514	-4.328244	0.893130	0.152672	5.105036
-0.154297	0.067871	0.918945	-4.320611	1.038168	-0.305344	5.115614
-0.150879	0.076172	0.920654	-3.473282	1.725191	-0.053435	5.125343
-0.146729	0.072266	0.923096	-3.633588	1.625954	0.198473	5.136080
-0.159668	0.062500	0.936279	-3.641221	2.122137	-0.091603	5.145623
-0.157471	0.069824	0.927002	-2.977099	1.862595	0.152672	5.156325
-0.164551	0.070068	0.942627	-2.167939	1.335878	0.190840	5.165874
-0.159668	0.068359	0.943604	-2.351145	1.244275	0.007634	5.176540
-0.161865	0.067139	0.943604	-2.396947	-0.068702	-0.137405	5.187103
-0.162598	0.070068	0.921387	-1.549618	-0.312977	0.091603	5.197537
-0.141602	0.072998	0.924805	-2.190840	-0.122137	0.931298	5.207809
-0.157959	0.068359	0.916992	-3.183206	0.007634	0.893130	5.218267
-0.175781	0.082764	0.908447	-2.580153	0.091603	0.305344	5.228350
-0.161621	0.039307	0.909424	-5.557252	2.305344	0.694656	5.238814
-0.157715	0.051025	0.915771	-0.312977	1.229008	0.450382	5.248797
-0.166016	0.051025	0.928711	-1.992366	1.954198	-1.030534	5.259033
-0.156006	0.063477	0.938721	-2.152672	1.519084	-0.358779	5.268695
-0.164795	0.052490	0.935059	-3.603053	0.595420	-0.259542	5.279333
-0.153809	0.049316	0.928711	-2.786260	0.274809	-0.580153	5.289775
-0.165283	0.058594	0.909180	-2.641221	0.328244	-0.236641	5.299792
-0.164062	0.056396	0.897705	-3.679389	0.534351	-0.832061	5.310342
-0.156006	0.049561	0.881592	-3.641221	1.541985	-1.404580	5.321191
-0.155273	0.056885	0.901611	-2.923664	2.526718	-1.480916	5.331837
-0.165771	0.055176	0.907471	-3.000000	2.992366	-1.183206	5.342360
-0.159668	0.056152	0.922119	-3.717557	3.114504	-1.839695	5.352695
-0.163574	0.061523	0.930420	-3.183206	2.793893	-1.786260	5.362985
-0.156738	0.062988	0.937012	-3.236641	1.977099	-1.824427	5.372959
-0.157227	0.066162	0.930420	-4.206107	1.885496	-1.946565	5.383813
-0.160156	0.063721	0.928711	-5.122137	1.816794	-1.564885	5.394022
-0.161621	0.056641	0.943115	-4.282443	-0.045802	-1.580153	5.404340
-0.159424	0.058838	0.929199	-4.824427	0.297710	-2.442748	5.414749
-0.156006	0.053955	0.916260	-3.419847	0.267176	-2.442748	5.425462
-0.157715	0.067627	0.913574	-2.351145	0.854962	-2.625954	5.435825
-0.156982	0.074951	0.919922	-1.595420	1.259542	-2.671756	5.446301
-0.156982	0.085693	0.920898	-1.320611	1.183206	-2.274809	5.456590
-0.165283	0.092041	0.927002	-1.351145	1.183206	-1.938931	5.466557
-0.166016	0.087158	0.953369	-1.984733	-0.534351	-1.328244	5.476005
-0.167969	0.084717	0.938965	-2.671756	-1.251908	-2.053435	5.486224
-0.160400	0.087891	0.917236	-3.259542	-1.625954	-1.366412	5.496836
-0.161865	0.088623	0.918457	-2.748092	-1.312977	-0.526718	5.506869
-0.160400	0.061768	0.908936	-3.519084	-0.923664	-1.229008	5.517265
-0.163330	0.068848	0.893555	-2.320611	-0.251908	-1.679389	5.527635
-0.160400	0.082520	0.909180	-0.488550	0.335878	-1.221374	5.537923
-0.160156	0.089355	0.909912	-1.160305	0.351145	-1.022901	5.548126
-0.154785	0.082275	0.906738	-1.633588	0.244275	-0.664122	5.558295
-0.153320	0.082764	0.924561	-2.259542	0.473282	-0.267176	5.568552
-0.154053	0.072754	0.915283	-2.381679	0.198473	-0.358779	5.578245
-0.155029	0.081299	0.913574	-2.389313	-0.137405	-0.725191	5.588866
-0.150635	0.074951	0.917969	-2.312977	0.480916	-0.183206	5.599072
-0.160156	0.079590	0.926514	-1.786260	0.244275	-0.229008	5.608488
-0.153076	0.075195	0.906250	-2.114504	0.038168	-0.221374	5.617830
-0.157959	0.069092	0.909668	-1.893130	-0.022901	-0.229008	5.628878
-0.157227	0.074707	0.900146	-1.664122	0.854962	0.076336	5.638892
-0.150146	0.070557	0.888916	-2.320611	0.923664	0.152672	5.649362
-0.160156	0.069092	0.881592	-3.320611	1.519084	0.458015	5.659097
-0.156006	0.068115	0.899902	-4.572519	2.412214	0.038168	5.668815
-0.160156	0.069336	0.905518	-4.435115	2.312977	0.526718	5.679117
-0.148682	0.061279	0.915283	-5.068702	2.732824	0.389313	5.689787
-0.154541	0.050049	0.933350	-5.206107	2.549618	-0.404580	5.700150
-0.155029	0.059326	0.949707	-3.671756	2.282443	-1.045802	5.710277
-0.151855	0.061768	0.953125	-2.236641	1.519084	-1.129771	5.720506
-0.158447	0.068359	0.942627	-1.877863	0.801527	-1.320611	5.730782
-0.152344	0.083252	0.943359	-2.068702	0.618321	-0.824427	5.740743
-0.155518	0.078369	0.906250	-3.297710	0.946565	-0.335878	5.751192
-0.160889	0.061768	0.920898	-3.916031	1.083969	-0.305344	5.761417
-0.165283	0.067871	0.935303	-3.702290	0.435115	-0.809160	5.771694
-0.161621	0.069824	0.927002	-3.290076	0.221374	-1.076336	5.781472
-0.166992	0.066895	0.935303	-3.091603	0.335878	-0.938931	5.792080
-0.153076	0.070557	0.926270	-2.267176	0.259542	-0.816794	5.802546
-0.158447	0.073242	0.911377	-1.938931	0.145038	-0.839695	5.812809
-0.166748	0.070312	0.908936	-1.816794	0.122137	0.022901	5.823162
-0.161621	0.065918	0.919922	-3.366412	0.213740	0.282443	5.833563
-0.156982	0.050049	0.927002	-3.679389	-0.083969	-0.541985	5.843225
-0.153320	0.055664	0.901123	-2.679389	0.503817	-0.541985	5.854081
-0.157715	0.056885	0.908691	-2.778626	0.801527	-0.442748	5.864410
-0.151367	0.048584	0.904785	-3.167939	1.297710	-1.519084	5.874564
-0.151123	0.060547	0.914307	-2.076336	1.740458	-1.778626	5.884321
-0.157715	0.060547	0.922119	-1.946565	1.587786	-1.374046	5.894840
-0.154785	0.060547	0.932861	-2.633588	0.931298	-2.305344	5.905316
-0.156006	0.072998	0.929932	-2.251908	0.519084	-2.022901	5.915942
-0.157715	0.076660	0.916260	-2.480916	0.442748	-1.519084	5.926422
-0.171143	0.077148	0.918701	-3.167939	0.496183	-1.755725	5.936598
-0.155273	0.081543	0.901611	-3.045802	0.893130	-1.442748	5.946977
-0.151855	0.087891	0.899902	-3.053435	1.557252	-0.900763	5.957641
-0.161377	0.076416	0.906494	-3.786260	1.862595	-0.351145	5.967344
-0.161865	0.067139	0.908203	-4.251908	1.931298	-0.809160	5.977569
-0.164307	0.073975	0.909180	-3.854962	2.587786	-0.946565	5.986942
-0.159912	0.062012	0.912598	-2.717557	2.587786	-1.251908	5.996439
-0.165283	0.074219	0.931152	-2.893130	1.770992	-1.374046	6.006408
-0.167236	0.067627	0.934326	-3.396947	0.862595	-2.022901	6.018081
-0.164551	0.080322	0.938477	-3.251908	0.251908	-1.854962	6.028271
-0.158936	0.090820	0.915039	-3.503817	0.076336	-1.190840	6.038814
-0.154541	0.085205	0.898193	-4.007634	1.160305	-0.564885	6.049105
-0.160645	0.078125	0.904297	-4.282443	1.175573	-0.389313	6.059476
-0.160889	0.075439	0.908447	-3.358779	2.251908	-0.755725	6.069513
-0.161133	0.085449	0.913086	-2.610687	2.351145	-0.083969	6.079897
-0.163818	0.075439	0.930176	-3.396947	2.236641	-0.458015	6.089414
-0.158936	0.086426	0.940674	-3.091603	2.000000	0.106870	6.100185
-0.151855	0.084229	0.931396	-2.824427	1.526718	1.030534	6.110033
-0.162109	0.064453	0.945068	-3.992366	1.061069	0.839695	6.119777
-0.160156	0.050049	0.939453	-4.045802	-0.145038	-0.641221	6.129143
-0.155762	0.071777	0.925781	-1.793893	-0.671756	-0.755725	6.140097
-0.144531	0.077637	0.909668	-1.916031	-0.175573	-0.106870	6.150491
-0.140625	0.067871	0.911133	-3.809160	1.213740	-0.419847	6.160867
-0.150146	0.063965	0.926025	-3.580153	1.114504	-0.641221	6.171024
-0.157715	0.067871	0.927002	-1.641221	1.312977	-0.450382	6.181371
-0.171143	0.071777	0.932373	-1.618321	1.259542	-0.305344	6.190966
-0.153076	0.064209	0.919434	-2.763359	1.351145	-0.221374	6.201719
-0.164062	0.062988	0.939697	-2.473282	1.335878	-0.427481	6.211772
-0.166016	0.071289	0.926270	-1.969466	0.290076	-0.229008	6.222148
-0.158691	0.069824	0.923340	-2.778626	-0.221374	-0.748092	6.232415
-0.152100	0.063721	0.905762	-2.801527	-0.206107	-0.694656	6.242784
-0.152344	0.072021	0.909668	-2.381679	0.412214	-0.511450	6.252983
-0.146729	0.057373	0.902100	-1.877863	1.007634	-0.526718	6.263019
-0.156006	0.063965	0.900146	-1.969466	1.274809	-0.893130	6.272580
-0.155273	0.065186	0.902832	-2.748092	2.000000	-0.442748	6.283193
-0.162354	0.062744	0.907471	-3.809160	2.312977	-0.694656	6.292835
-0.159424	0.060303	0.930908	-4.625954	1.931298	-0.900763	6.303725
-0.162354	0.057861	0.937256	-3.519084	1.175573	-1.572519	6.314075
-0.159668	0.066162	0.941406	-2.671756	0.534351	-1.473282	6.324381
-0.157227	0.071289	0.894043	-2.870229	0.404580	-0.984733	6.334654
-0.154541	0.062988	0.910400	-4.053435	1.076336	-1.122137	6.345043
-0.158936	0.053955	0.926514	-4.015267	0.755725	-1.496183	6.355184
-0.153809	0.062012	0.917725	-2.832061	0.435115	-1.916031	6.365434
-0.156982	0.084229	0.907715	-2.954198	1.221374	-1.519084	6.375476
-0.159424	0.067383	0.922119	-3.961832	1.244275	-1.793893	6.385850
-0.150635	0.066162	0.918457	-3.297710	1.267176	-2.045802	6.395455
-0.158447	0.086426	0.926514	-2.725191	1.290076	-1.358779	6.404855
-0.157227	0.083984	0.925537	-3.450382	1.305344	-0.938931	6.414333
-0.152588	0.071533	0.930420	-4.221374	1.320611	-1.358779	6.424047
-0.156738	0.066895	0.938721	-3.839695	0.221374	-1.244275	6.434152
-0.161133	0.073975	0.934814	-2.969466	-0.351145	-1.152672	6.445943
-0.153809	0.070557	0.913818	-3.206107	-0.305344	-1.290076	6.455952
-0.151855	0.062012	0.911621	-3.007634	0.282443	-1.610687	6.466312
-0.160400	0.075684	0.901123	-1.801527	0.832061	-1.549618	6.476613
-0.159912	0.072998	0.890381	-1.694656	1.801527	-1.312977	6.486886
-0.159912	0.077637	0.883057	-2.099237	2.297710	-1.412214	6.496945
-0.154785	0.078613	0.896484	-3.305344	2.648855	-1.297710	6.507521
-0.157715	0.069336	0.908691	-4.030534	3.274809	-1.175573	6.517894
-0.149170	0.083252	0.915527	-4.702290	2.908397	-0.671756	6.527951
-0.157715	0.087158	0.918457	-5.190840	2.687023	0.213740	6.538387
-0.161621	0.063965	0.937988	-4.374046	2.740458	0.282443	6.548833
-0.162354	0.055420	0.939697	-5.496183	1.938931	-0.961832	6.558893
-0.158203	0.065186	0.929688	-2.809160	0.740458	-0.801527	6.568970
-0.150879	0.069092	0.925537	-3.251908	1.312977	0.007634	6.579262
-0.153076	0.055420	0.931396	-4.549618	1.206107	-0.755725	6.589919
-0.155518	0.061523	0.911377	-3.587786	1.167939	-1.335878	6.599991
-0.159912	0.075928	0.904297	-1.984733	1.450382	-1.175573	6.610327
-0.158936	0.084229	0.914551	-2.793893	2.251908	-0.992366	6.620443
-0.152588	0.075684	0.928467	-3.992366	2.129771	-0.977099	6.630713
-0.162598	0.065186	0.912354	-4.358779	1.641221	-0.763359	6.641116
-0.159912	0.067383	0.928955	-3.832061	1.923664	-0.870229	6.651409
-0.159180	0.062988	0.924561	-1.992366	0.916031	-0.396947	6.661580
-0.162598	0.066406	0.926025	-4.458015	0.709924	-1.229008	6.671795
-0.159668	0.075684	0.917725	-3.702290	0.725191	-1.229008	6.682029
-0.158447	0.072021	0.907471	-3.251908	1.061069	-0.862595	6.692544
-0.156006	0.076416	0.909180	-3.190840	1.274809	-0.961832	6.702997
-0.152832	0.073975	0.901855	-3.435115	2.351145	-0.603053	6.713177
-0.159180	0.069336	0.914062	-3.519084	2.091603	-0.229008	6.723292
-0.156494	0.047119	0.898926	-3.167939	2.541985	-0.297710	6.733595
-0.149658	0.062500	0.929443	-2.427481	2.297710	-0.511450	6.743753
-0.160156	0.063721	0.935059	-2.007634	2.442748	-0.740458	6.753575
-0.170898	0.060547	0.932373	-3.450382	1.702290	-1.244275	6.763579
-0.155518	0.065430	0.939941	-3.007634	0.748092	-1.076336	6.773492
-0.159424	0.068115	0.934326	-2.480916	0.213740	-0.832061	6.783540
-0.157959	0.066406	0.906738	-2.488550	0.076336	-0.893130	6.794204
-0.144775	0.072021	0.905762	-3.190840	1.091603	-0.786260	6.804501
-0.162842	0.062988	0.898682	-2.984733	1.328244	-0.725191	6.814857
-0.162598	0.059570	0.901855	-3.106870	2.030534	-1.045802	6.825294
-0.161133	0.070557	0.908936	-2.450382	2.381679	-1.145038	6.835520
-0.159424	0.061279	0.926025	-2.427481	2.862595	-1.221374	6.845890
-0.163574	0.064209	0.932861	-1.732824	1.587786	-1.137405	6.856298
-0.167236	0.061523	0.931396	-2.038168	0.770992	-1.343511	6.865993
-0.156982	0.070557	0.924072	-1.129771	0.381679	-1.480916	6.876332
-0.156006	0.069336	0.917480	-2.740458	0.694656	-1.404580	6.886317
-0.159424	0.072021	0.916260	-4.007634	0.870229	-1.328244	6.897090
-0.159424	0.064941	0.912354	-3.717557	1.007634	-1.190840	6.906560
-0.164307	0.062988	0.916016	-3.221374	1.137405	-1.633588	6.917290
-0.160645	0.072998	0.924561	-2.625954	1.076336	-1.519084	6.927607
-0.150146	0.067627	0.922852	-2.877863	1.572519	-1.954198	6.937517
-0.156006	0.078857	0.921387	-2.419847	1.114504	-1.702290	6.948127
-0.159424	0.081543	0.929443	-2.717557	1.137405	-0.893130	6.958432
-0.161865	0.068848	0.939697	-3.351145	0.473282	-1.267176	6.968721
-0.158447	0.077881	0.923340	-2.885496	-0.015267	-1.282443	6.978933
-0.156494	0.093262	0.905029	-2.305344	0.198473	-0.496183	6.989158
-0.154785	0.080566	0.916504	-3.580153	0.908397	0.259542	6.999641
-0.162842	0.066162	0.915771	-3.763359	0.763359	-0.145038	7.009450
-0.159912	0.070068	0.909912	-2.206107	1.114504	0.175573	7.019519
-0.156982	0.073486	0.905518	-1.809160	1.404580	0.442748	7.029471
-0.162842	0.063477	0.910645	-3.717557	1.580153	-0.167939	7.040011
-0.150391	0.066162	0.905029	-4.091603	1.229008	-0.396947	7.050196
-0.151367	0.074951	0.904541	-4.129771	1.549618	0.076336	7.060492
-0.160889	0.067871	0.918457	-5.488550	1.900763	0.068702	7.070449
-0.159424	0.064697	0.906982	-4.954198	1.793893	-0.862595	7.084038
-0.164551	0.067383	0.919678	-3.290076	0.931298	-0.870229	7.094557
-0.155029	0.056396	0.913574	-1.694656	1.053435	-0.633588	7.104843
-0.159668	0.071045	0.912109	-2.389313	1.534351	-1.290076	7.114307
-0.159912	0.071289	0.922852	-3.442748	1.931298	-1.549618	7.124839
-0.155273	0.088379	0.924316	-1.877863	2.328244	-1.091603	7.135139
-0.162109	0.078125	0.926758	-2.763359	1.854962	-0.916031	7.145585
-0.163574	0.078857	0.942383	-2.145038	1.343511	-0.984733	7.155669
-0.158447	0.102295	0.934326	-2.221374	1.099237	0.595420	7.165988
-0.156738	0.081543	0.925293	-3.427481	1.396947	1.198473	7.176425
-0.160645	0.058594	0.932373	-5.175573	0.839695	0.427481	7.186695
-0.158936	0.065186	0.919678	-3.816794	0.511450	0.549618	7.197184
-0.161377	0.058350	0.918457	-4.496183	0.419847	-0.053435	7.207336
-0.153076	0.057617	0.917480	-4.160305	0.328244	-0.511450	7.217561
-0.156494	0.048828	0.910645	-3.190840	1.251908	-0.969466	7.228347
-0.152832	0.065674	0.916016	-2.167939	0.793893	-0.877863	7.238673
-0.150635	0.066162	0.906250	-2.832061	1.213740	-1.083969	7.249108
-0.156738	0.074463	0.921143	-1.801527	1.190840	-0.587786	7.259275
-0.170898	0.065674	0.916992	-2.152672	1.923664	-0.572519	7.269494
-0.155029	0.066895	0.939941	-4.748092	1.824427	-1.068702	7.280032
-0.158936	0.063965	0.940186	-3.984733	1.099237	-0.496183	7.290408
-0.161377	0.055908	0.933594	-4.099237	0.480916	-0.839695	7.300197
-0.157227	0.062988	0.927490	-3.809160	0.374046	-1.152672	7.309589
-0.160889	0.067383	0.928955	-3.618321	0.190840	-0.740458	7.319264
-0.161377	0.063721	0.915527	-3.938931	0.137405	-0.839695	7.329352
-0.162598	0.057861	0.905273	-3.832061	0.190840	-1.244275	7.340569
-0.180908	0.056152	0.911621	-2.534351	0.671756	-0.923664	7.351077
-0.166992	0.041748	0.913330	-3.381679	0.503817	-1.427481	7.361292
-0.164307	0.055908	0.898926	-2.809160	0.725191	-2.022901	7.371522
-0.159424	0.060547	0.899902	-2.687023	1.473282	-1.977099	7.381433
-0.150146	0.068115	0.901123	-3.175573	2.122137	-2.404580	7.391652
-0.156006	0.067871	0.905029	-4.297710	2.328244	-2.091603	7.401302
-0.146973	0.065430	0.921631	-3.984733	1.786260	-1.984733	7.410653
-0.162842	0.063721	0.924316	-3.099237	2.083969	-2.160305	7.419998
-0.155518	0.064209	0.934082	-4.053435	1.129771	-2.946565	7.431278
-0.159668	0.071533	0.938477	-2.717557	1.793893	-2.770992	7.441541
-0.161377	0.082520	0.932861	-2.106870	1.297710	-2.129771	7.452209
-0.159180	0.077881	0.929932	-2.480916	0.770992	-1.748092	7.462608
-0.169922	0.091309	0.921143	-2.679389	0.877863	-1.442748	7.472472
-0.150146	0.083008	0.918701	-3.145038	0.870229	-1.290076	7.482690
-0.156982	0.077881	0.917480	-2.877863	1.358779	-0.664122	7.492893
-0.154541	0.089355	0.922852	-7.167939	1.076336	-1.083969	7.503179
-0.158936	0.075928	0.926270	-4.610687	1.076336	0.389313	7.513693
-0.160645	0.062012	0.933838	-3.664122	0.740458	-0.183206	7.523320
-0.156738	0.069336	0.921875	-3.335878	0.435115	-1.114504	7.533869
-0.157471	0.074951	0.915527	-2.595420	1.038168	-0.770992	7.544301
-0.160156	0.063965	0.935303	-2.435115	0.564885	-0.832061	7.554537
-0.157471	0.073975	0.933594	-1.702290	0.389313	-1.351145	7.564711
-0.159912	0.079834	0.918701	-0.816794	-0.251908	-0.572519	7.575043
-0.155273	0.080811	0.918701	-1.320611	0.305344	1.938931	7.584988
-0.151367	0.082031	0.906494	-3.900763	0.595420	0.274809	7.595429
-0.154541	0.067139	0.909180	-3.625954	1.358779	0.625954	7.605709
-0.156494	0.064453	0.912354	-2.793893	1.274809	0.778626	7.615913
-0.158936	0.057373	0.918945	-3.030534	1.534351	0.534351	7.625221
-0.160400	0.053711	0.913818	-2.763359	1.259542	-0.183206	7.635631
-0.156250	0.054443	0.909424	-2.320611	0.847328	-0.419847	7.645858
-0.163086	0.056396	0.900879	-2.221374	0.816794	-0.717557	7.655957
-0.140869	0.068115	0.905273	-2.290076	0.900763	-0.839695	7.666158
-0.153809	0.064697	0.908691	-3.137405	0.916031	-0.541985	7.676378
-0.162842	0.062744	0.879150	-2.381679	1.282443	0.381679	7.686654
-0.168213	0.036621	0.910156	-2.679389	1.816794	-1.641221	7.697209
-0.154785	0.060791	0.906006	-1.763359	1.992366	-1.824427	7.707270
-0.163330	0.070068	0.902100	-3.122137	2.427481	-1.541985	7.717669
-0.156494	0.072510	0.920898	-4.312977	3.030534	-1.244275	7.727217
-0.165039	0.068359	0.922119	-4.740458	3.000000	-1.259542	7.737845
-0.166504	0.056641	0.927490	-4.343511	2.007634	-1.442748	7.748047
-0.168457	0.051758	0.923828	-3.839695	1.809160	-1.526718	7.758126
-0.157959	0.069580	0.915771	-4.114504	1.511450	-2.045802	7.768378
-0.161377	0.069092	0.907959	-4.961832	1.770992	-1.946565	7.778581
-0.157227	0.071289	0.917480	-4.984733	1.893130	-2.038168	7.788645
-0.154053	0.069092	0.910645	-3.603053	2.610687	-1.877863	7.799272
-0.144287	0.071045	0.915527	-2.305344	2.450382	-1.251908	7.809570
-0.145508	0.083496	0.924561	-4.190840	2.946565	-1.427481	7.819736
-0.158203	0.074219	0.950684	-3.702290	1.541985	-0.335878	7.829362
-0.171875	0.057861	0.963379	-1.854962	0.732824	0.480916	7.840153
-0.161133	0.057373	0.969727	-3.801527	0.076336	-1.496183	7.850874
-0.161621	0.061768	0.953613	-4.755725	-0.656489	-1.717557	7.861284
-0.153076	0.062256	0.940674	-1.389313	-1.106870	-0.725191	7.871529
-0.158447	0.075928	0.931641	-1.244275	-1.198473	-1.351145	7.881819
-0.157227	0.075439	0.931396	-1.648855	-1.503817	-1.557252	7.891846
-0.158447	0.076904	0.914551	-1.625954	-1.175573	-1.427481	7.902096
-0.154785	0.082764	0.889160	-1.854962	-0.267176	-1.022901	7.912932
-0.151367	0.064941	0.912109	-3.290076	0.488550	-0.564885	7.923493
-0.157715	0.054932	0.919678	-3.900763	0.595420	-1.007634	7.933685
-0.166748	0.055908	0.916504	-3.030534	0.648855	-1.435115	7.943860
-0.159668	0.057617	0.918701	-2.251908	0.900763	-1.740458	7.954223
-0.165283	0.070068	0.927734	-1.923664	-0.106870	-2.160305	7.964426
-0.164795	0.084229	0.916504	-1.297710	0.610687	-1.954198	7.974473
-0.154541	0.073242	0.927002	-4.572519	0.221374	-1.274809	7.984625
-0.158203	0.081787	0.917969	-2.183206	-0.358779	-0.793893	7.995468
-0.156738	0.070312	0.903320	-2.931298	0.022901	-0.648855	8.005767
-0.164795	0.064453	0.892090	-3.251908	0.580153	-0.671756	8.015847
-0.163086	0.069824	0.902100	-3.198473	1.244275	-0.732824	8.026041
-0.152344	0.073486	0.900391	-3.534351	2.137405	-0.435115	8.035556
-0.151367	0.056885	0.917236	-3.076336	1.175573	-0.335878	8.045902
-0.160889	0.065186	0.906738	-2.725191	1.022901	-0.206107	8.055439
-0.151123	0.058838	0.907471	-3.671756	0.954198	-0.030534	8.065769
-0.151611	0.049805	0.894531	-2.381679	1.541985	-0.022901	8.076006
-0.159424	0.052979	0.927246	-2.175573	2.091603	-1.167939	8.086095
-0.154785	0.058594	0.908936	-2.015267	1.625954	-1.595420	8.096332
-0.159668	0.061523	0.905273	-3.572519	2.175573	-1.946565	8.106400
-0.161865	0.065186	0.900879	-4.412214	1.908397	-2.282443	8.116529
-0.172119	0.060059	0.920410	-3.061069	2.404580	-1.847328	8.126976
-0.152832	0.074707	0.900879	-2.145038	1.580153	-1.801527	8.136506
-0.156006	0.085938	0.899658	-4.145038	2.839695	-1.427481	8.147033
-0.154297	0.077393	0.907471	-5.267176	3.007634	-0.725191	8.157468
-0.159912	0.066650	0.928711	-4.984733	2.946565	-0.305344	8.167890
-0.157959	0.071045	0.931885	-4.206107	2.183206	0.015267	8.177913
-0.160400	0.059570	0.936523	-4.488550	1.725191	-0.160305	8.188194
-0.159912	0.055908	0.930420	-5.206107	2.328244	-0.893130	8.198597
-0.167725	0.053223	0.930420	-2.923664	1.801527	-1.251908	8.208591
-0.158936	0.052979	0.934814	-1.389313	1.343511	-2.022901	8.218401
-0.155518	0.069580	0.911865	-0.946565	1.183206	-2.396947	8.228260
-0.153076	0.077148	0.909180	-0.618321	1.709924	-1.801527	8.237795
-0.162842	0.077637	0.914062	-1.312977	2.274809	-1.763359	8.249136
-0.149414	0.083740	0.913818	-0.992366	2.679389	-1.190840	8.259266
-0.158447	0.094971	0.927002	-2.175573	1.709924	-0.297710	8.269577
-0.166260	0.077393	0.937256	-2.267176	1.717557	0.404580	8.279865
-0.164795	0.065430	0.942627	-1.450382	0.977099	-0.099237	8.289995
-0.162109	0.087646	0.929932	-2.137405	-0.396947	-1.954198	8.300508
-0.159668	0.080811	0.918457	-2.549618	-0.465649	1.450382	8.310606
-0.155518	0.059814	0.920166	-5.709924	0.763359	0.419847	8.320880
-0.163574	0.057861	0.907959	-2.717557	-0.305344	0.297710	8.331209
-0.146484	0.065186	0.893311	-2.496183	0.885496	-0.099237	8.340750
-0.152344	0.056641	0.898438	-4.251908	2.137405	-0.374046	8.351413
-0.156738	0.061768	0.918701	-3.961832	2.801527	-0.755725	8.361855
-0.153564	0.065430	0.927979	-1.816794	2.503817	-0.282443	8.372085
-0.152832	0.063232	0.923096	-1.763359	2.641221	0.183206	8.382193
-0.159912	0.062256	0.941650	-1.870229	1.969466	0.045802	8.392494
-0.156494	0.054688	0.924316	-3.099237	0.786260	-0.595420	8.402455
-0.165039	0.051270	0.912354	-2.778626	0.458015	-0.900763	8.412968
-0.156738	0.057617	0.923096	-3.099237	0.267176	-0.969466	8.423284
-0.153809	0.056641	0.918457	-3.343511	0.503817	-1.503817	8.437189
-0.151367	0.051514	0.906982	-2.679389	1.717557	-1.725191	8.447567
-0.157227	0.061523	0.910400	-1.938931	2.213740	-1.854962	8.458008
-0.161133	0.070801	0.931885	-1.885496	2.015267	-1.541985	8.468272
-0.159668	0.075195	0.943115	-2.671756	1.465649	-1.198473	8.478821
-0.158936	0.061279	0.947754	-3.839695	0.946565	-0.931298	8.489199
-0.164062	0.063965	0.948975	-3.694656	-0.244275	-1.335878	8.499642
-0.160156	0.060303	0.937744	-3.076336	-0.145038	-1.290076	8.509579
-0.167969	0.062500	0.942627	-2.755725	-0.748092	-1.320611	8.520271
-0.162842	0.051514	0.927490	-2.992366	-0.908397	-2.129771	8.530615
-0.164551	0.058594	0.928955	-2.083969	-0.916031	-2.618321	8.540520
-0.156006	0.062500	0.920898	-1.473282	-0.648855	-2.160305	8.550604
-0.155273	0.070801	0.917236	-3.015267	-0.641221	-1.984733	8.561402
-0.152588	0.064941	0.911621	-2.580153	-0.259542	-2.160305	8.571721
-0.151367	0.061768	0.897949	-1.358779	-0.022901	-1.854962	8.581595
-0.158447	0.072510	0.898438	-1.832061	0.503817	-1.870229	8.592065
-0.161865	0.070557	0.906982	-3.282443	0.961832	-1.908397	8.603120
-0.154785	0.064209	0.903809	-3.732824	0.832061	-1.839695	8.613236
-0.157959	0.079102	0.911377	-4.358779	0.396947	-1.366412	8.623704
-0.159668	0.066895	0.913086	-4.137405	0.152672	-0.587786	8.634253
-0.167969	0.057373	0.896729	-4.297710	0.167939	-1.190840	8.644193
-0.156738	0.057861	0.903809	-3.778626	0.564885	-1.702290	8.654570
-0.152588	0.074219	0.900146	-3.122137	0.358779	-1.992366	8.664881
-0.151855	0.074219	0.915039	-3.213740	1.374046	-2.045802	8.674393
-0.155273	0.079834	0.913086	-2.893130	1.557252	-2.229008	8.683881
-0.156738	0.080322	0.909424	-3.175573	1.557252	-2.236641	8.693194
-0.153320	0.088867	0.915039	-3.801527	1.587786	-1.748092	8.704673
-0.157471	0.083740	0.917969	-3.801527	1.274809	-1.076336	8.714942
-0.161865	0.082520	0.902344	-4.053435	1.145038	-1.091603	8.725234
-0.154297	0.075684	0.905029	-3.977099	1.870229	-1.335878	8.735708
-0.163574	0.082275	0.904541	-3.709924	1.946565	-0.916031	8.745906
-0.164307	0.071533	0.919434	-4.076336	2.160305	-1.183206	8.756221
-0.151367	0.074707	0.907715	-3.381679	2.480916	-1.297710	8.766261
-0.153564	0.083984	0.920166	-3.396947	2.809160	-0.816794	8.776495
-0.156982	0.083984	0.933105	-2.603053	2.541985	-0.251908	8.786836
-0.166748	0.075684	0.923096	-3.961832	1.854962	-0.427481	8.797217
-0.151611	0.069824	0.926758	-2.137405	1.641221	0.045802	8.807531
-0.158447	0.075684	0.918701	-3.702290	1.725191	0.190840	8.817369
-0.157959	0.067383	0.927002	-3.305344	1.290076	0.053435	8.827876
-0.164795	0.051025	0.924805	-3.152672	1.152672	-0.312977	8.837915
-0.160400	0.067383	0.927002	-2.290076	1.114504	-0.404580	8.848286
-0.159180	0.074707	0.906494	-1.419847	1.068702	0.274809	8.858489
-0.160156	0.067139	0.901123	-2.984733	1.465649	-0.473282	8.868895
-0.157227	0.081787	0.893066	-2.335878	2.236641	-0.251908	8.879010
-0.149902	0.079590	0.905762	-3.007634	2.664122	0.862595	8.889100
-0.153809	0.069092	0.915771	-4.549618	2.572519	0.916031	8.899410
-0.160645	0.054199	0.917969	-5.229008	2.870229	0.625954	8.909977
-0.163086	0.052002	0.932129	-4.083969	2.549618	0.160305	8.920105
-0.146240	0.059570	0.923096	-3.267176	2.236641	0.045802	8.930470
-0.158936	0.057617	0.927002	-3.114504	2.152672	-0.549618	8.940722
-0.157959	0.064453	0.940674	-3.488550	1.694656	-0.809160	8.950527
-0.157715	0.076172	0.930664	-2.916031	1.511450	-0.854962	8.961031
-0.161621	0.070068	0.929688	-2.167939	1.236641	-0.931298	8.970793
-0.157959	0.075928	0.933838	-2.106870	1.152672	-0.412214	8.980933
-0.158447	0.076172	0.926025	-3.320611	1.770992	0.068702	8.991218
-0.166016	0.066162	0.922607	-3.740458	1.244275	0.374046	9.001683
-0.167236	0.061523	0.940674	-3.236641	1.290076	0.190840	9.011899
-0.166992	0.058594	0.930420	-2.977099	0.809160	-0.396947	9.021892
-0.162598	0.067627	0.944580	-2.725191	0.473282	-0.580153	9.032450
-0.153076	0.058105	0.950195	-2.419847	0.412214	-0.297710	9.042578
-0.158936	0.060303	0.944336	-1.709924	-0.213740	-0.175573	9.052765
-0.160156	0.071777	0.935303	-2.404580	-0.534351	0.351145	9.063299
-0.161621	0.053223	0.930908	-3.000000	-0.748092	0.389313	9.073682
-0.154785	0.045166	0.914795	-3.801527	-0.709924	0.221374	9.086105
-0.152588	0.043213	0.902588	-3.709924	0.297710	-0.862595	9.096925
-0.156250	0.051758	0.905273	-3.839695	0.618321	-0.709924	9.107412
-0.155029	0.042725	0.915527	-3.786260	1.099237	-1.152672	9.117948
-0.159912	0.044922	0.927002	-2.824427	1.145038	-1.435115	9.128244
-0.161377	0.049072	0.931396	-2.832061	0.358779	-1.877863	9.138614
-0.161621	0.061768	0.916992	-2.984733	0.213740	-2.312977	9.149106
-0.170410	0.063232	0.931396	-3.221374	0.000000	-1.908397	9.158708
-0.162598	0.054932	0.914307	-3.480916	-0.877863	-2.022901	9.169423
-0.162598	0.048340	0.876465	-3.824427	-0.480916	-2.251908	9.179672
-0.160156	0.069092	0.885254	-3.114504	0.450382	-2.572519	9.189993
-0.153564	0.081543	0.888428	-3.427481	1.458015	-2.267176	9.200601
-0.149414	0.090332	0.896240	-3.625954	2.564885	-0.015267	9.210810
-0.161377	0.082031	0.906006	-4.106870	3.519084	-1.183206	9.220849
-0.164062	0.068359	0.935791	-4.351145	2.694656	-0.938931	9.231213
-0.161621	0.077637	0.933105	-4.923664	1.664122	-1.954198	9.241125
-0.161133	0.081055	0.937744	-3.977099	1.099237	-1.114504	9.251852
-0.162354	0.067139	0.934082	-3.358779	0.374046	-0.854962	9.262089
-0.160889	0.071045	0.911621	-3.900763	-0.007634	-1.786260	9.272154
-0.158691	0.073975	0.896729	-3.862595	0.572519	-1.725191	9.282791
-0.151367	0.079346	0.894531	-2.877863	0.587786	-1.083969	9.292915
-0.149658	0.081787	0.905518	-3.671756	1.870229	-0.954198	9.303588
-0.153564	0.075684	0.914795	-2.702290	2.328244	-0.450382	9.313847
-0.160156	0.080811	0.935791	-2.152672	2.045802	0.160305	9.323465
-0.167236	0.070801	0.941895	-3.091603	1.038168	0.396947	9.333484
-0.164795	0.065186	0.933838	-3.000000	0.473282	-0.198473	9.343818
-0.159668	0.076660	0.915527	-2.732824	-0.305344	0.083969	9.354344
-0.163330	0.076660	0.913086	-2.709924	-0.480916	0.305344	9.364248
-0.157227	0.078613	0.892822	-3.366412	-0.007634	0.396947	9.374720
-0.162109	0.070557	0.911133	-3.687023	0.633588	0.618321	9.384870
-0.163330	0.058350	0.912354	-2.938931	1.381679	0.450382	9.395349
-0.158691	0.060547	0.896729	-2.259542	0.000000	-0.106870	9.405640
-0.166260	0.065430	0.902832	-2.366412	2.213740	-0.229008	9.415822
-0.148926	0.073242	0.915771	-2.732824	2.404580	0.267176	9.425823
-0.161377	0.066650	0.928955	-3.702290	2.198473	0.389313	9.436254
-0.164551	0.060791	0.937012	-3.496183	1.213740	0.290076	9.446857
-0.161865	0.057129	0.939941	-2.885496	0.633588	-0.167939	9.457047
-0.153076	0.057617	0.925781	-2.748092	0.503817	0.259542	9.466969
-0.161377	0.050293	0.927979	-3.847328	-0.068702	-0.183206	9.477216
-0.158447	0.052490	0.919678	-3.381679	0.473282	-1.007634	9.487416
-0.152588	0.062256	0.902588	-1.809160	1.106870	-1.000000	9.497491
-0.150635	0.080078	0.903564	-0.015267	2.526718	-0.366412	9.507917
-0.154297	0.065186	0.909424	-3.114504	2.847328	-0.160305	9.518535
-0.156494	0.063721	0.938721	-2.389313	2.114504	-0.290076	9.528450
-0.168457	0.058838	0.952881	-1.671756	0.824427	-0.076336	9.538818
-0.158447	0.062256	0.948730	-2.618321	-0.183206	-0.083969	9.548909
-0.162598	0.054688	0.948975	-3.381679	-1.015267	-0.442748	9.559329
-0.168213	0.049561	0.922607	-2.282443	-1.305344	-0.786260	9.569004
-0.157227	0.054688	0.889404	-2.870229	-0.694656	-0.984733	9.579475
-0.150635	0.059326	0.889648	-1.282443	-0.221374	-0.832061	9.589682
-0.143555	0.070312	0.880615	-2.160305	1.244275	-1.106870	9.600022
-0.147217	0.067627	0.888672	-2.977099	2.274809	-0.694656	9.610337
-0.154053	0.067383	0.925781	-2.610687	2.694656	-0.625954	9.620699
-0.148438	0.062500	0.936279	-2.587786	2.549618	-0.274809	9.630529
-0.156982	0.054688	0.958008	-3.854962	1.511450	0.061069	9.640984
-0.158203	0.042725	0.950439	-3.839695	0.007634	-0.816794	9.651006
-0.158936	0.042969	0.932129	-2.603053	-0.427481	-1.648855	9.661490
-0.156982	0.052490	0.906250	-1.732824	-0.312977	-2.137405	9.671700
-0.162109	0.061035	0.909912	-2.519084	0.282443	-1.992366	9.681776
-0.154541	0.063477	0.894531	-2.778626	0.587786	-2.587786	9.692491
-0.153320	0.079590	0.892822	-2.992366	2.366412	-2.167939	9.703068
-0.158203	0.071533	0.924316	-3.351145	2.274809	-1.854962	9.713549
-0.156006	0.073486	0.920654	-3.129771	2.022901	-2.022901	9.723938
-0.157471	0.082031	0.924561	-3.618321	2.137405	-1.679389	9.733966
-0.173584	0.076416	0.947754	-3.816794	0.625954	-1.206107	9.744761
-0.168945	0.088135	0.930176	-3.610687	-0.145038	-1.541985	9.754940
-0.155518	0.095215	0.916016	-3.328244	-0.366412	-0.793893	9.765488
-0.141357	0.087158	0.918213	-4.091603	0.251908	0.083969	9.775474
-0.162842	0.061035	0.905273	-4.893130	0.557252	-0.152672	9.785624
-0.154541	0.052490	0.914551	-3.625954	0.992366	-0.694656	9.795956
-0.156982	0.057129	0.918701	-1.961832	1.129771	-1.160305	9.806269
-0.157715	0.070801	0.907959	-2.038168	1.175573	-1.335878	9.816500
-0.150635	0.070312	0.926514	-2.106870	1.572519	-1.122137	9.827062
-0.149414	0.076660	0.923340	-1.183206	1.358779	-0.717557	9.836913
-0.150146	0.072754	0.923828	-1.854962	1.007634	-0.099237	9.847631
-0.153564	0.066406	0.942383	-2.961832	0.847328	-0.320611	9.857694
-0.159912	0.062988	0.930664	-3.236641	-0.366412	-0.305344	9.867707
-0.156494	0.068359	0.917725	-3.549618	-0.381679	-0.503817	9.877193
-0.156006	0.057861	0.915771	-3.961832	0.007634	-0.832061	9.888117
-0.157227	0.064941	0.903809	-4.106870	0.129771	-1.809160	9.898410
-0.159668	0.069824	0.896729	-3.267176	0.519084	-1.687023	9.908462
-0.150146	0.076172	0.902100	-1.893130	1.183206	-1.381679	9.918671
-0.151367	0.089600	0.913330	-2.786260	2.274809	-1.022901	9.929163
-0.157715	0.081299	0.933594	-2.625954	2.106870	0.198473	9.939106
-0.157959	0.069336	0.918701	-2.931298	3.893130	-0.145038	9.949564
-0.164062	0.065674	0.926514	-2.000000	1.137405	0.000000	9.959331
-0.156738	0.065918	0.936035	-2.786260	0.549618	-0.221374	9.969419
-0.157471	0.065918	0.922607	-3.511450	0.045802	-0.458015	9.978986
-0.153076	0.074707	0.912598	-2.961832	0.358779	0.061069	9.989487
-0.156006	0.058838	0.924072	-3.000000	1.038168	-0.099237	9.999984
-0.150635	0.062988	0.923096	-2.725191	1.053435	-0.190840	10.010207
-0.143066	0.049561	0.925537	-2.259542	1.145038	-0.244275	10.020689
-0.152832	0.065186	0.930908	-1.893130	1.480916	-0.442748	10.030957
-0.156494	0.063232	0.939697	-2.946565	1.145038	-0.404580	10.041005
-0.153564	0.060059	0.952637	-2.480916	0.251908	-0.809160	10.051345
-0.159912	0.070801	0.931885	-3.343511	-0.030534	-1.259542	10.061410
-0.160156	0.066406	0.917969	-2.244275	-0.312977	-0.519084	10.071805
-0.155029	0.058838	0.918701	-3.053435	0.412214	-1.030534	10.081645
-0.152100	0.069580	0.914062	-2.244275	0.564885	-0.908397	10.091907
-0.157227	0.077393	0.910889	-3.664122	0.832061	-0.740458	10.101804
-0.156006	0.050293	0.916260	-2.946565	1.122137	-0.648855	10.111688
-0.165527	0.053467	0.910645	-3.183206	0.648855	-1.297710	10.121546
-0.159668	0.062744	0.907227	-2.633588	1.343511	-0.954198	10.132263
-0.156006	0.079590	0.918945	-3.885496	3.091603	-1.603053	10.142480
-0.160645	0.054932	0.915527	-4.198473	0.229008	-0.175573	10.152414
-0.151367	0.060059	0.909912	-2.854962	0.687023	-0.274809	10.162169
-0.155762	0.056396	0.904053	-5.251908	0.595420	-1.557252	10.172794
-0.152344	0.059814	0.916260	-4.908397	1.625954	-1.320611	10.182730
-0.153809	0.060791	0.911133	-3.824427	0.732824	-1.167939	10.192973
-0.158447	0.061523	0.916748	-3.839695	1.045802	-1.572519	10.203455
-0.152588	0.067627	0.914062	-3.274809	1.519084	-1.564885	10.213535
-0.154297	0.072510	0.907715	-2.603053	1.091603	-1.549618	10.223234
-0.151123	0.088623	0.906982	-3.015267	1.709924	-0.877863	10.232842
-0.156738	0.079590	0.904053	-4.167939	2.251908	-0.450382	10.243986
-0.163086	0.070801	0.918213	-4.366412	2.320611	-0.404580	10.254010
-0.164307	0.061768	0.923584	-4.549618	2.320611	-0.549618	10.263920
-0.166992	0.054443	0.919189	-4.419847	1.725191	-0.755725	10.274515
-0.160645	0.059814	0.917725	-4.374046	1.557252	-1.488550	10.284381
-0.159424	0.068359	0.909912	-4.091603	1.893130	-1.641221	10.294890
-0.149902	0.077637	0.902588	-5.862595	2.000000	-1.396947	10.304886
-0.149414	0.070312	0.912598	-3.244275	2.679389	-1.305344	10.314886
-0.149902	0.079834	0.927246	-3.038168	3.106870	-0.908397	10.324487
-0.156738	0.075439	0.929443	-3.396947	2.770992	-0.213740	10.335120
-0.152588	0.070312	0.953857	-3.351145	1.519084	0.038168	10.345580
-0.148438	0.062988	0.940674	-3.801527	0.702290	0.000000	10.355831
-0.161865	0.052002	0.935059	-3.351145	0.564885	-0.305344	10.366447
-0.165771	0.062988	0.921875	-2.038168	0.351145	-0.648855	10.376807
-0.167969	0.070068	0.908936	-2.022901	0.519084	-0.862595	10.386667
-0.154541	0.071289	0.903564	-2.083969	1.412214	-1.068702	10.397218
-0.157715	0.085693	0.901123	-1.870229	1.519084	-0.488550	10.407529
-0.154297	0.082031	0.909668	-2.366412	1.931298	0.244275	10.417297
-0.161133	0.072021	0.905273	-3.511450	2.351145	1.022901	10.427733
-0.154053	0.060059	0.915283	-4.755725	2.320611	0.725191	10.437818
-0.154053	0.055176	0.926758	-4.610687	2.030534	0.664122	10.447969
-0.158203	0.047119	0.927490	-4.091603	1.877863	0.290076	10.458559
-0.157227	0.040039	0.924316	-3.671756	1.053435	-0.725191	10.468859
-0.155029	0.046631	0.916992	-2.847328	1.564885	-0.007634	10.479003
-0.144043	0.070312	0.911133	-1.480916	1.709924	-1.503817	10.489085
-0.145996	0.069336	0.925537	-2.870229	2.610687	-1.000000	10.499599
-0.157715	0.061035	0.927490	-3.740458	2.534351	-1.664122	10.509965
-0.157471	0.071777	0.921875	-2.687023	2.587786	-1.213740	10.520484
-0.156738	0.072266	0.924072	-1.404580	1.885496	0.007634	10.530947
-0.156006	0.078125	0.926758	-4.061069	1.450382	-0.564885	10.541129
-0.158691	0.075439	0.921387	-4.877863	1.091603	-0.297710	10.551489
-0.156738	0.063721	0.919189	-4.099237	1.320611	0.404580	10.562177
-0.141113	0.057617	0.920166	-4.045802	1.137405	0.068702	10.572592
-0.164795	0.059570	0.926270	-3.908397	1.419847	-0.061069	10.582697
-0.162842	0.058838	0.926270	-3.328244	1.679389	0.099237	10.592661
-0.164551	0.051025	0.939209	-3.343511	1.557252	-0.259542	10.602354
-0.164307	0.045410	0.927002	-3.175573	1.213740	-0.603053	10.611638
-0.156738	0.057861	0.921387	-2.618321	0.946565	-1.015267	10.621468
-0.154053	0.068848	0.911133	-3.267176	1.450382	-0.931298	10.632967
-0.151367	0.050537	0.909180	-3.122137	1.229008	-0.961832	10.643003
-0.150635	0.057617	0.914307	-3.076336	1.793893	-1.526718	10.653354
-0.157959	0.059570	0.931641	-2.954198	1.366412	-0.992366	10.663569
-0.155029	0.057861	0.916992	-3.206107	1.557252	-1.267176	10.673699
-0.160400	0.056641	0.917969	-2.893130	1.213740	-1.847328	10.683814
-0.143311	0.064697	0.929932	-0.366412	1.633588	-1.641221	10.694010
-0.160400	0.071533	0.924561	-0.862595	1.419847	-1.793893	10.704012
-0.154541	0.071045	0.914551	-1.038168	1.335878	-1.297710	10.714550
-0.164307	0.070801	0.926758	-0.809160	1.748092	-1.175573	10.724776
-0.154053	0.074463	0.923096	-1.015267	0.557252	-1.076336	10.734693
-0.160156	0.066162	0.917480	-2.015267	0.717557	-0.832061	10.745169
-0.158936	0.068359	0.928467	-2.702290	1.381679	-0.832061	10.755348
-0.163086	0.055420	0.924072	-2.229008	0.870229	-1.305344	10.765754
-0.157715	0.066895	0.915771	-1.076336	1.015267	-1.030534	10.775512
-0.153809	0.077881	0.915283	-1.114504	0.977099	-0.969466	10.786022
-0.151611	0.072754	0.930664	-1.847328	0.816794	-0.374046	10.795928
-0.162598	0.064209	0.918945	-2.625954	0.465649	-0.511450	10.806381
-0.157227	0.063232	0.920410	-3.419847	0.244275	-0.687023	10.816678
-0.153564	0.076904	0.924561	-3.251908	0.297710	-0.786260	10.826930
-0.156738	0.063232	0.914795	-2.824427	0.305344	-0.404580	10.837144
-0.159180	0.057129	0.920166	-2.648855	1.007634	-0.984733	10.847493
-0.152588	0.070312	0.916260	-1.694656	1.412214	-1.152672	10.857644
-0.158203	0.072510	0.922119	-2.007634	1.145038	-0.610687	10.867927
-0.160156	0.061768	0.923828	-2.931298	1.282443	-0.503817	10.877860
-0.158447	0.067139	0.932861	-3.206107	0.687023	-0.847328	10.888071
-0.161621	0.059082	0.925049	-3.274809	1.938931	-0.709924	10.897997
-0.153809	0.061035	0.914062	-3.641221	-0.129771	-1.000000	10.907768
-0.156250	0.055420	0.908936	-3.442748	0.366412	-1.625954	10.918533
-0.146484	0.058350	0.901123	-2.732824	0.992366	-1.778626	10.928649
-0.157471	0.072266	0.907959	-2.198473	1.641221	-1.496183	10.939546
-0.158447	0.078125	0.915527	-2.412214	1.900763	-1.122137	10.949903
-0.158447	0.071289	0.918701	-2.694656	1.541985	-0.786260	10.960022
-0.159912	0.069824	0.919189	-2.709924	1.404580	-1.343511	10.970421
-0.154785	0.076172	0.915527	-2.030534	1.297710	-0.740458	10.980733
-0.157471	0.078369	0.917725	-3.022901	1.267176	-0.473282	10.990979
-0.158447	0.069092	0.933350	-3.854962	0.946565	-0.473282	11.001508
-0.166016	0.063477	0.923828	-3.809160	1.022901	-0.145038	11.011814
-0.157715	0.059814	0.923340	-3.687023	1.061069	1.938931	11.022197
-0.163818	0.061768	0.915771	-3.801527	1.038168	-0.290076	11.032485
-0.164551	0.061035	0.891113	-3.488550	1.778626	-0.458015	11.042607
-0.152588	0.060059	0.900391	-3.175573	2.610687	-0.992366	11.053146
-0.160156	0.060303	0.914307	-3.091603	3.320611	-1.465649	11.063206
-0.157959	0.061768	0.928467	-2.862595	3.068702	-1.496183	11.073536
-0.159180	0.065430	0.945312	-2.877863	1.870229	-1.358779	11.088143
-0.158936	0.072021	0.940674	-2.641221	0.969466	-1.259542	11.098675
-0.163818	0.074951	0.935059	-3.122137	0.412214	-0.625954	11.108750
-0.157227	0.073730	0.929932	-4.427481	-0.183206	-0.389313	11.119197
-0.159912	0.055420	0.912354	-4.824427	-0.557252	-1.076336	11.129459
-0.152832	0.059326	0.902100	-3.793893	-0.106870	-1.427481	11.139231
-0.151855	0.072510	0.897949	-3.114504	1.374046	-1.259542	11.149621
-0.157471	0.070312	0.905518	-2.847328	2.183206	-1.152672	11.160229
-0.156982	0.069824	0.911133	-2.786260	2.679389	-1.145038	11.170356
-0.157715	0.091553	0.918701	-2.526718	2.748092	-0.763359	11.180646
-0.160889	0.071533	0.931152	-2.595420	2.374046	-0.358779	11.190774
-0.163330	0.068604	0.951660	-3.320611	1.381679	-0.809160	11.201573
-0.160156	0.072021	0.941406	-4.213740	-0.083969	-0.526718	11.211739
-0.148438	0.071289	0.916504	-3.969466	-0.183206	-0.213740	11.221962
-0.146729	0.060303	0.895508	-3.916031	0.381679	0.190840	11.232213
-0.152832	0.058594	0.890625	-4.068702	1.488550	0.435115	11.242106
-0.157471	0.037842	0.896484	-4.557252	1.992366	-0.290076	11.252394
-0.161865	0.034668	0.903076	-4.190840	2.267176	-1.496183	11.261989
-0.169678	0.045898	0.907471	-3.664122	2.404580	-2.229008	11.272440
-0.164551	0.054443	0.909668	-4.122137	2.076336	-2.603053	11.282968
-0.150391	0.064453	0.899658	-5.015267	2.938931	-3.137405	11.293027
-0.163086	0.072754	0.882080	-3.244275	2.641221	-3.045802	11.303676
-0.160400	0.077148	0.906982	-3.839695	4.419847	-2.908397	11.313947
-0.166748	0.071533	0.918213	-2.427481	1.809160	-1.625954	11.323868
-0.163818	0.066650	0.931885	-1.244275	3.282443	-1.633588	11.334228
-0.157227	0.068604	0.944580	-2.083969	1.343511	-2.526718	11.344681
-0.163086	0.082520	0.934326	-2.358779	1.236641	-1.870229	11.354810
-0.160645	0.083008	0.929932	-3.396947	1.198473	-1.290076	11.364981
-0.161865	0.080566	0.921387	-4.000000	1.045802	-1.374046	11.375106
-0.157959	0.085205	0.917480	-2.030534	1.312977	-0.442748	11.385578
-0.157715	0.081787	0.914551	-3.503817	2.229008	-0.687023	11.396202
-0.155273	0.068115	0.915527	-3.030534	2.122137	-0.641221	11.406415
-0.160889	0.082764	0.927002	-2.083969	3.244275	-0.267176	11.416569
-0.159668	0.086914	0.941650	-3.351145	2.328244	0.015267	11.426660
-0.170166	0.076172	0.952148	-4.557252	1.694656	0.068702	11.436732
-0.163330	0.079834	0.943848	-3.473282	0.083969	0.503817	11.447367
-0.165771	0.074707	0.927979	-3.870229	0.175573	0.740458	11.457673
-0.164062	0.076416	0.915039	-3.778626	-0.160305	0.938931	11.468008
-0.159912	0.079590	0.901611	-3.167939	0.587786	1.015267	11.478063
-0.156982	0.065186	0.900635	-3.076336	0.709924	1.526718	11.488251
-0.156006	0.077148	0.912109	-3.534351	1.946565	1.290076	11.498894
-0.158936	0.059082	0.919678	-4.068702	1.633588	0.931298	11.508302
-0.155273	0.051025	0.915527	-3.961832	1.664122	0.961832	11.517636
-0.159180	0.046387	0.923828	-3.541985	1.770992	0.435115	11.527420
-0.155518	0.049072	0.923340	-3.427481	1.465649	0.267176	11.538224
-0.155029	0.042236	0.927979	-3.267176	1.412214	-0.335878	11.548856
-0.161865	0.058105	0.930176	-2.274809	0.541985	-0.877863	11.559450
-0.170166	0.062744	0.917480	-2.305344	0.671756	-0.358779	11.569493
-0.153564	0.061768	0.916992	-3.076336	1.061069	-0.610687	11.579545
-0.155518	0.059326	0.926514	-3.549618	0.801527	-0.648855	11.589949
-0.159668	0.056641	0.923096	-3.206107	1.167939	-0.519084	11.600475
-0.165283	0.061035	0.936768	-3.381679	1.625954	-0.648855	11.610955
-0.167236	0.048584	0.941895	-2.664122	0.648855	-0.984733	11.621138
-0.161377	0.068115	0.942139	-1.061069	0.297710	-0.549618	11.631546
-0.167969	0.068848	0.936768	-1.091603	-0.381679	0.076336	11.641854
-0.163330	0.058594	0.926270	-2.809160	-0.343511	-0.129771	11.652239
-0.156494	0.067383	0.915771	-2.473282	-0.946565	0.351145	11.662715
-0.158203	0.046631	0.907227	-3.022901	-0.580153	0.702290	11.672858
-0.164551	0.048096	0.916992	-3.824427	0.152672	0.259542	11.682219
-0.164062	0.037354	0.905029	-4.068702	0.198473	-0.687023	11.692656
-0.162842	0.047119	0.910156	-2.824427	0.320611	-1.419847	11.702937
-0.159180	0.059814	0.911133	-2.343511	1.061069	-1.770992	11.713631
-0.165771	0.065674	0.912354	-2.854962	1.656489	-1.900763	11.723755
-0.163330	0.081543	0.927734	-2.763359	1.709924	-1.473282	11.733877
-0.158691	0.069092	0.921875	-2.610687	0.877863	-0.870229	11.744190
-0.160156	0.069336	0.929932	-3.198473	0.938931	-1.099237	11.754571
-0.166016	0.066650	0.923096	-2.954198	0.458015	-0.801527	11.764668
-0.157715	0.046875	0.924805	-3.702290	0.564885	-0.687023	11.775039
-0.165771	0.055176	0.916748	-3.816794	-0.015267	-1.152672	11.785113
-0.155518	0.067139	0.888184	-2.824427	0.580153	-1.282443	11.795800
-0.161621	0.071533	0.902344	-2.297710	1.335878	-0.946565	11.806200
-0.163574	0.062256	0.909424	-3.145038	1.816794	-1.068702	11.816224
-0.161865	0.059814	0.912354	-2.938931	2.183206	-1.832061	11.826363
-0.161377	0.072510	0.924072	-2.175573	1.809160	-1.198473	11.836850
-0.169678	0.070801	0.944336	-3.190840	1.480916	-1.267176	11.847582
-0.160156	0.079590	0.930420	-3.732824	0.557252	-1.480916	11.857617
-0.160889	0.081787	0.916992	-2.045802	0.740458	-0.725191	11.867821
-0.159912	0.090088	0.925537	-2.091603	0.366412	0.213740	11.877947
-0.167236	0.092285	0.926514	-3.793893	0.419847	0.259542	11.887383
-0.170654	0.074219	0.912842	-3.618321	0.351145	0.251908	11.897395
-0.157715	0.071777	0.906006	-2.839695	0.656489	0.427481	11.906909
-0.164795	0.063477	0.905518	-3.770992	1.480916	0.618321	11.917700
-0.166992	0.049316	0.909912	-4.709924	1.557252	-0.145038	11.928049
-0.165283	0.044922	0.917480	-3.954198	1.793893	-1.106870	11.938160
-0.169189	0.051025	0.919434	-2.335878	1.351145	-2.267176	11.948412
-0.157959	0.073975	0.915527	-1.412214	1.503817	-2.557252	11.958571
-0.153076	0.087646	0.920898	-3.908397	0.923664	-1.725191	11.968898
-0.152588	0.090088	0.924072	-1.221374	1.213740	-1.244275	11.978765
-0.154785	0.104736	0.917969	-2.572519	1.061069	-0.435115	11.988403
-0.156982	0.096924	0.929443	-3.381679	1.190840	1.091603	11.999078
-0.150391	0.083008	0.948242	-3.580153	0.770992	1.557252	12.009506
-0.154297	0.069092	0.935791	-3.770992	0.580153	1.442748	12.019520
-0.153809	0.069580	0.931885	-3.343511	0.251908	1.908397	12.029571
-0.154785	0.050781	0.931152	-3.404580	-0.007634	1.633588	12.039783
-0.155273	0.048584	0.923584	-3.251908	-0.244275	0.717557	12.050153
-0.147705	0.035400	0.927979	-2.145038	0.229008	0.213740	12.060462
-0.154541	0.045410	0.928955	-2.175573	-0.335878	-0.076336	12.070690
-0.155029	0.052002	0.917725	-2.908397	0.076336	-0.870229	12.080896
