0.156250	-0.443848	1.763672	2.015267	-32.183206	-6.977099	0.004124
0.148438	-0.411377	1.550781	6.206107	-50.870229	-11.954198	0.012744
0.148438	-0.406006	1.422852	10.183206	-62.770992	-18.961832	0.021033
0.123047	-0.353027	1.289795	18.427481	-74.236641	-26.061069	0.029434
0.118408	-0.268311	1.115479	22.641221	-79.671756	-29.725191	0.037588
0.101562	-0.144043	0.941406	26.381679	-79.900763	-30.320611	0.045746
0.087646	-0.057373	0.789795	27.870229	-77.160305	-28.145038	0.053826
0.078613	0.017334	0.531250	27.748092	-71.122137	-23.297710	0.062103
0.065186	0.087646	0.275146	25.297710	-57.847328	-17.213740	0.070226
0.056641	0.155762	0.114746	17.412214	-39.068702	-10.389313	0.078484
0.065674	0.172852	0.044434	9.160305	-13.267176	-3.832061	0.086609
0.067871	0.197998	0.024902	-2.198473	19.442748	7.564885	0.094717
0.069824	0.147705	0.150879	-14.404580	48.389313	16.106870	0.102803
0.074219	0.056396	0.255127	-21.908397	70.305344	22.106870	0.111052
0.062012	-0.024902	0.386475	-29.625954	86.931298	24.297710	0.119208
0.096924	-0.072998	0.539307	-35.213740	102.816794	26.022901	0.127334
0.087646	-0.135742	0.807373	-41.931298	110.068702	29.221374	0.135475
0.102051	-0.293945	1.240479	-42.038168	106.122137	28.480916	0.143629
0.148193	-0.419434	1.694580	-33.572519	79.946565	19.679389	0.151786
0.176514	-0.500000	1.999939	-18.366412	37.083969	5.534351	0.160082
0.189697	-0.479980	1.970459	-7.213740	-7.458015	-3.709924	0.168316
0.180420	-0.461670	1.795166	-3.465649	-36.175573	-11.870229	0.176461
0.150635	-0.381592	1.578613	1.664122	-50.984733	-16.816794	0.184553
0.130127	-0.310547	1.399658	6.167939	-61.458015	-16.763359	0.192719
0.125000	-0.301025	1.254395	13.229008	-66.473282	-17.312977	0.200848
0.128662	-0.270996	1.107178	17.618321	-69.198473	-19.916031	0.209002
0.121826	-0.190186	0.934814	29.145038	-68.053435	-22.587786	0.218120
0.115479	-0.056396	0.766357	32.618321	-63.129771	-20.977099	0.228502
0.078369	0.048096	0.513428	27.839695	-57.488550	-17.709924	0.237821
0.068848	0.133301	0.251709	26.656489	-41.213740	-11.572519	0.247035
0.052734	0.189697	0.037842	20.717557	-15.595420	-5.786260	0.256479
0.042725	0.250488	-0.005859	4.709924	18.190840	5.458015	0.266249
0.036621	0.246094	0.064209	-14.381679	52.305344	20.870229	0.275618
0.049072	0.094482	0.209229	-28.480916	80.396947	30.190840	0.284894
0.079102	-0.088623	0.410400	-42.259542	102.122137	32.755725	0.294373
0.086914	-0.238525	0.735352	-50.977099	113.419847	29.832061	0.303847
0.116211	-0.361816	1.351074	-48.389313	105.030534	22.213740	0.313267
0.161621	-0.419922	1.968750	-32.076336	64.984733	12.229008	0.322686
0.197510	-0.455078	1.999939	-13.534351	6.480916	-0.236641	0.332147
0.200684	-0.419678	1.999939	-1.389313	-36.244275	-5.274809	0.341372
0.168701	-0.415283	1.741699	7.145038	-61.671756	-10.687023	0.350965
0.147217	-0.365967	1.510498	12.221374	-76.519084	-11.267176	0.360424
0.135254	-0.367676	1.311279	16.335878	-82.954198	-13.167939	0.369625
0.120605	-0.293945	1.118652	22.816794	-84.190840	-16.786260	0.378973
0.086426	-0.236328	0.947266	34.435115	-79.458015	-25.229008	0.387906
0.084961	-0.097168	0.744629	31.793893	-72.206107	-22.183206	0.397804
0.071289	0.029785	0.542236	31.687023	-66.587786	-13.755725	0.407246
0.078613	0.036621	0.232666	34.458015	-47.488550	-12.053435	0.416799
0.074219	0.051758	-0.024414	32.809160	-25.923664	-7.946565	0.426241
0.083984	0.187744	-0.071289	12.709924	9.572519	-2.389313	0.435488
0.094238	0.203125	0.046387	-10.129771	46.061069	12.366412	0.444572
0.099365	0.011963	0.140625	-20.328244	76.778626	15.725191	0.453692
0.117432	-0.019287	0.285645	-33.015267	103.564885	16.755725	0.463405
0.100098	-0.027588	0.470215	-46.282443	126.984733	20.900763	0.473096
0.092285	-0.108154	0.794678	-54.183206	140.053435	24.587786	0.482853
0.106201	-0.229004	1.214111	-43.748092	129.358779	22.961832	0.492290
0.107422	-0.342773	1.677246	-30.618321	100.740458	17.404580	0.501755
0.120117	-0.367920	1.970215	-22.541985	60.923664	15.595420	0.511260
0.131592	-0.452148	1.999939	-5.229008	8.335878	4.832061	0.520938
0.125244	-0.509033	1.919434	8.251908	-37.587786	-8.526718	0.530733
0.107178	-0.500488	1.821045	19.297710	-71.580153	-21.198473	0.540548
0.097656	-0.489990	1.728271	31.007634	-108.786260	-31.900763	0.550445
0.104980	-0.400879	1.501465	42.664122	-135.847328	-44.114504	0.560198
0.094727	-0.205811	1.115967	47.091603	-142.305344	-46.862595	0.569596
0.080566	-0.022705	0.781006	43.885496	-131.809160	-41.809160	0.579296
0.063477	0.082520	0.570557	43.648855	-112.358779	-32.549618	0.588786
0.053223	0.130859	0.375977	32.587786	-97.679389	-21.122137	0.598238
0.075684	0.141846	0.126953	23.977099	-74.923664	-13.312977	0.607702
0.095947	0.140381	-0.084473	20.541985	-42.213740	-9.274809	0.617154
0.107178	0.150879	-0.202637	6.076336	-3.274809	-5.900763	0.626714
0.109131	0.209961	-0.194824	-19.992366	45.435115	7.106870	0.635942
0.106689	0.114502	0.005371	-32.557252	95.091603	14.122137	0.645480
0.090088	0.060791	0.216553	-38.328244	122.511450	18.557252	0.654269
0.083008	0.038574	0.396484	-52.427481	147.427481	24.648855	0.663223
0.044678	0.030762	0.558350	-67.656489	173.320611	37.755725	0.673147
0.026367	-0.073730	0.857422	-72.076336	190.984733	48.335878	0.681971
0.026855	-0.316650	1.503174	-55.648855	176.748092	44.992366	0.690857
0.113037	-0.500977	1.999939	-34.083969	129.412214	31.564885	0.699761
0.130859	-0.572510	1.999939	-5.450382	60.877863	12.473282	0.708247
0.116211	-0.483887	1.999939	8.389313	-8.038168	-1.648855	0.716533
0.096924	-0.454834	1.999939	13.488550	-57.557252	-10.419847	0.724606
0.070312	-0.371582	1.708252	18.145038	-87.320611	-17.061069	0.732734
0.085938	-0.378418	1.572021	20.045802	-109.946565	-23.389313	0.741648
0.082520	-0.411377	1.477539	34.503817	-142.015267	-34.274809	0.751159
0.080811	-0.291260	1.240723	40.961832	-159.106870	-43.229008	0.760495
0.079102	-0.089844	0.948242	40.183206	-158.396947	-41.236641	0.769308
0.084717	0.055664	0.719971	34.183206	-144.106870	-32.213740	0.778065
0.110352	0.086426	0.453369	27.091603	-120.167939	-20.259542	0.788007
0.101562	0.050049	0.223389	22.916031	-95.519084	-12.969466	0.797294
0.131836	0.096680	0.063965	10.541985	-63.320611	-9.557252	0.806130
0.154053	0.076660	-0.001221	3.190840	-28.992366	0.641221	0.815334
0.166260	0.108887	-0.021729	-5.503817	18.664122	4.862595	0.823866
0.159180	0.101318	0.187744	-20.664122	56.992366	13.473282	0.833089
0.156494	0.013672	0.253662	-29.419847	83.015267	16.618321	0.841670
0.143066	-0.006592	0.357178	-41.114504	105.251908	20.015267	0.849375
0.131104	-0.006592	0.438477	-48.580153	128.557252	25.053435	0.857177
0.103760	-0.033203	0.561035	-54.755725	149.778626	32.664122	0.864833
0.114014	-0.227295	1.055420	-48.961832	154.938931	33.221374	0.873492
0.146729	-0.488525	1.910645	-20.748092	116.496183	17.167939	0.882077
0.174561	-0.444336	1.999939	6.129771	46.847328	-2.740458	0.890745
0.174561	-0.276855	1.999939	15.274809	-12.900763	-7.618321	0.898775
0.130615	-0.206055	1.785645	11.038168	-53.175573	-5.870229	0.907547
0.118896	-0.202637	1.425781	4.587786	-67.954198	-1.618321	0.915997
0.126709	-0.231689	1.194336	2.618321	-71.106870	-1.114504	0.924022
0.131836	-0.273438	1.066162	0.328244	-68.007634	-3.419847	0.932413
0.134277	-0.228516	0.988525	2.839695	-63.374046	-7.977099	0.941175
0.137695	-0.145020	0.873047	6.931298	-57.854962	-9.793893	0.949492
0.143066	-0.090332	0.749756	9.770992	-51.572519	-9.045802	0.957495
0.125244	-0.032959	0.593994	5.229008	-44.488550	-10.488550	0.965741
0.126221	-0.014160	0.400391	2.992366	-36.450382	-2.641221	0.973876
0.131104	0.036865	0.224854	3.465649	-10.503817	1.221374	0.982495
0.130127	0.056641	0.163818	-2.656489	15.862595	5.740458	0.990773
0.125244	0.068359	0.196777	-15.679389	44.679389	13.389313	0.999214
0.123291	-0.005859	0.215332	-22.282443	71.740458	18.068702	1.007202
0.126709	-0.055664	0.302490	-29.091603	94.961832	20.458015	1.015051
0.105713	-0.080078	0.440674	-37.923664	117.114504	21.022901	1.023480
0.109619	-0.209961	0.896240	-41.709924	122.778626	19.229008	1.031904
0.124268	-0.352539	1.396240	-24.908397	102.893130	8.763359	1.040459
0.139648	-0.363770	1.912598	-6.938931	60.381679	-4.679389	1.048747
0.152100	-0.305420	1.999939	14.412214	3.083969	-11.328244	1.056902
0.159912	-0.263428	1.953125	15.923664	-45.916031	-11.274809	1.065488
0.142334	-0.233887	1.659912	15.931298	-72.419847	-12.931298	1.074304
0.119385	-0.158203	1.362549	13.969466	-85.160305	-5.923664	1.082939
0.139404	-0.231934	1.116699	8.274809	-83.793893	-3.152672	1.091710
0.131348	-0.263672	0.982910	11.557252	-77.580153	-6.389313	1.100172
0.136963	-0.239502	0.905273	11.351145	-71.526718	-10.717557	1.108172
0.136475	-0.137695	0.774414	14.488550	-64.106870	-13.045802	1.116695
0.109131	-0.073486	0.581299	14.229008	-56.526718	-12.740458	1.125277
0.104980	-0.009033	0.305176	9.137405	-47.183206	-10.671756	1.133598
0.115479	0.089355	0.100830	6.198473	-18.923664	-4.221374	1.142293
0.113770	0.112549	0.035645	3.832061	14.083969	2.152672	1.150524
0.124268	0.110840	0.100586	-10.832061	48.312977	10.167939	1.158819
0.119873	0.046631	0.198486	-21.641221	75.274809	14.091603	1.167200
0.114502	0.040039	0.301270	-27.732824	101.305344	17.847328	1.175494
0.095703	-0.004883	0.415527	-37.961832	124.290076	22.809160	1.183625
0.093262	-0.070312	0.661621	-49.068702	144.061069	30.862595	1.192388
0.103760	-0.276367	1.102783	-46.786260	140.770992	28.839695	1.200680
0.122070	-0.436035	1.639160	-25.450382	117.061069	16.793893	1.209080
0.148682	-0.456543	1.999939	-4.748092	64.549618	2.679389	1.217296
0.157959	-0.379395	1.999939	4.320611	10.137405	-4.656489	1.225748
0.150635	-0.374268	1.891846	7.106870	-28.396947	-8.511450	1.233792
0.129150	-0.370117	1.587891	6.984733	-50.580153	-12.847328	1.242465
0.129883	-0.339355	1.421143	7.244275	-59.435115	-14.755725	1.250382
0.128174	-0.341064	1.318115	5.923664	-64.740458	-18.290076	1.258169
0.123047	-0.321777	1.231689	17.229008	-70.564885	-21.969466	1.265960
0.129883	-0.240967	1.110596	19.969466	-71.236641	-26.213740	1.273466
0.094971	-0.147461	0.961182	26.450382	-72.465649	-28.503817	1.282215
0.075439	-0.049561	0.801514	26.068702	-68.015267	-25.045802	1.290750
0.086914	0.033691	0.611328	25.229008	-63.870229	-16.122137	1.298958
0.071289	0.079590	0.404053	20.000000	-53.893130	-14.145038	1.307227
0.074951	0.063232	0.161621	20.854962	-34.832061	-9.213740	1.316647
0.057861	0.161133	0.033203	5.473282	0.374046	-4.068702	1.327067
0.088623	0.180908	0.167725	-14.671756	42.633588	7.030534	1.337691
0.105469	0.009766	0.263184	-17.748092	73.366412	12.557252	1.347895
0.068359	0.007324	0.394775	-26.671756	96.984733	13.274809	1.358028
0.050781	0.015625	0.564453	-43.282443	112.389313	18.282443	1.367859
0.050049	-0.069092	0.771973	-62.305344	126.702290	23.541985	1.377966
0.065674	-0.295410	1.395508	-45.603053	112.862595	19.541985	1.388349
0.089844	-0.327393	1.844971	-23.832061	66.954198	8.923664	1.398615
0.101074	-0.356934	1.976807	-2.274809	12.969466	0.442748	1.408686
0.102295	-0.427979	1.912842	11.297710	-42.190840	-9.381679	1.419043
0.084717	-0.375732	1.701416	17.541985	-82.366412	-19.839695	1.429295
0.085693	-0.338379	1.609619	30.465649	-113.099237	-27.534351	1.439446
0.080811	-0.251709	1.318359	36.091603	-131.595420	-31.305344	1.449397
0.089111	-0.160645	0.932129	34.984733	-128.557252	-31.709924	1.459675
0.113770	-0.128662	0.681396	31.435115	-110.183206	-28.213740	1.469626
0.127441	-0.048340	0.543457	25.450382	-87.221374	-23.511450	1.480065
0.138428	-0.000244	0.420166	19.000000	-68.916031	-19.290076	1.490368
0.137695	0.047363	0.196777	15.908397	-47.335878	-13.183206	1.500628
0.151611	0.072266	0.020752	7.969466	-9.030534	-6.022901	1.511196
0.146484	0.128174	-0.038086	-16.091603	41.564885	6.061069	1.521938
0.134766	0.043945	0.162109	-28.969466	86.992366	13.328244	1.531851
0.114014	-0.012207	0.393311	-45.755725	132.625954	21.648855	1.544589
0.088135	0.005371	0.587891	-50.709924	159.633588	31.160305	1.553857
0.074951	-0.191895	1.088379	-49.106870	169.145038	35.618321	1.563480
0.115967	-0.362061	1.729980	-26.343511	142.358779	25.618321	1.572919
0.126221	-0.466309	1.999939	-4.038168	80.473282	13.473282	1.582067
0.119141	-0.377686	1.999939	10.541985	12.801527	-3.656489	1.591322
0.085938	-0.338379	1.714600	13.961832	-39.160305	-9.419847	1.602308
0.091309	-0.269043	1.407227	12.992366	-62.496183	-13.763359	1.612831
0.081299	-0.269043	1.372559	15.893130	-75.015267	-17.946565	1.623164
0.071289	-0.183594	1.241211	19.740458	-88.717557	-21.167939	1.634112
0.080566	-0.101562	1.028320	20.198473	-93.832061	-20.664122	1.644958
0.073486	-0.028564	0.816162	19.229008	-89.702290	-17.427481	1.654614
0.074463	0.003174	0.652344	18.396947	-78.396947	-13.343511	1.664353
0.083984	0.048828	0.501221	14.633588	-67.435115	-7.572519	1.674113
0.092529	0.033447	0.193604	9.229008	-45.206107	-1.916031	1.685380
0.109619	0.030518	0.001709	4.053435	-11.122137	0.824427	1.695484
0.116943	0.071777	-0.059326	-16.419847	31.267176	6.519084	1.705915
0.124756	0.048828	0.122559	-30.328244	79.312977	11.381679	1.716246
0.091797	0.057617	0.386719	-38.091603	110.145038	17.893130	1.726503
0.069092	0.013916	0.551758	-51.511450	133.190840	30.175573	1.737162
0.065918	-0.112305	0.831787	-57.244275	146.687023	37.129771	1.746576
0.096680	-0.368652	1.483887	-43.160305	131.488550	36.870229	1.757062
0.128662	-0.567139	1.999939	-16.267176	73.938931	12.793893	1.767285
0.118652	-0.372803	1.999939	5.641221	4.687023	-4.480916	1.777445
0.102295	-0.331543	1.793457	6.618321	-40.572519	-8.442748	1.787460
0.097412	-0.353760	1.492188	7.290076	-64.580153	-13.114504	1.797743
0.103027	-0.348389	1.394775	12.030534	-82.618321	-19.641221	1.807992
0.098633	-0.291748	1.267578	19.984733	-96.129771	-25.977099	1.817887
0.105225	-0.157471	1.070068	22.442748	-99.671756	-25.748092	1.828402
0.086182	-0.055908	0.872803	23.045802	-97.381679	-21.007634	1.838988
0.089355	-0.022949	0.698242	22.190840	-90.679389	-17.167939	1.848766
0.085205	0.027344	0.432129	29.114504	-77.786260	-15.854962	1.858270
0.093262	0.038574	0.121826	15.114504	-50.351145	-9.473282	1.868215
0.114258	0.063965	-0.052979	5.877863	-11.961832	-2.832061	1.878643
0.128418	0.103516	-0.080078	-11.099237	34.755725	4.717557	1.888228
0.127930	0.024902	0.170166	-28.183206	77.374046	11.297710	1.897825
0.122314	0.003174	0.408691	-30.045802	107.106870	13.045802	1.908937
0.095215	-0.033203	0.628662	-41.312977	130.450382	20.274809	1.919245
0.104492	-0.182373	1.062988	-39.679389	135.206107	25.343511	1.929392
0.132812	-0.378418	1.788086	-20.312977	104.244275	15.740458	1.940295
0.156494	-0.400635	1.999939	-3.076336	46.435115	1.709924	1.950269
0.161377	-0.405762	1.999939	7.732824	-15.564885	-5.167939	1.960602
0.124512	-0.418213	1.691895	10.404580	-50.000000	-11.801527	1.970767
0.112549	-0.337891	1.469727	12.183206	-67.175573	-13.687023	1.980630
0.113525	-0.272949	1.354736	12.816794	-77.793893	-21.038168	1.990892
0.104492	-0.176270	1.128906	20.931298	-85.328244	-22.687023	2.001261
0.089111	-0.091064	0.857666	20.465649	-82.694656	-22.557252	2.011552
0.074463	0.003174	0.639160	20.595420	-72.580153	-20.526718	2.021715
0.086426	0.044678	0.423828	20.152672	-61.687023	-15.381679	2.031973
0.071777	0.103516	0.164307	20.740458	-40.679389	-12.061069	2.042257
0.079346	0.195312	0.055908	10.587786	-9.595420	-3.007634	2.052444
0.067627	0.193115	0.134277	-0.763359	32.106870	7.786260	2.062747
0.085693	0.106934	0.191162	-10.473282	62.015267	15.053435	2.072882
0.088135	0.050293	0.297852	-23.297710	88.603053	19.717557	2.082580
0.088867	0.003418	0.453125	-41.671756	109.809160	26.450382	2.093013
0.088379	-0.138916	0.726807	-55.870229	127.366412	32.076336	2.103337
0.088867	-0.328857	1.130615	-56.221374	122.297710	26.099237	2.113498
0.120361	-0.417969	1.538086	-47.633588	97.931298	14.893130	2.123611
0.130615	-0.417480	1.797852	-29.763359	62.083969	6.160305	2.133910
0.118652	-0.419189	1.903320	-11.648855	21.549618	-3.519084	2.143748
0.105713	-0.493652	1.881348	6.488550	-23.244275	-13.442748	2.153290
0.073486	-0.484619	1.719727	19.374046	-64.961832	-25.679389	2.162963
0.060791	-0.353027	1.475342	29.366412	-99.259542	-34.709924	2.173897
0.075195	-0.233154	1.194092	30.603053	-107.893130	-38.648855	2.184027
0.067383	-0.015381	0.889648	31.702290	-104.045802	-38.900763	2.193875
0.057861	0.028320	0.647217	31.396947	-93.671756	-31.076336	2.204333
0.054688	0.087402	0.403076	24.541985	-76.687023	-23.396947	2.214906
0.065186	0.113770	0.095703	17.244275	-55.450382	-20.221374	2.225581
0.079590	0.139160	-0.066650	7.740458	-24.633588	-13.465649	2.235849
0.109375	0.219238	-0.088135	-23.297710	27.427481	3.145038	2.246695
0.106689	0.097168	0.130371	-38.183206	81.465649	16.633588	2.256980
0.104492	-0.055908	0.501709	-40.435115	116.007634	20.954198	2.267550
0.093018	-0.113770	0.788818	-42.702290	135.343511	26.244275	2.278034
0.062500	-0.143066	1.052979	-35.580153	146.152672	30.488550	2.288424
0.080566	-0.369873	1.750977	-21.748092	128.725191	26.664122	2.297841
0.107178	-0.534424	1.999939	2.312977	64.419847	9.015267	2.307297
0.095215	-0.429932	1.999939	13.702290	-22.839695	-9.664122	2.318538
0.054932	-0.304932	1.650146	15.694656	-65.900763	-17.671756	2.328682
0.034180	-0.215576	1.332031	15.557252	-77.190840	-15.786260	2.339099
0.050049	-0.210449	1.181885	15.587786	-77.580153	-16.427481	2.349208
0.062744	-0.177734	1.083984	19.106870	-78.343511	-18.603053	2.359321
0.061768	-0.069824	0.915039	23.664122	-80.748092	-20.091603	2.369535
0.063232	0.041016	0.703857	24.625954	-75.076336	-15.740458	2.379740
0.071289	0.106934	0.455322	20.282443	-63.900763	-9.923664	2.390075
0.080078	0.099609	0.252197	15.465649	-48.526718	-4.061069	2.399745
0.090088	0.126709	0.053223	7.770992	-16.442748	1.290076	2.410400
0.104736	0.152344	0.020752	-11.106870	24.687023	9.740458	2.420678
0.119873	0.091309	0.145752	-25.984733	59.022901	18.534351	2.430289
0.110107	-0.029297	0.257568	-35.610687	92.099237	22.977099	2.439832
0.093750	-0.065430	0.447754	-48.045802	118.343511	24.748092	2.449092
0.074707	-0.110840	0.762451	-58.152672	140.206107	31.862595	2.458516
0.083740	-0.340332	1.294189	-48.435115	140.954198	30.656489	2.468571
0.103027	-0.476074	1.962402	-24.099237	97.847328	16.816794	2.480148
0.114746	-0.519775	1.999939	0.083969	31.603053	-1.541985	2.490266
0.093262	-0.420166	1.999939	17.259542	-40.549618	-11.732824	2.499810
0.058594	-0.379150	1.731934	22.511450	-90.251908	-22.358779	2.510390
0.028809	-0.305664	1.437744	26.458015	-114.503817	-26.564885	2.520660
0.036377	-0.206787	1.144043	29.679389	-124.900763	-28.389313	2.531049
0.048340	-0.134766	0.878174	28.251908	-116.717557	-27.702290	2.541705
0.043945	-0.081787	0.682861	35.007634	-102.893130	-19.038168	2.551701
0.064209	0.046387	0.543701	27.778626	-87.374046	-24.549618	2.561971
0.079102	0.123535	0.291748	30.511450	-72.603053	-16.427481	2.572239
0.075684	0.181152	0.045654	22.229008	-45.267176	-10.129771	2.582408
0.092529	0.215576	-0.028809	9.282443	-6.816794	-1.946565	2.592578
0.094727	0.219238	0.018799	-6.167939	32.358779	9.259542	2.602863
0.109619	0.150879	0.141602	-24.000000	63.145038	20.557252	2.612895
0.109863	0.031738	0.194092	-35.938931	94.396947	25.725191	2.623001
0.106934	-0.018555	0.382324	-55.229008	127.618321	27.709924	2.633490
0.066650	-0.131348	0.656250	-55.816794	149.610687	32.007634	2.643725
0.065430	-0.289062	1.318115	-45.961832	146.419847	29.480916	2.654082
0.091064	-0.378174	1.999939	-23.152672	102.572519	16.984733	2.664357
0.108154	-0.405518	1.999939	-3.946565	32.503817	5.580153	2.674800
0.106201	-0.411865	1.999939	2.702290	-29.961832	-0.610687	2.684962
0.080566	-0.360840	1.625732	10.160305	-63.572519	-7.832061	2.695566
0.080322	-0.340088	1.370361	12.618321	-74.381679	-14.633588	2.705809
0.083252	-0.352539	1.322998	19.633588	-87.503817	-20.480916	2.715563
0.081543	-0.259521	1.218994	26.198473	-100.725191	-27.221374	2.726033
0.089600	-0.102051	0.993164	33.137405	-107.160305	-29.595420	2.736678
0.101562	0.029541	0.737305	34.282443	-100.656489	-24.656489	2.746513
0.094482	0.103271	0.551758	32.480916	-87.763359	-17.992366	2.755980
0.116699	0.100830	0.285645	26.076336	-67.480916	-11.030534	2.766259
0.111084	0.136475	0.035889	17.419847	-41.427481	-7.946565	2.777011
0.113770	0.156250	-0.110352	3.923664	-4.412214	-3.244275	2.787346
0.112061	0.198975	-0.129639	-20.786260	43.106870	8.442748	2.797506
0.104248	0.123047	0.027832	-40.038168	93.259542	17.198473	2.807050
0.083252	0.054199	0.335205	-51.931298	126.000000	23.061069	2.817301
0.048340	0.000977	0.583984	-60.702290	156.320611	33.053435	2.828143
0.039551	-0.132324	1.050781	-60.946565	169.938931	42.603053	2.838543
0.064697	-0.346436	1.781494	-42.053435	142.900763	38.251908	2.848807
0.095459	-0.551270	1.999939	-18.641221	77.045802	20.557252	2.859092
0.093262	-0.556885	1.999939	-3.870229	-4.213740	2.526718	2.869701
0.070312	-0.488525	1.846436	3.137405	-53.832061	-10.450382	2.879846
0.058105	-0.359619	1.457275	9.664122	-69.473282	-14.167939	2.890542
0.062988	-0.345215	1.329834	13.389313	-75.473282	-17.519084	2.900637
0.069580	-0.283691	1.192627	21.419847	-82.374046	-22.526718	2.911347
0.077881	-0.164551	0.985596	28.916031	-86.648855	-24.389313	2.922029
0.081299	-0.036133	0.800293	31.076336	-84.877863	-22.923664	2.931775
0.073486	0.065186	0.583252	30.473282	-78.641221	-17.290076	2.941463
0.089355	0.111084	0.368652	25.679389	-64.954198	-11.435115	2.950754
0.087891	0.118652	0.088867	19.000000	-43.641221	-5.954198	2.959989
0.086670	0.142090	-0.061279	8.687023	-10.900763	-1.396947	2.969179
0.084229	0.188965	-0.058105	-8.183206	30.473282	7.076336	2.978901
0.073486	0.115234	0.088379	-27.770992	66.374046	14.106870	2.988282
0.072266	0.023926	0.215332	-36.610687	92.740458	13.748092	2.997486
0.047119	0.030518	0.395508	-53.473282	115.938931	17.427481	3.008179
0.013916	-0.039307	0.562256	-71.175573	134.664122	25.885496	3.018814
-0.006348	-0.138916	0.770508	-81.038168	149.572519	32.862595	3.029220
-0.042725	-0.217285	1.195801	-73.908397	156.702290	34.580153	3.039508
-0.017822	-0.379883	1.714111	-63.488550	141.022901	37.587786	3.049574
0.016113	-0.628418	1.999939	-35.351145	89.038168	23.740458	3.059764
0.020020	-0.676758	1.999939	-10.549618	6.213740	2.450382	3.069664
0.011963	-0.593506	1.983398	7.709924	-57.694656	-17.137405	3.079690
-0.002441	-0.435547	1.539062	18.870229	-91.106870	-25.625954	3.090526
-0.005859	-0.375244	1.333740	24.206107	-108.419847	-29.648855	3.100763
0.023682	-0.340088	1.147217	31.748092	-117.671756	-35.702290	3.110970
0.031006	-0.249268	0.943115	34.709924	-120.465649	-41.114504	3.121278
0.047607	-0.085205	0.708008	36.267176	-113.290076	-40.862595	3.131402
0.054688	0.076904	0.513428	37.267176	-92.091603	-36.954198	3.141339
0.068359	0.154541	0.363037	30.625954	-76.045802	-22.320611	3.150746
0.084961	0.165283	0.238281	20.099237	-54.076336	-13.595420	3.160623
0.091064	0.147949	0.062988	13.847328	-31.320611	-4.786260	3.170443
0.084229	0.135498	-0.019043	0.870229	0.404580	0.114504	3.180400
0.094727	0.174316	-0.025635	-21.900763	49.129771	11.389313	3.191633
0.068604	0.038086	0.088379	-37.290076	92.122137	20.000000	3.201876
0.055420	-0.031494	0.313232	-48.488550	123.328244	23.305344	3.212086
0.043701	-0.194824	0.775146	-56.610687	146.641221	27.595420	3.222468
0.050537	-0.415039	1.625244	-28.450382	118.770992	13.938931	3.232905
0.062988	-0.482910	1.999939	-2.931298	54.099237	-3.893130	3.243334
0.093994	-0.484375	1.999939	26.274809	-31.503817	-16.206107	3.253605
0.062500	-0.359863	1.999939	27.679389	-93.145038	-19.068702	3.263465
0.075928	-0.346924	1.741211	30.145038	-124.992366	-17.351145	3.273614
0.069824	-0.328613	1.373779	29.709924	-125.786260	-18.832061	3.283062
0.113525	-0.310791	1.029785	29.328244	-115.793893	-19.862595	3.294381
0.126465	-0.254639	0.866699	29.106870	-95.870229	-27.328244	3.304530
0.130615	-0.139893	0.820068	30.984733	-82.442748	-30.984733	3.314804
0.124023	0.015625	0.638672	29.114504	-75.916031	-31.236641	3.324877
0.112305	0.126221	0.286377	29.427481	-62.351145	-24.488550	3.335422
0.112061	0.201172	0.055176	16.908397	-33.045802	-15.190840	3.345957
0.099365	0.285156	-0.036865	1.412214	4.091603	-3.786260	3.356230
0.098877	0.277832	0.044189	-19.740458	49.038168	14.465649	3.366391
0.111572	0.162109	0.094238	-32.152672	90.030534	21.625954	3.376629
0.066406	0.119629	0.219971	-45.458015	129.671756	32.519084	3.387152
0.035645	0.058594	0.417969	-61.549618	165.977099	44.595420	3.397429
0.014160	-0.158203	0.876953	-63.549618	183.000000	49.000000	3.407467
0.034912	-0.420898	1.484863	-48.748092	161.312977	38.389313	3.417098
0.050049	-0.476807	1.999939	-28.458015	104.183206	23.076336	3.426772
0.056396	-0.402100	1.999939	-9.312977	33.938931	8.519084	3.438066
0.060791	-0.430664	1.970459	0.366412	-24.793893	5.870229	3.448331
0.039795	-0.405518	1.655762	11.809160	-59.106870	-4.076336	3.458628
0.036621	-0.366455	1.408691	15.595420	-76.053435	-8.381679	3.468813
0.035889	-0.293701	1.201416	24.740458	-86.183206	-14.053435	3.479313
0.046631	-0.258057	1.019287	29.465649	-89.427481	-20.061069	3.490257
0.052734	-0.135986	0.843994	28.938931	-86.534351	-22.335878	3.501126
0.062500	-0.029541	0.711426	28.847328	-80.106870	-19.961832	3.511531
0.080322	0.061279	0.487549	24.618321	-61.839695	-11.038168	3.524549
0.090820	0.138916	0.169922	-25.709924	54.938931	14.519084	4.123867
0.088135	0.005127	0.381348	-33.954198	84.641221	16.511450	4.134470
0.083008	0.033203	0.513672	-35.916031	102.725191	20.633588	4.144779
0.064941	-0.070312	0.800049	-43.343511	111.618321	27.717557	4.155199
0.100098	-0.246582	1.213135	-33.480916	96.946565	24.839695	4.166438
0.098633	-0.299561	1.488770	-26.687023	69.854962	15.694656	4.177364
0.109131	-0.286621	1.705322	-21.335878	37.801527	12.129771	4.188297
0.117920	-0.368652	1.789307	-13.656489	4.625954	7.160305	4.199233
0.114990	-0.427490	1.670410	0.641221	-23.648855	-2.045802	4.210048
0.106445	-0.363770	1.566895	9.465649	-48.473282	-10.648855	4.221068
0.109863	-0.347656	1.429688	13.099237	-65.488550	-14.213740	4.230699
0.111572	-0.325439	1.252686	22.702290	-77.900763	-20.381679	4.240157
0.104492	-0.190430	0.988525	25.992366	-82.137405	-24.717557	4.250592
0.076416	-0.029785	0.759033	24.595420	-80.175573	-25.083969	4.261041
0.066406	0.041992	0.393311	26.129771	-67.534351	-17.358779	4.271572
0.054932	0.146484	-0.000977	19.702290	-47.900763	-15.480916	4.282000
0.055176	0.245850	-0.155273	6.549618	-10.580153	-3.816794	4.292438
0.060547	0.266357	-0.055420	-13.862595	40.946565	9.832061	4.302584
0.081299	0.137451	0.174072	-29.061069	74.488550	22.908397	4.313277
0.073730	0.022461	0.364990	-38.030534	100.801527	26.458015	4.323831
0.069092	-0.005371	0.552734	-49.862595	116.038168	32.786260	4.333924
0.067627	-0.162598	0.923340	-56.618321	125.748092	38.519084	4.343667
0.086426	-0.355713	1.527832	-38.946565	110.969466	33.893130	4.354310
0.139160	-0.483398	1.999939	-21.244275	64.809160	18.900763	4.364448
0.149658	-0.513672	1.999939	-5.083969	6.740458	5.099237	4.375262
0.130127	-0.506592	1.809326	-0.419847	-26.595420	-6.427481	4.385650
0.108154	-0.458008	1.510986	7.557252	-44.587786	-16.473282	4.396141
0.084473	-0.375244	1.383789	12.885496	-56.503817	-23.770992	4.406521
0.068359	-0.307129	1.288330	21.793893	-70.595420	-29.709924	4.417155
0.059814	-0.247559	1.193604	29.290076	-87.076336	-35.068702	4.427172
0.055908	-0.111328	1.015381	36.190840	-96.946565	-34.992366	4.437394
0.043457	0.002930	0.758789	41.267176	-96.290076	-33.305344	4.447856
0.038086	0.123779	0.486572	37.709924	-89.381679	-25.412214	4.457984
0.048096	0.175781	0.185791	30.778626	-69.587786	-17.221374	4.468530
0.044678	0.186279	-0.098389	17.839695	-38.603053	-9.236641	4.478949
0.043457	0.232178	-0.173340	3.274809	3.885496	-0.778626	4.489227
0.037598	0.298584	-0.062500	-20.847328	51.198473	12.992366	4.499682
0.042725	0.160156	0.120850	-35.106870	90.312977	25.045802	4.509972
0.042725	0.073975	0.346924	-41.129771	115.664122	30.274809	4.520282
0.017090	0.021973	0.527588	-58.175573	135.603053	38.259542	4.530530
0.013184	-0.092041	0.814453	-63.862595	149.236641	46.839695	4.540747
0.022461	-0.269775	1.233887	-60.938931	147.870229	49.167939	4.550812
0.034180	-0.457275	1.658691	-46.580153	128.992366	41.328244	4.560164
0.052490	-0.523682	1.919922	-33.877863	90.213740	28.419847	4.570692
0.070801	-0.611328	1.999939	-11.992366	36.519084	11.732824	4.581642
0.051758	-0.644775	1.999939	15.984733	-29.435115	-10.748092	4.592173
0.034180	-0.466064	1.783691	29.427481	-75.969466	-23.137405	4.602501
0.018799	-0.402100	1.581787	38.351145	-106.167939	-29.328244	4.612598
0.041748	-0.363525	1.374023	43.847328	-129.603053	-36.755725	4.623152
0.041016	-0.258301	1.077637	43.030534	-140.541985	-38.801527	4.633345
0.061035	-0.091797	0.700195	42.541985	-129.778626	-39.496183	4.643702
0.070801	0.006348	0.464355	38.984733	-108.656489	-34.145038	4.653429
0.082520	0.061279	0.298828	33.152672	-84.450382	-31.160305	4.662837
0.096436	0.115723	0.097656	27.137405	-61.572519	-25.778626	4.672771
0.089355	0.198486	-0.026123	13.404580	-28.526718	-18.526718	4.683726
0.082520	0.281738	-0.129150	-4.160305	18.679389	-4.236641	4.694490
0.071533	0.220947	-0.015625	-26.251908	71.763359	11.129771	4.704914
0.047852	0.104248	0.179443	-36.290076	107.954198	17.251908	4.715710
0.016357	0.071045	0.448730	-49.549618	137.839695	26.312977	4.726359
-0.001221	-0.034180	0.929443	-51.809160	149.274809	35.167939	4.736866
0.020020	-0.272949	1.494385	-36.152672	124.419847	33.229008	4.747002
0.044678	-0.375000	1.999939	-15.587786	67.068702	18.328244	4.757520
0.085693	-0.412354	1.999939	-8.755725	2.259542	9.641221	4.768146
0.083008	-0.439209	1.891846	-6.221374	-37.290076	2.419847	4.778515
0.100098	-0.431641	1.664795	2.534351	-57.671756	-6.389313	4.788957
0.098389	-0.402100	1.459229	8.061069	-68.389313	-11.106870	4.799350
0.101807	-0.368164	1.340820	16.877863	-74.961832	-19.961832	4.809600
0.094238	-0.278809	1.168701	22.977099	-81.045802	-25.679389	4.820117
0.084717	-0.138672	0.994141	27.893130	-84.984733	-27.007634	4.830442
0.088867	-0.021484	0.808594	29.603053	-81.748092	-25.503817	4.840757
0.093262	0.025391	0.588135	29.488550	-74.007634	-19.480916	4.850531
0.100098	0.054932	0.267822	29.824427	-56.786260	-17.137405	4.860792
0.097412	0.135742	0.033691	21.526718	-33.320611	-10.725191	4.870595
0.084229	0.228516	-0.055176	2.641221	8.061069	-1.969466	4.881280
0.092529	0.199707	0.059326	-19.809160	49.709924	10.320611	4.891169
0.077637	0.094238	0.163330	-31.473282	79.854962	14.839695	4.901374
0.063477	0.083984	0.358398	-42.557252	101.671756	20.297710	4.911591
0.036621	0.011963	0.638428	-54.541985	121.473282	29.259542	4.921769
0.056885	-0.233398	1.108154	-49.541985	115.541985	28.167939	4.932417
0.063232	-0.350586	1.595947	-39.816794	83.328244	18.625954	4.942824
0.077881	-0.304443	1.900635	-23.725191	42.610687	11.000000	4.952678
0.097656	-0.354980	1.890625	-16.274809	-1.687023	9.458015	4.962904
0.094238	-0.453613	1.701172	-3.961832	-31.183206	0.618321	4.973687
0.086182	-0.385742	1.482178	8.030534	-50.206107	-6.717557	4.984018
0.080811	-0.334473	1.307861	10.114504	-62.244275	-11.290076	4.994370
0.084229	-0.298096	1.149414	17.274809	-67.404580	-17.145038	5.004751
0.082031	-0.228271	1.005371	24.137405	-71.793893	-22.389313	5.015200
0.073242	-0.090088	0.848877	28.167939	-69.946565	-25.053435	5.025355
0.077148	0.031494	0.620850	31.206107	-64.030534	-18.801527	5.035680
0.081787	0.089111	0.354004	27.557252	-51.175573	-14.534351	5.045570
0.086670	0.144043	0.096436	18.122137	-29.793893	-7.167939	5.055865
0.088379	0.199707	0.014160	1.038168	3.374046	1.931298	5.066189
0.085449	0.167480	0.094238	-16.290076	42.053435	14.000000	5.076494
0.078613	0.073242	0.255371	-26.671756	72.007634	20.328244	5.086982
0.058838	-0.007324	0.404053	-41.687023	91.595420	22.282443	5.096831
0.046143	-0.017334	0.568359	-53.778626	108.824427	28.312977	5.107378
0.034180	-0.156494	0.745117	-65.717557	123.488550	34.435115	5.117757
0.032715	-0.302734	1.008057	-61.030534	129.900763	31.969466	5.127992
0.035645	-0.396484	1.364502	-55.404580	121.557252	24.755725	5.138051
0.026123	-0.459229	1.717773	-34.175573	96.114504	13.595420	5.148525
0.031982	-0.443115	1.941162	-18.908397	61.122137	3.274809	5.158086
0.030273	-0.406494	1.999939	3.778626	10.305344	-5.404580	5.168117
-0.013428	-0.414795	1.999939	25.030534	-53.160305	-15.465649	5.178708
-0.034180	-0.264893	1.717529	35.664122	-92.190840	-18.603053	5.188310
-0.046143	-0.242920	1.390137	28.541985	-117.450382	-18.412214	5.198974
-0.026611	-0.222656	1.061279	26.374046	-121.412214	-20.908397	5.209293
0.005127	-0.165283	0.810791	22.435115	-111.091603	-23.580153	5.219548
0.033203	-0.046875	0.695801	19.969466	-98.083969	-22.335878	5.229685
0.039307	0.087402	0.484863	17.893130	-85.137405	-16.984733	5.240115
0.054443	0.145264	0.172119	8.190840	-65.595420	-7.595420	5.250369
0.066895	0.142334	-0.007812	-4.198473	-38.961832	1.641221	5.260295
0.079102	0.156738	-0.035400	-17.160305	8.679389	10.351145	5.270772
0.091797	0.108887	0.090576	-27.458015	52.320611	20.908397	5.281053
0.072021	-0.053223	0.241943	-40.511450	85.748092	23.290076	5.291849
0.047363	-0.080322	0.480713	-42.801527	110.450382	23.450382	5.302054
0.013184	-0.155518	1.051514	-42.015267	113.106870	26.068702	5.312649
0.012207	-0.289795	1.880859	-25.244275	64.770992	26.908397	5.323233
0.047119	-0.388672	1.999939	0.572519	-15.221374	18.786260	5.333697
0.086426	-0.365967	1.999939	14.358779	-75.229008	19.465649	5.343744
0.085205	-0.430908	1.956787	13.610687	-103.236641	17.312977	5.353577
0.108887	-0.500732	1.608154	26.343511	-112.282443	11.572519	5.362838
0.126953	-0.541748	1.287598	29.160305	-112.122137	-0.816794	5.374117
0.132324	-0.368652	1.124268	30.839695	-112.320611	-13.412214	5.384415
0.108887	-0.169434	0.833496	31.534351	-108.648855	-18.755725	5.394701
0.070557	0.056152	0.392334	25.259542	-102.328244	-17.480916	5.405035
0.093506	0.222900	0.046631	16.946565	-77.503817	-4.877863	5.415521
0.102051	0.288330	-0.080322	-0.427481	-37.114504	12.778626	5.425955
0.126953	0.225830	-0.091309	-23.351145	8.091603	26.213740	5.435984
0.141602	0.100342	0.034668	-29.961832	52.587786	31.274809	5.445767
0.171387	0.012207	0.147217	-38.755725	89.824427	34.801527	5.455685
0.135010	-0.071289	0.231934	-47.137405	119.343511	37.954198	5.465960
0.112549	-0.166748	0.332031	-55.389313	145.679389	37.694656	5.475657
0.092529	-0.281738	0.533936	-62.885496	169.488550	32.427481	5.486247
0.061768	-0.309570	0.868408	-61.083969	178.167939	26.664122	5.496054
0.031738	-0.358154	1.349854	-50.000000	167.358779	20.000000	5.505363
0.043945	-0.413818	1.906494	-27.015267	124.198473	10.511450	5.515868
0.044922	-0.434814	1.999939	0.106870	28.541985	-1.465649	5.528366
0.038330	-0.499268	1.999939	14.160305	-51.885496	-8.786260	5.538760
0.038574	-0.458984	1.840332	17.664122	-101.259542	-19.160305	5.548724
0.020996	-0.394775	1.517578	21.580153	-128.725191	-21.977099	5.558971
0.037354	-0.343018	1.168457	24.137405	-128.541985	-24.854962	5.568723
0.067139	-0.316895	0.900146	26.854962	-113.419847	-28.839695	5.579198
0.098877	-0.225342	0.738037	30.038168	-96.610687	-31.641221	5.589782
0.089111	-0.056641	0.634277	30.358779	-85.725191	-31.351145	5.600341
0.089600	0.093994	0.397705	25.694656	-78.122137	-22.435115	5.610462
0.102051	0.115723	0.120117	17.603053	-55.198473	-13.717557	5.620858
0.099121	0.138428	-0.041992	8.480916	-20.496183	-4.801527	5.631154
0.097900	0.198730	-0.085449	-12.351145	26.977099	7.778626	5.641585
0.104248	0.120361	0.057373	-29.977099	76.259542	21.503817	5.651676
0.073975	-0.021240	0.334717	-30.129771	112.725191	22.740458	5.662036
0.068115	-0.086426	0.603027	-36.351145	130.213740	23.709924	5.672359
0.053955	-0.162598	0.931152	-36.480916	130.992366	23.923664	5.682382
0.052734	-0.320068	1.387695	-30.770992	110.244275	19.923664	5.692197
0.046875	-0.381104	1.774658	-19.687023	66.374046	8.068702	5.702895
0.031250	-0.309326	1.887207	-5.984733	20.068702	3.969466	5.713281
0.026367	-0.321289	1.958740	7.908397	-20.007634	3.618321	5.723805
0.040039	-0.340332	1.948730	25.557252	-62.328244	2.748092	5.733835
0.060791	-0.444824	1.833252	33.832061	-106.832061	-2.679389	5.744097
0.071289	-0.438232	1.528809	41.793893	-137.496183	-10.709924	5.754229
0.088379	-0.373047	1.168457	41.832061	-143.282443	-16.977099	5.764191
0.105957	-0.233643	0.890625	39.389313	-133.251908	-16.778626	5.774984
0.103760	-0.150391	0.666504	43.709924	-122.106870	-22.381679	5.785105
0.125977	0.017822	0.232422	47.083969	-106.503817	-22.099237	5.795479
0.140625	0.136230	-0.109375	40.885496	-72.778626	-15.580153	5.806013
0.135742	0.192383	-0.270508	26.328244	-35.595420	-4.022901	5.815957
0.122314	0.296631	-0.290771	1.480916	20.870229	7.312977	5.826490
0.122803	0.304443	-0.118652	-24.946565	78.320611	23.763359	5.836217
0.112793	0.075684	0.132568	-37.534351	120.351145	32.305344	5.846137
0.089111	-0.060547	0.331055	-46.229008	146.290076	35.213740	5.856782
0.092529	-0.193848	0.610107	-59.961832	161.236641	37.488550	5.866860
0.083740	-0.379883	0.965088	-60.114504	155.053435	29.160305	5.877005
0.106201	-0.466309	1.361328	-55.190840	132.419847	16.427481	5.886531
0.082031	-0.391602	1.645264	-38.740458	103.954198	2.694656	5.896318
0.088135	-0.309814	1.876709	-30.122137	65.320611	-1.931298	5.907329
0.087891	-0.366699	1.999939	-13.259542	26.076336	0.282443	5.917139
0.086670	-0.452393	1.900391	2.076336	-19.450382	-5.259542	5.928038
0.074463	-0.485107	1.763672	11.526718	-49.786260	-11.900763	5.937744
0.072021	-0.487549	1.737793	23.870229	-79.244275	-20.458015	5.947573
0.059082	-0.453613	1.611816	39.122137	-111.312977	-31.862595	5.958146
0.048828	-0.291748	1.265869	43.358779	-129.534351	-36.931298	5.968787
0.065430	-0.174805	0.924561	44.977099	-130.595420	-35.603053	5.978836
0.064209	-0.030273	0.666016	43.458015	-116.618321	-35.335878	5.989008
0.085938	0.081055	0.338623	45.129771	-96.793893	-28.900763	5.999609
0.087158	0.172363	0.102051	35.465649	-69.419847	-20.938931	6.009776
0.102295	0.222412	-0.023926	23.580153	-38.961832	-11.702290	6.020125
0.106445	0.265381	-0.100342	5.480916	0.519084	0.137405	6.030731
0.107666	0.247314	0.040527	-17.801527	48.473282	15.465649	6.041204
0.104736	0.142334	0.179443	-26.961832	80.587786	22.755725	6.050871
0.095947	0.025146	0.317383	-41.404580	108.274809	24.778626	6.061210
0.068604	-0.041504	0.562500	-47.824427	126.564885	26.679389	6.070779
0.071777	-0.156982	0.969727	-48.358779	127.129771	26.488550	6.081404
0.061279	-0.209717	1.393799	-42.404580	111.977099	25.381679	6.091715
0.079346	-0.230957	1.739502	-37.213740	82.343511	24.809160	6.102031
0.101562	-0.341797	1.861084	-28.320611	47.083969	23.458015	6.112216
0.112549	-0.515625	1.859619	-12.229008	8.793893	14.480916	6.122183
0.124512	-0.583496	1.774170	2.885496	-30.244275	-1.961832	6.132593
0.114502	-0.489014	1.710449	14.595420	-62.000000	-15.458015	6.142389
0.104736	-0.408203	1.544189	27.740458	-87.015267	-26.664122	6.152387
0.097168	-0.323975	1.280273	35.877863	-100.557252	-31.832061	6.163019
0.109619	-0.226807	0.989014	39.412214	-104.564885	-32.374046	6.173329
0.112793	-0.111572	0.765137	41.167939	-98.366412	-32.419847	6.183038
0.119629	0.025879	0.560303	41.549618	-83.687023	-30.938931	6.193336
0.116455	0.105225	0.295654	40.045802	-69.931298	-24.916031	6.203624
0.111328	0.173096	0.062744	29.198473	-51.022901	-16.717557	6.213681
0.111816	0.266113	-0.095703	7.114504	-12.618321	-2.206107	6.224266
0.102783	0.279297	-0.065186	-11.618321	35.351145	11.251908	6.234345
0.104248	0.124268	0.148438	-33.137405	78.190840	22.122137	6.244881
0.097168	0.020996	0.339111	-39.618321	101.526718	23.916031	6.255180
0.069580	-0.016357	0.467285	-52.725191	119.603053	27.885496	6.264870
0.058594	-0.087891	0.637207	-61.175573	137.137405	32.725191	6.274295
0.047607	-0.257324	0.957520	-56.236641	143.946565	32.763359	6.285172
0.049316	-0.323486	1.513428	-45.022901	129.595420	26.274809	6.295245
0.062500	-0.384277	1.884766	-26.160305	94.786260	20.236641	6.305561
0.069092	-0.432617	1.999939	-13.053435	56.213740	15.503817	6.315977
0.081543	-0.521973	1.999939	1.480916	5.412214	5.221374	6.326247
0.083496	-0.575928	1.844482	19.297710	-46.351145	-12.877863	6.336795
0.047363	-0.442627	1.616455	29.083969	-76.603053	-23.984733	6.346507
0.062744	-0.349854	1.394287	36.511450	-98.053435	-33.007634	6.356427
0.049805	-0.277100	1.116699	39.641221	-105.580153	-36.366412	6.366836
0.061523	-0.154297	0.846924	39.954198	-105.297710	-36.893130	6.377520
0.070312	-0.025879	0.625488	39.839695	-94.007634	-32.885496	6.387457
0.104736	0.078125	0.448730	37.030534	-78.832061	-27.236641	6.397652
0.097656	0.139648	0.206543	29.412214	-61.259542	-21.427481	6.408289
0.095459	0.196777	0.038086	20.458015	-35.183206	-13.442748	6.418933
0.084961	0.257568	-0.052734	0.946565	0.595420	-2.099237	6.429235
0.072754	0.281006	0.010498	-20.229008	46.839695	11.679389	6.439647
0.072754	0.133545	0.182861	-35.328244	83.854962	22.961832	6.449994
0.048828	0.040771	0.350342	-47.595420	108.160305	25.923664	6.460253
0.014648	0.022949	0.711426	-53.458015	132.427481	35.404580	6.470515
0.037354	-0.170898	1.515137	-40.564885	121.473282	38.885496	6.480751
0.084717	-0.399658	1.999939	-24.366412	70.854962	30.954198	6.490559
0.102051	-0.510498	1.999939	-8.374046	5.175573	14.938931	6.499906
0.100830	-0.434814	1.986084	4.183206	-53.404580	2.450382	6.510622
0.115479	-0.375244	1.629150	8.412214	-79.000000	-5.366412	6.521216
0.111572	-0.388184	1.384521	10.312977	-85.419847	-9.961832	6.531233
0.115723	-0.360107	1.240723	18.580153	-90.992366	-16.549618	6.541945
0.135742	-0.316650	1.209961	27.015267	-99.458015	-19.687023	6.552452
0.132812	-0.240234	1.172852	41.152672	-113.633588	-30.427481	6.562678
0.142334	-0.103271	0.918213	42.969466	-121.854962	-31.564885	6.573241
0.166992	-0.041992	0.681641	39.786260	-115.183206	-25.435115	6.583782
0.178223	-0.003418	0.422607	36.648855	-103.389313	-25.877863	6.594029
0.203125	0.035889	0.229492	29.656489	-79.755725	-22.618321	6.604076
0.201904	0.107178	0.091064	22.198473	-49.740458	-21.435115	6.614315
0.204346	0.158691	0.036377	10.595420	-14.320611	-13.740458	6.624902
0.191895	0.201416	0.016846	-12.297710	26.969466	-1.122137	6.635257
0.191162	0.119385	0.122314	-26.412214	72.206107	7.557252	6.645646
0.165283	0.055908	0.370850	-41.015267	100.618321	12.099237	6.656369
0.139648	0.021729	0.552490	-47.572519	123.633588	15.900763	6.666441
0.110596	-0.010986	0.676025	-51.969466	143.328244	26.206107	6.676532
0.081787	-0.058594	0.785645	-57.045802	163.114504	34.167939	6.686779
0.048584	-0.163574	1.128174	-47.702290	173.198473	36.961832	6.697064
0.051758	-0.302002	1.750488	-31.435115	149.755725	33.335878	6.707054
0.096436	-0.560547	1.999939	-1.778626	63.267176	12.412214	6.717684
0.067871	-0.514893	1.999939	24.221374	-35.610687	-14.145038	6.727184
0.051514	-0.263672	1.838867	23.511450	-117.847328	-22.122137	6.739076
0.056641	-0.217529	1.381348	27.969466	-135.870229	-22.282443	6.749486
0.100830	-0.250244	1.035156	23.404580	-130.725191	-22.419847	6.759601
0.143066	-0.221191	0.828369	24.038168	-116.709924	-25.022901	6.769909
0.155762	-0.117676	0.741943	27.404580	-100.274809	-24.213740	6.779495
0.179443	-0.010010	0.661133	31.992366	-88.053435	-18.984733	6.788916
0.177246	0.032227	0.471191	32.503817	-76.847328	-20.091603	6.798179
0.195068	0.114502	0.210205	24.862595	-55.671756	-16.137405	6.809142
0.181885	0.148682	0.064697	15.312977	-26.061069	-8.839695	6.819442
0.174072	0.178223	-0.057373	2.114504	14.816794	-0.824427	6.829638
0.151123	0.176270	-0.051025	-10.916031	60.442748	5.961832	6.839598
0.114502	0.163330	0.153564	-20.190840	99.091603	11.244275	6.850045
0.078125	0.169922	0.283936	-38.229008	123.152672	19.786260	6.860437
0.051514	0.129883	0.412598	-54.473282	152.870229	31.931298	6.870876
0.021973	-0.010498	0.677246	-63.290076	169.480916	41.198473	6.880594
0.037354	-0.272217	1.496582	-56.213740	158.160305	39.091603	6.891116
0.079102	-0.421387	1.999939	-34.847328	96.496183	23.946565	6.901202
0.116455	-0.461914	1.999939	-18.633588	16.244275	9.496183	6.911046
0.105713	-0.497070	1.991455	-6.038168	-45.374046	-3.671756	6.921715
0.120850	-0.440918	1.686768	2.687023	-77.297710	-13.854962	6.931807
0.118896	-0.407715	1.487305	10.473282	-92.183206	-17.977099	6.941394
0.128174	-0.352051	1.417236	18.992366	-98.618321	-22.732824	6.950708
0.145264	-0.343018	1.381592	32.389313	-108.206107	-28.809160	6.959967
0.145020	-0.273193	1.201904	42.068702	-118.198473	-33.458015	6.970787
0.114746	-0.105469	0.961426	44.435115	-124.931298	-34.763359	6.980153
0.142334	0.008545	0.672363	47.358779	-112.022901	-31.000000	6.990817
0.151611	0.085693	0.432617	51.557252	-91.648855	-24.343511	7.000746
0.177002	0.145752	0.205322	39.389313	-70.755725	-18.877863	7.011097
0.169922	0.209717	0.043945	29.748092	-47.038168	-15.816794	7.020797
0.163086	0.235352	-0.109131	5.328244	-15.236641	-6.946565	7.031536
0.155029	0.276855	-0.223145	-21.183206	34.045802	4.328244	7.041774
0.128418	0.236328	-0.121582	-35.328244	89.496183	14.564885	7.052002
0.091553	0.178223	0.162354	-51.778626	127.259542	22.778626	7.061901
0.062988	0.127441	0.316650	-62.549618	159.572519	31.900763	7.072218
0.019775	0.001221	0.523193	-76.587786	183.473282	43.625954	7.082555
-0.000244	-0.114258	0.982910	-81.977099	200.206107	48.007634	7.093396
0.017822	-0.317871	1.630127	-69.938931	182.145038	46.877863	7.103262
0.050537	-0.449463	1.999939	-46.938931	138.167939	34.389313	7.113516
0.067383	-0.548340	1.999939	-29.114504	70.251908	19.854962	7.123710
0.075195	-0.622803	1.999939	-1.015267	-15.809160	-1.740458	7.134429
0.053223	-0.525391	1.972168	17.564885	-75.595420	-18.656489	7.144870
0.065430	-0.444580	1.841064	27.648855	-109.740458	-26.053435	7.154557
0.071777	-0.430176	1.612305	42.480916	-144.664122	-37.572519	7.164690
0.087402	-0.301025	1.095215	50.335878	-157.687023	-45.580153	7.175437
0.118896	-0.109619	0.597412	50.419847	-143.038168	-46.969466	7.186137
0.137939	0.032959	0.322266	50.572519	-108.137405	-39.496183	7.196973
0.145752	0.094727	0.231445	46.244275	-76.038168	-31.885496	7.207004
0.151123	0.155029	0.144287	42.809160	-46.587786	-23.954198	7.217102
0.140381	0.225098	0.058350	30.717557	-18.419847	-17.809160	7.226705
0.106934	0.286377	-0.042480	9.458015	19.442748	-5.648855	7.237822
0.103760	0.229004	-0.078125	-16.519084	62.030534	7.038168	7.248091
0.089844	0.130127	0.123291	-32.000000	99.229008	15.549618	7.258567
0.054199	0.117676	0.338623	-45.954198	128.801527	21.709924	7.268094
0.048828	0.080322	0.496094	-60.931298	152.984733	33.083969	7.278104
-0.001709	-0.018799	0.800049	-68.954198	167.030534	41.740458	7.288816
0.010986	-0.243896	1.439697	-68.488550	151.702290	42.045802	7.298746
0.047852	-0.456299	1.999939	-50.610687	98.580153	25.595420	7.308737
0.081787	-0.499268	1.999939	-24.839695	21.061069	5.427481	7.319324
0.081787	-0.422852	1.938477	-1.709924	-37.893130	-8.648855	7.329846
0.067139	-0.375488	1.608154	8.022901	-62.618321	-14.755725	7.340122
0.088135	-0.373535	1.440430	19.274809	-73.129771	-18.633588	7.350493
0.109131	-0.333496	1.333008	25.427481	-81.503817	-22.770992	7.360747
0.103516	-0.271240	1.195557	36.732824	-88.221374	-28.465649	7.371330
0.107422	-0.167725	1.072021	39.427481	-96.587786	-30.908397	7.381617
0.115967	-0.052490	0.906494	36.725191	-97.305344	-30.580153	7.391681
0.131348	0.002686	0.633301	37.633588	-91.419847	-22.496183	7.401988
0.127930	0.049316	0.406494	36.038168	-80.068702	-21.778626	7.411663
0.131348	0.120117	0.182129	25.503817	-57.000000	-16.755725	7.421377
0.130371	0.157959	0.082764	13.625954	-27.709924	-12.580153	7.430720
0.118408	0.181885	0.029053	-3.679389	6.145038	-5.442748	7.440698
0.113037	0.138184	0.021240	-24.465649	48.900763	4.725191	7.451286
0.094727	0.077637	0.166504	-32.595420	89.610687	6.664122	7.461768
0.076660	0.119629	0.337158	-43.412214	116.862595	13.320611	7.471937
0.020020	0.101807	0.477539	-51.007634	144.267176	23.725191	7.482245
-0.002686	0.028564	0.684570	-60.931298	167.106870	37.282443	7.492770
-0.008789	-0.191650	1.137939	-61.213740	169.610687	41.320611	7.503108
0.027588	-0.483643	1.957520	-40.114504	127.946565	28.900763	7.513363
0.045898	-0.424561	1.999939	-10.992366	37.763359	5.442748	7.526728
0.060547	-0.416748	1.999939	5.083969	-25.656489	-2.770992	7.537188
0.041016	-0.406006	1.806885	20.656489	-67.381679	-12.213740	7.547513
0.043945	-0.319336	1.568359	21.694656	-88.312977	-16.068702	7.557328
0.058594	-0.277588	1.335205	29.244275	-99.099237	-17.931298	7.567194
0.072754	-0.222656	1.068848	28.480916	-101.007634	-21.381679	7.578173
0.101074	-0.154785	0.860107	33.687023	-96.328244	-23.977099	7.588434
0.104980	-0.013916	0.657959	40.221374	-88.129771	-24.045802	7.598758
0.117920	0.093506	0.365723	33.374046	-77.870229	-22.328244	7.609016
0.114502	0.158203	0.113037	24.679389	-56.022901	-16.916031	7.619250
0.106934	0.167480	-0.078857	11.480916	-28.167939	-10.305344	7.629362
0.103271	0.204346	-0.202148	-14.908397	17.679389	-3.664122	7.639853
0.070312	0.227539	-0.115723	-29.702290	79.641221	3.954198	7.650281
0.007568	0.222412	0.246094	-42.198473	127.465649	18.778626	7.660501
-0.015869	0.131348	0.491699	-49.511450	152.664122	30.404580	7.670501
-0.048096	0.082520	0.670898	-61.480916	174.885496	41.175573	7.680185
-0.062256	-0.071289	1.051025	-67.977099	184.893130	55.748092	7.691001
-0.058105	-0.311279	1.436768	-55.351145	171.862595	51.916031	7.700745
-0.051514	-0.495361	1.850342	-44.465649	126.251908	38.832061	7.711518
-0.039307	-0.566895	1.999939	-33.053435	69.045802	20.526718	7.721327
-0.037842	-0.529541	1.999939	-13.442748	8.175573	2.030534	7.731684
-0.047852	-0.479980	1.881592	11.717557	-47.427481	-13.801527	7.742533
-0.053955	-0.413330	1.780762	29.961832	-93.664122	-26.251908	7.753005
-0.052490	-0.312988	1.587646	41.473282	-127.839695	-33.160305	7.763005
-0.051514	-0.200928	1.230957	49.488550	-148.519084	-36.259542	7.773907
-0.029297	-0.100342	0.877441	39.305344	-147.977099	-30.435115	7.784008
0.031494	-0.037354	0.586182	37.610687	-127.816794	-24.587786	7.794162
0.053467	-0.022461	0.358398	39.450382	-106.282443	-21.732824	7.804772
0.090576	0.025635	0.133545	34.885496	-81.580153	-21.946565	7.815108
0.104492	0.086914	-0.083252	25.000000	-48.961832	-20.442748	7.825590
0.118408	0.175781	-0.175781	6.725191	-2.435115	-13.534351	7.835733
0.096436	0.202881	-0.132812	-15.251908	53.893130	-2.732824	7.845983
0.068359	0.180176	0.139893	-26.549618	100.595420	8.129771	7.855726
0.048340	0.082520	0.400391	-38.351145	127.770992	16.290076	7.865761
0.012451	0.035645	0.552979	-47.450382	151.732824	25.480916	7.875821
-0.044434	-0.073242	0.690186	-61.969466	177.015267	35.343511	7.887068
-0.058105	-0.283936	1.200684	-55.038168	179.832061	30.770992	7.897267
-0.052002	-0.392578	1.771484	-38.770992	153.687023	19.755725	7.907635
-0.045898	-0.422852	1.999939	-23.007634	98.221374	8.992366	7.917826
-0.026611	-0.500488	1.999939	-3.549618	20.022901	-8.045802	7.927897
-0.051270	-0.433594	1.999939	18.145038	-61.534351	-22.290076	7.937978
-0.077881	-0.286865	1.641846	23.442748	-103.007634	-30.244275	7.948617
-0.082520	-0.170410	1.363281	23.709924	-120.335878	-28.236641	7.959035
-0.062012	-0.175049	1.121826	27.328244	-119.549618	-27.396947	7.969029
-0.040771	-0.131836	0.950928	31.458015	-114.725191	-28.587786	7.979128
-0.001709	-0.094482	0.784668	31.007634	-105.748092	-27.198473	7.989551
0.038574	0.023438	0.633545	32.801527	-91.061069	-25.106870	7.999860
0.057861	0.054443	0.407715	32.862595	-76.984733	-23.022901	8.010236
0.068115	0.138672	0.229004	29.526718	-55.442748	-17.877863	8.020316
0.063965	0.181641	0.104248	16.694656	-32.893130	-12.648855	8.030383
0.080078	0.200928	-0.025391	0.572519	2.137405	-3.183206	8.040808
0.043701	0.117920	-0.124756	-18.702290	46.778626	1.526718	8.050737
0.006592	0.150879	-0.026367	-26.618321	92.000000	8.099237	8.060235
-0.034912	0.197754	0.259277	-41.366412	133.954198	17.702290	8.069655
-0.071533	0.167969	0.504639	-48.007634	163.725191	33.419847	8.078928
-0.102539	0.050049	0.807861	-50.816794	183.946565	48.557252	8.089821
-0.096924	-0.191162	1.374756	-53.160305	181.335878	55.343511	8.100011
-0.050537	-0.574463	1.999939	-35.198473	129.114504	37.435115	8.110509
-0.033203	-0.618652	1.999939	-15.755725	44.106870	9.954198	8.120817
-0.015381	-0.508545	1.999939	7.419847	-36.030534	-10.167939	8.130846
-0.051758	-0.481689	1.999939	25.229008	-95.725191	-24.572519	8.141084
-0.054932	-0.340088	1.659424	33.969466	-130.297710	-31.671756	8.151124
-0.053467	-0.233398	1.296387	33.068702	-138.045802	-29.396947	8.160623
-0.025879	-0.153320	1.014648	35.961832	-126.114504	-27.603053	8.171475
-0.004639	-0.086182	0.885742	31.824427	-113.931298	-22.503817	8.181878
0.020996	-0.053711	0.766357	36.595420	-105.015267	-20.083969	8.192089
0.040771	-0.002930	0.506104	36.862595	-95.190840	-18.183206	8.201974
0.042725	0.042725	0.106201	41.893130	-74.900763	-16.587786	8.211477
0.040039	0.146240	-0.110352	30.778626	-37.641221	-15.793893	8.222104
0.026123	0.306641	-0.089844	7.366412	11.366412	-5.404580	8.232575
0.033447	0.264648	-0.001709	-18.541985	51.229008	9.122137	8.242561
0.022461	0.166992	0.123291	-30.030534	88.374046	16.992366	8.252202
-0.008301	0.135986	0.261719	-40.877863	119.885496	25.213740	8.261987
-0.046631	0.086182	0.458252	-54.251908	149.511450	34.175573	8.272581
-0.055664	-0.103760	0.827393	-56.755725	165.580153	39.900763	8.283165
-0.070312	-0.284180	1.299072	-51.038168	151.320611	32.206107	8.293495
-0.071045	-0.387695	1.734619	-41.839695	119.374046	20.358779	8.303723
-0.054199	-0.415039	1.999939	-28.725191	69.557252	8.450382	8.313828
-0.060547	-0.396729	1.999939	-10.404580	13.519084	-2.534351	8.324355
-0.077637	-0.346436	1.866455	6.114504	-31.435115	-10.694656	8.334238
-0.095215	-0.281738	1.671875	18.267176	-67.557252	-13.633588	8.344908
-0.083008	-0.276123	1.536133	26.381679	-92.618321	-12.931298	8.354981
-0.049316	-0.232666	1.290283	38.587786	-110.198473	-22.511450	8.365987
-0.048096	-0.138672	1.048096	42.656489	-116.900763	-25.427481	8.376328
-0.025146	-0.030762	0.800293	38.190840	-115.763359	-25.770992	8.386591
0.001465	0.062012	0.525391	36.053435	-102.221374	-20.374046	8.396843
0.023193	0.117188	0.335938	26.816794	-82.274809	-14.603053	8.407102
0.041748	0.145752	0.143799	19.297710	-57.045802	-10.022901	8.417804
0.040771	0.197510	0.040039	6.106870	-23.442748	-3.969466	8.428156
0.052002	0.233154	0.047607	-11.664122	23.076336	6.374046	8.438257
0.058594	0.171143	0.163574	-22.328244	63.038168	16.847328	8.448308
0.022949	0.035645	0.348145	-36.335878	91.419847	17.587786	8.458904
0.007324	0.014648	0.578125	-47.740458	112.389313	23.213740	8.469315
-0.016846	-0.064453	0.749023	-52.847328	125.213740	25.610687	8.479203
-0.028076	-0.181885	1.001221	-53.961832	133.152672	25.145038	8.490028
-0.043945	-0.257812	1.338135	-49.519084	122.335878	21.671756	8.499817
-0.045898	-0.327393	1.722656	-32.045802	97.480916	14.229008	8.510293
-0.048340	-0.379639	1.999939	-15.755725	47.053435	7.145038	8.520860
-0.039795	-0.460938	1.999939	5.877863	-18.267176	-4.366412	8.531107
-0.054443	-0.438477	1.928467	25.832061	-74.335878	-17.519084	8.540883
-0.076904	-0.281250	1.557861	33.335878	-109.152672	-24.076336	8.551372
-0.072021	-0.188232	1.199951	32.396947	-121.641221	-24.656489	8.561430
-0.046387	-0.060303	0.851318	29.687023	-115.473282	-22.923664	8.571989
-0.020020	-0.002441	0.601807	27.541985	-99.572519	-17.526718	8.582510
0.005127	0.081055	0.446777	29.282443	-76.549618	-11.893130	8.592741
0.027344	0.113525	0.300049	25.648855	-52.770992	-8.122137	8.603525
0.039551	0.154785	0.192871	16.358779	-26.908397	-3.160305	8.613720
0.036377	0.193848	0.121826	3.519084	9.145038	4.496183	8.624047
0.032959	0.184814	0.179932	-7.496183	44.068702	11.519084	8.633679
0.025635	0.096191	0.273438	-18.541985	69.931298	17.244275	8.643476
0.000000	0.050537	0.402100	-33.015267	94.267176	20.854962	8.653972
-0.022461	0.029541	0.583496	-46.198473	120.549618	27.396947	8.665453
-0.065918	-0.049072	0.760498	-50.717557	141.885496	32.908397	8.675745
-0.075195	-0.208252	1.144775	-53.961832	144.213740	33.267176	8.686013
-0.062012	-0.336182	1.785889	-28.335878	111.732824	23.770992	8.696516
-0.039551	-0.452393	1.999939	-9.725191	50.374046	9.160305	8.706076
-0.042725	-0.430908	1.999939	10.671756	-32.068702	-8.282443	8.715705
-0.077637	-0.388184	1.926514	22.137405	-105.007634	-22.030534	8.726825
-0.080566	-0.290771	1.466309	26.435115	-132.900763	-31.206107	8.736922
-0.086670	-0.153320	1.021973	25.709924	-136.618321	-31.129771	8.746438
-0.047852	-0.084229	0.754150	18.809160	-115.763359	-28.816794	8.756087
-0.008545	-0.007568	0.607666	18.633588	-92.625954	-22.114504	8.766383
0.027588	0.032227	0.512939	18.717557	-69.877863	-18.290076	8.777086
0.041748	0.091797	0.403809	22.221374	-52.091603	-14.458015	8.787266
0.045166	0.145264	0.252930	16.687023	-31.198473	-9.488550	8.797262
0.032471	0.170654	0.162842	2.725191	0.900763	-0.045802	8.807863
0.041260	0.139893	0.159424	-14.236641	37.992366	9.000000	8.818056
0.042969	0.061279	0.278076	-21.587786	70.068702	11.664122	8.828400
0.013916	0.040527	0.409424	-34.290076	95.549618	16.099237	8.838527
-0.023682	0.004150	0.562012	-47.992366	117.954198	24.083969	8.848708
-0.062744	-0.066406	0.713135	-51.786260	137.549618	28.480916	8.858511
-0.072021	-0.185303	1.011475	-49.679389	151.183206	29.595420	8.869257
-0.076172	-0.340820	1.560059	-38.129771	132.870229	25.129771	8.879415
-0.064453	-0.415283	1.999939	-13.725191	82.450382	12.374046	8.889848
-0.064941	-0.451904	1.999939	2.618321	5.274809	-3.244275	8.900354
-0.075928	-0.399170	1.979492	19.755725	-64.129771	-15.992366	8.910568
-0.116699	-0.277588	1.605957	27.114504	-102.076336	-24.145038	8.920651
-0.103760	-0.169434	1.235840	28.541985	-115.526718	-23.740458	8.930781
-0.086914	-0.057373	0.933350	29.038168	-113.076336	-22.198473	8.940988
-0.068848	0.011963	0.717529	27.931298	-100.152672	-16.603053	8.950532
-0.039307	0.092285	0.545166	28.916031	-80.251908	-7.862595	8.960819
-0.002686	0.129395	0.416504	24.335878	-57.793893	1.595420	8.971659
0.019531	0.084961	0.283691	16.007634	-32.099237	6.503817	8.982620
0.032471	0.053955	0.153076	5.740458	-5.503817	8.045802	8.993153
0.033447	0.070801	0.131592	-9.091603	32.633588	9.534351	9.003257
0.024414	0.070068	0.238770	-16.343511	63.763359	12.442748	9.013074
0.001221	0.010742	0.378906	-29.938931	87.603053	13.664122	9.023097
-0.017822	0.014648	0.557373	-37.847328	109.717557	16.870229	9.034108
-0.063232	-0.058105	0.757812	-41.282443	126.931298	23.725191	9.044055
-0.076172	-0.146484	0.981934	-45.946565	128.687023	25.748092	9.053902
-0.088623	-0.248291	1.179199	-39.175573	124.465649	23.435115	9.063280
-0.109131	-0.346436	1.684814	-28.198473	103.389313	13.183206	9.074857
-0.098877	-0.397461	1.999939	-5.152672	45.610687	0.755725	9.085027
-0.100098	-0.322266	1.999939	9.824427	-26.068702	-10.969466	9.095004
-0.108887	-0.320557	1.859863	23.366412	-82.076336	-18.763359	9.105326
-0.166504	-0.257568	1.511963	24.977099	-116.068702	-21.274809	9.115981
-0.132324	-0.203857	1.221924	30.312977	-122.725191	-24.396947	9.125933
-0.093750	-0.090088	0.923096	26.366412	-114.755725	-20.526718	9.136454
-0.057861	-0.009521	0.686279	29.236641	-100.030534	-19.717557	9.146225
-0.031494	0.057373	0.452393	29.778626	-84.854962	-16.465649	9.156018
-0.029785	0.121094	0.253906	24.740458	-65.877863	-12.946565	9.165676
-0.013672	0.169434	0.032227	11.572519	-32.083969	-6.198473	9.177185
-0.014893	0.227539	0.010254	-6.366412	13.610687	4.122137	9.187333
-0.006836	0.198242	0.195557	-18.351145	56.625954	13.679389	9.197558
-0.019043	0.052002	0.335205	-27.351145	81.595420	18.335878	9.207269
-0.031982	0.027832	0.496094	-35.427481	100.595420	20.473282	9.217049
-0.068848	-0.002686	0.647217	-45.435115	120.259542	26.221374	9.227905
-0.077148	-0.087402	0.748779	-53.229008	137.129771	32.519084	9.238199
-0.119873	-0.259766	1.146240	-45.145038	140.305344	30.007634	9.248551
-0.134277	-0.350342	1.687744	-29.312977	109.984733	22.496183	9.258411
-0.117676	-0.483398	1.999939	-8.389313	58.687023	4.694656	9.268704
-0.101318	-0.396240	1.999939	-3.152672	-2.442748	-3.671756	9.279137
-0.125244	-0.320068	1.638184	8.862595	-48.862595	-9.465649	9.289473
-0.142090	-0.272949	1.318848	18.114504	-66.778626	-14.114504	9.299860
-0.114746	-0.212891	1.112549	22.854962	-74.496183	-15.351145	9.309845
-0.102051	-0.115234	1.014648	27.931298	-78.656489	-17.229008	9.320498
-0.071533	-0.052979	0.875000	30.206107	-78.717557	-13.923664	9.331033
-0.058350	0.013672	0.708984	31.160305	-73.030534	-13.847328	9.340985
-0.052002	0.079834	0.542969	25.190840	-60.618321	-9.664122	9.351119
-0.039062	0.138184	0.451904	18.633588	-44.824427	-4.000000	9.360703
-0.029541	0.131104	0.378174	8.061069	-21.740458	4.198473	9.371238
-0.023926	0.098145	0.370361	-2.229008	0.870229	8.450382	9.381838
-0.032959	0.065186	0.372314	-12.312977	24.305344	12.916031	9.392159
-0.031494	0.044189	0.463867	-18.244275	45.763359	13.702290	9.402095
-0.058594	-0.023193	0.518066	-21.595420	67.381679	10.931298	9.412604
-0.074219	-0.069580	0.626465	-30.129771	80.221374	13.122137	9.423404
-0.091309	-0.057129	0.866943	-28.419847	91.679389	13.473282	9.433811
-0.117432	-0.065430	1.170654	-33.015267	80.755725	19.343511	9.444090
-0.112305	-0.215088	1.535400	-23.435115	65.862595	17.557252	9.453622
-0.102051	-0.334473	1.883545	-11.900763	28.679389	12.923664	9.463683
-0.087158	-0.394043	1.902832	1.366412	-25.984733	3.145038	9.474546
-0.099365	-0.365723	1.669922	11.305344	-62.427481	-4.618321	9.485147
-0.099854	-0.311768	1.407959	16.778626	-82.000000	-10.740458	9.495197
-0.079834	-0.226807	1.159668	19.564885	-85.106870	-15.732824	9.505594
-0.059082	-0.150391	0.921143	24.549618	-80.549618	-18.000000	9.516666
-0.050049	0.008057	0.684326	25.709924	-70.992366	-18.633588	9.529904
-0.037598	0.087158	0.440918	21.259542	-57.641221	-14.480916	9.539715
-0.034912	0.154297	0.265137	10.694656	-34.427481	-8.419847	9.550312
-0.026611	0.159424	0.172607	0.251908	-5.702290	-1.793893	9.560356
-0.037598	0.189453	0.221436	-12.595420	31.038168	7.038168	9.570154
-0.020508	0.078857	0.345703	-26.259542	65.213740	15.091603	9.581479
-0.036621	-0.006592	0.480713	-34.251908	86.748092	15.694656	9.591827
-0.078613	-0.016602	0.628906	-43.984733	105.015267	19.320611	9.602344
-0.105225	-0.053955	0.761963	-51.862595	121.580153	24.671756	9.612588
-0.152100	-0.136963	0.924561	-48.587786	134.251908	29.923664	9.623284
-0.192627	-0.282959	1.364502	-36.770992	129.022901	26.946565	9.633585
-0.144775	-0.391846	1.810547	-18.664122	94.396947	13.328244	9.644112
-0.128418	-0.419922	1.999939	1.839695	26.656489	-1.358779	9.654705
-0.164062	-0.348145	1.999939	10.946565	-47.725191	-12.679389	9.665069
-0.174561	-0.320557	1.545166	13.175573	-90.610687	-19.740458	9.675283
-0.152100	-0.213623	1.187500	17.748092	-106.427481	-22.167939	9.686042
-0.142334	-0.171631	0.896240	20.801527	-102.297710	-24.206107	9.696519
-0.100586	-0.116943	0.674072	23.473282	-86.687023	-26.427481	9.707014
-0.070312	0.036133	0.563477	22.992366	-68.687023	-23.190840	9.717475
-0.060791	0.144531	0.477539	19.824427	-53.557252	-16.381679	9.727697
-0.054199	0.176270	0.306152	12.900763	-37.007634	-5.679389	9.738451
-0.046875	0.169189	0.194092	3.633588	-9.679389	1.702290	9.749093
-0.048584	0.156982	0.182861	-10.427481	23.603053	10.511450	9.759324
-0.046631	0.118164	0.269531	-20.274809	55.618321	18.297710	9.769093
-0.049805	-0.021240	0.396484	-34.488550	83.015267	23.709924	9.779331
-0.105957	-0.075439	0.610107	-38.709924	104.755725	24.488550	9.789964
-0.137451	-0.059082	0.876465	-37.229008	124.984733	29.488550	9.800205
-0.170410	-0.110840	1.264893	-23.206107	126.137405	36.893130	9.810451
-0.164551	-0.255859	1.755859	-19.045802	97.229008	37.877863	9.820708
-0.164795	-0.415039	1.999939	-9.244275	41.053435	28.122137	9.831134
-0.159180	-0.423828	1.980469	9.465649	-23.183206	11.480916	9.841433
-0.181396	-0.324219	1.560059	13.984733	-65.488550	0.236641	9.851667
-0.167725	-0.200195	1.208496	24.534351	-78.290076	-5.175573	9.861386
-0.148193	-0.156738	0.967285	18.396947	-76.541985	-5.213740	9.871293
-0.119629	-0.110107	0.821533	20.969466	-70.045802	-6.343511	9.882098
-0.085205	-0.010498	0.722900	22.206107	-61.625954	-5.847328	9.892690
-0.006348	0.034424	0.588135	18.770992	-52.305344	-6.175573	9.903180
-0.041504	0.061768	0.358398	14.335878	-41.099237	-3.587786	9.913346
-0.038086	0.106934	0.189941	4.343511	-14.641221	1.137405	9.924056
-0.040771	0.092773	0.196289	-7.770992	20.977099	6.465649	9.934327
-0.047363	0.065430	0.334717	-17.946565	49.618321	11.549618	9.944921
-0.056885	-0.057373	0.440186	-35.656489	72.702290	13.297710	9.955360
-0.104980	-0.068604	0.627197	-31.251908	93.870229	15.167939	9.965502
-0.144287	-0.075684	0.809570	-33.099237	110.435115	17.618321	9.975688
-0.163086	-0.130127	1.057373	-28.709924	116.343511	25.167939	9.985560
-0.195312	-0.267822	1.519043	-12.603053	103.114504	15.977099	9.995833
-0.173828	-0.425293	1.897949	-13.610687	48.213740	11.358779	10.006185
-0.177734	-0.439209	1.999939	-1.015267	-14.030534	-5.427481	10.016761
-0.206787	-0.410156	1.791992	13.206107	-62.671756	-18.519084	10.027041
-0.204590	-0.321777	1.454102	20.977099	-93.625954	-26.274809	10.037100
-0.188477	-0.204834	1.092773	23.549618	-105.213740	-27.961832	10.047763
-0.145264	-0.125000	0.852051	27.770992	-100.106870	-26.893130	10.057908
-0.096924	-0.032227	0.671875	30.030534	-86.175573	-26.977099	10.068037
-0.062256	0.095215	0.501709	30.236641	-72.923664	-23.763359	10.078349
-0.032715	0.161621	0.325928	24.572519	-58.610687	-18.022901	10.088168
-0.043945	0.160156	0.193359	13.396947	-32.793893	-12.931298	10.098850
-0.049316	0.167969	0.079102	1.503817	-1.816794	-7.442748	10.109233
-0.075684	0.194824	0.124023	-15.396947	41.137405	3.580153	10.119769
-0.086426	0.114014	0.278320	-28.916031	75.450382	11.656489	10.130182
-0.122803	-0.052490	0.451904	-35.946565	99.725191	15.404580	10.140664
-0.145508	-0.083984	0.718750	-41.801527	120.954198	13.679389	10.151058
-0.179443	-0.144531	1.044434	-37.351145	123.778626	15.236641	10.161208
-0.203857	-0.233154	1.428711	-27.412214	107.664122	11.809160	10.171418
-0.228027	-0.307129	1.760498	-17.259542	76.442748	8.389313	10.181206
-0.226074	-0.347656	1.944092	-4.641221	31.030534	3.198473	10.192359
-0.239746	-0.366455	1.876221	4.709924	-18.419847	-5.755725	10.203096
-0.242676	-0.349854	1.553711	11.335878	-49.564885	-15.099237	10.213716
-0.176270	-0.279297	1.330566	22.206107	-67.938931	-21.580153	10.224105
-0.159668	-0.157471	1.120850	26.030534	-80.870229	-25.343511	10.234506
-0.148438	-0.044678	0.916260	29.236641	-84.580153	-24.786260	10.244831
-0.123535	0.079590	0.693848	28.534351	-79.137405	-22.091603	10.255463
-0.085205	0.153320	0.497070	20.641221	-67.870229	-16.190840	10.265772
-0.070068	0.188965	0.294922	10.473282	-48.854962	-10.320611	10.276296
-0.074219	0.156738	0.181885	0.061069	-19.748092	-4.106870	10.286764
-0.073486	0.143799	0.186035	-15.564885	14.061069	1.786260	10.297223
-0.075684	0.135986	0.313965	-23.977099	51.206107	7.381679	10.307824
-0.099365	-0.002441	0.475586	-38.442748	72.412214	14.480916	10.318367
-0.113037	-0.082031	0.697754	-38.526718	93.809160	13.877863	10.328886
-0.166748	-0.077881	0.965332	-41.000000	100.236641	17.206107	10.339181
-0.180664	-0.181885	1.299072	-35.145038	91.358779	20.236641	10.349675
-0.177002	-0.313232	1.608154	-17.000000	68.038168	14.572519	10.360381
-0.194336	-0.342773	1.777832	-1.847328	28.022901	5.541985	10.370701
-0.198242	-0.332275	1.836914	7.167939	-13.564885	-0.450382	10.380440
-0.209473	-0.310059	1.646484	14.137405	-50.793893	-9.870229	10.391039
-0.176758	-0.254883	1.347168	17.519084	-73.129771	-14.412214	10.401085
-0.179443	-0.179932	1.119141	23.114504	-86.106870	-19.473282	10.411557
-0.156006	-0.120850	0.913818	24.099237	-88.229008	-21.641221	10.421931
-0.119141	-0.012695	0.771240	28.251908	-84.946565	-25.099237	10.432596
-0.099609	0.154297	0.568115	27.832061	-78.595420	-19.633588	10.442776
-0.083496	0.196533	0.344238	22.282443	-62.862595	-11.198473	10.453180
-0.062256	0.227295	0.195801	11.687023	-39.748092	-2.916031	10.463447
-0.057861	0.199707	0.140137	-0.145038	-8.305344	4.664122	10.473836
-0.068359	0.163330	0.160156	-12.641221	23.847328	11.435115	10.483649
-0.062500	0.073486	0.301514	-25.435115	54.160305	15.419847	10.494205
-0.088623	0.011475	0.491211	-33.282443	76.862595	20.343511	10.504591
-0.124756	-0.103760	0.749268	-40.961832	94.160305	22.061069	10.515040
-0.144775	-0.164795	1.188965	-37.244275	94.007634	23.404580	10.525367
-0.167725	-0.262939	1.604004	-23.000000	70.908397	21.992366	10.535896
-0.156006	-0.386719	1.855957	-13.625954	35.167939	14.221374	10.546050
-0.168457	-0.451904	1.928955	-4.305344	-16.290076	3.709924	10.556353
-0.181396	-0.370605	1.655029	8.145038	-54.221374	-9.114504	10.566704
-0.170166	-0.271484	1.362549	19.870229	-72.404580	-12.816794	10.577060
-0.145020	-0.249023	1.133057	26.282443	-80.061069	-17.534351	10.587293
-0.135254	-0.156006	0.937012	28.916031	-79.458015	-21.755725	10.597525
-0.108887	-0.014893	0.789551	30.824427	-73.885496	-20.480916	10.607789
-0.071533	0.097168	0.654541	30.061069	-64.618321	-18.030534	10.618423
-0.049316	0.167725	0.462646	27.419847	-55.931298	-13.908397	10.627887
-0.035400	0.208984	0.285400	17.442748	-38.175573	-8.580153	10.638186
-0.046387	0.240723	0.182373	6.076336	-15.580153	-3.007634	10.648472
-0.051514	0.252441	0.170410	-13.038168	17.099237	6.664122	10.659018
-0.042725	0.168457	0.248047	-28.221374	47.160305	15.709924	10.669377
-0.075195	0.067139	0.383545	-38.603053	72.885496	20.778626	10.678998
-0.098389	-0.074219	0.572754	-45.427481	93.419847	19.625954	10.689177
-0.151123	-0.075439	0.900146	-46.442748	106.259542	21.893130	10.699686
-0.166504	-0.143555	1.280518	-40.633588	103.580153	25.503817	10.710038
-0.172363	-0.293701	1.642334	-27.938931	78.488550	24.801527	10.720567
-0.156982	-0.407227	1.828613	-17.053435	39.740458	15.519084	10.730761
-0.160889	-0.435059	1.878662	-3.167939	-5.045802	4.900763	10.741290
-0.176758	-0.429443	1.683105	9.816794	-43.977099	-7.526718	10.751757
-0.166748	-0.323242	1.507812	25.190840	-67.335878	-17.396947	10.762161
-0.158447	-0.226807	1.277832	29.511450	-84.343511	-20.526718	10.772418
-0.141602	-0.122314	1.037598	30.549618	-90.969466	-22.916031	10.782641
-0.117920	-0.038330	0.812988	30.267176	-88.137405	-22.854962	10.792352
-0.082275	0.073975	0.653076	29.236641	-78.526718	-19.137405	10.802327
-0.048096	0.135498	0.462158	26.053435	-63.702290	-14.763359	10.813653
-0.024414	0.210693	0.261719	18.984733	-42.442748	-8.435115	10.824455
-0.022705	0.211426	0.166260	6.198473	-16.801527	-0.916031	10.834797
-0.031982	0.174316	0.147705	-8.450382	21.038168	7.000000	10.845171
-0.033447	0.115479	0.260254	-12.923664	55.198473	16.297710	10.855508
-0.064209	-0.045654	0.448730	-30.068702	81.435115	20.709924	10.866174
-0.092041	-0.110352	0.676025	-38.442748	97.961832	16.954198	10.876515
-0.106445	-0.215820	0.986328	-33.793893	108.152672	14.465649	10.886740
-0.096436	-0.300293	1.430908	-22.656489	80.877863	3.480916	10.896918
-0.145996	-0.287109	1.681152	-9.557252	35.679389	-8.679389	10.907401
-0.177002	-0.231934	1.866211	3.473282	-15.633588	-16.297710	10.918706
-0.155518	-0.260986	1.835693	12.778626	-64.282443	-20.763359	10.929008
-0.167480	-0.334229	1.686523	19.167939	-105.992366	-26.572519	10.939163
-0.165283	-0.264160	1.436768	27.076336	-142.496183	-36.190840	10.949875
-0.129639	-0.113281	1.119629	28.702290	-155.267176	-35.885496	10.959723
-0.098633	-0.037598	0.759521	32.366412	-138.587786	-31.381679	10.970318
-0.043213	-0.004639	0.533447	33.129771	-106.946565	-27.496183	10.980641
-0.003662	0.073486	0.461426	33.549618	-80.251908	-25.122137	10.990782
0.015381	0.135254	0.367188	32.320611	-59.664122	-22.328244	11.000969
0.115234	0.176270	0.302246	15.427481	-37.648855	-15.954198	11.011206
0.033203	0.211670	0.210938	3.267176	-6.152672	-4.748092	11.021988
0.031250	0.212891	0.170654	-6.328244	32.000000	7.198473	11.032024
0.024658	0.151367	0.320801	-19.351145	66.083969	15.854962	11.042544
0.024170	0.033447	0.418213	-32.007634	95.183206	16.015267	11.052713
-0.020752	-0.020264	0.545166	-38.488550	119.206107	20.213740	11.062671
-0.047363	-0.104980	0.755371	-38.656489	141.282443	26.603053	11.073231
-0.095703	-0.180420	1.167969	-32.358779	146.358779	26.213740	11.083476
-0.100586	-0.292969	1.710938	-21.129771	117.328244	21.152672	11.093664
-0.072510	-0.415283	1.999939	-5.992366	54.763359	6.511450	11.104174
-0.085938	-0.428467	1.999939	0.015267	-25.618321	-9.603053	11.114312
-0.112061	-0.325928	1.760986	11.954198	-82.679389	-21.916031	11.124331
-0.119141	-0.184082	1.360840	19.198473	-101.778626	-26.160305	11.134072
-0.075439	-0.154541	1.149658	22.511450	-110.832061	-28.374046	11.144872
-0.052979	-0.152100	0.979736	27.923664	-109.969466	-31.442748	11.155027
-0.036865	-0.058594	0.823486	34.038168	-105.435115	-35.809160	11.165823
-0.006104	0.070557	0.662109	28.122137	-96.366412	-35.122137	11.176291
0.000244	0.132812	0.485840	28.435115	-76.778626	-23.679389	11.186396
0.021484	0.188965	0.352295	17.687023	-53.717557	-20.587786	11.196709
0.022705	0.192139	0.260986	10.145038	-29.312977	-12.404580	11.207085
0.022949	0.208252	0.205566	-3.832061	6.396947	-4.557252	11.217419
0.022217	0.206787	0.257812	-14.633588	44.793893	6.236641	11.227560
0.037109	0.102295	0.337891	-27.190840	70.587786	11.175573	11.236001
0.003174	0.069824	0.457031	-34.000000	90.557252	13.664122	11.244168
-0.016846	0.036621	0.591309	-34.671756	109.305344	14.358779	11.252594
-0.039062	0.044189	0.728027	-37.709924	126.679389	17.786260	11.260795
-0.051025	-0.005371	0.914307	-39.755725	131.549618	27.007634	11.268765
-0.086914	-0.115234	1.184814	-33.969466	129.648855	26.320611	11.277270
-0.100830	-0.211182	1.596436	-24.625954	114.259542	22.900763	11.285222
-0.083252	-0.301025	1.999939	-11.755725	73.259542	16.351145	11.293729
-0.076416	-0.396729	1.999939	-5.007634	16.259542	5.320611	11.301770
-0.107422	-0.373047	1.999939	7.213740	-48.519084	-10.541985	11.310298
-0.094238	-0.229736	1.818115	16.282443	-88.641221	-17.229008	11.318462
-0.127686	-0.132080	1.461914	18.923664	-109.870229	-14.053435	11.326940
-0.091553	-0.133057	1.160889	21.091603	-113.839695	-10.908397	11.335245
-0.065674	-0.126709	0.992920	18.030534	-113.854962	-8.862595	11.343684
-0.003662	-0.187744	0.839355	24.206107	-101.137405	-15.900763	11.351805
0.003418	-0.091064	0.713623	26.572519	-92.381679	-20.145038	11.359882
-0.003906	0.032959	0.609131	33.725191	-81.221374	-22.351145	11.368579
0.020508	0.162354	0.467041	30.320611	-67.625954	-18.274809	11.377117
0.038818	0.198242	0.282959	27.618321	-54.923664	-11.458015	11.385419
0.051025	0.231689	0.138916	18.984733	-31.221374	-5.229008	11.393683
0.059326	0.220947	0.077148	5.557252	-3.038168	0.404580	11.402188
0.056396	0.218750	0.067871	-7.053435	27.984733	7.854962	11.410023
0.058594	0.179199	0.187256	-14.541985	59.816794	13.618321	11.417902
0.038574	0.091309	0.244629	-20.404580	85.305344	16.145038	11.425898
0.003906	0.034912	0.352051	-31.213740	109.893130	16.244275	11.435118
-0.026123	0.029785	0.479248	-35.511450	129.244275	18.213740	11.442938
-0.054199	-0.051025	0.684326	-38.969466	142.221374	18.984733	11.450994
-0.088867	-0.142822	0.923340	-35.274809	142.160305	16.022901	11.458886
-0.135254	-0.134033	1.222656	-27.389313	134.755725	11.320611	11.467532
-0.154785	-0.063965	1.607910	-19.671756	115.977099	10.862595	11.476288
-0.151611	-0.104736	1.999939	-10.015267	81.580153	9.931298	11.484687
-0.113525	-0.251953	1.999939	2.045802	15.450382	4.885496	11.492821
-0.118164	-0.295654	1.999939	7.206107	-50.412214	-3.259542	11.501037
-0.140137	-0.273926	1.863770	18.732824	-103.580153	-14.442748	11.509806
-0.132812	-0.182129	1.621826	20.824427	-138.488550	-18.290076	11.519455
-0.127197	-0.102295	1.244141	21.725191	-161.244275	-20.160305	11.528917
-0.062744	-0.056885	0.854248	22.816794	-151.152672	-23.282443	11.539055
-0.006104	-0.036865	0.556396	26.274809	-124.458015	-18.450382	11.549440
0.044922	0.018555	0.396484	28.206107	-91.526718	-22.587786	11.559906
0.092041	0.024658	0.216064	34.885496	-62.038168	-18.717557	11.570366
0.089111	0.124268	0.181396	22.656489	-32.938931	-17.786260	11.580746
0.071533	0.240479	0.203857	1.480916	2.221374	-8.206107	11.591243
0.085449	0.157959	0.227051	-16.961832	42.061069	4.297710	11.601032
0.090576	0.008057	0.349365	-20.847328	76.221374	7.580153	11.611420
0.027588	-0.008301	0.549561	-29.351145	99.740458	6.984733	11.621950
-0.010498	0.048340	0.691406	-34.526718	117.473282	10.854962	11.631927
-0.054443	0.005127	0.777100	-39.526718	137.679389	15.786260	11.642457
-0.091064	-0.091797	1.096436	-29.900763	143.198473	17.526718	11.652573
-0.102783	-0.145996	1.592529	-15.030534	119.480916	11.702290	11.662313
-0.087646	-0.233154	1.999939	-0.969466	62.312977	3.038168	11.673240
-0.094238	-0.262207	1.999939	7.908397	-21.519084	-9.343511	11.683404
-0.105957	-0.190674	1.768555	18.671756	-87.137405	-19.671756	11.693989
-0.101074	-0.083740	1.395264	21.053435	-116.038168	-20.366412	11.704234
-0.094727	-0.032227	1.085938	18.786260	-125.267176	-17.091603	11.713959
-0.034668	-0.020752	0.755615	22.763359	-109.137405	-17.061069	11.724716
0.005615	-0.003174	0.551270	24.671756	-85.145038	-16.740458	11.735046
0.035889	0.068359	0.465088	23.152672	-59.702290	-14.671756	11.745592
0.053223	0.113281	0.363525	19.061069	-37.923664	-12.038168	11.755768
0.054199	0.135010	0.225830	12.770992	-13.122137	-7.335878	11.765811
0.047607	0.135498	0.173828	-4.198473	21.671756	-1.854962	11.776396
0.062256	0.122314	0.243408	-13.343511	63.625954	7.007634	11.786967
0.004883	0.019775	0.383301	-19.870229	94.969466	3.366412	11.797177
-0.013916	0.054199	0.546875	-25.664122	117.511450	6.190840	11.807334
-0.073975	0.084961	0.698730	-29.702290	139.816794	12.000000	11.817244
-0.109131	0.012451	1.004639	-30.167939	147.832061	19.885496	11.827803
-0.109863	-0.113281	1.569336	-21.396947	123.274809	14.480916	11.838554
-0.098145	-0.218994	1.999939	-5.641221	59.068702	4.221374	11.848813
-0.096436	-0.249268	1.999939	7.091603	-19.610687	-6.931298	11.859001
-0.120361	-0.240234	1.927490	13.030534	-87.015267	-20.267176	11.869530
-0.139404	-0.175049	1.660645	23.229008	-130.885496	-27.984733	11.879838
-0.107910	-0.042725	1.214355	20.190840	-148.083969	-24.854962	11.890214
-0.093506	0.033203	0.910645	17.038168	-136.259542	-21.977099	11.900444
-0.048584	0.047119	0.718018	18.740458	-113.641221	-15.083969	11.910029
-0.019287	0.083496	0.582764	18.305344	-91.061069	-15.038168	11.919609
0.010498	0.154053	0.442871	18.022901	-69.679389	-11.511450	11.930372
0.027832	0.201904	0.287109	17.343511	-40.259542	-7.595420	11.940347
0.032227	0.240723	0.190674	9.748092	-13.977099	0.175573	11.950114
0.029541	0.221924	0.176514	-8.511450	20.938931	5.923664	11.959652
0.044678	0.135498	0.278809	-18.633588	61.053435	10.396947	11.971248
0.026123	0.081299	0.363037	-34.320611	89.603053	18.045802	11.981730
-0.042236	0.035156	0.458740	-42.770992	120.488550	18.442748	11.991921
-0.048828	0.048828	0.537354	-46.969466	151.190840	23.236641	12.002224
-0.112305	-0.056152	0.704834	-52.511450	178.839695	29.694656	12.012296
-0.151367	-0.148682	1.141113	-48.832061	185.572519	26.427481	12.022725
-0.147705	-0.170166	1.677734	-30.618321	158.267176	20.038168	12.032935
-0.156494	-0.260986	1.999939	-12.152672	99.114504	9.702290	12.042923
-0.147705	-0.262207	1.999939	-3.061069	6.679389	-3.305344	12.053748
-0.193604	-0.206299	1.865234	10.618321	-67.694656	-15.381679	12.064287
-0.177490	-0.088623	1.370850	12.870229	-99.816794	-18.984733	12.074797
-0.174805	-0.090088	1.220459	16.137405	-121.923664	-18.587786	12.085114
-0.113281	-0.043945	1.025635	14.122137	-132.625954	-21.709924	12.095430
-0.083252	0.021240	0.760986	22.732824	-124.847328	-20.381679	12.105543
-0.055664	0.081543	0.503174	22.183206	-101.931298	-19.282443	12.116631
-0.021240	0.155029	0.338867	14.923664	-75.358779	-11.030534	12.126571
0.001221	0.146240	0.241943	6.854962	-45.038168	-5.923664	12.136459
0.004150	0.150879	0.158203	-4.160305	-8.702290	-0.496183	12.147344
0.012939	0.152344	0.187744	-15.969466	41.022901	8.503817	12.157983
-0.008545	0.033447	0.363525	-30.030534	79.740458	16.167939	12.167990
-0.017334	-0.042236	0.547119	-34.297710	104.091603	14.053435	12.177655
-0.050537	-0.033691	0.721436	-37.847328	122.893130	14.221374	12.188428
-0.084961	-0.020264	0.790039	-40.625954	137.503817	17.297710	12.198787
-0.133789	-0.116211	0.952148	-40.778626	148.282443	18.778626	12.208490
-0.164307	-0.166016	1.359863	-26.595420	141.198473	16.305344	12.218937
-0.183594	-0.218994	1.829590	-9.396947	104.236641	8.312977	12.228719
-0.162598	-0.298584	1.999939	2.725191	30.770992	-3.900763	12.239098
-0.205811	-0.214355	1.999939	20.053435	-62.870229	-17.435115	12.249801
-0.206299	-0.100830	1.638428	21.137405	-115.442748	-23.358779	12.259791
-0.186768	-0.033691	1.185059	17.458015	-135.870229	-20.977099	12.270004
-0.145996	0.012695	0.745117	16.053435	-129.519084	-13.656489	12.280618
-0.071289	-0.007324	0.520996	15.503817	-97.213740	-14.679389	12.291095
-0.034424	0.038330	0.453613	21.427481	-67.221374	-12.183206	12.301101
-0.010010	0.070557	0.421387	18.496183	-43.328244	-10.038168	12.311313
0.003906	0.119385	0.311035	13.274809	-22.770992	-6.801527	12.321374
0.000977	0.152100	0.243652	-2.633588	3.770992	-0.870229	12.331329
0.018066	0.129883	0.250488	-11.992366	37.290076	7.549618	12.340655
0.015869	-0.024170	0.289307	-20.633588	67.503817	8.938931	12.349773
-0.020020	-0.024170	0.402100	-26.022901	91.351145	7.297710	12.358916
-0.067871	-0.016113	0.588867	-28.954198	111.198473	8.503817	12.368350
-0.098877	-0.042725	0.848145	-30.809160	120.442748	8.374046	12.378758
-0.114014	-0.165039	1.344482	-19.068702	104.091603	4.145038	12.389479
-0.122559	-0.232910	1.973633	-2.633588	51.419847	-4.351145	12.399254
-0.126953	-0.209229	1.999939	7.793893	-26.786260	-11.557252	12.409705
-0.133789	-0.227295	1.942139	11.351145	-94.816794	-18.732824	12.420302
-0.148682	-0.207520	1.554443	12.732824	-132.465649	-23.511450	12.430191
-0.128662	-0.151123	1.147705	14.351145	-137.145038	-24.671756	12.440643
-0.087158	-0.126465	0.880127	13.343511	-118.068702	-24.458015	12.450699
-0.080078	-0.033203	0.760498	12.641221	-99.236641	-22.717557	12.461036
-0.038574	0.002197	0.708984	20.534351	-75.305344	-23.732824	12.471095
-0.020508	-0.010986	0.555176	18.908397	-57.755725	-22.145038	12.481751
-0.007324	0.095947	0.381836	14.465649	-37.366412	-23.290076	12.492079
-0.009033	0.208008	0.278809	6.083969	-11.458015	-18.732824	12.502246
0.003418	0.237549	0.230713	-8.007634	28.648855	-6.206107	12.512522
-0.007568	0.108887	0.321533	-19.671756	62.366412	-0.595420	12.522819
-0.027588	0.096924	0.430176	-24.793893	91.885496	0.534351	12.532773
-0.087402	0.117920	0.576904	-30.068702	120.625954	9.534351	12.543033
-0.129883	0.113281	0.721436	-40.267176	144.305344	20.335878	12.552900
-0.125488	0.017090	1.115967	-34.969466	148.603053	24.526718	12.562615
-0.101318	-0.204346	1.787842	-15.610687	111.656489	18.183206	12.571917
-0.069824	-0.236084	1.999939	-3.931298	44.442748	0.290076	12.581217
-0.127930	-0.199219	1.999939	9.580153	-29.580153	-8.435115	12.590831
-0.135742	-0.155273	1.661865	8.335878	-78.885496	-12.931298	12.601061
-0.126953	-0.080811	1.353516	9.641221	-103.458015	-12.740458	12.611263
-0.097168	-0.055176	1.089355	11.519084	-113.000000	-13.045802	12.621826
-0.079102	-0.048584	0.921875	13.000000	-106.190840	-10.946565	12.631395
-0.024414	-0.029785	0.765869	13.946565	-92.633588	-12.564885	12.641047
-0.018799	0.022461	0.648438	14.450382	-77.007634	-10.839695	12.650606
0.012695	0.048340	0.551758	17.175573	-56.267176	-7.992366	12.660609
0.025391	0.057617	0.488281	15.519084	-35.633588	-5.015267	12.671449
0.034424	0.076660	0.387939	7.129771	-15.511450	-4.053435	12.681259
0.035889	0.107178	0.297852	-3.358779	13.183206	-0.832061	12.691976
0.049316	0.112549	0.356934	-13.916031	39.832061	4.526718	12.701859
0.027100	0.032227	0.376221	-23.534351	64.702290	3.969466	12.711545
-0.000488	0.037109	0.455566	-26.557252	88.129771	4.916031	12.722245
-0.065430	0.071777	0.538086	-34.358779	112.358779	9.572519	12.732958
-0.104492	0.068115	0.606201	-34.190840	137.122137	17.847328	12.743495
-0.145996	0.048828	0.903076	-32.458015	147.396947	25.557252	12.753024
-0.166992	-0.033936	1.316895	-27.274809	137.816794	25.694656	12.762565
-0.145508	-0.195312	1.826660	-6.877863	91.000000	22.358779	12.773219
-0.151855	-0.378418	1.999939	11.984733	7.458015	3.183206	12.783480
-0.177734	-0.312256	1.999939	25.152672	-82.473282	-16.419847	12.793652
-0.177979	-0.167969	1.832275	28.656489	-148.595420	-26.160305	12.803629
-0.191895	-0.060791	1.372070	27.793893	-177.702290	-25.587786	12.813715
-0.121582	-0.045654	0.912842	22.786260	-167.030534	-20.320611	12.823788
-0.051025	-0.036133	0.665527	20.893130	-140.305344	-11.694656	12.833852
0.004639	-0.033203	0.567139	22.396947	-102.465649	-12.832061	12.844047
0.050049	-0.014160	0.575684	25.679389	-76.725191	-12.282443	12.853648
0.093750	0.045410	0.522949	26.687023	-58.702290	-13.007634	12.864147
0.106934	0.067139	0.279785	23.045802	-36.450382	-13.480916	12.874809
0.090820	0.139893	0.158691	9.114504	-7.404580	-13.305344	12.884247
0.093262	0.207275	0.125488	-13.015267	28.190840	-5.076336	12.893995
0.066650	0.081787	0.205078	-26.572519	75.580153	-0.541985	12.904932
0.029053	0.116455	0.336670	-31.709924	111.458015	2.091603	12.915057
-0.023926	0.114014	0.487305	-40.877863	142.816794	10.694656	12.924715
-0.085693	-0.004150	0.673096	-47.404580	165.908397	15.732824	12.935117
-0.123291	-0.056885	1.017578	-42.496183	166.251908	14.267176	12.944759
-0.165283	-0.074463	1.417969	-38.007634	149.725191	6.389313	12.954143
-0.164795	-0.073975	1.955322	-20.763359	105.847328	6.351145	12.963986
-0.150146	-0.141357	1.999939	-9.396947	38.816794	1.175573	12.973670
-0.112305	-0.187012	1.999939	-3.435115	-33.290076	-13.755725	12.982876
-0.165039	-0.179688	1.781738	13.679389	-91.068702	-16.786260	12.992379
-0.159180	-0.114258	1.424561	16.129771	-128.221374	-19.343511	13.003617
-0.145752	-0.047119	1.074463	16.801527	-137.435115	-16.152672	13.013460
-0.088379	0.022461	0.757080	12.625954	-120.557252	-12.076336	13.024032
-0.043701	0.031006	0.615479	12.450382	-94.396947	-9.000000	13.034514
-0.022461	0.067383	0.562012	12.022901	-68.961832	-8.038168	13.045000
0.010742	0.103271	0.544434	12.992366	-49.320611	-3.450382	13.055109
0.035889	0.127441	0.438965	9.870229	-30.503817	1.694656	13.065086
0.035645	0.126953	0.328613	3.648855	-8.458015	4.068702	13.074711
0.037109	0.086426	0.302979	-11.076336	24.389313	7.496183	13.085439
0.033447	0.054688	0.332031	-13.870229	53.656489	11.106870	13.095574
0.007080	-0.005615	0.435059	-25.068702	83.236641	12.404580	13.106361
-0.006836	0.022461	0.534424	-32.633588	110.213740	14.061069	13.116536
-0.064209	0.016357	0.611084	-46.061069	130.671756	23.122137	13.126908
-0.102539	-0.034180	0.711426	-50.030534	150.503817	23.633588	13.137083
-0.147217	-0.166260	1.062988	-44.702290	159.893130	21.687023	13.147602
-0.148682	-0.257080	1.773682	-17.992366	121.267176	9.068702	13.158150
-0.159668	-0.240723	1.999939	10.564885	33.396947	-5.870229	13.168988
-0.185547	-0.106934	1.999939	22.832061	-47.396947	-17.068702	13.179480
-0.221680	-0.070312	1.800293	23.541985	-99.099237	-18.442748	13.189026
-0.217773	0.025391	1.450684	21.267176	-123.206107	-14.061069	13.198583
-0.197754	-0.020996	1.167480	14.625954	-129.862595	-7.679389	13.208165
-0.140625	-0.012939	0.897949	3.801527	-127.045802	0.320611	13.219464
-0.075439	-0.048096	0.725586	11.984733	-104.015267	-6.122137	13.229646
-0.041016	-0.033936	0.597412	14.916031	-86.297710	-2.312977	13.239266
0.012939	0.045410	0.481934	21.923664	-64.374046	-5.473282	13.249518
0.037109	0.071289	0.378418	22.992366	-42.351145	-0.870229	13.259921
0.031250	0.107422	0.250244	12.847328	-17.114504	-0.671756	13.270210
0.022705	0.144531	0.242676	-3.374046	19.480916	3.778626	13.281137
0.023682	0.073975	0.323975	-18.343511	49.664122	9.076336	13.291648
-0.020752	0.054932	0.394775	-22.488550	77.030534	8.709924	13.302016
-0.070312	0.087402	0.461426	-33.931298	99.885496	8.213740	13.311578
-0.128174	0.178955	0.532715	-44.442748	126.458015	20.091603	13.322648
-0.171875	0.092041	0.593262	-59.236641	153.671756	31.152672	13.333394
-0.198486	-0.054199	0.764160	-55.793893	170.694656	33.664122	13.343775
-0.229004	-0.098145	1.197021	-44.229008	169.832061	32.564885	13.353781
-0.215088	-0.165771	1.797607	-28.526718	136.801527	32.473282	13.363913
-0.172363	-0.414551	1.999939	-7.259542	50.312977	17.969466	13.374695
-0.176758	-0.451660	1.999939	8.595420	-61.465649	-6.923664	13.385124
-0.185303	-0.254395	1.899658	17.297710	-139.610687	-18.877863	13.395516
-0.197998	-0.167480	1.434814	14.465649	-168.625954	-21.770992	13.405952
-0.163330	-0.163330	0.995605	14.503817	-167.274809	-21.908397	13.416665
-0.098877	-0.147461	0.692871	9.801527	-144.732824	-19.549618	13.427039
-0.060059	-0.041016	0.549072	16.198473	-116.946565	-22.755725	13.437446
-0.026123	0.049316	0.509277	14.748092	-87.297710	-17.083969	13.447645
0.006592	0.095703	0.451660	14.167939	-66.656489	-12.465649	13.457697
0.036377	0.106934	0.313721	10.473282	-46.519084	-6.732824	13.468028
0.049072	0.105225	0.176514	2.908397	-17.374046	-1.748092	13.478208
0.044189	0.101318	0.144775	-9.496183	23.076336	4.549618	13.488365
0.037598	-0.007080	0.223145	-22.770992	61.297710	8.709924	13.498784
0.010498	-0.057129	0.301514	-32.374046	94.328244	6.374046	13.508991
-0.051758	-0.037598	0.538574	-39.564885	132.320611	6.061069	13.521888
-0.081055	-0.113525	0.884521	-38.137405	143.725191	6.870229	13.532240
-0.154541	-0.124756	1.283447	-28.488550	137.458015	3.015267	13.542529
-0.157715	-0.122314	1.821533	-14.854962	105.687023	4.335878	13.552742
-0.157715	-0.129883	1.999939	1.099237	44.648855	1.381679	13.562936
-0.186279	-0.165527	1.935059	11.809160	-28.770992	-2.847328	13.573913
-0.178467	-0.143311	1.685791	17.190840	-79.290076	-4.045802	13.584277
-0.163086	-0.174805	1.571777	25.366412	-118.320611	-10.541985	13.594476
-0.147705	-0.139160	1.299561	24.038168	-146.389313	-16.099237	13.604820
-0.119629	-0.036377	0.868896	23.656489	-145.763359	-15.854962	13.615455
-0.069580	0.037598	0.556396	21.816794	-118.763359	-11.793893	13.625961
-0.019287	0.063965	0.418457	18.603053	-84.366412	-7.549618	13.636757
0.013916	0.080322	0.404297	17.885496	-60.427481	-2.358779	13.647091
0.038086	0.095947	0.346191	14.473282	-35.351145	-0.267176	13.657083
0.042480	0.142822	0.285889	5.946565	-7.374046	4.045802	13.667557
0.051025	0.134033	0.289551	-7.183206	23.541985	10.381679	13.678065
0.047363	0.095459	0.349609	-10.541985	55.694656	11.732824	13.688424
0.026611	0.034668	0.394287	-21.282443	82.351145	18.435115	13.698575
-0.020752	-0.012939	0.518066	-32.122137	108.389313	17.045802	13.708958
-0.064697	-0.052979	0.797607	-37.847328	125.290076	19.900763	13.719634
-0.088135	-0.156006	1.205078	-34.106870	124.793893	17.053435	13.729832
-0.104248	-0.210449	1.810791	-10.114504	92.702290	8.938931	13.740314
-0.121826	-0.187256	1.999939	-2.076336	30.412214	3.221374	13.750608
-0.122314	-0.204102	1.966553	4.122137	-31.396947	-3.854962	13.760432
-0.135254	-0.139648	1.592773	13.473282	-79.167939	-8.152672	13.771433
-0.118652	-0.082764	1.297119	13.679389	-101.038168	-7.671756	13.782504
-0.075195	-0.065674	1.036377	13.778626	-105.648855	-6.244275	13.792930
-0.047852	-0.048828	0.765625	15.832061	-96.961832	-3.519084	13.803071
-0.016113	-0.004639	0.608643	18.419847	-71.923664	-10.213740	13.813663
0.015869	0.045898	0.547119	21.641221	-52.931298	-8.152672	13.823756
0.023926	0.080566	0.469482	20.969466	-36.732824	-5.236641	13.833832
0.032959	0.144531	0.378662	12.732824	-19.786260	-2.709924	13.843513
0.043213	0.154053	0.240723	-2.068702	3.236641	2.038168	13.854393
0.052734	0.128418	0.210938	-14.465649	35.916031	5.977099	13.863935
0.035400	0.019775	0.233887	-26.435115	66.000000	8.893130	13.873914
-0.014893	0.034424	0.357178	-36.351145	92.129771	6.633588	13.884029
-0.052490	0.037598	0.507080	-46.366412	122.961832	13.206107	13.895276
-0.082275	-0.063965	0.657715	-51.732824	144.160305	16.473282	13.905494
-0.144531	-0.182373	1.062500	-41.717557	150.229008	12.259542	13.916309
-0.168457	-0.173340	1.714355	-18.183206	127.633588	7.015267	13.926646
-0.173096	-0.141846	1.999939	-2.549618	63.267176	4.152672	13.937072
-0.168213	-0.221436	1.999939	8.656489	-22.358779	1.267176	13.948344
-0.179443	-0.254150	1.785400	16.832061	-83.274809	-6.038168	13.958907
-0.150635	-0.169434	1.433105	17.389313	-109.877863	-7.847328	13.969302
-0.131836	-0.166260	1.114990	21.022901	-118.030534	-8.770992	13.979716
-0.073486	-0.145996	0.832764	22.671756	-105.763359	-13.389313	13.990119
-0.035156	-0.085449	0.632812	29.503817	-82.755725	-18.832061	14.000661
-0.011230	0.031982	0.573975	29.183206	-63.916031	-18.435115	14.010975
-0.005371	0.132324	0.483154	24.114504	-51.114504	-13.778626	14.021497
0.002197	0.182617	0.307129	13.435115	-34.603053	-9.015267	14.031958
0.011963	0.196045	0.151855	-0.648855	-7.725191	-3.068702	14.042218
0.020264	0.156006	0.119385	-16.137405	32.358779	5.190840	14.052415
0.008545	0.033203	0.235352	-33.900763	66.366412	5.244275	14.062252
-0.028809	0.030518	0.379150	-41.694656	95.671756	2.893130	14.072115
-0.100098	0.046387	0.558350	-49.015267	119.152672	6.664122	14.081940
-0.140625	-0.044678	0.746826	-56.816794	135.877863	11.839695	14.093507
-0.162598	-0.193359	0.992188	-53.786260	138.152672	5.671756	14.103871
-0.169189	-0.270020	1.522705	-39.748092	116.290076	-3.030534	14.114367
-0.189697	-0.244629	1.999939	-12.770992	57.908397	-14.282443	14.125098
-0.183350	-0.150879	1.999939	-0.603053	-15.213740	-19.549618	14.135599
-0.237061	-0.122803	1.959229	13.419847	-74.091603	-13.603053	14.146027
-0.192627	-0.176025	1.612793	14.725191	-109.015267	-15.786260	14.156540
-0.135254	-0.192871	1.307129	18.847328	-129.946565	-16.305344	14.167043
-0.132324	-0.127441	0.971924	20.053435	-127.687023	-17.793893	14.177430
-0.081055	-0.063477	0.738281	20.213740	-110.389313	-17.732824	14.187900
-0.034180	0.005371	0.599854	19.083969	-88.679389	-18.580153	14.198286
-0.009521	0.038086	0.458740	17.961832	-70.900763	-18.145038	14.208762
0.014893	0.148438	0.280029	11.053435	-47.931298	-12.389313	14.219265
0.021240	0.185791	0.228027	-1.587786	-18.839695	-3.061069	14.229386
0.025879	0.203613	0.222656	-16.045802	15.816794	7.312977	14.240185
0.027588	0.048828	0.312988	-24.435115	50.480916	12.396947	14.250485
0.002197	0.033936	0.424316	-31.908397	75.641221	13.687023	14.260683
-0.051025	0.004883	0.576660	-33.961832	97.335878	19.320611	14.271247
-0.059570	-0.050537	0.795898	-39.847328	113.030534	22.167939	14.281517
-0.082275	-0.171875	1.203125	-25.389313	107.160305	19.267176	14.291968
-0.090576	-0.237793	1.862061	-11.320611	73.908397	13.702290	14.302451
-0.082764	-0.284668	1.999939	1.526718	7.091603	5.099237	14.312582
-0.091064	-0.316650	1.968750	13.549618	-58.343511	-5.564885	14.323046
-0.102783	-0.188477	1.503174	17.732824	-93.755725	-9.267176	14.333544
-0.101562	-0.152832	1.165283	18.435115	-102.396947	-8.206107	14.344031
-0.064453	-0.133057	0.913330	16.061069	-94.030534	-7.160305	14.354377
-0.023438	-0.114258	0.788818	20.854962	-79.961832	-10.213740	14.364463
-0.004883	-0.030518	0.716309	24.854962	-64.305344	-11.488550	14.374962
-0.001221	0.094971	0.588135	25.412214	-51.946565	-8.366412	14.385679
0.012451	0.166260	0.462402	19.679389	-39.725191	0.519084	14.396129
0.012939	0.197998	0.342285	12.000000	-20.190840	7.007634	14.406639
0.028809	0.190674	0.212646	-1.687023	4.145038	16.015267	14.417212
0.023926	0.151611	0.198975	-11.427481	40.236641	25.091603	14.427638
0.017578	0.068115	0.278809	-26.877863	70.618321	29.251908	14.438311
0.010254	-0.029297	0.398682	-34.916031	102.770992	28.870229	14.448555
-0.028809	-0.091553	0.563477	-41.045802	123.740458	27.557252	14.458943
-0.074219	-0.146240	0.813721	-38.068702	134.824427	23.656489	14.468731
-0.113770	-0.141357	1.160645	-36.229008	136.419847	20.335878	14.478651
-0.146729	-0.154785	1.561279	-23.328244	117.389313	20.030534	14.489281
-0.154785	-0.245850	1.939209	-11.183206	76.541985	17.534351	14.499498
-0.135986	-0.320312	1.999939	4.893130	0.938931	4.961832	14.510173
-0.144775	-0.287109	1.999939	19.145038	-75.931298	-7.748092	14.520688
-0.140381	-0.235107	1.768066	28.259542	-130.557252	-16.473282	14.531122
-0.150635	-0.185303	1.351074	28.984733	-159.824427	-21.725191	14.541571
-0.120850	-0.097168	0.903809	28.656489	-154.122137	-24.259542	14.551979
-0.072021	-0.040771	0.598145	25.687023	-127.068702	-22.671756	14.562356
-0.023438	0.089111	0.495117	27.931298	-93.320611	-18.297710	14.572884
0.008057	0.112793	0.452881	23.709924	-74.213740	-10.587786	14.583029
0.030762	0.164062	0.320312	20.022901	-54.778626	-7.816794	14.593432
0.046143	0.177979	0.177490	9.160305	-31.404580	-0.129771	14.603224
0.032959	0.178711	0.112793	-9.473282	6.480916	7.351145	14.614094
0.044189	0.125732	0.122559	-18.916031	48.305344	11.946565	14.624078
0.025635	0.058838	0.250488	-32.725191	83.832061	15.816794	14.634755
-0.006592	0.036865	0.460938	-40.664122	111.251908	16.679389	14.645194
-0.049072	-0.004150	0.614014	-49.786260	131.465649	21.916031	14.655914
-0.101074	-0.109375	0.822754	-52.473282	145.809160	25.374046	14.666603
-0.129150	-0.143555	1.174805	-42.923664	147.480916	21.816794	14.676412
-0.148926	-0.165771	1.686768	-27.137405	126.229008	22.335878	14.686978
-0.128418	-0.281982	1.999939	-12.343511	78.328244	18.786260	14.697283
-0.111816	-0.416260	1.999939	0.045802	-5.740458	4.992366	14.707354
-0.152100	-0.295654	1.815918	13.290076	-76.877863	-9.992366	14.718431
-0.136963	-0.158691	1.402588	17.229008	-101.328244	-11.198473	14.728664
-0.114990	-0.153809	1.136963	20.396947	-104.679389	-9.091603	14.739025
-0.073242	-0.165527	0.913086	23.717557	-96.709924	-11.687023	14.749585
-0.038330	-0.100098	0.768555	25.763359	-85.900763	-15.152672	14.759805
-0.017334	0.012451	0.656250	30.488550	-68.030534	-15.717557	14.770104
0.011963	0.103027	0.586426	24.740458	-58.534351	-10.877863	14.780147
-0.000732	0.159668	0.436035	19.908397	-47.656489	-6.145038	14.789683
0.028076	0.172852	0.169434	8.992366	-27.343511	-2.129771	14.800600
0.022461	0.198486	-0.007812	-6.198473	3.145038	0.954198	14.811169
-0.014404	0.214355	-0.122803	-22.450382	45.969466	9.412214	14.821907
-0.074463	0.180420	-0.017578	-39.702290	104.335878	20.564885	14.832088
-0.114746	0.105469	0.362549	-54.000000	152.816794	31.152672	14.842574
-0.148926	-0.082764	0.626465	-65.381679	180.236641	35.389313	14.853003
-0.169189	-0.215576	0.894531	-64.564885	190.450382	29.625954	14.863033
-0.161377	-0.246582	1.425049	-49.572519	180.786260	20.977099	14.873604
-0.236572	-0.244141	1.927734	-36.458015	139.137405	17.183206	14.883697
-0.185791	-0.340576	1.999939	-18.290076	68.900763	12.068702	14.894145
-0.223389	-0.378662	1.999939	-5.068702	-23.603053	1.755725	14.904545
