-0.064209	-0.059814	0.922852	-1.572519	-0.862595	0.137405	0.007943
-0.066162	-0.058105	0.908447	-2.893130	-0.702290	-0.320611	0.015606
-0.064209	-0.064453	0.911133	-3.503817	-0.396947	-0.938931	0.023164
-0.073975	-0.067383	0.906494	-3.748092	-0.129771	-1.091603	0.031452
-0.070801	-0.067627	0.903320	-5.854962	-0.251908	-0.961832	0.039580
-0.068848	-0.053223	0.906982	-4.312977	-0.396947	-1.229008	0.047781
-0.064697	-0.065918	0.908447	-3.954198	-0.618321	-1.007634	0.055925
-0.057373	-0.056641	0.886475	-2.832061	-0.053435	-0.694656	0.064061
-0.067871	-0.055176	0.895264	-3.045802	-0.702290	-0.206107	0.072180
-0.065430	-0.066895	0.885742	-2.435115	-0.824427	-1.152672	0.080571
-0.067871	-0.054443	0.897949	-2.442748	-1.503817	-1.175573	0.088689
-0.060303	-0.049805	0.880127	-2.725191	-2.007634	-1.320611	0.096851
-0.051514	-0.058838	0.889404	-2.290076	-1.885496	-1.213740	0.105008
-0.047363	-0.046875	0.894531	-2.106870	-1.450382	-1.511450	0.113161
-0.064697	-0.045410	0.879150	-1.732824	-1.061069	-1.572519	0.121317
-0.051514	-0.061523	0.884766	-0.931298	-1.038168	-1.389313	0.129414
-0.059814	-0.044189	0.893555	-1.480916	-0.778626	-1.106870	0.137502
-0.050781	-0.056152	0.879883	0.297710	0.320611	-0.954198	0.145645
-0.071777	-0.049072	0.873779	0.832061	0.458015	-0.694656	0.153747
-0.066650	-0.051758	0.879883	1.175573	-0.099237	-0.541985	0.161818
-0.066162	-0.038574	0.886475	1.511450	-0.503817	-1.007634	0.169950
-0.059326	-0.026611	0.914551	0.122137	-1.435115	-0.992366	0.178085
-0.055420	-0.025879	0.897705	-0.587786	-0.679389	-0.946565	0.186236
-0.052734	-0.032471	0.910889	-1.038168	0.083969	-1.267176	0.194350
-0.047119	-0.033691	0.893311	-0.793893	1.091603	-1.015267	0.202428
-0.049316	-0.041260	0.900146	0.076336	2.610687	-1.114504	0.210499
-0.051025	-0.042725	0.897461	-0.190840	2.572519	-0.923664	0.219756
-0.060547	-0.044434	0.892090	-0.770992	2.488550	-0.564885	0.228722
-0.067627	-0.049561	0.897461	-0.839695	3.572519	-1.007634	0.237938
-0.063232	-0.043701	0.890625	-1.511450	3.091603	-0.992366	0.247235
-0.065674	-0.046143	0.897705	-1.221374	3.274809	-0.908397	0.256541
-0.061279	-0.034424	0.896484	-1.450382	3.541985	-0.755725	0.265488
-0.063721	-0.040771	0.906982	-2.526718	3.541985	-0.152672	0.274096
-0.057861	-0.032715	0.914551	-2.931298	4.305344	0.625954	0.282622
-0.065186	-0.040283	0.919434	-3.885496	4.778626	0.763359	0.292683
-0.072021	-0.044434	0.925537	-4.480916	4.274809	0.954198	0.302654
-0.072998	-0.056152	0.918701	-4.122137	3.977099	0.778626	0.311532
-0.084961	-0.059082	0.917236	-2.786260	3.572519	0.412214	0.325345
-0.078857	-0.056641	0.923340	-3.877863	3.106870	0.564885	0.334671
-0.073486	-0.053467	0.921875	-1.213740	2.396947	0.427481	0.344492
-0.070068	-0.053467	0.926514	-1.404580	1.755725	0.450382	0.353872
-0.070557	-0.046143	0.928223	-0.007634	1.297710	0.916031	0.362699
-0.070557	-0.044678	0.932129	-3.061069	0.748092	1.274809	0.371465
-0.063477	-0.053223	0.927979	-3.816794	1.000000	1.473282	0.380358
-0.064697	-0.048340	0.927246	-4.778626	0.877863	1.526718	0.390189
-0.074951	-0.057129	0.917480	-4.618321	0.549618	1.580153	0.399789
-0.074463	-0.067871	0.913818	-2.839695	-0.312977	1.335878	0.408844
-0.079834	-0.072266	0.907471	-0.664122	-1.389313	1.389313	0.417715
-0.066650	-0.057617	0.920166	1.274809	-1.893130	1.465649	0.427936
-0.069092	-0.052246	0.918701	2.396947	-1.992366	1.160305	0.437231
-0.061523	-0.056152	0.908936	3.488550	-1.992366	1.099237	0.446610
-0.064453	-0.047363	0.916504	4.000000	-1.633588	0.793893	0.455410
-0.066162	-0.041992	0.912354	3.343511	-1.709924	0.633588	0.464421
-0.070312	-0.032715	0.905762	2.984733	-1.832061	0.145038	0.474841
-0.061768	-0.039795	0.911377	1.832061	-1.900763	-0.206107	0.484225
-0.064697	-0.036621	0.897949	0.396947	-1.641221	-0.206107	0.493084
-0.053711	-0.032471	0.896729	-0.687023	-0.847328	-0.229008	0.502557
-0.056152	-0.029785	0.897949	-1.419847	-0.297710	-0.290076	0.512183
-0.059082	-0.033203	0.908203	-2.229008	0.503817	-0.076336	0.521585
-0.060303	-0.039551	0.924561	-2.854962	1.137405	0.229008	0.530556
-0.071045	-0.060303	0.933350	-3.091603	1.343511	0.488550	0.539415
-0.064453	-0.049316	0.907959	-3.213740	0.824427	0.442748	0.549538
-0.066162	-0.042236	0.916748	-3.587786	0.603053	0.671756	0.559738
-0.067627	-0.039795	0.908203	-3.893130	0.839695	0.725191	0.568790
-0.073975	-0.043701	0.904053	-4.053435	0.580153	0.580153	0.577761
-0.072754	-0.048584	0.911377	-4.145038	0.335878	0.694656	0.587633
-0.071045	-0.048828	0.906494	-3.541985	-0.198473	0.633588	0.597055
-0.070312	-0.054199	0.909180	-3.213740	-0.900763	0.877863	0.606547
-0.070801	-0.058350	0.909668	-2.870229	-1.343511	0.984733	0.615411
-0.080322	-0.052246	0.901855	-2.381679	-1.374046	0.900763	0.625353
-0.074463	-0.060303	0.911621	-1.625954	-1.175573	0.763359	0.634778
-0.069336	-0.059570	0.903320	-0.793893	-0.763359	0.343511	0.643870
-0.066650	-0.051270	0.905029	-0.160305	-0.778626	-0.053435	0.652644
-0.063477	-0.056152	0.902100	-0.274809	-0.312977	-0.198473	0.662092
-0.063232	-0.050049	0.889893	-0.541985	0.244275	-0.587786	0.671517
-0.062256	-0.050293	0.898926	-0.946565	0.770992	-0.541985	0.681106
-0.056885	-0.049561	0.897217	-1.671756	1.450382	-0.435115	0.690147
-0.064453	-0.048096	0.907959	-2.267176	1.580153	-0.557252	0.699256
-0.059814	-0.041992	0.902100	-2.793893	1.343511	-0.755725	0.708640
-0.068604	-0.046143	0.906006	-2.587786	1.022901	-1.129771	0.718207
-0.067139	-0.030029	0.913086	-2.221374	2.015267	-2.274809	0.727786
-0.078369	-0.053955	0.912842	-2.419847	0.312977	-1.068702	0.736630
-0.062500	-0.043457	0.911865	-2.587786	0.374046	-1.114504	0.745959
-0.058350	-0.036133	0.904541	-1.671756	1.282443	-1.541985	0.755555
-0.069092	-0.038818	0.913330	-1.625954	1.282443	-1.259542	0.764727
-0.061523	-0.035645	0.913818	-1.496183	1.549618	-1.022901	0.773528
-0.067627	-0.029785	0.907959	-1.916031	1.473282	-0.580153	0.783025
-0.063232	-0.032471	0.910156	-2.106870	1.160305	-0.564885	0.791897
-0.067871	-0.025146	0.902344	-2.511450	0.946565	-0.396947	0.800280
-0.061279	-0.036377	0.906738	-2.740458	1.122137	-0.396947	0.809511
-0.064697	-0.037842	0.915527	-2.763359	1.297710	-0.145038	0.817731
-0.046875	-0.041504	0.915039	-2.793893	1.580153	1.488550	0.827838
-0.063477	-0.034180	0.919434	-2.816794	0.717557	0.587786	0.836979
-0.055176	-0.033447	0.903809	-2.916031	1.015267	0.519084	0.845798
-0.072510	-0.036865	0.918457	-2.755725	0.274809	0.618321	0.854404
-0.059570	-0.032959	0.921387	-3.190840	0.770992	1.099237	0.862512
-0.064697	-0.036865	0.912354	-3.175573	0.625954	0.763359	0.870683
-0.064941	-0.040039	0.907471	-2.664122	0.633588	0.687023	0.880995
-0.071533	-0.034180	0.922852	-2.801527	0.381679	0.648855	0.890410
-0.077393	-0.034912	0.924805	-3.404580	0.091603	0.122137	0.899226
-0.074463	-0.039551	0.920654	-3.122137	-0.358779	-0.152672	0.908082
-0.074951	-0.040283	0.921875	-3.015267	-0.541985	-0.061069	0.916418
-0.071777	-0.046875	0.905273	-3.000000	-1.045802	0.229008	0.926057
-0.065430	-0.051025	0.902588	-2.931298	-1.595420	0.770992	0.934889
-0.065186	-0.051514	0.908447	-1.992366	-1.992366	1.007634	0.943754
-0.062256	-0.055908	0.905762	-1.778626	-1.893130	1.450382	0.952013
-0.063965	-0.044189	0.908691	-1.480916	-1.740458	1.183206	0.960642
-0.062988	-0.040283	0.904053	-2.000000	-1.778626	1.030534	0.970211
-0.064209	-0.042725	0.905029	-2.580153	-1.290076	0.557252	0.979794
-0.053955	-0.044434	0.900635	-1.900763	1.480916	-1.076336	0.990421
-0.070557	-0.040039	0.902588	-3.687023	-0.419847	-0.938931	1.001517
-0.061768	-0.039062	0.903809	-3.366412	0.824427	-1.083969	1.014246
-0.062744	-0.042480	0.916016	-4.282443	1.122137	-0.839695	1.026113
-0.063965	-0.048340	0.907471	-4.068702	1.106870	-0.847328	1.037147
-0.069336	-0.042480	0.905273	-3.076336	0.625954	-0.404580	1.049120
-0.060303	-0.037842	0.919189	-3.351145	-0.488550	-0.396947	1.060118
-0.065186	-0.035889	0.907715	-3.160305	-0.641221	0.114504	1.071005
-0.075928	-0.034180	0.908936	-3.328244	-0.374046	-0.274809	1.081537
-0.055664	-0.038086	0.897217	-3.603053	-0.106870	-0.229008	1.092795
-0.055664	-0.039062	0.910400	-3.984733	0.519084	0.083969	1.104703
-0.058594	-0.040283	0.907959	-3.656489	0.938931	0.511450	1.116363
-0.061523	-0.047852	0.901123	-3.519084	0.717557	0.290076	1.127715
-0.064941	-0.036133	0.900635	-3.053435	0.541985	0.076336	1.140252
-0.058838	-0.034668	0.894287	-2.824427	0.442748	0.167939	1.152460
-0.069824	-0.034668	0.896240	-3.000000	0.870229	0.213740	1.163982
-0.064941	-0.039795	0.894287	-2.694656	1.519084	0.465649	1.176773
-0.062012	-0.043701	0.899658	-2.671756	1.450382	0.938931	1.188518
-0.067871	-0.043457	0.902588	-2.503817	1.633588	0.435115	1.200133
-0.067871	-0.042725	0.905518	-2.244275	1.709924	0.343511	1.211124
-0.064941	-0.040771	0.904297	-2.687023	1.832061	0.511450	1.222059
-0.062256	-0.049805	0.907959	-2.519084	1.633588	0.061069	1.232451
-0.059326	-0.048584	0.904541	-3.099237	1.511450	0.183206	1.242742
-0.060547	-0.058350	0.905029	-2.381679	1.419847	0.251908	1.252776
-0.056152	-0.037598	0.906494	-2.847328	1.206107	0.450382	1.262806
-0.061523	-0.050781	0.908447	-4.625954	1.541985	0.549618	1.275429
-0.066895	-0.049805	0.906494	-4.938931	2.183206	0.618321	1.286611
-0.067383	-0.058838	0.908936	-5.022901	2.167939	0.183206	1.298771
-0.071045	-0.060791	0.894287	-3.427481	1.213740	-0.122137	1.310409
-0.076904	-0.060059	0.898193	-3.511450	0.396947	-0.648855	1.321675
-0.060791	-0.059570	0.893799	-2.389313	0.809160	-0.664122	1.333337
-0.061768	-0.053467	0.899170	-3.190840	1.717557	-0.610687	1.345416
-0.059082	-0.051514	0.899902	-3.335878	2.572519	-1.190840	1.357094
-0.061523	-0.046875	0.889160	-3.152672	3.603053	-1.679389	1.368073
-0.069824	-0.046631	0.911377	-2.244275	3.824427	-2.061069	1.380508
-0.076660	-0.050049	0.914551	-2.145038	3.534351	-1.618321	1.392722
-0.065918	-0.042236	0.917969	-0.832061	2.503817	-2.419847	1.403950
-0.072266	-0.047607	0.924072	-2.732824	2.312977	-1.541985	1.416566
-0.067383	-0.035645	0.918457	-2.908397	2.366412	-1.175573	1.428438
-0.063232	-0.041992	0.925049	-3.099237	1.664122	-1.007634	1.439711
-0.064941	-0.044434	0.921387	-2.900763	1.213740	-0.778626	1.451057
-0.063965	-0.046875	0.903809	-2.603053	0.854962	-0.633588	1.462784
-0.066162	-0.051758	0.916016	-1.824427	0.900763	-0.366412	1.474877
-0.062500	-0.039307	0.906982	-1.679389	1.045802	-0.183206	1.486165
-0.065186	-0.045166	0.902588	-0.015267	1.022901	-0.045802	1.498134
-0.062744	-0.041016	0.923828	-2.297710	1.603053	0.083969	1.510082
-0.058594	-0.041504	0.912109	-2.961832	1.519084	-0.312977	1.521674
-0.068359	-0.046875	0.926514	-2.877863	1.419847	-0.106870	1.532701
-0.063721	-0.042236	0.916504	-3.106870	1.061069	-0.206107	1.543946
-0.069824	-0.049561	0.913086	-2.725191	0.526718	-0.022901	1.554337
-0.062988	-0.047119	0.911621	-2.458015	-0.022901	0.305344	1.564560
-0.062256	-0.038818	0.909180	-2.244275	-0.305344	0.618321	1.577678
-0.065674	-0.047119	0.912842	-2.564885	-0.068702	0.526718	1.589380
-0.066162	-0.045654	0.903320	-3.152672	0.335878	0.442748	1.601560
-0.063477	-0.043213	0.908447	-3.129771	0.175573	0.297710	1.613615
-0.069824	-0.040527	0.907471	-3.519084	0.351145	0.442748	1.625511
-0.064941	-0.046387	0.905762	-3.603053	0.541985	0.770992	1.636691
-0.063965	-0.046875	0.907471	-3.206107	0.839695	1.221374	1.649187
-0.068848	-0.043457	0.908936	-2.885496	0.389313	1.381679	1.660732
-0.067139	-0.056885	0.910156	-3.229008	0.312977	1.061069	1.672005
-0.073242	-0.041992	0.914062	-3.832061	0.122137	0.877863	1.684490
-0.068115	-0.044922	0.914795	-4.381679	0.358779	0.732824	1.695969
-0.066406	-0.051270	0.909912	-4.450382	0.267176	0.748092	1.707159
-0.067139	-0.050049	0.907715	-3.755725	0.801527	1.274809	1.719253
-0.074463	-0.047852	0.896240	-3.305344	0.580153	1.656489	1.731087
-0.073486	-0.050537	0.895264	-2.885496	0.236641	1.488550	1.742412
-0.074219	-0.052490	0.892090	-3.053435	-0.099237	1.290076	1.753947
-0.071777	-0.060303	0.904053	-3.809160	-0.152672	0.557252	1.765911
-0.062988	-0.059814	0.902344	-3.618321	0.656489	0.709924	1.777623
-0.070068	-0.071533	0.909668	-3.778626	1.366412	0.183206	1.789469
-0.081055	-0.058105	0.906006	-3.793893	1.480916	0.305344	1.801493
-0.078369	-0.064209	0.898926	-3.282443	1.290076	0.152672	1.812925
-0.073975	-0.059082	0.898193	-3.007634	0.862595	-0.183206	1.823950
-0.073975	-0.051758	0.906982	-3.190840	0.236641	-0.328244	1.835101
-0.073242	-0.053467	0.896729	-2.694656	0.656489	-0.137405	1.846374
-0.065918	-0.044434	0.911133	-3.557252	0.496183	-0.167939	1.857307
-0.069580	-0.045654	0.903564	-3.396947	0.358779	-0.129771	1.867956
-0.064941	-0.052246	0.902344	-3.351145	0.190840	0.633588	1.880179
-0.066406	-0.057129	0.899414	-3.435115	0.519084	0.854962	1.892686
-0.065918	-0.060303	0.914307	-3.404580	0.557252	0.557252	1.903954
-0.068115	-0.059814	0.919922	-3.549618	0.534351	-0.122137	1.916035
-0.058594	-0.061279	0.901123	-3.564885	0.503817	-0.206107	1.927878
-0.067871	-0.053711	0.899170	-3.129771	0.564885	0.022901	1.939324
-0.064697	-0.045410	0.911865	-2.519084	0.519084	0.335878	1.951190
-0.062744	-0.051514	0.900391	-2.427481	0.725191	0.374046	1.963067
-0.064453	-0.052979	0.907471	-2.091603	1.320611	0.358779	1.974336
-0.070801	-0.052002	0.908447	-2.419847	1.114504	0.022901	1.986604
-0.070312	-0.052002	0.898438	-2.480916	0.977099	-0.419847	1.998281
-0.070312	-0.055176	0.891846	-2.641221	0.458015	0.022901	2.009675
-0.068848	-0.050781	0.906250	-2.198473	0.519084	-0.129771	2.021100
-0.062256	-0.061279	0.904785	-1.534351	1.389313	0.122137	2.033122
-0.059326	-0.059814	0.912109	-1.656489	1.862595	0.732824	2.045094
-0.065674	-0.049805	0.906006	-3.908397	2.221374	0.709924	2.056098
-0.079590	-0.054688	0.894287	-1.503817	1.908397	0.427481	2.068087
-0.077148	-0.049805	0.891846	-1.931298	0.923664	0.030534	2.079513
-0.074219	-0.045410	0.887207	-2.053435	0.923664	-0.137405	2.090982
-0.064941	-0.046631	0.901855	-2.603053	1.496183	-0.053435	2.103191
-0.057617	-0.052490	0.891846	-2.725191	2.603053	-0.114504	2.115232
-0.065186	-0.051025	0.902588	-2.595420	3.473282	0.106870	2.126205
-0.066162	-0.063477	0.910400	-2.145038	3.244275	0.152672	2.137479
-0.078857	-0.059570	0.914307	-2.068702	2.221374	0.213740	2.148859
-0.076660	-0.059814	0.923828	-3.893130	1.450382	0.305344	2.160344
-0.075684	-0.054199	0.915283	-1.786260	1.152672	0.137405	2.170844
-0.071777	-0.056641	0.916260	-1.641221	1.267176	-0.335878	2.181175
-0.073242	-0.054688	0.914307	-1.419847	1.419847	1.931298	2.191581
-0.070801	-0.049561	0.919922	-2.076336	2.000000	1.946565	2.201832
-0.068604	-0.051025	0.924805	-3.061069	2.221374	0.412214	2.214731
-0.084717	-0.052979	0.923584	-3.022901	2.335878	0.404580	2.226482
-0.083008	-0.052246	0.920654	-2.694656	1.213740	0.198473	2.237848
-0.081543	-0.060547	0.919922	-1.923664	0.229008	0.480916	2.250076
-0.079346	-0.045410	0.905029	-1.717557	-0.274809	0.625954	2.262002
-0.070801	-0.045166	0.909912	-2.076336	-0.152672	0.671756	2.272933
-0.071777	-0.050537	0.912842	-2.213740	0.381679	0.854962	2.284459
-0.065186	-0.048096	0.908936	-2.396947	1.145038	0.877863	2.298960
-0.069092	-0.050049	0.914795	-2.938931	0.000000	0.671756	2.310859
-0.074219	-0.054443	0.895020	-3.122137	1.854962	0.618321	2.322593
-0.078125	-0.047363	0.899902	-3.435115	1.167939	0.374046	2.334547
-0.071289	-0.054443	0.904785	-3.229008	0.580153	0.572519	2.346446
-0.071045	-0.052246	0.901611	-2.839695	0.694656	0.374046	2.357404
-0.068115	-0.034424	0.903320	-3.175573	0.954198	0.496183	2.369825
-0.066895	-0.049072	0.901123	-3.465649	1.389313	0.748092	2.381765
-0.070801	-0.049316	0.904785	-3.343511	1.328244	1.015267	2.393628
-0.073975	-0.059082	0.901855	-2.648855	0.946565	1.396947	2.405704
-0.075439	-0.058594	0.909424	-1.816794	0.603053	1.648855	2.417963
-0.078125	-0.054443	0.900146	-1.335878	0.534351	1.251908	2.429153
-0.074219	-0.061768	0.899414	-1.259542	0.916031	0.877863	2.440404
-0.068848	-0.044434	0.893311	-2.106870	1.374046	0.664122	2.452195
-0.070801	-0.049072	0.896973	-3.175573	1.351145	0.564885	2.464138
-0.070557	-0.049561	0.907959	-3.961832	1.442748	0.587786	2.475821
-0.078857	-0.061035	0.911865	-3.442748	1.274809	0.618321	2.487599
-0.072754	-0.058105	0.902832	-2.816794	1.076336	0.870229	2.499024
-0.077148	-0.052734	0.904053	-2.251908	1.229008	0.870229	2.510000
-0.079346	-0.051025	0.899902	-1.702290	1.847328	0.694656	2.521214
-0.082764	-0.043701	0.914062	-1.671756	1.549618	0.480916	2.534168
-0.082275	-0.041260	0.919922	-2.030534	1.419847	0.511450	2.545846
-0.084717	-0.048584	0.913574	-2.328244	0.908397	0.396947	2.557691
-0.076172	-0.053223	0.923828	-2.290076	0.114504	0.931298	2.569722
-0.075439	-0.062988	0.903320	-2.053435	-0.137405	1.160305	2.581545
-0.081543	-0.055908	0.900391	-1.541985	-0.198473	1.183206	2.594076
-0.084473	-0.054199	0.908936	-1.580153	-0.412214	0.954198	2.605941
-0.077881	-0.051270	0.907471	-1.755725	-0.198473	0.801527	2.617593
-0.072754	-0.055664	0.900391	-3.893130	-1.954198	0.648855	2.628655
-0.078125	-0.041992	0.902344	-1.198473	1.931298	0.748092	2.641904
-0.075684	-0.056396	0.883545	-0.847328	-0.389313	1.198473	2.653678
-0.068848	-0.055176	0.907715	-0.519084	0.213740	1.282443	2.665091
-0.073975	-0.052979	0.906006	-0.526718	0.809160	0.885496	2.677241
-0.076172	-0.061768	0.898682	-0.503817	0.687023	0.335878	2.689319
-0.071533	-0.057373	0.905518	-0.839695	0.221374	0.427481	2.700369
-0.074707	-0.045166	0.914307	-1.389313	0.206107	-0.083969	2.711437
-0.073242	-0.044189	0.913086	-1.419847	0.778626	-0.236641	2.721745
-0.074707	-0.047607	0.911865	-1.908397	0.458015	-0.305344	2.732003
-0.073730	-0.035400	0.906494	-2.381679	0.809160	0.167939	2.743949
-0.071777	-0.040283	0.910400	-3.114504	1.122137	0.488550	2.756145
-0.072510	-0.047852	0.904785	-2.748092	1.030534	0.824427	2.767692
-0.068848	-0.048096	0.915283	-2.053435	0.694656	0.923664	2.778599
-0.073242	-0.045410	0.908691	-1.244275	0.015267	0.893130	2.790245
-0.070312	-0.045898	0.904785	-0.885496	-0.061069	0.641221	2.800819
-0.067627	-0.038330	0.917236	-1.786260	-0.328244	0.793893	2.812101
-0.073975	-0.036621	0.906006	-3.000000	0.229008	0.992366	2.823124
-0.070557	-0.032227	0.919434	-3.709924	0.503817	0.824427	2.833227
-0.074707	-0.049316	0.927002	-4.305344	0.610687	1.045802	2.844210
-0.064453	-0.052246	0.922607	-3.587786	0.633588	0.732824	2.856899
-0.072998	-0.039795	0.917969	-2.267176	2.083969	0.412214	2.867934
-0.078369	-0.051025	0.916748	-2.862595	0.152672	0.625954	2.878933
-0.071045	-0.046143	0.912842	-2.129771	0.404580	0.427481	2.890226
-0.072021	-0.044678	0.917969	-3.106870	-0.442748	1.007634	2.901938
-0.068848	-0.047119	0.920898	-2.977099	0.175573	0.832061	2.913311
-0.075928	-0.052734	0.917725	-3.503817	-0.175573	1.167939	2.924464
-0.078613	-0.054199	0.915283	-3.053435	0.251908	0.908397	2.937056
-0.078369	-0.052734	0.912354	-2.427481	0.358779	0.816794	2.948117
-0.076172	-0.055176	0.905518	-2.572519	0.236641	0.664122	2.959204
-0.075439	-0.047852	0.910156	-2.862595	0.091603	0.427481	2.969973
-0.059814	-0.055420	0.909912	-3.099237	0.305344	0.442748	2.980049
-0.067871	-0.059326	0.911621	-3.809160	-0.145038	0.595420	2.990778
-0.069824	-0.069580	0.898438	-4.045802	-0.503817	0.656489	3.003371
-0.074463	-0.048340	0.905029	-3.847328	-0.541985	0.427481	3.015412
-0.073975	-0.069336	0.901367	-3.206107	-0.442748	-0.267176	3.026457
-0.078369	-0.055908	0.890137	-2.938931	-0.053435	-0.679389	3.038877
-0.074951	-0.058838	0.899902	-3.007634	0.099237	-0.648855	3.050611
-0.074219	-0.057129	0.899658	-2.954198	0.549618	-0.610687	3.061987
-0.065674	-0.050293	0.894775	-2.618321	0.557252	-0.488550	3.073174
-0.073730	-0.054932	0.903564	-2.389313	0.038168	-0.122137	3.085852
-0.067383	-0.052246	0.902344	-2.404580	0.007634	0.229008	3.097504
-0.079834	-0.055664	0.898193	-1.763359	-0.038168	-0.015267	3.108954
-0.070068	-0.058350	0.903076	-0.763359	1.946565	-0.053435	3.120108
-0.058594	-0.052246	0.894531	-0.045802	0.137405	-0.465649	3.132937
-0.056396	-0.043701	0.902588	-0.381679	0.732824	-0.328244	3.144907
-0.068848	-0.056885	0.906250	-0.809160	1.809160	-0.374046	3.155804
-0.065186	-0.042725	0.920166	-2.916031	1.488550	-0.267176	3.168270
-0.067383	-0.039795	0.920166	-2.404580	1.206107	-0.236641	3.180036
-0.078369	-0.044434	0.913818	-2.374046	0.687023	-0.328244	3.191431
-0.080811	-0.038330	0.916016	-2.687023	0.595420	-0.122137	3.202361
-0.072266	-0.044434	0.917480	-3.213740	0.748092	-0.061069	3.214956
-0.064697	-0.048340	0.913086	-3.786260	0.656489	0.122137	3.226836
-0.064697	-0.052734	0.915283	-3.809160	0.900763	0.381679	3.237982
-0.074463	-0.051758	0.911621	-3.053435	0.938931	0.412214	3.250680
-0.072510	-0.058838	0.920410	-2.572519	0.519084	0.366412	3.262625
-0.068848	-0.057861	0.922363	-2.083969	0.114504	0.152672	3.273847
-0.068115	-0.050293	0.905273	-2.152672	0.664122	-0.015267	3.286264
-0.068359	-0.034180	0.903564	-2.396947	0.732824	-0.412214	3.298582
-0.064941	-0.050537	0.918213	-3.099237	0.870229	-0.511450	3.310399
-0.078125	-0.049316	0.914062	-3.717557	0.862595	-0.381679	3.322148
-0.070068	-0.053711	0.902344	-3.679389	0.832061	-0.083969	3.334514
-0.079834	-0.054199	0.911865	-3.022901	0.022901	0.564885	3.345594
-0.075928	-0.051270	0.900391	-1.847328	-0.557252	0.572519	3.357784
-0.069824	-0.046875	0.905029	-1.755725	-0.587786	0.274809	3.369681
-0.069824	-0.049072	0.914551	-2.358779	-0.343511	-0.259542	3.380987
-0.062256	-0.047119	0.913330	-3.328244	0.503817	-0.328244	3.392547
-0.064941	-0.046387	0.910889	-3.793893	1.061069	-0.297710	3.404635
-0.064941	-0.054443	0.896240	-4.030534	0.717557	0.290076	3.416395
-0.073730	-0.059082	0.900879	-3.038168	0.503817	0.335878	3.427616
-0.069336	-0.059570	0.906006	-2.236641	0.091603	0.282443	3.438870
-0.067871	-0.052979	0.904785	-1.793893	0.022901	0.251908	3.449301
-0.064453	-0.044434	0.893799	-1.900763	0.022901	0.213740	3.459682
-0.067383	-0.041992	0.895752	-2.671756	0.679389	0.259542	3.469859
-0.068359	-0.050293	0.896729	-3.274809	1.229008	0.297710	3.479960
-0.064941	-0.050293	0.908936	-3.145038	1.587786	0.816794	3.493200
-0.073486	-0.053467	0.918213	-2.801527	1.511450	0.786260	3.505032
-0.072510	-0.059326	0.905273	-2.748092	1.122137	0.679389	3.516063
-0.074219	-0.050781	0.894775	-2.603053	0.801527	0.519084	3.528119
-0.072510	-0.054199	0.911621	-3.015267	0.213740	0.236641	3.540197
-0.057373	-0.055420	0.912354	-3.374046	0.358779	0.236641	3.551673
-0.066162	-0.057373	0.912109	-3.175573	0.816794	0.213740	3.562667
-0.059570	-0.047607	0.911133	-3.770992	1.114504	0.442748	3.574797
-0.069092	-0.050781	0.897949	-3.732824	0.969466	0.694656	3.586878
-0.067383	-0.056152	0.904297	-3.083969	0.702290	0.847328	3.598525
-0.072510	-0.062012	0.899170	-1.763359	0.511450	1.106870	3.609571
-0.070312	-0.056396	0.895264	-0.610687	0.206107	0.931298	3.621578
-0.064453	-0.049805	0.905518	-0.763359	0.122137	1.007634	3.634147
-0.066162	-0.047607	0.910400	-2.221374	0.541985	1.251908	3.646065
-0.073730	-0.051270	0.917969	-3.251908	0.916031	1.106870	3.657985
-0.080811	-0.052002	0.917236	-2.992366	0.824427	1.007634	3.669503
-0.081299	-0.050049	0.909912	-2.183206	0.259542	1.083969	3.680848
-0.072998	-0.049805	0.907959	-1.541985	-0.251908	1.068702	3.693285
-0.066650	-0.063232	0.903809	-1.175573	-0.106870	1.244275	3.705144
-0.069092	-0.036621	0.918945	-1.312977	-0.664122	1.458015	3.717139
-0.071533	-0.049561	0.907471	-2.106870	-0.435115	1.137405	3.728164
-0.077148	-0.044189	0.914795	-2.770992	-0.076336	1.106870	3.740743
-0.078613	-0.044189	0.913574	-3.183206	0.435115	0.992366	3.751991
-0.079834	-0.042969	0.915039	-5.832061	0.534351	0.618321	3.762960
-0.076172	-0.058105	0.920654	-3.893130	0.389313	0.435115	3.773617
-0.072266	-0.060547	0.908691	-3.610687	0.389313	0.061069	3.784241
-0.076172	-0.066895	0.916748	-2.664122	0.198473	-0.007634	3.796936
-0.078857	-0.053467	0.906982	-2.618321	-0.496183	0.000000	3.807961
-0.071289	-0.050049	0.899414	-2.580153	-0.557252	0.206107	3.819957
-0.076660	-0.059814	0.897705	-2.198473	-0.343511	-0.083969	3.831990
-0.076904	-0.061279	0.923828	-1.885496	0.290076	-0.312977	3.843251
-0.074219	-0.045654	0.901611	-2.916031	-1.946565	-0.793893	3.855474
-0.076172	-0.046143	0.918945	-2.946565	0.801527	-0.282443	3.867232
-0.075684	-0.054443	0.918457	-3.541985	-0.061069	0.122137	3.878930
-0.071289	-0.064209	0.909180	-3.244275	-0.923664	0.251908	3.890251
-0.075928	-0.067139	0.909668	-2.038168	-1.160305	0.038168	3.902525
-0.078369	-0.054199	0.916504	-1.038168	-1.648855	0.129771	3.914243
-0.073486	-0.054688	0.920898	-2.282443	-1.610687	0.007634	3.925217
-0.070557	-0.045654	0.905029	-2.954198	-0.984733	-0.267176	3.937764
-0.067383	-0.055176	0.911133	-3.488550	-0.916031	-0.458015	3.949537
-0.070068	-0.055664	0.903320	-4.198473	-1.549618	-0.488550	3.961098
-0.063477	-0.063477	0.899902	-4.595420	-1.748092	0.000000	3.972992
-0.060547	-0.066162	0.909180	-4.198473	-0.725191	-0.236641	3.985417
-0.066406	-0.067627	0.905029	-3.274809	-0.534351	-0.610687	3.997093
-0.088379	-0.049072	0.928223	-2.755725	0.679389	-0.374046	4.008777
-0.063965	-0.045898	0.903809	-4.053435	-0.770992	-1.251908	4.020703
-0.073486	-0.051514	0.904785	-4.175573	-0.832061	-1.129771	4.032713
-0.066162	-0.051514	0.911865	-4.763359	-0.854962	-0.687023	4.044039
-0.056885	-0.053467	0.922363	-4.061069	-0.763359	-0.702290	4.056598
-0.053223	-0.052734	0.905762	-3.129771	-0.290076	-0.389313	4.068819
-0.071045	-0.048584	0.910156	-3.145038	-0.396947	-0.358779	4.080290
-0.069824	-0.043945	0.903809	-3.809160	-1.603053	-0.473282	4.091795
-0.063232	-0.056885	0.890625	-3.511450	-1.450382	-0.534351	4.102859
-0.076904	-0.051025	0.903809	-3.251908	-2.145038	-0.511450	4.113908
-0.053223	-0.063477	0.902344	-2.328244	-1.641221	0.160305	4.126011
-0.044922	-0.062500	0.911133	-1.412214	0.091603	0.381679	4.139076
-0.069336	-0.055664	0.903320	-2.236641	-1.000000	0.450382	4.150297
-0.069824	-0.060791	0.892334	-2.648855	-0.938931	-0.015267	4.162003
-0.057617	-0.052490	0.892090	-2.954198	-1.022901	-0.236641	4.173859
-0.063721	-0.050781	0.899658	-1.900763	-0.900763	-0.442748	4.185905
-0.054199	-0.045654	0.900146	-1.732824	-0.763359	-0.633588	4.197141
-0.056396	-0.048584	0.903809	-2.251908	0.572519	-0.236641	4.209485
-0.052979	-0.056152	0.904785	-3.366412	1.679389	-0.045802	4.221286
-0.056885	-0.047852	0.897705	-3.870229	1.580153	0.290076	4.232286
-0.054199	-0.061035	0.902588	-2.732824	1.992366	0.007634	4.244642
-0.065430	-0.062988	0.904541	-1.839695	0.015267	-0.343511	4.256294
-0.067383	-0.060547	0.906982	-1.366412	-1.152672	-0.015267	4.267717
-0.066650	-0.057861	0.907715	-1.404580	-0.465649	-0.038168	4.278785
-0.056152	-0.055420	0.915771	-1.557252	0.351145	0.175573	4.291371
-0.065430	-0.058105	0.912354	-2.366412	0.969466	0.381679	4.306023
-0.071289	-0.060059	0.902588	-3.099237	1.198473	-0.137405	4.317064
-0.065430	-0.057373	0.907959	-3.381679	0.618321	-0.442748	4.329043
-0.064941	-0.066895	0.913818	-3.435115	0.030534	-1.145038	4.341620
-0.060303	-0.060303	0.911133	-3.473282	-0.259542	-0.702290	4.352785
-0.058105	-0.065430	0.918457	-3.167939	-0.396947	-0.366412	4.364713
-0.053223	-0.062744	0.915283	-2.320611	-0.206107	-0.335878	4.376517
-0.064453	-0.064209	0.920898	-2.435115	-0.511450	-0.572519	4.388462
-0.068604	-0.063477	0.913818	-2.404580	-0.847328	-0.916031	4.399494
-0.063721	-0.048828	0.900146	-2.580153	-1.053435	-1.145038	4.412079
-0.064209	-0.061768	0.908691	-2.122137	-1.167939	-1.473282	4.423890
-0.048584	-0.050293	0.910645	-3.366412	-0.549618	-1.229008	4.435023
-0.056396	-0.065430	0.910400	-2.687023	-0.251908	-0.877863	4.447240
-0.060059	-0.054443	0.912109	-3.099237	-0.679389	-0.664122	4.458894
-0.052490	-0.053467	0.907471	-4.404580	-1.022901	-0.778626	4.470326
-0.058350	-0.057861	0.901611	-2.778626	-1.610687	-0.717557	4.481698
-0.056396	-0.053223	0.899658	-2.412214	-1.595420	-0.809160	4.494511
-0.059570	-0.068604	0.899170	-1.129771	-0.725191	-0.709924	4.506106
-0.046875	-0.055176	0.898682	-1.793893	0.152672	-0.305344	4.517072
-0.046631	-0.044434	0.905518	-2.748092	0.648855	-0.045802	4.529224
-0.049805	-0.049561	0.904785	-3.564885	1.076336	0.167939	4.541107
-0.054688	-0.062012	0.913574	-2.862595	0.862595	0.160305	4.552280
-0.054688	-0.046387	0.901367	-2.832061	-0.137405	0.297710	4.564275
-0.052246	-0.050049	0.904785	-2.580153	-0.435115	0.442748	4.576344
-0.049316	-0.049561	0.910889	-3.045802	0.213740	0.251908	4.588278
-0.051758	-0.068359	0.917236	-3.396947	0.580153	0.709924	4.599854
-0.056152	-0.073730	0.903564	-3.419847	0.519084	0.709924	4.611721
-0.057617	-0.067871	0.904053	-2.389313	0.305344	0.465649	4.623410
-0.058594	-0.065430	0.903076	-2.198473	-0.091603	0.244275	4.634695
-0.054932	-0.058350	0.895752	-2.625954	-0.572519	0.244275	4.646928
-0.054688	-0.065186	0.902100	-2.648855	-0.267176	-0.572519	4.658672
-0.048584	-0.063232	0.906738	-3.083969	0.229008	-0.572519	4.670175
-0.048340	-0.066162	0.902344	-2.931298	0.503817	-0.381679	4.682201
-0.058350	-0.060547	0.908447	-2.580153	0.473282	-0.152672	4.694659
-0.055176	-0.060547	0.915527	-2.709924	0.610687	0.114504	4.706471
-0.059082	-0.053467	0.897217	-2.473282	0.946565	-0.053435	4.717438
-0.051758	-0.044189	0.908447	-2.236641	1.015267	0.671756	4.730323
-0.055908	-0.056396	0.915527	-2.297710	0.419847	0.229008	4.741449
-0.054443	-0.061279	0.903076	-2.580153	0.183206	0.358779	4.752631
-0.059814	-0.059570	0.905273	-2.022901	0.114504	0.274809	4.764065
-0.056641	-0.060303	0.919434	-1.557252	-0.320611	0.335878	4.776809
-0.050293	-0.055420	0.913574	-1.923664	-0.763359	0.076336	4.788695
-0.054443	-0.059814	0.906982	-2.206107	-0.511450	0.190840	4.800705
-0.049072	-0.056641	0.913818	-2.755725	-0.458015	0.251908	4.812980
-0.049072	-0.058350	0.910156	-2.274809	0.244275	0.374046	4.824718
-0.050537	-0.061768	0.909912	-2.419847	0.396947	0.114504	4.835914
-0.050049	-0.061279	0.918701	-3.030534	0.435115	-0.213740	4.846859
-0.056885	-0.059082	0.913086	-3.229008	0.152672	-0.198473	4.859557
-0.051270	-0.055176	0.907471	-3.427481	0.045802	-0.358779	4.871330
-0.044189	-0.057617	0.908936	-2.969466	-0.404580	0.114504	4.882550
-0.053955	-0.055420	0.894043	-2.610687	-0.633588	0.916031	4.894432
-0.047363	-0.050781	0.908447	-2.320611	-0.893130	0.908397	4.906534
-0.052490	-0.058105	0.908203	-2.343511	-0.244275	0.671756	4.918006
-0.058838	-0.049316	0.906982	-2.717557	-0.625954	0.320611	4.929565
-0.045898	-0.061768	0.897949	-2.137405	-0.206107	0.282443	4.941805
-0.051025	-0.055420	0.907471	-2.083969	-0.641221	0.458015	4.953634
-0.047363	-0.049805	0.891846	-1.770992	-0.244275	0.740458	4.964946
-0.043945	-0.063965	0.905762	-1.625954	-0.061069	0.839695	4.977252
-0.047363	-0.061523	0.907471	-2.083969	-0.190840	0.923664	4.989300
-0.050049	-0.067383	0.908447	-1.862595	0.083969	0.419847	5.000562
-0.054199	-0.057861	0.909668	-1.694656	-0.030534	-0.167939	5.012567
-0.046875	-0.055420	0.910645	-1.969466	1.946565	-0.297710	5.024429
-0.045654	-0.054443	0.913330	-1.870229	0.122137	0.213740	5.035677
-0.047119	-0.062012	0.901611	-1.969466	0.274809	0.748092	5.047626
-0.040771	-0.060791	0.914795	-1.816794	0.717557	1.404580	5.059787
-0.052490	-0.062256	0.911865	-2.183206	0.702290	1.099237	5.070794
-0.059082	-0.057861	0.920166	-3.038168	0.396947	0.541985	5.081946
-0.053467	-0.063965	0.912842	-2.923664	-0.167939	0.190840	5.094364
-0.054932	-0.049072	0.917969	-2.496183	-0.526718	-0.183206	5.106320
-0.058838	-0.071289	0.896729	-1.190840	-1.274809	0.152672	5.117805
-0.052490	-0.073975	0.889893	1.335878	-2.091603	0.778626	5.129016
-0.050781	-0.072021	0.894043	3.709924	-2.091603	1.267176	5.141765
-0.051514	-0.056152	0.894287	2.854962	-1.290076	0.801527	5.153355
-0.052979	-0.041748	0.888916	0.885496	0.351145	0.083969	5.164417
-0.051758	-0.047119	0.901367	-1.160305	1.694656	-1.007634	5.176623
-0.052979	-0.057129	0.903564	-1.595420	1.687023	-1.167939	5.188452
-0.041504	-0.058105	0.909668	-2.038168	1.786260	-0.763359	5.199855
-0.039307	-0.056152	0.908447	-2.793893	2.244275	-0.343511	5.211188
-0.056885	-0.052002	0.920166	-3.076336	2.541985	-0.282443	5.223478
-0.056641	-0.067383	0.908203	-3.213740	1.702290	-0.648855	5.235431
-0.054443	-0.075684	0.907715	-1.755725	1.198473	-0.702290	5.246503
-0.051514	-0.065186	0.907959	-0.961832	-0.022901	-0.610687	5.258539
-0.057129	-0.054688	0.916992	-1.106870	-0.244275	-0.442748	5.270303
-0.046875	-0.051758	0.911621	-2.145038	-0.320611	-0.145038	5.281517
-0.046875	-0.055908	0.913330	-2.877863	0.206107	-0.083969	5.293781
-0.047363	-0.054688	0.900635	-2.427481	0.175573	-0.374046	5.305825
-0.045410	-0.048584	0.913086	-1.809160	-0.251908	-0.511450	5.317452
-0.041504	-0.052734	0.912598	-1.183206	-0.091603	-0.824427	5.329122
-0.051758	-0.050049	0.917236	-0.312977	-0.129771	-0.404580	5.341238
-0.056885	-0.049316	0.912598	0.106870	-0.312977	-0.282443	5.352792
-0.045166	-0.041992	0.919189	0.465649	-0.641221	-0.503817	5.364006
-0.053711	-0.037598	0.920654	-0.625954	-0.038168	-0.106870	5.375183
-0.048340	-0.060059	0.922363	-1.847328	-0.015267	0.045802	5.386568
-0.048584	-0.044189	0.929688	-2.053435	-0.061069	-0.213740	5.397268
-0.054443	-0.048828	0.914307	-1.870229	-0.938931	0.099237	5.410711
-0.045654	-0.047607	0.921387	-2.328244	-1.297710	0.458015	5.422494
-0.041504	-0.043701	0.916992	-2.992366	-0.916031	0.267176	5.433507
-0.045166	-0.048828	0.928955	-4.396947	-0.534351	0.091603	5.446035
-0.040527	-0.064209	0.914062	-4.916031	0.526718	-0.374046	5.457902
-0.054199	-0.057861	0.913086	-5.267176	-0.396947	-0.664122	5.469553
-0.048584	-0.047852	0.910645	-5.160305	-1.366412	-1.045802	5.480897
-0.031982	-0.053955	0.929199	-2.396947	0.633588	1.893130	5.493554
-0.042236	-0.051758	0.919189	-3.488550	-0.885496	0.091603	5.505612
-0.043457	-0.046143	0.905518	-3.687023	-0.511450	0.633588	5.516970
-0.051025	-0.048828	0.906982	-3.534351	-0.847328	0.427481	5.529517
-0.051514	-0.055908	0.885742	-3.854962	-0.702290	0.511450	5.541779
-0.054932	-0.047607	0.889404	-4.748092	-0.106870	-0.648855	5.552912
-0.047119	-0.041748	0.884033	-4.541985	-0.160305	-0.625954	5.564981
-0.046631	-0.049316	0.874512	-3.702290	-0.557252	0.320611	5.576637
-0.037354	-0.051270	0.880127	-2.595420	0.664122	0.572519	5.588185
-0.038086	-0.056885	0.881836	-2.022901	1.160305	0.679389	5.599405
-0.044189	-0.059570	0.895996	-1.610687	1.305344	0.412214	5.611595
-0.049805	-0.061768	0.898438	-1.740458	0.946565	0.145038	5.623533
-0.045654	-0.057129	0.901123	-1.770992	0.954198	-0.312977	5.634789
-0.041260	-0.063965	0.917236	-1.267176	0.839695	-0.419847	5.646990
-0.042725	-0.064453	0.915527	-0.648855	0.977099	-0.244275	5.658727
-0.050293	-0.054199	0.916992	-0.526718	1.312977	-0.290076	5.669943
-0.051025	-0.055908	0.912354	-0.694656	1.557252	-0.251908	5.680202
-0.053955	-0.052734	0.915771	-1.061069	1.389313	-0.610687	5.691276
-0.046143	-0.052490	0.918213	-1.778626	1.282443	-0.717557	5.701388
-0.041748	-0.051025	0.919922	-2.435115	1.106870	-0.389313	5.711007
-0.044189	-0.054199	0.914795	-2.618321	1.381679	-0.526718	5.720793
-0.044922	-0.064453	0.921875	-2.549618	1.458015	-0.557252	5.731388
-0.052979	-0.064453	0.917969	-1.862595	0.748092	-0.480916	5.742113
-0.050049	-0.051758	0.925781	-1.580153	0.114504	-0.519084	5.751965
-0.045410	-0.040039	0.920898	-1.732824	-0.290076	-0.320611	5.761602
-0.039795	-0.033936	0.912842	-2.541985	-0.213740	-0.251908	5.772581
-0.038086	-0.050293	0.923340	-3.091603	0.000000	-0.022901	5.782774
-0.039307	-0.040283	0.920654	-3.274809	0.122137	0.282443	5.792728
-0.041260	-0.059814	0.926270	-3.038168	0.129771	0.351145	5.803053
-0.041260	-0.048828	0.916992	-3.251908	-0.335878	0.412214	5.813459
-0.048096	-0.054932	0.904541	-2.954198	-0.572519	0.511450	5.823894
-0.046875	-0.062012	0.911377	-2.885496	-0.068702	0.381679	5.833350
-0.034424	-0.035889	0.899170	-2.763359	0.129771	0.625954	5.844099
-0.094238	-0.029297	0.916748	-2.748092	-0.305344	1.480916	5.854394
-0.038086	-0.022217	0.892578	-3.694656	-0.274809	1.641221	5.864109
-0.039307	-0.058350	0.895996	-1.534351	0.190840	1.305344	5.873840
-0.031006	-0.040527	0.901367	-0.923664	0.167939	1.908397	5.884208
-0.025879	-0.044434	0.903320	-1.122137	-0.114504	1.641221	5.894883
-0.024414	-0.049805	0.920166	-1.381679	0.396947	2.099237	5.904901
-0.019531	-0.037598	0.920898	-1.625954	1.961832	1.740458	5.914347
-0.041504	-0.067139	0.912109	-3.007634	0.748092	2.274809	5.925112
-0.037598	-0.068848	0.918945	-2.969466	0.068702	2.068702	5.935527
-0.051514	-0.068115	0.906738	-1.236641	0.114504	2.404580	5.945790
-0.049805	-0.059814	0.924805	-1.740458	-0.755725	2.114504	5.955242
-0.048340	-0.058105	0.920898	-1.603053	-0.480916	1.931298	5.965498
-0.046143	-0.056396	0.915039	-2.557252	-1.572519	1.557252	5.976184
-0.049561	-0.059326	0.916992	-2.503817	-0.412214	1.748092	5.986488
-0.040771	-0.062256	0.910645	-2.938931	0.877863	1.312977	5.995864
-0.053955	-0.077148	0.923584	-3.152672	0.129771	1.274809	6.006510
-0.055420	-0.069092	0.916504	-3.687023	0.038168	0.732824	6.016247
-0.054688	-0.062256	0.904053	-2.442748	1.152672	-0.335878	6.025631
-0.068848	-0.054199	0.912354	-3.679389	-0.625954	-0.312977	6.035313
-0.039307	-0.060547	0.901123	-2.580153	-0.022901	0.229008	6.046517
-0.048584	-0.070312	0.917480	-2.312977	-0.328244	0.152672	6.057271
-0.049072	-0.057617	0.905273	-2.305344	-0.793893	-0.190840	6.067467
-0.039307	-0.053711	0.902344	-1.687023	0.465649	-0.534351	6.077040
-0.052246	-0.024658	0.887939	-2.534351	0.022901	-0.465649	6.087042
-0.042969	-0.031250	0.905518	-3.274809	-0.175573	-0.778626	6.095629
-0.041260	-0.043701	0.899414	-2.870229	0.122137	-0.717557	6.104746
-0.045654	-0.048096	0.907959	-2.717557	0.511450	-0.259542	6.113204
-0.039062	-0.047363	0.907227	-1.717557	0.534351	-0.053435	6.121638
-0.041504	-0.050049	0.916016	-1.625954	0.625954	0.389313	6.129938
-0.041504	-0.048096	0.902588	-2.061069	0.458015	0.648855	6.138405
-0.041992	-0.050049	0.913330	-2.244275	0.419847	0.282443	6.146818
-0.039307	-0.058594	0.921143	-1.816794	0.190840	-0.022901	6.155244
-0.039795	-0.061035	0.915771	-1.854962	-0.129771	-0.328244	6.163488
-0.046631	-0.046143	0.907227	-1.404580	-0.053435	-0.496183	6.171561
-0.023193	-0.046875	0.915283	-2.305344	0.396947	-0.473282	6.179426
-0.040039	-0.042480	0.927734	-2.541985	0.900763	-0.503817	6.188572
-0.036377	-0.048584	0.912109	-2.694656	0.770992	-0.358779	6.196951
-0.039795	-0.047852	0.930908	-3.106870	1.106870	-0.381679	6.205409
-0.039795	-0.045654	0.929688	-3.183206	0.641221	-0.099237	6.213237
-0.038574	-0.045898	0.911133	-2.763359	0.511450	0.251908	6.222060
-0.038086	-0.038818	0.922363	-3.343511	-0.160305	0.190840	6.230636
-0.032715	-0.033447	0.918945	-3.503817	0.099237	-0.068702	6.238955
-0.037354	-0.029297	0.918701	-3.984733	-0.045802	0.305344	6.246842
-0.037598	-0.027588	0.904297	-3.870229	-0.618321	0.427481	6.255508
-0.032227	-0.024414	0.918701	-3.748092	-0.480916	0.870229	6.263891
-0.031250	-0.018555	0.919678	-3.847328	-0.740458	1.099237	6.272010
-0.023682	-0.017822	0.906982	-4.847328	-0.396947	2.015267	6.279898
-0.018311	-0.020020	0.911377	-6.206107	-0.450382	2.465649	6.287867
-0.028076	-0.043457	0.916260	-6.190840	0.114504	2.862595	6.298395
-0.030518	-0.044678	0.914551	-5.465649	-0.412214	3.396947	6.306880
-0.030273	-0.062988	0.911377	-3.778626	-1.656489	3.519084	6.315161
-0.017822	-0.065674	0.911377	-1.496183	-1.679389	3.648855	6.323011
-0.039551	-0.074219	0.923584	0.931298	-1.908397	3.320611	6.331067
-0.029297	-0.064453	0.915771	0.778626	-2.083969	2.580153	6.340122
-0.032471	-0.062744	0.912842	-0.274809	-2.450382	2.740458	6.348558
-0.045166	-0.057617	0.900879	-1.358779	-1.824427	2.687023	6.356760
-0.031738	-0.055908	0.911377	-2.519084	-1.351145	2.465649	6.364584
-0.034668	-0.061035	0.913818	-3.198473	-0.900763	1.809160	6.373086
-0.036133	-0.055176	0.900635	-2.694656	-0.198473	1.480916	6.381574
-0.035400	-0.055908	0.904297	-2.374046	0.320611	1.251908	6.390223
-0.039062	-0.050293	0.902344	-2.954198	-0.419847	1.206107	6.398426
-0.036621	-0.055908	0.904541	-2.702290	-0.282443	1.702290	6.406315
-0.031982	-0.040039	0.900146	-3.458015	-0.427481	2.328244	6.415099
-0.020264	-0.053467	0.876465	-2.358779	0.480916	2.610687	6.423518
-0.038086	-0.063721	0.901855	-2.633588	0.564885	2.732824	6.431685
-0.052246	-0.060547	0.893066	-2.526718	0.244275	2.671756	6.439732
-0.047363	-0.062500	0.897461	-3.282443	-0.335878	2.129771	6.447621
-0.039795	-0.052002	0.896729	-4.198473	-0.709924	2.030534	6.456592
-0.029297	-0.054688	0.906494	-4.305344	-0.053435	1.870229	6.464984
-0.031738	-0.053955	0.895264	-4.099237	1.244275	1.603053	6.473329
-0.042236	-0.055908	0.912598	-4.893130	1.801527	1.297710	6.481218
-0.036377	-0.055908	0.903564	-5.099237	2.412214	1.564885	6.489151
-0.044922	-0.057617	0.921387	-5.419847	2.343511	1.381679	6.498206
-0.059570	-0.077393	0.906494	-3.671756	1.229008	1.603053	6.506423
-0.045898	-0.068359	0.920166	-2.603053	0.213740	3.900763	6.514644
-0.052734	-0.070557	0.915283	-0.633588	-0.969466	1.832061	6.522587
-0.046631	-0.072266	0.921875	0.687023	-1.549618	2.244275	6.530443
-0.038086	-0.066895	0.919189	1.183206	-1.992366	2.053435	6.538439
-0.040283	-0.082031	0.907959	0.427481	-2.213740	1.557252	6.547514
-0.030029	-0.062256	0.921387	0.206107	-1.274809	1.725191	6.555934
-0.039307	-0.054688	0.917480	-1.015267	-0.946565	1.160305	6.564174
-0.039062	-0.061035	0.916504	-1.541985	-0.687023	0.770992	6.572018
-0.047607	-0.063232	0.924561	-1.152672	-0.832061	0.519084	6.580327
-0.035156	-0.068115	0.918457	-0.656489	-1.343511	0.435115	6.589182
-0.038330	-0.061523	0.920410	-0.022901	-1.480916	0.366412	6.597638
-0.036377	-0.054443	0.920166	0.458015	-1.633588	0.633588	6.605557
-0.028564	-0.060059	0.913818	0.557252	-2.015267	0.984733	6.613825
-0.031006	-0.058350	0.919922	-0.396947	-2.038168	1.458015	6.621657
-0.021240	-0.060791	0.913330	-1.099237	-1.618321	1.717557	6.629408
-0.029053	-0.060303	0.911865	-2.366412	-1.236641	1.580153	6.637064
-0.034668	-0.066895	0.914795	-2.961832	-0.961832	1.305344	6.645569
-0.031982	-0.067627	0.914551	-3.221374	-0.755725	0.931298	6.653272
-0.029297	-0.073242	0.912842	-3.503817	-0.396947	0.221374	6.660846
-0.031982	-0.070801	0.911865	-4.007634	-1.946565	-0.106870	6.668567
-0.024414	-0.064697	0.906494	-4.732824	0.633588	-0.061069	6.676146
-0.034668	-0.071533	0.912354	-4.488550	1.374046	-0.061069	6.684540
-0.035400	-0.069092	0.907959	-5.236641	1.473282	-0.351145	6.694383
-0.041992	-0.072754	0.921143	-4.587786	1.045802	0.061069	6.704743
-0.046143	-0.066895	0.910400	-3.236641	0.465649	1.938931	6.714314
-0.038086	-0.065186	0.917236	-2.251908	-0.259542	-0.312977	6.724924
-0.044678	-0.057129	0.912598	-2.419847	-0.190840	-0.633588	6.735511
-0.040283	-0.051514	0.915283	-4.832061	-0.343511	-1.580153	6.745732
-0.037598	-0.055908	0.918213	-4.290076	0.343511	-1.687023	6.755214
-0.032715	-0.046387	0.907227	-4.229008	0.549618	-1.748092	6.765862
-0.034912	-0.052246	0.910645	-3.648855	0.106870	-1.625954	6.776400
-0.036133	-0.045410	0.908447	-2.442748	-0.015267	-0.847328	6.786254
-0.036133	-0.045166	0.902832	-1.793893	-0.343511	-0.351145	6.795861
-0.027344	-0.049316	0.896729	-1.839695	-0.496183	0.114504	6.806355
-0.029297	-0.052002	0.890137	-1.778626	0.015267	0.206107	6.816984
-0.030762	-0.047363	0.904541	-2.549618	0.702290	-0.267176	6.826600
-0.029541	-0.056152	0.893555	-2.854962	0.893130	-0.396947	6.836125
-0.031006	-0.053711	0.893799	-2.839695	1.312977	-0.618321	6.846819
-0.028809	-0.058838	0.897705	-2.038168	1.412214	-0.816794	6.857255
-0.021973	-0.060547	0.894531	-1.198473	1.786260	-0.618321	6.867270
-0.023926	-0.057129	0.906494	-0.351145	1.900763	-0.633588	6.876701
-0.031006	-0.050537	0.911133	-0.656489	1.938931	-0.656489	6.887465
-0.023438	-0.039307	0.911621	-1.419847	2.053435	-0.832061	6.897835
-0.030273	-0.052246	0.923828	-2.190840	1.534351	-0.534351	6.907775
-0.028076	-0.048340	0.906494	-2.442748	0.961832	-0.381679	6.917256
-0.026611	-0.045410	0.915527	-1.992366	0.549618	-0.083969	6.928091
-0.030518	-0.054443	0.930420	-1.007634	-0.122137	0.358779	6.938496
-0.033203	-0.053467	0.909180	0.526718	-0.435115	0.679389	6.948288
-0.025635	-0.052246	0.922363	-0.114504	-0.351145	0.694656	6.957981
-0.025635	-0.070557	0.908203	1.893130	-0.511450	-0.106870	6.967392
-0.033691	-0.062500	0.915283	0.099237	-0.854962	-0.206107	6.978268
-0.036621	-0.050049	0.911621	-1.274809	-0.832061	-0.770992	6.989004
-0.028076	-0.047852	0.922363	-1.824427	-0.206107	-1.244275	6.998411
-0.032471	-0.052979	0.906250	-1.389313	0.404580	-1.213740	7.008073
-0.031250	-0.046143	0.909912	-2.175573	0.190840	-1.503817	7.018877
-0.029541	-0.047607	0.905762	-1.442748	-0.061069	-1.396947	7.029530
-0.025391	-0.053711	0.913818	-1.328244	0.648855	-1.083969	7.039309
-0.034668	-0.047363	0.905273	-1.793893	0.099237	-0.633588	7.048869
-0.037354	-0.040771	0.912109	-2.419847	0.068702	-0.603053	7.059878
-0.031982	-0.044922	0.899902	-2.091603	0.259542	-0.862595	7.069817
-0.029297	-0.039307	0.896240	-2.366412	0.320611	-0.366412	7.079569
-0.021729	-0.037354	0.897217	-2.534351	0.259542	0.137405	7.089161
-0.029297	-0.032471	0.913086	-3.122137	1.229008	0.290076	7.098559
-0.027100	-0.053955	0.910889	-3.259542	0.709924	1.007634	7.110043
-0.029785	-0.063477	0.916748	-1.969466	0.282443	0.862595	7.120295
-0.035400	-0.057373	0.918457	-3.610687	0.305344	0.068702	7.130014
-0.040039	-0.057373	0.913818	-3.061069	-0.061069	-0.625954	7.139751
-0.029053	-0.050293	0.912598	-2.900763	-0.244275	-0.656489	7.150634
-0.026855	-0.048096	0.905273	-2.854962	0.206107	-0.450382	7.160627
-0.025146	-0.035400	0.906250	-3.167939	0.053435	0.190840	7.170338
-0.020752	-0.037109	0.910889	-4.122137	0.236641	0.870229	7.180050
-0.024658	-0.049561	0.910889	-4.725191	0.496183	0.977099	7.191130
-0.027100	-0.050049	0.914307	-4.992366	0.160305	0.954198	7.201377
-0.029053	-0.054688	0.913818	-5.427481	-0.198473	0.198473	7.211520
-0.029785	-0.063721	0.911133	-4.893130	-0.068702	-0.282443	7.221084
-0.025146	-0.061279	0.908447	-4.000000	-0.465649	-0.343511	7.230474
-0.029785	-0.064697	0.914551	-3.000000	-0.618321	-0.320611	7.240062
-0.020752	-0.065430	0.914307	-1.717557	-1.015267	0.053435	7.249236
-0.024902	-0.072021	0.924316	-1.129771	-0.862595	0.137405	7.261326
-0.032715	-0.063721	0.918213	-0.900763	-0.717557	-0.312977	7.271436
-0.035400	-0.050781	0.919189	-2.137405	-0.809160	-0.641221	7.281100
-0.036621	-0.059326	0.914795	-2.992366	-0.557252	-1.229008	7.291061
-0.033691	-0.052979	0.893799	-3.755725	-0.603053	-1.320611	7.300778
-0.026855	-0.041748	0.921631	-2.725191	0.320611	-1.061069	7.310455
-0.031494	-0.058105	0.909668	-1.496183	-0.152672	-0.725191	7.319723
-0.033447	-0.067871	0.916748	-0.816794	-1.442748	-0.618321	7.330656
-0.023926	-0.054932	0.906494	0.114504	-1.549618	-0.007634	7.341035
-0.021484	-0.054932	0.907227	0.282443	-1.061069	0.000000	7.351050
-0.035400	-0.063477	0.910400	-0.625954	-1.282443	-0.053435	7.360758
-0.029785	-0.066650	0.907959	-1.236641	-1.297710	-0.503817	7.371755
-0.030029	-0.055908	0.906982	-2.114504	-1.251908	-1.114504	7.382376
-0.023193	-0.053223	0.901855	-2.183206	-0.900763	-1.198473	7.392010
-0.021484	-0.047607	0.903320	-1.137405	-0.435115	-1.045802	7.401640
-0.022705	-0.065430	0.906494	-0.045802	-0.221374	-0.961832	7.412542
-0.020264	-0.041504	0.898682	-0.381679	-0.167939	-0.610687	7.422680
-0.011963	-0.045410	0.906494	-1.709924	0.564885	-0.633588	7.432161
-0.028076	-0.047852	0.900879	-2.694656	1.076336	-0.969466	7.441546
-0.025391	-0.047852	0.898926	-3.000000	1.000000	-1.175573	7.451328
-0.020020	-0.054199	0.908203	-2.564885	0.770992	-1.190840	7.460833
-0.024902	-0.063232	0.908203	-1.748092	0.167939	-0.916031	7.470140
-0.024658	-0.060791	0.910889	-0.038168	-0.389313	-0.717557	7.479422
-0.020264	-0.065430	0.893066	1.145038	-0.740458	-0.778626	7.488626
-0.012939	-0.057861	0.914307	1.015267	-0.992366	-0.610687	7.500222
-0.010254	-0.040527	0.908936	-0.938931	-0.167939	-1.061069	7.510606
-0.022705	-0.037598	0.913330	-3.244275	1.053435	-1.175573	7.520421
-0.021729	-0.039307	0.908936	-4.572519	1.564885	-1.671756	7.529960
-0.020264	-0.046631	0.901855	-4.526718	1.740458	-1.610687	7.539428
-0.021973	-0.058105	0.904541	-2.427481	1.641221	-1.366412	7.550048
-0.016846	-0.042480	0.909668	-0.992366	0.938931	-0.564885	7.559688
-0.019775	-0.055664	0.906738	-0.725191	0.992366	2.702290	7.571199
-0.012207	-0.037354	0.908447	-0.625954	0.267176	0.312977	7.581311
-0.010010	-0.037598	0.916016	-1.282443	0.801527	0.610687	7.591001
-0.014160	-0.033447	0.920898	-2.374046	1.335878	0.404580	7.601125
-0.015381	-0.039062	0.916504	-3.076336	1.458015	-0.061069	7.611596
-0.026611	-0.047607	0.918945	-2.832061	1.503817	0.137405	7.621888
-0.019775	-0.046387	0.914795	-2.366412	0.763359	0.297710	7.631380
-0.022217	-0.043457	0.908936	-1.702290	0.221374	0.793893	7.640814
-0.017822	-0.035156	0.924805	-1.396947	0.183206	1.603053	7.651848
-0.018555	-0.049805	0.919189	-1.511450	0.374046	2.419847	7.662011
-0.020264	-0.053223	0.907715	-1.511450	0.160305	2.358779	7.671579
-0.025635	-0.057129	0.916260	-2.351145	-0.267176	1.938931	7.681769
-0.026855	-0.066406	0.923828	-3.465649	-0.427481	1.045802	7.692427
-0.023926	-0.070312	0.928223	-4.366412	0.167939	0.534351	7.702719
-0.031494	-0.064941	0.911621	-4.778626	0.572519	-0.206107	7.712195
-0.033936	-0.065430	0.917236	-4.396947	0.175573	-0.259542	7.721619
-0.026367	-0.062988	0.906494	-3.992366	-0.122137	-0.206107	7.731079
-0.030273	-0.062012	0.915039	-3.877863	-0.404580	-0.450382	7.742506
-0.021240	-0.045410	0.909668	-4.549618	-0.030534	-0.137405	7.753070
0.032715	-0.061035	0.883301	-1.427481	4.091603	-0.267176	7.762450
-0.046387	-0.047607	0.906494	-5.320611	0.954198	-0.648855	7.772701
-0.018799	-0.060547	0.887207	-4.526718	1.129771	-0.916031	7.783025
-0.030029	-0.065918	0.893066	-3.419847	1.274809	-0.908397	7.793297
-0.025146	-0.060547	0.899658	-2.396947	1.274809	-1.053435	7.803341
-0.018799	-0.058350	0.897461	-2.358779	1.664122	-1.297710	7.813026
-0.025635	-0.047119	0.898926	-2.374046	2.221374	-1.916031	7.824147
-0.021484	-0.045898	0.895752	-2.977099	2.519084	-2.083969	7.834225
-0.024414	-0.049561	0.900635	-3.030534	2.015267	-2.206107	7.843595
-0.013672	-0.044189	0.893799	-2.038168	1.839695	-1.679389	7.854840
-0.022705	-0.039307	0.896973	-1.816794	2.122137	0.664122	7.864891
-0.017334	-0.040771	0.910156	-0.900763	1.213740	0.145038	7.875545
-0.012695	-0.045654	0.908447	-0.549618	1.908397	0.519084	7.884978
-0.023926	-0.048340	0.909912	-0.564885	1.740458	0.595420	7.895950
-0.023193	-0.045654	0.906738	-0.465649	1.251908	0.038168	7.906415
-0.024902	-0.041260	0.894043	-1.167939	1.305344	-0.297710	7.916215
-0.020996	-0.048096	0.917480	-1.938931	1.648855	-0.267176	7.925641
-0.021729	-0.043701	0.919678	-1.519084	1.480916	-1.946565	7.935485
-0.018799	-0.043701	0.922607	-1.480916	1.328244	0.175573	7.945303
-0.017334	-0.056396	0.925293	-1.374046	1.259542	0.778626	7.954718
-0.026855	-0.057373	0.930908	-1.435115	0.244275	1.213740	7.966345
-0.029297	-0.054443	0.937012	-1.412214	-0.954198	1.145038	7.976907
-0.027832	-0.055176	0.917725	-2.496183	-1.748092	0.984733	7.986916
-0.023682	-0.059082	0.912598	-2.671756	-1.893130	0.770992	7.996481
-0.023438	-0.045166	0.908447	-2.526718	-1.099237	0.656489	8.007212
-0.023193	-0.041504	0.913086	-2.732824	-0.320611	0.793893	8.017049
-0.008545	-0.055908	0.893555	-2.229008	0.748092	1.167939	8.027255
-0.040527	-0.056396	0.911133	-1.931298	0.488550	1.167939	8.036748
-0.030518	-0.046631	0.902832	-2.206107	0.381679	0.511450	8.047518
-0.020264	-0.041016	0.916748	-2.618321	0.305344	0.282443	8.057692
-0.021729	-0.047119	0.901855	-2.312977	0.496183	0.503817	8.067795
-0.016357	-0.037842	0.898438	-2.488550	1.145038	0.396947	8.077246
-0.031494	-0.039551	0.916992	-2.053435	1.595420	1.152672	8.087337
-0.010498	-0.030029	0.897949	-3.175573	0.541985	0.335878	8.096899
-0.024414	-0.050049	0.908691	-1.633588	0.694656	0.755725	8.107877
-0.019287	-0.049316	0.916504	-1.030534	0.824427	0.374046	8.117934
-0.014160	-0.034912	0.921631	-2.083969	0.969466	0.083969	8.128052
-0.020264	-0.037598	0.914795	-2.274809	0.946565	0.068702	8.137928
-0.018066	-0.043945	0.916016	-2.267176	1.503817	0.435115	8.147445
-0.032715	-0.047363	0.913330	-2.679389	1.862595	0.709924	8.158682
-0.021973	-0.036865	0.911621	-3.045802	1.335878	0.534351	8.169005
-0.025391	-0.038086	0.914307	-3.221374	0.786260	0.488550	8.178869
-0.028564	-0.051514	0.916260	-2.206107	0.389313	0.190840	8.189131
-0.024902	-0.036377	0.908936	-2.351145	0.198473	0.809160	8.199833
-0.021729	-0.040771	0.914551	-2.328244	0.351145	1.022901	8.209997
-0.015869	-0.046143	0.916504	-2.450382	0.389313	1.160305	8.219439
-0.020264	-0.044922	0.914795	-2.564885	0.213740	1.068702	8.228787
-0.020996	-0.055908	0.908447	-2.770992	0.038168	0.961832	8.239830
-0.023682	-0.038574	0.911377	-2.603053	0.267176	0.854962	8.250192
-0.031494	-0.049805	0.902588	-2.656489	0.053435	0.656489	8.260003
-0.020264	-0.040283	0.914062	-2.312977	-0.061069	0.389313	8.270150
-0.016357	-0.041748	0.905518	-2.503817	0.129771	0.312977	8.280556
-0.022461	-0.039062	0.911865	-2.717557	1.129771	0.709924	8.290648
-0.018311	-0.046387	0.909912	-3.374046	1.641221	1.030534	8.303272
-0.020508	-0.048828	0.916260	-3.770992	1.396947	1.183206	8.313645
-0.028076	-0.048340	0.914795	-3.129771	1.290076	0.885496	8.323440
-0.030762	-0.048584	0.920166	-2.931298	1.015267	0.748092	8.333916
-0.032471	-0.051514	0.912598	-2.129771	0.519084	0.511450	8.343422
-0.020996	-0.043701	0.908447	-1.709924	-0.099237	0.717557	8.354451
-0.029297	-0.038574	0.914551	-1.916031	-0.274809	0.519084	8.364721
-0.023926	-0.045654	0.910889	-1.633588	0.106870	0.824427	8.374373
-0.028809	-0.043701	0.910645	-2.389313	0.183206	0.984733	8.385079
-0.029785	-0.049561	0.919189	-2.229008	0.557252	1.152672	8.395795
-0.025635	-0.045654	0.916016	-2.618321	0.786260	1.312977	8.405677
-0.027832	-0.060059	0.913086	-1.870229	0.404580	1.015267	8.415275
-0.023926	-0.054688	0.917236	-1.488550	-0.267176	0.755725	8.426021
-0.026855	-0.047852	0.915283	-1.580153	-0.671756	0.748092	8.436732
-0.017334	-0.047607	0.900635	-1.648855	-0.824427	0.404580	8.446811
-0.015869	-0.034424	0.907959	-2.694656	-0.198473	1.030534	8.456758
-0.019775	-0.043701	0.916260	-2.099237	0.259542	0.809160	8.467387
-0.017090	-0.052979	0.913818	-2.755725	0.458015	0.656489	8.477350
-0.022705	-0.048340	0.912354	-2.748092	0.473282	0.839695	8.487649
-0.031738	-0.048584	0.919922	-3.160305	0.427481	0.816794	8.497989
-0.019775	-0.040283	0.910889	-3.885496	0.229008	0.465649	8.509473
-0.021729	-0.046143	0.923828	-3.671756	-0.007634	0.229008	8.520355
-0.023193	-0.041992	0.914551	-3.213740	-0.221374	0.519084	8.530146
-0.016357	-0.041016	0.916260	-3.114504	0.259542	0.862595	8.539987
-0.028320	-0.046143	0.907471	-3.122137	0.221374	1.129771	8.551001
-0.022949	-0.046631	0.921875	-2.885496	-0.068702	1.061069	8.561441
-0.028320	-0.044678	0.906982	-2.671756	0.343511	0.961832	8.570952
-0.029785	-0.052979	0.906006	-2.381679	0.687023	0.167939	8.580622
-0.027344	-0.044189	0.904785	-2.702290	0.587786	0.175573	8.590151
-0.016357	-0.040771	0.899414	-3.030534	1.259542	0.030534	8.601394
-0.010986	-0.049561	0.902344	-2.473282	2.244275	0.091603	8.611860
-0.031250	-0.040283	0.910156	-1.717557	2.206107	0.519084	8.622249
-0.024902	-0.043213	0.910645	-2.137405	1.244275	0.656489	8.631785
-0.029053	-0.052002	0.910400	-3.908397	0.198473	1.206107	8.641601
-0.029297	-0.050293	0.909912	-2.290076	0.267176	1.167939	8.652581
-0.027100	-0.053711	0.912354	-2.282443	0.198473	-0.015267	8.662863
-0.039551	-0.052734	0.920410	-2.305344	-0.274809	0.442748	8.672315
-0.040283	-0.056396	0.909424	-2.687023	-0.809160	0.221374	8.682029
-0.014160	-0.057617	0.909180	-2.702290	-0.503817	-0.244275	8.693049
-0.029541	-0.052734	0.914795	-1.503817	0.129771	0.259542	8.703521
-0.029297	-0.049316	0.903320	-1.320611	0.427481	0.267176	8.713106
-0.028320	-0.047607	0.906250	-2.083969	0.557252	0.664122	8.723456
-0.035645	-0.052979	0.910889	-2.572519	0.862595	0.511450	8.733469
-0.033691	-0.067383	0.915039	-2.664122	1.030534	0.114504	8.743968
-0.034912	-0.071289	0.906982	-2.450382	0.748092	-0.045802	8.753599
-0.036865	-0.070557	0.902832	-1.801527	0.282443	-0.526718	8.764259
-0.032715	-0.069336	0.897705	-1.541985	0.030534	-1.328244	8.774587
-0.020264	-0.058350	0.894043	-1.381679	0.458015	-1.541985	8.784518
-0.006348	-0.051270	0.898438	-1.885496	1.648855	-1.381679	8.794311
-0.018799	-0.038574	0.918457	-4.007634	2.274809	-1.206107	8.804987
-0.024658	-0.048584	0.917969	-3.816794	2.534351	-2.091603	8.815075
-0.012207	-0.045410	0.923584	-5.839695	2.244275	-1.946565	8.825458
-0.019287	-0.041260	0.918213	-3.297710	2.160305	-0.931298	8.834837
-0.028809	-0.041260	0.928711	-1.992366	0.763359	-1.244275	8.845718
-0.023193	-0.037598	0.916992	-1.229008	0.022901	-0.648855	8.855949
-0.019775	-0.032715	0.912354	-1.549618	-1.152672	-0.145038	8.866215
-0.018799	-0.031494	0.922363	-1.312977	-1.305344	0.038168	8.875631
-0.013916	-0.029053	0.907959	-1.534351	-0.809160	-0.229008	8.885967
-0.009521	-0.024658	0.909180	-2.343511	-0.526718	-0.229008	8.896576
-0.021973	-0.041260	0.913574	-3.106870	0.633588	1.083969	8.906740
-0.014404	-0.044434	0.907959	-2.465649	1.221374	-0.083969	8.916080
-0.023438	-0.044434	0.911377	-1.870229	0.938931	0.106870	8.926508
-0.011719	-0.049072	0.908936	-1.335878	0.099237	0.167939	8.936566
-0.015381	-0.041748	0.911133	-0.916031	0.374046	-0.198473	8.946737
-0.014404	-0.034668	0.914062	-1.007634	0.282443	0.091603	8.956193
-0.018066	-0.046631	0.910156	-2.526718	0.259542	0.251908	8.965627
-0.027344	-0.032471	0.913574	-3.076336	0.183206	-0.259542	8.976872
-0.007324	-0.043945	0.904053	-1.969466	1.198473	1.374046	8.987147
-0.015625	-0.041504	0.909180	-2.236641	0.572519	0.938931	8.997080
-0.016113	-0.039062	0.912598	-1.992366	0.167939	1.167939	9.006496
-0.022949	-0.039551	0.910889	-2.083969	-0.091603	1.351145	9.017142
-0.016357	-0.040771	0.906250	-1.816794	0.099237	1.572519	9.027585
-0.008057	-0.049316	0.901367	-2.129771	0.259542	1.824427	9.037286
-0.024170	-0.040283	0.902588	-1.687023	0.236641	2.038168	9.046931
-0.030029	-0.051758	0.909668	-2.290076	0.068702	1.824427	9.058377
-0.020020	-0.050293	0.905762	-1.870229	0.351145	1.595420	9.068981
-0.024414	-0.051270	0.907471	-1.297710	0.717557	1.160305	9.079014
-0.024902	-0.058838	0.916260	-1.671756	0.847328	1.000000	9.088703
-0.026367	-0.038330	0.917236	-1.893130	0.458015	1.076336	9.098803
-0.021729	-0.055176	0.918213	-1.961832	0.572519	1.083969	9.109940
-0.027344	-0.050781	0.917480	-1.274809	0.488550	0.877863	9.120353
-0.025879	-0.057129	0.926025	-1.786260	0.152672	0.664122	9.129889
-0.019287	-0.057373	0.909180	-1.732824	0.053435	0.870229	9.139714
-0.025635	-0.052246	0.919922	-1.923664	-0.091603	0.526718	9.151142
-0.025391	-0.047363	0.915771	-0.007634	0.152672	0.671756	9.161187
-0.021240	-0.046631	0.907471	-2.167939	-0.259542	0.351145	9.170747
-0.016113	-0.044922	0.917725	-2.167939	-0.206107	0.435115	9.181652
-0.017090	-0.053467	0.921387	-2.473282	-0.206107	0.610687	9.192146
-0.025879	-0.046875	0.908936	-3.030534	-0.229008	0.580153	9.202549
-0.024902	-0.054688	0.913086	-2.687023	-0.465649	0.770992	9.212199
-0.028320	-0.049561	0.909912	-2.595420	-0.335878	0.847328	9.221978
-0.020996	-0.049316	0.912354	-2.549618	-0.320611	0.458015	9.231437
-0.017334	-0.055176	0.911865	-1.763359	-0.412214	0.290076	9.241436
-0.023682	-0.052246	0.905518	-1.404580	-0.312977	-0.053435	9.253050
-0.023193	-0.047363	0.916748	-2.038168	0.351145	0.145038	9.263386
-0.022461	-0.049072	0.918945	-2.404580	0.702290	0.038168	9.272879
-0.019775	-0.057861	0.916992	-2.694656	1.000000	0.213740	9.283654
-0.018555	-0.055420	0.916016	-3.022901	0.877863	0.374046	9.294184
-0.029541	-0.039551	0.916260	-3.106870	0.267176	0.229008	9.303669
-0.021973	-0.053711	0.906494	-2.778626	0.091603	0.167939	9.314106
-0.018555	-0.045654	0.911377	-2.328244	-0.282443	0.137405	9.324605
-0.020508	-0.044189	0.907959	-2.564885	-0.061069	0.106870	9.334562
-0.018799	-0.039307	0.906982	-3.053435	0.244275	0.541985	9.344341
-0.024170	-0.052979	0.919434	-3.335878	0.473282	0.389313	9.354707
-0.026367	-0.049561	0.912354	-3.465649	0.793893	0.412214	9.365239
-0.025879	-0.057373	0.916504	-3.465649	0.900763	0.412214	9.375187
-0.026123	-0.048828	0.913330	-3.900763	0.687023	-0.015267	9.384813
-0.019043	-0.051270	0.908447	-3.839695	0.488550	-0.175573	9.395520
-0.021729	-0.048828	0.913086	-4.114504	1.190840	-0.305344	9.405816
-0.019043	-0.042236	0.920410	-4.000000	1.244275	-0.351145	9.415852
-0.021729	-0.056641	0.926758	-3.809160	1.198473	-0.351145	9.425242
-0.018799	-0.049072	0.911621	-3.358779	0.572519	-0.061069	9.435974
-0.020752	-0.047363	0.927734	-2.633588	0.519084	-0.244275	9.446127
-0.022949	-0.041016	0.919434	-2.969466	-0.244275	-0.152672	9.456265
-0.021973	-0.044189	0.915039	-2.839695	-0.458015	-0.221374	9.465764
-0.016846	-0.038574	0.910889	-2.786260	-0.267176	-0.488550	9.476412
-0.019775	-0.045410	0.907959	-2.740458	0.106870	-0.572519	9.486676
-0.020996	-0.046875	0.911377	-2.480916	0.419847	-0.389313	9.496328
-0.014160	-0.046875	0.920898	-2.603053	-1.954198	-0.099237	9.505830
-0.024902	-0.049072	0.918213	-2.083969	-0.175573	0.312977	9.517175
-0.015625	-0.042725	0.916992	-2.328244	-0.641221	0.381679	9.527568
-0.010498	-0.050537	0.921387	-2.030534	-1.015267	0.145038	9.537776
-0.017090	-0.044922	0.910156	-1.763359	-0.786260	-0.083969	9.547288
-0.028320	-0.043701	0.916016	-2.435115	-0.633588	0.129771	9.557833
-0.009766	-0.040039	0.906982	-1.969466	-0.778626	-0.137405	9.568302
-0.013184	-0.042969	0.898926	-4.664122	-0.038168	0.030534	9.578218
-0.011719	-0.047852	0.921143	-4.816794	0.687023	0.106870	9.587625
-0.018311	-0.051514	0.913818	-4.000000	0.740458	0.221374	9.598820
-0.019531	-0.057617	0.913330	-3.076336	0.221374	0.183206	9.609037
-0.017090	-0.046875	0.913818	-2.587786	0.358779	0.587786	9.618842
-0.017578	-0.040039	0.902832	-3.114504	0.076336	0.335878	9.628271
-0.017090	-0.041748	0.912354	-3.404580	0.496183	0.290076	9.639195
-0.013916	-0.044922	0.914551	-2.992366	0.427481	-0.236641	9.649508
-0.014893	-0.050537	0.916748	-3.129771	0.519084	-0.396947	9.659122
-0.020020	-0.046631	0.915527	-3.099237	0.763359	-1.946565	9.668490
-0.013184	-0.044434	0.911133	-2.938931	1.389313	0.137405	9.679829
-0.010498	-0.055176	0.922363	-3.015267	0.763359	0.312977	9.690101
-0.020996	-0.049316	0.917969	-2.839695	0.763359	0.267176	9.700157
-0.020020	-0.053223	0.918457	-2.717557	-0.206107	0.282443	9.710088
-0.014648	-0.033447	0.908447	-2.496183	-0.694656	0.160305	9.720958
-0.007568	-0.044189	0.907471	-3.152672	-0.900763	0.282443	9.731404
-0.013428	-0.038086	0.894043	-3.045802	0.053435	0.480916	9.740910
-0.013916	-0.050293	0.903320	-3.511450	0.435115	0.503817	9.750900
-0.018066	-0.052246	0.903320	-4.137405	0.954198	0.541985	9.761513
-0.028564	-0.060547	0.902344	-3.328244	0.648855	0.328244	9.772151
-0.027100	-0.058350	0.911621	-2.839695	0.862595	0.328244	9.781766
-0.021240	-0.050781	0.907471	-3.053435	0.259542	0.091603	9.792158
-0.001953	-0.053467	0.896484	-2.572519	0.007634	-0.496183	9.802631
-0.011719	-0.051025	0.900879	-2.702290	0.328244	0.664122	9.813183
-0.021729	-0.050049	0.911133	-3.015267	0.320611	0.854962	9.822882
-0.008545	-0.052002	0.915527	-2.900763	0.572519	0.244275	9.833540
-0.011230	-0.054199	0.916260	-2.862595	-0.061069	0.877863	9.844103
-0.025146	-0.055420	0.923828	-3.236641	-0.595420	0.633588	9.854214
-0.020508	-0.056885	0.914062	-3.580153	-0.564885	0.389313	9.863646
-0.014893	-0.055420	0.924805	-3.564885	-0.740458	0.328244	9.873190
-0.012939	-0.050049	0.915039	-3.671756	-0.564885	0.190840	9.882820
-0.013184	-0.057373	0.900879	-3.824427	-0.305344	0.091603	9.894330
-0.017578	-0.061768	0.915771	-3.717557	-0.213740	0.106870	9.904465
-0.013672	-0.058594	0.911377	-4.022901	-0.160305	0.290076	9.913894
-0.020264	-0.060791	0.910645	-4.152672	-0.740458	0.427481	9.923285
-0.019043	-0.056641	0.911865	-4.122137	-1.099237	0.328244	9.932852
-0.011230	-0.056885	0.905029	-4.114504	-1.480916	0.404580	9.942976
-0.021484	-0.061768	0.907471	-3.549618	-1.152672	0.335878	9.952592
-0.021240	-0.055908	0.895264	-3.366412	-1.068702	-0.099237	9.962065
-0.011475	-0.059082	0.893555	-3.091603	-0.061069	-0.183206	9.974585
-0.011719	-0.054688	0.902832	-3.183206	0.694656	-0.259542	9.984915
-0.009521	-0.058105	0.910645	-3.755725	1.061069	-0.335878	9.994563
-0.015137	-0.053711	0.910889	-3.977099	1.396947	-0.625954	10.005177
-0.015381	-0.068359	0.906006	-3.213740	1.183206	-0.244275	10.015455
-0.017090	-0.057373	0.905762	-2.709924	0.519084	-0.076336	10.025589
-0.018066	-0.052490	0.905273	-2.427481	-0.045802	-0.122137	10.035035
-0.014893	-0.055908	0.910156	-2.809160	0.198473	0.053435	10.046074
-0.012207	-0.053223	0.908936	-3.358779	0.442748	-0.083969	10.056541
-0.010742	-0.053223	0.901855	-3.641221	0.694656	0.007634	10.066196
-0.012695	-0.056885	0.911865	-3.580153	0.809160	0.091603	10.075696
-0.012939	-0.062012	0.916504	-3.335878	0.412214	0.022901	10.086207
-0.007080	-0.058350	0.923828	-2.870229	0.145038	-0.106870	10.096839
-0.007080	-0.058594	0.915283	-3.236641	-0.114504	0.129771	10.107053
-0.007568	-0.049072	0.920898	-4.297710	-0.450382	0.053435	10.117253
-0.009766	-0.052979	0.916504	-3.106870	-0.412214	0.206107	10.126810
-0.021484	-0.058350	0.917969	-2.038168	-0.129771	-0.068702	10.137564
-0.005371	-0.041992	0.908447	-2.580153	-0.198473	0.175573	10.148107
-0.011475	-0.053955	0.911621	-3.007634	0.267176	0.389313	10.157915
-0.014648	-0.052002	0.896484	-2.847328	0.007634	0.488550	10.167441
-0.002197	-0.066650	0.912354	-2.587786	-0.251908	0.267176	10.178186
-0.002441	-0.067383	0.902100	-2.160305	-0.129771	0.526718	10.188316
-0.012451	-0.054199	0.920898	-2.854962	0.244275	0.259542	10.197987
-0.011963	-0.057129	0.903320	-2.977099	0.442748	-0.282443	10.207457
-0.013916	-0.062988	0.911621	-0.740458	1.748092	-0.465649	10.216856
-0.022461	-0.051270	0.906250	-2.099237	-0.122137	-0.641221	10.228305
-0.006592	-0.049805	0.891357	-2.946565	0.198473	-0.198473	10.238137
-0.010010	-0.051270	0.905518	-3.381679	0.122137	0.267176	10.247842
-0.009766	-0.056641	0.927734	-3.274809	0.435115	0.740458	10.258802
-0.012939	-0.064453	0.910400	-2.488550	0.282443	0.862595	10.268636
-0.007812	-0.065430	0.908691	-1.038168	1.022901	0.694656	10.278022
-0.013672	-0.060303	0.905273	-1.343511	0.671756	0.137405	10.288730
-0.017090	-0.049072	0.914551	-2.320611	0.641221	0.007634	10.301900
-0.010986	-0.059082	0.906982	-2.885496	0.610687	-0.129771	10.311782
-0.011230	-0.052979	0.909180	-2.923664	0.992366	-0.335878	10.321225
-0.010986	-0.056152	0.907715	-2.580153	0.931298	0.190840	10.332658
-0.011963	-0.055664	0.914795	-2.679389	0.427481	0.534351	10.342979
-0.013184	-0.059570	0.916504	-3.076336	0.030534	0.862595	10.352635
-0.012695	-0.053711	0.914795	-3.549618	0.145038	0.732824	10.362336
-0.007568	-0.054932	0.907227	-3.389313	0.458015	0.496183	10.372920
-0.013428	-0.057373	0.912354	-2.832061	0.916031	0.076336	10.383630
-0.011475	-0.061768	0.902344	-2.526718	0.908397	-0.045802	10.393547
0.012207	-0.055664	0.907471	-0.007634	1.404580	0.068702	10.404389
-0.011963	-0.055664	0.911377	-2.519084	1.763359	0.015267	10.414793
-0.005859	-0.056396	0.922363	-3.396947	1.916031	0.091603	10.424741
-0.010254	-0.067139	0.923584	-3.877863	1.374046	0.122137	10.434181
-0.025146	-0.064697	0.919434	-3.335878	0.900763	-0.114504	10.445204
-0.021484	-0.058838	0.912842	-2.442748	-0.114504	0.022901	10.455611
-0.012451	-0.052979	0.908691	-1.809160	-0.251908	-0.007634	10.465917
-0.005859	-0.054199	0.906006	-2.137405	0.038168	0.305344	10.475312
-0.010986	-0.060303	0.921387	-2.343511	0.297710	0.374046	10.486020
-0.009766	-0.056885	0.917969	-1.877863	0.633588	0.335878	10.496176
-0.009766	-0.052979	0.911865	-2.358779	0.770992	0.404580	10.505573
-0.013672	-0.054199	0.912354	-2.664122	0.480916	0.412214	10.515092
-0.015381	-0.061035	0.908936	-3.152672	0.091603	0.290076	10.525909
-0.015869	-0.057129	0.914307	-3.091603	-0.374046	0.030534	10.536278
-0.013916	-0.057861	0.907959	-2.961832	-0.595420	-0.229008	10.546442
-0.007812	-0.052734	0.910156	-3.068702	-0.412214	-1.954198	10.556549
-0.003662	-0.050781	0.908691	-3.137405	0.091603	0.061069	10.566967
-0.009521	-0.055176	0.916992	-3.091603	1.251908	0.244275	10.576703
0.024170	-0.051270	0.904297	-1.694656	2.526718	0.908397	10.586082
-0.046631	-0.050293	0.923096	-3.114504	1.183206	0.129771	10.596096
-0.004883	-0.061035	0.905762	-2.778626	0.190840	0.648855	10.606058
-0.020264	-0.056641	0.913086	-3.068702	-0.648855	0.427481	10.616667
-0.006348	-0.058105	0.903076	-2.671756	-0.152672	0.160305	10.626164
-0.008301	-0.053711	0.902588	-2.809160	-0.190840	0.175573	10.636587
-0.009766	-0.057373	0.903076	-2.824427	0.763359	0.229008	10.647004
-0.006592	-0.057129	0.904053	-3.160305	0.595420	0.198473	10.657173
-0.010742	-0.059570	0.907227	-3.312977	0.465649	0.587786	10.666775
0.000732	-0.063965	0.908447	-2.908397	1.145038	0.793893	10.677326
-0.010986	-0.063477	0.904297	-2.816794	1.396947	0.656489	10.687559
-0.015381	-0.063232	0.904541	-2.977099	1.167939	0.641221	10.697782
-0.016602	-0.059570	0.891846	-3.099237	1.358779	0.412214	10.707632
-0.010498	-0.060791	0.895264	-2.748092	1.389313	0.045802	10.718206
-0.004883	-0.064209	0.891846	-2.282443	1.610687	0.038168	10.728504
-0.012939	-0.055664	0.908447	-2.160305	1.862595	0.076336	10.738069
-0.009766	-0.057129	0.894287	-2.145038	1.786260	0.007634	10.747603
-0.012695	-0.059570	0.902344	-1.854962	1.511450	0.206107	10.758570
-0.010254	-0.058350	0.918701	-2.053435	1.167939	0.503817	10.768925
-0.014648	-0.057129	0.920654	-2.473282	0.984733	0.312977	10.778845
-0.015381	-0.060791	0.915527	-1.893130	1.137405	0.564885	10.788394
-0.019531	-0.048340	0.921387	-1.702290	1.618321	0.656489	10.799354
-0.015381	-0.058594	0.915527	-1.534351	1.145038	0.694656	10.809542
-0.016357	-0.075928	0.919678	-1.145038	0.694656	0.732824	10.819356
-0.002930	-0.056641	0.922363	-2.236641	0.206107	0.862595	10.828843
-0.007812	-0.055664	0.919922	-2.870229	0.778626	0.931298	10.838549
-0.022705	-0.054688	0.912354	-3.480916	0.442748	0.580153	10.849949
-0.017334	-0.059570	0.905762	-3.793893	0.427481	0.267176	10.859876
-0.012939	-0.060547	0.921143	-3.244275	0.496183	0.152672	10.869480
-0.015381	-0.061279	0.914795	-2.137405	0.137405	0.473282	10.880141
-0.018799	-0.061279	0.911133	-1.465649	-0.458015	0.603053	10.890512
-0.017334	-0.056396	0.900879	-0.694656	-0.725191	0.900763	10.900601
-0.016846	-0.055664	0.895752	-0.473282	-0.778626	0.862595	10.911378
-0.010742	-0.054199	0.900391	-0.725191	-0.091603	0.717557	10.921858
-0.011719	-0.055420	0.895020	-1.251908	0.595420	0.427481	10.931769
-0.008545	-0.052979	0.894775	-1.335878	1.274809	0.274809	10.941389
-0.006348	-0.055420	0.897705	-1.816794	1.862595	0.473282	10.951878
-0.008301	-0.064453	0.906250	-2.053435	1.687023	0.244275	10.962700
-0.007080	-0.062744	0.911133	-2.053435	1.259542	0.206107	10.972989
-0.008057	-0.063721	0.905273	-2.389313	1.312977	-0.038168	10.982506
-0.009033	-0.062744	0.909180	-2.908397	1.343511	0.000000	10.992233
-0.017578	-0.059814	0.903564	-2.824427	1.610687	-0.358779	11.003265
-0.016113	-0.062012	0.910889	-2.511450	1.931298	-0.458015	11.013523
-0.016113	-0.052490	0.904297	-1.977099	1.740458	-0.412214	11.023048
-0.016113	-0.050293	0.910889	-1.045802	1.297710	-0.137405	11.033921
-0.011475	-0.050049	0.917236	-1.229008	0.961832	0.274809	11.044194
-0.011475	-0.056152	0.912109	-1.083969	0.732824	0.519084	11.054163
-0.005859	-0.050049	0.908447	-1.351145	1.221374	0.709924	11.063801
-0.009033	-0.044922	0.919434	-1.206107	1.702290	0.839695	11.074545
-0.012939	-0.044678	0.912354	-1.877863	1.213740	0.412214	11.084647
-0.004639	-0.051270	0.917480	-1.305344	1.595420	0.534351	11.094309
-0.010254	-0.050781	0.921143	-1.007634	1.358779	0.778626	11.105338
-0.003662	-0.045654	0.925049	-1.473282	1.244275	1.045802	11.115820
-0.007324	-0.047607	0.933594	-1.381679	1.305344	1.465649	11.125334
-0.005615	-0.052246	0.936279	-1.755725	0.572519	1.442748	11.134754
-0.015137	-0.053223	0.945312	-3.259542	0.381679	1.244275	11.144499
-0.020752	-0.054199	0.926758	-4.221374	0.099237	1.083969	11.154110
-0.016846	-0.055420	0.914062	-4.351145	-0.946565	1.083969	11.163526
-0.015381	-0.062744	0.911621	-3.267176	-1.358779	1.465649	11.175500
-0.002930	-0.051514	0.910400	-2.122137	-1.458015	1.793893	11.185855
0.002197	-0.057129	0.916504	-1.519084	-1.122137	2.366412	11.195992
-0.004883	-0.056641	0.906982	-1.923664	-0.671756	2.358779	11.206675
-0.015625	-0.058594	0.908447	-2.557252	-0.465649	2.282443	11.216926
-0.012695	-0.062988	0.905029	-3.419847	-0.267176	1.664122	11.226388
-0.029785	-0.069092	0.907227	-3.152672	-0.213740	0.687023	11.237002
-0.015869	-0.056396	0.897949	-2.015267	-0.480916	0.221374	11.247529
-0.006836	-0.058105	0.890869	-1.328244	-0.030534	0.305344	11.257558
-0.009521	-0.049072	0.903320	-2.099237	0.572519	0.465649	11.267233
-0.010498	-0.051758	0.911621	-2.251908	1.030534	0.587786	11.276676
-0.018555	-0.054688	0.927002	-3.198473	0.984733	0.603053	11.287649
-0.016846	-0.057617	0.911377	-2.908397	0.870229	0.465649	11.297780
-0.019043	-0.056396	0.911865	-1.916031	0.007634	0.442748	11.307703
-0.021240	-0.059082	0.906982	-0.954198	-0.572519	0.687023	11.317182
-0.006592	-0.045166	0.916260	-1.175573	-0.656489	0.931298	11.327927
-0.011475	-0.041748	0.923340	-2.702290	-1.923664	0.320611	11.338445
-0.010498	-0.047852	0.915771	-3.503817	-0.358779	1.091603	11.348618
-0.015869	-0.056152	0.919189	-3.732824	0.404580	0.938931	11.358055
-0.021729	-0.063232	0.917969	-3.320611	-0.641221	0.832061	11.369209
-0.022217	-0.062988	0.922119	-2.610687	-1.198473	0.877863	11.379447
-0.021484	-0.055176	0.921387	-1.969466	-1.893130	1.053435	11.389407
-0.014893	-0.055420	0.912598	-2.206107	-1.778626	1.290076	11.399939
-0.011719	-0.054443	0.909424	-2.587786	-1.160305	1.381679	11.410465
-0.009033	-0.055908	0.905518	-3.251908	-0.549618	0.900763	11.420366
-0.013428	-0.057129	0.909912	-3.625954	-0.190840	0.786260	11.429798
-0.016113	-0.070068	0.914307	-3.786260	0.076336	0.603053	11.439868
-0.011963	-0.062256	0.907959	-3.748092	0.305344	0.229008	11.449978
-0.012939	-0.066406	0.906982	-3.992366	0.000000	0.091603	11.460636
-0.013428	-0.070068	0.895264	-3.763359	-0.167939	-0.526718	11.471276
-0.006592	-0.048584	0.901123	-4.000000	0.587786	0.229008	11.481680
-0.007812	-0.054932	0.915527	-4.396947	0.732824	0.748092	11.491804
-0.004639	-0.059570	0.917725	-4.312977	1.000000	0.526718	11.501525
-0.007080	-0.060059	0.907471	-4.068702	0.786260	0.641221	11.511111
-0.004639	-0.060303	0.903809	-3.664122	0.725191	0.809160	11.521465
-0.005859	-0.060547	0.902100	-3.458015	0.358779	0.977099	11.532270
-0.002441	-0.065430	0.890137	-2.664122	0.526718	0.984733	11.541815
-0.009033	-0.055664	0.900879	-2.435115	0.732824	1.076336	11.552532
-0.007812	-0.060303	0.910645	-2.938931	0.847328	0.717557	11.562665
-0.013184	-0.079102	0.905029	-1.099237	0.801527	0.045802	11.573064
-0.015869	-0.067383	0.896729	-0.160305	0.671756	0.030534	11.582521
-0.005615	-0.057617	0.917480	-0.595420	0.824427	0.007634	11.592020
-0.011475	-0.056396	0.918213	-1.748092	1.145038	0.106870	11.601653
-0.009033	-0.054932	0.910645	-2.312977	1.160305	0.007634	11.611316
-0.007080	-0.063965	0.911377	-2.099237	1.167939	0.061069	11.622932
-0.007324	-0.059570	0.913574	-2.389313	1.030534	0.351145	11.633458
-0.010254	-0.065674	0.908203	-2.305344	1.404580	0.534351	11.643006
-0.018799	-0.067383	0.918945	-2.000000	0.961832	0.694656	11.653358
-0.023682	-0.067383	0.923828	-2.091603	0.167939	0.503817	11.664085
-0.020996	-0.059570	0.920166	-2.175573	-0.541985	0.061069	11.674121
-0.009766	-0.052979	0.911865	-2.618321	-0.702290	-0.244275	11.683562
-0.009521	-0.054932	0.913330	-3.259542	-0.709924	-0.633588	11.694825
-0.007812	-0.061768	0.924072	-3.519084	-0.076336	-0.732824	11.704644
-0.009521	-0.057373	0.909668	-2.893130	-0.297710	-0.427481	11.714373
-0.011230	-0.056885	0.924561	-3.099237	-0.167939	0.061069	11.723855
-0.008057	-0.058594	0.922363	-3.503817	-0.419847	0.366412	11.733423
-0.012939	-0.049805	0.921387	-3.801527	-0.572519	0.389313	11.742816
-0.012451	-0.049805	0.926514	-4.000000	-0.129771	-0.091603	11.755242
-0.005127	-0.052734	0.909424	-3.893130	-0.297710	-0.206107	11.764876
-0.010010	-0.054932	0.918701	-3.389313	-0.755725	-0.236641	11.775175
-0.001465	-0.057373	0.902344	-2.732824	-1.160305	-0.145038	11.784569
-0.004150	-0.053955	0.909424	-2.251908	-1.206107	0.465649	11.794207
0.008301	-0.046387	0.907715	-2.320611	-1.068702	0.961832	11.803645
-0.000732	-0.048584	0.906982	-3.442748	-0.511450	1.129771	11.815356
0.009277	-0.058105	0.898682	-4.198473	0.030534	0.740458	11.825494
0.010254	-0.051758	0.910645	-5.007634	1.167939	0.770992	11.834854
-0.000244	-0.064453	0.899658	-4.229008	1.572519	0.320611	11.846180
-0.010498	-0.071777	0.907227	-2.694656	0.832061	-0.160305	11.856469
-0.005127	-0.060059	0.900879	-1.267176	0.366412	0.534351	11.866285
0.009033	-0.058594	0.896484	-1.183206	-0.374046	0.870229	11.875732
0.007080	-0.051270	0.900146	-1.396947	0.610687	1.236641	11.886572
0.007812	-0.052734	0.903076	-2.114504	0.748092	1.366412	11.896931
-0.002686	-0.059326	0.893066	-1.015267	0.137405	1.244275	11.906693
-0.004639	-0.055908	0.900391	-0.900763	-0.282443	1.183206	11.916105
-0.004395	-0.056885	0.891113	-0.519084	-0.328244	1.656489	11.927250
-0.002686	-0.062988	0.888184	0.335878	0.160305	1.832061	11.936968
-0.001953	-0.054688	0.903564	-0.557252	0.435115	2.015267	11.947387
0.004150	-0.063232	0.902588	-1.030534	1.068702	1.870229	11.956761
-0.008789	-0.068115	0.919678	-1.480916	1.740458	1.358779	11.967349
-0.008545	-0.066162	0.919189	-1.809160	2.099237	0.931298	11.977834
-0.015381	-0.057617	0.902100	-1.893130	2.015267	0.702290	11.987806
-0.014160	-0.060791	0.904053	-1.656489	1.847328	0.671756	11.997993
-0.012695	-0.065430	0.912842	-1.137405	1.564885	0.671756	12.008251
-0.005615	-0.063965	0.918213	-0.442748	1.213740	0.870229	12.018629
-0.003418	-0.074707	0.909424	-1.282443	1.427481	3.969466	12.028322
-0.016846	-0.059326	0.917969	-1.755725	1.572519	0.809160	12.037723
-0.014648	-0.060547	0.923828	-2.656489	1.755725	0.366412	12.047332
-0.017822	-0.063232	0.921631	-2.885496	1.396947	0.053435	12.058304
-0.018799	-0.064209	0.917236	-2.488550	0.862595	-0.198473	12.067764
-0.009766	-0.058350	0.916748	-2.160305	0.290076	-0.160305	12.078628
-0.007812	-0.054688	0.918213	-1.564885	0.167939	1.946565	12.088516
-0.009277	-0.055664	0.913086	-1.801527	0.274809	0.198473	12.098390
-0.011230	-0.057373	0.935303	-2.473282	0.564885	-0.038168	12.109295
-0.007080	-0.054688	0.916992	-3.213740	0.603053	-0.076336	12.119590
-0.013916	-0.052979	0.927246	-4.259542	0.175573	-0.137405	12.129110
-0.010986	-0.058105	0.909424	-4.206107	0.015267	-0.603053	12.139407
-0.010010	-0.057129	0.917236	-3.045802	-0.557252	-0.671756	12.150179
-0.012451	-0.049805	0.918701	-2.297710	-0.603053	-0.183206	12.160533
-0.001465	-0.044678	0.911865	-2.061069	-0.198473	0.236641	12.170100
-0.008789	-0.050293	0.917725	-2.038168	1.938931	0.633588	12.180585
0.000977	-0.052002	0.909912	-2.832061	-0.076336	0.687023	12.191387
-0.003906	-0.058105	0.907959	-3.053435	-0.259542	0.320611	12.201363
0.000977	-0.051758	0.910156	-3.213740	-0.068702	0.053435	12.211649
-0.000977	-0.049316	0.911865	-3.389313	-0.374046	-0.366412	12.221225
-0.000977	-0.053955	0.905273	-3.473282	-0.129771	-0.099237	12.231729
0.000488	-0.039307	0.900146	-3.007634	-0.061069	1.946565	12.242123
-0.001465	-0.038818	0.893066	-2.824427	-0.106870	0.335878	12.252801
0.000732	-0.047119	0.903320	-2.389313	0.389313	0.847328	12.262341
0.003418	-0.048584	0.903320	-2.129771	0.603053	0.931298	12.273069
-0.001709	-0.052002	0.898926	-1.778626	1.236641	0.977099	12.283359
-0.004639	-0.040283	0.891357	-1.870229	1.625954	0.732824	12.293075
-0.009033	-0.048828	0.910645	-2.274809	1.503817	0.671756	12.306849
-0.001709	-0.048584	0.911621	-2.916031	1.480916	0.816794	12.316912
-0.008545	-0.054199	0.921631	-2.870229	1.167939	0.824427	12.326373
-0.006104	-0.057373	0.921387	-2.488550	0.893130	1.022901	12.335836
-0.000977	-0.059570	0.915283	-1.893130	0.183206	1.022901	12.346135
-0.010254	-0.055176	0.919678	-2.061069	0.198473	1.076336	12.357496
-0.010742	-0.050293	0.914795	-2.702290	0.190840	0.984733	12.367449
-0.006836	-0.052979	0.903076	-3.221374	0.862595	0.862595	12.377004
-0.007080	-0.064453	0.907959	-2.938931	1.343511	0.938931	12.388374
-0.015381	-0.062256	0.919678	-2.862595	1.259542	0.702290	12.399010
-0.009766	-0.061768	0.909180	-3.137405	0.954198	0.633588	12.408952
-0.011963	-0.059326	0.924072	-3.267176	1.091603	0.221374	12.418360
-0.009521	-0.055908	0.918457	-3.946565	0.381679	0.206107	12.427868
-0.001465	-0.063965	0.923828	-3.793893	0.251908	0.061069	12.437347
-0.009033	-0.056152	0.921631	-3.580153	0.175573	0.190840	12.447476
-0.009521	-0.057373	0.908936	-2.969466	-0.320611	0.419847	12.459160
-0.009277	-0.059570	0.916504	-3.167939	-0.381679	0.778626	12.468821
-0.006348	-0.065918	0.916992	-3.381679	-0.198473	0.954198	12.478257
-0.004639	-0.058838	0.905518	-3.633588	-0.099237	0.877863	12.489171
-0.008545	-0.063477	0.899170	-3.389313	0.335878	0.770992	12.499618
0.014893	-0.055176	0.906494	-3.839695	0.961832	0.709924	12.509386
-0.027832	-0.062012	0.919434	-4.732824	-1.854962	1.862595	12.519094
0.005859	-0.046631	0.912354	-2.854962	1.969466	-0.183206	12.530033
-0.009033	-0.063232	0.890381	-2.045802	1.442748	0.366412	12.539947
-0.014404	-0.070801	0.902588	-2.312977	-0.160305	1.198473	12.549432
-0.004150	-0.047852	0.904541	-1.923664	3.122137	-0.755725	12.560207
-0.018311	-0.052490	0.919189	-1.549618	3.244275	0.916031	12.570545
-0.013428	-0.061768	0.910156	-1.832061	2.679389	1.343511	12.580202
0.013428	-0.065918	0.904297	-1.137405	4.068702	4.526718	12.590608
-0.016113	-0.063232	0.919678	-1.251908	2.000000	0.473282	12.601285
-0.023438	-0.055908	0.909912	-3.038168	1.290076	0.396947	12.611280
-0.014648	-0.050781	0.920166	-2.954198	2.648855	0.022901	12.620679
-0.032471	-0.050781	0.925537	-3.053435	2.610687	1.946565	12.630210
-0.007324	-0.068604	0.920410	-2.236641	0.916031	1.320611	12.640161
-0.020264	-0.071045	0.924561	-2.618321	-0.503817	2.404580	12.649859
-0.018066	-0.053223	0.922852	-1.679389	1.068702	2.175573	12.660644
-0.023193	-0.048828	0.930420	-2.870229	-1.061069	1.786260	12.670236
-0.002197	-0.064209	0.920410	-2.900763	-0.679389	1.679389	12.680804
-0.001709	-0.062744	0.911621	-2.648855	-0.061069	1.206107	12.691966
-0.003906	-0.050537	0.931396	-3.297710	-0.076336	0.259542	12.702881
-0.005615	-0.062988	0.909668	-3.106870	0.702290	0.763359	12.713980
-0.011475	-0.057129	0.916260	-2.732824	-0.267176	-0.496183	12.724864
-0.005127	-0.047119	0.907471	-2.610687	-0.145038	0.068702	12.735818
-0.007324	-0.044434	0.918945	-3.580153	-0.183206	0.435115	12.746868
0.011230	-0.052734	0.923096	-4.816794	-0.656489	0.412214	12.757869
-0.012939	-0.059082	0.908447	-5.435115	-0.694656	0.625954	12.768914
-0.003174	-0.052734	0.901367	-6.709924	-1.625954	-0.229008	12.780074
-0.010742	-0.057373	0.909424	-5.778626	-2.374046	-0.786260	12.791291
-0.001709	-0.059570	0.906982	-5.152672	-3.534351	-1.366412	12.802513
0.003418	-0.052490	0.905273	-3.847328	-3.312977	-0.091603	12.813625
-0.005127	-0.056641	0.903076	-3.793893	-1.885496	0.374046	12.824810
-0.007324	-0.071289	0.898682	-3.091603	0.473282	0.290076	12.835878
-0.014893	-0.064209	0.917725	-4.770992	-0.152672	0.091603	12.847002
-0.001221	-0.066895	0.893066	-3.984733	0.435115	0.038168	12.857791
-0.006104	-0.078613	0.889893	-3.465649	-0.022901	-0.358779	12.868971
-0.011719	-0.076416	0.898438	-3.618321	-1.236641	-1.954198	12.880027
0.009033	-0.081055	0.892822	-2.778626	1.595420	0.122137	12.891275
-0.001709	-0.072754	0.905273	-2.748092	0.809160	0.290076	12.902391
0.003174	-0.083252	0.910889	-2.885496	1.755725	-0.419847	12.913467
-0.015625	-0.087402	0.898682	-2.290076	3.106870	-1.290076	12.924598
-0.026367	-0.074707	0.905762	-3.312977	0.374046	-0.755725	12.935463
-0.015381	-0.071045	0.913818	-4.656489	-0.145038	-0.648855	12.946701
0.019531	-0.051514	0.898193	-1.595420	1.396947	-0.786260	12.957974
0.001953	-0.073975	0.920410	-1.526718	2.290076	-0.557252	12.969031
-0.016113	-0.072266	0.918457	-3.083969	0.053435	-0.404580	12.979881
-0.006592	-0.067139	0.914551	-2.954198	-1.221374	1.061069	12.991071
-0.015869	-0.087891	0.925049	-2.190840	0.618321	-1.198473	13.002483
-0.021240	-0.053955	0.924805	-2.549618	1.480916	-0.061069	13.013332
-0.009033	-0.070312	0.914307	-3.702290	0.854962	-0.877863	13.024721
0.006104	-0.068115	0.901611	-2.870229	0.839695	-0.847328	13.035617
-0.007080	-0.062988	0.917725	-2.022901	1.312977	-0.923664	13.046768
-0.000488	-0.066650	0.911621	-1.603053	0.992366	-0.572519	13.057647
-0.004395	-0.063232	0.901611	-1.984733	0.511450	-0.633588	13.068426
-0.001709	-0.059326	0.916016	-2.641221	0.480916	-0.549618	13.079166
-0.011719	-0.070801	0.916260	-2.900763	-0.694656	-1.038168	13.090353
-0.008789	-0.067383	0.913574	-1.709924	-0.297710	-0.709924	13.101435
-0.007812	-0.057129	0.914795	-1.893130	-0.282443	-0.534351	13.112620
0.077637	-0.079590	0.880371	0.748092	4.969466	-1.854962	13.123676
-0.018066	-0.049561	0.927734	-4.893130	-2.473282	0.480916	13.134720
0.003906	-0.064941	0.905518	-0.007634	0.625954	-0.251908	13.145858
0.020996	-0.062988	0.913330	-1.091603	2.312977	-0.801527	13.156899
-0.028809	-0.044189	0.937744	-3.870229	1.152672	-1.893130	13.167888
-0.012207	-0.066406	0.919189	-2.748092	0.854962	-0.832061	13.178659
-0.011475	-0.052002	0.918945	-1.977099	-0.045802	-0.755725	13.189710
-0.018799	-0.048584	0.907715	-3.351145	-2.229008	1.450382	13.200912
0.002441	-0.054688	0.901123	-1.908397	0.229008	-1.809160	13.211736
-0.027832	-0.060547	0.915527	-2.641221	-4.351145	2.396947	13.222699
-0.007812	-0.056885	0.906494	-2.022901	-1.862595	0.213740	13.233823
-0.006104	-0.071045	0.895996	-1.793893	-1.137405	0.541985	13.244990
-0.023193	-0.044678	0.915527	-2.625954	0.122137	0.198473	13.255879
-0.009766	-0.045166	0.915771	-2.129771	3.709924	-0.038168	13.266660
-0.018311	-0.068604	0.899658	-2.534351	2.694656	-2.312977	13.277783
-0.008545	-0.065186	0.904541	-1.442748	1.702290	-0.351145	13.288668
0.016846	-0.048096	0.902588	-0.656489	0.526718	0.137405	13.299812
-0.000488	-0.058105	0.904785	-0.671756	1.977099	0.374046	13.310878
0.003906	-0.067871	0.899658	-0.450382	1.625954	0.900763	13.321927
-0.011963	-0.066406	0.894531	-2.335878	0.969466	1.068702	13.332926
-0.006104	-0.065430	0.904297	-1.900763	1.923664	0.129771	13.344006
0.017578	-0.070068	0.898926	-1.190840	2.229008	0.213740	13.355080
0.006836	-0.062500	0.900391	-1.412214	2.488550	0.190840	13.365928
-0.010742	-0.049316	0.916260	-2.213740	4.740458	0.167939	13.376956
-0.014404	-0.071045	0.908447	-2.450382	2.618321	-0.358779	13.387777
0.007568	-0.063721	0.919678	-2.351145	0.290076	1.992366	13.397812
-0.013184	-0.067627	0.916260	-0.610687	3.320611	-0.030534	13.407263
-0.026123	-0.052490	0.919189	-0.755725	1.656489	1.282443	13.418151
-0.020996	-0.050537	0.911865	-2.312977	1.480916	0.106870	13.428394
0.001465	-0.065430	0.905518	-2.366412	0.900763	-0.160305	13.438350
-0.013916	-0.060059	0.910889	-1.129771	0.770992	0.030534	13.448287
-0.002441	-0.059814	0.916504	-1.053435	0.755725	0.366412	13.459602
-0.035156	-0.039062	0.945312	-3.625954	0.984733	0.618321	13.469649
0.010254	-0.066650	0.905518	-2.404580	2.671756	-0.396947	13.479963
-0.000244	-0.068604	0.912598	-2.816794	1.610687	-0.854962	13.489655
-0.025879	-0.052979	0.926025	-2.664122	1.648855	-1.236641	13.500571
-0.069824	-0.074951	0.925781	-2.984733	1.053435	-2.488550	13.511169
0.006348	-0.056152	0.906250	0.526718	3.229008	-0.396947	13.520813
-0.006348	-0.063477	0.923340	-0.251908	3.893130	-0.496183	13.530478
-0.010254	-0.041016	0.937256	-2.358779	0.175573	0.763359	13.541479
-0.012695	-0.062256	0.928955	-2.488550	1.450382	0.145038	13.551711
0.009033	-0.060791	0.911621	-2.916031	1.557252	0.977099	13.561425
-0.002197	-0.051758	0.914307	-3.290076	2.435115	0.198473	13.570878
-0.007568	-0.055664	0.924316	-4.145038	2.328244	-0.290076	13.581976
-0.022461	-0.055664	0.907715	-4.625954	0.038168	0.648855	13.592365
-0.029053	-0.049316	0.922852	-3.694656	1.114504	0.473282	13.602005
0.020996	-0.037598	0.921631	-1.229008	5.694656	-2.473282	13.612355
-0.001465	-0.069336	0.913574	-2.511450	-0.045802	1.633588	13.622924
-0.017578	-0.066650	0.912109	-2.740458	-0.137405	0.000000	13.633279
-0.016357	-0.050049	0.918457	-2.908397	-0.099237	1.045802	13.643010
-0.020752	-0.044678	0.918213	-4.229008	0.045802	0.267176	13.653923
-0.013916	-0.047607	0.920410	-3.977099	0.587786	0.732824	13.664446
-0.006104	-0.061768	0.913330	-4.068702	0.534351	0.709924	13.674690
-0.015625	-0.057373	0.910645	-4.030534	-0.198473	1.053435	13.684155
-0.003174	-0.054688	0.924561	-2.274809	1.816794	-0.938931	13.694674
0.001953	-0.063477	0.916748	-1.236641	1.297710	0.664122	13.704242
-0.020508	-0.067139	0.914795	-1.908397	0.076336	0.679389	13.713773
-0.007812	-0.069824	0.909424	-1.877863	-0.297710	1.564885	13.723211
-0.007324	-0.058105	0.907227	-2.259542	1.061069	0.221374	13.734995
-0.010498	-0.063721	0.917725	-2.122137	1.786260	0.740458	13.745284
-0.015381	-0.066162	0.926514	-1.603053	1.938931	1.816794	13.754815
-0.015869	-0.063965	0.917236	-2.206107	1.045802	1.473282	13.765561
-0.011963	-0.071777	0.892090	-3.030534	0.793893	1.618321	13.775468
-0.008789	-0.052734	0.918213	-2.625954	0.297710	2.213740	13.785790
-0.007324	-0.065674	0.921387	-2.145038	-0.053435	1.671756	13.795605
-0.021729	-0.053955	0.918701	-2.343511	1.984733	-0.786260	13.806273
-0.010742	-0.065186	0.913086	-2.152672	1.129771	-1.000000	13.816376
-0.023438	-0.054199	0.906250	-2.969466	0.511450	1.038168	13.826270
-0.031494	-0.064941	0.899170	-3.587786	0.908397	0.877863	13.835765
