-0.075928	-0.243408	0.953125	-0.763359	0.763359	2.106870	0.006626
-0.074707	-0.229492	0.937500	-1.152672	0.458015	1.709924	0.014337
-0.069824	-0.245850	0.941895	-1.572519	0.938931	1.259542	0.021908
-0.071777	-0.236816	0.933105	-2.572519	0.038168	-0.404580	0.030096
-0.075439	-0.227295	0.958252	-1.320611	-0.908397	0.137405	0.038232
-0.079590	-0.214844	0.952637	-3.167939	-1.099237	-1.122137	0.046418
-0.076660	-0.213867	0.924561	-2.473282	-2.748092	-0.641221	0.054566
-0.071289	-0.214111	0.915527	-2.396947	-2.595420	-0.351145	0.062666
-0.085693	-0.211182	0.913818	-0.992366	-3.343511	-0.641221	0.070839
-0.073730	-0.227783	0.890137	0.656489	-0.832061	2.412214	0.079224
-0.065430	-0.214844	0.884521	0.030534	0.175573	-0.129771	0.087343
-0.085938	-0.209717	0.911621	-0.862595	-0.977099	-0.358779	0.095487
-0.072510	-0.202637	0.883301	0.564885	-0.145038	1.251908	0.103587
-0.077881	-0.219482	0.901367	1.106870	1.244275	0.160305	0.111782
-0.074707	-0.206543	0.880127	0.992366	2.091603	1.122137	0.119973
-0.067627	-0.175293	0.897217	-1.870229	0.450382	0.648855	0.128076
-0.075439	-0.185547	0.890625	0.770992	0.503817	2.015267	0.136151
-0.074463	-0.196533	0.875732	0.580153	2.129771	3.656489	0.144293
-0.078613	-0.205811	0.894287	-0.603053	1.847328	2.603053	0.152386
-0.084961	-0.218994	0.899902	-0.213740	1.671756	2.549618	0.160482
-0.089355	-0.225098	0.930664	0.671756	1.526718	1.938931	0.168610
-0.104248	-0.217529	0.921875	1.137405	-1.137405	-0.083969	0.176739
-0.086670	-0.208496	0.910645	0.015267	-1.038168	1.442748	0.184880
-0.063477	-0.191406	0.878174	0.778626	1.572519	1.916031	0.192972
-0.087646	-0.188965	0.899658	-0.687023	2.641221	-0.419847	0.201092
-0.085205	-0.190186	0.915039	-3.244275	3.595420	-0.709924	0.209160
-0.055908	-0.191406	0.886475	-8.328244	5.282443	-0.992366	0.217570
-0.074951	-0.195801	0.912354	-6.290076	4.091603	-1.427481	0.227364
-0.090576	-0.220947	0.912354	-3.839695	5.633588	0.526718	0.236325
-0.087891	-0.219238	0.913818	-3.015267	5.984733	0.381679	0.245767
-0.079834	-0.205322	0.923096	-3.748092	6.137405	0.343511	0.255046
-0.081787	-0.196045	0.906982	-3.725191	5.251908	0.618321	0.263946
-0.089355	-0.195068	0.931641	-3.503817	4.412214	1.320611	0.272717
-0.081299	-0.194336	0.946045	-5.419847	3.709924	1.076336	0.281244
-0.091309	-0.195557	0.946533	-7.519084	1.946565	1.183206	0.291102
-0.088135	-0.220703	0.925781	-7.633588	1.541985	1.603053	0.301061
-0.098145	-0.247070	0.918945	-6.282443	2.282443	1.198473	0.310079
-0.093750	-0.223633	0.928711	-5.022901	2.877863	1.931298	0.323500
-0.086182	-0.226074	0.930664	-3.931298	3.503817	1.862595	0.333121
-0.081543	-0.225586	0.933105	-1.824427	3.221374	2.236641	0.342907
-0.083984	-0.225098	0.949707	-2.007634	2.923664	1.603053	0.352271
-0.085449	-0.224609	0.989502	-2.122137	0.900763	2.000000	0.361251
-0.080811	-0.222168	0.977539	-1.343511	-1.641221	1.725191	0.370022
-0.077148	-0.214600	0.964111	-0.893130	-3.038168	2.396947	0.378585
-0.082275	-0.217041	0.954102	-2.877863	-2.564885	3.007634	0.388712
-0.079834	-0.224365	0.921143	-2.687023	-2.099237	3.351145	0.398218
-0.075439	-0.216064	0.900146	-0.885496	-0.908397	3.251908	0.407393
-0.081299	-0.216064	0.894775	1.320611	0.114504	4.000000	0.416252
-0.062744	-0.215820	0.896484	3.709924	1.778626	4.213740	0.426324
-0.081787	-0.217041	0.898438	3.618321	3.778626	3.633588	0.435742
-0.081055	-0.222168	0.921387	2.839695	3.480916	2.480916	0.445092
-0.081055	-0.219727	0.916260	1.763359	4.076336	1.572519	0.453942
-0.082031	-0.227539	0.926514	2.480916	4.526718	1.839695	0.462838
-0.085449	-0.226562	0.960693	3.259542	3.480916	2.068702	0.472990
-0.088135	-0.223877	0.937012	3.412214	2.679389	1.091603	0.482619
-0.089355	-0.216309	0.924072	2.580153	1.496183	0.427481	0.491640
-0.086670	-0.201904	0.925049	0.145038	1.572519	0.129771	0.500673
-0.087646	-0.201904	0.931396	-2.053435	1.450382	-0.213740	0.510704
-0.084717	-0.196045	0.919434	-1.458015	1.190840	0.778626	0.520107
-0.082031	-0.198486	0.933350	-1.893130	1.435115	1.610687	0.529104
-0.090576	-0.202148	0.926514	-2.885496	1.366412	2.183206	0.537963
-0.081787	-0.208496	0.915039	-3.801527	3.343511	1.541985	0.547878
-0.088379	-0.209717	0.936768	-1.167939	2.862595	2.625954	0.558130
-0.097412	-0.217041	0.937744	-2.015267	2.496183	3.167939	0.567320
-0.088867	-0.232910	0.947998	-2.893130	0.839695	1.229008	0.576295
-0.082520	-0.204346	0.918945	-1.755725	0.709924	1.862595	0.586030
-0.094971	-0.222412	0.930176	-2.320611	-0.137405	1.755725	0.595460
-0.083252	-0.217529	0.930176	-0.908397	-0.458015	1.488550	0.605037
-0.082764	-0.214844	0.928711	-0.595420	-0.641221	1.992366	0.613937
-0.081787	-0.215332	0.926270	-1.145038	-1.122137	1.923664	0.623584
-0.075928	-0.214355	0.896973	-0.557252	-0.137405	2.435115	0.633262
-0.085205	-0.234863	0.898926	-0.122137	-0.145038	1.984733	0.642354
-0.083008	-0.239990	0.900391	0.465649	0.519084	1.343511	0.651197
-0.081055	-0.222656	0.897949	0.267176	1.343511	0.564885	0.660064
-0.077637	-0.231201	0.901611	0.099237	1.824427	0.725191	0.670032
-0.078613	-0.213135	0.913086	-0.725191	1.984733	0.679389	0.679547
-0.076172	-0.212158	0.917969	-1.664122	1.824427	0.320611	0.688701
-0.084229	-0.211670	0.932617	-2.824427	2.076336	0.832061	0.697795
-0.079834	-0.229492	0.941650	-2.022901	1.541985	0.236641	0.707174
-0.082764	-0.224854	0.940918	-2.366412	0.839695	-0.709924	0.716603
-0.081055	-0.218262	0.927490	-1.305344	0.167939	-1.236641	0.726309
-0.079834	-0.204346	0.912842	-1.679389	0.412214	-1.671756	0.735162
-0.081787	-0.193604	0.904541	-0.824427	1.000000	-0.519084	0.744342
-0.083496	-0.193848	0.894775	-1.969466	2.694656	-0.648855	0.753934
-0.090820	-0.194824	0.910645	-1.549618	3.114504	0.000000	0.763225
-0.089111	-0.203613	0.927979	-2.732824	3.839695	-0.122137	0.772072
-0.089844	-0.208740	0.946777	-2.549618	3.610687	-0.435115	0.781515
-0.093506	-0.196289	0.947754	-2.183206	2.763359	-0.045802	0.790446
-0.092041	-0.194336	0.945068	-2.320611	1.938931	0.381679	0.798924
-0.086670	-0.190430	0.937256	-2.114504	1.458015	0.732824	0.808055
-0.093018	-0.187988	0.919922	-2.328244	1.435115	1.702290	0.816384
-0.089600	-0.204590	0.915771	-2.419847	1.854962	2.030534	0.826344
-0.091309	-0.195068	0.935059	-2.496183	1.358779	1.496183	0.835490
-0.082764	-0.199219	0.938232	-1.625954	1.198473	2.671756	0.844318
-0.088867	-0.209961	0.934570	-2.740458	0.496183	1.633588	0.852991
-0.087646	-0.200439	0.923584	-1.885496	0.824427	2.000000	0.861161
-0.092041	-0.205811	0.942139	-2.984733	0.343511	1.450382	0.869326
-0.087646	-0.213867	0.933105	-2.305344	0.335878	1.122137	0.879426
-0.087646	-0.209473	0.919189	-1.458015	1.106870	1.145038	0.888935
-0.094482	-0.217773	0.941162	-2.664122	1.267176	0.786260	0.897770
-0.099121	-0.222900	0.948242	-2.473282	1.122137	0.267176	0.906628
-0.091797	-0.216064	0.958740	-1.549618	0.358779	-0.083969	0.915066
-0.090088	-0.203369	0.927002	-0.732824	-0.343511	0.419847	0.924520
-0.082520	-0.198242	0.931641	0.114504	-0.572519	1.305344	0.933373
-0.076660	-0.194092	0.919678	0.267176	-0.931298	1.709924	0.942273
-0.076660	-0.186523	0.912354	0.206107	-0.213740	2.503817	0.950666
-0.085205	-0.208008	0.912598	-0.015267	0.549618	2.923664	0.958798
-0.082275	-0.223389	0.936768	-0.206107	0.633588	2.320611	0.968737
-0.089600	-0.223389	0.916016	0.091603	1.122137	2.015267	0.978150
-0.083740	-0.220947	0.930176	-0.740458	1.030534	1.702290	0.988610
-0.087646	-0.221191	0.935303	-1.931298	1.053435	0.595420	0.999696
-0.092773	-0.210693	0.927979	-2.534351	0.458015	-0.839695	1.012330
-0.090088	-0.192383	0.932373	-3.450382	-0.442748	-1.145038	1.024115
-0.091797	-0.197266	0.915283	-3.877863	0.129771	-0.618321	1.035321
-0.092529	-0.202637	0.924805	-2.778626	0.374046	0.259542	1.047285
-0.087158	-0.206055	0.949219	-1.862595	0.557252	0.335878	1.058315
-0.093018	-0.202148	0.922119	-0.793893	0.580153	0.435115	1.069198
-0.084961	-0.193359	0.930908	-0.702290	0.656489	0.954198	1.079876
-0.086914	-0.199463	0.926758	-1.854962	0.053435	0.427481	1.089961
-0.081543	-0.191650	0.914062	-3.351145	0.839695	0.908397	1.102658
-0.081055	-0.205322	0.929443	-2.870229	0.977099	0.801527	1.114524
-0.080811	-0.208740	0.926270	-3.564885	0.274809	0.557252	1.125899
-0.098633	-0.212158	0.930664	-2.374046	0.251908	0.664122	1.138390
-0.088623	-0.199951	0.904785	-1.458015	-0.320611	0.305344	1.150466
-0.093994	-0.193604	0.902588	-2.190840	1.389313	1.122137	1.162134
-0.094238	-0.202881	0.921143	-2.320611	1.389313	1.526718	1.174884
-0.091553	-0.202637	0.930420	-3.625954	1.480916	1.007634	1.186677
-0.089111	-0.213379	0.913086	-2.801527	1.839695	1.610687	1.198316
-0.092285	-0.206787	0.909912	-2.396947	2.221374	1.778626	1.209241
-0.087402	-0.209717	0.927002	-3.106870	1.969466	0.786260	1.220353
-0.084229	-0.207520	0.918945	-2.694656	1.870229	1.312977	1.230787
-0.081055	-0.209961	0.927734	-2.366412	1.870229	1.236641	1.241091
-0.085449	-0.207764	0.928955	-3.183206	1.328244	1.671756	1.251129
-0.088623	-0.215576	0.926270	-3.160305	1.274809	0.625954	1.261138
-0.082764	-0.196045	0.915283	-4.984733	1.748092	0.778626	1.273517
-0.085205	-0.231445	0.927979	-5.053435	2.053435	3.236641	1.284737
-0.088379	-0.241699	0.924805	-4.618321	1.839695	1.396947	1.296815
-0.080566	-0.234131	0.937988	-5.442748	1.412214	-1.374046	1.308544
-0.067139	-0.191895	0.887939	-4.709924	1.267176	-1.786260	1.319874
-0.091553	-0.233643	0.930176	0.145038	1.572519	0.877863	1.331218
-0.079834	-0.200439	0.930664	-4.862595	-0.977099	-1.183206	1.343386
-0.080322	-0.230957	0.889648	-3.450382	1.358779	0.687023	1.355262
-0.075684	-0.230713	0.885254	-3.908397	2.961832	-0.351145	1.366253
-0.085693	-0.207764	0.906006	-5.160305	3.954198	-0.870229	1.378503
-0.092285	-0.232178	0.929688	-3.259542	4.534351	-1.122137	1.390883
-0.092041	-0.211426	0.942139	-3.297710	5.244275	-1.396947	1.402102
-0.083740	-0.199951	0.953125	-2.328244	3.534351	-0.465649	1.414405
-0.084473	-0.201660	0.950195	-3.786260	2.442748	0.160305	1.426462
-0.090576	-0.209473	0.940674	-4.229008	1.534351	-0.847328	1.437896
-0.092529	-0.203613	0.933838	-2.832061	0.633588	-0.374046	1.448849
-0.093506	-0.199951	0.920654	-2.572519	-0.091603	0.091603	1.460959
-0.078369	-0.206543	0.925537	-3.870229	1.137405	0.938931	1.472957
-0.095215	-0.207520	0.927734	-2.320611	1.740458	0.328244	1.484292
-0.093018	-0.208496	0.932617	-2.458015	1.793893	1.412214	1.496155
-0.089111	-0.210693	0.933594	-2.519084	1.534351	1.435115	1.508214
-0.088867	-0.216309	0.933350	-2.229008	1.862595	1.633588	1.519844
-0.080078	-0.215332	0.932861	-2.694656	1.854962	1.320611	1.530905
-0.088379	-0.213623	0.935303	-2.694656	1.488550	0.267176	1.542108
-0.092773	-0.209473	0.933350	-2.679389	0.519084	0.343511	1.552617
-0.082031	-0.210449	0.921143	-1.793893	0.450382	1.122137	1.562714
-0.086182	-0.208496	0.921631	-1.091603	0.305344	1.343511	1.575620
-0.086182	-0.205078	0.922363	-1.465649	0.725191	2.244275	1.587568
-0.089111	-0.218994	0.919189	-3.900763	0.572519	2.396947	1.599429
-0.095703	-0.222412	0.935303	-2.007634	0.702290	1.870229	1.611640
-0.093018	-0.215088	0.930908	-2.198473	0.213740	0.786260	1.623611
-0.084473	-0.199463	0.930908	-2.763359	-0.091603	1.473282	1.634849
-0.085938	-0.206543	0.914307	-3.175573	0.778626	2.335878	1.647200
-0.088379	-0.214355	0.927979	-2.488550	0.877863	2.114504	1.658750
-0.084229	-0.215088	0.942139	-2.290076	0.229008	2.709924	1.670188
-0.098633	-0.229004	0.947998	-2.603053	-0.709924	2.045802	1.682307
-0.089355	-0.217529	0.917480	-1.908397	-1.236641	1.305344	1.694119
-0.083740	-0.214355	0.910400	-2.618321	-0.541985	1.229008	1.705342
-0.082520	-0.207520	0.892090	-2.954198	0.732824	1.687023	1.717407
-0.092041	-0.209229	0.917725	-3.068702	1.305344	2.343511	1.728995
-0.089600	-0.207764	0.926270	-2.969466	1.015267	2.465649	1.740604
-0.090088	-0.233154	0.934570	-2.488550	0.167939	2.068702	1.752035
-0.082520	-0.231445	0.928223	-2.320611	-0.381679	1.793893	1.764030
-0.064941	-0.223877	0.895264	-2.503817	-0.641221	2.045802	1.775797
-0.085693	-0.237061	0.906250	-3.702290	0.259542	1.282443	1.786935
-0.085938	-0.226318	0.900146	-2.496183	1.396947	1.519084	1.799659
-0.078369	-0.227051	0.920898	-2.656489	1.992366	0.893130	1.811129
-0.083496	-0.225342	0.927246	-3.061069	1.541985	0.839695	1.822116
-0.083740	-0.233643	0.917725	-1.656489	0.725191	0.687023	1.833000
-0.084717	-0.218018	0.923096	-2.198473	0.862595	0.679389	1.844148
-0.081055	-0.211914	0.921143	-1.091603	0.977099	1.312977	1.855614
-0.091553	-0.217773	0.930908	-1.633588	1.114504	1.770992	1.866150
-0.084961	-0.208740	0.921387	-1.893130	0.923664	1.671756	1.878038
-0.093262	-0.222900	0.928223	-2.229008	1.274809	2.343511	1.890851
-0.084961	-0.227051	0.935791	-2.847328	0.274809	1.603053	1.902099
-0.083008	-0.234375	0.937744	-3.412214	0.656489	1.099237	1.914020
-0.078857	-0.218506	0.921631	-2.496183	-0.190840	0.458015	1.925913
-0.084961	-0.215576	0.905273	-1.961832	0.099237	1.389313	1.937498
-0.088135	-0.217041	0.905518	-1.595420	0.618321	1.152672	1.949159
-0.085938	-0.208984	0.923340	-1.900763	1.366412	1.145038	1.961221
-0.083984	-0.215088	0.911865	-3.732824	1.900763	1.435115	1.972404
-0.084717	-0.225586	0.923096	-3.145038	2.137405	1.076336	1.984746
-0.093750	-0.230469	0.931152	-2.045802	1.038168	1.442748	1.996291
-0.085449	-0.223145	0.925293	-1.122137	0.473282	0.862595	2.007867
-0.086914	-0.219482	0.899902	-1.122137	0.679389	1.305344	2.018832
-0.080811	-0.199707	0.895752	-1.870229	1.351145	1.534351	2.031186
-0.077393	-0.211182	0.900391	-2.809160	2.809160	1.671756	2.043222
-0.078857	-0.231934	0.936523	-3.786260	3.175573	1.885496	2.054280
-0.083740	-0.231689	0.924072	-2.847328	2.175573	1.870229	2.065861
-0.088379	-0.237305	0.927490	-1.984733	1.389313	1.122137	2.077547
-0.089844	-0.218750	0.913818	-1.938931	0.503817	0.458015	2.088984
-0.092041	-0.216309	0.903809	-2.106870	-0.091603	0.572519	2.101198
-0.083008	-0.199219	0.882812	-4.000000	0.847328	0.748092	2.113342
-0.086914	-0.216797	0.906738	-5.488550	2.526718	1.740458	2.124356
-0.084229	-0.232910	0.912598	-4.862595	3.480916	1.580153	2.135628
-0.079590	-0.231201	0.936035	-4.076336	2.427481	1.526718	2.147042
-0.085693	-0.228271	0.933838	-2.061069	1.366412	1.923664	2.158532
-0.087646	-0.234863	0.930176	-2.358779	0.908397	1.152672	2.168839
-0.091064	-0.230469	0.918701	-2.213740	0.839695	0.557252	2.179516
-0.087646	-0.217041	0.907227	-2.099237	1.618321	0.778626	2.189886
-0.085205	-0.217041	0.925049	-2.954198	2.664122	1.106870	2.200173
-0.090332	-0.226562	0.946289	-4.160305	2.664122	1.488550	2.212627
-0.093262	-0.227783	0.935059	-3.374046	2.389313	1.610687	2.224645
-0.089844	-0.231689	0.933594	-2.908397	2.374046	1.412214	2.236006
-0.091309	-0.226318	0.937744	-1.946565	0.770992	1.206107	2.248142
-0.094238	-0.229980	0.940186	-0.816794	-0.229008	1.496183	2.259854
-0.098145	-0.221191	0.936523	-1.045802	-1.480916	1.267176	2.271136
-0.081299	-0.211426	0.903076	-2.061069	0.389313	1.557252	2.282063
-0.086914	-0.214355	0.909668	-2.038168	1.854962	2.587786	2.295638
-0.084473	-0.233154	0.931152	-3.687023	2.786260	1.595420	2.309035
-0.086182	-0.233887	0.937256	-3.465649	2.625954	1.442748	2.320430
-0.087646	-0.221924	0.921631	-2.961832	1.854962	1.748092	2.332430
-0.087402	-0.223145	0.910645	-1.343511	1.503817	2.114504	2.344614
-0.089111	-0.221191	0.920410	-1.679389	1.305344	1.687023	2.355594
-0.087402	-0.217041	0.917969	-2.320611	1.534351	1.091603	2.367795
-0.084473	-0.213135	0.923340	-3.534351	2.099237	1.786260	2.379786
-0.086182	-0.218994	0.925293	-3.259542	2.213740	1.870229	2.391832
-0.079590	-0.201904	0.917480	-2.030534	2.106870	2.816794	2.403848
-0.083984	-0.223389	0.907959	-2.198473	2.374046	3.358779	2.415995
-0.087158	-0.234863	0.911377	-1.923664	3.381679	3.259542	2.427353
-0.088623	-0.239746	0.922119	-2.496183	3.282443	2.679389	2.438585
-0.098877	-0.239746	0.927734	-1.763359	2.427481	1.282443	2.449870
-0.094482	-0.233154	0.931152	-2.595420	0.671756	1.015267	2.462276
-0.086914	-0.218018	0.935791	-3.198473	0.618321	0.557252	2.473354
-0.089355	-0.218750	0.919678	-2.946565	0.671756	1.305344	2.485524
-0.089844	-0.229492	0.900146	-2.351145	1.580153	2.114504	2.497210
-0.086670	-0.223877	0.914795	-2.557252	2.801527	2.381679	2.508165
-0.098145	-0.228271	0.912598	-2.664122	3.435115	2.557252	2.519377
-0.102539	-0.241699	0.931396	-2.351145	3.335878	1.541985	2.531984
-0.103027	-0.228027	0.945312	-1.893130	2.320611	1.030534	2.543994
-0.098145	-0.223389	0.934814	-2.702290	1.213740	1.129771	2.555655
-0.097656	-0.221436	0.920898	-1.908397	1.427481	2.244275	2.567773
-0.088135	-0.223145	0.933838	-1.832061	0.931298	2.022901	2.579725
-0.090576	-0.235840	0.930420	-1.664122	0.793893	2.442748	2.591483
-0.095947	-0.249023	0.925293	-1.190840	0.435115	1.198473	2.603979
-0.099609	-0.229736	0.928467	-1.038168	0.183206	1.480916	2.615758
-0.092773	-0.226562	0.921387	-0.992366	-0.541985	1.244275	2.626828
-0.089844	-0.218018	0.893799	-0.305344	-0.305344	1.984733	2.639903
-0.095215	-0.219238	0.906250	0.015267	0.137405	2.290076	2.651579
-0.083252	-0.219482	0.897461	-0.099237	0.687023	2.641221	2.663243
-0.085205	-0.241211	0.914795	-1.832061	1.221374	2.259542	2.675256
-0.085938	-0.230225	0.913574	-1.381679	1.404580	1.992366	2.687438
-0.085938	-0.240234	0.913330	-0.946565	1.618321	1.358779	2.698547
-0.099121	-0.238281	0.932129	-0.007634	1.564885	1.000000	2.709600
-0.095703	-0.227051	0.920898	-0.007634	0.564885	0.740458	2.720085
-0.093750	-0.216064	0.908936	-1.793893	0.000000	0.549618	2.730347
-0.095459	-0.210693	0.924072	-1.267176	2.320611	0.809160	2.741812
-0.090576	-0.200439	0.927490	-2.603053	2.732824	2.076336	2.754074
-0.098633	-0.219727	0.933350	-2.251908	2.007634	2.679389	2.765837
-0.091309	-0.216797	0.913574	-1.167939	2.419847	3.152672	2.776795
-0.095703	-0.221924	0.920654	-0.152672	2.435115	3.022901	2.788406
-0.093262	-0.224854	0.931396	-0.458015	1.763359	2.068702	2.799151
-0.098389	-0.226562	0.937256	-1.114504	1.022901	1.366412	2.810225
-0.096680	-0.223633	0.940430	-1.709924	-0.435115	1.343511	2.821298
-0.096680	-0.214600	0.941162	-3.335878	-0.106870	1.419847	2.831565
-0.092529	-0.226074	0.928467	-2.801527	0.099237	2.030534	2.842447
-0.090576	-0.234131	0.924561	-3.083969	0.480916	1.923664	2.855052
-0.096191	-0.239746	0.923096	-1.740458	0.877863	1.763359	2.866123
-0.088623	-0.222656	0.934570	-0.832061	0.633588	1.603053	2.877085
-0.092773	-0.220459	0.928467	-1.473282	0.847328	1.870229	2.888528
-0.087891	-0.218262	0.941162	-1.641221	-0.160305	1.030534	2.899885
-0.091309	-0.220459	0.938232	-1.381679	-1.541985	2.091603	2.911487
-0.095703	-0.229248	0.937012	-0.374046	-1.496183	2.786260	2.922640
-0.090332	-0.225098	0.918213	-2.076336	-0.244275	2.259542	2.935025
-0.092285	-0.226807	0.906982	-1.656489	0.190840	2.122137	2.946308
-0.096191	-0.231934	0.917236	-1.610687	0.969466	1.908397	2.957362
-0.092285	-0.224121	0.906494	-1.694656	1.114504	1.748092	2.968297
-0.086426	-0.224854	0.928467	-1.854962	0.992366	1.687023	2.978397
-0.082764	-0.230225	0.944336	-2.229008	-0.305344	1.442748	2.988752
-0.082520	-0.229736	0.917969	-2.564885	-1.297710	1.381679	3.001515
-0.085205	-0.242188	0.912354	-2.068702	-1.312977	1.610687	3.013468
-0.090088	-0.238770	0.901855	-1.564885	-0.389313	1.511450	3.024569
-0.092041	-0.238037	0.906006	-1.160305	0.549618	1.389313	3.037010
-0.090576	-0.239014	0.902832	-0.969466	1.167939	0.961832	3.048798
-0.091797	-0.215820	0.921875	-1.587786	1.580153	0.335878	3.060171
-0.088867	-0.215820	0.919434	-3.000000	1.412214	0.083969	3.071347
-0.090332	-0.215088	0.933838	-2.061069	0.717557	0.030534	3.083566
-0.082275	-0.214111	0.912598	-2.335878	0.748092	1.389313	3.095670
-0.085693	-0.223877	0.904541	-1.389313	0.603053	1.786260	3.107120
-0.087891	-0.222168	0.881348	-0.725191	1.603053	2.244275	3.118127
-0.083984	-0.234619	0.910645	0.755725	3.511450	2.068702	3.131113
-0.092529	-0.225342	0.915039	-1.167939	2.770992	0.335878	3.143034
-0.093018	-0.214355	0.915039	-2.870229	2.854962	0.000000	3.153986
-0.092041	-0.210449	0.917236	-2.839695	2.007634	0.977099	3.166432
-0.095703	-0.213379	0.933105	-3.068702	1.045802	0.641221	3.178216
-0.090820	-0.218750	0.922607	-2.465649	1.854962	1.572519	3.189595
-0.104736	-0.229004	0.942139	-2.106870	1.389313	1.160305	3.200564
-0.093262	-0.222900	0.932373	-2.175573	0.442748	0.519084	3.212961
-0.085938	-0.219971	0.947266	-2.977099	0.740458	0.801527	3.224988
-0.081543	-0.209717	0.931396	-3.152672	0.587786	1.595420	3.236167
-0.093018	-0.220947	0.935303	-2.297710	0.244275	1.839695	3.248671
-0.087646	-0.224854	0.914062	-2.015267	0.587786	2.114504	3.260737
-0.090576	-0.226318	0.912354	-1.435115	0.778626	2.076336	3.271993
-0.089355	-0.237061	0.916260	-1.038168	1.106870	1.633588	3.284363
-0.090576	-0.242188	0.950928	-1.931298	0.625954	0.198473	3.296714
-0.088135	-0.218506	0.927734	-3.061069	0.114504	-0.473282	3.307802
-0.091797	-0.227295	0.934814	-2.679389	-0.396947	0.083969	3.320227
-0.084229	-0.199707	0.922852	-2.488550	-0.412214	1.000000	3.332408
-0.089844	-0.215576	0.912354	-2.251908	0.244275	2.114504	3.343759
-0.094482	-0.230713	0.906494	-0.748092	0.114504	1.877863	3.355789
-0.093018	-0.230469	0.922607	0.167939	0.229008	1.671756	3.367778
-0.087891	-0.226807	0.930176	-1.091603	-0.061069	1.251908	3.379045
-0.088867	-0.219971	0.910645	-2.290076	-0.114504	0.694656	3.390660
-0.083496	-0.216309	0.919189	-2.847328	0.877863	0.938931	3.402767
-0.078369	-0.211426	0.926025	-3.022901	0.419847	0.877863	3.414495
-0.089600	-0.222656	0.918457	-2.671756	0.396947	1.572519	3.425807
-0.079834	-0.227051	0.913086	-1.480916	0.045802	0.839695	3.437018
-0.092529	-0.216797	0.916016	-1.076336	0.465649	1.366412	3.447643
-0.090576	-0.227295	0.910400	-0.801527	0.198473	0.648855	3.458020
-0.089355	-0.208496	0.912109	-1.862595	0.534351	1.022901	3.468185
-0.095947	-0.211182	0.921387	-2.725191	0.740458	1.534351	3.478301
-0.088135	-0.212646	0.902832	-3.213740	1.320611	2.114504	3.491235
-0.083740	-0.221436	0.901123	-2.870229	2.297710	2.404580	3.503173
-0.087646	-0.232178	0.937012	-2.572519	2.396947	2.129771	3.514244
-0.092041	-0.229492	0.937500	-2.045802	1.259542	1.916031	3.526141
-0.081787	-0.228027	0.943359	-1.152672	0.137405	1.740458	3.538234
-0.084473	-0.224854	0.932373	-1.770992	-0.793893	0.381679	3.549794
-0.087158	-0.203857	0.903076	-3.053435	0.480916	1.053435	3.560864
-0.084961	-0.220215	0.932129	-2.732824	0.717557	1.122137	3.572433
-0.080811	-0.208496	0.916992	-3.770992	0.625954	1.572519	3.584889
-0.077637	-0.218750	0.888916	-2.450382	1.114504	1.984733	3.596682
-0.083496	-0.212158	0.910645	-1.305344	1.862595	2.801527	3.607769
-0.087646	-0.220947	0.903809	-0.603053	2.396947	2.580153	3.619742
-0.090576	-0.235352	0.931152	-0.725191	2.045802	2.137405	3.632118
-0.092285	-0.222412	0.946045	-2.213740	0.412214	1.274809	3.643913
-0.091797	-0.224365	0.917236	-3.343511	-0.679389	1.885496	3.656151
-0.097412	-0.228760	0.906494	-2.229008	0.450382	2.068702	3.667679
-0.096191	-0.227783	0.909912	-1.152672	1.435115	2.022901	3.678666
-0.090332	-0.215576	0.909912	-0.221374	1.595420	2.091603	3.691312
-0.085205	-0.215576	0.916992	-0.740458	1.916031	2.816794	3.703215
-0.089600	-0.218750	0.916504	0.633588	1.137405	2.847328	3.715269
-0.090820	-0.233154	0.941162	0.122137	0.000000	2.931298	3.726352
-0.092285	-0.220947	0.928223	-0.656489	0.938931	2.625954	3.738929
-0.100586	-0.230469	0.930908	-1.893130	1.190840	2.961832	3.749884
-0.099121	-0.241699	0.939697	-1.923664	0.114504	1.503817	3.761163
-0.090332	-0.230225	0.930420	-2.541985	0.381679	1.564885	3.771935
-0.084961	-0.237061	0.924561	-2.229008	0.740458	1.435115	3.782139
-0.079590	-0.230225	0.923584	-1.832061	0.541985	1.480916	3.795031
-0.087646	-0.239014	0.923584	-0.770992	0.534351	1.015267	3.806157
-0.086426	-0.223633	0.920410	-0.961832	0.007634	1.045802	3.818126
-0.079590	-0.225586	0.929199	-1.572519	-0.419847	1.335878	3.829960
-0.093750	-0.226074	0.896729	-2.091603	1.244275	0.526718	3.841448
-0.093506	-0.235596	0.926025	-2.259542	2.549618	0.946565	3.853400
-0.098633	-0.225342	0.944092	-1.297710	1.061069	0.839695	3.865387
-0.086182	-0.218994	0.948486	-1.328244	0.122137	1.000000	3.877066
-0.085205	-0.229248	0.924805	-1.671756	-0.511450	0.748092	3.888264
-0.086914	-0.222168	0.922852	-0.496183	-0.076336	1.374046	3.900654
-0.091064	-0.228516	0.923828	0.251908	0.229008	1.541985	3.912257
-0.090332	-0.225098	0.937256	0.221374	0.312977	1.038168	3.923340
-0.097168	-0.230957	0.928711	-0.763359	0.145038	1.717557	3.935615
-0.097900	-0.231934	0.929443	-1.267176	0.053435	0.549618	3.947569
-0.088623	-0.225830	0.942627	-0.160305	-0.068702	0.732824	3.959239
-0.079834	-0.212402	0.938232	-1.091603	-1.832061	0.343511	3.971167
-0.073730	-0.224609	0.904541	-3.000000	-1.374046	-0.038168	3.983132
-0.077637	-0.232666	0.901855	-0.984733	-0.435115	0.458015	3.995258
-0.081055	-0.227295	0.916260	-1.916031	1.580153	0.167939	4.006749
-0.096191	-0.233398	0.944092	-1.152672	0.541985	-0.320611	4.018893
-0.091797	-0.219482	0.942383	-1.679389	-0.969466	-1.832061	4.030702
-0.080078	-0.195557	0.923096	-1.160305	-1.358779	-0.412214	4.042201
-0.080566	-0.212646	0.925781	-1.412214	-0.595420	0.786260	4.054599
-0.084961	-0.221924	0.917236	-1.190840	0.343511	1.152672	4.066833
-0.089111	-0.228027	0.948486	-1.450382	-0.175573	0.778626	4.078473
-0.086182	-0.229492	0.955566	-0.717557	-2.519084	-0.725191	4.089957
-0.088379	-0.204346	0.905029	0.877863	-2.564885	-0.145038	4.101012
-0.082275	-0.202393	0.886475	0.748092	-2.206107	0.366412	4.112079
-0.073730	-0.200195	0.884033	0.664122	0.015267	1.396947	4.123630
-0.077881	-0.207520	0.922363	0.427481	0.824427	1.763359	4.137124
-0.078613	-0.219482	0.930664	-0.740458	0.603053	2.450382	4.148455
-0.088379	-0.235352	0.926270	-0.694656	-0.503817	0.816794	4.159487
-0.077148	-0.213623	0.916504	0.015267	-1.015267	0.152672	4.171985
-0.081055	-0.207275	0.880859	-0.473282	-0.832061	0.366412	4.183971
-0.082764	-0.208984	0.897705	-0.297710	1.137405	0.198473	4.195307
-0.075928	-0.201416	0.931885	-1.419847	2.587786	0.755725	4.207643
-0.083984	-0.198242	0.928467	-3.183206	2.335878	1.213740	4.219337
-0.079834	-0.212402	0.942627	-3.213740	1.282443	1.702290	4.230501
-0.084473	-0.218262	0.924561	-3.030534	0.412214	1.709924	4.242131
-0.080322	-0.218994	0.918213	-1.610687	-0.022901	1.854962	4.254313
-0.081055	-0.229004	0.927490	-0.221374	-0.480916	0.358779	4.265892
-0.078857	-0.213623	0.908936	-0.351145	-0.068702	0.641221	4.276895
-0.080811	-0.214600	0.900391	-1.213740	1.236641	1.175573	4.289407
-0.079834	-0.224609	0.932373	-3.229008	2.221374	1.351145	4.304180
-0.079590	-0.231934	0.931396	-3.213740	2.152672	1.351145	4.315231
-0.080811	-0.239502	0.935303	-3.900763	1.473282	0.832061	4.327217
-0.079590	-0.228760	0.932617	-1.030534	0.244275	-0.030534	4.339645
-0.078857	-0.209961	0.916260	-0.618321	0.305344	0.435115	4.350977
-0.075928	-0.206787	0.916016	-1.580153	0.801527	1.007634	4.362698
-0.078613	-0.222412	0.931152	-2.312977	0.862595	0.816794	4.374542
-0.074463	-0.224854	0.938965	-1.938931	0.694656	0.366412	4.386638
-0.080811	-0.238037	0.940430	-0.458015	0.297710	0.320611	4.397667
-0.079102	-0.226562	0.926514	0.106870	-0.503817	-0.167939	4.410232
-0.065430	-0.218018	0.913818	-0.076336	-0.473282	-0.992366	4.421995
-0.079590	-0.200439	0.922607	-0.496183	-0.374046	-0.442748	4.432992
-0.072510	-0.206299	0.934570	-2.206107	-0.221374	-0.053435	4.445204
-0.068359	-0.212158	0.948486	-1.908397	-0.671756	-0.160305	4.456898
-0.075684	-0.215576	0.937256	0.152672	-1.076336	0.328244	4.468479
-0.077393	-0.218506	0.930908	-0.641221	-0.587786	0.442748	4.479552
-0.079834	-0.216553	0.899902	0.282443	-0.488550	0.061069	4.492446
-0.081787	-0.198730	0.901123	0.610687	-0.251908	0.473282	4.504267
-0.076660	-0.193604	0.908447	-0.877863	0.595420	0.450382	4.515251
-0.081787	-0.191162	0.933838	-3.473282	0.977099	0.450382	4.527404
-0.070557	-0.205322	0.931885	-3.343511	0.908397	1.740458	4.539125
-0.080322	-0.218506	0.937012	-2.931298	0.038168	1.206107	4.550482
-0.075684	-0.201660	0.911133	-1.106870	0.137405	1.633588	4.562182
-0.083008	-0.214844	0.948975	-1.206107	-0.755725	1.381679	4.574347
-0.077393	-0.211182	0.914795	-2.946565	-1.061069	0.847328	4.586448
-0.071533	-0.210449	0.912109	-2.549618	-0.030534	1.671756	4.597984
-0.067871	-0.207520	0.909180	-2.083969	1.076336	1.717557	4.609764
-0.069580	-0.207520	0.923340	-2.687023	1.465649	2.175573	4.621555
-0.072998	-0.235107	0.936523	-1.404580	1.412214	2.541985	4.632634
-0.074951	-0.223633	0.937012	-0.786260	0.022901	0.671756	4.644914
-0.071777	-0.224121	0.917969	-2.198473	0.190840	0.671756	4.656838
-0.078857	-0.225342	0.918457	-1.687023	0.419847	0.183206	4.668351
-0.066162	-0.203613	0.914307	-1.511450	1.099237	0.870229	4.679838
-0.071777	-0.217285	0.918213	-1.893130	1.526718	1.503817	4.692747
-0.071777	-0.216309	0.927246	-2.312977	2.030534	0.977099	4.704637
-0.072754	-0.211670	0.920410	-2.335878	1.435115	1.351145	4.715616
-0.076904	-0.201660	0.935303	-3.946565	-0.473282	-0.030534	4.728469
-0.062744	-0.201416	0.915283	-1.786260	-0.625954	0.938931	4.739654
-0.070557	-0.205811	0.916504	-1.778626	-0.221374	1.458015	4.750641
-0.074707	-0.217285	0.925293	-2.053435	0.534351	1.572519	4.762101
-0.069092	-0.222656	0.930176	-0.450382	0.931298	1.488550	4.774839
-0.071777	-0.214111	0.946533	-1.320611	-0.038168	0.824427	4.786866
-0.073975	-0.212891	0.923828	-1.122137	-0.496183	0.847328	4.798481
-0.065918	-0.196777	0.911377	-0.748092	0.137405	1.351145	4.811078
-0.058838	-0.205078	0.921143	-2.351145	0.183206	1.923664	4.822829
-0.068115	-0.223389	0.924805	-2.038168	1.351145	1.595420	4.834022
-0.064941	-0.225830	0.935547	-1.389313	1.564885	1.206107	4.845014
-0.076416	-0.215576	0.947266	-2.000000	1.419847	1.053435	4.857596
-0.070068	-0.202637	0.932373	-1.160305	1.473282	1.343511	4.869022
-0.068848	-0.204590	0.927734	-0.885496	0.496183	2.076336	4.880749
-0.062012	-0.193115	0.909424	0.068702	0.541985	2.786260	4.892116
-0.088867	-0.220703	0.935791	-1.114504	0.702290	1.839695	4.904528
-0.073242	-0.213867	0.922363	-1.862595	-0.473282	1.282443	4.916187
-0.064941	-0.220703	0.920654	-1.282443	-0.519084	1.038168	4.927562
-0.065918	-0.198975	0.908203	-0.938931	0.648855	1.106870	4.939977
-0.062500	-0.192627	0.905029	-1.221374	1.129771	2.022901	4.951802
-0.070312	-0.199707	0.916016	-0.076336	1.206107	2.175573	4.962907
-0.071777	-0.216064	0.942871	-1.244275	1.541985	2.221374	4.975254
-0.067383	-0.212158	0.928955	-1.893130	0.679389	1.511450	4.987464
-0.066406	-0.223145	0.939209	-1.358779	0.129771	1.358779	4.998489
-0.067139	-0.217041	0.923828	-1.755725	-0.061069	0.366412	5.010739
-0.063721	-0.210693	0.912842	-0.877863	0.977099	0.908397	5.022405
-0.070068	-0.197754	0.918701	-0.259542	1.580153	1.190840	5.033572
-0.071777	-0.185303	0.912842	-1.404580	2.229008	2.030534	5.045587
-0.071777	-0.203125	0.924316	-1.725191	2.580153	2.687023	5.057699
-0.065674	-0.212402	0.941406	-2.030534	2.396947	2.442748	5.068966
-0.073242	-0.237305	0.954590	-2.916031	0.809160	1.732824	5.080135
-0.068848	-0.229004	0.944824	-2.221374	-0.801527	0.648855	5.092114
-0.070312	-0.212402	0.918213	-0.374046	-1.480916	0.412214	5.104174
-0.066162	-0.193115	0.891113	1.305344	-1.236641	1.564885	5.115994
-0.062256	-0.199219	0.869873	2.916031	0.389313	2.748092	5.126971
-0.058105	-0.213379	0.877441	4.198473	3.763359	4.030534	5.139931
-0.070801	-0.227051	0.918945	2.549618	5.091603	3.366412	5.150960
-0.077148	-0.238037	0.943115	0.778626	4.511450	1.725191	5.162573
-0.076416	-0.217529	0.940918	-1.496183	3.366412	0.931298	5.174484
-0.072510	-0.212646	0.905518	-1.152672	2.251908	0.732824	5.186606
-0.062500	-0.198730	0.915039	-1.312977	3.068702	0.572519	5.198007
-0.059326	-0.207520	0.946533	-2.862595	2.045802	0.694656	5.209345
-0.071045	-0.216309	0.946777	-3.854962	1.549618	0.320611	5.221482
-0.069336	-0.205566	0.932617	-3.282443	1.503817	0.320611	5.233280
-0.072510	-0.207520	0.920898	-1.832061	1.931298	0.946565	5.244635
-0.076904	-0.219238	0.929688	-1.007634	1.725191	0.114504	5.256375
-0.068848	-0.201172	0.925049	-0.320611	1.740458	0.427481	5.268314
-0.073242	-0.214600	0.954590	-1.038168	1.114504	0.824427	5.279712
-0.069824	-0.199951	0.939453	-1.664122	0.183206	0.610687	5.291646
-0.067139	-0.214355	0.916748	-0.969466	0.587786	1.190840	5.303489
-0.069824	-0.201660	0.914307	-0.183206	0.664122	0.412214	5.315626
-0.080811	-0.203125	0.916992	0.221374	2.167939	1.114504	5.326818
-0.076172	-0.187744	0.925293	-0.091603	1.824427	0.297710	5.339197
-0.075928	-0.196045	0.908203	0.045802	2.954198	0.519084	5.350985
-0.080566	-0.201172	0.950439	0.381679	2.251908	-0.343511	5.362131
-0.086182	-0.195068	0.977051	0.725191	1.503817	1.488550	5.373283
-0.073730	-0.206299	0.952148	-0.954198	1.129771	1.061069	5.384725
-0.084229	-0.193848	0.951660	-1.488550	0.717557	1.152672	5.395561
-0.072510	-0.205078	0.930664	-0.381679	0.244275	1.145038	5.408752
-0.083984	-0.198730	0.920898	0.244275	-0.114504	1.282443	5.420502
-0.078369	-0.201172	0.943115	-0.610687	0.045802	1.374046	5.431709
-0.068115	-0.202148	0.936279	-2.152672	0.709924	1.190840	5.444034
-0.074707	-0.215820	0.955811	-3.702290	-0.175573	0.305344	5.455743
-0.073242	-0.215576	0.929199	-2.709924	-2.015267	0.335878	5.467731
-0.073730	-0.215332	0.954590	-0.030534	-1.938931	-0.526718	5.478718
-0.085938	-0.184082	0.937744	-0.320611	-2.328244	-0.129771	5.491594
-0.074219	-0.188477	0.912842	-1.351145	-1.480916	-0.053435	5.503770
-0.068848	-0.173828	0.912109	-0.748092	-1.106870	0.641221	5.515138
-0.070312	-0.208496	0.934326	-1.694656	-0.648855	1.022901	5.527522
-0.073730	-0.216309	0.936035	-1.511450	-1.137405	-1.946565	5.539955
-0.073486	-0.196777	0.916504	-1.351145	-1.763359	-0.030534	5.551114
-0.083740	-0.196533	0.888916	-1.641221	-1.435115	-0.343511	5.562550
-0.076172	-0.186279	0.861816	-3.885496	-0.442748	0.122137	5.574668
-0.067871	-0.189697	0.876465	-2.198473	1.297710	1.206107	5.586363
-0.065674	-0.199951	0.904541	-3.152672	1.946565	1.083969	5.597312
-0.061035	-0.203125	0.914307	-2.633588	2.312977	1.740458	5.609623
-0.068848	-0.222656	0.925537	-2.068702	2.221374	1.221374	5.621553
-0.066650	-0.218018	0.917725	-1.145038	1.847328	0.465649	5.632757
-0.063721	-0.197754	0.912598	-0.557252	2.145038	0.877863	5.644925
-0.069092	-0.203857	0.907715	-1.244275	2.946565	0.938931	5.656885
-0.070068	-0.208984	0.914062	-1.106870	3.702290	1.038168	5.668118
-0.069824	-0.207520	0.945312	-0.923664	3.977099	1.122137	5.678460
-0.071045	-0.200439	0.941650	-1.572519	4.083969	1.305344	5.689489
-0.077881	-0.219971	0.950195	-1.900763	3.061069	0.572519	5.699567
-0.075195	-0.205078	0.929932	-1.557252	2.335878	-0.091603	5.709442
-0.067627	-0.199219	0.944092	-2.603053	1.740458	-0.053435	5.719034
-0.065674	-0.206787	0.934326	-2.763359	1.916031	-0.160305	5.729841
-0.068359	-0.201416	0.935303	-1.351145	1.824427	0.290076	5.740549
-0.069824	-0.199951	0.941895	-0.511450	2.137405	0.793893	5.750390
-0.076660	-0.218506	0.957275	-0.839695	1.801527	0.328244	5.760042
-0.072998	-0.193359	0.954102	-0.786260	0.404580	0.160305	5.770779
-0.071533	-0.172852	0.939941	-1.022901	0.160305	1.335878	5.781022
-0.074219	-0.200928	0.941162	-2.206107	-0.099237	0.488550	5.791139
-0.072021	-0.203125	0.920898	-1.984733	0.374046	0.946565	5.801027
-0.070801	-0.214111	0.956055	-0.458015	0.091603	1.022901	5.811913
-0.072021	-0.195557	0.946777	-0.198473	-0.778626	0.877863	5.822091
-0.081543	-0.191162	0.926758	-0.564885	-1.061069	1.030534	5.831778
-0.085938	-0.188965	0.917480	0.435115	-1.366412	1.190840	5.841861
-0.081543	-0.174805	0.914795	-1.702290	0.053435	1.748092	5.852635
-0.074707	-0.160400	0.875244	-0.778626	-0.412214	2.877863	5.862498
-0.072998	-0.175781	0.892090	-2.007634	1.419847	2.213740	5.872266
-0.064941	-0.171387	0.898682	-0.557252	2.312977	3.473282	5.882490
-0.067383	-0.194092	0.927979	-0.877863	3.221374	2.587786	5.893210
-0.070801	-0.186523	0.946289	-0.412214	2.259542	2.435115	5.903266
-0.064697	-0.183838	0.981445	-2.442748	0.992366	2.625954	5.912773
-0.051270	-0.197998	0.946533	-2.251908	0.625954	2.946565	5.923218
-0.061523	-0.188965	0.928223	-1.603053	-0.946565	3.312977	5.933587
-0.076904	-0.210693	0.941895	-0.709924	-0.541985	3.404580	5.944181
-0.069824	-0.217529	0.931885	0.480916	-1.145038	2.770992	5.953611
-0.074951	-0.224365	0.949219	1.000000	-1.801527	2.160305	5.963894
-0.065674	-0.194824	0.913818	0.290076	-2.015267	2.320611	5.974420
-0.060547	-0.212891	0.921387	0.099237	-0.931298	3.374046	5.984914
-0.070801	-0.217773	0.944824	-0.458015	-0.763359	2.824427	5.994324
-0.060791	-0.215820	0.938232	-2.244275	-1.061069	2.580153	6.004844
-0.120361	-0.328369	0.969971	5.496183	-5.709924	12.694656	6.014699
-0.053223	-0.226074	0.929199	22.206107	-4.938931	8.854962	6.024073
-0.037598	-0.097168	0.913574	5.358779	-3.083969	1.267176	6.033470
-0.065430	-0.235596	0.918945	-3.152672	-0.183206	1.770992	6.044685
-0.052490	-0.187256	0.923584	0.931298	-1.114504	0.106870	6.055401
-0.065186	-0.187256	0.926758	-2.366412	0.389313	3.893130	6.065849
-0.077637	-0.226562	0.932373	-0.595420	0.152672	-0.496183	6.075488
-0.071533	-0.182617	0.938232	-0.022901	0.038168	-0.045802	6.085418
-0.072021	-0.182617	0.936035	-2.053435	0.312977	-0.274809	6.094328
-0.075439	-0.181641	0.915527	-2.106870	0.083969	-0.648855	6.103319
-0.068115	-0.156982	0.913574	-1.931298	1.129771	-0.083969	6.111785
-0.064453	-0.160645	0.907715	-2.045802	1.778626	1.091603	6.120320
-0.058594	-0.170898	0.918457	-2.427481	2.038168	1.473282	6.128501
-0.068604	-0.188232	0.947021	-2.366412	1.511450	1.030534	6.136603
-0.067871	-0.184570	0.931152	-2.305344	1.007634	1.358779	6.145446
-0.062256	-0.211182	0.944092	-1.969466	0.687023	1.022901	6.153906
-0.062500	-0.200439	0.928467	-1.290076	0.419847	0.145038	6.162186
-0.064697	-0.188477	0.937256	-1.259542	0.557252	-0.022901	6.170274
-0.066162	-0.185547	0.930176	-1.305344	0.374046	0.404580	6.178127
-0.068359	-0.186523	0.933594	-2.053435	1.305344	0.305344	6.187268
-0.070557	-0.174805	0.932617	-2.900763	1.862595	0.213740	6.195524
-0.071045	-0.162598	0.931152	-2.893130	1.885496	0.740458	6.204088
-0.068848	-0.180664	0.947510	-2.862595	2.229008	1.251908	6.211942
-0.067383	-0.179932	0.946045	-2.496183	1.458015	1.114504	6.220681
-0.068604	-0.181152	0.955078	-1.885496	1.404580	1.259542	6.229118
-0.079346	-0.180176	0.965088	-1.496183	1.068702	1.145038	6.237620
-0.078125	-0.176025	0.964355	-1.671756	0.022901	0.977099	6.245526
-0.090088	-0.151123	0.936035	-2.152672	-0.053435	1.274809	6.253955
-0.079346	-0.159912	0.907715	-2.145038	0.709924	2.030534	6.262456
-0.084717	-0.157959	0.947510	-1.809160	1.022901	1.809160	6.270709
-0.078857	-0.152100	0.961182	-2.053435	0.488550	2.167939	6.278599
-0.078369	-0.155273	0.955811	-3.748092	-0.091603	2.595420	6.286584
-0.062744	-0.148438	0.960693	-4.007634	-1.671756	3.755725	6.296243
-0.058350	-0.154541	0.929443	-3.816794	-2.129771	4.885496	6.305464
-0.055420	-0.167236	0.906006	-0.870229	-2.236641	5.633588	6.313834
-0.058105	-0.179932	0.901855	0.755725	-0.908397	5.694656	6.321711
-0.062012	-0.187256	0.915283	1.809160	-0.389313	5.419847	6.329746
-0.060303	-0.211426	0.898682	2.954198	1.053435	4.458015	6.338764
-0.057861	-0.197754	0.927490	3.328244	1.625954	3.641221	6.347161
-0.055664	-0.197266	0.945312	0.175573	1.160305	2.549618	6.355439
-0.056396	-0.197021	0.934570	-1.381679	1.648855	2.320611	6.363274
-0.058838	-0.210449	0.940186	-1.007634	1.328244	1.969466	6.371669
-0.054443	-0.199707	0.932861	-1.213740	1.122137	1.351145	6.380019
-0.075684	-0.188721	0.911865	-0.419847	1.389313	1.335878	6.388925
-0.071533	-0.171387	0.905273	-0.610687	2.389313	1.862595	6.397098
-0.061768	-0.170166	0.917725	0.328244	2.564885	2.541985	6.404990
-0.055420	-0.164795	0.923340	-0.679389	1.755725	3.351145	6.413568
-0.082275	-0.206543	0.952881	0.022901	-3.167939	6.343511	6.422125
-0.054443	-0.183105	0.925537	4.206107	0.824427	5.595420	6.430343
-0.063721	-0.166260	0.911621	-0.198473	-1.114504	4.526718	6.438409
-0.063721	-0.202881	0.927490	-0.419847	-0.419847	5.625954	6.446283
-0.075684	-0.217041	0.940918	1.694656	-1.511450	4.068702	6.455152
-0.045654	-0.185791	0.902832	6.595420	-2.732824	5.709924	6.463539
-0.067871	-0.160645	0.909424	-2.106870	-0.213740	2.969466	6.471942
-0.067627	-0.196777	0.922363	-3.404580	-1.954198	4.564885	6.479923
-0.068115	-0.212891	0.933594	2.916031	-2.603053	5.603053	6.487851
-0.062500	-0.145264	0.914062	-1.129771	1.145038	3.282443	6.496787
-0.054443	-0.167236	0.931152	-5.809160	1.068702	3.106870	6.505024
-0.065430	-0.201172	0.919434	-1.389313	0.832061	4.320611	6.513322
-0.043213	-0.168945	0.905518	4.618321	0.557252	5.076336	6.521278
-0.061279	-0.168457	0.910889	1.969466	2.236641	4.419847	6.529152
-0.057373	-0.181152	0.954346	1.854962	2.526718	4.351145	6.537125
-0.056885	-0.198486	0.952393	2.725191	0.832061	4.503817	6.546087
-0.060059	-0.191895	0.941406	0.809160	0.488550	3.763359	6.554477
-0.070801	-0.216064	0.950928	0.312977	0.839695	2.618321	6.562835
-0.081055	-0.219238	0.958740	1.106870	-0.503817	2.335878	6.570728
-0.064209	-0.184082	0.920166	4.702290	0.656489	1.519084	6.579024
-0.056152	-0.155273	0.924805	0.267176	1.633588	1.167939	6.587832
-0.058838	-0.173584	0.926025	0.473282	1.885496	1.580153	6.596268
-0.061035	-0.178711	0.931641	2.160305	2.625954	1.664122	6.604271
-0.053711	-0.162842	0.943604	2.374046	1.931298	1.664122	6.612489
-0.050049	-0.172607	0.967285	2.045802	2.167939	2.877863	6.620364
-0.056152	-0.173340	0.963623	1.847328	0.251908	3.366412	6.628154
-0.057129	-0.182617	0.961182	0.351145	-0.740458	3.129771	6.635810
-0.048340	-0.199219	0.949951	-1.007634	-1.305344	2.564885	6.644169
-0.051025	-0.206299	0.950684	-2.473282	-1.358779	0.938931	6.652025
-0.057373	-0.188232	0.931396	-2.015267	-2.274809	1.152672	6.659604
-0.051025	-0.192627	0.915283	-1.740458	-1.480916	0.656489	6.667315
-0.048096	-0.198975	0.937500	-3.122137	-1.175573	-0.312977	6.674890
-0.057129	-0.191650	0.942871	-4.091603	-0.022901	-1.007634	6.683086
-0.046387	-0.177734	0.915771	-4.633588	-1.687023	-1.297710	6.692610
-0.049805	-0.170410	0.921387	-3.351145	-0.480916	-0.206107	6.703113
-0.051270	-0.175781	0.928711	-1.961832	-0.297710	0.290076	6.712655
-0.059326	-0.190918	0.927979	-1.274809	-0.404580	0.824427	6.723133
-0.060059	-0.205322	0.945557	-2.000000	0.312977	-0.923664	6.733517
-0.068115	-0.196045	0.949951	-2.106870	-0.832061	-1.687023	6.744180
-0.067383	-0.202148	0.926270	-2.229008	-1.511450	-2.305344	6.753572
-0.067383	-0.171631	0.929443	-2.801527	-0.580153	-2.137405	6.764134
-0.060791	-0.168945	0.911621	-2.938931	0.778626	-1.618321	6.774699
-0.064453	-0.159424	0.914551	-1.267176	2.167939	-0.312977	6.784679
-0.054688	-0.144287	0.931885	-0.557252	2.564885	0.633588	6.794116
-0.056152	-0.154541	0.925049	-1.580153	2.480916	1.564885	6.804646
-0.067139	-0.172119	0.930664	-1.595420	1.938931	1.625954	6.815097
-0.061035	-0.184814	0.936523	-2.206107	1.343511	1.389313	6.825007
-0.061523	-0.180908	0.935791	-3.030534	0.755725	0.786260	6.834568
-0.062256	-0.179932	0.891846	-2.664122	1.068702	0.145038	6.845222
-0.061523	-0.162842	0.906982	-1.946565	1.358779	-0.267176	6.855432
-0.050049	-0.153076	0.895264	-2.213740	3.030534	0.190840	6.865669
-0.055420	-0.162354	0.906494	-2.587786	4.625954	0.587786	6.875148
-0.055908	-0.179932	0.943115	-2.396947	5.022901	-0.190840	6.885849
-0.060791	-0.176758	0.966553	-2.671756	3.969466	-0.198473	6.896150
-0.059814	-0.172363	0.964600	-3.022901	2.396947	-0.824427	6.906221
-0.056641	-0.155029	0.960205	-2.877863	1.312977	-0.786260	6.915709
-0.060547	-0.161377	0.916504	-2.511450	1.389313	-0.450382	6.926381
-0.062256	-0.152100	0.910645	-0.206107	3.580153	-0.083969	6.936851
-0.060059	-0.173340	0.910156	0.587786	4.885496	-0.152672	6.946750
-0.093750	-0.342773	0.865967	2.206107	8.450382	-7.656489	6.956395
-0.052002	-0.138184	0.924805	14.221374	10.717557	-17.145038	6.965833
-0.027832	-0.024414	0.997803	2.664122	6.633588	-0.480916	6.976286
-0.078857	-0.274170	0.965088	0.977099	4.236641	-0.885496	6.987265
-0.064697	-0.169189	0.930420	5.847328	4.793893	-5.106870	6.996863
-0.070557	-0.186035	0.911621	1.984733	5.618321	-3.656489	7.006504
-0.070801	-0.165771	0.910400	7.244275	7.274809	-9.282443	7.016990
-0.063965	-0.115234	0.946777	1.740458	7.282443	-5.328244	7.027820
-0.064453	-0.178467	0.970215	1.221374	5.328244	-3.809160	7.037750
-0.065430	-0.156006	0.960449	0.908397	4.045802	-3.709924	7.047220
-0.072266	-0.159180	0.941162	-0.030534	3.877863	-3.969466	7.058063
-0.079346	-0.144043	0.949219	1.480916	3.000000	-2.068702	7.068270
-0.075195	-0.141846	0.934326	1.358779	2.908397	-0.648855	7.077938
-0.069580	-0.136719	0.937500	-0.083969	2.580153	-0.198473	7.087574
-0.070557	-0.137939	0.951416	-1.839695	1.725191	0.496183	7.097022
-0.068848	-0.153564	0.954834	-2.877863	0.122137	0.832061	7.108339
-0.063965	-0.165771	0.964355	-3.618321	-0.732824	1.221374	7.118362
-0.059326	-0.185791	0.941162	-2.870229	-0.854962	1.221374	7.128438
-0.071045	-0.179688	0.923828	-1.801527	-0.343511	0.618321	7.137988
-0.069336	-0.167236	0.922119	-0.259542	0.572519	0.503817	7.148783
-0.074219	-0.142090	0.939209	-0.755725	0.832061	0.946565	7.159036
-0.070557	-0.148682	0.947021	-2.015267	-0.114504	0.809160	7.168756
-0.067139	-0.135254	0.944092	-2.694656	-0.603053	1.564885	7.178435
-0.068604	-0.153076	0.956055	-3.587786	-1.244275	2.213740	7.189534
-0.064453	-0.166748	0.944336	-4.175573	-2.160305	2.198473	7.199531
-0.071289	-0.184326	0.948730	-3.488550	-2.320611	2.083969	7.209933
-0.075195	-0.176758	0.947510	-2.030534	-2.221374	1.458015	7.219535
-0.062988	-0.163330	0.910889	-1.793893	-1.908397	1.160305	7.228923
-0.062744	-0.157471	0.899414	-1.343511	-0.748092	1.480916	7.238535
-0.060303	-0.168213	0.905273	-1.000000	0.496183	1.022901	7.247712
-0.053955	-0.169678	0.932129	-0.503817	1.694656	0.160305	7.259454
-0.070557	-0.187012	0.938477	-1.030534	1.801527	0.335878	7.269862
-0.072998	-0.212891	0.963135	-1.946565	2.068702	-1.702290	7.279559
-0.059570	-0.176758	0.975098	0.480916	0.053435	-2.160305	7.289281
-0.063721	-0.163818	0.929932	-0.778626	-0.526718	-1.404580	7.299198
-0.063232	-0.167236	0.924316	-2.030534	1.480916	-0.320611	7.308901
-0.057861	-0.143311	0.892822	-0.732824	1.488550	-1.358779	7.318183
-0.055176	-0.144531	0.889404	1.473282	3.076336	0.946565	7.328190
-0.068115	-0.153076	0.917236	1.916031	3.427481	1.442748	7.339474
-0.065430	-0.162842	0.947510	1.671756	3.679389	1.358779	7.349449
-0.063232	-0.178955	0.973145	0.458015	1.145038	0.503817	7.359067
-0.063965	-0.169434	0.940674	-0.717557	0.297710	0.160305	7.369970
-0.061279	-0.189209	0.933594	0.748092	0.267176	-0.282443	7.380608
-0.067627	-0.157959	0.925781	0.763359	0.496183	-0.213740	7.390386
-0.064941	-0.159180	0.905273	0.229008	1.893130	-0.374046	7.400109
-0.062012	-0.147461	0.904053	0.290076	3.000000	0.312977	7.410979
-0.064453	-0.160400	0.930908	0.129771	3.396947	-0.053435	7.421039
-0.062744	-0.159912	0.956055	-1.175573	3.229008	-0.366412	7.430633
-0.059814	-0.166992	0.953613	-2.801527	1.725191	-0.633588	7.440023
-0.070068	-0.157959	0.934570	-3.068702	1.099237	-0.732824	7.449790
-0.065186	-0.149414	0.915771	-1.679389	1.152672	0.076336	7.459314
-0.064209	-0.144043	0.908936	-0.664122	1.725191	0.725191	7.468623
-0.060547	-0.152588	0.915771	-0.519084	2.251908	0.824427	7.477861
-0.058594	-0.159424	0.917480	-0.091603	1.938931	0.305344	7.487058
-0.061768	-0.159668	0.917725	0.992366	3.175573	0.358779	7.498682
-0.064453	-0.180176	0.978760	0.122137	2.328244	-0.129771	7.508835
-0.073975	-0.159180	0.975342	-1.908397	0.923664	-1.305344	7.518828
-0.067139	-0.156982	0.940430	-3.473282	0.610687	-0.931298	7.528429
-0.066406	-0.142090	0.916260	-3.083969	0.763359	-0.564885	7.537852
-0.065430	-0.128418	0.903809	-2.351145	1.839695	0.198473	7.548466
-0.073486	-0.136719	0.912842	-2.305344	2.198473	0.778626	7.557922
-0.063721	-0.137451	0.929443	-1.152672	2.427481	0.480916	7.569351
-0.066162	-0.143311	0.949463	-1.213740	1.664122	1.297710	7.579752
-0.067871	-0.142090	0.953369	-1.458015	1.694656	1.312977	7.589448
-0.070312	-0.149658	0.955811	-2.816794	1.122137	1.778626	7.599026
-0.074463	-0.164062	0.952148	-3.274809	0.687023	0.572519	7.609859
-0.067139	-0.143066	0.933594	-2.045802	0.900763	1.160305	7.620068
-0.064453	-0.139648	0.929932	-1.832061	1.625954	1.473282	7.629825
-0.073486	-0.139648	0.923340	-0.687023	2.297710	2.000000	7.639277
-0.066162	-0.129150	0.931396	0.068702	2.595420	3.251908	7.650106
-0.069092	-0.139404	0.949707	-1.473282	2.648855	3.954198	7.660194
-0.065430	-0.156982	0.958008	-3.435115	1.404580	3.900763	7.670030
-0.065186	-0.180176	0.949707	-3.137405	-0.122137	3.282443	7.679859
-0.064941	-0.200195	0.948730	-2.854962	-0.396947	2.259542	7.690579
-0.056641	-0.193359	0.956543	-2.549618	-1.190840	3.870229	7.701108
-0.061523	-0.187744	0.944336	-3.175573	-0.923664	0.854962	7.710628
-0.063477	-0.181641	0.920898	-2.809160	-0.587786	0.450382	7.720041
-0.060791	-0.178955	0.915527	-1.549618	-0.557252	-0.145038	7.729504
-0.062256	-0.168457	0.925781	-1.351145	0.236641	0.152672	7.740933
-0.065918	-0.174072	0.937988	-2.091603	0.480916	-0.419847	7.751463
-0.073730	-0.169922	0.942871	-2.290076	-0.335878	-0.847328	7.760906
-0.064209	-0.149170	0.937256	-3.664122	-0.832061	-0.877863	7.770562
-0.063965	-0.157959	0.921143	-2.854962	-0.610687	-0.870229	7.781403
-0.061523	-0.156738	0.905762	-2.725191	0.190840	-0.641221	7.791601
-0.062012	-0.157227	0.902344	-1.854962	1.580153	0.175573	7.801729
-0.066650	-0.168213	0.920654	-2.641221	3.083969	-0.076336	7.811288
-0.066162	-0.173096	0.921143	-4.099237	3.458015	-1.488550	7.822437
-0.066162	-0.159424	0.923584	-3.358779	3.442748	-1.755725	7.832561
-0.072998	-0.150635	0.938965	-2.007634	2.213740	-2.229008	7.842077
-0.074707	-0.134521	0.928223	-2.778626	2.450382	-1.511450	7.852795
-0.065430	-0.111328	0.913086	-2.442748	2.641221	-0.038168	7.863031
-0.070312	-0.123047	0.927979	-1.511450	3.358779	1.694656	7.873768
-0.078857	-0.141357	0.917969	-2.732824	3.122137	2.862595	7.883352
-0.076660	-0.165039	0.938965	-2.061069	3.725191	1.793893	7.894299
-0.074463	-0.167725	0.950195	-0.984733	2.458015	1.267176	7.904832
-0.066650	-0.161865	0.940186	-0.977099	2.381679	1.137405	7.914635
-0.076660	-0.155273	0.946289	-1.908397	1.793893	0.183206	7.924082
-0.073242	-0.140625	0.936035	-2.259542	1.335878	0.358779	7.933846
-0.068115	-0.137207	0.922363	-1.664122	2.503817	1.358779	7.943499
-0.067871	-0.138672	0.935791	-2.129771	2.358779	2.282443	7.953140
-0.068359	-0.155273	0.973389	-2.091603	1.893130	2.541985	7.963594
-0.060791	-0.183838	0.971680	-1.251908	-0.282443	3.893130	7.975329
-0.060059	-0.168945	0.943848	0.679389	-1.320611	0.007634	7.985376
-0.062744	-0.158203	0.936523	1.534351	-1.465649	2.328244	7.994892
-0.068848	-0.158203	0.919678	0.618321	-1.076336	2.419847	8.005212
-0.074463	-0.166748	0.905029	-0.595420	0.557252	2.450382	8.015358
-0.072998	-0.166016	0.925293	-1.374046	1.458015	2.236641	8.025701
-0.078125	-0.169678	0.939697	-1.152672	0.625954	1.412214	8.035200
-0.073730	-0.171387	0.936768	-1.541985	1.259542	0.755725	8.045901
-0.068115	-0.165039	0.936035	-0.541985	0.603053	0.114504	8.055993
-0.071777	-0.154053	0.944092	-0.450382	0.038168	0.603053	8.066116
-0.069824	-0.144531	0.940674	-2.587786	-0.610687	0.022901	8.075661
-0.070801	-0.145752	0.911621	-1.687023	-0.969466	0.526718	8.085756
-0.076660	-0.150146	0.917480	-1.748092	1.045802	1.526718	8.095338
-0.072510	-0.155273	0.928223	-1.351145	0.770992	0.908397	8.106306
-0.072998	-0.158936	0.940918	-1.442748	2.068702	0.923664	8.116377
-0.071289	-0.159912	0.935303	-1.458015	1.992366	0.832061	8.126408
-0.070557	-0.156494	0.955811	-2.076336	2.412214	0.152672	8.136390
-0.068848	-0.148438	0.944580	-2.282443	1.442748	-0.030534	8.145882
-0.061035	-0.127441	0.962646	-3.320611	2.022901	-0.458015	8.157093
-0.074951	-0.163330	0.959473	-7.351145	0.229008	1.068702	8.167398
-0.077393	-0.191650	0.920898	-0.916031	0.396947	0.503817	8.177285
-0.064209	-0.134033	0.930420	0.793893	1.824427	0.687023	8.187570
-0.063477	-0.135498	0.950928	-2.534351	1.122137	2.099237	8.198068
-0.078369	-0.161865	0.929199	-2.839695	0.389313	1.641221	8.208408
-0.064941	-0.140625	0.912354	-1.687023	1.221374	1.809160	8.217913
-0.069092	-0.148438	0.935547	-2.427481	1.435115	2.213740	8.227249
-0.061035	-0.162598	0.938232	-3.022901	1.236641	2.038168	8.238072
-0.070068	-0.167725	0.952393	-1.755725	1.106870	2.129771	8.248632
-0.070801	-0.173828	0.945557	-0.916031	0.786260	1.763359	8.258430
-0.065918	-0.156494	0.922363	-0.931298	0.564885	1.366412	8.268541
-0.073730	-0.152588	0.929932	-1.503817	0.778626	1.229008	8.278890
-0.070801	-0.142090	0.935547	-3.595420	1.045802	1.549618	8.288895
-0.070801	-0.156982	0.935059	-4.816794	1.351145	1.854962	8.301669
-0.066650	-0.155762	0.928955	-4.603053	1.473282	2.068702	8.311547
-0.067139	-0.166260	0.934326	-3.763359	1.671756	2.549618	8.321902
-0.069092	-0.160645	0.927246	-2.755725	1.381679	2.061069	8.332267
-0.082031	-0.173096	0.941406	-1.702290	1.832061	2.374046	8.341846
-0.070801	-0.142578	0.952148	-0.671756	1.183206	2.068702	8.352814
-0.071777	-0.160400	0.945557	-0.633588	0.358779	2.022901	8.363027
-0.070312	-0.171875	0.927246	-1.664122	0.786260	1.358779	8.372753
-0.069092	-0.147949	0.933350	-1.557252	1.503817	1.992366	8.383267
-0.076660	-0.154053	0.939697	-1.656489	1.366412	2.259542	8.393982
-0.068359	-0.152832	0.942627	-3.694656	1.778626	1.938931	8.404105
-0.071777	-0.175049	0.941650	-2.587786	0.847328	1.977099	8.413620
-0.063232	-0.163330	0.938721	-0.297710	0.145038	1.106870	8.424067
-0.074951	-0.156250	0.935791	-0.503817	0.007634	1.671756	8.434969
-0.066162	-0.160645	0.937256	-1.137405	0.015267	0.946565	8.445183
-0.063965	-0.149658	0.919678	-0.343511	0.274809	1.053435	8.454939
-0.068848	-0.155273	0.933594	-1.877863	1.053435	1.709924	8.465698
-0.064697	-0.146973	0.936035	-1.984733	1.816794	1.625954	8.475795
-0.071045	-0.154297	0.955322	-2.717557	1.297710	2.267176	8.485828
-0.069092	-0.171143	0.969238	-2.580153	0.366412	1.671756	8.496369
-0.070557	-0.153564	0.936279	-0.274809	-0.404580	2.190840	8.507456
-0.078613	-0.158691	0.943604	-0.893130	0.931298	3.015267	8.518195
-0.074219	-0.150635	0.921387	-2.633588	2.229008	1.885496	8.528603
-0.065186	-0.149170	0.927734	-1.664122	1.091603	2.496183	8.538187
-0.071045	-0.156982	0.943115	-2.786260	0.122137	1.717557	8.549408
-0.069580	-0.160156	0.920654	-2.229008	0.358779	2.335878	8.559718
-0.072266	-0.170654	0.934326	-1.679389	1.442748	1.748092	8.569425
-0.071533	-0.169189	0.945068	-2.122137	1.236641	1.015267	8.579086
-0.074951	-0.166992	0.915771	-1.893130	1.259542	1.312977	8.588579
-0.075928	-0.159180	0.918457	-2.335878	2.862595	0.732824	8.598523
-0.069580	-0.146240	0.920898	-2.251908	2.969466	1.839695	8.610183
-0.064697	-0.141357	0.926270	-3.190840	3.366412	2.160305	8.620539
-0.071289	-0.150146	0.935547	-2.740458	3.320611	2.679389	8.630207
-0.067627	-0.161377	0.947266	-2.259542	2.839695	2.549618	8.639844
-0.070068	-0.168213	0.947510	-2.358779	1.511450	2.748092	8.651037
-0.071533	-0.180664	0.944824	-3.022901	0.541985	2.053435	8.661052
-0.073730	-0.182617	0.935059	-1.480916	0.282443	1.221374	8.670743
-0.076904	-0.202637	0.952881	-0.419847	0.045802	2.053435	8.680310
-0.078857	-0.154541	0.937988	2.083969	-2.549618	2.893130	8.691308
-0.071289	-0.158447	0.931641	-2.374046	0.671756	-0.526718	8.701801
-0.069092	-0.145264	0.911133	-2.137405	0.351145	1.465649	8.711566
-0.072021	-0.185059	0.930420	-1.557252	2.122137	1.862595	8.721263
-0.062256	-0.153564	0.941650	-2.977099	1.748092	1.106870	8.731936
-0.059570	-0.174805	0.941895	-4.778626	1.366412	1.183206	8.742135
-0.064941	-0.190674	0.927734	-3.114504	1.251908	0.603053	8.752050
-0.065186	-0.185547	0.924805	-0.870229	0.931298	0.526718	8.762369
-0.066162	-0.179199	0.909424	-1.038168	0.961832	-0.137405	8.772694
-0.068848	-0.191162	0.929443	-3.900763	0.770992	-1.832061	8.782928
-0.069580	-0.174072	0.932129	-2.687023	1.152672	-2.763359	8.792584
-0.067871	-0.161865	0.930908	-3.862595	2.389313	-2.450382	8.803022
-0.070068	-0.163330	0.940186	-3.312977	3.877863	-1.473282	8.813134
-0.060303	-0.134033	0.937988	-3.595420	2.656489	-1.458015	8.823882
-0.074219	-0.146973	0.942627	-3.427481	3.045802	-0.809160	8.833269
-0.073486	-0.142822	0.951416	-3.183206	1.793893	-1.335878	8.844003
-0.070557	-0.143555	0.956787	0.297710	0.656489	0.129771	8.854297
-0.075439	-0.141846	0.942139	-0.312977	-0.259542	-0.030534	8.864646
-0.072021	-0.143066	0.938721	0.236641	0.511450	0.671756	8.874075
-0.077881	-0.149902	0.936279	0.091603	-0.519084	1.137405	8.884397
-0.073730	-0.142090	0.920166	-0.213740	0.267176	0.832061	8.894870
-0.075195	-0.145020	0.928955	-2.045802	1.160305	1.122137	8.905186
-0.072510	-0.145996	0.919434	-3.183206	2.335878	0.961832	8.914536
-0.071533	-0.150391	0.906982	-2.809160	3.183206	1.282443	8.924927
-0.071289	-0.147217	0.918945	-0.816794	3.259542	1.709924	8.934964
-0.072754	-0.154297	0.924805	-1.053435	3.328244	1.702290	8.945157
-0.077148	-0.149414	0.939941	-1.190840	3.282443	1.145038	8.954646
-0.059326	-0.140869	0.948730	3.244275	-1.320611	-0.656489	8.964092
-0.054688	-0.120361	0.946289	-2.641221	0.465649	2.641221	8.974956
-0.075195	-0.145996	0.937256	-3.687023	2.038168	1.267176	8.985409
-0.074219	-0.134277	0.940430	-2.183206	0.709924	2.893130	8.995505
-0.074219	-0.154785	0.926025	-0.870229	1.015267	3.854962	9.004944
-0.069580	-0.141846	0.907471	-1.473282	2.648855	3.038168	9.015322
-0.072754	-0.156738	0.932861	-1.900763	0.374046	2.671756	9.025863
-0.052734	-0.135254	0.922607	-5.106870	2.549618	2.190840	9.035741
-0.072998	-0.158691	0.928711	-0.977099	0.312977	4.022901	9.045327
-0.066406	-0.152100	0.928711	-2.519084	0.541985	2.755725	9.056605
-0.067627	-0.167236	0.911621	-2.435115	0.877863	3.778626	9.067357
-0.073730	-0.173340	0.916504	-1.717557	1.770992	3.137405	9.077396
-0.066650	-0.166260	0.925537	-1.198473	2.396947	2.572519	9.087158
-0.075684	-0.177246	0.960449	-1.877863	1.977099	2.335878	9.096864
-0.070312	-0.162598	0.934570	-1.335878	1.427481	2.221374	9.108117
-0.066895	-0.165527	0.941406	-2.435115	1.992366	1.740458	9.118644
-0.064697	-0.168213	0.948242	-1.740458	1.679389	1.687023	9.128351
-0.069336	-0.164795	0.938232	-1.862595	1.740458	1.748092	9.137929
-0.075928	-0.170410	0.939941	-0.946565	1.786260	2.190840	9.149249
-0.074951	-0.163330	0.946289	-0.412214	1.389313	1.816794	9.159490
-0.070557	-0.158203	0.932373	-1.183206	1.251908	1.290076	9.169168
-0.066162	-0.160400	0.942383	-1.122137	0.824427	1.595420	9.179950
-0.072510	-0.162109	0.943604	-1.770992	0.580153	1.297710	9.190493
-0.074707	-0.155273	0.946045	-1.450382	0.320611	1.603053	9.201009
-0.067627	-0.160400	0.941406	-1.374046	-0.244275	1.870229	9.210644
-0.068604	-0.160645	0.927490	-1.068702	-0.160305	2.404580	9.220436
-0.077148	-0.171875	0.924072	-1.038168	-0.351145	1.541985	9.229858
-0.071533	-0.168213	0.914307	-0.412214	1.045802	1.045802	9.239664
-0.074219	-0.158936	0.922607	0.274809	1.198473	1.732824	9.251377
-0.070068	-0.161377	0.932861	-1.198473	1.694656	1.145038	9.261751
-0.071289	-0.160645	0.944092	-1.916031	1.618321	1.229008	9.271337
-0.063965	-0.156738	0.936035	-1.442748	1.480916	1.435115	9.281964
-0.070801	-0.157471	0.944336	-2.251908	1.450382	1.328244	9.292356
-0.074219	-0.160645	0.938721	-2.076336	0.717557	1.938931	9.302124
-0.076416	-0.161865	0.935547	-0.717557	0.312977	1.648855	9.311704
-0.068359	-0.149902	0.933350	-0.610687	-0.114504	1.381679	9.322868
-0.072266	-0.151123	0.940186	-1.282443	0.122137	1.687023	9.332997
-0.072510	-0.159912	0.941650	-1.816794	-0.312977	1.534351	9.342472
-0.070557	-0.156982	0.928711	-2.511450	-0.236641	1.480916	9.352970
-0.070801	-0.164062	0.927246	-2.152672	0.396947	1.931298	9.363254
-0.069092	-0.167236	0.938232	-2.572519	0.541985	2.137405	9.373477
-0.072998	-0.161133	0.932617	-2.954198	0.740458	1.923664	9.383209
-0.078125	-0.169922	0.940186	-2.664122	0.312977	0.885496	9.393305
-0.068359	-0.157959	0.927246	-2.625954	-0.396947	0.931298	9.404100
-0.071533	-0.163330	0.936523	-3.053435	0.068702	0.694656	9.414195
-0.072021	-0.157227	0.937500	-3.320611	0.076336	0.511450	9.423586
-0.068115	-0.149658	0.926758	-2.396947	0.458015	0.923664	9.434358
-0.070068	-0.157471	0.950928	-1.404580	0.610687	0.603053	9.444520
-0.073730	-0.163818	0.960449	-1.618321	-0.267176	0.312977	9.454598
-0.069092	-0.162109	0.939209	-1.045802	-0.297710	0.328244	9.464169
-0.074707	-0.152588	0.915771	-0.244275	0.290076	0.480916	9.474292
-0.072266	-0.151611	0.929443	-0.633588	0.610687	0.572519	9.485056
-0.070068	-0.143066	0.917725	-1.320611	0.809160	0.190840	9.494672
-0.075928	-0.145996	0.941650	-1.297710	1.885496	0.778626	9.504177
-0.065430	-0.142578	0.960938	-0.908397	1.053435	1.679389	9.515547
-0.057373	-0.152100	0.952637	-1.396947	0.671756	1.847328	9.525808
-0.072754	-0.168945	0.959961	-0.282443	-0.603053	1.442748	9.536218
-0.073730	-0.165283	0.948730	-0.068702	-0.679389	0.725191	9.545738
-0.074219	-0.160645	0.952881	-0.137405	-1.625954	0.450382	9.555471
-0.074951	-0.153564	0.948975	-1.671756	-1.923664	-0.183206	9.566564
-0.069336	-0.147217	0.928955	-2.290076	-2.305344	-0.076336	9.576669
-0.059814	-0.139893	0.936768	-3.595420	-1.557252	0.702290	9.586045
-0.062744	-0.146973	0.924072	-3.541985	-1.122137	1.458015	9.597206
-0.065674	-0.146973	0.923096	-2.763359	-1.954198	1.946565	9.607405
-0.065918	-0.149658	0.954102	-1.847328	-0.068702	2.816794	9.617300
-0.075439	-0.158203	0.958984	-2.625954	-1.137405	2.312977	9.626741
-0.075195	-0.165527	0.929688	-3.175573	-1.305344	2.083969	9.637459
-0.068115	-0.165771	0.916260	-1.862595	-0.236641	0.847328	9.647933
-0.074219	-0.138672	0.932861	-1.854962	-0.038168	0.595420	9.657569
-0.064697	-0.148926	0.932861	-3.473282	1.740458	0.977099	9.666947
-0.057129	-0.139648	0.937988	-3.290076	1.412214	0.961832	9.678071
-0.060791	-0.148682	0.962402	-3.412214	1.175573	1.396947	9.688541
-0.067139	-0.155762	0.932373	-2.877863	0.793893	1.473282	9.698618
-0.063721	-0.156494	0.947266	-0.877863	0.694656	1.839695	9.708305
-0.066650	-0.150391	0.934082	0.099237	-0.160305	1.603053	9.719382
-0.072266	-0.142822	0.922852	-0.770992	-0.244275	2.221374	9.729774
-0.074951	-0.160400	0.937012	-1.152672	0.450382	2.603053	9.739369
-0.069580	-0.146729	0.925781	-3.335878	1.259542	1.496183	9.749309
-0.068848	-0.161377	0.931152	-3.793893	0.496183	2.496183	9.759630
-0.069824	-0.169434	0.929688	-4.038168	1.030534	1.435115	9.770106
-0.061035	-0.156738	0.918945	-2.870229	1.091603	1.778626	9.780192
-0.073486	-0.159180	0.927734	-2.206107	2.137405	2.106870	9.789867
-0.063232	-0.153076	0.922607	-2.961832	2.297710	1.618321	9.800942
-0.056885	-0.156982	0.932861	-2.610687	1.793893	2.083969	9.811609
-0.068604	-0.157715	0.944824	-2.709924	1.801527	2.473282	9.821328
-0.062012	-0.156738	0.943848	-2.122137	0.885496	2.099237	9.831685
-0.060059	-0.158203	0.949951	-1.793893	0.595420	1.839695	9.842183
-0.059326	-0.166260	0.963379	-2.122137	0.129771	1.694656	9.852567
-0.058350	-0.164795	0.928955	-1.717557	-0.221374	1.374046	9.862087
-0.073975	-0.162109	0.938965	-1.656489	-0.274809	1.076336	9.871648
-0.065918	-0.160400	0.934082	0.015267	-0.427481	1.763359	9.881280
-0.065918	-0.157959	0.929932	-1.847328	-0.488550	0.503817	9.892118
-0.059326	-0.153809	0.923584	-2.282443	0.099237	1.015267	9.902877
-0.054199	-0.166260	0.945312	-1.305344	0.312977	1.847328	9.912322
-0.066162	-0.167236	0.957275	-0.709924	-0.488550	1.381679	9.921701
-0.060547	-0.165527	0.964355	-1.282443	-1.511450	1.480916	9.931315
-0.064941	-0.163330	0.941650	-0.526718	-1.824427	1.419847	9.941393
-0.063477	-0.160156	0.924805	-0.480916	-1.870229	1.702290	9.951011
-0.059814	-0.166260	0.906250	-0.641221	-1.183206	1.343511	9.960522
-0.064941	-0.161621	0.903564	-1.076336	0.641221	0.916031	9.972749
-0.061768	-0.165039	0.932861	-2.519084	1.129771	0.595420	9.983302
-0.066895	-0.160889	0.929688	-3.572519	1.503817	-0.145038	9.992832
-0.057861	-0.154785	0.925781	-3.648855	1.496183	-0.129771	10.003248
-0.057129	-0.155762	0.940430	-2.931298	1.167939	0.534351	10.013610
-0.064941	-0.153076	0.937744	-1.877863	0.954198	0.946565	10.023984
-0.064697	-0.165039	0.935547	-1.427481	1.183206	0.648855	10.033348
-0.067139	-0.155762	0.942871	-1.167939	0.213740	0.427481	10.044296
-0.065186	-0.156494	0.930420	-2.038168	-0.038168	0.549618	10.054776
-0.063477	-0.166260	0.944336	-2.832061	-0.274809	0.312977	10.064630
-0.059082	-0.151123	0.927246	-2.572519	-0.099237	0.282443	10.074099
-0.059082	-0.158203	0.933350	-2.496183	0.816794	0.625954	10.084645
-0.053467	-0.159912	0.955811	-2.015267	0.335878	0.305344	10.094878
-0.061768	-0.155518	0.969971	0.648855	-0.465649	-0.328244	10.105340
-0.067139	-0.148193	0.962402	-2.557252	-2.244275	0.076336	10.115680
-0.057861	-0.158936	0.929688	0.076336	-0.358779	1.480916	10.125234
-0.060791	-0.147217	0.915771	-0.259542	-1.076336	0.641221	10.135851
-0.057373	-0.133545	0.911377	-0.839695	1.160305	1.488550	10.146421
-0.054199	-0.157227	0.938477	-1.625954	1.450382	2.160305	10.156360
-0.055908	-0.163818	0.927734	-2.503817	1.732824	1.412214	10.165858
-0.052002	-0.151367	0.923340	-1.480916	2.374046	1.885496	10.176435
-0.054932	-0.163818	0.945557	-0.610687	1.610687	1.862595	10.186655
-0.056641	-0.165527	0.951172	-1.053435	-0.160305	1.374046	10.196397
-0.059570	-0.165527	0.937256	-1.679389	-0.725191	0.885496	10.205862
-0.057129	-0.160156	0.886475	0.152672	-0.679389	1.335878	10.215306
-0.063477	-0.155762	0.923340	0.473282	1.213740	1.259542	10.226722
-0.064697	-0.135498	0.944824	0.282443	0.923664	1.206107	10.236584
-0.061279	-0.148193	0.940918	-2.374046	0.122137	1.748092	10.246243
-0.048340	-0.153564	0.931396	-1.549618	0.770992	2.213740	10.257055
-0.065186	-0.154297	0.926270	-1.053435	1.213740	2.404580	10.267090
-0.057373	-0.156982	0.945312	-2.190840	1.633588	1.335878	10.276469
-0.056152	-0.165771	0.956055	-0.236641	1.129771	2.061069	10.287004
-0.057861	-0.162842	0.935791	-1.801527	0.541985	0.893130	10.300067
-0.069336	-0.165283	0.923828	-2.870229	0.587786	-0.137405	10.310228
-0.061279	-0.154541	0.919678	-3.770992	1.320611	-0.824427	10.319682
-0.047363	-0.143066	0.933838	-3.610687	1.519084	-0.045802	10.330905
-0.058105	-0.146729	0.958252	-1.625954	0.938931	1.694656	10.341245
-0.056152	-0.149170	0.969482	-2.557252	0.465649	1.435115	10.351112
-0.056641	-0.160645	0.946777	-2.519084	-1.343511	1.435115	10.360755
-0.055420	-0.165771	0.931641	-3.167939	-0.824427	1.381679	10.371392
-0.065674	-0.166016	0.915283	-1.885496	0.137405	1.244275	10.382009
-0.059814	-0.154541	0.906250	-1.946565	1.290076	1.068702	10.391766
-0.060547	-0.153076	0.921387	-2.549618	2.717557	1.244275	10.402526
-0.059326	-0.162354	0.953613	-3.473282	2.290076	0.893130	10.412868
-0.057373	-0.160889	0.966064	-4.290076	1.816794	0.366412	10.423104
-0.049561	-0.160889	0.965820	-3.694656	0.458015	0.748092	10.432633
-0.060791	-0.163818	0.935791	-2.755725	-0.129771	0.801527	10.443431
-0.056396	-0.160156	0.927490	-0.877863	0.267176	1.213740	10.454001
-0.057617	-0.161621	0.925049	0.122137	0.931298	1.198473	10.464332
-0.059570	-0.147461	0.924316	-0.419847	1.274809	1.061069	10.473768
-0.059814	-0.146973	0.917236	-2.435115	1.770992	1.374046	10.484280
-0.065918	-0.169678	0.939453	-2.580153	1.816794	0.946565	10.494493
-0.058350	-0.154785	0.937256	-1.816794	1.755725	0.824427	10.504009
-0.056641	-0.156494	0.952881	-2.000000	1.190840	1.328244	10.513459
-0.058350	-0.169922	0.946045	-2.458015	0.114504	0.961832	10.524118
-0.059326	-0.159912	0.937256	-1.526718	0.053435	0.801527	10.534521
-0.059814	-0.157715	0.938721	-0.206107	-0.198473	0.793893	10.544865
-0.061768	-0.146240	0.941406	-0.603053	-0.389313	1.152672	10.554596
-0.058594	-0.153320	0.941162	-2.068702	0.190840	0.923664	10.565208
-0.063232	-0.154053	0.937012	-1.984733	0.190840	0.969466	10.575117
-0.059570	-0.153320	0.949951	-1.832061	0.213740	0.977099	10.584525
-0.050293	-0.143799	0.946289	-2.137405	-0.167939	1.458015	10.594482
-0.060059	-0.152100	0.928223	-1.862595	-1.236641	1.664122	10.604315
-0.055664	-0.160645	0.933350	-0.763359	-0.450382	1.564885	10.615063
-0.066650	-0.148193	0.928223	-1.442748	-0.015267	0.801527	10.624563
-0.062012	-0.157959	0.909668	-1.557252	1.183206	0.435115	10.634985
-0.052002	-0.146973	0.929932	-2.091603	1.137405	0.793893	10.645281
-0.056885	-0.152588	0.934814	-2.183206	0.618321	1.145038	10.655575
-0.049805	-0.151367	0.931152	-2.694656	0.297710	1.160305	10.665173
-0.052002	-0.144775	0.927246	-2.641221	0.183206	1.694656	10.675778
-0.050537	-0.164062	0.929688	-2.954198	0.091603	1.885496	10.685837
-0.059082	-0.162842	0.920654	-2.908397	0.351145	1.473282	10.696233
-0.058594	-0.166016	0.912109	-3.030534	1.167939	1.473282	10.705710
-0.061768	-0.162598	0.916260	-2.923664	1.755725	0.954198	10.716650
-0.054932	-0.154785	0.917969	-2.816794	1.977099	0.725191	10.726731
-0.058350	-0.155762	0.917725	-2.832061	3.160305	0.923664	10.736531
-0.058105	-0.151367	0.957764	-2.748092	2.709924	0.648855	10.746062
-0.059570	-0.152832	0.951416	-3.290076	1.381679	0.633588	10.757011
-0.053711	-0.157227	0.948975	-1.877863	1.862595	1.480916	10.767318
-0.054199	-0.153564	0.949463	-2.305344	1.419847	1.259542	10.777303
-0.051514	-0.149902	0.928467	-2.450382	1.442748	1.511450	10.786813
-0.065918	-0.154541	0.923096	-2.358779	2.389313	1.541985	10.797764
-0.057617	-0.150879	0.932617	-2.007634	2.435115	1.816794	10.807985
-0.061279	-0.166016	0.946289	-2.480916	2.045802	1.725191	10.817820
-0.051270	-0.166748	0.965820	-1.854962	1.496183	0.725191	10.827298
-0.053711	-0.156006	0.968262	-2.458015	1.923664	1.526718	10.836801
-0.059570	-0.169678	0.948975	-2.450382	-0.488550	1.679389	10.848332
-0.063965	-0.160400	0.931641	-1.595420	-0.175573	1.572519	10.858332
-0.061035	-0.153809	0.927490	-1.778626	0.458015	1.954198	10.867721
-0.057617	-0.163086	0.915527	-1.496183	0.984733	1.748092	10.878511
-0.062256	-0.155518	0.928955	-1.175573	1.854962	1.603053	10.888666
-0.062256	-0.154541	0.912842	0.305344	2.419847	2.557252	10.899066
-0.061035	-0.153076	0.933350	0.480916	3.145038	2.580153	10.909441
-0.064453	-0.152100	0.916504	-1.091603	3.893130	2.564885	10.920021
-0.061279	-0.157959	0.902344	-1.488550	4.404580	2.946565	10.930220
-0.062744	-0.160156	0.934570	-2.221374	4.519084	2.290076	10.939845
-0.060059	-0.154297	0.937500	-3.022901	3.297710	2.000000	10.949804
-0.060059	-0.164795	0.946289	-3.290076	1.702290	1.717557	10.960987
-0.059082	-0.169922	0.963623	-3.236641	0.175573	0.183206	10.971302
-0.054932	-0.163086	0.939453	-2.442748	-0.572519	0.496183	10.980967
-0.054443	-0.160645	0.928711	-2.595420	-0.488550	0.465649	10.990617
-0.061035	-0.156006	0.926758	-3.954198	0.160305	0.160305	11.001577
-0.062988	-0.153076	0.905518	-3.648855	0.732824	0.427481	11.011600
-0.063721	-0.150391	0.926758	-3.320611	2.450382	0.358779	11.021489
-0.059326	-0.149902	0.922363	-2.343511	2.496183	0.549618	11.032055
-0.060059	-0.135742	0.932617	-1.923664	3.129771	1.419847	11.042386
-0.065918	-0.150635	0.931641	-2.015267	2.671756	1.793893	11.052547
-0.060303	-0.142578	0.950195	-1.801527	3.030534	2.015267	11.062194
-0.068604	-0.151611	0.947266	-2.511450	2.152672	2.763359	11.072614
-0.070312	-0.166992	0.938721	-2.503817	2.465649	2.366412	11.082982
-0.083496	-0.128418	0.932373	-1.236641	-0.496183	0.687023	11.092528
-0.062256	-0.127930	0.922119	-0.870229	3.328244	2.503817	11.103505
-0.060303	-0.141357	0.945801	-2.076336	2.793893	2.282443	11.113897
-0.061035	-0.137451	0.941406	-2.725191	3.412214	2.961832	11.123772
-0.065918	-0.165771	0.972900	-2.702290	2.847328	2.335878	11.133173
-0.075928	-0.159424	1.010498	-2.839695	1.633588	1.381679	11.142644
-0.062012	-0.165527	0.994385	-2.816794	-0.603053	1.862595	11.152467
-0.064453	-0.152344	0.959473	-1.404580	-1.679389	2.053435	11.161989
-0.054199	-0.126709	0.913818	-0.076336	-1.335878	3.099237	11.173895
-0.056885	-0.138428	0.891357	0.916031	0.648855	4.549618	11.184246
-0.058105	-0.144775	0.916992	-0.206107	1.908397	4.648855	11.193800
-0.062012	-0.166748	0.965332	-1.809160	1.824427	4.381679	11.205095
-0.057129	-0.180176	0.943115	-1.977099	0.847328	3.877863	11.215223
-0.059326	-0.183594	0.948730	-0.877863	0.045802	2.641221	11.224840
-0.058350	-0.166748	0.927734	-1.427481	-0.465649	2.106870	11.235133
-0.064209	-0.171631	0.891113	-0.633588	0.160305	3.900763	11.245930
-0.060303	-0.150635	0.892090	0.694656	2.564885	2.022901	11.256003
-0.063232	-0.152344	0.925537	-1.473282	3.572519	2.259542	11.265697
-0.061768	-0.150635	0.944092	-2.923664	3.137405	2.175573	11.275078
-0.061768	-0.166260	0.947510	-3.496183	3.419847	1.839695	11.285863
-0.063232	-0.155762	0.964600	-2.526718	2.809160	1.801527	11.296178
-0.061279	-0.154785	0.935547	-1.793893	1.969466	2.282443	11.306122
-0.073486	-0.153809	0.934814	-0.488550	2.137405	2.068702	11.315646
-0.066650	-0.152344	0.964600	0.335878	1.595420	2.740458	11.326188
-0.066650	-0.166504	0.958984	-1.618321	0.206107	2.167939	11.336652
-0.073730	-0.161133	0.950195	-2.435115	-0.687023	1.137405	11.347008
-0.066162	-0.156250	0.937744	-2.931298	-1.641221	1.122137	11.356520
-0.051758	-0.154541	0.925537	-2.244275	-1.946565	0.893130	11.367524
-0.065186	-0.148682	0.933350	-0.664122	-1.282443	1.824427	11.377881
-0.066895	-0.164062	0.935059	0.908397	-0.809160	3.068702	11.387805
-0.061768	-0.156982	0.922607	1.396947	0.022901	3.335878	11.397720
-0.063965	-0.166016	0.929199	-0.236641	1.114504	3.786260	11.408631
-0.064697	-0.166748	0.940674	-0.916031	1.267176	2.809160	11.418817
-0.057861	-0.176025	0.940918	-2.320611	0.656489	2.175573	11.428264
-0.063477	-0.169678	0.935059	-2.908397	0.389313	1.419847	11.437890
-0.059326	-0.172363	0.926025	-1.938931	-0.083969	1.221374	11.448367
-0.065186	-0.173096	0.945068	-1.778626	-0.496183	0.862595	11.459041
-0.061768	-0.156494	0.918945	-2.061069	-0.786260	0.450382	11.469429
-0.054199	-0.146729	0.915039	-1.954198	-0.183206	0.839695	11.480010
-0.059814	-0.143799	0.931885	-3.091603	0.198473	1.480916	11.490232
-0.059082	-0.155029	0.915771	-3.099237	0.480916	1.893130	11.499995
-0.058594	-0.152344	0.923096	-2.809160	1.549618	0.007634	11.509516
-0.060791	-0.150635	0.920166	-2.221374	1.671756	2.587786	11.519920
-0.051758	-0.142822	0.920410	-1.793893	1.770992	3.167939	11.530681
-0.051025	-0.129883	0.917236	-1.450382	2.679389	4.389313	11.540272
-0.061035	-0.156738	0.894043	-0.778626	3.030534	4.748092	11.550250
-0.052734	-0.172119	0.823975	1.709924	5.534351	4.419847	11.560978
-0.064453	-0.165527	0.967041	3.847328	8.923664	4.732824	11.571528
-0.065430	-0.176025	0.970703	1.244275	6.557252	4.488550	11.580944
-0.067871	-0.179932	0.951172	-1.053435	4.992366	2.152672	11.590458
-0.073975	-0.173340	0.971436	-0.732824	3.847328	1.274809	11.600102
-0.066162	-0.153564	0.955811	-1.007634	1.870229	0.832061	11.609537
-0.061768	-0.145508	0.912354	-1.374046	1.145038	0.832061	11.621355
-0.066162	-0.140137	0.934326	-1.755725	1.519084	1.526718	11.631707
-0.067139	-0.164307	0.951172	-2.450382	0.740458	1.343511	11.641474
-0.060791	-0.161377	0.952148	-2.687023	0.167939	1.083969	11.651022
-0.067627	-0.177979	0.957031	-1.748092	-0.167939	1.450382	11.662337
-0.068604	-0.182617	0.963867	-0.908397	-1.068702	0.137405	11.672380
-0.063965	-0.166504	0.950928	-0.076336	-1.786260	-0.778626	11.682012
-0.061035	-0.159912	0.960938	-0.519084	-2.893130	-0.847328	11.692719
-0.062744	-0.148682	0.938477	-2.305344	-2.709924	-0.847328	11.702943
-0.071777	-0.155273	0.933594	-3.412214	-3.022901	-1.526718	11.712793
-0.074707	-0.153564	0.936768	-2.832061	-2.244275	-1.343511	11.722232
-0.057617	-0.141113	0.931641	-2.511450	-1.557252	-0.160305	11.731891
-0.063965	-0.154541	0.935059	-2.488550	-1.007634	-0.045802	11.741290
-0.063232	-0.156006	0.943848	-2.221374	-0.213740	0.442748	11.753323
-0.072998	-0.154053	0.934814	-1.809160	-0.152672	-0.038168	11.763213
-0.060303	-0.138184	0.940674	-1.793893	-0.641221	-0.244275	11.773491
-0.059570	-0.129883	0.923096	-1.305344	-0.419847	0.137405	11.782901
-0.056641	-0.138916	0.927246	-0.984733	0.564885	1.259542	11.792389
-0.062256	-0.134521	0.927002	-1.473282	1.106870	1.396947	11.802118
-0.056396	-0.141113	0.945312	-1.106870	1.206107	2.022901	11.813489
-0.051514	-0.147217	0.947754	-2.824427	1.320611	2.435115	11.823932
-0.059814	-0.156738	0.927734	-4.114504	1.793893	2.038168	11.833298
-0.057129	-0.158203	0.918213	-3.694656	2.564885	1.526718	11.844553
-0.049316	-0.131592	0.912842	-1.412214	3.442748	1.938931	11.854618
-0.048096	-0.133545	0.902344	-0.152672	4.549618	2.809160	11.864733
-0.054932	-0.137207	0.908936	-0.015267	5.549618	3.374046	11.874172
-0.063232	-0.139404	0.916016	0.763359	6.251908	4.190840	11.884824
-0.069092	-0.122070	0.891357	0.419847	7.648855	4.374046	11.895220
-0.071533	-0.144531	0.910400	2.175573	9.916031	4.381679	11.905146
-0.076660	-0.137695	0.942627	2.786260	9.274809	5.297710	11.914561
-0.067383	-0.134033	0.956055	2.549618	7.335878	5.709924	11.925501
-0.066650	-0.149414	0.975342	0.854962	3.839695	4.396947	11.935244
-0.070557	-0.152588	0.939209	-0.839695	1.679389	3.519084	11.945837
-0.071045	-0.158691	0.921387	-1.122137	1.793893	3.221374	11.955222
-0.074951	-0.160400	0.918945	-2.427481	2.274809	2.305344	11.965129
-0.075195	-0.161377	0.934082	-3.083969	2.312977	2.099237	11.976086
-0.072998	-0.168457	0.955078	-3.893130	2.061069	1.045802	11.986255
-0.070068	-0.163086	0.943604	-3.068702	1.419847	-0.099237	11.995871
-0.065186	-0.144287	0.930908	-2.282443	1.557252	0.870229	12.006624
-0.072510	-0.171143	0.926270	-2.000000	1.977099	1.083969	12.017018
-0.076904	-0.164062	0.927246	-2.083969	2.687023	0.152672	12.026766
-0.074463	-0.156738	0.948975	-2.259542	3.145038	-0.236641	12.036181
-0.073975	-0.156250	0.955811	-3.404580	2.396947	0.412214	12.045712
-0.075684	-0.173340	0.951416	-4.038168	1.916031	-0.198473	12.056754
-0.079102	-0.161865	0.932373	-2.076336	2.167939	-0.488550	12.066213
-0.068359	-0.142822	0.929932	-0.442748	2.748092	0.549618	12.076938
-0.068359	-0.155273	0.929443	-0.320611	2.748092	1.007634	12.086884
-0.071533	-0.145264	0.947510	-0.885496	3.129771	0.786260	12.096618
-0.079590	-0.159668	0.956543	-2.145038	2.320611	0.404580	12.107726
-0.082520	-0.162109	0.985352	-3.213740	-0.312977	-0.977099	12.117825
-0.072510	-0.166992	0.964844	-2.984733	-1.786260	-1.694656	12.127557
-0.044189	-0.142090	0.943604	-5.145038	-2.290076	-1.061069	12.137181
-0.063721	-0.132080	0.912354	-0.572519	-0.908397	-0.946565	12.148355
-0.073242	-0.131104	0.923584	0.328244	0.374046	0.190840	12.158759
-0.076172	-0.118652	0.913330	-0.801527	2.183206	1.572519	12.168517
-0.078857	-0.136719	0.932861	-1.404580	2.541985	2.251908	12.178312
-0.072266	-0.150635	0.961426	-1.877863	1.748092	1.702290	12.189576
-0.070312	-0.145996	0.942139	-1.541985	0.534351	1.641221	12.199786
-0.072021	-0.151855	0.942383	-1.725191	-0.236641	1.099237	12.209838
-0.078857	-0.160400	0.956787	-1.778626	-1.496183	0.198473	12.219643
-0.076416	-0.135498	0.941406	-1.603053	-2.229008	-0.770992	12.229521
-0.070312	-0.122070	0.909668	-1.458015	-1.969466	0.167939	12.240540
-0.069092	-0.120605	0.909424	-1.908397	-1.381679	0.992366	12.251019
-0.073730	-0.123779	0.905518	-1.870229	0.000000	1.396947	12.260768
-0.072510	-0.130859	0.906494	-2.038168	1.824427	1.717557	12.271337
-0.068604	-0.123291	0.916260	-1.664122	3.282443	2.374046	12.281761
-0.078369	-0.147461	0.938232	-2.740458	3.656489	2.778626	12.291551
-0.073975	-0.146484	0.961182	-3.061069	1.725191	0.854962	12.305276
-0.078857	-0.143311	0.950928	-3.267176	0.244275	1.320611	12.315356
-0.069824	-0.143799	0.934814	-2.969466	0.015267	1.053435	12.324775
-0.071533	-0.140625	0.924316	-2.381679	-0.007634	2.007634	12.334272
-0.073730	-0.152344	0.939209	-1.870229	0.572519	2.045802	12.344331
-0.073975	-0.139648	0.942871	-1.633588	0.778626	2.396947	12.355899
-0.077637	-0.144287	0.930908	-2.145038	0.511450	2.839695	12.365857
-0.072754	-0.151611	0.921875	-2.167939	0.984733	2.755725	12.375408
-0.073242	-0.156006	0.923828	-3.236641	1.557252	3.167939	12.386772
-0.071533	-0.166016	0.941650	-4.267176	1.358779	2.671756	12.397434
-0.066162	-0.169678	0.956543	-3.267176	1.511450	1.198473	12.407403
-0.072266	-0.156250	0.975830	-3.587786	0.992366	1.641221	12.416816
-0.075928	-0.172852	0.975342	-2.977099	-0.687023	0.458015	12.426278
-0.067383	-0.142334	0.936035	-2.297710	-1.091603	0.267176	12.435755
-0.073730	-0.137451	0.941650	-2.122137	-0.770992	1.511450	12.445684
-0.072021	-0.143799	0.930908	-2.893130	-1.175573	1.213740	12.457263
-0.071045	-0.135986	0.923584	-2.748092	-0.847328	1.961832	12.467288
-0.063477	-0.151367	0.937500	-2.549618	-0.206107	2.671756	12.476674
-0.077148	-0.157227	0.942139	-3.221374	-0.839695	2.137405	12.487280
-0.068359	-0.156494	0.938232	-3.885496	-1.427481	3.885496	12.497817
-0.061035	-0.155029	0.929199	-3.083969	-1.106870	1.725191	12.507857
-0.060791	-0.152832	0.923340	-3.190840	-0.877863	2.061069	12.517533
-0.067627	-0.156006	0.906982	-3.198473	0.167939	2.251908	12.527844
-0.062500	-0.150879	0.920166	-4.473282	0.587786	1.603053	12.538395
-0.067871	-0.162354	0.922607	-2.587786	1.480916	2.404580	12.547893
-0.073486	-0.156494	0.923340	-4.320611	1.427481	0.709924	12.558605
-0.071045	-0.145264	0.926514	-3.633588	3.954198	1.786260	12.568996
-0.071289	-0.150391	0.922852	-5.045802	4.748092	2.000000	12.578674
-0.072266	-0.152344	0.944092	-3.923664	4.854962	2.572519	12.588513
-0.068359	-0.159424	0.967773	-3.458015	4.603053	1.961832	12.599557
-0.086182	-0.152100	0.973389	1.725191	1.198473	0.893130	12.609750
-0.094482	-0.170898	0.951904	-0.106870	-1.496183	5.465649	12.619150
-0.068848	-0.183594	0.944824	-2.786260	3.190840	1.045802	12.628637
-0.068604	-0.124268	0.945068	-4.580153	1.816794	0.236641	12.638596
-0.064941	-0.157959	0.920166	-3.793893	1.992366	2.816794	12.648295
-0.070068	-0.165283	0.949219	-3.213740	4.198473	0.801527	12.659108
-0.062988	-0.141357	0.958252	-2.480916	1.893130	1.839695	12.668618
-0.062988	-0.161621	0.959229	-3.595420	2.839695	1.091603	12.679017
-0.069092	-0.160645	0.927490	1.312977	0.908397	1.854962	12.690182
-0.080322	-0.141602	0.935547	-3.053435	0.557252	0.709924	12.701127
-0.075439	-0.165771	0.922852	0.160305	1.618321	3.679389	12.712068
-0.073975	-0.155029	0.935303	-3.389313	4.847328	2.091603	12.723018
-0.064697	-0.139404	0.963623	-1.122137	2.595420	0.793893	12.734009
-0.083008	-0.143066	0.953613	-3.748092	-1.282443	0.923664	12.745021
-0.083740	-0.164795	0.965576	1.244275	-3.267176	2.977099	12.756068
-0.074463	-0.163086	0.956787	0.587786	-6.603053	1.664122	12.767095
-0.075684	-0.142822	0.902588	0.725191	-7.801527	1.534351	12.778254
-0.077881	-0.146240	0.911133	3.022901	-5.022901	2.358779	12.789465
-0.080322	-0.138672	0.892334	0.244275	-1.610687	1.458015	12.800707
-0.072021	-0.150146	0.911133	3.893130	0.030534	4.152672	12.811852
-0.074219	-0.141357	0.942383	-1.450382	-1.648855	2.099237	12.822923
-0.065430	-0.157471	0.939209	4.267176	-4.870229	6.832061	12.834029
-0.076172	-0.159912	0.960205	5.610687	-0.587786	2.465649	12.845195
-0.070312	-0.153809	0.911133	-2.435115	-6.717557	1.717557	12.855997
-0.051514	-0.170898	0.906006	-0.625954	-0.633588	2.954198	12.867094
-0.076660	-0.170410	0.923340	-1.587786	-0.618321	-0.900763	12.878230
-0.054688	-0.141357	0.893799	-6.679389	-1.778626	-0.190840	12.889278
-0.069092	-0.185791	0.917236	-3.343511	1.977099	1.343511	12.900541
-0.050537	-0.150146	0.945557	-2.480916	1.328244	2.129771	12.911660
-0.067627	-0.192383	0.952148	-3.839695	1.473282	2.427481	12.922738
-0.038086	-0.205322	0.926514	13.183206	-1.351145	5.106870	12.933567
-0.129395	-0.125488	0.972900	3.778626	-5.145038	5.480916	12.944817
-0.101074	-0.212402	0.946777	-0.167939	-1.809160	1.656489	12.956175
-0.065186	-0.095703	0.928467	-1.480916	1.900763	2.229008	12.967245
-0.076904	-0.194824	0.929443	-2.312977	2.221374	3.801527	12.978063
-0.070312	-0.163086	0.949707	5.175573	0.748092	2.435115	12.989238
-0.029785	-0.152588	0.942871	-4.625954	4.022901	1.648855	13.000623
-0.083008	-0.189941	0.971191	-5.717557	1.320611	-2.465649	13.011565
-0.040527	-0.116943	0.937744	-2.236641	2.038168	0.564885	13.022753
-0.075195	-0.170654	0.941650	0.312977	0.320611	2.114504	13.033813
-0.069092	-0.112549	0.922119	-3.129771	2.465649	-1.679389	13.044939
-0.064453	-0.151123	0.913574	-1.137405	2.358779	1.351145	13.055858
-0.072510	-0.152344	0.966064	-3.274809	1.557252	-1.648855	13.066650
-0.065186	-0.152832	0.956299	-1.496183	-0.870229	0.473282	13.077392
-0.070557	-0.168701	0.967285	0.297710	-3.000000	-0.862595	13.088558
-0.058350	-0.143799	0.940918	2.267176	-4.709924	-0.938931	13.099561
-0.083252	-0.156982	0.928223	5.198473	2.015267	-0.938931	13.110807
-0.087158	-0.119873	0.939209	2.114504	-0.755725	0.145038	13.121902
-0.052246	-0.139160	0.898193	-4.610687	0.923664	0.587786	13.132803
-0.066650	-0.155273	0.905029	2.610687	2.946565	3.893130	13.143987
-0.076660	-0.155518	0.971924	-0.488550	3.557252	0.030534	13.155073
-0.073975	-0.128662	0.963623	-6.557252	5.572519	-1.862595	13.166070
-0.094482	-0.177246	0.952637	-7.519084	6.122137	2.916031	13.176851
-0.092773	-0.076904	0.946533	-11.633588	4.564885	-3.389313	13.187907
-0.055908	-0.119873	0.900391	-8.236641	3.480916	2.893130	13.199109
-0.053955	-0.150879	0.920898	5.022901	-0.076336	5.793893	13.209970
-0.099854	-0.160645	0.925781	0.793893	5.755725	6.030534	13.220835
-0.027832	-0.132324	0.905273	4.190840	1.694656	0.030534	13.231949
-0.084961	-0.138184	0.941650	-1.725191	1.709924	5.427481	13.242937
-0.074951	-0.206299	0.971191	-0.061069	0.083969	-1.893130	13.254074
-0.022217	-0.076904	0.920410	-5.022901	1.702290	-2.564885	13.264863
-0.094971	-0.207520	0.914551	-4.450382	2.557252	3.381679	13.275964
-0.096191	-0.196533	0.948486	15.648855	-8.053435	9.282443	13.286882
-0.052979	-0.064697	0.941895	-10.870229	4.984733	-3.923664	13.297968
-0.074707	-0.175049	0.934326	-0.725191	3.587786	6.106870	13.309047
-0.066162	-0.142090	0.931885	-5.503817	3.328244	-1.908397	13.320082
-0.065918	-0.178711	0.940186	3.595420	0.656489	4.274809	13.331097
-0.068604	-0.150391	0.925537	-2.938931	-0.038168	-0.526718	13.341971
-0.065918	-0.168457	0.920166	3.709924	-2.465649	0.503817	13.353216
-0.063232	-0.142822	0.928223	-1.007634	-1.389313	-1.770992	13.364136
-0.039307	-0.137207	0.910400	-2.419847	0.862595	-0.793893	13.375083
-0.066406	-0.153564	0.946045	-2.290076	-0.687023	-2.664122	13.386124
-0.056152	-0.142578	0.944824	-0.045802	-4.343511	-0.969466	13.396254
-0.024902	-0.109131	0.900146	-7.893130	0.824427	0.610687	13.405626
-0.062256	-0.147705	0.952881	-6.816794	4.465649	-3.633588	13.416498
-0.076660	-0.127686	0.941406	4.106870	-4.435115	2.290076	13.426820
-0.069336	-0.150879	0.903320	-0.534351	1.396947	0.458015	13.436803
-0.073486	-0.140625	0.936768	-0.946565	1.274809	1.427481	13.446631
-0.067871	-0.134033	0.924316	-0.526718	2.763359	2.458015	13.458037
-0.075928	-0.153809	0.965332	0.725191	0.893130	0.137405	13.468112
-0.048096	-0.106689	0.965576	-2.763359	0.961832	0.854962	13.478370
-0.074463	-0.152344	0.952637	-2.587786	-1.641221	-0.786260	13.487861
-0.060791	-0.126709	0.934570	3.885496	-0.938931	-0.007634	13.498843
-0.040771	-0.128906	0.920898	-2.938931	0.969466	0.786260	13.509415
-0.070312	-0.132324	0.913086	-1.305344	3.137405	0.793893	13.519273
-0.065430	-0.108154	0.900879	-0.259542	3.893130	2.450382	13.528687
-0.073486	-0.118408	0.948486	1.908397	5.007634	1.854962	13.539502
-0.059814	-0.130615	0.960693	-1.099237	4.122137	5.847328	13.549959
-0.074463	-0.161377	0.964844	-0.282443	1.175573	5.603053	13.559883
-0.073486	-0.153564	0.973389	-2.480916	3.068702	1.549618	13.569338
-0.064453	-0.127197	0.960205	-7.053435	0.519084	-0.396947	13.580296
-0.063477	-0.148926	0.934570	-6.816794	3.839695	2.045802	13.590648
-0.070068	-0.143555	0.939453	-4.564885	0.221374	-1.603053	13.600369
-0.050293	-0.109375	0.917480	-6.038168	1.809160	0.083969	13.610188
-0.079834	-0.148193	0.939209	-4.641221	3.267176	0.358779	13.621161
-0.063232	-0.124756	0.915771	-1.717557	2.343511	3.832061	13.631515
-0.082520	-0.154785	0.959473	-1.740458	3.038168	2.450382	13.641431
-0.080078	-0.159180	0.978516	-2.152672	0.778626	0.480916	13.651863
-0.086426	-0.152832	0.965088	-2.816794	-1.572519	-0.603053	13.662616
-0.078857	-0.146973	0.945068	-1.885496	-1.167939	1.893130	13.672910
-0.065430	-0.121826	0.937012	-4.175573	0.374046	-1.083969	13.682547
-0.069580	-0.144531	0.942627	-4.145038	0.625954	0.862595	13.692967
-0.060791	-0.134033	0.919434	-1.465649	1.175573	1.809160	13.702538
-0.054199	-0.132080	0.939697	-0.068702	1.656489	0.244275	13.712162
-0.072998	-0.150635	0.944580	-3.290076	3.839695	2.412214	13.721664
-0.069336	-0.165283	0.938965	-1.450382	2.312977	2.671756	13.733105
-0.086914	-0.155762	0.958008	-2.908397	1.916031	0.671756	13.743512
-0.066406	-0.149414	0.964844	-4.854962	1.022901	0.633588	13.753222
-0.072754	-0.134766	0.929443	-2.832061	0.381679	0.519084	13.763792
-0.053955	-0.118896	0.944092	-5.503817	0.114504	0.099237	13.773674
-0.055176	-0.129395	0.952881	-3.885496	0.297710	0.648855	13.784167
-0.052734	-0.138672	0.940430	-3.961832	0.656489	1.984733	13.793622
-0.089355	-0.178223	0.953369	-2.007634	0.862595	3.038168	13.804519
-0.095703	-0.178711	0.934326	0.183206	-2.893130	4.595420	13.814778
-0.052734	-0.145996	0.938965	1.106870	0.007634	-0.076336	13.824730
-0.081543	-0.140137	0.929199	-6.671756	-0.847328	0.450382	13.834209
