0.178711	-0.724854	0.604004	-1.832061	-1.137405	-1.465649	0.001172
0.175293	-0.734619	0.619141	-3.687023	-1.954198	-1.442748	0.009274
0.183350	-0.734375	0.620117	-4.198473	0.160305	-1.076336	0.016888
0.182373	-0.736328	0.631592	-4.282443	0.328244	-0.725191	0.024584
0.190430	-0.732666	0.639648	-4.320611	0.488550	-0.809160	0.032819
0.189941	-0.725586	0.631104	-6.549618	0.099237	-1.061069	0.040935
0.196777	-0.719482	0.640869	-6.114504	-1.106870	-0.427481	0.049141
0.193359	-0.717529	0.645752	-6.190840	-0.603053	-1.114504	0.057285
0.186279	-0.720459	0.641846	-5.206107	-0.450382	-1.419847	0.065424
0.189941	-0.718506	0.637695	-5.442748	-0.404580	-1.824427	0.073535
0.184326	-0.708984	0.632080	-4.832061	-0.641221	-1.755725	0.081928
0.182373	-0.705078	0.619141	-5.145038	-0.427481	-2.305344	0.090038
0.185059	-0.704102	0.617188	-7.816794	-0.030534	-1.465649	0.098210
0.193115	-0.705078	0.615234	-5.931298	0.519084	-1.458015	0.106392
0.187256	-0.705811	0.628418	-4.549618	1.076336	-0.900763	0.114562
0.186279	-0.690186	0.637207	-5.091603	0.603053	-1.412214	0.122662
0.192139	-0.707275	0.621094	-3.282443	0.244275	-0.572519	0.130761
0.183838	-0.682861	0.636230	-2.824427	0.442748	-1.129771	0.138856
0.187744	-0.688477	0.642334	-1.778626	-0.022901	-0.809160	0.147003
0.200684	-0.719727	0.652588	-2.122137	-0.625954	-1.717557	0.155106
0.190918	-0.704590	0.639404	-2.343511	-1.305344	-2.396947	0.163164
0.192627	-0.702637	0.631836	-0.839695	-1.229008	-2.137405	0.171296
0.189941	-0.702637	0.622559	-1.519084	-0.854962	-3.213740	0.179441
0.189941	-0.697266	0.631836	0.641221	0.083969	-1.763359	0.187594
0.185791	-0.678223	0.628174	-0.641221	1.259542	-0.938931	0.195714
0.186768	-0.693115	0.638916	0.526718	2.442748	-0.778626	0.203773
0.200684	-0.701172	0.624268	0.725191	2.595420	0.473282	0.211850
0.198730	-0.693359	0.634521	0.633588	4.053435	0.343511	0.221450
0.191406	-0.708496	0.635986	0.526718	4.557252	0.618321	0.230093
0.189941	-0.699463	0.642334	-0.778626	4.236641	0.519084	0.239550
0.191162	-0.705078	0.644775	-1.038168	3.984733	0.854962	0.248957
0.176758	-0.698242	0.646484	-0.877863	4.045802	0.488550	0.258027
0.196289	-0.680176	0.648926	-1.068702	3.129771	1.206107	0.266973
0.183350	-0.687256	0.630371	-0.824427	3.160305	2.664122	0.275471
0.177734	-0.690430	0.652344	-2.755725	3.053435	3.801527	0.284006
0.189209	-0.715820	0.658936	-2.442748	3.404580	4.694656	0.294628
0.187500	-0.728516	0.648926	-2.793893	3.854962	5.152672	0.304172
0.181885	-0.734131	0.660400	-2.641221	3.641221	3.946565	0.313000
0.179932	-0.739258	0.667236	-2.854962	2.954198	1.847328	0.326789
0.173096	-0.720459	0.659668	-2.183206	1.931298	1.496183	0.336341
0.176270	-0.740723	0.672852	-0.572519	1.824427	1.725191	0.346090
0.189209	-0.731201	0.656982	-2.000000	0.946565	0.885496	0.355389
0.194824	-0.729736	0.670898	-2.427481	0.740458	0.969466	0.364168
0.199951	-0.730713	0.663086	-2.748092	0.244275	1.717557	0.372926
0.192627	-0.728027	0.654297	-3.412214	-0.511450	2.328244	0.382503
0.187012	-0.727295	0.658691	-4.145038	-0.229008	2.145038	0.391673
0.193359	-0.745605	0.668945	-4.244275	-0.801527	1.671756	0.401368
0.196533	-0.751221	0.679443	-5.839695	-2.580153	-0.541985	0.410349
0.195557	-0.727051	0.674561	-3.297710	-4.320611	-1.671756	0.419604
0.192139	-0.723633	0.651123	-0.725191	-3.870229	-2.206107	0.429630
0.187256	-0.712402	0.644043	1.320611	-3.824427	-2.267176	0.438745
0.194092	-0.719727	0.639893	1.587786	-3.992366	-2.969466	0.448100
0.184570	-0.709961	0.636963	2.290076	-3.335878	-2.702290	0.456880
0.190430	-0.721436	0.633545	0.816794	-2.587786	-2.633588	0.466161
0.188721	-0.720215	0.636230	0.030534	-2.129771	-3.229008	0.476379
0.183105	-0.713379	0.636475	-1.267176	-1.541985	-3.076336	0.485760
0.190186	-0.693604	0.624268	-1.854962	-0.679389	-2.870229	0.494675
0.183350	-0.697021	0.635010	-2.893130	0.656489	-1.755725	0.504182
0.188721	-0.680420	0.656250	-3.038168	0.274809	-1.557252	0.513837
0.185303	-0.691895	0.651367	-4.603053	-0.129771	-0.030534	0.523059
0.191650	-0.713379	0.654053	-3.450382	0.244275	0.969466	0.532027
0.184814	-0.712158	0.664795	-2.984733	0.190840	1.099237	0.540872
0.189209	-0.720703	0.656982	-3.000000	0.305344	1.450382	0.551292
0.192139	-0.706299	0.644775	-3.068702	0.557252	1.465649	0.561251
0.180908	-0.716309	0.651123	-3.763359	0.793893	1.870229	0.570271
0.186768	-0.713379	0.659912	-3.725191	1.030534	1.618321	0.579326
0.188232	-0.727783	0.658203	-5.122137	0.374046	1.106870	0.589234
0.191650	-0.718994	0.660156	-3.664122	-0.022901	0.297710	0.598801
0.185303	-0.712158	0.649902	-4.671756	-0.587786	0.572519	0.608053
0.178223	-0.723633	0.654785	-3.832061	-0.862595	0.106870	0.616885
0.172363	-0.719482	0.637695	-2.961832	-0.648855	-0.381679	0.626875
0.175293	-0.719482	0.640381	-3.503817	-1.083969	-0.763359	0.636463
0.172119	-0.715576	0.647705	-2.206107	-1.816794	-1.267176	0.645369
0.177246	-0.715820	0.637695	-1.458015	-1.396947	-1.305344	0.654149
0.179932	-0.709961	0.629883	-0.923664	-0.770992	-1.427481	0.663749
0.173828	-0.691895	0.635986	-1.854962	-0.267176	-0.832061	0.673106
0.182617	-0.710449	0.621338	-2.961832	0.068702	0.076336	0.682748
0.182129	-0.697754	0.628906	-1.656489	1.603053	0.236641	0.691761
0.194092	-0.714111	0.631104	-1.877863	2.427481	1.198473	0.700727
0.193359	-0.720459	0.651367	-3.702290	3.900763	0.213740	0.710252
0.190186	-0.722656	0.637207	-3.404580	1.709924	-0.511450	0.719871
0.199219	-0.720703	0.649902	-2.786260	1.671756	-0.648855	0.729261
0.175537	-0.698975	0.655518	-3.389313	1.030534	-0.954198	0.738103
0.177734	-0.710449	0.646240	-3.190840	1.412214	-0.877863	0.747470
0.189209	-0.684326	0.664795	-3.213740	1.679389	-0.587786	0.757064
0.191650	-0.701416	0.657959	-2.664122	2.083969	-0.511450	0.766234
0.191650	-0.689209	0.671875	-2.114504	2.190840	0.122137	0.775269
0.195068	-0.697998	0.661621	-1.748092	2.022901	0.679389	0.784561
0.194580	-0.700439	0.666748	-1.221374	1.824427	0.969466	0.793363
0.187744	-0.695068	0.670654	-1.931298	1.129771	1.045802	0.802034
0.188232	-0.707764	0.665283	-2.274809	0.595420	1.068702	0.810890
0.193848	-0.695801	0.667236	-2.435115	0.603053	1.328244	0.819348
0.195557	-0.692383	0.656494	-2.496183	0.931298	1.343511	0.829324
0.182617	-0.678467	0.646973	-2.015267	2.679389	2.725191	0.838485
0.191895	-0.717041	0.653809	-1.549618	2.679389	2.832061	0.847276
0.198242	-0.718018	0.646973	-6.030534	1.931298	6.045802	0.855786
0.191406	-0.721680	0.662598	-2.916031	2.229008	3.335878	0.863902
0.193115	-0.739990	0.678223	-2.847328	1.328244	2.511450	0.872298
0.194336	-0.718262	0.670410	-3.274809	0.206107	0.908397	0.882585
0.181396	-0.724365	0.662598	-3.854962	0.541985	0.671756	0.891883
0.191650	-0.721191	0.659180	-4.244275	0.549618	0.274809	0.900687
0.186279	-0.711426	0.664307	-4.244275	0.717557	-0.267176	0.909549
0.189697	-0.706299	0.665039	-4.267176	0.709924	-0.061069	0.917793
0.186279	-0.704834	0.674805	-3.770992	1.931298	-0.717557	0.927547
0.189697	-0.715332	0.679932	-3.374046	-1.587786	-0.305344	0.936389
0.189453	-0.711426	0.661133	-3.076336	-2.206107	-0.671756	0.945244
0.185547	-0.707275	0.651855	-3.030534	-2.992366	-0.770992	0.953370
0.182373	-0.718994	0.644775	-3.083969	-2.458015	-0.801527	0.962169
0.177734	-0.704590	0.630859	-3.366412	-1.641221	-0.770992	0.971685
0.182129	-0.696533	0.630127	-3.526718	-0.450382	-0.236641	0.981394
0.185303	-0.703369	0.625732	-3.755725	0.854962	0.740458	0.992239
0.183838	-0.699951	0.641113	-3.671756	2.068702	0.748092	1.004164
0.181885	-0.698975	0.649414	-3.442748	3.007634	1.076336	1.016270
0.191406	-0.714844	0.654053	-3.564885	2.557252	1.236641	1.027970
0.191162	-0.714355	0.665771	-3.938931	2.351145	0.656489	1.038988
0.196045	-0.726807	0.671631	-4.198473	1.198473	-0.099237	1.050960
0.187988	-0.705078	0.662842	-4.839695	0.343511	-0.877863	1.061946
0.192627	-0.692627	0.662354	-4.694656	0.083969	-0.458015	1.072814
0.186279	-0.686523	0.649414	-4.335878	0.450382	-0.259542	1.083218
0.182861	-0.683350	0.648193	-5.847328	0.870229	0.496183	1.094870
0.184326	-0.692627	0.642334	-3.381679	2.229008	1.824427	1.106612
0.190186	-0.716309	0.672852	-2.946565	1.687023	2.083969	1.118233
0.185791	-0.721680	0.661865	-3.305344	0.961832	0.992366	1.129886
0.185059	-0.708984	0.656982	-3.610687	0.106870	-0.045802	1.142566
0.183838	-0.694092	0.648438	-3.625954	-0.183206	0.435115	1.154374
0.173096	-0.680664	0.653809	-3.938931	0.312977	0.282443	1.165864
0.183105	-0.699463	0.652100	-3.473282	0.580153	0.977099	1.178635
0.177734	-0.698730	0.650391	-2.755725	0.725191	1.374046	1.190558
0.181885	-0.696777	0.652832	-2.656489	1.030534	1.045802	1.201956
0.171387	-0.703369	0.649658	-2.541985	0.839695	0.946565	1.212951
0.176514	-0.697021	0.652588	-2.572519	0.687023	0.977099	1.223854
0.186768	-0.711914	0.645996	-2.053435	0.816794	1.351145	1.234334
0.178955	-0.703613	0.649414	-3.022901	1.091603	0.847328	1.244438
0.179199	-0.705322	0.644775	-3.435115	1.328244	1.099237	1.254474
0.178955	-0.695557	0.651611	-3.770992	1.137405	1.404580	1.264806
0.168945	-0.700684	0.638184	-3.877863	2.053435	3.007634	1.277285
0.172119	-0.713135	0.643799	-3.473282	2.748092	3.114504	1.288443
0.177246	-0.723877	0.653076	-5.053435	2.801527	2.160305	1.300713
0.183838	-0.736084	0.646973	-5.175573	1.641221	1.190840	1.312493
0.174316	-0.714600	0.636719	-2.793893	1.534351	0.725191	1.323499
0.181396	-0.701416	0.654541	-5.694656	1.458015	-0.587786	1.335685
0.171387	-0.698486	0.616943	-3.358779	2.343511	0.671756	1.347283
0.170410	-0.706299	0.634521	-2.068702	3.366412	2.900763	1.358961
0.169922	-0.719238	0.646729	-2.564885	3.641221	1.625954	1.370102
0.176758	-0.709717	0.660400	-2.633588	3.877863	0.946565	1.382435
0.185547	-0.711670	0.665527	-1.267176	4.091603	0.625954	1.394728
0.184814	-0.721191	0.684082	-0.717557	3.534351	0.106870	1.405796
0.178223	-0.708984	0.660645	-2.671756	2.519084	0.633588	1.418565
0.184326	-0.715576	0.671387	-4.129771	1.870229	0.267176	1.430306
0.186035	-0.704102	0.667236	-3.839695	1.045802	0.450382	1.441530
0.185059	-0.698486	0.671631	-3.664122	0.687023	0.190840	1.453379
0.176758	-0.708984	0.656494	-3.175573	0.664122	0.885496	1.464808
0.175537	-0.695801	0.671631	-4.160305	0.038168	-0.213740	1.476738
0.176758	-0.711670	0.662354	-2.732824	0.145038	0.450382	1.487991
0.174072	-0.702881	0.660889	-3.213740	0.099237	0.152672	1.500241
0.173584	-0.700928	0.656982	-4.083969	0.091603	0.488550	1.512037
0.187012	-0.716553	0.648438	-3.374046	1.068702	0.755725	1.523505
0.174805	-0.704834	0.660889	-3.030534	1.206107	1.000000	1.534823
0.182861	-0.714355	0.657471	-3.496183	1.007634	0.938931	1.545780
0.184326	-0.719727	0.674072	-3.648855	0.511450	0.488550	1.556030
0.181885	-0.718262	0.659180	-3.748092	-0.221374	-0.122137	1.567318
0.179199	-0.698242	0.655273	-3.633588	-0.870229	0.061069	1.579705
0.183350	-0.712402	0.654785	-4.343511	-1.022901	0.442748	1.591247
0.175537	-0.705811	0.659668	-4.106870	-0.442748	0.358779	1.603545
0.176514	-0.697510	0.652344	-4.274809	0.015267	0.648855	1.615568
0.179932	-0.702393	0.652344	-4.488550	0.595420	0.961832	1.627355
0.177246	-0.701660	0.669678	-4.053435	0.129771	1.190840	1.638573
0.174805	-0.718018	0.657715	-3.030534	-0.259542	1.435115	1.651041
0.184570	-0.703613	0.655273	-4.000000	-1.442748	0.954198	1.662588
0.174316	-0.717773	0.643555	-3.923664	-0.725191	0.923664	1.674045
0.180420	-0.710693	0.662354	-5.152672	-0.992366	1.083969	1.686427
0.177979	-0.708496	0.641113	-5.580153	-0.404580	1.137405	1.697976
0.175781	-0.694824	0.660645	-4.656489	-0.206107	1.618321	1.708989
0.158691	-0.687500	0.655273	-3.709924	0.244275	1.885496	1.721163
0.176270	-0.714600	0.650879	-3.358779	-0.213740	2.603053	1.733087
0.172119	-0.713867	0.661621	-4.145038	-0.534351	1.534351	1.744257
0.166748	-0.721680	0.650391	-4.755725	-0.946565	0.671756	1.755956
0.172852	-0.713379	0.634766	-4.503817	-1.160305	1.083969	1.767757
0.169189	-0.709961	0.626221	-4.648855	-0.320611	1.351145	1.779452
0.168945	-0.708740	0.643799	-4.488550	0.824427	1.007634	1.791385
0.170898	-0.727051	0.641357	-3.671756	1.229008	1.267176	1.803576
0.162109	-0.712891	0.647461	-3.832061	1.160305	0.969466	1.814819
0.171631	-0.726074	0.648682	-4.114504	1.000000	0.145038	1.825782
0.163818	-0.705322	0.656250	-5.412214	0.305344	-0.564885	1.837092
0.168457	-0.713623	0.653809	-4.961832	0.190840	-0.213740	1.848281
0.169922	-0.701660	0.653076	-3.427481	0.259542	1.000000	1.859177
0.172119	-0.705322	0.667236	-3.786260	0.122137	0.877863	1.869652
0.175537	-0.695312	0.649414	-3.900763	-1.954198	0.740458	1.882245
0.179199	-0.712891	0.650879	-3.839695	0.519084	1.061069	1.894601
0.167480	-0.711670	0.638184	-4.343511	0.763359	1.244275	1.905795
0.182129	-0.723145	0.667236	-4.740458	0.694656	0.992366	1.918055
0.177246	-0.707764	0.648682	-4.809160	0.641221	0.251908	1.929724
0.167480	-0.709229	0.661133	-3.900763	0.122137	0.099237	1.941143
0.177490	-0.700928	0.649902	-3.305344	0.030534	-0.022901	1.953298
0.174072	-0.701416	0.645020	-3.198473	0.213740	0.687023	1.964927
0.170410	-0.716553	0.653320	-2.862595	0.351145	0.931298	1.976190
0.177246	-0.720947	0.645996	-2.961832	0.725191	0.854962	1.988610
0.174316	-0.717041	0.663574	-3.442748	-0.083969	-0.099237	2.000145
0.176758	-0.704590	0.650391	-4.038168	-0.229008	-0.603053	2.011505
0.175049	-0.695557	0.645752	-3.473282	-0.030534	-0.076336	2.023414
0.177979	-0.689453	0.645996	-2.961832	0.076336	0.854962	2.035354
0.165771	-0.697266	0.652344	-2.091603	0.687023	1.526718	2.046987
0.169434	-0.720703	0.649902	-2.465649	0.503817	1.412214	2.057932
0.165039	-0.722168	0.653809	-2.633588	0.496183	0.824427	2.070001
0.166992	-0.715332	0.647705	-3.435115	0.160305	-0.160305	2.081357
0.169434	-0.697266	0.643311	-1.969466	-0.106870	0.099237	2.093308
0.165771	-0.682861	0.641357	-3.167939	0.129771	0.778626	2.105205
0.172363	-0.681885	0.636719	-2.312977	0.694656	2.160305	2.117080
0.174072	-0.708008	0.640869	-1.725191	1.328244	2.580153	2.128029
0.179688	-0.717773	0.657715	-1.557252	1.549618	2.167939	2.139310
0.169922	-0.729492	0.658203	-2.564885	0.938931	1.396947	2.150895
0.169922	-0.716064	0.669434	-3.648855	0.450382	0.152672	2.162050
0.181396	-0.725586	0.661377	-1.977099	-0.099237	0.366412	2.172696
0.169189	-0.701904	0.643311	-2.832061	-0.160305	0.076336	2.182897
0.170898	-0.705566	0.637207	-3.229008	0.244275	0.610687	2.193273
0.173096	-0.703613	0.658203	-2.274809	1.259542	1.679389	2.204842
0.172119	-0.707275	0.661377	-2.923664	2.366412	2.312977	2.216772
0.175781	-0.724121	0.678223	-3.068702	1.816794	1.755725	2.228324
0.176758	-0.732422	0.673340	-2.641221	0.595420	1.320611	2.239704
0.167480	-0.715820	0.672607	-3.045802	-0.480916	0.076336	2.252001
0.163818	-0.714600	0.654053	-3.816794	-0.786260	-0.366412	2.263882
0.167480	-0.703857	0.650635	-4.229008	-0.816794	0.030534	2.274810
0.166504	-0.698486	0.663330	-3.320611	-0.183206	0.969466	2.286882
0.168213	-0.698730	0.649414	-2.893130	0.541985	1.595420	2.301621
0.172363	-0.708984	0.662109	-2.847328	0.610687	1.877863	2.312687
0.170166	-0.719971	0.659668	-3.419847	0.595420	1.366412	2.324753
0.159668	-0.714111	0.654297	-3.664122	0.404580	1.320611	2.336704
0.167969	-0.711670	0.650879	-4.106870	0.015267	0.648855	2.348280
0.165771	-0.699463	0.652100	-3.564885	0.267176	0.832061	2.359311
0.164795	-0.698486	0.649414	-3.221374	1.198473	1.496183	2.372057
0.177002	-0.703125	0.670898	-3.183206	1.251908	2.007634	2.383684
0.169678	-0.716797	0.667480	-2.641221	0.488550	2.183206	2.395549
0.180420	-0.701172	0.658203	-3.167939	-0.236641	2.114504	2.407875
0.163574	-0.709473	0.650146	-2.549618	-0.152672	1.335878	2.419807
0.161621	-0.713379	0.645020	-2.030534	-0.061069	1.267176	2.431019
0.165527	-0.716553	0.645752	-1.740458	0.190840	1.419847	2.442412
0.166992	-0.710205	0.654297	-2.206107	0.648855	1.396947	2.454314
0.168945	-0.711670	0.646973	-3.175573	0.725191	0.877863	2.465988
0.176514	-0.709961	0.653564	-1.961832	1.251908	1.404580	2.477711
0.165039	-0.712891	0.668945	-3.618321	0.862595	1.488550	2.489477
0.169678	-0.703857	0.655029	-3.030534	0.175573	1.122137	2.500846
0.157959	-0.698242	0.664795	-2.145038	0.908397	1.603053	2.511821
0.167480	-0.726074	0.667725	-1.893130	0.396947	0.786260	2.523049
0.166016	-0.706299	0.657959	-0.007634	0.366412	0.603053	2.536048
0.163330	-0.707764	0.670166	-1.732824	0.473282	0.618321	2.547685
0.169678	-0.713623	0.663574	-2.305344	-0.045802	0.931298	2.559890
0.169678	-0.706299	0.678223	-2.641221	0.068702	0.732824	2.571908
0.159912	-0.723389	0.666992	-2.832061	-0.732824	0.694656	2.583414
0.164062	-0.724854	0.656982	-2.816794	-1.045802	0.007634	2.596002
0.162842	-0.708008	0.656738	-3.167939	-1.519084	-0.053435	2.607827
0.158691	-0.710938	0.669434	-3.900763	-1.656489	-0.061069	2.619430
0.166992	-0.712158	0.680908	-3.045802	-1.839695	-0.595420	2.631289
0.158691	-0.700928	0.650146	-3.458015	-2.129771	-1.022901	2.644133
0.157471	-0.687256	0.639893	-2.709924	-2.580153	-1.236641	2.655979
0.156250	-0.688721	0.651123	-1.328244	-1.992366	0.335878	2.666939
0.167969	-0.712646	0.648193	-1.076336	-1.564885	0.022901	2.679142
0.168945	-0.724365	0.645996	-1.916031	-1.320611	-0.435115	2.691183
0.161865	-0.716553	0.645996	-1.320611	-0.671756	-0.595420	2.702226
0.165039	-0.698486	0.649902	-1.938931	0.022901	-0.305344	2.713258
0.167480	-0.702148	0.654785	-2.969466	-0.068702	0.419847	2.723417
0.172119	-0.697510	0.668213	-1.854962	0.664122	0.625954	2.733675
0.169189	-0.690918	0.653809	-2.954198	0.419847	0.839695	2.746214
0.173828	-0.703369	0.672363	-3.167939	0.480916	1.732824	2.758321
0.169189	-0.708496	0.677979	-2.206107	-0.114504	1.648855	2.769514
0.173340	-0.712891	0.678955	-2.274809	-0.305344	1.106870	2.780623
0.171875	-0.709717	0.677734	-1.709924	-0.610687	1.900763	2.792079
0.170166	-0.702637	0.658936	-1.946565	-0.740458	-0.129771	2.802523
0.164551	-0.691895	0.656738	-3.030534	-0.160305	-0.198473	2.814032
0.166504	-0.716797	0.657959	-1.656489	0.839695	2.259542	2.824824
0.166992	-0.698486	0.674072	-5.419847	0.511450	1.809160	2.835086
0.172607	-0.720703	0.679688	-3.534351	1.000000	2.213740	2.847043
0.163574	-0.733887	0.672119	-3.610687	-0.152672	1.618321	2.858742
0.171631	-0.716309	0.675781	-4.458015	-1.007634	0.564885	2.869756
0.174805	-0.718262	0.667969	-3.236641	-0.625954	0.190840	2.880771
0.179199	-0.698975	0.662842	-4.129771	-0.992366	-0.312977	2.891924
0.168945	-0.703613	0.649170	-4.900763	-1.167939	0.488550	2.903892
0.167725	-0.717773	0.674316	-3.435115	-0.595420	1.213740	2.915348
0.167725	-0.710449	0.667480	-5.389313	-0.893130	0.717557	2.926345
0.164551	-0.715576	0.658936	-4.755725	-1.122137	0.259542	2.938946
0.165039	-0.710693	0.659912	-3.725191	-1.389313	0.641221	2.949943
0.167236	-0.709473	0.658203	-3.702290	-1.366412	-0.091603	2.961030
0.165771	-0.698242	0.651611	-4.083969	-0.885496	-0.045802	2.971658
0.168457	-0.709717	0.665771	-4.068702	-0.572519	0.610687	2.981716
0.166748	-0.710449	0.654053	-4.702290	-0.801527	0.816794	2.992639
0.169189	-0.714600	0.646729	-5.206107	-0.244275	1.061069	3.005523
0.165039	-0.720703	0.647949	-5.534351	-0.541985	0.557252	3.017281
0.167725	-0.729736	0.649902	-5.954198	-0.541985	-0.404580	3.028302
0.160400	-0.704346	0.636719	-4.946565	0.137405	-0.900763	3.040872
0.157959	-0.699951	0.643066	-4.068702	0.625954	-0.435115	3.052613
0.170898	-0.702637	0.654541	-3.931298	0.870229	-0.335878	3.063875
0.172607	-0.697754	0.664307	-4.083969	0.702290	-0.183206	3.075704
0.168945	-0.698975	0.663330	-3.152672	0.244275	0.442748	3.087901
0.168701	-0.701416	0.663818	-4.038168	0.412214	0.129771	3.099335
0.167725	-0.709717	0.654053	-2.923664	-0.541985	-0.450382	3.110841
0.161377	-0.701904	0.652344	-2.129771	-0.473282	-0.511450	3.122020
0.161865	-0.699219	0.628662	-2.526718	0.175573	-0.984733	3.135246
0.169922	-0.688721	0.638428	-1.877863	1.931298	-0.297710	3.146751
0.174316	-0.682861	0.641357	-3.320611	2.274809	0.992366	3.157716
0.173096	-0.700439	0.672363	-4.229008	2.022901	0.931298	3.170249
0.179688	-0.718994	0.669678	-3.305344	1.374046	0.832061	3.182001
0.163086	-0.711182	0.670898	-3.068702	1.000000	0.671756	3.193256
0.171631	-0.709961	0.670898	-3.221374	0.511450	0.312977	3.204238
0.163330	-0.704590	0.649414	-4.106870	0.526718	0.068702	3.216973
0.176025	-0.709717	0.663330	-4.007634	0.564885	0.862595	3.228671
0.167725	-0.712646	0.660156	-3.954198	0.435115	0.984733	3.240019
0.167236	-0.725830	0.672607	-3.969466	-0.603053	0.816794	3.252550
0.171875	-0.718262	0.659668	-4.167939	-0.748092	0.290076	3.264659
0.168945	-0.714355	0.644531	-4.015267	-0.839695	-0.221374	3.276082
0.168945	-0.708252	0.650146	-3.770992	-0.656489	-0.534351	3.288491
0.172119	-0.713623	0.656006	-3.419847	-0.114504	-0.053435	3.300433
0.167480	-0.696777	0.659424	-4.106870	0.167939	0.068702	3.312467
0.168213	-0.704590	0.671631	-4.541985	0.015267	0.633588	3.324214
0.180908	-0.712891	0.674805	-4.633588	-0.580153	0.625954	3.336398
0.171387	-0.721924	0.671143	-4.198473	-1.389313	0.213740	3.347638
0.175781	-0.718506	0.651611	-3.679389	-1.992366	-0.748092	3.359801
0.163086	-0.699951	0.631836	-4.381679	-1.320611	-0.824427	3.371627
0.166260	-0.702881	0.633057	-4.473282	-0.396947	-0.412214	3.382885
0.172607	-0.704590	0.648926	-5.862595	0.267176	0.633588	3.395123
0.174561	-0.716553	0.650635	-4.625954	0.587786	0.954198	3.406510
0.174072	-0.704834	0.662354	-3.488550	0.488550	1.679389	3.418236
0.167236	-0.720459	0.662598	-3.519084	-0.473282	0.969466	3.429436
0.172119	-0.712402	0.656006	-3.465649	-1.076336	-0.221374	3.440715
0.163086	-0.711670	0.653076	-3.297710	-1.419847	-0.297710	3.450979
0.170410	-0.691895	0.645020	-3.305344	-0.687023	-0.366412	3.461354
0.165039	-0.678467	0.638184	-3.587786	0.259542	0.778626	3.471586
0.167236	-0.690186	0.660889	-3.633588	0.786260	1.358779	3.482311
0.171631	-0.711670	0.654785	-3.137405	0.755725	1.541985	3.495127
0.170898	-0.716064	0.656982	-3.267176	0.595420	1.404580	3.506931
0.174072	-0.719482	0.659180	-3.381679	0.114504	1.030534	3.517890
0.174316	-0.713623	0.652344	-3.404580	-0.320611	0.709924	3.530100
0.172607	-0.724854	0.658203	-3.908397	-0.305344	0.549618	3.542241
0.173340	-0.708740	0.648926	-4.167939	-0.068702	0.312977	3.553495
0.173340	-0.700195	0.644043	-4.038168	0.183206	0.656489	3.564535
0.175537	-0.708740	0.647949	-4.427481	0.641221	1.290076	3.576787
0.159180	-0.699951	0.662598	-3.923664	0.625954	1.679389	3.588872
0.172363	-0.721924	0.663574	-3.389313	-0.175573	1.030534	3.600347
0.176270	-0.709473	0.657471	-2.687023	-0.877863	0.152672	3.611388
0.174316	-0.708496	0.650635	-2.297710	-1.511450	-0.282443	3.623598
0.171875	-0.696045	0.650391	-2.534351	-1.022901	0.175573	3.636195
0.163574	-0.691895	0.645020	-3.175573	-0.206107	1.221374	3.648066
0.170898	-0.712402	0.659912	-3.610687	0.335878	1.717557	3.659985
0.167236	-0.728027	0.673096	-2.740458	-0.335878	1.625954	3.671365
0.170410	-0.710449	0.671631	-2.679389	-0.580153	-0.007634	3.683050
0.169922	-0.707520	0.650146	-2.496183	-1.564885	-0.290076	3.695239
0.166260	-0.705811	0.652100	-2.564885	-1.480916	0.167939	3.707145
0.170898	-0.705811	0.649658	-2.969466	-1.221374	0.389313	3.719021
0.167725	-0.705078	0.658447	-3.007634	-0.687023	0.198473	3.730201
0.162354	-0.708740	0.659668	-3.961832	-0.633588	0.580153	3.742612
0.163818	-0.706299	0.662598	-4.190840	-0.465649	0.763359	3.753891
0.164551	-0.710205	0.651855	-4.351145	-0.816794	0.954198	3.764817
0.164551	-0.730225	0.650879	-4.549618	0.061069	0.862595	3.775411
0.167236	-0.729736	0.657715	-4.610687	-0.091603	0.534351	3.785989
0.167969	-0.725830	0.649414	-4.786260	-0.381679	-0.320611	3.798828
0.176025	-0.719727	0.658203	-4.946565	-0.946565	-0.564885	3.809931
0.167969	-0.715332	0.651123	-4.740458	-0.916031	-0.145038	3.821794
0.178223	-0.698486	0.658691	-1.473282	1.007634	0.908397	3.834055
0.172852	-0.702393	0.656494	-3.992366	0.076336	-0.213740	3.845124
0.171387	-0.715332	0.660400	-1.664122	1.022901	-0.068702	3.857502
0.172119	-0.722656	0.656006	-3.656489	0.526718	0.190840	3.869073
0.175293	-0.714355	0.674072	-3.702290	0.450382	0.099237	3.880758
0.174316	-0.730469	0.672119	-3.656489	-0.702290	-0.030534	3.892536
0.171387	-0.724854	0.665527	-4.160305	-1.877863	-1.114504	3.904460
0.164551	-0.716064	0.667969	-4.496183	-1.877863	-1.977099	3.916095
0.161377	-0.689697	0.649658	-3.694656	-0.992366	-0.358779	3.927119
0.174072	-0.718506	0.658203	-4.213740	-0.404580	-0.190840	3.939639
0.173828	-0.722168	0.665039	-5.129771	-0.412214	-1.083969	3.951574
0.176025	-0.712646	0.653809	-5.175573	-0.603053	-1.083969	3.962938
0.167480	-0.710205	0.638184	-5.496183	-0.862595	-0.183206	3.975180
0.167480	-0.703857	0.660156	-4.221374	-0.099237	0.297710	3.987428
0.171631	-0.714844	0.649902	-3.946565	0.358779	-0.480916	3.999190
0.167969	-0.715088	0.652588	-4.038168	0.610687	-0.412214	4.010641
0.174316	-0.719482	0.658447	-4.687023	0.862595	-0.557252	4.022562
0.175537	-0.713623	0.660156	-5.648855	0.557252	-1.267176	4.034851
0.177734	-0.689697	0.662598	-5.282443	-0.213740	-0.763359	4.045876
0.177490	-0.699707	0.669434	-3.984733	-0.167939	-0.549618	4.058468
0.175049	-0.719238	0.653076	-3.832061	-0.603053	-0.267176	4.070845
0.174316	-0.708984	0.652832	-5.045802	-1.007634	-0.938931	4.082116
0.183105	-0.718994	0.650391	-6.083969	-1.312977	-1.015267	4.093630
0.184326	-0.706299	0.661133	-5.656489	-0.206107	-1.679389	4.104736
0.174072	-0.689209	0.658936	-4.076336	-0.717557	-1.099237	4.115765
0.174805	-0.687988	0.649658	-2.694656	-0.671756	-1.206107	4.128637
0.180908	-0.717773	0.640137	-3.137405	-1.633588	-0.297710	4.141084
0.181396	-0.713379	0.636719	-2.671756	-0.251908	-0.175573	4.152129
0.169189	-0.711426	0.640869	-4.152672	-0.572519	-1.603053	4.164168
0.156250	-0.707275	0.652832	-5.923664	-1.496183	-1.648855	4.175759
0.176514	-0.705078	0.650391	-4.251908	-1.251908	-1.816794	4.187907
0.179443	-0.683838	0.647217	-2.671756	-0.480916	-1.045802	4.198991
0.176025	-0.693359	0.634277	-1.366412	1.167939	0.679389	4.211331
0.178223	-0.690186	0.653320	-1.793893	2.015267	1.687023	4.223162
0.181641	-0.725586	0.647705	-3.854962	0.343511	2.305344	4.234378
0.182129	-0.729248	0.659912	-3.984733	-0.916031	1.251908	4.246642
0.182373	-0.726807	0.666260	-4.526718	-1.839695	-1.290076	4.258141
0.177979	-0.706299	0.649658	-4.335878	-2.213740	-1.656489	4.269544
0.172363	-0.705811	0.652588	-2.511450	-1.526718	-0.480916	4.280621
0.167969	-0.694580	0.643555	-3.961832	-0.748092	-0.549618	4.293376
0.177002	-0.731201	0.641846	-3.175573	0.160305	0.618321	4.307879
0.169434	-0.732666	0.626709	-3.641221	0.366412	0.259542	4.318923
0.172363	-0.730957	0.653320	-4.167939	0.404580	0.114504	4.331061
0.183838	-0.720215	0.656494	-4.877863	0.190840	-1.068702	4.343614
0.181885	-0.708984	0.643066	-4.763359	-0.236641	-0.656489	4.354658
0.176758	-0.717041	0.647705	-4.725191	-0.198473	-0.809160	4.366741
0.183350	-0.725098	0.654785	-3.770992	-0.641221	-0.435115	4.378561
0.178223	-0.736084	0.651855	-4.328244	-0.305344	-0.717557	4.390330
0.182861	-0.734131	0.659424	-6.015267	-0.763359	-2.343511	4.401800
0.172119	-0.742188	0.637451	-0.603053	1.900763	-2.015267	4.413986
0.174561	-0.679199	0.650146	1.923664	2.419847	-1.893130	4.425743
0.184326	-0.706299	0.651855	-3.183206	0.526718	-1.343511	4.436880
0.193604	-0.715576	0.645264	-4.984733	-0.099237	-0.610687	4.449103
0.185059	-0.720215	0.675781	-4.335878	-0.221374	-0.778626	4.460867
0.180664	-0.721924	0.658936	-5.564885	-0.419847	-2.022901	4.472151
0.189209	-0.708984	0.653320	-5.511450	-1.122137	-1.763359	4.484383
0.181885	-0.695068	0.635986	-3.870229	-1.259542	-2.030534	4.496525
0.181152	-0.687256	0.638672	-3.770992	-0.572519	-1.374046	4.507947
0.185303	-0.692139	0.635742	-3.061069	0.519084	-0.587786	4.518918
0.188232	-0.695068	0.651611	-2.961832	0.778626	0.931298	4.531051
0.199707	-0.721924	0.660156	-3.519084	0.786260	1.625954	4.543104
0.196533	-0.726562	0.667236	-3.969466	-0.389313	0.473282	4.554164
0.186035	-0.700684	0.651367	-4.145038	-1.175573	0.167939	4.566346
0.179932	-0.702148	0.641113	-4.633588	-0.870229	0.091603	4.578354
0.179932	-0.696533	0.641602	-4.267176	-0.381679	0.412214	4.590138
0.190918	-0.706055	0.638916	-4.106870	-0.183206	1.129771	4.601844
0.184814	-0.726074	0.644043	-3.770992	-0.503817	1.137405	4.613771
0.184814	-0.719482	0.642578	-3.450382	-0.824427	0.473282	4.625323
0.187744	-0.718994	0.645264	-3.641221	-1.259542	-0.122137	4.636555
0.177490	-0.718262	0.632568	-4.297710	-1.274809	-0.396947	4.648951
0.181152	-0.712158	0.637451	-4.190840	-0.183206	-0.641221	4.660529
0.178467	-0.707031	0.638672	-4.137405	0.022901	-0.038168	4.672070
0.184570	-0.715332	0.645264	-3.572519	0.129771	0.358779	4.684738
0.184082	-0.714355	0.656250	-3.106870	0.358779	0.282443	4.696661
0.183838	-0.719971	0.645996	-2.786260	0.198473	0.343511	4.708312
0.183838	-0.710205	0.648682	-2.969466	-0.221374	0.603053	4.719520
0.175293	-0.695068	0.665283	-3.076336	-0.274809	-0.938931	4.732165
0.182861	-0.712646	0.650391	-4.106870	-0.412214	-1.931298	4.743313
0.179932	-0.709961	0.651123	-2.992366	-0.259542	0.404580	4.754554
0.178711	-0.724854	0.649902	-3.000000	-0.877863	0.068702	4.767024
0.187256	-0.715820	0.658691	-3.664122	-0.923664	-0.564885	4.778786
0.187988	-0.723145	0.647461	-3.801527	-0.961832	-0.725191	4.790563
0.188477	-0.704834	0.639893	-4.076336	-0.839695	-0.297710	4.803021
0.181641	-0.708740	0.649902	-3.916031	-0.396947	-0.145038	4.815023
0.185303	-0.699951	0.655762	-3.290076	-0.244275	0.175573	4.826568
0.185791	-0.724365	0.641602	-2.625954	0.038168	0.496183	4.837738
0.179932	-0.721436	0.645752	-3.213740	0.709924	0.038168	4.848899
0.187988	-0.714600	0.646973	-3.190840	0.732824	0.183206	4.861410
0.191895	-0.713623	0.648926	-3.717557	0.236641	1.946565	4.873343
0.190918	-0.707275	0.645020	-3.702290	-0.587786	0.167939	4.884606
0.190918	-0.709229	0.648926	-2.664122	-0.778626	0.129771	4.896568
0.187744	-0.703857	0.648193	-3.145038	-0.763359	-0.076336	4.908543
0.177734	-0.710693	0.636475	-3.671756	-0.358779	0.083969	4.920142
0.185547	-0.700439	0.648682	-3.534351	-0.396947	-0.213740	4.931971
0.184570	-0.708252	0.649902	-3.374046	-1.366412	-0.007634	4.943667
0.187744	-0.679443	0.651855	-3.068702	-0.465649	-0.396947	4.955538
0.190918	-0.716797	0.637451	-2.290076	-1.099237	0.114504	4.966860
0.190186	-0.715088	0.642822	-2.564885	-1.000000	0.595420	4.979185
0.191406	-0.716309	0.636963	-2.908397	-1.068702	0.259542	4.991169
0.197266	-0.728516	0.650391	-3.679389	-1.374046	-0.068702	5.002794
0.189209	-0.727539	0.643555	-3.984733	-0.923664	-0.557252	5.014697
0.190186	-0.709717	0.655762	-3.480916	-0.419847	-0.671756	5.026300
0.192383	-0.701416	0.645508	-3.152672	-0.671756	-0.122137	5.037979
0.201904	-0.698486	0.661865	-2.351145	-0.305344	0.511450	5.049807
0.192627	-0.713623	0.650391	-2.625954	-0.725191	0.992366	5.061640
0.181396	-0.720215	0.646484	-3.206107	-0.763359	0.870229	5.072617
0.188232	-0.733887	0.650146	-4.053435	-0.916031	0.694656	5.083880
0.199707	-0.718018	0.653809	-4.671756	-0.770992	0.022901	5.096249
0.187988	-0.716309	0.653564	-4.908397	-1.427481	-0.862595	5.108277
0.194580	-0.716553	0.665527	-2.900763	-2.610687	-0.893130	5.119675
0.187256	-0.710938	0.645996	-0.435115	-3.709924	-2.374046	5.131044
0.182373	-0.710205	0.626709	1.687023	-3.580153	-2.435115	5.143631
0.177246	-0.694824	0.600586	1.633588	-2.145038	-1.809160	5.155275
0.170898	-0.684814	0.610107	0.122137	0.137405	-0.267176	5.166293
0.172852	-0.702148	0.631348	-1.641221	1.335878	0.877863	5.178484
0.193604	-0.707520	0.645508	-1.969466	1.442748	1.366412	5.190563
0.190186	-0.703125	0.637451	-2.549618	1.167939	1.664122	5.201686
0.187744	-0.711914	0.650879	-3.015267	1.603053	2.053435	5.213573
0.188477	-0.720215	0.656494	-3.709924	1.664122	2.038168	5.225600
0.194580	-0.730469	0.668213	-4.335878	1.083969	1.068702	5.237316
0.191650	-0.728027	0.662354	-3.786260	0.099237	0.045802	5.248388
0.189209	-0.714355	0.666992	-2.816794	-0.305344	-0.755725	5.260514
0.187256	-0.705811	0.642090	-2.847328	-0.045802	-0.580153	5.272295
0.180420	-0.706787	0.644775	-3.770992	0.450382	0.305344	5.283329
0.191650	-0.713623	0.649414	-4.221374	0.954198	0.465649	5.295845
0.198242	-0.722412	0.647705	-3.641221	0.694656	0.183206	5.307720
0.185547	-0.710938	0.649658	-3.419847	-0.091603	-0.900763	5.319300
0.197266	-0.707520	0.660889	-2.908397	0.160305	-1.442748	5.331174
0.195557	-0.716553	0.673340	-2.007634	-0.137405	-1.763359	5.343389
0.188721	-0.711914	0.667969	-0.893130	-0.893130	-1.687023	5.354843
0.196777	-0.705566	0.662109	-2.251908	-1.343511	-1.480916	5.365853
0.192627	-0.708496	0.653564	-2.480916	-0.832061	-0.755725	5.377028
0.196777	-0.715332	0.657471	-3.099237	-0.595420	0.343511	5.388418
0.193115	-0.722900	0.679199	-3.755725	-0.946565	-0.625954	5.399825
0.195557	-0.716309	0.671631	-3.625954	-1.618321	-1.175573	5.412714
0.190674	-0.715332	0.646973	-3.702290	-1.770992	-0.969466	5.424411
0.191895	-0.702148	0.629395	-4.977099	-1.305344	-0.961832	5.435668
0.193848	-0.708984	0.638184	-3.709924	0.282443	0.893130	5.448158
0.212891	-0.762939	0.631104	-1.465649	0.068702	3.045802	5.459955
0.201660	-0.721924	0.680420	-2.000000	1.450382	1.442748	5.471409
0.174316	-0.732910	0.667480	-5.572519	-0.229008	-1.618321	5.482813
0.198486	-0.697998	0.663086	-4.740458	-0.732824	-0.541985	5.495630
0.193604	-0.698975	0.666016	-4.190840	-0.557252	-0.908397	5.507451
0.186035	-0.672119	0.657715	-6.534351	-1.381679	-1.885496	5.518837
0.194092	-0.700439	0.642334	-5.091603	-1.099237	0.015267	5.531630
0.192383	-0.710693	0.630615	-4.664122	-0.725191	0.045802	5.543793
0.182129	-0.684570	0.635742	-6.122137	-0.450382	-0.671756	5.554742
0.189941	-0.684082	0.636230	-7.160305	-0.763359	-0.839695	5.567046
0.189453	-0.666260	0.627686	-4.587786	-0.061069	0.343511	5.578626
0.184326	-0.671631	0.629639	-3.267176	-0.099237	1.786260	5.590015
0.180908	-0.694580	0.626465	-2.648855	-0.297710	2.465649	5.601814
0.188477	-0.718750	0.630615	-1.809160	0.022901	2.122137	5.613786
0.189453	-0.715576	0.630371	-2.435115	0.419847	1.442748	5.625475
0.189209	-0.715332	0.636719	-2.748092	0.526718	0.595420	5.636648
0.188965	-0.716309	0.642334	-2.809160	0.473282	0.427481	5.648983
0.187988	-0.705566	0.651611	-2.068702	0.396947	0.259542	5.660574
0.188965	-0.719727	0.645996	-1.580153	0.717557	0.816794	5.671798
0.190674	-0.718262	0.647461	-1.839695	0.526718	0.473282	5.681785
0.187256	-0.711914	0.644775	-2.564885	0.931298	0.282443	5.692999
0.190186	-0.711182	0.650635	-3.106870	0.793893	0.160305	5.703172
0.193115	-0.706787	0.639893	-3.664122	1.183206	0.396947	5.712565
0.197266	-0.723389	0.646729	-3.687023	1.511450	0.625954	5.722891
0.195312	-0.721924	0.670654	-2.900763	1.175573	0.687023	5.733151
0.198730	-0.730225	0.665283	-2.885496	0.580153	-0.083969	5.744139
0.202148	-0.715576	0.662354	-2.824427	0.450382	-0.503817	5.753512
0.198242	-0.712158	0.653809	-3.480916	0.419847	-0.549618	5.763175
0.194336	-0.705078	0.659180	-4.061069	0.274809	-0.106870	5.774373
0.199219	-0.715332	0.658691	-4.702290	0.335878	-0.053435	5.784525
0.202637	-0.707031	0.664062	-4.374046	0.206107	-0.030534	5.794359
0.195312	-0.718018	0.646973	-4.137405	0.503817	0.106870	5.804849
0.191406	-0.729248	0.667725	-5.236641	-0.152672	-0.755725	5.815138
0.201416	-0.713135	0.665039	-6.045802	-0.534351	-1.022901	5.825497
0.197754	-0.694580	0.665039	-5.442748	-0.167939	-0.877863	5.835179
0.196777	-0.689453	0.659180	-4.839695	-0.564885	-0.305344	5.845713
0.192871	-0.667480	0.644775	-3.129771	-0.351145	-0.755725	5.856115
0.190918	-0.670166	0.656494	-2.480916	-0.396947	1.297710	5.865686
0.198730	-0.694092	0.650146	-1.358779	-0.648855	1.076336	5.875446
0.205322	-0.703369	0.648193	-1.251908	-1.167939	0.908397	5.885992
0.206543	-0.698975	0.642822	-1.320611	-1.244275	0.709924	5.896640
0.199707	-0.699463	0.635498	-2.961832	-0.687023	1.122137	5.906477
0.206787	-0.718994	0.647705	-3.007634	-1.007634	1.893130	5.915910
0.201660	-0.720947	0.648682	-3.534351	-0.748092	1.977099	5.926763
0.200439	-0.740479	0.662598	-2.259542	-1.534351	1.290076	5.937260
0.196533	-0.730957	0.662598	-4.984733	-3.396947	-0.687023	5.947360
0.197754	-0.723389	0.644287	-3.702290	-3.389313	-0.145038	5.956813
0.198975	-0.729492	0.644043	0.580153	-0.114504	0.366412	5.967089
0.174805	-0.714844	0.644043	0.442748	-1.122137	0.190840	5.977930
0.189209	-0.701416	0.637939	-3.969466	-1.770992	1.045802	5.988060
0.175293	-0.714600	0.641357	-4.374046	-0.893130	0.763359	5.997423
0.190186	-0.739258	0.647217	-5.045802	-0.541985	1.038168	6.008255
0.186279	-0.752930	0.633057	-5.244275	-1.549618	0.122137	6.017819
0.179443	-0.716309	0.647461	-7.633588	-1.847328	-1.015267	6.027248
0.187012	-0.735596	0.640625	-2.580153	1.358779	-0.763359	6.036889
0.186523	-0.700439	0.638184	-4.770992	-1.320611	-0.274809	6.048262
0.186768	-0.716553	0.646240	-3.793893	-0.832061	-0.061069	6.058871
0.193115	-0.711182	0.656494	-3.030534	-0.564885	-0.770992	6.069059
0.185547	-0.723877	0.629883	-4.198473	-0.900763	-1.076336	6.078670
0.191650	-0.684814	0.652588	-3.801527	-0.328244	-0.916031	6.088619
0.205078	-0.698975	0.649414	-4.229008	0.229008	-0.847328	6.097060
0.198730	-0.689697	0.646973	-4.091603	0.435115	-0.717557	6.106180
0.200684	-0.689209	0.657715	-3.511450	0.145038	-0.305344	6.114689
0.193359	-0.702637	0.653076	-2.717557	-0.099237	0.000000	6.123148
0.201904	-0.705078	0.652100	-2.488550	-0.366412	0.236641	6.131248
0.199463	-0.705322	0.643066	-2.648855	-0.786260	0.007634	6.139721
0.200195	-0.717529	0.641602	-3.458015	-1.000000	-0.351145	6.148234
0.205322	-0.729248	0.654785	-3.687023	-0.839695	-0.923664	6.156575
0.197266	-0.719971	0.642578	-3.625954	-1.007634	-1.198473	6.164880
0.198975	-0.719238	0.625488	-4.076336	-0.839695	-1.564885	6.172875
0.195557	-0.703857	0.644287	-3.900763	-0.198473	-1.251908	6.180712
0.202637	-0.699951	0.644531	-3.725191	0.534351	-0.244275	6.190029
0.205078	-0.703369	0.659912	-4.122137	0.969466	-0.106870	6.198489
0.208252	-0.705566	0.662598	-3.954198	0.190840	0.229008	6.206753
0.208252	-0.708496	0.672363	-4.320611	-0.083969	-0.122137	6.214724
0.209229	-0.717041	0.657227	-4.351145	-0.465649	-0.519084	6.223409
0.216797	-0.706543	0.662109	-5.053435	-0.671756	-0.740458	6.231947
0.209229	-0.697266	0.671143	-5.129771	-0.992366	-0.694656	6.240279
0.206787	-0.705322	0.671143	-5.122137	-1.541985	-0.541985	6.248159
0.211914	-0.696533	0.684082	-4.793893	-1.793893	-0.312977	6.256957
0.215332	-0.682129	0.660400	-5.083969	-1.908397	-0.251908	6.265244
0.209961	-0.673828	0.668457	-4.954198	-1.931298	0.282443	6.273328
0.211914	-0.667480	0.648193	-5.687023	-2.038168	1.641221	6.281216
0.208496	-0.672119	0.651123	-6.251908	-1.290076	2.427481	6.289378
0.234375	-0.709717	0.674805	-7.931298	-2.435115	3.725191	6.299905
0.227539	-0.720215	0.686768	-6.251908	-4.221374	2.732824	6.308207
0.227539	-0.734131	0.673340	-5.687023	-5.648855	1.404580	6.316491
0.230713	-0.773682	0.650879	-0.083969	-4.969466	2.022901	6.324334
0.221436	-0.714844	0.649170	4.412214	-1.725191	0.404580	6.332397
0.232422	-0.719727	0.598145	-1.480916	-6.030534	2.610687	6.341570
0.201660	-0.688965	0.629150	-2.969466	-4.519084	-1.916031	6.350054
0.192627	-0.693604	0.613281	-4.282443	-4.572519	1.526718	6.358076
0.199219	-0.712402	0.596436	-5.725191	-2.610687	0.183206	6.365907
0.196045	-0.718018	0.630859	-5.099237	-3.389313	0.977099	6.374491
0.204590	-0.737549	0.632568	-4.030534	-1.969466	1.358779	6.383042
0.205566	-0.689941	0.640869	-4.068702	-1.977099	0.549618	6.391709
0.195801	-0.685547	0.646729	-2.419847	-1.389313	1.076336	6.399759
0.198730	-0.656982	0.640869	-4.916031	-2.305344	1.091603	6.407650
0.196289	-0.698730	0.631836	-4.534351	-2.000000	1.916031	6.416571
0.203369	-0.696777	0.645020	-4.984733	-2.274809	2.007634	6.424928
0.197510	-0.718262	0.635254	-5.587786	-2.358779	1.541985	6.432998
0.200684	-0.729492	0.628906	-5.389313	-2.885496	1.007634	6.441047
0.193359	-0.714111	0.628174	-4.351145	-2.870229	0.969466	6.448933
0.197998	-0.708008	0.623291	-4.839695	-2.519084	1.854962	6.457980
0.184326	-0.694092	0.612793	-1.083969	-0.717557	2.717557	6.466429
0.193359	-0.677490	0.633789	-1.656489	0.236641	2.732824	6.474659
0.190186	-0.685303	0.626953	-3.259542	0.503817	2.923664	6.482498
0.194092	-0.702637	0.633789	-5.229008	0.610687	3.595420	6.490606
0.196533	-0.724854	0.648926	-3.427481	1.206107	3.732824	6.499543
0.210449	-0.741943	0.680664	-2.671756	-0.106870	2.763359	6.507760
0.208008	-0.754395	0.673096	-2.877863	-2.015267	0.511450	6.515981
0.211426	-0.725342	0.666504	-1.977099	-3.122137	-0.740458	6.523923
0.213623	-0.724121	0.656006	-1.618321	-4.114504	-1.030534	6.531731
0.202637	-0.728516	0.643555	-1.091603	-3.916031	-1.366412	6.539881
0.198730	-0.716064	0.634277	-1.633588	-3.938931	-0.862595	6.548928
0.195557	-0.718018	0.628906	-2.366412	-2.748092	-0.671756	6.557281
0.200684	-0.716309	0.635254	-3.061069	-2.045802	-0.816794	6.565516
0.200928	-0.724854	0.643799	-3.190840	-1.572519	-0.816794	6.573340
0.195801	-0.717529	0.652100	-3.007634	-1.435115	-0.770992	6.581642
0.204102	-0.722656	0.645996	-2.679389	-1.816794	-1.709924	6.590651
0.204590	-0.717285	0.654053	-1.916031	-2.259542	-1.946565	6.598997
0.204102	-0.723633	0.650635	1.480916	-1.717557	-2.206107	6.607051
0.210205	-0.719482	0.644531	1.122137	-1.641221	-2.160305	6.615158
0.201172	-0.712891	0.633789	-2.045802	-2.267176	-0.793893	6.622995
0.200439	-0.726562	0.625977	-3.259542	-2.496183	0.122137	6.630680
0.208252	-0.718994	0.626221	-3.984733	-2.251908	0.412214	6.638342
0.196777	-0.717773	0.621094	-3.725191	-1.335878	0.496183	6.646942
0.194824	-0.728271	0.616455	-6.122137	-1.748092	0.381679	6.654604
0.199951	-0.727539	0.612549	-5.732824	-0.618321	0.274809	6.662102
0.192871	-0.715088	0.613525	-5.419847	0.229008	0.305344	6.669827
0.190918	-0.715820	0.621094	-5.175573	1.106870	1.015267	6.677405
0.203125	-0.719482	0.631592	-5.106870	1.389313	1.091603	6.686669
0.204834	-0.726074	0.641113	-5.351145	0.977099	1.374046	6.696189
0.202637	-0.729980	0.657715	-4.763359	0.770992	1.068702	6.706314
0.204102	-0.734863	0.656006	-3.969466	-0.190840	0.007634	6.715895
0.198730	-0.731201	0.640381	-4.694656	-0.687023	-0.893130	6.726684
0.195557	-0.716797	0.639404	-5.755725	-0.198473	-1.122137	6.737291
0.196045	-0.722900	0.638184	-5.755725	0.816794	-1.022901	6.747350
0.201172	-0.709717	0.638672	-5.977099	1.076336	-0.923664	6.756791
0.198486	-0.706055	0.659180	-5.694656	0.984733	-0.587786	6.767639
0.210205	-0.695557	0.668457	-4.961832	0.557252	-2.381679	6.777974
0.213135	-0.711670	0.660645	-3.160305	0.664122	-1.351145	6.787817
0.208252	-0.702637	0.664062	-2.603053	1.923664	-1.068702	6.797818
0.205322	-0.686035	0.636963	-2.259542	-0.419847	-0.633588	6.808119
0.202393	-0.699219	0.623535	-2.122137	0.503817	0.152672	6.818737
0.207520	-0.699707	0.621338	-3.488550	0.770992	0.129771	6.828162
0.207520	-0.701172	0.620117	-3.870229	1.167939	0.083969	6.837730
0.203369	-0.697754	0.629883	-3.122137	1.045802	1.916031	6.848540
0.214111	-0.697510	0.639160	-2.061069	0.946565	0.045802	6.858972
0.206543	-0.703369	0.628662	-1.480916	1.061069	0.076336	6.868841
0.213379	-0.702637	0.634277	-0.832061	1.045802	0.175573	6.878249
0.218750	-0.706055	0.626221	-1.007634	1.198473	-0.076336	6.889049
0.219482	-0.716064	0.646973	-2.404580	1.335878	0.106870	6.899606
0.215820	-0.715576	0.661133	-3.297710	1.511450	0.106870	6.909353
0.222412	-0.714600	0.655273	-3.893130	0.778626	-1.954198	6.918885
0.222900	-0.713135	0.658936	-3.854962	-0.152672	-0.167939	6.929902
0.220459	-0.712891	0.661133	-3.198473	-0.709924	-0.778626	6.940115
0.216553	-0.708984	0.647705	-2.816794	-1.358779	-0.305344	6.950060
0.206543	-0.710938	0.646240	-2.687023	-1.541985	0.190840	6.959570
0.211914	-0.737061	0.645020	-3.793893	-2.030534	-0.572519	6.968983
0.208252	-0.732666	0.627930	-2.564885	-0.946565	-1.236641	6.980012
0.201660	-0.712158	0.629639	-3.824427	-0.099237	-1.167939	6.990642
0.197266	-0.706543	0.636230	-3.587786	0.687023	-0.992366	7.000046
0.209229	-0.703613	0.634766	-3.931298	1.450382	-0.312977	7.010403
0.210693	-0.696289	0.640869	-3.129771	1.358779	0.152672	7.020832
0.205566	-0.730957	0.663818	-2.305344	1.786260	-0.687023	7.031282
0.203125	-0.713623	0.649658	-2.740458	1.061069	-0.587786	7.040916
0.217041	-0.708008	0.649902	-2.984733	0.862595	-0.702290	7.051306
0.208252	-0.708008	0.655762	-3.236641	0.587786	-0.656489	7.061609
0.211670	-0.702881	0.655273	-2.816794	0.549618	-0.778626	7.071580
0.209717	-0.693848	0.646729	-3.068702	1.946565	-0.358779	7.081114
0.215088	-0.687256	0.648682	-2.671756	0.091603	-0.068702	7.090758
0.211182	-0.687744	0.647705	-2.664122	-0.099237	0.725191	7.100392
0.211426	-0.711182	0.637451	-3.656489	0.259542	1.511450	7.111898
0.214355	-0.721191	0.645264	-4.816794	0.259542	1.282443	7.122006
0.213623	-0.735840	0.645996	-4.809160	0.290076	0.687023	7.131570
0.213379	-0.717041	0.660645	-4.541985	0.175573	0.038168	7.141857
0.211670	-0.707031	0.645996	-3.931298	0.061069	-0.610687	7.152408
0.209229	-0.693359	0.653076	-3.412214	0.267176	-1.908397	7.162483
0.209717	-0.682129	0.648193	-3.450382	0.099237	1.343511	7.171884
0.210693	-0.682617	0.639404	-3.595420	0.778626	2.893130	7.181627
0.211426	-0.713867	0.639893	-4.893130	0.656489	3.374046	7.192901
0.223389	-0.710205	0.648193	-7.557252	0.297710	2.450382	7.203529
0.213379	-0.739746	0.637695	-6.618321	0.755725	1.671756	7.213138
0.206055	-0.736084	0.645752	-6.221374	-0.305344	1.038168	7.222670
0.217041	-0.728027	0.650879	-5.801527	-0.251908	0.099237	7.232104
0.210205	-0.711182	0.654541	-5.335878	-0.572519	-0.366412	7.241606
0.209961	-0.720215	0.644531	-4.259542	-0.740458	-0.473282	7.250770
0.214600	-0.726562	0.641113	-3.549618	-0.969466	-0.870229	7.262964
0.202881	-0.720947	0.627441	-4.236641	-0.755725	-1.183206	7.273130
0.204834	-0.727295	0.637695	-5.259542	-0.282443	-0.977099	7.282699
0.199951	-0.722168	0.645020	-5.763359	0.251908	-0.977099	7.292645
0.203369	-0.712402	0.643311	-6.274809	0.580153	-0.946565	7.302343
0.200439	-0.696045	0.675293	-2.916031	4.030534	-3.847328	7.312026
0.206787	-0.706055	0.635986	-3.648855	-1.290076	-1.160305	7.321253
0.203369	-0.709473	0.645996	-2.351145	-1.870229	-1.419847	7.332552
0.208984	-0.703613	0.635254	-2.213740	-1.748092	-2.175573	7.342643
0.224609	-0.707031	0.639648	0.190840	-0.732824	-1.503817	7.352654
0.200439	-0.729004	0.625244	0.190840	-0.648855	-1.480916	7.363074
0.204102	-0.716064	0.633789	-3.274809	-0.519084	-2.061069	7.373450
0.212158	-0.712158	0.626709	-4.160305	-0.099237	-1.923664	7.384160
0.202148	-0.706787	0.629639	-4.221374	0.137405	-2.114504	7.393582
0.208252	-0.708984	0.637451	-2.946565	0.007634	-2.229008	7.403424
0.207520	-0.688232	0.638428	-1.389313	-0.603053	-2.022901	7.414302
0.218262	-0.692139	0.626709	-0.961832	-0.503817	-1.679389	7.424376
0.199707	-0.693115	0.623291	-1.053435	0.381679	-0.503817	7.433770
0.208740	-0.702637	0.627686	-1.129771	0.045802	-0.083969	7.443116
0.214844	-0.710938	0.658447	-3.473282	0.694656	-0.236641	7.452921
0.211182	-0.725586	0.658203	-3.526718	0.007634	-0.320611	7.462364
0.147705	-0.677490	0.745850	-6.465649	-11.007634	1.137405	7.471719
0.215576	-0.735352	0.660889	-0.633588	-2.526718	-2.496183	7.480954
0.227783	-0.729736	0.640137	-0.992366	-2.152672	-2.534351	7.490683
0.214844	-0.702637	0.629639	-2.106870	-1.251908	-2.793893	7.501832
0.212158	-0.706543	0.616699	-3.725191	-1.954198	-1.862595	7.512434
0.206543	-0.697754	0.632080	-4.190840	1.396947	-0.366412	7.521978
0.216797	-0.701416	0.637939	-4.091603	2.061069	0.511450	7.531550
0.222412	-0.704346	0.659912	-4.473282	1.572519	0.160305	7.541411
0.227295	-0.699219	0.661133	-2.900763	0.748092	-0.381679	7.551646
0.230225	-0.694092	0.663818	-0.992366	0.427481	-0.778626	7.561510
0.226318	-0.700928	0.647949	-0.290076	0.099237	-0.839695	7.572938
0.225830	-0.693604	0.648193	-0.801527	0.129771	-0.511450	7.583121
0.222656	-0.688232	0.640625	-1.374046	0.480916	0.206107	7.592603
0.227539	-0.697266	0.639160	-2.557252	0.801527	0.954198	7.602869
0.225098	-0.709229	0.656250	-3.015267	0.969466	0.938931	7.613185
0.222168	-0.721191	0.658203	-3.480916	0.412214	0.755725	7.623495
0.232666	-0.721680	0.668701	-3.923664	-0.374046	-0.259542	7.632943
0.220703	-0.695312	0.667725	-3.282443	-0.839695	-0.427481	7.642417
0.222412	-0.686035	0.661377	-2.305344	-1.129771	0.839695	7.653571
0.221680	-0.707764	0.651855	-1.595420	-1.198473	1.732824	7.663608
0.224365	-0.723389	0.645264	-2.847328	-1.236641	1.618321	7.673188
0.218018	-0.723145	0.631104	-3.984733	-0.656489	1.129771	7.683569
0.210205	-0.732422	0.623779	-5.106870	0.274809	1.076336	7.694160
0.206299	-0.750000	0.622559	-7.221374	1.465649	0.198473	7.704355
0.208740	-0.713379	0.640381	-7.526718	2.045802	-0.297710	7.713785
0.202637	-0.721680	0.648438	-6.702290	1.778626	0.274809	7.723165
0.212402	-0.720215	0.636475	-6.351145	1.541985	0.129771	7.732694
0.208252	-0.696533	0.622070	-5.961832	2.671756	0.351145	7.744430
0.208984	-0.708496	0.642334	-5.511450	2.236641	1.015267	7.754653
0.213379	-0.710938	0.634277	-7.816794	1.740458	0.541985	7.764051
0.202637	-0.696777	0.643311	-6.152672	1.198473	0.183206	7.774641
0.212891	-0.711670	0.634521	-5.549618	1.076336	-0.251908	7.784787
0.217041	-0.708496	0.643555	-5.000000	0.114504	-0.396947	7.795156
0.211182	-0.697021	0.627930	-4.022901	0.610687	-0.343511	7.804983
0.206543	-0.705566	0.627686	-3.625954	1.488550	-0.541985	7.814845
0.209717	-0.698975	0.612793	-3.473282	2.389313	-0.290076	7.825934
0.212891	-0.696777	0.635986	-3.183206	3.122137	0.358779	7.835839
0.222900	-0.709961	0.650879	-2.076336	3.229008	0.183206	7.845571
0.222900	-0.701904	0.660400	-1.900763	2.114504	-0.534351	7.856620
0.216797	-0.680176	0.664307	-0.824427	1.091603	-0.435115	7.866836
0.218018	-0.683105	0.649658	-0.587786	0.282443	-0.106870	7.877156
0.218994	-0.686523	0.625244	0.320611	0.396947	1.351145	7.886631
0.232666	-0.738525	0.668213	-1.488550	0.106870	0.412214	7.897711
0.216797	-0.710205	0.640381	-1.755725	0.282443	-0.564885	7.907991
0.209473	-0.688477	0.625244	-1.969466	0.893130	-0.175573	7.917842
0.221436	-0.701416	0.654297	-2.656489	1.221374	0.236641	7.927224
0.226562	-0.702637	0.667236	-2.213740	0.946565	0.137405	7.937111
0.222168	-0.696289	0.662598	-1.419847	0.435115	0.801527	7.946925
0.224121	-0.711426	0.663330	-1.938931	-0.175573	1.083969	7.956278
0.222412	-0.735352	0.657471	-2.511450	-0.824427	0.717557	7.968424
0.221680	-0.748779	0.658936	-3.847328	-1.274809	-0.244275	7.978773
0.218994	-0.729248	0.637939	-5.412214	-0.687023	-0.893130	7.988532
0.209717	-0.707520	0.643066	-5.732824	-0.572519	-1.068702	7.998098
0.208008	-0.691895	0.629883	-5.610687	0.305344	-0.740458	8.008865
0.205811	-0.701660	0.626221	-4.129771	1.366412	0.145038	8.018982
0.213867	-0.706543	0.637695	-3.740458	1.351145	0.687023	8.028861
0.208008	-0.710449	0.646973	-2.793893	1.404580	0.374046	8.038310
0.217041	-0.719971	0.639648	-3.526718	0.824427	-0.267176	8.049350
0.213623	-0.705078	0.636475	-4.167939	1.526718	-1.053435	8.059370
0.211670	-0.709961	0.649170	-4.885496	0.671756	-0.725191	8.069369
0.210205	-0.701416	0.641602	-3.564885	1.442748	-1.022901	8.078844
0.214355	-0.723877	0.637451	-3.190840	1.885496	-1.503817	8.088914
0.218018	-0.690918	0.675049	-3.145038	1.916031	-1.213740	8.098502
0.209717	-0.702393	0.641357	-3.190840	0.725191	-0.725191	8.109735
0.218506	-0.701416	0.653320	-3.053435	0.580153	-0.648855	8.119660
0.217041	-0.709961	0.640381	-3.038168	1.053435	-0.290076	8.129785
0.216309	-0.699951	0.647217	-3.732824	0.931298	0.068702	8.139481
0.212646	-0.697266	0.636475	-3.984733	1.091603	0.832061	8.149011
0.218994	-0.717041	0.658203	-3.770992	0.816794	0.954198	8.160395
0.226318	-0.713867	0.669434	-3.992366	-0.366412	0.854962	8.170575
0.220703	-0.714844	0.656250	-3.633588	-1.007634	0.488550	8.180426
0.214600	-0.712891	0.653076	-3.419847	-1.213740	-0.442748	8.190956
0.217529	-0.695801	0.649170	-3.320611	-1.335878	0.412214	8.201596
0.210938	-0.693604	0.642090	-2.648855	-0.801527	1.129771	8.211607
0.216797	-0.700928	0.653564	-2.877863	-0.465649	1.251908	8.220994
0.216797	-0.712402	0.643799	-3.137405	-0.206107	1.106870	8.230564
0.212402	-0.723389	0.648926	-3.610687	-0.580153	0.549618	8.241476
0.224609	-0.710449	0.652344	-3.839695	-1.358779	0.206107	8.252025
0.210938	-0.718750	0.646973	-4.183206	-1.106870	-0.603053	8.261572
0.214355	-0.690430	0.643799	-3.549618	-1.175573	-0.366412	8.271745
0.211914	-0.690918	0.634033	-2.923664	-0.725191	0.267176	8.282267
0.209961	-0.685303	0.630371	-2.473282	0.290076	1.610687	8.292282
0.217529	-0.705811	0.643555	-2.419847	1.229008	2.885496	8.304838
0.219482	-0.716553	0.657471	-2.992366	1.305344	2.427481	8.315319
0.220215	-0.720215	0.653320	-2.870229	0.473282	1.992366	8.325350
0.209961	-0.724365	0.656250	-3.290076	-0.229008	0.748092	8.335567
0.221436	-0.713867	0.662109	-2.893130	-0.396947	-0.160305	8.345331
0.213135	-0.708252	0.642822	-2.625954	-1.198473	-0.030534	8.356173
0.217529	-0.695557	0.645996	-2.793893	-1.106870	-0.305344	8.366433
0.209961	-0.696045	0.644043	-2.900763	-0.717557	0.320611	8.376014
0.208252	-0.686768	0.651611	-1.854962	0.076336	1.267176	8.386868
0.215332	-0.706055	0.645752	-1.847328	0.145038	1.839695	8.397387
0.216309	-0.719727	0.659424	-2.244275	-0.366412	1.503817	8.407321
0.220947	-0.726562	0.656982	-2.671756	-1.061069	0.709924	8.416832
0.213867	-0.720703	0.641113	-3.458015	-1.656489	-0.160305	8.427890
0.215332	-0.708008	0.639648	-3.755725	-2.030534	-0.343511	8.438315
0.214600	-0.694580	0.639893	-3.671756	-1.519084	-0.793893	8.448621
0.215576	-0.689941	0.640869	-3.801527	-0.862595	0.312977	8.458838
0.219238	-0.696777	0.645264	-3.389313	-0.236641	0.931298	8.468963
0.211914	-0.705078	0.635742	-3.465649	0.152672	1.374046	8.479140
0.213867	-0.716064	0.654785	-3.213740	0.030534	1.335878	8.489412
0.214600	-0.710938	0.645752	-5.053435	-0.389313	0.282443	8.499607
0.211914	-0.708496	0.651123	-4.923664	-0.396947	0.167939	8.511231
0.216309	-0.713135	0.646484	-4.709924	-0.870229	-0.221374	8.522054
0.220215	-0.696289	0.650391	-4.618321	-1.244275	0.007634	8.531708
0.219971	-0.695068	0.644531	-4.366412	-1.190840	0.816794	8.542326
0.216064	-0.708252	0.645996	-4.435115	-1.259542	0.679389	8.552717
0.211426	-0.711914	0.634766	-4.648855	-1.091603	0.557252	8.563061
0.213867	-0.718018	0.650146	-4.549618	-0.809160	0.648855	8.572542
0.211426	-0.717773	0.639893	-4.328244	-0.824427	0.076336	8.582189
0.212158	-0.696533	0.641357	-3.679389	-0.160305	0.557252	8.591739
0.214600	-0.699219	0.636719	-3.694656	0.496183	0.679389	8.602988
0.215332	-0.691895	0.645020	-3.251908	0.396947	1.251908	8.613613
0.220703	-0.705322	0.656494	-2.198473	-0.389313	1.297710	8.623958
0.217529	-0.712646	0.649902	-2.167939	-0.473282	0.961832	8.633338
0.218994	-0.712158	0.649658	-3.000000	-1.022901	0.839695	8.644241
0.214600	-0.716553	0.643799	-3.580153	-0.885496	0.427481	8.654230
0.208252	-0.716553	0.653809	-3.458015	-1.000000	0.198473	8.664456
0.207520	-0.728760	0.640625	-3.541985	-0.977099	0.198473	8.673881
0.223389	-0.715332	0.641357	-4.190840	-1.549618	0.236641	8.683604
0.218750	-0.715332	0.633789	-5.618321	-2.435115	1.854962	8.695093
0.208496	-0.716553	0.642090	-3.427481	-0.229008	-1.488550	8.705233
0.203857	-0.695068	0.644287	-2.541985	-0.427481	-0.534351	8.714737
0.205078	-0.699463	0.638916	-2.473282	-0.045802	0.503817	8.725341
0.208740	-0.715332	0.634033	-3.366412	-0.076336	0.854962	8.735311
0.204102	-0.720459	0.646729	-3.045802	0.625954	0.885496	8.745636
0.207031	-0.736816	0.645508	-3.404580	0.381679	0.244275	8.755275
0.205811	-0.729736	0.632080	-3.702290	-0.076336	-0.977099	8.765862
0.206055	-0.715576	0.622803	-3.129771	0.290076	-1.702290	8.776209
0.214111	-0.715576	0.621826	-3.274809	1.267176	-1.778626	8.786293
0.207764	-0.694336	0.614014	-2.145038	2.549618	-0.641221	8.795952
0.216553	-0.699463	0.639893	-3.175573	3.511450	0.190840	8.806598
0.221191	-0.709473	0.653320	-3.488550	3.625954	0.206107	8.816717
0.221924	-0.706543	0.670410	-3.328244	2.946565	0.312977	8.827031
0.229980	-0.714600	0.678223	-3.129771	2.381679	-0.007634	8.836451
0.230225	-0.711426	0.685791	-4.984733	-0.389313	-1.007634	8.847497
0.239014	-0.709717	0.666260	-3.778626	-0.450382	-1.351145	8.857521
0.224121	-0.695068	0.661377	-3.236641	-1.152672	-1.908397	8.867785
0.221680	-0.692627	0.656738	-3.137405	-1.549618	-1.732824	8.877223
0.224609	-0.675537	0.642822	-3.389313	-1.274809	-1.541985	8.887789
0.221924	-0.685059	0.634521	-4.114504	-0.816794	-0.396947	8.898198
0.206299	-0.687256	0.642578	-4.595420	-0.366412	0.404580	8.908348
0.218750	-0.694580	0.654541	-3.297710	0.122137	0.557252	8.917637
0.225830	-0.705811	0.643799	-2.793893	-0.328244	-0.221374	8.928328
0.224609	-0.697266	0.657471	-1.816794	-0.435115	-0.580153	8.938150
0.225586	-0.702148	0.641357	-1.793893	-0.877863	-0.961832	8.948346
0.217041	-0.682373	0.645508	-2.633588	-0.503817	-1.114504	8.957764
0.233887	-0.704102	0.628418	-2.358779	0.022901	0.671756	8.967236
0.236328	-0.696533	0.659424	-2.374046	-0.122137	0.893130	8.978457
0.220459	-0.701904	0.652832	-3.328244	-0.435115	0.312977	8.988749
0.229980	-0.699707	0.671631	-2.625954	-0.862595	0.992366	8.998682
0.225586	-0.696533	0.649658	-3.923664	-1.648855	0.839695	9.008176
0.228027	-0.697021	0.651123	-2.404580	-1.129771	0.847328	9.018899
0.231445	-0.693115	0.646240	-2.229008	-1.931298	0.854962	9.029156
0.216064	-0.693604	0.630615	-2.389313	-1.763359	1.183206	9.038873
0.219971	-0.705322	0.644531	-2.511450	-1.816794	1.320611	9.048499
0.212402	-0.700439	0.632080	-2.358779	-1.465649	1.412214	9.060125
0.212646	-0.707764	0.646484	-1.893130	-1.198473	1.083969	9.070765
0.221680	-0.709229	0.633545	-1.320611	-0.442748	0.610687	9.080774
0.212646	-0.696045	0.642334	-2.801527	-0.259542	0.572519	9.090268
0.216064	-0.712646	0.645508	-2.877863	-0.412214	1.175573	9.101233
0.221436	-0.715332	0.637939	-2.694656	-0.587786	0.984733	9.111699
0.220459	-0.716553	0.651855	-1.824427	-0.473282	0.549618	9.121932
0.214844	-0.715088	0.649414	-2.778626	-0.511450	0.603053	9.131428
0.221191	-0.714844	0.646729	-3.000000	-0.648855	0.480916	9.141315
0.215820	-0.708008	0.647461	-2.984733	-0.541985	0.221374	9.152870
0.217529	-0.701904	0.649414	-3.160305	-0.465649	0.480916	9.162761
0.224854	-0.712646	0.650635	-2.938931	-0.335878	0.198473	9.172318
0.232422	-0.708496	0.644531	-2.786260	-0.381679	0.167939	9.183526
0.223145	-0.711426	0.653076	-3.450382	-0.534351	0.145038	9.193973
0.224365	-0.716797	0.648926	-3.862595	-0.687023	0.061069	9.204168
0.218262	-0.713135	0.652588	-4.847328	-1.061069	-0.061069	9.213864
0.216309	-0.708496	0.645508	-4.091603	-1.366412	0.099237	9.223563
0.216797	-0.714111	0.644775	-4.022901	-1.083969	-0.404580	9.232993
0.219727	-0.704590	0.640625	-3.549618	-0.748092	-0.618321	9.243024
0.211670	-0.697754	0.632812	-3.167939	-0.076336	-0.175573	9.254697
0.214111	-0.701172	0.648438	-3.259542	0.381679	0.175573	9.265063
0.222656	-0.707764	0.644043	-3.526718	0.442748	0.419847	9.274719
0.222656	-0.710449	0.648926	-2.870229	0.648855	0.564885	9.285493
0.227051	-0.710449	0.643555	-4.022901	-0.137405	0.458015	9.295797
0.220947	-0.708252	0.659180	-4.167939	-0.045802	0.381679	9.305310
0.219482	-0.705322	0.651855	-3.671756	-0.229008	-0.053435	9.315714
0.214600	-0.692139	0.641602	-3.717557	0.305344	-0.099237	9.326288
0.215820	-0.697998	0.646973	-1.969466	-0.412214	0.435115	9.336233
0.230957	-0.707031	0.649902	-4.435115	-0.450382	0.526718	9.345920
0.214600	-0.704346	0.650635	-3.984733	-0.229008	1.190840	9.356346
0.216797	-0.713867	0.652832	-4.419847	0.030534	0.969466	9.367011
0.214111	-0.715820	0.639893	-4.374046	0.099237	1.083969	9.376775
0.215332	-0.711670	0.640381	-4.335878	0.664122	0.801527	9.386383
0.218750	-0.708984	0.641357	-2.763359	2.045802	0.374046	9.397146
0.211670	-0.684814	0.636719	-4.839695	1.473282	0.793893	9.407558
0.217285	-0.713135	0.657471	-4.572519	1.244275	0.229008	9.417429
0.229980	-0.712402	0.657227	-4.374046	0.251908	0.832061	9.426809
0.221436	-0.712646	0.667480	-3.335878	0.053435	0.549618	9.437667
0.219238	-0.713379	0.660156	-3.847328	-0.076336	0.175573	9.447749
0.224854	-0.720215	0.656006	-5.000000	-0.374046	-0.633588	9.457846
0.222412	-0.701660	0.647949	-5.366412	-0.396947	-1.290076	9.467319
0.220703	-0.710693	0.647705	-4.832061	-0.358779	-0.389313	9.478312
0.231689	-0.707275	0.630615	-3.587786	-1.290076	1.793893	9.488274
0.219971	-0.703125	0.652588	-0.091603	2.167939	0.702290	9.497884
0.222900	-0.679688	0.670898	-2.503817	1.870229	-0.847328	9.507411
0.226318	-0.708984	0.675049	-3.221374	-0.183206	-0.534351	9.518943
0.228760	-0.720459	0.661621	-3.519084	-1.587786	0.167939	9.529323
0.226318	-0.724365	0.658203	-3.290076	-2.167939	-0.320611	9.539342
0.232178	-0.717041	0.644531	-4.221374	-1.923664	-0.893130	9.548852
0.217041	-0.698730	0.633789	-4.839695	-0.946565	-1.167939	9.559635
0.218506	-0.682861	0.635986	-5.007634	0.099237	-0.419847	9.570112
0.219971	-0.700439	0.631592	-5.717557	-0.870229	0.793893	9.579782
0.222412	-0.697266	0.648438	-5.236641	-0.534351	1.068702	9.589442
0.225342	-0.724121	0.654541	-3.519084	-0.244275	0.832061	9.600538
0.218262	-0.711182	0.645508	-2.946565	-0.969466	0.374046	9.610768
0.222656	-0.713135	0.641602	-2.938931	-1.083969	0.229008	9.620448
0.214355	-0.706055	0.647949	-2.916031	-0.458015	0.213740	9.629982
0.219971	-0.705811	0.634033	-3.534351	0.106870	0.320611	9.640920
0.224121	-0.705078	0.649902	-3.793893	0.061069	0.442748	9.651075
0.214111	-0.691162	0.648438	-2.412214	1.022901	0.366412	9.660684
0.223389	-0.688965	0.643555	-2.793893	0.358779	1.297710	9.670388
0.228760	-0.702881	0.658691	-2.923664	-0.221374	1.580153	9.681703
0.234863	-0.727783	0.657471	-3.259542	-0.412214	0.793893	9.691935
0.229004	-0.722168	0.663086	-4.274809	-1.374046	0.015267	9.701949
0.230469	-0.715820	0.653076	-4.183206	-1.656489	-0.534351	9.711712
0.221436	-0.702393	0.645996	-4.625954	-2.206107	-0.290076	9.722665
0.217041	-0.675049	0.640137	-4.534351	-1.290076	-0.183206	9.732977
0.218506	-0.694336	0.632324	-4.603053	-1.145038	0.374046	9.742515
0.220215	-0.690186	0.632568	-4.572519	-0.076336	1.320611	9.753015
0.226318	-0.708984	0.645508	-3.541985	0.038168	1.931298	9.763217
0.221680	-0.706299	0.639648	-3.068702	0.320611	1.251908	9.773810
0.224121	-0.715088	0.638916	-2.389313	0.129771	2.427481	9.783344
0.227295	-0.706787	0.649414	-2.366412	-0.083969	0.961832	9.794107
0.220947	-0.701172	0.634033	-3.061069	-0.175573	0.175573	9.804374
0.224121	-0.695312	0.638428	-2.969466	-0.251908	0.732824	9.814869
0.230713	-0.707520	0.644043	-3.709924	-0.549618	0.885496	9.824504
0.224365	-0.708984	0.650635	-3.259542	-0.786260	0.885496	9.835237
0.223633	-0.709717	0.647461	-4.137405	-1.068702	0.977099	9.845897
0.230713	-0.715820	0.644287	-4.610687	-1.206107	0.511450	9.855864
0.222412	-0.710205	0.647217	-5.137405	-0.916031	0.297710	9.865325
0.220703	-0.706299	0.629639	-5.068702	-0.725191	0.145038	9.874821
0.218506	-0.706543	0.639893	-5.160305	-0.625954	0.519084	9.884461
0.222412	-0.708984	0.649902	-5.465649	-0.572519	0.068702	9.896172
0.222656	-0.706543	0.645508	-4.625954	-0.305344	0.206107	9.906096
0.226074	-0.715332	0.649658	-5.335878	-0.557252	0.183206	9.915454
0.221924	-0.723633	0.647217	-5.839695	-1.595420	0.076336	9.924918
0.226807	-0.716064	0.648682	-6.251908	-1.618321	-0.091603	9.934547
0.221191	-0.719727	0.626465	-6.068702	-1.297710	-0.343511	9.944754
0.217529	-0.712646	0.636475	-5.923664	-1.320611	-0.541985	9.954280
0.217529	-0.706299	0.635254	-5.526718	-1.206107	-1.106870	9.963973
0.212402	-0.691895	0.623047	-4.083969	0.122137	-0.068702	9.976457
0.214111	-0.695557	0.626709	-3.526718	1.122137	0.549618	9.986516
0.218262	-0.700684	0.635010	-3.595420	1.931298	1.259542	9.996151
0.223389	-0.709961	0.649902	-3.381679	2.030534	1.290076	10.006963
0.233398	-0.719727	0.652832	-3.396947	1.541985	0.763359	10.017222
0.225342	-0.715332	0.648193	-3.412214	0.335878	0.076336	10.027152
0.224365	-0.696777	0.644043	-3.916031	0.068702	-0.213740	10.036609
0.223633	-0.697266	0.641846	-4.106870	-0.007634	-0.198473	10.047890
0.219482	-0.698730	0.636475	-4.435115	0.656489	0.244275	10.058121
0.221436	-0.706787	0.636719	-4.648855	1.053435	0.648855	10.067758
0.220459	-0.708496	0.654053	-4.145038	0.687023	0.885496	10.077260
0.231201	-0.727295	0.650635	-4.496183	0.030534	0.427481	10.087819
0.235352	-0.719238	0.650146	-5.061069	-0.221374	0.068702	10.098616
0.229736	-0.727539	0.650146	-3.328244	0.687023	-0.618321	10.108767
0.223877	-0.716797	0.635742	-6.152672	-0.770992	-0.351145	10.118894
0.226074	-0.718994	0.650635	-5.984733	-1.648855	-0.954198	10.128410
0.225586	-0.695557	0.625732	-4.854962	-1.557252	-0.832061	10.139315
0.218018	-0.691406	0.631104	-3.992366	-0.984733	0.229008	10.149871
0.226562	-0.704590	0.640381	-4.305344	-1.022901	0.480916	10.159518
0.231934	-0.717041	0.635254	-4.213740	-1.091603	0.244275	10.169070
0.233154	-0.712891	0.633057	-4.259542	-1.015267	0.068702	10.179811
0.224365	-0.714355	0.625244	-5.122137	-1.167939	-0.022901	10.189909
0.219971	-0.703369	0.614502	-5.587786	-0.465649	0.076336	10.199578
0.228760	-0.725830	0.641357	-5.389313	-0.419847	-0.335878	10.209007
0.231201	-0.715088	0.634033	-4.671756	-0.862595	-1.297710	10.218462
0.237061	-0.698486	0.637695	-3.580153	-1.450382	0.442748	10.230077
0.251221	-0.695068	0.626953	-3.496183	0.854962	0.877863	10.239773
0.218018	-0.689453	0.656006	-3.305344	0.312977	0.137405	10.250152
0.237549	-0.763184	0.614258	-2.488550	-1.587786	4.977099	10.260571
0.222412	-0.693115	0.672607	1.412214	3.557252	0.229008	10.270195
0.220459	-0.737061	0.624756	-0.435115	0.824427	0.763359	10.279664
0.225830	-0.719238	0.628662	-3.473282	-2.145038	0.694656	10.290306
0.211426	-0.707031	0.617432	-3.648855	-0.908397	0.954198	10.303676
0.225586	-0.711426	0.643799	-3.305344	0.610687	0.221374	10.313382
0.224121	-0.698975	0.641602	-3.618321	0.496183	0.045802	10.323223
0.233154	-0.712158	0.645508	-3.244275	0.022901	0.618321	10.334616
0.233398	-0.715820	0.643066	-3.229008	-0.648855	0.992366	10.344768
0.221436	-0.716553	0.645752	-3.206107	-0.351145	0.732824	10.354263
0.230469	-0.717529	0.628906	-4.167939	-0.465649	1.000000	10.364855
0.219971	-0.708740	0.638916	-4.152672	0.015267	0.694656	10.375022
0.217041	-0.708496	0.639404	-3.435115	0.206107	0.908397	10.385452
0.221191	-0.702148	0.634277	-2.816794	0.984733	0.244275	10.395412
0.225830	-0.707520	0.632080	-2.847328	1.335878	0.847328	10.405992
0.224121	-0.707275	0.636719	-2.282443	2.068702	1.343511	10.416419
0.225830	-0.713135	0.641113	-2.244275	2.038168	2.465649	10.426326
0.228027	-0.735107	0.655029	-2.702290	1.496183	1.885496	10.435748
0.233887	-0.740723	0.653809	-3.961832	0.038168	0.343511	10.447035
0.226318	-0.722656	0.650879	-4.114504	-0.557252	-1.007634	10.457185
0.226074	-0.693604	0.642334	-3.633588	-0.458015	-1.007634	10.467490
0.220947	-0.695557	0.623779	-3.000000	-0.343511	0.038168	10.476863
0.222412	-0.699707	0.635986	-3.145038	0.160305	0.442748	10.487830
0.231934	-0.705811	0.641357	-2.946565	0.236641	0.404580	10.497750
0.224365	-0.708008	0.641602	-3.198473	0.190840	0.396947	10.507180
0.224854	-0.718506	0.645508	-3.564885	0.137405	0.458015	10.516662
0.224854	-0.725586	0.650146	-4.213740	-0.190840	0.061069	10.527715
0.228027	-0.717285	0.637207	-4.503817	-0.534351	-0.564885	10.537905
0.224121	-0.700439	0.636963	-4.473282	-0.526718	-0.717557	10.548021
0.223389	-0.706787	0.631348	-4.885496	-0.122137	-0.503817	10.558390
0.226562	-0.696289	0.649170	-4.801527	-0.473282	0.274809	10.568542
0.227295	-0.703125	0.647461	-4.824427	-0.282443	0.465649	10.578262
0.232910	-0.711670	0.670898	-5.442748	-0.511450	0.603053	10.587638
0.226562	-0.709961	0.653564	-5.938931	-0.977099	0.083969	10.597669
0.232910	-0.714355	0.642090	-5.679389	-1.068702	-0.488550	10.607856
0.219238	-0.707031	0.634766	-5.664122	-1.832061	-0.160305	10.618288
0.220215	-0.701904	0.636230	-4.923664	-0.854962	-0.671756	10.627738
0.218994	-0.705811	0.617432	-4.419847	-0.549618	0.038168	10.638329
0.224609	-0.693115	0.642822	-4.633588	-0.625954	0.259542	10.648861
0.230469	-0.710938	0.639404	-4.229008	-0.335878	0.099237	10.658747
0.225098	-0.699707	0.633789	-4.473282	-0.702290	0.625954	10.668330
0.226074	-0.715088	0.628174	-4.519084	-0.351145	1.022901	10.678957
0.228271	-0.705322	0.626709	-4.389313	-0.061069	1.122137	10.689339
0.220459	-0.713867	0.615967	-4.267176	0.183206	1.076336	10.699349
0.221924	-0.713135	0.632324	-3.839695	0.885496	0.717557	10.709729
0.217529	-0.702637	0.629395	-2.793893	0.694656	0.625954	10.719962
0.228516	-0.700684	0.629395	-2.076336	1.312977	0.908397	10.730112
0.226318	-0.706543	0.636475	-2.267176	1.595420	0.984733	10.739614
0.233887	-0.717285	0.652832	-2.824427	1.061069	0.595420	10.749371
0.233398	-0.705078	0.648193	-3.160305	0.984733	0.557252	10.760354
0.228271	-0.712402	0.638428	-3.435115	-0.053435	0.839695	10.770635
0.228760	-0.709473	0.654541	-3.442748	0.465649	0.290076	10.780398
0.231689	-0.708740	0.639893	-2.030534	-0.496183	1.045802	10.789960
0.227783	-0.706299	0.647217	-1.687023	0.000000	1.297710	10.800922
0.235352	-0.719238	0.646729	-2.038168	-0.465649	0.656489	10.811248
0.227295	-0.721680	0.634766	-2.435115	-0.267176	0.022901	10.820912
0.228271	-0.714844	0.628418	-3.549618	-0.473282	0.328244	10.830435
0.226562	-0.722168	0.637695	-4.244275	-0.045802	0.526718	10.841079
0.225342	-0.713867	0.652832	-4.763359	-0.099237	0.786260	10.851725
0.226318	-0.721924	0.646484	-4.786260	-0.442748	0.625954	10.861428
0.225586	-0.715576	0.655518	-4.442748	-0.793893	0.389313	10.871086
0.228760	-0.713135	0.648438	-3.549618	-0.900763	-0.053435	10.881705
0.223145	-0.708008	0.640381	-2.793893	-1.274809	-0.396947	10.892102
0.222412	-0.708984	0.637939	-2.725191	-1.427481	-1.045802	10.902210
0.219971	-0.699707	0.624512	-2.648855	-1.160305	-1.114504	10.913157
0.215820	-0.687500	0.617432	-2.549618	-0.526718	-0.374046	10.923438
0.215576	-0.684082	0.617676	-1.496183	0.473282	0.305344	10.933332
0.223389	-0.700928	0.619629	-1.343511	0.816794	1.015267	10.943190
0.223145	-0.701172	0.626709	-1.732824	1.091603	1.236641	10.954374
0.234619	-0.718262	0.636475	-1.648855	0.755725	1.213740	10.964513
0.230713	-0.731689	0.610352	-2.198473	0.427481	0.687023	10.974625
0.229492	-0.705078	0.625977	-2.549618	0.969466	0.687023	10.984178
0.222656	-0.706299	0.629883	-2.961832	1.305344	0.923664	10.994570
0.223633	-0.697754	0.634277	-2.381679	1.854962	1.389313	11.005110
0.225586	-0.702881	0.643066	-1.832061	1.847328	1.022901	11.015240
0.230225	-0.715088	0.652100	-1.717557	1.610687	0.801527	11.024719
0.233398	-0.703857	0.656006	-1.190840	0.839695	0.305344	11.035523
0.230225	-0.706787	0.647217	-1.572519	0.694656	0.160305	11.045965
0.227051	-0.690674	0.653564	-1.259542	0.648855	0.755725	11.055758
0.227051	-0.700195	0.647705	-1.381679	0.526718	1.068702	11.065387
0.230713	-0.704590	0.645996	-1.725191	0.183206	1.755725	11.076323
0.233398	-0.706055	0.659424	-2.541985	-0.175573	0.900763	11.086272
0.229492	-0.704590	0.651855	-2.312977	0.221374	0.496183	11.095940
0.240723	-0.690430	0.665039	-1.648855	0.427481	0.229008	11.107131
0.238770	-0.705322	0.648438	-1.465649	-0.030534	1.236641	11.117414
0.240479	-0.715332	0.665283	-1.587786	-0.229008	1.832061	11.126909
0.243164	-0.720703	0.654053	-2.671756	-0.381679	1.412214	11.136416
0.232910	-0.717529	0.661377	-4.381679	-0.412214	1.106870	11.146144
0.238525	-0.741455	0.668213	-6.114504	-1.534351	0.786260	11.155730
0.237793	-0.727539	0.664795	-6.595420	-1.938931	-0.106870	11.165207
0.229004	-0.711182	0.665527	-5.954198	-2.961832	-0.175573	11.177411
0.231689	-0.694092	0.645264	-4.244275	-3.213740	-0.022901	11.187478
0.224609	-0.692139	0.636963	-2.694656	-3.045802	1.221374	11.197925
0.219482	-0.713135	0.634521	-2.847328	-2.656489	1.381679	11.208577
0.220459	-0.717041	0.617432	-3.954198	-2.213740	1.282443	11.218555
0.223633	-0.718750	0.630371	-4.557252	-1.755725	0.847328	11.227953
0.221191	-0.725098	0.629883	-5.000000	-1.870229	0.045802	11.238581
0.221436	-0.701416	0.631104	-3.129771	-0.641221	-1.137405	11.249279
0.225098	-0.696289	0.625000	-2.740458	-0.885496	0.145038	11.259130
0.217285	-0.697754	0.627441	-2.671756	-0.045802	0.854962	11.268838
0.223145	-0.701904	0.636963	-2.809160	0.503817	1.389313	11.278237
0.229248	-0.721680	0.644775	-2.992366	0.442748	1.595420	11.289251
0.227539	-0.719727	0.674805	-2.778626	0.213740	1.038168	11.299392
0.237061	-0.730225	0.665039	-2.244275	-0.992366	-0.106870	11.309315
0.233643	-0.708252	0.651611	-2.236641	-2.022901	-0.374046	11.318740
0.223389	-0.701904	0.635498	-2.366412	-1.633588	-0.083969	11.329850
0.224121	-0.696777	0.633545	-3.656489	-0.923664	0.526718	11.340203
0.224121	-0.703369	0.643311	-4.396947	-0.770992	0.946565	11.350178
0.232422	-0.717529	0.648438	-4.885496	-1.190840	0.610687	11.359970
0.229736	-0.724609	0.660889	-4.519084	-1.809160	0.015267	11.370893
0.227051	-0.720459	0.658691	-4.129771	-2.809160	-0.290076	11.381174
0.226807	-0.713135	0.636230	-4.061069	-3.160305	-0.816794	11.391042
0.224365	-0.703125	0.628906	-4.328244	-2.908397	-0.396947	11.401688
0.219727	-0.706055	0.623779	-4.419847	-2.000000	0.122137	11.412309
0.218750	-0.711914	0.617920	-4.618321	-1.519084	0.610687	11.421931
0.218506	-0.711670	0.623047	-4.335878	-0.816794	0.931298	11.431424
0.227295	-0.717041	0.631592	-4.702290	-0.709924	0.725191	11.441445
0.222900	-0.718750	0.633301	-5.053435	-0.236641	0.488550	11.451805
0.229980	-0.712646	0.638428	-5.381679	-0.343511	1.946565	11.462239
0.219727	-0.698730	0.625732	-5.366412	-0.351145	-0.122137	11.473032
0.222168	-0.697754	0.622803	-4.908397	0.473282	0.984733	11.483244
0.225342	-0.699707	0.642822	-4.717557	0.656489	1.618321	11.493430
0.229980	-0.703613	0.643799	-4.755725	0.412214	1.732824	11.503073
0.228760	-0.709717	0.635986	-4.343511	0.206107	1.679389	11.513247
0.230469	-0.716797	0.640869	-4.068702	-0.389313	1.328244	11.523124
0.234131	-0.703613	0.632568	-3.381679	-0.572519	1.297710	11.533953
0.227295	-0.711426	0.631104	-3.862595	-0.335878	1.167939	11.543393
0.226807	-0.706299	0.615479	-3.549618	0.030534	1.122137	11.554198
0.222412	-0.732178	0.626221	-3.595420	0.480916	2.015267	11.564696
0.229980	-0.746582	0.655029	-2.251908	-0.229008	0.343511	11.574653
0.215576	-0.711914	0.630615	-1.290076	-0.267176	-0.801527	11.584249
0.220947	-0.697021	0.625000	-1.519084	0.480916	0.229008	11.593568
0.228027	-0.713867	0.631836	-1.603053	1.076336	0.404580	11.603260
0.225830	-0.708252	0.640869	-2.389313	1.022901	0.671756	11.612919
0.226807	-0.700928	0.627197	-2.763359	0.458015	0.832061	11.624603
0.228760	-0.712891	0.632812	-3.015267	0.435115	1.091603	11.635180
0.226807	-0.723389	0.648438	-2.870229	0.618321	0.977099	11.644742
0.228760	-0.733398	0.641113	-2.900763	-0.015267	0.709924	11.655385
0.226318	-0.747314	0.644531	-3.312977	-0.572519	1.946565	11.665949
0.224365	-0.739258	0.640625	-4.297710	-1.083969	-0.938931	11.675704
0.220703	-0.719482	0.637939	-5.091603	-1.091603	-1.351145	11.685191
0.222656	-0.704346	0.641357	-5.137405	-0.519084	-0.633588	11.696538
0.233154	-0.712891	0.639160	-4.549618	-0.389313	-0.328244	11.706267
0.231445	-0.715576	0.644043	-4.229008	-0.389313	-0.419847	11.715957
0.226074	-0.713379	0.652100	-5.839695	-0.312977	-0.076336	11.725421
0.230225	-0.722656	0.643066	-4.274809	-0.320611	0.198473	11.735107
0.232178	-0.719238	0.649658	-4.450382	-0.549618	1.938931	11.745199
0.230957	-0.716064	0.651367	-5.206107	-0.549618	-0.419847	11.756849
0.239746	-0.710938	0.649658	-5.488550	-0.793893	-0.687023	11.766459
0.240234	-0.708252	0.651123	-4.511450	-1.190840	-1.198473	11.776741
0.240723	-0.698486	0.649170	-4.664122	-1.824427	-1.038168	11.786194
0.241699	-0.711182	0.629639	-3.633588	-1.160305	-1.511450	11.795821
0.230469	-0.687744	0.630859	-5.000000	-2.366412	-0.435115	11.805523
0.238037	-0.691406	0.613037	-4.740458	-0.251908	0.290076	11.816956
0.234375	-0.710449	0.611084	-5.274809	-0.236641	1.694656	11.827077
0.232910	-0.699707	0.619141	-6.190840	0.213740	1.687023	11.836995
0.245117	-0.719971	0.650635	-5.564885	0.129771	1.809160	11.848010
0.238281	-0.717529	0.645264	-3.839695	-1.381679	1.061069	11.858226
0.243896	-0.701660	0.635986	-2.045802	-1.282443	-0.488550	11.867863
0.244385	-0.684814	0.617676	-2.175573	-0.954198	0.122137	11.877289
0.240234	-0.695068	0.621338	-2.106870	-1.106870	1.328244	11.888250
0.239746	-0.699219	0.627930	-2.183206	-0.389313	2.320611	11.898584
0.237793	-0.710693	0.647217	-1.503817	-1.076336	1.603053	11.908262
0.229736	-0.710449	0.634033	-1.526718	-1.312977	0.687023	11.917711
0.231934	-0.691895	0.626465	-1.129771	-1.335878	0.648855	11.928832
0.226562	-0.700684	0.617920	-0.847328	-1.778626	0.679389	11.938948
0.226318	-0.689453	0.612061	-0.816794	-1.183206	1.435115	11.948965
0.218750	-0.694580	0.618408	-1.297710	-0.343511	1.961832	11.958326
0.220215	-0.710449	0.617920	-1.503817	0.358779	1.801527	11.969135
0.227051	-0.710449	0.626465	-1.740458	0.916031	1.778626	11.979581
0.220947	-0.720703	0.638184	-1.770992	0.816794	1.725191	11.989408
0.232422	-0.713135	0.639648	-1.610687	0.687023	1.442748	11.999957
0.228516	-0.714844	0.648926	-1.198473	0.435115	1.160305	12.009807
0.226074	-0.711670	0.641357	-1.312977	-0.267176	0.404580	12.020393
0.222900	-0.700439	0.626953	-1.442748	0.465649	1.114504	12.029872
0.219971	-0.716797	0.630615	-2.175573	0.732824	1.648855	12.039310
0.228516	-0.729004	0.641113	-2.412214	1.190840	1.572519	12.050041
0.227295	-0.729736	0.646973	-2.870229	1.137405	1.244275	12.059864
0.236328	-0.739502	0.640625	-2.908397	0.625954	0.496183	12.069517
0.232178	-0.720459	0.652100	-2.900763	0.099237	-0.206107	12.080458
0.231201	-0.700928	0.648193	-2.267176	-0.221374	-0.351145	12.090097
0.235352	-0.709961	0.634766	-2.687023	0.000000	-0.015267	12.100509
0.232910	-0.714111	0.639404	-3.099237	0.717557	0.267176	12.110900
0.230225	-0.721680	0.637695	-4.412214	1.061069	0.381679	12.121229
0.237549	-0.724609	0.644775	-5.358779	0.740458	0.480916	12.130704
0.233643	-0.725830	0.657959	-5.755725	0.007634	-0.511450	12.141145
0.239746	-0.703613	0.665283	-5.427481	-0.458015	-1.671756	12.151800
0.228516	-0.688232	0.651855	-4.366412	-0.427481	-1.122137	12.162123
0.230469	-0.692627	0.645020	-3.511450	-0.641221	-0.335878	12.171655
0.249268	-0.695801	0.630615	-3.297710	-0.274809	0.099237	12.182550
0.235107	-0.715576	0.639404	-3.717557	-0.496183	0.076336	12.192987
0.236328	-0.718994	0.641846	-4.519084	-1.038168	-1.938931	12.202981
0.236816	-0.717529	0.628174	-5.167939	-0.770992	-0.709924	12.213244
0.237793	-0.699463	0.641113	-5.015267	-0.503817	-0.511450	12.222829
0.233154	-0.696289	0.642334	-5.206107	-1.900763	-0.236641	12.233514
0.236816	-0.688232	0.646729	-4.801527	-0.068702	-0.206107	12.244104
0.235596	-0.682861	0.646240	-3.725191	-0.007634	0.190840	12.254458
0.236084	-0.702393	0.637451	-2.519084	-0.351145	1.152672	12.264063
0.239014	-0.690674	0.636230	-2.557252	-0.022901	1.244275	12.274708
0.231445	-0.694092	0.629883	-2.290076	0.366412	1.267176	12.285238
0.232910	-0.702637	0.634766	-2.099237	0.572519	1.351145	12.295448
0.233887	-0.705566	0.639893	-2.931298	0.893130	1.557252	12.308577
0.239990	-0.705566	0.638184	-3.511450	0.694656	1.236641	12.318472
0.243896	-0.717285	0.646240	-3.625954	0.022901	1.442748	12.328021
0.235840	-0.719971	0.661621	-3.381679	-0.633588	0.763359	12.337404
0.239746	-0.713135	0.650146	-3.190840	-1.175573	0.389313	12.348898
0.231934	-0.711426	0.638428	-3.061069	-1.236641	0.610687	12.359358
0.226318	-0.706055	0.633545	-3.274809	-0.862595	1.221374	12.369022
0.226807	-0.699951	0.633545	-3.358779	-0.129771	1.778626	12.378562
0.226074	-0.717529	0.632324	-2.832061	-0.091603	2.213740	12.390115
0.227295	-0.729492	0.645020	-2.961832	0.038168	1.603053	12.400920
0.224121	-0.720459	0.642334	-3.725191	0.152672	1.641221	12.410514
0.233398	-0.736084	0.644531	-4.221374	0.091603	1.076336	12.419912
0.233887	-0.729004	0.646240	-5.045802	-0.465649	0.534351	12.429475
0.232910	-0.710205	0.642578	-5.007634	-0.755725	0.603053	12.438908
0.231445	-0.714844	0.655518	-4.801527	-1.068702	0.404580	12.450127
0.229004	-0.709473	0.648438	-4.335878	-1.496183	0.442748	12.460914
0.226562	-0.707764	0.625000	-4.038168	-1.786260	0.725191	12.470385
0.229736	-0.712891	0.630127	-4.335878	-1.480916	1.083969	12.480172
0.232422	-0.716309	0.631592	-4.473282	-1.328244	0.923664	12.490843
0.225830	-0.706787	0.622559	-3.832061	-0.755725	1.099237	12.501201
0.230225	-0.733398	0.623291	-4.564885	-0.557252	1.083969	12.510934
0.227539	-0.701172	0.635742	-4.419847	-0.458015	0.969466	12.520721
0.228760	-0.713135	0.629883	-4.389313	-0.671756	0.832061	12.531734
0.224365	-0.702393	0.633057	-3.938931	1.946565	0.290076	12.541503
0.226807	-0.708008	0.612549	-1.992366	0.305344	0.748092	12.551515
0.225098	-0.687012	0.625244	-1.374046	1.511450	1.839695	12.561932
0.224121	-0.699951	0.638916	1.000000	4.549618	1.809160	12.572143
0.233398	-0.716553	0.635254	2.282443	4.175573	3.610687	12.581762
0.233154	-0.710449	0.664551	3.343511	4.282443	2.664122	12.592493
0.238770	-0.662354	0.668457	-3.511450	1.854962	-1.770992	12.603024
0.218506	-0.704834	0.653809	-6.564885	-2.160305	0.832061	12.612844
0.246338	-0.715332	0.644043	-7.732824	-2.236641	0.946565	12.622275
0.232910	-0.733887	0.656250	-4.022901	0.045802	1.732824	12.631774
0.227783	-0.717773	0.657471	-1.725191	0.763359	1.419847	12.641727
0.234863	-0.714355	0.654541	-2.694656	-0.083969	0.145038	12.651566
0.239502	-0.729004	0.643555	-1.793893	-0.114504	1.045802	12.662191
0.226318	-0.719482	0.647705	-0.557252	0.908397	0.900763	12.671929
0.229492	-0.722412	0.642334	-0.572519	0.236641	0.931298	12.682623
0.228027	-0.712891	0.649658	-2.244275	1.938931	0.977099	12.693863
0.228516	-0.709961	0.630127	-2.450382	0.587786	0.587786	12.704764
0.236084	-0.703369	0.653564	-1.961832	1.167939	0.648855	12.715856
0.234131	-0.710449	0.647461	-1.748092	0.076336	0.694656	12.726696
0.232422	-0.692139	0.649170	-3.465649	-0.603053	0.885496	12.737622
0.230713	-0.707275	0.638428	-5.786260	-1.938931	0.900763	12.748695
0.236328	-0.700928	0.646729	-9.549618	-3.496183	0.694656	12.759696
0.223633	-0.718506	0.635498	-11.877863	-5.091603	0.022901	12.770727
0.242188	-0.731201	0.611084	-13.625954	-5.305344	2.679389	12.781908
0.235352	-0.703369	0.658936	-2.969466	-0.351145	-0.320611	12.793126
0.204590	-0.713867	0.649170	0.145038	0.435115	0.091603	12.804608
0.226807	-0.698975	0.619141	-4.160305	-3.236641	1.213740	12.815611
0.228760	-0.688232	0.596680	-8.213740	-4.992366	1.251908	12.826668
0.230225	-0.733154	0.602539	-6.427481	-3.221374	3.625954	12.837744
0.227783	-0.707764	0.618164	-7.335878	-2.396947	0.839695	12.848814
0.219482	-0.735107	0.595703	-4.106870	-0.274809	1.412214	12.859602
0.243896	-0.723877	0.616699	-9.732824	-3.786260	3.045802	12.870814
0.220703	-0.697998	0.621582	-6.297710	-1.366412	-0.358779	12.881876
0.229492	-0.706055	0.599609	-3.480916	0.183206	1.404580	12.893103
0.223633	-0.733643	0.614990	-4.931298	-2.160305	2.961832	12.904301
0.220703	-0.732666	0.612549	-4.183206	-0.267176	2.862595	12.915443
0.227051	-0.727295	0.645264	-2.610687	2.435115	0.839695	12.926436
0.225830	-0.721924	0.635498	-5.580153	0.221374	-0.625954	12.937277
0.216064	-0.733398	0.630859	-3.862595	1.061069	-0.709924	12.948558
0.218506	-0.704834	0.649902	-5.694656	-0.419847	-0.541985	12.959848
0.221436	-0.717529	0.626465	-2.488550	1.114504	1.267176	12.970831
0.229980	-0.709717	0.643066	-3.465649	0.343511	-0.404580	12.981736
0.219238	-0.730713	0.636230	-3.030534	0.404580	-0.480916	12.992914
0.222656	-0.730225	0.632324	-4.137405	-1.129771	0.847328	13.004397
0.224365	-0.707275	0.630127	-5.022901	0.198473	0.458015	13.015250
0.229980	-0.714844	0.641846	-4.343511	2.099237	0.091603	13.026588
0.241455	-0.721191	0.644043	-4.526718	0.801527	-0.549618	13.037464
0.237061	-0.700928	0.641357	-4.564885	0.740458	-0.259542	13.048592
0.235352	-0.712891	0.645752	-4.251908	0.068702	-0.770992	13.059445
0.230957	-0.713623	0.643799	-3.122137	0.198473	-0.396947	13.070220
0.229980	-0.725342	0.637451	-1.343511	1.496183	1.030534	13.080990
0.242676	-0.732178	0.646973	-2.633588	1.526718	-0.740458	13.092156
0.232910	-0.713623	0.631836	-3.671756	1.351145	-2.442748	13.103292
0.217529	-0.675049	0.640381	-5.351145	0.198473	-2.175573	13.114605
0.231934	-0.702148	0.616943	-2.969466	0.488550	0.206107	13.125624
0.234863	-0.696289	0.629639	-1.885496	0.931298	1.343511	13.136552
0.236572	-0.707520	0.639893	-2.488550	0.572519	0.045802	13.147727
0.233643	-0.721924	0.639893	-0.526718	2.618321	-0.068702	13.158719
0.243896	-0.748535	0.616943	-0.916031	0.641221	3.755725	13.169692
0.259521	-0.738770	0.652832	1.748092	2.396947	3.114504	13.180478
0.241455	-0.705322	0.654785	-2.908397	-0.458015	1.106870	13.191551
0.220703	-0.688965	0.651611	-4.290076	-0.648855	-0.366412	13.202736
0.253174	-0.715576	0.643555	-1.854962	-1.671756	1.862595	13.213546
0.231689	-0.690430	0.651611	1.709924	0.122137	0.709924	13.224608
0.224854	-0.692871	0.612305	-0.977099	-0.832061	0.145038	13.235697
0.226562	-0.697266	0.627686	-2.572519	-1.038168	-0.290076	13.246842
0.220215	-0.704834	0.603760	-3.015267	-1.374046	1.244275	13.257683
0.220215	-0.665283	0.650146	2.824427	3.511450	1.198473	13.268528
0.223389	-0.699463	0.656250	-4.664122	3.793893	-0.946565	13.279627
0.236816	-0.729004	0.615967	-5.458015	0.847328	-1.816794	13.290469
0.216309	-0.675293	0.625977	-4.114504	-2.229008	-2.862595	13.301663
0.222656	-0.690674	0.643555	-2.167939	-0.961832	1.404580	13.312714
0.227539	-0.710693	0.630859	-2.290076	-0.587786	2.213740	13.323858
0.230713	-0.710205	0.639160	-5.916031	-1.954198	-0.045802	13.334753
0.226562	-0.705078	0.619629	-7.458015	-1.305344	-1.473282	13.345939
0.229492	-0.700195	0.623535	-8.656489	-2.427481	-0.709924	13.356911
0.225830	-0.706787	0.621338	-7.427481	-1.206107	-0.404580	13.367737
0.237793	-0.721191	0.609863	-7.916031	-3.206107	1.801527	13.378813
0.250244	-0.735107	0.634033	-2.145038	4.770992	0.519084	13.389533
0.238770	-0.713135	0.640625	-1.541985	3.832061	-1.099237	13.399417
0.231689	-0.707520	0.668945	-4.587786	1.389313	-0.946565	13.408893
0.223389	-0.695312	0.635498	-8.167939	-1.603053	-3.839695	13.419739
0.244385	-0.704590	0.625732	-4.679389	0.076336	-0.328244	13.430224
0.234863	-0.718506	0.626953	-1.541985	0.374046	-0.503817	13.439947
0.239990	-0.724365	0.624512	0.267176	0.557252	1.641221	13.450193
0.236816	-0.706299	0.626221	-2.908397	-0.908397	1.038168	13.461362
0.226562	-0.712891	0.616699	-3.083969	0.282443	1.129771	13.471591
0.233887	-0.713379	0.644287	-3.297710	0.984733	1.923664	13.481515
0.238525	-0.737061	0.649902	-2.175573	2.114504	0.854962	13.491816
0.236084	-0.722168	0.640381	-7.435115	-2.404580	-0.732824	13.502286
0.243164	-0.728760	0.648193	-3.351145	2.068702	-1.427481	13.512903
0.230225	-0.701416	0.660889	0.801527	3.641221	-0.656489	13.522364
0.230713	-0.710205	0.637451	0.679389	2.061069	0.816794	13.532731
0.226562	-0.696777	0.667969	0.030534	3.152672	0.496183	13.543082
0.243896	-0.717529	0.631348	-1.816794	-0.137405	0.007634	13.553489
0.237061	-0.708496	0.651367	-4.541985	0.916031	1.541985	13.562979
0.230713	-0.741455	0.625244	-4.702290	0.229008	1.145038	13.572633
0.226807	-0.710205	0.643799	-5.114504	1.167939	1.458015	13.583807
0.235596	-0.711914	0.653320	-5.564885	1.458015	0.366412	13.594147
0.233887	-0.722168	0.643066	-4.129771	0.526718	1.099237	13.603565
0.235840	-0.696777	0.661865	-2.694656	1.053435	-0.122137	13.614253
0.223633	-0.715332	0.649902	-1.877863	-0.083969	1.419847	13.624647
0.231934	-0.713379	0.649902	-4.343511	-2.229008	1.137405	13.634963
0.229492	-0.716797	0.639648	-6.832061	-2.931298	-0.572519	13.644789
0.228760	-0.717041	0.629395	-6.488550	-1.740458	0.297710	13.655524
0.231445	-0.716309	0.643311	-6.435115	-2.381679	0.961832	13.666302
0.230713	-0.707764	0.637451	-5.954198	-1.496183	0.442748	13.676325
0.218750	-0.723389	0.650879	-7.030534	-2.633588	0.053435	13.686326
0.224854	-0.733887	0.636230	-0.572519	2.206107	-1.137405	13.696313
0.222168	-0.753418	0.623535	2.068702	2.969466	1.381679	13.705816
0.231201	-0.707275	0.644775	-0.175573	1.221374	-1.068702	13.715346
0.225830	-0.712158	0.629639	-3.824427	-0.610687	-0.221374	13.724839
0.227051	-0.709961	0.631104	-2.625954	0.038168	0.709924	13.736686
0.226318	-0.730225	0.611084	-1.458015	0.671756	2.061069	13.746919
0.232178	-0.719482	0.648438	-1.412214	2.221374	1.580153	13.756383
0.219482	-0.724854	0.650391	-2.908397	0.450382	1.786260	13.767175
0.241943	-0.722656	0.648438	-5.282443	-0.610687	1.374046	13.777357
0.230957	-0.724121	0.650879	-4.534351	-0.702290	-0.053435	13.787367
0.235596	-0.718994	0.631104	-4.801527	-0.534351	0.297710	13.797616
0.217773	-0.716309	0.633789	-4.656489	-1.938931	-0.114504	13.808009
0.213379	-0.708740	0.612549	-3.877863	0.137405	0.305344	13.818247
0.227051	-0.712402	0.633301	-6.274809	-1.022901	0.870229	13.827851
