-0.054688	-0.141602	0.895752	-1.549618	0.221374	0.572519	0.012140
-0.060547	-0.131836	0.913086	-0.984733	0.305344	0.312977	0.023843
-0.060791	-0.140869	0.912354	-1.351145	-0.053435	0.725191	0.035752
-0.064941	-0.136963	0.909668	-1.106870	-0.099237	0.770992	0.047340
-0.067871	-0.141113	0.904297	-1.015267	0.053435	0.625954	0.058373
-0.066162	-0.132324	0.897217	-0.587786	0.061069	0.496183	0.068368
-0.065430	-0.127930	0.887451	-0.473282	0.114504	-0.030534	0.078771
-0.060547	-0.132080	0.894775	-0.435115	0.503817	-0.687023	0.088597
-0.060303	-0.127930	0.888916	-1.343511	0.435115	-0.709924	0.098836
-0.061523	-0.126709	0.896484	-2.076336	0.442748	-0.801527	0.108954
-0.064941	-0.124512	0.906982	-2.916031	0.580153	-1.145038	0.119155
-0.071045	-0.128662	0.911865	-2.671756	0.511450	-0.679389	0.129321
-0.065430	-0.130371	0.906006	-2.267176	0.519084	-0.496183	0.139354
-0.066895	-0.127441	0.903320	-1.496183	0.511450	0.015267	0.149444
-0.065918	-0.127930	0.902588	-0.152672	0.908397	0.030534	0.159444
-0.065186	-0.132080	0.897461	0.152672	0.946565	0.519084	0.169673
-0.072266	-0.113525	0.892822	-0.335878	1.236641	-0.824427	0.179847
-0.058350	-0.123291	0.875488	-1.572519	0.755725	-0.427481	0.189941
-0.075195	-0.120117	0.900635	-2.305344	1.274809	-0.671756	0.200142
-0.062256	-0.120361	0.898438	-3.381679	1.099237	-0.274809	0.210177
-0.070557	-0.118408	0.900879	-3.755725	1.297710	-0.007634	0.220057
-0.071533	-0.119141	0.896240	-3.396947	1.488550	0.351145	0.230564
-0.066650	-0.130371	0.901123	-3.427481	0.763359	1.183206	0.240581
-0.065674	-0.128418	0.898193	-2.847328	0.656489	1.030534	0.250625
-0.061768	-0.133789	0.894287	-2.603053	0.541985	0.717557	0.260464
-0.065918	-0.123779	0.894775	-2.702290	0.595420	0.236641	0.270355
-0.057617	-0.118408	0.903809	-2.946565	0.778626	-0.030534	0.281570
-0.055908	-0.135986	0.899414	-2.847328	0.877863	-0.175573	0.292287
-0.066406	-0.125244	0.893799	-2.458015	0.595420	-0.274809	0.302429
-0.076904	-0.132568	0.893555	-1.954198	0.389313	0.145038	0.312459
-0.070557	-0.124756	0.889160	-1.763359	0.091603	0.572519	0.322790
-0.058594	-0.122803	0.901611	-1.503817	0.076336	0.694656	0.333160
-0.048340	-0.118408	0.896484	-1.389313	0.480916	1.145038	0.343193
-0.070312	-0.124268	0.885498	-2.076336	0.854962	1.389313	0.353387
-0.063477	-0.125488	0.882324	-3.625954	1.374046	0.732824	0.366928
-0.065186	-0.133545	0.889893	-4.015267	2.053435	-0.106870	0.377267
-0.065430	-0.135986	0.895996	-3.725191	2.152672	1.946565	0.387451
-0.069092	-0.132324	0.888672	-2.969466	1.572519	-0.442748	0.397467
-0.072021	-0.127686	0.897461	-3.000000	1.435115	-0.854962	0.407539
-0.067139	-0.134766	0.891113	-2.229008	1.328244	-0.603053	0.417659
-0.069336	-0.131592	0.902344	-1.091603	1.412214	-0.229008	0.427654
-0.066895	-0.121094	0.893555	-0.396947	1.000000	0.748092	0.437891
-0.070068	-0.115967	0.894043	-0.396947	1.251908	1.480916	0.447972
-0.067139	-0.123535	0.888916	-0.473282	1.106870	1.870229	0.458030
-0.066162	-0.120850	0.889648	-0.419847	1.053435	1.938931	0.468096
-0.077148	-0.104980	0.884033	-1.251908	1.427481	0.358779	0.478451
-0.061768	-0.121582	0.887695	-2.580153	1.564885	0.183206	0.488377
-0.061035	-0.133301	0.895508	-3.870229	2.000000	-0.549618	0.498451
-0.055420	-0.131836	0.898926	-4.145038	2.160305	-0.603053	0.508524
-0.059082	-0.133789	0.900635	-3.763359	2.343511	-0.274809	0.518505
-0.061035	-0.126465	0.912842	-3.229008	2.374046	0.137405	0.528862
-0.061768	-0.144287	0.903809	-2.450382	2.259542	0.786260	0.538893
-0.062988	-0.136963	0.905029	-1.282443	1.900763	1.366412	0.548856
-0.061035	-0.138428	0.891357	-0.595420	1.740458	1.587786	0.558533
-0.062012	-0.114014	0.899170	-0.854962	1.206107	1.152672	0.568498
-0.066895	-0.119141	0.894775	-1.557252	1.725191	0.312977	0.579128
-0.063965	-0.130859	0.898438	-2.358779	1.862595	-0.519084	0.588976
-0.070312	-0.128174	0.916504	-2.496183	2.022901	-0.900763	0.599339
-0.067383	-0.123291	0.903564	-2.175573	1.877863	-1.145038	0.609574
-0.071289	-0.124268	0.904785	-2.038168	1.610687	-0.511450	0.619348
-0.076904	-0.129395	0.897949	-1.969466	1.541985	-0.374046	0.629607
-0.070068	-0.126709	0.901855	-1.534351	1.251908	0.045802	0.640288
-0.062744	-0.110107	0.888672	-0.946565	0.717557	1.129771	0.651061
-0.072998	-0.108887	0.886475	-0.847328	0.396947	1.320611	0.661411
-0.072510	-0.116699	0.893799	-0.854962	0.931298	1.267176	0.671611
-0.073730	-0.114502	0.886963	-2.229008	1.267176	0.916031	0.681876
-0.065918	-0.111816	0.896973	-3.610687	1.656489	0.954198	0.692129
-0.068359	-0.123291	0.894775	-4.175573	1.442748	0.992366	0.702430
-0.070312	-0.132324	0.901123	-3.916031	1.572519	1.190840	0.712338
-0.073486	-0.133301	0.897461	-2.877863	1.427481	1.251908	0.722280
-0.073975	-0.128418	0.888184	-1.679389	1.122137	1.839695	0.732431
-0.073730	-0.139160	0.890869	-0.992366	0.748092	2.206107	0.741909
-0.066895	-0.129150	0.889893	-0.717557	0.893130	2.045802	0.752244
-0.067627	-0.119141	0.895264	-1.442748	1.564885	1.351145	0.762471
-0.066895	-0.117432	0.912109	-2.572519	1.717557	1.190840	0.772284
-0.068115	-0.116699	0.916992	-3.335878	2.015267	0.404580	0.782666
-0.067139	-0.138916	0.905273	-3.725191	1.755725	0.290076	0.792718
-0.074219	-0.133789	0.913330	-3.267176	1.694656	0.221374	0.802585
-0.069336	-0.120361	0.915039	-2.763359	1.633588	1.015267	0.812817
-0.077393	-0.132324	0.897705	-2.160305	1.480916	1.129771	0.822808
-0.063232	-0.132324	0.910645	-1.793893	1.358779	1.259542	0.833121
-0.072510	-0.126221	0.903809	-1.343511	1.267176	0.770992	0.843082
-0.071289	-0.120117	0.902832	-1.641221	1.442748	0.480916	0.853074
-0.075928	-0.116699	0.897705	-2.160305	1.229008	0.030534	0.863316
-0.070312	-0.119385	0.901367	-2.992366	1.015267	-0.427481	0.873452
-0.067871	-0.117676	0.906250	-3.557252	0.923664	0.083969	0.883502
-0.076172	-0.119873	0.903564	-3.938931	0.954198	0.198473	0.893641
-0.066650	-0.133789	0.908447	-3.969466	0.709924	0.725191	0.903931
-0.075928	-0.129150	0.904297	-3.259542	0.816794	0.938931	0.914071
-0.077637	-0.120605	0.900391	-2.656489	0.763359	1.633588	0.923832
-0.076416	-0.121582	0.894531	-2.618321	0.770992	1.862595	0.934453
-0.079834	-0.118408	0.890137	-3.167939	1.137405	1.374046	0.944167
-0.078613	-0.122314	0.901123	-3.175573	1.114504	0.816794	0.954172
-0.078369	-0.130859	0.905273	-3.267176	1.122137	0.282443	0.964388
-0.082275	-0.125488	0.906494	-2.992366	0.732824	0.290076	0.974414
-0.078125	-0.127930	0.893066	-3.007634	-0.045802	0.564885	0.984419
-0.072754	-0.121338	0.903076	-2.404580	-0.190840	0.893130	0.994439
-0.067627	-0.122803	0.893311	-1.366412	0.099237	0.908397	1.004608
-0.073486	-0.125488	0.895020	-1.328244	0.854962	0.824427	1.014921
-0.070068	-0.123779	0.892578	-0.015267	1.503817	0.801527	1.024902
-0.075684	-0.122314	0.892822	-2.656489	1.603053	0.839695	1.035278
-0.073730	-0.120117	0.895752	-2.984733	1.847328	0.366412	1.045336
-0.077393	-0.127441	0.905273	-3.473282	1.641221	0.106870	1.055419
-0.075195	-0.135498	0.903809	-3.587786	1.595420	-0.671756	1.065491
-0.077148	-0.129150	0.897949	-3.335878	1.145038	-0.694656	1.075742
-0.082275	-0.126953	0.894043	-3.358779	0.725191	-0.877863	1.085741
-0.093018	-0.127930	0.913574	-2.969466	0.496183	-0.480916	1.095843
-0.074219	-0.124268	0.897461	-2.580153	0.312977	0.129771	1.106008
-0.079102	-0.119873	0.903320	-2.236641	0.465649	0.503817	1.116043
-0.072754	-0.124512	0.902832	-2.160305	0.366412	0.633588	1.127227
-0.074219	-0.122070	0.898193	-2.259542	0.305344	0.641221	1.137495
-0.075439	-0.127930	0.897461	-2.137405	0.404580	0.671756	1.147374
-0.075928	-0.120361	0.898193	-2.206107	0.267176	0.511450	1.157572
-0.067627	-0.133545	0.908203	-1.801527	0.419847	0.007634	1.167888
-0.071289	-0.145264	0.911133	-0.992366	0.160305	-0.320611	1.178031
-0.081299	-0.134521	0.918701	-1.954198	-0.297710	-0.236641	1.188009
-0.070312	-0.132080	0.925293	0.931298	-0.992366	0.000000	1.198198
-0.079834	-0.130615	0.906494	1.786260	-1.091603	-0.259542	1.208319
-0.070801	-0.124268	0.909424	1.900763	-1.351145	-0.381679	1.218378
-0.074463	-0.122803	0.917725	0.946565	-1.022901	-0.618321	1.228616
-0.075439	-0.110840	0.905762	-0.557252	-0.343511	-0.816794	1.238750
-0.091553	-0.115967	0.916504	-2.938931	-0.106870	-1.045802	1.248666
-0.074707	-0.118652	0.893066	-3.725191	0.045802	-1.274809	1.258859
-0.074463	-0.121582	0.904785	-5.862595	-0.038168	-0.641221	1.269424
-0.068359	-0.131836	0.892090	-2.809160	-0.267176	-0.496183	1.280030
-0.065430	-0.119385	0.904297	-2.763359	-0.404580	-0.816794	1.290190
-0.063477	-0.127197	0.903320	-2.450382	-0.732824	-0.656489	1.300752
-0.064941	-0.123535	0.896240	-2.641221	-0.977099	-0.541985	1.310851
-0.072510	-0.119873	0.888916	-2.641221	-1.320611	-0.274809	1.320842
-0.071045	-0.117432	0.889893	-2.832061	-1.343511	0.290076	1.331062
-0.066162	-0.103027	0.891357	-3.038168	-1.351145	0.534351	1.341304
-0.071777	-0.115723	0.889648	-3.137405	-0.793893	1.106870	1.351540
-0.059814	-0.109619	0.884521	-3.389313	-0.389313	1.213740	1.361702
-0.063721	-0.116455	0.876709	-3.778626	-0.183206	1.145038	1.371794
-0.071289	-0.114014	0.871826	-3.778626	-0.061069	1.022901	1.381962
-0.070557	-0.117188	0.870605	-3.801527	0.366412	0.893130	1.392075
-0.063477	-0.114258	0.867920	-3.633588	0.450382	0.595420	1.402106
-0.064941	-0.121094	0.869385	-3.931298	0.610687	0.114504	1.412150
-0.060059	-0.127930	0.888916	-3.274809	0.984733	0.160305	1.422354
-0.059326	-0.123291	0.893311	-2.587786	0.931298	0.511450	1.432321
-0.058594	-0.128174	0.889404	-2.404580	1.083969	0.938931	1.442654
-0.059082	-0.133545	0.897461	-2.244275	1.106870	1.526718	1.452498
-0.067871	-0.129150	0.896973	-1.839695	1.000000	1.770992	1.462721
-0.069580	-0.127930	0.885498	-2.045802	0.809160	2.198473	1.472592
-0.050293	-0.121826	0.891113	-1.954198	0.908397	2.030534	1.482817
-0.065674	-0.128662	0.888184	-2.396947	1.343511	1.564885	1.492866
-0.064209	-0.123779	0.895508	-3.190840	1.404580	0.694656	1.502973
-0.064209	-0.131104	0.896729	-3.877863	1.557252	0.328244	1.513001
-0.066162	-0.133301	0.901123	-3.664122	1.534351	0.114504	1.523166
-0.063232	-0.136719	0.911621	-3.435115	1.740458	0.022901	1.533758
-0.072510	-0.135986	0.908447	-2.770992	1.572519	0.664122	1.543963
-0.072510	-0.132080	0.911865	-1.625954	1.312977	0.931298	1.553924
-0.073242	-0.134277	0.904541	-0.938931	0.687023	1.366412	1.564079
-0.083008	-0.119629	0.901855	-1.145038	0.687023	0.984733	1.574168
-0.068115	-0.126709	0.905518	-1.297710	0.412214	0.992366	1.584622
-0.075684	-0.114014	0.897705	-1.748092	0.496183	0.564885	1.594592
-0.072266	-0.117188	0.894287	-2.809160	0.778626	-0.152672	1.604616
-0.074219	-0.123535	0.909424	-3.541985	1.282443	-0.244275	1.614932
-0.072021	-0.127441	0.912598	-3.954198	1.511450	-0.603053	1.625080
-0.073730	-0.135254	0.914307	-4.274809	1.259542	0.427481	1.635408
-0.081543	-0.136719	0.907471	-3.381679	0.587786	0.877863	1.645271
-0.075684	-0.135742	0.907471	-2.526718	-0.503817	1.198473	1.655115
-0.081787	-0.130859	0.888916	-1.633588	-0.419847	0.954198	1.665199
-0.076904	-0.125000	0.895752	-1.267176	0.083969	0.206107	1.675472
-0.071777	-0.124512	0.894531	-1.687023	0.641221	0.129771	1.685566
-0.061279	-0.125732	0.899170	-2.763359	1.297710	-0.290076	1.695378
-0.068359	-0.131104	0.905518	-3.618321	1.946565	-0.442748	1.705459
-0.067383	-0.130127	0.915039	-3.755725	1.564885	-0.175573	1.715358
-0.077148	-0.133301	0.908691	-3.290076	1.450382	-0.885496	1.725989
-0.072266	-0.135498	0.899902	-2.465649	0.732824	-0.832061	1.735834
-0.080811	-0.127686	0.898926	-1.778626	0.389313	-0.984733	1.745823
-0.072510	-0.124023	0.899658	-1.557252	0.206107	-0.954198	1.755862
-0.072510	-0.122314	0.895508	-1.183206	0.274809	-0.732824	1.765871
-0.068848	-0.120117	0.886719	-1.145038	0.366412	-0.671756	1.775836
-0.057617	-0.116699	0.900879	-1.862595	0.603053	-0.778626	1.786088
-0.060303	-0.124756	0.900146	-2.442748	1.091603	-0.465649	1.796170
-0.074707	-0.117432	0.896240	-3.083969	0.709924	-0.259542	1.806306
-0.072754	-0.121094	0.897461	-3.564885	0.465649	-0.305344	1.816145
-0.050781	-0.134521	0.894287	-3.274809	0.229008	0.068702	1.826795
-0.062012	-0.125977	0.898193	-2.442748	0.374046	0.129771	1.836772
-0.062744	-0.124023	0.906494	-2.213740	0.213740	0.526718	1.846763
-0.061035	-0.118408	0.896729	-1.770992	0.450382	0.748092	1.856825
-0.066650	-0.128174	0.890381	-1.961832	0.320611	0.648855	1.866892
-0.069824	-0.127686	0.893555	-2.274809	0.854962	0.099237	1.877100
-0.071533	-0.125977	0.888184	-2.221374	0.961832	-0.053435	1.887521
-0.069580	-0.121338	0.884277	-2.755725	0.961832	-0.137405	1.898147
-0.064453	-0.123047	0.900879	-3.129771	1.129771	0.053435	1.908265
-0.069336	-0.130615	0.904297	-2.740458	1.236641	0.152672	1.918397
-0.063721	-0.121582	0.910156	-2.267176	1.007634	0.427481	1.928950
-0.068604	-0.123779	0.895264	-2.145038	0.725191	0.625954	1.939449
-0.062256	-0.122803	0.902832	-2.251908	1.152672	0.480916	1.949608
-0.072021	-0.123779	0.890381	-2.473282	0.816794	0.549618	1.959882
-0.071777	-0.121582	0.903320	-2.725191	0.809160	0.572519	1.969741
-0.066162	-0.119873	0.891357	-2.381679	0.816794	0.702290	1.980184
-0.067627	-0.125977	0.902832	-2.725191	0.832061	0.603053	1.990330
-0.070068	-0.129150	0.903076	-2.709924	1.015267	0.763359	2.000295
-0.068115	-0.125488	0.896240	-2.572519	1.045802	1.106870	2.010367
-0.066406	-0.123779	0.892090	-2.832061	0.893130	1.290076	2.020431
-0.072998	-0.125244	0.896973	-3.038168	1.000000	1.076336	2.030794
-0.061768	-0.133789	0.897461	-2.633588	1.236641	0.702290	2.040817
-0.075684	-0.130615	0.879150	-2.351145	1.045802	0.862595	2.050863
-0.073486	-0.135498	0.897217	-3.900763	1.022901	0.473282	2.060999
-0.071533	-0.125000	0.900391	-2.000000	0.893130	0.427481	2.071050
-0.069824	-0.124268	0.897461	-2.091603	0.664122	0.282443	2.081253
-0.069092	-0.126221	0.897949	-2.198473	0.931298	-0.030534	2.091400
-0.070068	-0.130859	0.895996	-2.664122	1.267176	-1.946565	2.101378
-0.072998	-0.129395	0.893555	-2.564885	1.259542	0.038168	2.111482
-0.072021	-0.127441	0.894287	-2.519084	1.541985	0.519084	2.121724
-0.074463	-0.123291	0.898926	-2.328244	1.312977	0.679389	2.132092
-0.068115	-0.131836	0.904297	-1.809160	1.068702	0.641221	2.142287
-0.068848	-0.123291	0.910645	-1.786260	0.740458	0.969466	2.152313
-0.075439	-0.128418	0.902100	-2.099237	0.885496	1.030534	2.162352
-0.067871	-0.130615	0.910889	-2.160305	0.847328	0.923664	2.172184
-0.074951	-0.127197	0.894287	-2.152672	0.671756	0.511450	2.182736
-0.074951	-0.130859	0.895752	-2.618321	0.648855	0.038168	2.192665
-0.070801	-0.123291	0.908447	-2.862595	0.816794	-0.106870	2.202624
-0.062012	-0.131836	0.891113	-3.114504	0.931298	-0.160305	2.212876
-0.070557	-0.133789	0.909912	-2.770992	1.183206	-0.053435	2.223096
-0.065430	-0.131104	0.918701	-2.015267	1.015267	0.496183	2.233390
-0.069092	-0.135254	0.905762	-1.587786	1.083969	0.984733	2.243361
-0.076172	-0.134521	0.904785	-1.251908	0.610687	1.091603	2.253321
-0.076172	-0.130127	0.908936	-1.236641	0.061069	0.946565	2.263331
-0.069824	-0.122559	0.896240	-1.641221	-0.122137	0.198473	2.273202
-0.072266	-0.114014	0.898682	-2.664122	-0.091603	-0.435115	2.283537
-0.072021	-0.119141	0.907471	-3.160305	0.473282	-0.664122	2.293519
-0.070557	-0.127686	0.903809	-3.290076	0.908397	-0.641221	2.303665
-0.070557	-0.125732	0.908447	-2.916031	0.977099	-0.259542	2.313627
-0.073242	-0.117432	0.897217	-2.679389	0.114504	0.900763	2.323724
-0.074951	-0.133057	0.897949	-2.137405	-0.511450	1.137405	2.333826
-0.074951	-0.140137	0.895020	-0.694656	-0.786260	1.618321	2.344097
-0.071289	-0.120117	0.885742	-0.061069	-1.007634	1.763359	2.354208
-0.066406	-0.117432	0.898682	-0.908397	-0.679389	1.709924	2.367378
-0.070068	-0.109863	0.890381	-1.442748	-0.175573	1.557252	2.377632
-0.071777	-0.113770	0.890869	-2.557252	0.557252	1.244275	2.387637
-0.080811	-0.115234	0.887451	-3.702290	1.053435	0.404580	2.397853
-0.072510	-0.120361	0.894531	-4.664122	0.862595	0.183206	2.408000
-0.072021	-0.134766	0.904297	-4.549618	0.793893	0.709924	2.418087
-0.074707	-0.135498	0.895508	-3.183206	0.396947	1.274809	2.428252
-0.068359	-0.130615	0.891846	-1.763359	0.045802	1.480916	2.438359
-0.067383	-0.137695	0.897217	-0.801527	-0.175573	1.648855	2.448472
-0.070312	-0.120605	0.888184	-0.198473	0.076336	1.435115	2.458301
-0.060791	-0.118408	0.892578	-0.809160	-0.015267	1.251908	2.468412
-0.067627	-0.123535	0.897949	-1.732824	0.381679	0.335878	2.478504
-0.067871	-0.123291	0.905029	-2.587786	0.259542	-0.053435	2.488580
-0.066406	-0.123047	0.905029	-2.763359	0.122137	0.038168	2.498565
-0.068359	-0.115723	0.896729	-3.122137	0.099237	0.206107	2.508552
-0.068115	-0.120605	0.903076	-2.969466	0.076336	0.954198	2.519143
-0.058838	-0.123535	0.897461	-2.244275	0.412214	1.183206	2.529938
-0.070312	-0.126709	0.901611	-2.282443	0.564885	1.603053	2.539934
-0.071045	-0.128418	0.896729	-2.007634	0.778626	1.625954	2.550216
-0.067139	-0.127930	0.910645	-2.015267	0.694656	1.717557	2.560259
-0.072754	-0.125488	0.898438	-2.015267	0.320611	1.564885	2.570223
-0.065430	-0.132080	0.899170	-2.000000	0.007634	1.091603	2.581137
-0.069092	-0.122803	0.892578	-2.297710	-0.091603	0.183206	2.591516
-0.071777	-0.128662	0.896484	-2.641221	-0.129771	0.053435	2.601678
-0.068848	-0.133057	0.900146	-2.526718	0.419847	-0.175573	2.611586
-0.058350	-0.138428	0.905273	-2.419847	1.007634	-0.358779	2.621355
-0.064209	-0.132568	0.909668	-2.206107	0.488550	0.381679	2.631846
-0.075684	-0.129395	0.904785	-2.061069	0.167939	0.702290	2.641632
-0.069824	-0.135986	0.898926	-1.068702	1.946565	1.198473	2.651845
-0.071777	-0.125000	0.900635	-0.366412	-0.694656	1.335878	2.661822
-0.072998	-0.128174	0.899414	-0.236641	-1.251908	1.213740	2.672100
-0.068848	-0.118652	0.898682	-0.526718	-0.938931	0.671756	2.681930
-0.065186	-0.115967	0.883057	-1.473282	-0.656489	0.381679	2.692104
-0.062744	-0.131836	0.896973	-2.435115	-0.030534	-0.374046	2.702205
-0.067871	-0.123535	0.903320	-2.923664	0.335878	-1.038168	2.712218
-0.066162	-0.127197	0.901611	-3.725191	0.442748	-0.580153	2.722271
-0.071289	-0.130615	0.894287	-3.725191	0.251908	-0.091603	2.732455
-0.064453	-0.135254	0.895996	-2.893130	0.167939	0.236641	2.742304
-0.067139	-0.140381	0.899414	-1.419847	0.297710	0.511450	2.752432
-0.066162	-0.130859	0.885986	-0.641221	0.145038	0.671756	2.762443
-0.077637	-0.121094	0.894043	-0.847328	-0.053435	0.984733	2.772476
-0.068115	-0.124023	0.887451	-0.732824	0.145038	-0.022901	2.782489
-0.063232	-0.126221	0.898926	-1.694656	0.366412	-0.549618	2.792504
-0.065430	-0.124756	0.889648	-3.114504	0.809160	-1.145038	2.802631
-0.066406	-0.132568	0.889893	-3.381679	0.839695	-1.351145	2.812710
-0.063965	-0.117432	0.895264	-2.190840	1.244275	-1.213740	2.822692
-0.065674	-0.116699	0.884277	-2.671756	1.175573	-0.549618	2.833129
-0.068848	-0.122559	0.898438	-3.648855	1.099237	0.190840	2.843135
-0.068115	-0.130859	0.892822	-2.702290	1.297710	0.694656	2.853272
-0.065918	-0.120361	0.886719	-1.488550	1.106870	0.778626	2.863463
-0.066406	-0.118408	0.883057	-1.351145	1.053435	0.488550	2.873269
-0.063721	-0.110107	0.887695	-1.778626	0.954198	0.145038	2.883516
-0.066162	-0.119873	0.893799	-2.259542	1.259542	0.206107	2.893647
-0.056641	-0.126709	0.906006	-3.030534	1.458015	0.145038	2.903778
-0.057129	-0.122559	0.899658	-3.458015	1.725191	0.167939	2.913896
-0.061768	-0.122803	0.901367	-3.671756	1.503817	0.534351	2.923695
-0.070068	-0.134033	0.894531	-2.679389	1.175573	1.061069	2.934045
-0.068848	-0.139404	0.900635	-1.679389	0.770992	0.954198	2.943917
-0.073730	-0.127441	0.891113	-1.267176	1.038168	0.534351	2.953959
-0.055908	-0.129395	0.901855	-2.358779	1.419847	0.847328	2.964080
-0.060791	-0.125732	0.904053	-2.893130	2.061069	0.045802	2.974203
-0.063232	-0.111328	0.897461	-4.213740	2.740458	-0.312977	2.984396
-0.069336	-0.121338	0.907471	-4.618321	2.748092	-0.129771	2.994532
-0.075684	-0.125977	0.903320	-3.923664	2.419847	0.114504	3.004553
-0.072510	-0.132812	0.906494	-2.595420	1.717557	0.427481	3.014714
-0.076172	-0.125000	0.910156	-1.312977	0.961832	0.320611	3.024582
-0.076904	-0.138428	0.904785	-0.839695	0.625954	0.160305	3.034840
-0.070068	-0.119873	0.893799	-1.221374	0.572519	0.366412	3.044929
-0.059570	-0.114014	0.895264	-2.206107	0.908397	0.190840	3.055059
-0.065430	-0.113525	0.896240	-3.190840	1.847328	0.145038	3.065202
-0.069824	-0.120117	0.893555	-4.244275	2.251908	0.068702	3.075485
-0.069580	-0.127930	0.916260	-4.435115	2.435115	0.366412	3.085587
-0.081543	-0.130859	0.906738	-3.770992	2.328244	0.267176	3.095633
-0.077637	-0.132080	0.898193	-2.763359	1.595420	0.610687	3.105640
-0.076172	-0.130859	0.905762	-1.748092	1.022901	0.389313	3.115692
-0.080811	-0.132812	0.903076	-1.083969	0.717557	0.221374	3.125682
-0.072266	-0.121338	0.904297	-1.267176	0.687023	-0.320611	3.136078
-0.077637	-0.122070	0.897217	-2.244275	0.862595	-0.511450	3.146642
-0.073242	-0.118896	0.911133	-3.152672	0.816794	-0.374046	3.156942
-0.071045	-0.125977	0.897461	-3.427481	1.145038	-0.190840	3.167205
-0.071289	-0.128662	0.905762	-3.328244	1.114504	0.045802	3.177330
-0.074951	-0.124023	0.899658	-2.740458	0.702290	0.786260	3.187408
-0.072021	-0.130371	0.896484	-2.229008	0.702290	1.122137	3.197406
-0.065430	-0.132568	0.897217	-2.290076	0.450382	1.251908	3.207800
-0.064697	-0.131592	0.899170	-2.114504	0.793893	0.793893	3.218151
-0.069092	-0.126465	0.897217	-2.625954	0.572519	0.343511	3.228788
-0.072266	-0.130615	0.891602	-2.931298	0.549618	-0.137405	3.238824
-0.066895	-0.131836	0.888916	-2.755725	0.717557	-0.465649	3.248954
-0.067871	-0.125977	0.902588	-2.549618	1.007634	-0.419847	3.258894
-0.069824	-0.129395	0.896484	-3.000000	1.083969	-0.312977	3.269130
-0.069092	-0.125732	0.894287	-3.290076	1.137405	0.022901	3.279420
-0.070068	-0.127197	0.896729	-3.267176	1.725191	0.221374	3.289522
-0.074707	-0.126709	0.903564	-2.900763	1.580153	0.221374	3.299268
-0.072998	-0.129883	0.906250	-2.442748	1.015267	0.083969	3.309771
-0.078613	-0.122559	0.909912	-2.213740	0.816794	-0.145038	3.320057
-0.076172	-0.127441	0.903320	-1.900763	0.839695	-0.183206	3.330434
-0.072021	-0.128418	0.905029	-2.160305	0.694656	-0.458015	3.340534
-0.076660	-0.121826	0.905762	-2.152672	0.870229	-0.175573	3.350464
-0.072998	-0.122803	0.899902	-2.419847	0.885496	-0.358779	3.360367
-0.072021	-0.122559	0.893799	-2.740458	0.725191	-0.396947	3.370544
-0.073242	-0.125244	0.897217	-2.587786	0.946565	-0.366412	3.380799
-0.064941	-0.130127	0.903809	-2.236641	0.580153	-0.267176	3.390932
-0.067383	-0.125732	0.904297	-2.435115	0.473282	-0.145038	3.401022
-0.064697	-0.122559	0.912354	-2.412214	0.351145	-0.114504	3.411051
-0.069336	-0.123535	0.899414	-2.366412	0.625954	0.061069	3.421133
-0.066162	-0.119385	0.896973	-2.702290	0.832061	0.427481	3.431510
-0.061035	-0.127686	0.894043	-2.923664	1.305344	0.114504	3.441577
-0.072266	-0.121338	0.900879	-3.343511	1.473282	-0.328244	3.451694
-0.068604	-0.132080	0.902100	-3.274809	1.022901	0.061069	3.461768
-0.069336	-0.127686	0.901611	-2.984733	0.923664	-0.099237	3.471872
-0.070312	-0.132080	0.886475	-2.366412	0.595420	0.305344	3.481841
-0.071045	-0.123535	0.887207	-2.038168	0.465649	0.022901	3.491830
-0.070068	-0.125977	0.894287	-2.435115	0.564885	0.045802	3.501791
-0.073242	-0.119873	0.891846	-2.916031	1.068702	0.206107	3.511963
-0.067871	-0.101318	0.902832	-3.740458	1.068702	0.488550	3.521825
-0.073975	-0.126953	0.901611	-4.053435	1.374046	0.572519	3.531811
-0.076660	-0.129639	0.891602	-3.664122	1.175573	1.175573	3.541690
-0.074219	-0.128174	0.886475	-2.854962	1.106870	0.992366	3.551747
-0.073975	-0.135010	0.894287	-2.244275	0.664122	0.770992	3.562264
-0.066895	-0.130859	0.897705	-2.007634	0.541985	0.992366	3.572303
-0.073730	-0.127441	0.894287	-1.732824	0.832061	0.702290	3.582746
-0.073486	-0.129395	0.892090	-1.961832	0.916031	0.557252	3.592777
-0.072754	-0.135742	0.879883	-1.854962	1.007634	0.450382	3.602770
-0.071533	-0.124023	0.889893	-0.007634	1.160305	0.519084	3.612835
-0.067871	-0.126953	0.898193	-2.625954	1.229008	0.374046	3.622928
-0.075928	-0.132080	0.906250	-3.099237	1.732824	0.152672	3.633139
-0.068848	-0.135986	0.898193	-3.129771	2.091603	0.045802	3.643083
-0.072754	-0.141846	0.899170	-2.961832	1.717557	0.549618	3.653141
-0.074463	-0.132080	0.901123	-2.114504	1.641221	0.801527	3.663245
-0.083252	-0.139893	0.900635	-1.442748	1.076336	0.694656	3.673198
-0.075439	-0.131104	0.891602	-1.206107	0.908397	0.618321	3.683471
-0.070312	-0.128662	0.895752	-1.503817	0.763359	0.114504	3.693459
-0.069092	-0.125000	0.901123	-2.175573	1.114504	-0.183206	3.703457
-0.071289	-0.126709	0.905762	-2.717557	2.122137	-0.641221	3.712039
-0.077148	-0.121582	0.915527	-3.381679	2.244275	-0.450382	3.720267
-0.075928	-0.139404	0.910156	-3.916031	1.877863	-0.603053	3.728559
-0.079346	-0.134521	0.890625	-3.244275	1.793893	-0.129771	3.736825
-0.078613	-0.138184	0.899414	-2.671756	0.847328	0.427481	3.745852
-0.076660	-0.128662	0.895020	-1.847328	0.641221	0.450382	3.754213
-0.075928	-0.117920	0.903564	-1.580153	0.534351	0.526718	3.762617
-0.068604	-0.116699	0.893311	-1.519084	1.000000	0.259542	3.770978
-0.073975	-0.116699	0.891602	-1.656489	1.083969	0.129771	3.779381
-0.077881	-0.117920	0.906494	-2.366412	1.465649	-0.282443	3.787579
-0.075928	-0.114502	0.904541	-3.007634	1.564885	-0.534351	3.795971
-0.072754	-0.121582	0.910400	-3.160305	1.488550	-0.564885	3.804210
-0.078857	-0.126709	0.909424	-3.122137	1.366412	-0.358779	3.812508
-0.076660	-0.129883	0.916504	-3.000000	1.038168	0.076336	3.820874
-0.074707	-0.135010	0.911621	-2.396947	0.748092	0.328244	3.829412
-0.075928	-0.130615	0.903320	-2.251908	0.412214	0.404580	3.837924
-0.076416	-0.125488	0.907715	-1.877863	0.183206	0.778626	3.846137
-0.078857	-0.121582	0.903320	-2.114504	-0.152672	0.809160	3.853955
-0.075439	-0.127441	0.901367	-2.404580	0.167939	0.725191	3.861790
-0.074951	-0.126221	0.895020	-2.770992	0.534351	0.427481	3.869641
-0.074951	-0.124023	0.896729	-3.129771	0.664122	0.305344	3.877653
-0.075439	-0.117432	0.903564	-3.618321	0.816794	-0.122137	3.885630
-0.079834	-0.124756	0.904053	-3.687023	0.641221	0.007634	3.893614
-0.073975	-0.124023	0.906982	-3.564885	0.335878	0.351145	3.902735
-0.068115	-0.131592	0.902100	-3.221374	0.664122	0.435115	3.910822
-0.073975	-0.127441	0.897217	-2.893130	0.633588	0.679389	3.919243
-0.066895	-0.127930	0.903320	-2.580153	0.442748	0.770992	3.927631
-0.072754	-0.132568	0.905518	-2.351145	0.076336	0.916031	3.935917
-0.065918	-0.130859	0.892334	-2.442748	0.297710	1.083969	3.944137
-0.069092	-0.135498	0.896240	-2.122137	0.022901	1.091603	3.952377
-0.073242	-0.136475	0.888184	-1.503817	0.183206	0.984733	3.960538
-0.070312	-0.130859	0.897461	-1.381679	0.015267	0.885496	3.968812
-0.073486	-0.120361	0.890625	-1.083969	0.167939	0.587786	3.977076
-0.074219	-0.122559	0.895996	-1.488550	-0.053435	0.213740	3.985295
-0.073975	-0.130371	0.899414	-1.984733	0.122137	0.129771	3.993355
-0.076904	-0.123047	0.906738	-2.641221	0.282443	0.435115	4.001546
-0.075928	-0.123535	0.891846	-2.961832	0.290076	0.603053	4.009778
-0.072510	-0.127686	0.894043	-2.954198	0.427481	1.007634	4.018180
-0.072021	-0.125000	0.892090	-2.992366	0.603053	1.122137	4.026583
-0.073975	-0.129639	0.898926	-2.770992	0.396947	1.244275	4.034715
-0.065186	-0.137695	0.896484	-2.664122	0.519084	1.328244	4.043161
-0.076416	-0.135254	0.899170	-2.648855	0.519084	1.122137	4.051300
-0.075195	-0.131348	0.883545	-2.396947	0.488550	0.816794	4.059706
-0.093262	-0.128418	0.887451	-2.580153	0.442748	0.824427	4.067858
-0.078125	-0.128662	0.899414	-2.267176	0.595420	0.351145	4.076208
-0.082275	-0.128174	0.884766	-2.427481	0.534351	0.297710	4.084294
-0.078613	-0.131104	0.892334	-2.190840	0.290076	0.236641	4.092615
-0.074219	-0.126221	0.885254	-1.847328	0.290076	0.374046	4.100847
-0.069336	-0.124023	0.893311	-2.519084	0.572519	0.603053	4.109073
-0.066650	-0.133057	0.898438	-2.755725	0.801527	0.778626	4.117390
-0.072510	-0.131348	0.899414	-2.763359	1.244275	0.847328	4.125751
-0.065186	-0.126953	0.894775	-2.801527	1.213740	1.061069	4.133998
-0.072998	-0.135498	0.894043	-2.541985	1.496183	1.221374	4.142309
-0.070312	-0.137939	0.885498	-2.435115	1.717557	0.801527	4.150629
-0.077637	-0.134033	0.887939	-2.435115	1.519084	0.564885	4.158923
-0.074219	-0.132324	0.891846	-2.335878	1.633588	0.229008	4.167188
-0.075439	-0.132324	0.888672	-2.465649	1.679389	0.099237	4.175485
-0.071289	-0.140381	0.893311	-2.366412	1.641221	-0.175573	4.183762
-0.075195	-0.134766	0.902344	-1.908397	1.603053	-0.358779	4.191954
-0.075928	-0.135498	0.897949	-2.374046	1.480916	-0.274809	4.200218
-0.067139	-0.133301	0.909668	-1.664122	1.534351	0.374046	4.208450
-0.074219	-0.129883	0.903564	-1.519084	1.312977	0.419847	4.216465
-0.075439	-0.139648	0.901855	-1.328244	1.603053	0.213740	4.224596
-0.076172	-0.124512	0.899658	-0.022901	1.549618	0.717557	4.233082
-0.072998	-0.130859	0.895752	-2.328244	1.465649	0.625954	4.241338
-0.080322	-0.134033	0.881836	-2.603053	1.366412	0.763359	4.249566
-0.078125	-0.130859	0.895508	-2.526718	1.427481	0.396947	4.258100
-0.079834	-0.130859	0.895508	-2.732824	1.458015	0.045802	4.266506
-0.070312	-0.132812	0.911133	-2.534351	1.473282	0.175573	4.274872
-0.069336	-0.128418	0.905518	-2.244275	1.725191	0.137405	4.283328
-0.076660	-0.129639	0.895996	-2.236641	1.854962	-0.061069	4.291677
-0.071045	-0.134521	0.906738	-2.435115	1.618321	0.015267	4.299958
-0.077881	-0.137451	0.899170	-2.267176	1.832061	0.343511	4.308192
-0.079834	-0.132812	0.898926	-2.244275	1.358779	0.503817	4.316377
-0.091064	-0.128174	0.888428	-1.961832	1.480916	0.740458	4.324717
-0.074707	-0.131592	0.906982	-2.259542	1.274809	0.954198	4.333278
-0.077637	-0.122803	0.910645	-2.198473	1.519084	0.381679	4.341542
-0.080811	-0.131592	0.903320	-2.412214	1.580153	0.778626	4.349930
-0.072510	-0.115234	0.915283	-3.000000	1.053435	0.526718	4.360056
-0.079834	-0.128662	0.906494	-2.992366	1.297710	-0.137405	4.368322
-0.074951	-0.136475	0.912354	-2.374046	1.099237	-0.015267	4.376780
-0.080322	-0.122314	0.904297	-2.480916	0.938931	-0.763359	4.384928
-0.081055	-0.128174	0.916260	-2.534351	0.885496	-0.106870	4.393303
-0.074707	-0.131592	0.901611	-2.885496	1.083969	-0.251908	4.401568
-0.091797	-0.132324	0.910156	-2.870229	0.992366	-0.175573	4.409865
-0.075439	-0.132812	0.911133	-2.442748	0.931298	0.244275	4.418106
-0.079590	-0.129150	0.916016	-1.832061	0.664122	0.374046	4.426409
-0.087402	-0.122070	0.903320	-1.412214	0.053435	0.816794	4.434594
-0.082764	-0.124023	0.921387	-1.083969	-0.389313	1.000000	4.442859
-0.076416	-0.119873	0.895996	-1.122137	-0.725191	0.893130	4.451042
-0.074707	-0.118408	0.893311	-1.312977	-0.419847	0.603053	4.459254
-0.074951	-0.113525	0.894287	-2.267176	-0.267176	0.381679	4.467538
-0.074707	-0.118164	0.900879	-3.175573	0.450382	0.488550	4.475830
-0.072266	-0.122070	0.894043	-3.832061	0.709924	0.351145	4.483931
-0.077637	-0.125488	0.900391	-4.389313	1.137405	0.496183	4.492266
-0.077393	-0.123535	0.903320	-4.419847	1.030534	0.916031	4.500470
-0.078857	-0.134521	0.911865	-3.923664	0.809160	0.854962	4.508719
-0.077393	-0.134521	0.904785	-2.847328	0.679389	1.152672	4.516963
-0.089844	-0.132568	0.902588	-2.007634	-0.076336	0.992366	4.525096
-0.081055	-0.126953	0.897705	-1.351145	-0.580153	1.259542	4.533536
-0.084961	-0.132080	0.907471	-1.167939	-0.702290	0.580153	4.541761
-0.077881	-0.127197	0.897949	-1.328244	-0.969466	0.893130	4.550123
-0.079346	-0.118652	0.902344	-1.893130	-0.854962	0.748092	4.558413
-0.078857	-0.119141	0.894775	-2.534351	-0.877863	0.488550	4.566551
-0.073730	-0.119385	0.895508	-3.030534	-0.801527	0.603053	4.574791
-0.073486	-0.121582	0.906250	-3.572519	-0.694656	0.862595	4.583121
-0.079590	-0.123047	0.893555	-4.106870	-0.427481	1.122137	4.591617
-0.075684	-0.125488	0.882080	-3.801527	-0.412214	1.206107	4.600027
-0.071533	-0.124512	0.894043	-3.839695	-0.564885	1.847328	4.608170
-0.072510	-0.129150	0.904297	-3.396947	-0.435115	1.885496	4.616525
-0.071533	-0.132568	0.892578	-2.755725	-0.610687	2.244275	4.624609
-0.067139	-0.129150	0.902588	-2.404580	-0.267176	2.152672	4.633131
-0.064941	-0.129639	0.896729	-2.274809	-0.343511	1.916031	4.641367
-0.076172	-0.126953	0.892090	-2.633588	-0.587786	1.618321	4.649553
-0.069580	-0.132812	0.900146	-2.709924	-0.687023	1.267176	4.657848
-0.068604	-0.135742	0.891357	-2.961832	-0.778626	1.167939	4.665951
-0.074951	-0.138428	0.896484	-2.687023	-0.190840	0.832061	4.674239
-0.072021	-0.131836	0.899658	-2.465649	-0.343511	0.923664	4.682514
-0.071533	-0.138916	0.899414	-2.290076	-0.458015	1.152672	4.690641
-0.076172	-0.129395	0.885010	-2.366412	-0.061069	0.954198	4.698769
-0.071289	-0.128418	0.891602	-2.511450	-0.190840	0.786260	4.706941
-0.070557	-0.133545	0.889404	-2.778626	0.312977	0.893130	4.715212
-0.071289	-0.133545	0.897217	-3.045802	0.450382	0.717557	4.723383
-0.074951	-0.142090	0.897461	-2.770992	0.564885	0.641221	4.733246
-0.080811	-0.135254	0.896484	-2.312977	0.351145	0.068702	4.742555
-0.078125	-0.136475	0.901123	-1.854962	0.236641	0.374046	4.751843
-0.072021	-0.134766	0.898682	-1.534351	0.045802	0.412214	4.761171
-0.072998	-0.114746	0.901611	-1.557252	-0.190840	0.442748	4.770314
-0.076172	-0.127197	0.897461	-1.503817	-0.198473	0.816794	4.779535
-0.077148	-0.123779	0.896240	-2.206107	0.007634	0.770992	4.788871
-0.069580	-0.134521	0.904541	-2.862595	0.267176	0.557252	4.798695
-0.070557	-0.131592	0.897461	-3.282443	0.541985	0.572519	4.808151
-0.075684	-0.130859	0.898682	-3.381679	0.603053	0.396947	4.817319
-0.073486	-0.135742	0.897461	-2.824427	0.816794	0.160305	4.826756
-0.075684	-0.135498	0.888428	-2.648855	0.580153	0.503817	4.835883
-0.072998	-0.135986	0.893799	-2.099237	0.816794	0.603053	4.845182
-0.071289	-0.134521	0.902344	-1.633588	0.862595	1.198473	4.854465
-0.079102	-0.133789	0.889404	-1.229008	0.557252	0.839695	4.863738
-0.074951	-0.138184	0.900879	-1.297710	0.519084	0.694656	4.873224
-0.078125	-0.130615	0.898193	-1.977099	0.595420	0.198473	4.882832
-0.067871	-0.126953	0.896973	-2.603053	0.503817	0.030534	4.892277
-0.077637	-0.131348	0.901123	-3.282443	0.671756	-0.358779	4.901596
-0.073975	-0.134277	0.891113	-3.465649	0.893130	-0.137405	4.911240
-0.069824	-0.138428	0.886963	-3.175573	0.984733	0.274809	4.920494
-0.071533	-0.130127	0.886230	-2.458015	1.381679	0.648855	4.930080
-0.075195	-0.130127	0.897705	-2.167939	1.580153	0.977099	4.939304
-0.074219	-0.135498	0.895752	-1.740458	1.236641	0.679389	4.948391
-0.074219	-0.135498	0.901367	-1.862595	1.045802	0.312977	4.957760
-0.067139	-0.133301	0.900391	-2.000000	1.030534	-0.122137	4.967105
-0.075195	-0.131348	0.895752	-2.290076	1.236641	-0.610687	4.976553
-0.077637	-0.132568	0.903564	-2.778626	1.335878	-0.916031	4.985823
-0.076904	-0.133057	0.896729	-2.954198	1.435115	-1.015267	4.994936
-0.072021	-0.134277	0.896484	-3.030534	1.335878	-0.839695	5.004316
-0.074707	-0.131348	0.895996	-2.709924	1.351145	-0.198473	5.013667
-0.074463	-0.125977	0.897705	-2.541985	1.152672	0.076336	5.022955
-0.077393	-0.130615	0.890625	-2.137405	0.969466	0.687023	5.032397
-0.074219	-0.133057	0.899170	-1.763359	0.595420	0.938931	5.041675
-0.069824	-0.132080	0.897705	-1.832061	0.755725	0.763359	5.050979
-0.072754	-0.131104	0.900391	-1.832061	0.725191	0.297710	5.060137
-0.074219	-0.130371	0.898682	-2.290076	0.786260	-0.183206	5.069442
-0.074951	-0.132568	0.891357	-2.557252	0.969466	-0.114504	5.078882
-0.071533	-0.130127	0.884521	-2.961832	1.160305	-0.259542	5.088145
-0.078125	-0.136230	0.895752	-2.870229	1.564885	-0.328244	5.097544
-0.068604	-0.135498	0.903076	-2.839695	1.587786	-0.167939	5.106806
-0.076416	-0.133545	0.905029	-2.610687	1.488550	-0.061069	5.116152
-0.083252	-0.134766	0.908447	-2.053435	1.442748	-0.229008	5.125479
-0.082031	-0.135986	0.908936	-1.679389	1.106870	0.114504	5.134599
-0.085693	-0.130371	0.893311	-1.282443	0.480916	0.190840	5.143955
-0.075195	-0.131104	0.908203	-0.977099	0.053435	0.190840	5.153087
-0.076416	-0.125488	0.895752	-0.786260	0.358779	-0.167939	5.162321
-0.079834	-0.115967	0.898682	-1.396947	0.190840	0.160305	5.171597
-0.067627	-0.124268	0.892090	-2.572519	0.854962	0.091603	5.181117
-0.069336	-0.125244	0.885498	-3.374046	1.442748	-0.076336	5.190522
-0.070068	-0.132568	0.894043	-3.877863	2.007634	0.145038	5.199768
-0.076172	-0.128662	0.900635	-4.053435	2.091603	0.061069	5.209035
-0.076904	-0.139404	0.906738	-3.320611	1.862595	0.000000	5.218302
-0.080322	-0.141113	0.921387	-2.534351	1.656489	-0.015267	5.227748
-0.082520	-0.129395	0.906738	-2.061069	1.259542	-0.152672	5.237002
-0.074951	-0.126953	0.905762	-1.923664	0.992366	0.244275	5.246207
-0.080811	-0.129395	0.904541	-1.931298	0.809160	0.015267	5.255728
-0.074951	-0.133301	0.899414	-1.816794	0.557252	0.160305	5.264871
-0.072021	-0.128662	0.909180	-2.167939	0.938931	0.244275	5.274142
-0.069580	-0.129883	0.912842	-2.297710	0.969466	0.259542	5.283654
-0.073242	-0.129883	0.900146	-2.206107	1.030534	0.381679	5.292945
-0.083008	-0.125244	0.893799	-2.389313	0.473282	0.320611	5.301975
-0.072266	-0.134033	0.903809	-2.679389	0.335878	-0.083969	5.311261
-0.069336	-0.136230	0.908936	-2.427481	0.618321	-0.022901	5.320540
-0.072021	-0.134766	0.904541	-1.961832	0.580153	0.244275	5.330035
-0.068604	-0.139404	0.905273	-1.916031	0.404580	0.541985	5.339215
-0.081055	-0.134033	0.904053	-2.022901	0.503817	0.725191	5.348838
-0.069824	-0.128662	0.901611	-2.099237	0.442748	0.625954	5.357708
-0.072998	-0.131348	0.899902	-2.320611	0.458015	0.557252	5.366132
-0.075439	-0.131836	0.894287	-2.305344	0.496183	0.000000	5.374572
-0.078857	-0.126709	0.895508	-2.259542	0.580153	-0.244275	5.382965
-0.073730	-0.127197	0.897217	-2.167939	0.885496	-0.312977	5.391253
-0.075684	-0.120361	0.898926	-2.717557	0.778626	-0.450382	5.399551
-0.075928	-0.122803	0.908936	-2.877863	0.809160	-0.412214	5.407831
-0.072510	-0.127197	0.902588	-2.854962	0.656489	-0.038168	5.416091
-0.075195	-0.128662	0.902588	-2.938931	0.748092	0.221374	5.424233
-0.069824	-0.135742	0.909668	-2.664122	0.435115	0.564885	5.432553
-0.072998	-0.136963	0.896729	-2.251908	0.687023	0.679389	5.440744
-0.072266	-0.128662	0.901855	-2.290076	0.625954	0.419847	5.449128
-0.079102	-0.130127	0.907715	-2.190840	0.488550	-0.114504	5.457830
-0.080811	-0.126221	0.905518	-2.030534	0.671756	-0.175573	5.466218
-0.077148	-0.130371	0.895752	-1.778626	0.473282	-0.190840	5.474371
-0.077881	-0.127686	0.886230	-1.519084	0.526718	-0.496183	5.482857
-0.075684	-0.125244	0.894531	-1.435115	0.366412	-0.480916	5.491169
-0.072754	-0.125488	0.894775	-1.854962	0.221374	-0.030534	5.499121
-0.068848	-0.130371	0.904297	-2.694656	0.351145	0.152672	5.507310
-0.074463	-0.126953	0.896973	-3.152672	0.603053	0.534351	5.515634
-0.078857	-0.125977	0.889404	-3.396947	0.694656	0.251908	5.523693
-0.078125	-0.129395	0.887695	-3.221374	0.534351	0.442748	5.532118
-0.072754	-0.126953	0.885254	-2.519084	0.763359	0.541985	5.540364
-0.072754	-0.132324	0.879883	-2.053435	0.793893	0.717557	5.548383
-0.064697	-0.130859	0.882812	-1.885496	0.938931	0.725191	5.556876
-0.062744	-0.131348	0.895508	-2.122137	0.854962	0.648855	5.565138
-0.070801	-0.136963	0.895020	-2.152672	1.038168	0.526718	5.573412
-0.071777	-0.131104	0.899902	-2.419847	0.893130	0.358779	5.581618
-0.065918	-0.139893	0.892334	-2.419847	0.946565	0.290076	5.589742
-0.069092	-0.136230	0.904297	-2.129771	0.732824	0.549618	5.598138
-0.071777	-0.134521	0.897949	-1.931298	0.992366	0.274809	5.606369
-0.073486	-0.134766	0.899170	-2.175573	1.030534	-0.068702	5.614626
-0.072998	-0.135986	0.908691	-2.160305	1.236641	0.045802	5.622776
-0.083008	-0.126709	0.886719	-2.351145	1.190840	0.015267	5.631019
-0.074951	-0.128174	0.891357	-2.595420	1.305344	0.335878	5.639274
-0.072021	-0.129150	0.903076	-2.488550	1.541985	0.648855	5.647452
-0.076416	-0.131348	0.902588	-2.213740	1.091603	0.992366	5.655711
-0.073975	-0.130371	0.903076	-0.007634	1.206107	1.145038	5.664073
-0.070801	-0.134766	0.902100	-2.274809	0.793893	0.671756	5.672294
-0.071045	-0.130127	0.895996	-2.671756	1.022901	0.152672	5.680499
-0.071777	-0.133545	0.900146	-2.763359	0.984733	-0.305344	5.688649
-0.074951	-0.133057	0.894287	-2.954198	1.099237	-0.488550	5.696985
-0.074951	-0.136963	0.900391	-3.282443	1.045802	-0.488550	5.705274
-0.076172	-0.127686	0.898926	-3.183206	1.007634	-0.145038	5.713401
-0.064209	-0.131592	0.907471	-2.366412	1.236641	0.083969	5.721808
-0.076172	-0.129395	0.905518	-2.267176	1.167939	0.183206	5.730274
-0.089844	-0.131348	0.895020	-2.290076	1.213740	0.526718	5.738503
-0.070068	-0.135742	0.906982	-2.007634	1.091603	0.854962	5.746681
-0.075195	-0.131104	0.904297	-1.770992	0.778626	0.801527	5.754830
-0.076660	-0.121826	0.904297	-1.633588	0.419847	0.969466	5.763115
-0.072510	-0.128418	0.899414	-1.969466	0.229008	0.931298	5.771433
-0.064453	-0.131592	0.901611	-2.557252	0.274809	0.519084	5.779711
-0.081299	-0.133789	0.904541	-3.053435	0.251908	0.099237	5.787773
-0.081055	-0.131348	0.898926	-3.526718	0.259542	1.946565	5.796022
-0.075684	-0.134277	0.885498	-3.381679	0.641221	-0.427481	5.804288
-0.078125	-0.128906	0.893066	-3.221374	0.702290	-0.267176	5.812610
-0.075439	-0.131348	0.887695	-2.625954	0.519084	-0.076336	5.820831
-0.073242	-0.128906	0.891357	-2.419847	0.763359	0.267176	5.829272
-0.071045	-0.133057	0.917480	-2.328244	0.709924	0.297710	5.837426
-0.078125	-0.137695	0.908203	-2.442748	0.564885	0.854962	5.845627
-0.081543	-0.131348	0.906738	-2.305344	-0.076336	1.183206	5.853910
-0.078613	-0.132324	0.893555	-1.900763	-0.396947	1.580153	5.862021
-0.080322	-0.127930	0.904541	-1.549618	-0.961832	1.229008	5.870476
-0.076660	-0.138428	0.892334	-1.251908	-0.816794	0.847328	5.879153
-0.082275	-0.125000	0.878662	-1.312977	-0.358779	0.465649	5.887486
-0.068359	-0.120361	0.883057	-2.221374	-0.007634	0.045802	5.895546
-0.069336	-0.121826	0.903564	-3.587786	0.564885	0.114504	5.903754
-0.067139	-0.121582	0.898926	-4.610687	1.190840	0.251908	5.912110
-0.065430	-0.131592	0.899902	-5.061069	1.847328	0.587786	5.920290
-0.070068	-0.127930	0.899658	-5.259542	1.877863	0.755725	5.928670
-0.065430	-0.138184	0.910889	-5.022901	1.572519	1.099237	5.936959
-0.065918	-0.143311	0.913330	-4.145038	1.641221	0.916031	5.945123
-0.075684	-0.140137	0.911133	-3.335878	1.435115	0.541985	5.953344
-0.083252	-0.135498	0.902344	-2.786260	1.007634	0.091603	5.961485
-0.072510	-0.137695	0.907715	-2.244275	0.488550	1.916031	5.969952
-0.073975	-0.140137	0.901123	-2.419847	0.160305	-0.954198	5.978578
-0.082031	-0.131592	0.912842	-2.503817	-0.061069	-1.320611	5.986879
-0.080322	-0.127441	0.920166	-2.709924	-0.442748	-1.320611	5.994921
-0.078613	-0.131104	0.905273	-2.503817	-0.778626	-0.916031	6.003405
-0.078369	-0.111328	0.900635	-1.946565	-0.702290	-0.778626	6.011709
-0.072266	-0.133301	0.898438	-2.198473	-0.832061	0.511450	6.019892
-0.066406	-0.125488	0.896484	-1.839695	-0.763359	0.725191	6.028379
-0.078125	-0.118408	0.888916	-2.183206	-0.404580	0.946565	6.036562
-0.070557	-0.120850	0.902344	-2.572519	-0.511450	1.106870	6.044517
-0.083252	-0.131592	0.893066	-2.282443	-0.641221	1.343511	6.052825
-0.088135	-0.130859	0.883301	-2.557252	-0.488550	1.625954	6.060975
-0.071533	-0.134521	0.883301	-2.511450	-0.938931	1.793893	6.069382
-0.072266	-0.128418	0.880127	-2.206107	-0.885496	1.977099	6.077692
-0.073242	-0.126709	0.885986	-1.870229	-1.160305	2.229008	6.085861
-0.075928	-0.115967	0.875732	-1.610687	-0.664122	1.923664	6.094023
-0.071045	-0.126221	0.877686	-2.290076	-0.511450	1.549618	6.102200
-0.074463	-0.125977	0.875488	-3.259542	-0.061069	1.473282	6.110498
-0.064941	-0.131348	0.888184	-4.000000	0.381679	1.435115	6.118597
-0.073975	-0.130859	0.892822	-4.488550	0.664122	1.419847	6.126989
-0.067627	-0.144531	0.871826	-4.435115	1.091603	1.450382	6.135204
-0.078369	-0.154541	0.891846	-3.770992	0.572519	1.083969	6.143437
-0.081299	-0.146729	0.885986	-1.908397	0.625954	0.541985	6.151769
-0.077393	-0.140869	0.890381	-1.419847	0.465649	0.969466	6.159890
-0.076172	-0.142090	0.890137	-1.045802	0.503817	0.755725	6.168181
-0.073730	-0.135742	0.882568	-1.122137	0.679389	0.549618	6.176544
-0.073242	-0.135986	0.896240	-1.755725	0.648855	0.755725	6.184813
-0.068359	-0.134277	0.895264	-2.541985	1.129771	0.648855	6.193041
-0.068604	-0.135254	0.896729	-2.648855	1.702290	0.526718	6.201168
-0.079346	-0.132324	0.895996	-2.847328	1.152672	0.351145	6.209617
-0.075684	-0.132080	0.903076	-3.343511	1.167939	0.305344	6.217896
-0.074463	-0.144287	0.902832	-2.610687	0.748092	0.335878	6.225927
-0.072998	-0.142822	0.910156	-1.557252	0.625954	0.557252	6.234243
-0.073486	-0.135742	0.890625	-1.419847	0.603053	0.694656	6.242553
-0.070557	-0.140381	0.895752	-1.603053	0.824427	0.801527	6.250704
-0.073486	-0.131592	0.886719	-2.091603	1.015267	0.564885	6.258957
-0.068115	-0.135498	0.895752	-2.389313	1.717557	0.885496	6.267007
-0.073975	-0.134766	0.900635	-2.557252	1.839695	0.610687	6.275333
-0.067871	-0.147461	0.902588	-2.618321	1.870229	1.000000	6.283546
-0.078125	-0.136230	0.907471	-2.839695	1.374046	0.946565	6.291920
-0.083496	-0.119629	0.902832	-2.358779	1.770992	-2.450382	6.300016
-0.075439	-0.145996	0.903320	-2.877863	0.465649	0.160305	6.308282
-0.078613	-0.133057	0.907715	-3.320611	0.893130	-0.419847	6.316510
-0.074463	-0.135498	0.905762	-3.160305	0.473282	-0.809160	6.324712
-0.075928	-0.144287	0.897217	-3.030534	0.809160	-0.549618	6.333140
-0.077148	-0.139648	0.902832	-2.648855	1.206107	-0.564885	6.341327
-0.073242	-0.135498	0.909668	-2.511450	0.969466	-0.083969	6.349513
-0.069336	-0.131104	0.907227	-2.213740	1.229008	0.076336	6.359579
-0.078613	-0.136475	0.903320	-2.206107	1.198473	0.320611	6.368241
-0.084229	-0.135498	0.901123	-2.251908	0.923664	-0.183206	6.376653
-0.083008	-0.135498	0.898926	-2.328244	0.473282	-0.419847	6.384901
-0.076172	-0.133057	0.891602	-2.450382	0.244275	-0.748092	6.393391
-0.070801	-0.132812	0.913086	-2.603053	0.251908	-0.748092	6.401588
-0.070312	-0.129883	0.913574	-2.587786	0.045802	-0.954198	6.409698
-0.069580	-0.120361	0.903320	-2.923664	0.244275	-0.603053	6.418009
-0.073730	-0.116211	0.893555	-3.679389	0.053435	-0.381679	6.426515
-0.066162	-0.126709	0.896973	-4.190840	0.694656	-0.297710	6.434712
-0.078613	-0.137695	0.890381	-3.801527	0.748092	-0.511450	6.442906
-0.076172	-0.143311	0.902344	-3.351145	0.717557	-0.175573	6.451011
-0.073975	-0.134033	0.891602	-2.503817	0.580153	0.396947	6.459312
-0.083984	-0.124268	0.893799	-1.450382	0.366412	0.412214	6.467463
-0.078857	-0.125732	0.890137	-0.648855	-0.083969	0.152672	6.475850
-0.072754	-0.124512	0.875488	-0.618321	-0.290076	-0.091603	6.484076
-0.065186	-0.118652	0.886230	-1.320611	-0.206107	-0.732824	6.492630
-0.063477	-0.126953	0.887939	-2.274809	-0.045802	-0.114504	6.501053
-0.074463	-0.114502	0.884521	-3.282443	0.435115	-0.969466	6.509272
-0.065430	-0.121582	0.882568	-4.557252	0.801527	-0.038168	6.517537
-0.064697	-0.136719	0.906006	-4.480916	1.458015	0.091603	6.525946
-0.074707	-0.137939	0.888916	-3.984733	1.458015	0.358779	6.534093
-0.076416	-0.150635	0.890381	-3.297710	1.389313	0.870229	6.542220
-0.079834	-0.142090	0.897705	-2.160305	1.175573	1.236641	6.550620
-0.077881	-0.141357	0.888672	-1.389313	0.519084	1.603053	6.558737
-0.071045	-0.147217	0.891602	-1.061069	0.206107	2.076336	6.567059
-0.064697	-0.142822	0.875488	-0.847328	-0.122137	2.587786	6.575064
-0.066650	-0.134766	0.881104	-1.129771	-0.053435	2.122137	6.583441
-0.053955	-0.137695	0.881592	-2.229008	0.633588	1.801527	6.591727
-0.063965	-0.131104	0.899902	-4.068702	0.603053	1.259542	6.599926
-0.074951	-0.130859	0.895996	-3.564885	1.717557	0.137405	6.608117
-0.068115	-0.129639	0.888916	-3.885496	2.122137	0.229008	6.616464
-0.072998	-0.147949	0.897217	-3.633588	2.229008	0.221374	6.624720
-0.071533	-0.141357	0.887451	-3.709924	2.854962	-0.442748	6.632864
-0.077148	-0.149902	0.902100	-2.900763	2.389313	-0.083969	6.641189
-0.082275	-0.154297	0.910889	-1.923664	2.213740	0.076336	6.649522
-0.076172	-0.143555	0.908203	-1.267176	1.656489	0.167939	6.657831
-0.074707	-0.136719	0.907715	-0.671756	1.030534	-0.305344	6.665890
-0.079346	-0.132812	0.901123	-0.343511	0.732824	-0.297710	6.674096
-0.082520	-0.129150	0.906494	-0.267176	0.244275	-0.221374	6.682481
-0.080811	-0.125244	0.888916	-0.374046	0.282443	-0.389313	6.690787
-0.081299	-0.128174	0.907959	-1.030534	0.389313	-0.412214	6.699053
-0.071045	-0.130371	0.908447	-1.641221	0.534351	-0.267176	6.707478
-0.072266	-0.122803	0.911133	-2.534351	0.732824	-0.419847	6.715614
-0.079102	-0.127686	0.903076	-3.435115	0.580153	0.061069	6.723964
-0.077148	-0.134766	0.908203	-3.702290	0.572519	1.946565	6.732188
-0.075928	-0.147949	0.902832	-3.259542	0.648855	0.267176	6.740712
-0.081543	-0.140869	0.899902	-2.427481	0.396947	0.267176	6.748843
-0.074463	-0.140869	0.894287	-1.824427	0.282443	0.526718	6.756997
-0.071289	-0.141602	0.897705	-1.106870	-0.160305	0.694656	6.765371
-0.071045	-0.139893	0.901855	-0.664122	0.267176	0.358779	6.773382
-0.073242	-0.130859	0.898682	-0.816794	0.572519	0.053435	6.781567
-0.068115	-0.131104	0.902588	-1.312977	0.290076	-0.358779	6.789815
-0.073486	-0.127441	0.890869	-2.083969	0.572519	-0.839695	6.798108
-0.071533	-0.132568	0.893066	-3.175573	0.229008	-1.129771	6.806422
-0.073486	-0.134766	0.896484	-3.389313	0.641221	-1.282443	6.814643
-0.078125	-0.138916	0.892334	-2.961832	0.816794	-0.473282	6.822956
-0.075195	-0.127930	0.890625	-3.106870	0.877863	0.106870	6.831249
-0.077148	-0.132568	0.904297	-2.419847	0.656489	0.534351	6.839330
-0.075439	-0.137207	0.884033	-1.870229	0.763359	0.213740	6.847631
-0.082520	-0.135254	0.891602	-1.290076	0.770992	0.374046	6.855969
-0.074707	-0.134033	0.877930	-0.824427	0.931298	0.297710	6.864110
-0.074463	-0.134521	0.873779	-1.045802	1.000000	-0.366412	6.872513
-0.070557	-0.131836	0.893555	-1.366412	0.877863	-0.496183	6.880640
-0.071777	-0.137695	0.899902	-1.206107	0.900763	-0.679389	6.889096
-0.074219	-0.132080	0.894043	-1.458015	0.931298	-1.022901	6.897441
-0.073975	-0.124756	0.896484	-1.809160	0.877863	-1.251908	6.905895
-0.071533	-0.129639	0.895508	-2.244275	1.213740	-1.473282	6.914000
-0.067871	-0.140137	0.898193	-2.274809	0.969466	-0.900763	6.922372
-0.072754	-0.140869	0.889160	-1.961832	0.809160	-0.496183	6.930521
-0.075928	-0.138428	0.893555	-1.587786	0.938931	-0.145038	6.938885
-0.070312	-0.134277	0.892578	-1.450382	0.885496	0.267176	6.947212
-0.081787	-0.129395	0.881348	-1.541985	0.557252	0.595420	6.955424
-0.072998	-0.128662	0.879639	-1.503817	0.480916	0.236641	6.963436
-0.066162	-0.133545	0.883301	-1.916031	0.778626	0.190840	6.971803
-0.069580	-0.128418	0.890381	-2.251908	1.488550	-0.229008	6.979928
-0.068359	-0.129150	0.893555	-2.961832	1.839695	-0.488550	6.988356
-0.066895	-0.126221	0.895752	-3.358779	1.809160	-0.900763	6.996566
-0.074219	-0.129395	0.894775	-3.488550	1.961832	-0.984733	7.004779
-0.066162	-0.141846	0.907715	-3.091603	1.900763	-0.923664	7.013279
-0.077148	-0.138916	0.907227	-2.396947	1.687023	-0.877863	7.021475
-0.077148	-0.130371	0.902588	-2.381679	1.656489	-0.511450	7.029830
-0.076660	-0.123535	0.905273	-2.679389	1.664122	-0.091603	7.038168
-0.079102	-0.133057	0.894531	-3.015267	2.000000	-0.229008	7.046460
-0.074219	-0.125000	0.909424	-3.267176	1.877863	-0.251908	7.054546
-0.074219	-0.132568	0.900391	-4.251908	2.053435	-0.282443	7.062944
-0.079346	-0.132568	0.910156	-4.366412	1.641221	-0.458015	7.071135
-0.074707	-0.132812	0.903564	-4.076336	1.351145	-0.358779	7.079362
-0.077637	-0.137695	0.918701	-3.717557	0.854962	0.122137	7.087597
-0.093262	-0.128662	0.904541	-3.343511	0.496183	0.755725	7.095793
-0.082031	-0.130859	0.891113	-3.221374	0.442748	0.854962	7.104072
-0.076660	-0.130127	0.916260	-3.183206	0.488550	1.015267	7.112317
-0.077148	-0.142334	0.921875	-2.496183	0.488550	1.381679	7.120628
-0.072754	-0.135254	0.906982	-1.549618	0.641221	1.656489	7.128906
-0.074951	-0.140381	0.906494	-1.793893	0.358779	1.839695	7.137286
-0.079102	-0.141113	0.906494	-1.282443	-0.053435	1.893130	7.145446
-0.077148	-0.134033	0.909912	-1.404580	-0.282443	1.557252	7.153327
-0.081299	-0.136719	0.912109	-0.969466	-0.641221	1.564885	7.161224
-0.074707	-0.130859	0.884766	-1.114504	-0.259542	0.961832	7.169083
-0.077881	-0.128906	0.890381	-1.412214	0.213740	0.251908	7.177352
-0.070068	-0.130127	0.896240	-1.793893	0.213740	0.053435	7.185203
-0.077148	-0.136475	0.894531	-1.969466	0.480916	-0.076336	7.194291
-0.078857	-0.135742	0.902832	-1.908397	0.534351	-0.183206	7.202587
-0.083496	-0.134277	0.902588	-2.061069	0.221374	0.129771	7.211859
-0.076660	-0.136719	0.896240	-2.076336	0.335878	0.122137	7.221729
-0.076416	-0.140625	0.900146	-1.687023	-0.007634	0.618321	7.231802
-0.069580	-0.138184	0.904785	-1.404580	1.946565	0.824427	7.242064
-0.079590	-0.127930	0.889893	-1.244275	-0.068702	0.755725	7.251988
-0.069336	-0.126953	0.880615	-1.946565	0.175573	0.152672	7.262049
-0.071289	-0.139648	0.870605	-2.091603	0.694656	-0.679389	7.272153
-0.064697	-0.129395	0.900391	-1.793893	1.167939	-0.824427	7.282305
-0.069336	-0.133301	0.904053	-2.473282	1.274809	-1.015267	7.292587
-0.069092	-0.133057	0.897949	-2.671756	1.404580	-0.908397	7.302457
-0.073975	-0.131348	0.895752	-2.473282	1.221374	-0.908397	7.312674
-0.071533	-0.142578	0.896484	-1.893130	1.091603	-0.671756	7.322634
-0.076904	-0.127686	0.888916	-1.244275	1.572519	-0.801527	7.332784
-0.074463	-0.128906	0.892578	-1.694656	1.847328	-0.847328	7.342962
-0.073242	-0.117432	0.885254	-2.793893	2.297710	-1.190840	7.352903
-0.069824	-0.124512	0.894287	-2.961832	2.412214	-1.389313	7.363012
-0.076416	-0.129150	0.904297	-2.954198	2.496183	-1.297710	7.372882
-0.077881	-0.130859	0.904785	-2.633588	2.465649	-1.137405	7.383161
-0.084229	-0.128662	0.909668	-2.328244	2.167939	-0.938931	7.393313
-0.079102	-0.131104	0.890137	-1.900763	1.030534	-0.061069	7.403382
-0.086182	-0.126953	0.903809	-1.267176	0.526718	0.816794	7.413808
-0.085205	-0.114502	0.898926	-0.938931	0.068702	1.221374	7.423943
-0.082520	-0.108398	0.902100	-1.816794	-0.015267	1.595420	7.434047
-0.065674	-0.121338	0.893799	-2.641221	0.114504	1.580153	7.444371
-0.072998	-0.127930	0.906738	-3.358779	0.534351	1.648855	7.454859
-0.076660	-0.133301	0.896484	-3.900763	0.648855	1.312977	7.465295
-0.064697	-0.138428	0.897217	-3.312977	0.519084	0.694656	7.475189
-0.073242	-0.134277	0.919434	-2.893130	0.419847	0.786260	7.485523
-0.078857	-0.127686	0.897217	-2.595420	0.244275	0.908397	7.495634
-0.078369	-0.139160	0.896973	-2.801527	0.213740	1.290076	7.505635
-0.066406	-0.132568	0.888916	-2.870229	0.595420	1.961832	7.516123
-0.066406	-0.136963	0.893311	-2.664122	1.137405	2.068702	7.526197
-0.075195	-0.137695	0.897217	-2.480916	0.801527	1.977099	7.536405
-0.068115	-0.131348	0.897461	-2.732824	0.832061	1.183206	7.546509
-0.073975	-0.131348	0.895752	-2.877863	0.862595	0.267176	7.556615
-0.074951	-0.136719	0.896729	-2.877863	0.923664	1.946565	7.566685
-0.077637	-0.128418	0.893311	-3.053435	0.770992	0.045802	7.576797
-0.078369	-0.132324	0.892090	-3.519084	0.908397	0.603053	7.587164
-0.073730	-0.137939	0.887939	-3.083969	1.328244	0.770992	7.597093
-0.076172	-0.135498	0.902344	-2.709924	1.564885	1.442748	7.607747
-0.084961	-0.137939	0.889160	-2.496183	1.305344	1.984733	7.617697
-0.079590	-0.137939	0.906250	-2.343511	1.106870	1.610687	7.627958
-0.074463	-0.139893	0.889893	-2.717557	0.923664	1.297710	7.638311
-0.078857	-0.140625	0.887695	-2.954198	0.709924	1.213740	7.648317
-0.078613	-0.132812	0.901611	-3.206107	0.450382	0.877863	7.658199
-0.080078	-0.138428	0.899414	-3.412214	0.786260	0.503817	7.668427
-0.078613	-0.141357	0.896240	-4.076336	1.229008	0.152672	7.678574
-0.075684	-0.141846	0.891357	-4.091603	1.297710	0.183206	7.688542
-0.085449	-0.144531	0.891846	-3.366412	1.312977	0.083969	7.698546
-0.081055	-0.140137	0.899170	-2.198473	1.221374	0.671756	7.708519
-0.077148	-0.137207	0.895996	-1.801527	1.022901	1.045802	7.718690
-0.077637	-0.135498	0.893799	-1.480916	0.908397	0.961832	7.728702
-0.082031	-0.147949	0.898193	-1.007634	0.931298	0.992366	7.738914
-0.077637	-0.134277	0.891846	-1.557252	1.022901	0.595420	7.749102
-0.085449	-0.138672	0.901367	-2.320611	0.877863	-0.351145	7.759150
-0.078613	-0.137695	0.888916	-2.992366	1.206107	-0.671756	7.769206
-0.081543	-0.145508	0.885742	-3.442748	1.282443	-1.358779	7.779123
-0.079102	-0.147217	0.905273	-3.145038	1.229008	-1.259542	7.789455
-0.085938	-0.154785	0.893799	-2.946565	1.206107	-0.580153	7.799343
-0.085205	-0.137695	0.906982	-2.122137	0.984733	0.442748	7.809464
-0.082764	-0.131592	0.902100	-1.946565	0.961832	0.458015	7.819567
-0.079346	-0.141357	0.896240	-1.473282	0.893130	0.832061	7.829669
-0.077393	-0.129639	0.908936	-1.732824	0.885496	1.045802	7.839523
-0.081543	-0.130127	0.887695	-2.251908	0.916031	0.977099	7.849699
-0.075684	-0.135498	0.890381	-2.839695	1.045802	0.480916	7.859534
-0.081055	-0.155762	0.875488	-3.312977	1.114504	0.000000	7.869942
-0.077637	-0.144531	0.891846	-3.251908	0.954198	-0.412214	7.879627
-0.075195	-0.131104	0.896729	-2.824427	1.038168	-0.625954	7.889492
-0.073730	-0.129150	0.906982	-2.557252	1.435115	-0.549618	7.899208
-0.081543	-0.137695	0.896484	-2.290076	1.343511	-0.488550	7.908955
-0.079346	-0.140137	0.910156	-2.015267	1.305344	-0.480916	7.918645
-0.086670	-0.143555	0.900635	-1.656489	1.213740	0.083969	7.928348
-0.074707	-0.134033	0.901855	-1.259542	0.755725	0.236641	7.938068
-0.082031	-0.132812	0.879883	-1.000000	0.961832	0.213740	7.947819
-0.084229	-0.128662	0.894775	-1.068702	0.793893	-0.007634	7.957654
-0.082031	-0.127441	0.888428	-1.641221	1.122137	-0.351145	7.967367
-0.080078	-0.136230	0.897705	-1.816794	1.297710	-0.503817	7.977221
-0.079834	-0.129150	0.897949	-2.229008	1.404580	-0.564885	7.986966
-0.080566	-0.131104	0.913574	-2.763359	1.679389	-0.480916	7.996722
-0.074707	-0.126953	0.893311	-3.290076	1.160305	-0.030534	8.006546
-0.079590	-0.135498	0.897217	-2.748092	1.320611	0.465649	8.016368
-0.081055	-0.139160	0.895752	-2.099237	1.389313	0.709924	8.026229
-0.084473	-0.134521	0.892578	-1.603053	1.236641	0.832061	8.036311
-0.089111	-0.140869	0.888916	-1.465649	0.938931	0.770992	8.046054
-0.082275	-0.138672	0.887451	-1.496183	0.442748	0.755725	8.055795
-0.071045	-0.138916	0.891602	-1.916031	0.480916	0.648855	8.065445
-0.080811	-0.129883	0.884521	-1.893130	0.648855	0.045802	8.075576
-0.080322	-0.134277	0.892578	-1.977099	1.022901	-0.236641	8.085224
-0.083008	-0.133057	0.892334	-1.572519	1.305344	-0.183206	8.094920
-0.084961	-0.132812	0.890869	-2.412214	1.488550	0.274809	8.104768
-0.078369	-0.131836	0.893066	-3.145038	2.206107	0.465649	8.114491
-0.078857	-0.135498	0.895020	-2.954198	2.122137	0.572519	8.124206
-0.080811	-0.139404	0.902588	-2.488550	2.244275	0.251908	8.133969
-0.081055	-0.144287	0.916260	-2.656489	1.832061	0.167939	8.143824
-0.097412	-0.129883	0.914307	-2.290076	1.572519	-0.320611	8.153569
-0.082520	-0.145264	0.901855	-2.305344	0.923664	0.396947	8.163355
-0.086182	-0.130615	0.907959	-1.725191	1.129771	-0.519084	8.173175
-0.079834	-0.133789	0.900391	-1.679389	0.885496	-0.687023	8.182877
-0.082275	-0.131104	0.899902	-2.045802	1.022901	-0.671756	8.192670
-0.079834	-0.134277	0.912354	-2.244275	0.893130	-0.267176	8.202391
-0.079834	-0.129395	0.915283	-2.381679	1.007634	0.236641	8.212161
-0.076660	-0.132812	0.911621	-2.572519	0.419847	0.717557	8.222155
-0.076172	-0.141357	0.911377	-2.251908	0.671756	1.000000	8.232144
-0.079346	-0.143799	0.933594	-3.885496	0.358779	1.427481	8.242135
-0.081543	-0.147217	0.919678	-1.900763	-0.030534	1.496183	8.251848
-0.075684	-0.142334	0.906494	-2.335878	-0.137405	1.282443	8.261642
-0.066406	-0.158203	0.929199	-3.091603	0.183206	0.274809	8.271545
-0.080322	-0.153809	0.916504	-4.328244	0.175573	-1.091603	8.281316
-0.081787	-0.149170	0.915283	-5.465649	-0.236641	-1.473282	8.291324
-0.097168	-0.140869	0.924561	-5.458015	-0.793893	-1.885496	8.301118
-0.091553	-0.148682	0.915527	-4.832061	-0.786260	-2.167939	8.311005
-0.094971	-0.147949	0.905518	-3.526718	-1.007634	-1.885496	8.320836
-0.094482	-0.146729	0.906494	-1.145038	-1.274809	-1.641221	8.330623
-0.090332	-0.126709	0.898438	-0.152672	-1.435115	-2.198473	8.340753
-0.089111	-0.131836	0.893311	0.877863	-1.717557	-2.114504	8.352082
-0.082275	-0.120850	0.891113	0.725191	-1.709924	-1.343511	8.367011
-0.082275	-0.115234	0.889160	0.977099	-1.801527	-1.068702	8.378483
-0.074707	-0.115479	0.885986	0.664122	-1.893130	-1.236641	8.390313
-0.069092	-0.109619	0.876953	-0.229008	-1.587786	-0.625954	8.401939
-0.066650	-0.113525	0.882080	-0.854962	-1.488550	-0.068702	8.413476
-0.071533	-0.108643	0.880371	-1.717557	-1.152672	0.419847	8.424834
-0.077393	-0.107178	0.868408	-2.053435	-1.030534	1.137405	8.436659
-0.067139	-0.112793	0.876709	-1.412214	-0.908397	1.465649	8.448105
-0.065430	-0.119873	0.876221	-1.076336	-0.175573	1.916031	8.459733
-0.068115	-0.116455	0.864502	-1.221374	-0.320611	2.145038	8.471276
-0.064941	-0.114502	0.885498	-2.328244	0.412214	2.160305	8.482953
-0.057861	-0.126709	0.897217	-2.656489	0.992366	2.251908	8.494897
-0.061768	-0.128662	0.887451	-2.717557	1.183206	1.900763	8.506525
-0.071045	-0.139893	0.883545	-2.564885	1.541985	0.870229	8.517898
-0.063965	-0.138672	0.892090	-1.312977	1.351145	1.297710	8.529554
-0.072998	-0.129395	0.886719	0.389313	1.595420	0.045802	8.541277
-0.073975	-0.116943	0.891113	-0.282443	0.473282	2.404580	8.552762
-0.075684	-0.123291	0.892578	-1.221374	1.137405	2.099237	8.564406
-0.075928	-0.125000	0.901855	-2.541985	1.091603	2.251908	8.576151
-0.067627	-0.125000	0.892822	-3.015267	1.526718	2.282443	8.587945
-0.074707	-0.133789	0.897949	-3.648855	1.931298	2.656489	8.599520
-0.076904	-0.132568	0.900146	-2.923664	1.641221	1.954198	8.610805
-0.081543	-0.145752	0.901123	-3.122137	1.389313	2.282443	8.622432
-0.084961	-0.141357	0.902344	-2.290076	1.145038	1.687023	8.633952
-0.083252	-0.131348	0.904785	-2.229008	1.137405	1.618321	8.645841
-0.084961	-0.140625	0.901855	-2.625954	1.748092	1.335878	8.657507
-0.085205	-0.142334	0.899902	-2.496183	1.648855	1.274809	8.668834
-0.082275	-0.146484	0.913086	-1.595420	1.167939	1.122137	8.680364
-0.088867	-0.147705	0.913330	-0.328244	1.145038	1.022901	8.692495
-0.082031	-0.144531	0.913330	0.114504	0.404580	0.778626	8.704528
-0.077393	-0.145020	0.932617	-0.251908	0.519084	-0.167939	8.716275
-0.085449	-0.134766	0.927002	-1.419847	0.824427	-0.832061	8.727960
-0.087891	-0.125000	0.922607	-2.816794	1.938931	-0.809160	8.740082
-0.089111	-0.132568	0.903320	-2.625954	-0.015267	-0.801527	8.752490
-0.087402	-0.137939	0.914551	-2.022901	-0.206107	-0.251908	8.764529
-0.085938	-0.131348	0.912109	-3.908397	0.236641	-1.946565	8.776105
-0.078369	-0.118164	0.904297	-2.870229	-0.221374	1.213740	8.788040
-0.098877	-0.133301	0.899902	-3.694656	-0.694656	1.625954	8.799705
-0.078613	-0.139648	0.883545	-3.160305	-1.022901	1.519084	8.811282
-0.079590	-0.131836	0.879883	-2.045802	-0.984733	1.274809	8.822763
-0.073975	-0.133789	0.889893	-1.877863	-0.694656	0.839695	8.834351
-0.064697	-0.129883	0.882812	-1.328244	-0.160305	0.572519	8.846188
-0.071533	-0.135254	0.880371	-0.633588	-0.206107	0.312977	8.857722
-0.063477	-0.145264	0.894043	0.244275	0.167939	1.129771	8.869289
-0.068115	-0.134277	0.883301	0.297710	0.648855	0.137405	8.880911
-0.071045	-0.127930	0.885986	-0.328244	0.809160	-0.580153	8.892984
-0.072266	-0.133057	0.904053	0.251908	0.687023	-0.862595	8.904726
-0.078857	-0.129150	0.895752	0.870229	0.175573	-0.694656	8.916602
-0.071045	-0.117676	0.883789	0.198473	-0.183206	-0.099237	8.928175
-0.065674	-0.115967	0.895020	-0.549618	-0.145038	-0.068702	8.940273
-0.072754	-0.112549	0.904785	-1.274809	-0.099237	-0.137405	8.952619
-0.071777	-0.111328	0.888184	-2.305344	0.106870	0.106870	8.964578
-0.060059	-0.121094	0.903320	-3.557252	0.832061	0.595420	8.976062
-0.068115	-0.117920	0.901367	-4.213740	1.755725	0.625954	8.988018
-0.067383	-0.124756	0.897705	-4.717557	1.656489	1.053435	8.999624
-0.069580	-0.130127	0.885498	-4.244275	1.335878	0.862595	9.011543
-0.069824	-0.143311	0.892090	-2.145038	0.618321	0.381679	9.023186
-0.072754	-0.132324	0.890869	-0.641221	0.206107	0.916031	9.034832
-0.074219	-0.118408	0.888672	-0.297710	-0.190840	1.404580	9.046782
-0.067871	-0.105713	0.888672	-2.038168	0.389313	0.946565	9.058411
-0.076172	-0.117188	0.893066	-3.534351	1.473282	0.587786	9.069789
-0.073486	-0.110840	0.889404	-3.984733	2.381679	0.358779	9.081452
-0.075928	-0.130127	0.899658	-3.984733	2.320611	0.740458	9.093145
-0.087646	-0.127441	0.900146	-2.358779	1.877863	1.198473	9.104693
-0.083008	-0.131836	0.884277	-0.061069	1.106870	1.458015	9.116579
-0.082764	-0.126709	0.888916	1.496183	0.442748	1.633588	9.127979
-0.074707	-0.121338	0.892822	1.541985	0.595420	1.190840	9.139911
-0.071289	-0.111328	0.879639	-0.305344	1.587786	0.732824	9.151529
-0.073486	-0.111572	0.898193	-3.503817	2.213740	0.832061	9.163047
-0.071533	-0.133789	0.910156	-3.786260	2.091603	0.992366	9.174574
-0.069580	-0.135254	0.899170	-2.839695	0.000000	1.824427	9.186108
-0.073486	-0.125244	0.916992	-2.221374	1.290076	2.893130	9.197503
-0.068359	-0.131836	0.908447	-1.656489	1.229008	2.328244	9.209306
-0.075684	-0.132812	0.903809	-1.129771	0.961832	1.778626	9.220423
-0.076172	-0.136230	0.903809	-1.229008	1.198473	1.030534	9.231739
-0.076416	-0.123047	0.903809	-2.587786	1.938931	0.251908	9.243321
-0.077393	-0.134766	0.906494	-3.442748	2.122137	-1.938931	9.255254
-0.063721	-0.134521	0.911621	-3.259542	2.030534	0.068702	9.266581
-0.082520	-0.135010	0.910156	-4.091603	1.465649	0.122137	9.276116
-0.086426	-0.130127	0.922852	-3.335878	1.061069	0.290076	9.286716
-0.089355	-0.133057	0.902588	-2.786260	0.717557	0.641221	9.296644
-0.084229	-0.146973	0.895752	-1.946565	0.297710	0.969466	9.306279
-0.084717	-0.139160	0.900635	-1.381679	0.076336	0.603053	9.316792
-0.076416	-0.145996	0.893311	-1.229008	-0.038168	0.503817	9.327031
-0.088135	-0.133545	0.899414	-0.748092	0.312977	0.053435	9.336945
-0.083008	-0.125488	0.884521	-0.610687	0.488550	-0.572519	9.347144
-0.083740	-0.126221	0.883545	-1.244275	0.442748	-0.427481	9.357342
-0.080322	-0.131592	0.876465	-1.572519	1.068702	-1.015267	9.367375
-0.082031	-0.126465	0.895508	-1.702290	1.488550	-0.801527	9.377400
-0.082520	-0.126221	0.884521	-2.122137	2.213740	-1.213740	9.387613
-0.084229	-0.120117	0.894531	-2.832061	2.244275	-1.099237	9.397838
-0.082520	-0.123779	0.888184	-2.763359	1.961832	-1.145038	9.408031
-0.077148	-0.126221	0.891602	-2.541985	1.923664	-1.122137	9.417957
-0.087402	-0.121094	0.904297	-3.870229	1.465649	-0.694656	9.427989
-0.076660	-0.125488	0.900879	-1.091603	1.274809	-0.213740	9.438489
-0.079834	-0.116455	0.902100	-0.648855	1.076336	-0.061069	9.449007
-0.076172	-0.113525	0.881348	-1.290076	1.007634	-0.381679	9.459198
-0.082275	-0.122314	0.897461	-2.343511	1.442748	-0.793893	9.469229
-0.075195	-0.121826	0.897949	-2.396947	1.511450	-0.854962	9.479347
-0.079346	-0.122070	0.895508	-2.343511	1.511450	-1.114504	9.489580
-0.079346	-0.112061	0.895508	-2.076336	1.114504	-1.007634	9.499574
-0.089355	-0.118896	0.895020	-1.564885	1.427481	-0.961832	9.509547
-0.074707	-0.118652	0.898193	-0.969466	1.694656	-0.740458	9.519704
-0.063965	-0.120850	0.891357	-1.328244	2.160305	-0.564885	9.529676
-0.075684	-0.115234	0.891846	-2.000000	2.832061	-0.557252	9.539784
-0.074463	-0.116943	0.902832	-2.152672	2.358779	-0.053435	9.550079
-0.092773	-0.123535	0.897705	-1.137405	1.175573	0.274809	9.560648
-0.076660	-0.141113	0.883545	-0.465649	0.664122	0.007634	9.570662
-0.076904	-0.103516	0.921387	1.916031	0.198473	0.297710	9.580720
-0.084473	-0.087402	0.911865	-1.458015	0.534351	0.801527	9.591241
-0.075928	-0.096680	0.924561	-2.732824	0.877863	0.908397	9.601403
-0.075684	-0.110596	0.918457	-2.687023	1.160305	0.969466	9.611297
-0.075439	-0.105225	0.917236	-2.549618	1.190840	1.351145	9.621893
-0.085205	-0.107422	0.912842	-3.458015	1.328244	1.427481	9.632224
-0.083008	-0.121582	0.903564	-3.587786	0.923664	2.106870	9.642602
-0.082764	-0.117676	0.893066	-3.694656	0.656489	1.709924	9.652694
-0.083496	-0.115479	0.894043	-3.938931	0.809160	0.961832	9.662848
-0.086670	-0.120361	0.913818	-3.435115	0.641221	0.633588	9.672786
-0.074707	-0.111816	0.915039	-2.595420	0.534351	0.541985	9.683121
-0.086182	-0.115479	0.912354	-2.290076	0.435115	0.732824	9.693477
-0.081055	-0.120361	0.917480	-2.664122	0.061069	1.473282	9.703315
-0.083740	-0.119873	0.904785	-2.816794	-0.183206	2.167939	9.713381
-0.081543	-0.119629	0.893555	-3.114504	-0.557252	2.328244	9.723552
-0.076904	-0.115479	0.892334	-3.221374	-0.770992	2.480916	9.733660
-0.078613	-0.114746	0.887451	-3.343511	-0.038168	1.816794	9.744058
-0.068115	-0.124023	0.893311	-3.977099	0.038168	1.389313	9.754189
-0.066650	-0.122314	0.906982	-4.145038	0.694656	1.305344	9.764268
-0.076172	-0.123535	0.896484	-4.603053	0.343511	1.183206	9.774336
-0.078125	-0.125732	0.896729	-4.694656	0.305344	0.946565	9.784356
-0.072266	-0.138184	0.905518	-4.679389	0.465649	1.114504	9.794612
-0.077393	-0.127686	0.882568	-4.824427	0.755725	1.595420	9.804792
-0.083252	-0.129150	0.898438	-4.824427	0.778626	1.885496	9.814972
-0.084717	-0.122803	0.894775	-4.213740	0.969466	1.763359	9.824606
-0.084961	-0.127441	0.885742	-3.687023	1.251908	1.595420	9.834935
-0.079102	-0.129639	0.887207	-3.305344	1.419847	1.312977	9.845234
-0.082275	-0.132080	0.892334	-2.931298	1.259542	0.770992	9.855245
-0.082520	-0.131104	0.906982	-2.816794	0.984733	0.106870	9.865243
-0.082275	-0.130615	0.881836	-2.748092	0.664122	0.206107	9.875280
-0.079590	-0.124023	0.892090	-2.419847	0.618321	0.267176	9.885651
-0.082520	-0.121826	0.894287	-2.198473	0.618321	0.488550	9.895575
-0.079834	-0.127197	0.890625	-2.129771	0.694656	0.770992	9.905544
-0.074951	-0.129395	0.894287	-2.374046	1.076336	0.977099	9.915725
-0.085205	-0.121826	0.885742	-2.740458	1.404580	0.992366	9.925798
-0.081299	-0.125488	0.895020	-3.053435	1.465649	1.435115	9.936069
-0.083252	-0.129639	0.888672	-3.305344	1.625954	1.198473	9.946176
-0.083496	-0.133789	0.887695	-2.961832	1.389313	0.931298	9.956257
-0.085205	-0.135010	0.894531	-2.503817	1.503817	0.450382	9.966541
-0.080566	-0.129639	0.875000	-2.839695	1.419847	0.160305	9.976689
-0.071777	-0.135986	0.895996	-2.916031	1.694656	-0.015267	9.986911
-0.082275	-0.133789	0.896484	-2.931298	2.137405	-0.137405	9.996902
-0.078125	-0.134521	0.920898	-3.038168	2.351145	-0.129771	10.007091
-0.081299	-0.132568	0.908936	-2.702290	2.427481	0.022901	10.017362
-0.084717	-0.126953	0.901123	-2.625954	2.183206	0.374046	10.027995
-0.083496	-0.132324	0.896240	-2.091603	1.793893	0.488550	10.038212
-0.081055	-0.130859	0.908691	-1.725191	1.282443	0.572519	10.048434
-0.081787	-0.112549	0.896240	-1.854962	1.335878	0.389313	10.058379
-0.079102	-0.125000	0.907227	-2.656489	1.778626	-0.503817	10.068904
-0.085449	-0.136475	0.905518	-2.809160	1.732824	-0.740458	10.079354
-0.083740	-0.135498	0.906250	-3.091603	1.587786	-0.717557	10.089598
-0.107666	-0.126953	0.904785	-3.419847	1.534351	-0.893130	10.099527
-0.092529	-0.133789	0.909912	-3.351145	0.839695	-0.396947	10.109816
-0.090576	-0.122803	0.891602	-2.862595	0.786260	0.053435	10.119941
-0.082031	-0.123047	0.910156	-2.694656	0.519084	0.267176	10.129948
-0.088135	-0.124512	0.894043	-2.625954	0.946565	0.603053	10.140288
-0.078369	-0.129150	0.898193	-2.938931	1.404580	0.458015	10.150383
-0.086426	-0.125488	0.900635	-2.717557	1.435115	0.320611	10.160338
-0.089844	-0.127197	0.897461	-3.152672	1.206107	0.473282	10.170382
-0.088135	-0.125244	0.895508	-3.068702	1.312977	0.099237	10.180576
-0.088623	-0.135010	0.901855	-3.053435	1.190840	0.068702	10.190815
-0.077393	-0.118408	0.888428	-2.931298	1.160305	0.244275	10.200941
-0.089355	-0.125488	0.898438	-3.099237	1.244275	0.427481	10.210975
-0.082275	-0.122803	0.892822	-2.916031	1.152672	0.503817	10.221069
-0.085449	-0.122070	0.897949	-2.885496	1.129771	0.549618	10.231259
-0.087646	-0.127441	0.898926	-3.274809	0.931298	0.641221	10.241172
-0.089844	-0.126709	0.881836	-3.198473	0.801527	0.870229	10.252280
-0.085938	-0.130127	0.889893	-2.137405	0.770992	0.824427	10.262521
-0.081055	-0.122559	0.883057	-2.458015	0.786260	0.465649	10.272746
-0.079834	-0.122559	0.890869	-3.030534	1.534351	0.175573	10.282873
-0.083984	-0.132812	0.897461	-2.977099	1.748092	0.251908	10.293191
-0.082764	-0.134766	0.902832	-2.595420	1.824427	0.618321	10.303374
-0.082764	-0.138672	0.892334	-2.458015	1.465649	1.000000	10.313241
-0.087402	-0.130371	0.883545	-2.114504	0.694656	0.625954	10.323699
-0.086670	-0.140137	0.881104	-1.274809	0.503817	0.190840	10.334025
-0.084961	-0.128418	0.885742	-0.671756	0.694656	0.022901	10.344401
-0.082520	-0.128174	0.880127	-1.503817	0.931298	0.320611	10.354487
-0.083984	-0.131348	0.875732	-2.656489	2.000000	0.106870	10.367628
-0.082031	-0.127686	0.892822	-3.229008	2.564885	0.427481	10.377693
-0.089355	-0.131104	0.901367	-3.259542	2.969466	0.511450	10.388058
-0.092773	-0.125977	0.899902	-2.770992	2.603053	0.320611	10.398210
-0.093994	-0.136475	0.903320	-2.320611	2.190840	0.213740	10.408278
-0.087158	-0.134277	0.899170	-1.931298	1.770992	-0.007634	10.418246
-0.093994	-0.131836	0.901123	-1.282443	0.923664	-0.374046	10.428330
-0.107178	-0.124512	0.902100	-0.763359	0.755725	-0.671756	10.438593
-0.094482	-0.115479	0.903809	-0.328244	0.595420	-0.511450	10.448204
-0.090820	-0.120117	0.904297	0.396947	0.603053	0.122137	10.457710
-0.088135	-0.107422	0.881836	0.206107	0.557252	0.335878	10.467124
-0.083252	-0.106445	0.903320	-0.358779	0.885496	0.236641	10.476783
-0.077393	-0.097168	0.908936	-1.793893	1.450382	0.396947	10.487852
-0.081787	-0.126953	0.906494	-2.648855	1.267176	1.167939	10.497815
-0.088135	-0.114502	0.908447	-2.312977	0.618321	1.450382	10.507815
-0.081543	-0.125244	0.914062	-1.709924	-0.122137	2.000000	10.518019
-0.079102	-0.125977	0.916992	-1.221374	-0.061069	2.076336	10.527915
-0.086670	-0.133545	0.906250	-2.038168	-0.534351	2.290076	10.538480
-0.086426	-0.134521	0.904297	-2.320611	-0.961832	2.519084	10.548762
-0.086914	-0.138916	0.909912	-2.641221	-0.961832	2.427481	10.559049
-0.086182	-0.130127	0.904785	-2.816794	-0.961832	2.267176	10.569052
-0.085693	-0.126709	0.914062	-3.244275	-0.679389	1.961832	10.579085
-0.082764	-0.146484	0.906738	-3.167939	-0.351145	1.633588	10.589349
-0.085205	-0.142090	0.913086	-3.213740	-0.068702	1.687023	10.599423
-0.088379	-0.141357	0.899414	-2.870229	-0.419847	1.328244	10.609286
-0.087158	-0.145752	0.899658	-2.603053	-0.221374	1.251908	10.619264
-0.093262	-0.155518	0.895508	-1.870229	-0.137405	0.641221	10.629438
-0.078369	-0.134521	0.890625	-1.183206	-0.335878	0.198473	10.639421
-0.085205	-0.121338	0.883545	-1.061069	-0.320611	-0.137405	10.649642
-0.082764	-0.124268	0.887939	-0.908397	-0.251908	0.007634	10.659951
-0.092529	-0.126953	0.887207	-1.206107	-0.236641	0.000000	10.670291
-0.089600	-0.121094	0.879395	-2.129771	-0.381679	0.366412	10.680802
-0.084961	-0.118896	0.864990	-2.595420	-0.297710	0.793893	10.691233
-0.085449	-0.128662	0.876221	-2.725191	-0.076336	1.167939	10.701411
-0.076172	-0.125488	0.878174	-2.541985	0.122137	1.442748	10.711496
-0.086914	-0.125488	0.884521	-2.335878	0.633588	1.320611	10.721615
-0.080811	-0.124268	0.875000	-2.297710	0.671756	1.473282	10.731531
-0.082275	-0.123047	0.869385	-2.229008	1.229008	1.259542	10.741759
-0.082275	-0.128662	0.873535	-2.213740	1.374046	0.702290	10.751833
-0.078369	-0.127197	0.879150	-2.572519	1.778626	0.595420	10.762175
-0.079590	-0.127197	0.885254	-3.007634	1.977099	0.656489	10.772023
-0.078613	-0.130859	0.895020	-3.061069	2.343511	0.496183	10.781958
-0.062744	-0.131104	0.894287	-3.083969	2.496183	0.267176	10.792313
-0.081055	-0.138672	0.900879	-2.610687	2.854962	-0.099237	10.802209
-0.087891	-0.142090	0.897461	-1.702290	2.748092	-0.038168	10.812261
-0.089355	-0.133057	0.897461	-1.442748	2.099237	-0.320611	10.822248
-0.083740	-0.132080	0.900635	-2.183206	1.664122	-0.755725	10.832051
-0.081299	-0.128906	0.902100	-2.106870	1.717557	-0.732824	10.842347
-0.084229	-0.120850	0.896240	-2.870229	1.740458	-0.572519	10.852473
-0.085693	-0.127686	0.903809	-2.877863	1.931298	-0.603053	10.862651
-0.093506	-0.127197	0.908203	-2.793893	2.442748	-0.236641	10.872754
-0.095703	-0.124268	0.902344	-2.694656	2.022901	-0.129771	10.883229
-0.087891	-0.123779	0.911621	-2.694656	1.633588	-0.175573	10.893761
-0.085449	-0.132324	0.910889	-2.893130	1.641221	0.190840	10.903757
-0.083740	-0.123779	0.914062	-3.458015	1.450382	0.351145	10.913893
-0.088135	-0.128906	0.903564	-3.824427	1.251908	0.526718	10.924074
-0.087646	-0.131348	0.894287	-3.633588	1.259542	0.656489	10.934092
-0.086182	-0.125000	0.892090	-3.732824	1.213740	0.343511	10.944358
-0.089844	-0.135010	0.895508	-3.083969	1.030534	-0.160305	10.954508
-0.095947	-0.138428	0.909424	-2.389313	1.396947	-0.610687	10.964669
-0.094238	-0.122559	0.901123	-2.221374	0.717557	-0.633588	10.974751
-0.097168	-0.115234	0.911133	-1.839695	0.526718	-0.763359	10.984861
-0.098877	-0.120117	0.898438	-1.931298	0.160305	-0.374046	10.995093
-0.094727	-0.116943	0.902588	-2.610687	-0.114504	0.152672	11.005260
-0.090820	-0.121826	0.905273	-2.519084	-0.114504	0.709924	11.015441
-0.083984	-0.124023	0.889404	-2.282443	0.374046	0.946565	11.025466
-0.086182	-0.129883	0.886475	-2.305344	0.900763	1.106870	11.035652
-0.093750	-0.121338	0.886719	-2.290076	0.755725	1.282443	11.045845
-0.093994	-0.119385	0.886230	-2.221374	0.312977	1.274809	11.055896
-0.096436	-0.128174	0.880127	-1.938931	-0.244275	0.870229	11.065970
-0.086914	-0.128418	0.888184	-1.450382	-0.511450	0.564885	11.075918
-0.083008	-0.117432	0.885254	-1.259542	-0.442748	0.526718	11.086147
-0.072998	-0.119141	0.885742	-1.435115	-0.160305	1.213740	11.096533
-0.077637	-0.124268	0.888184	-1.755725	0.274809	1.709924	11.106607
-0.075439	-0.114990	0.888916	-2.061069	0.984733	2.038168	11.116609
-0.081055	-0.117188	0.888916	-2.671756	1.618321	1.633588	11.126659
-0.083496	-0.130127	0.889648	-2.656489	1.893130	1.450382	11.137071
-0.086426	-0.130615	0.888428	-2.908397	1.793893	1.106870	11.147063
-0.082031	-0.132568	0.903320	-2.427481	1.519084	0.702290	11.157047
-0.092529	-0.134766	0.901611	-1.671756	1.206107	-0.122137	11.167026
-0.089600	-0.124756	0.898926	-0.977099	0.877863	-0.137405	11.177412
-0.090332	-0.126953	0.904053	-1.610687	0.358779	-0.076336	11.187623
-0.089600	-0.127197	0.918457	-1.984733	0.923664	-0.167939	11.197750
-0.088867	-0.121582	0.903809	-2.404580	0.832061	0.206107	11.207915
-0.092285	-0.119629	0.902588	-2.854962	0.778626	0.503817	11.217915
-0.081543	-0.123779	0.901611	-3.129771	0.961832	0.854962	11.227681
-0.090820	-0.140137	0.904541	-3.083969	0.938931	1.152672	11.238271
-0.084961	-0.128174	0.917969	-3.282443	0.572519	1.801527	11.248690
-0.083008	-0.145752	0.920654	-2.916031	0.343511	1.648855	11.258719
-0.087891	-0.142090	0.903320	-2.152672	0.480916	1.259542	11.268568
-0.088867	-0.143799	0.894775	-1.984733	-1.954198	1.145038	11.278616
-0.088379	-0.143066	0.905762	-1.534351	0.099237	0.480916	11.288976
-0.085205	-0.131348	0.899902	-1.801527	0.664122	0.007634	11.299368
-0.094971	-0.132568	0.902100	-2.458015	0.328244	-0.473282	11.309761
-0.091309	-0.138916	0.905762	-2.648855	0.190840	-0.763359	11.320060
-0.094971	-0.142822	0.905762	-2.076336	-0.061069	-0.954198	11.330102
-0.095947	-0.133789	0.902588	-0.732824	-0.297710	-0.526718	11.340407
-0.097168	-0.134766	0.903809	0.664122	-0.931298	-0.305344	11.350392
-0.092041	-0.132812	0.896729	1.648855	-1.198473	0.519084	11.360357
-0.083008	-0.125488	0.875000	1.984733	-1.129771	0.534351	11.369785
-0.085449	-0.121094	0.872070	1.244275	-0.984733	0.335878	11.379828
-0.085449	-0.123535	0.875000	0.282443	-0.427481	0.106870	11.389541
-0.086182	-0.119873	0.880615	-1.167939	0.221374	-0.267176	11.400454
-0.080811	-0.122803	0.887695	-2.206107	0.709924	-0.709924	11.410483
-0.090576	-0.115967	0.883545	-2.923664	1.274809	-1.022901	11.420527
-0.086914	-0.123779	0.882568	-2.748092	1.183206	-0.679389	11.430543
-0.087646	-0.121094	0.883057	-2.083969	1.183206	-0.160305	11.440778
-0.086426	-0.124512	0.890381	-1.519084	0.893130	0.251908	11.450634
-0.081787	-0.113770	0.890625	-1.358779	1.519084	0.305344	11.460581
-0.080811	-0.119141	0.901123	-1.442748	1.778626	0.389313	11.470767
-0.083496	-0.116943	0.898438	-2.229008	1.717557	0.183206	11.480901
-0.082031	-0.125488	0.891357	-2.694656	1.648855	-0.358779	11.490932
-0.086914	-0.123779	0.896973	-2.526718	1.305344	-0.496183	11.500916
-0.089111	-0.130859	0.901611	-1.763359	1.236641	-0.954198	11.511282
-0.086670	-0.127686	0.895996	-0.633588	0.755725	-0.786260	11.521497
-0.076660	-0.114258	0.904053	-0.419847	1.206107	-0.801527	11.531670
-0.093018	-0.122070	0.904297	-0.557252	1.564885	-0.854962	11.542026
-0.079834	-0.124512	0.912598	-0.793893	1.854962	-0.473282	11.552333
-0.083740	-0.124023	0.900146	-1.603053	1.977099	-0.137405	11.562668
-0.086914	-0.110352	0.897217	-2.160305	2.076336	-0.068702	11.572899
-0.090332	-0.113281	0.898682	-2.358779	2.488550	-0.381679	11.583438
-0.090332	-0.113770	0.886475	-1.931298	2.076336	-0.374046	11.594571
-0.087646	-0.115967	0.890869	-1.908397	1.717557	-1.122137	11.606385
-0.087891	-0.111816	0.916992	-1.786260	1.564885	-0.748092	11.617904
-0.083252	-0.116943	0.920166	-1.854962	0.931298	-0.122137	11.629345
-0.091797	-0.099854	0.924316	-1.580153	0.450382	0.091603	11.640922
-0.088623	-0.118652	0.911621	-1.427481	-0.007634	0.793893	11.651940
-0.094727	-0.118896	0.907959	-0.885496	-0.450382	1.770992	11.663230
-0.093506	-0.108398	0.899658	-0.984733	-0.824427	1.954198	11.674031
-0.092529	-0.107178	0.902588	-1.427481	-1.045802	1.595420	11.684170
-0.088379	-0.112549	0.899902	-2.160305	-0.709924	1.007634	11.696386
-0.091553	-0.124512	0.906494	-2.587786	-0.786260	0.625954	11.707823
-0.086914	-0.118896	0.899414	-3.152672	-0.213740	0.832061	11.719707
-0.079346	-0.117432	0.894043	-3.251908	-0.053435	0.725191	11.731185
-0.082520	-0.120850	0.889404	-3.099237	-0.091603	1.099237	11.741989
-0.081055	-0.128174	0.889404	-3.412214	0.335878	1.000000	11.752039
-0.090576	-0.124268	0.888184	-3.259542	0.038168	1.297710	11.762165
-0.085938	-0.109863	0.905518	-3.038168	0.251908	0.786260	11.772190
-0.088379	-0.124023	0.907471	-2.267176	0.076336	0.725191	11.782141
-0.083984	-0.123291	0.895752	-1.374046	-0.045802	0.717557	11.792305
-0.088379	-0.122803	0.899658	-1.236641	0.045802	0.488550	11.802295
-0.086426	-0.113770	0.895020	-1.854962	-0.244275	0.641221	11.812452
-0.077148	-0.121582	0.885498	-2.877863	-0.427481	0.587786	11.822454
-0.068848	-0.122070	0.892334	-3.389313	0.396947	0.145038	11.832474
-0.078857	-0.119385	0.896729	-3.572519	0.885496	0.175573	11.842839
-0.081787	-0.124023	0.892578	-3.618321	1.106870	0.496183	11.853042
-0.083740	-0.122314	0.896484	-3.282443	1.427481	0.916031	11.863000
-0.087158	-0.118896	0.897949	-2.549618	1.618321	1.167939	11.873300
-0.088623	-0.119629	0.895752	-1.916031	1.984733	1.816794	11.883173
-0.081055	-0.109863	0.906982	-2.045802	1.801527	2.145038	11.893329
-0.085938	-0.119385	0.907471	-1.977099	1.931298	2.251908	11.903465
-0.092773	-0.116699	0.918457	-2.335878	1.717557	1.679389	11.913476
-0.096924	-0.119873	0.913818	-2.900763	1.648855	1.236641	11.923593
-0.105225	-0.122070	0.915283	-2.732824	0.687023	0.603053	11.933904
-0.104004	-0.120605	0.916016	-2.335878	-0.122137	0.763359	11.944438
-0.092529	-0.114990	0.906250	-1.045802	-0.801527	1.167939	11.954315
-0.091309	-0.109619	0.892578	-0.778626	-1.251908	1.679389	11.963887
-0.087402	-0.107666	0.900635	-0.786260	-1.198473	1.786260	11.973653
-0.085449	-0.112549	0.892090	-0.763359	-0.839695	2.435115	11.983933
-0.090088	-0.111328	0.887939	-1.877863	-0.610687	2.961832	11.994184
-0.091797	-0.122314	0.886963	-2.656489	-0.473282	2.793893	12.004199
-0.075195	-0.112061	0.885254	-4.022901	-0.076336	2.984733	12.014091
-0.085205	-0.121582	0.889893	-5.267176	0.473282	2.267176	12.024298
-0.088379	-0.124023	0.882080	-5.595420	0.587786	2.259542	12.034474
-0.087158	-0.131592	0.891357	-5.389313	0.755725	2.129771	12.044680
-0.090332	-0.126709	0.888672	-4.717557	0.580153	2.068702	12.054575
-0.091309	-0.131104	0.901855	-3.641221	0.427481	2.030534	12.064708
-0.085693	-0.132812	0.898926	-3.061069	0.145038	1.938931	12.074818
-0.091797	-0.128418	0.898926	-2.572519	0.664122	0.816794	12.084863
-0.078369	-0.130127	0.903564	-2.267176	0.366412	2.580153	12.095384
-0.084473	-0.134766	0.893066	-2.267176	0.625954	2.282443	12.105085
-0.086182	-0.128662	0.894287	-2.717557	0.366412	1.748092	12.115257
-0.089600	-0.123047	0.897461	-2.816794	0.366412	1.290076	12.125250
-0.093018	-0.129883	0.895508	-2.931298	0.290076	0.984733	12.135483
-0.089600	-0.125244	0.897949	-2.496183	0.167939	0.900763	12.145701
-0.086182	-0.123535	0.903564	-2.450382	0.236641	1.091603	12.155894
-0.091553	-0.112549	0.902588	-3.137405	0.290076	0.786260	12.166058
-0.079834	-0.124023	0.884277	-3.526718	0.083969	1.099237	12.176164
-0.087891	-0.127686	0.893799	-3.145038	0.053435	1.450382	12.186463
-0.086426	-0.127686	0.901123	-2.770992	-0.038168	2.076336	12.196800
-0.090088	-0.125000	0.888428	-2.419847	0.198473	2.328244	12.206588
-0.091309	-0.119873	0.896484	-2.603053	0.053435	2.114504	12.216793
-0.080322	-0.120850	0.896973	-2.854962	0.129771	1.641221	12.226833
-0.090820	-0.123535	0.879883	-3.312977	0.412214	1.244275	12.237446
-0.083496	-0.127441	0.900146	-3.572519	0.503817	0.862595	12.247072
-0.085205	-0.134277	0.901855	-3.603053	0.664122	0.725191	12.256511
-0.087891	-0.128906	0.894775	-3.236641	0.045802	0.656489	12.266429
-0.090332	-0.130859	0.900879	-2.664122	-0.091603	0.503817	12.275919
-0.079590	-0.130371	0.886719	-1.809160	-0.435115	0.839695	12.285858
-0.080811	-0.131348	0.895020	-1.068702	-0.190840	1.274809	12.296492
-0.088867	-0.122070	0.901123	-0.824427	-0.015267	1.061069	12.306325
-0.085938	-0.123779	0.895508	-1.786260	0.083969	1.000000	12.316501
-0.090820	-0.122314	0.890381	-2.732824	0.083969	0.900763	12.326569
-0.087646	-0.128906	0.885498	-3.312977	0.083969	0.396947	12.337004
-0.086914	-0.127930	0.903809	-3.580153	0.236641	0.343511	12.347075
-0.090576	-0.129395	0.884766	-3.274809	0.534351	0.328244	12.358915
-0.084229	-0.128174	0.882568	-3.106870	0.381679	0.557252	12.369661
-0.077637	-0.138184	0.892578	-2.488550	0.793893	0.847328	12.379779
-0.080811	-0.128662	0.892822	-2.145038	1.251908	0.931298	12.390256
-0.079834	-0.130615	0.893555	-2.381679	1.480916	0.755725	12.400188
-0.093750	-0.133301	0.882080	-2.656489	1.328244	0.435115	12.410080
-0.081299	-0.131104	0.893066	-2.687023	1.351145	0.061069	12.420259
-0.086914	-0.135498	0.897461	-2.709924	1.183206	-0.091603	12.430055
-0.088135	-0.127441	0.900391	-2.229008	1.030534	-0.015267	12.440487
-0.083740	-0.125977	0.900635	-2.106870	1.068702	1.938931	12.450621
-0.080811	-0.126465	0.894531	-2.122137	1.404580	-0.236641	12.460570
-0.083008	-0.128418	0.894043	-2.259542	1.977099	-0.038168	12.470444
-0.083984	-0.133057	0.899658	-2.603053	1.946565	-0.076336	12.480440
-0.083984	-0.125244	0.892578	-0.015267	2.038168	0.244275	12.490935
-0.089600	-0.129150	0.894775	-1.839695	1.625954	0.198473	12.501332
-0.097412	-0.129395	0.884033	-1.167939	1.038168	-0.351145	12.511347
-0.089600	-0.133545	0.901855	-1.137405	1.122137	-0.595420	12.521509
-0.086670	-0.107178	0.894775	-2.274809	1.641221	-1.022901	12.531918
-0.076660	-0.114014	0.902832	-3.862595	1.801527	-1.022901	12.542133
-0.089111	-0.134521	0.906250	-3.625954	2.129771	-1.015267	12.552361
-0.085693	-0.135254	0.901367	-3.213740	2.198473	-0.916031	12.562286
-0.090576	-0.136719	0.899658	-2.259542	1.732824	-0.732824	12.571981
-0.096680	-0.136230	0.903076	-1.534351	1.106870	-0.549618	12.581948
-0.101318	-0.124512	0.891113	-0.908397	0.687023	-0.732824	12.592425
-0.084229	-0.126221	0.885498	-0.343511	0.152672	-0.549618	12.602604
-0.084229	-0.113525	0.890381	0.106870	0.557252	-0.351145	12.612645
-0.085449	-0.107178	0.892578	-0.404580	0.801527	-0.183206	12.622829
-0.081299	-0.116943	0.893311	-1.427481	1.671756	-0.496183	12.633283
-0.081055	-0.118652	0.897949	-2.725191	2.335878	-0.175573	12.643793
-0.085938	-0.123047	0.896973	-3.664122	2.557252	-0.297710	12.653778
-0.092773	-0.130127	0.887939	-3.656489	2.274809	-0.419847	12.664005
-0.090576	-0.133057	0.906250	-3.076336	1.969466	-0.610687	12.674120
-0.089600	-0.130615	0.909668	-2.396947	1.541985	-0.793893	12.683940
-0.082764	-0.117432	0.913818	-1.862595	1.519084	-1.450382	12.694370
-0.089355	-0.117676	0.906006	-1.061069	1.374046	-1.099237	12.704647
-0.092041	-0.110840	0.896240	-1.106870	1.053435	-0.519084	12.714663
-0.087402	-0.112793	0.904785	-1.877863	0.801527	-0.145038	12.724742
-0.089111	-0.114014	0.898682	-2.114504	0.488550	0.259542	12.734862
-0.092285	-0.120361	0.911133	-2.312977	0.221374	0.877863	12.745242
-0.083984	-0.131836	0.907959	-2.259542	-0.267176	0.916031	12.755064
-0.078857	-0.130371	0.901123	-1.824427	-0.541985	1.282443	12.765251
-0.087646	-0.129395	0.910889	-1.893130	-0.641221	0.572519	12.775713
-0.082031	-0.128906	0.902588	-2.152672	-0.374046	-0.076336	12.786007
-0.082520	-0.129395	0.904785	-2.839695	0.053435	-1.000000	12.796470
-0.079590	-0.130859	0.898926	-3.870229	0.824427	-1.061069	12.806736
-0.083740	-0.134766	0.901367	-4.541985	1.206107	-0.748092	12.816696
-0.088379	-0.130371	0.904785	-4.587786	1.358779	-0.442748	12.826982
-0.095459	-0.128906	0.887695	-4.229008	1.007634	-0.488550	12.837296
-0.099121	-0.126709	0.875732	-3.595420	1.000000	-0.503817	12.846968
-0.091309	-0.127441	0.887451	-3.030534	0.694656	-0.541985	12.856689
-0.090576	-0.121826	0.875244	-2.740458	0.809160	-0.412214	12.866593
-0.093018	-0.113525	0.897949	-3.038168	1.152672	-1.015267	12.876641
-0.091064	-0.115234	0.900391	-3.030534	1.236641	-0.916031	12.887701
-0.086426	-0.118652	0.910889	-2.679389	1.038168	-0.893130	12.897907
-0.083984	-0.133789	0.898682	-2.152672	0.717557	-0.366412	12.907985
-0.093506	-0.122803	0.899658	-1.290076	0.282443	0.297710	12.918167
-0.090088	-0.124512	0.899170	-0.992366	-0.198473	0.534351	12.928478
-0.089844	-0.110596	0.897705	-1.305344	0.007634	0.213740	12.938583
-0.082764	-0.120850	0.884521	-1.725191	0.343511	0.458015	12.948938
-0.088867	-0.116699	0.886475	-2.572519	0.396947	0.183206	12.958841
-0.086914	-0.114258	0.884277	-3.061069	0.801527	-0.190840	12.968979
-0.082520	-0.125244	0.896240	-3.068702	0.862595	0.145038	12.978954
-0.085693	-0.121094	0.890869	-2.709924	0.946565	0.580153	12.989259
-0.089355	-0.121582	0.896484	-2.221374	0.740458	1.282443	12.999356
-0.086670	-0.135498	0.891846	-2.099237	0.748092	1.236641	13.009213
-0.085449	-0.121826	0.885986	-1.854962	1.129771	1.167939	13.019361
-0.087402	-0.127197	0.889893	-1.801527	1.328244	1.015267	13.029408
-0.085449	-0.125977	0.887451	-1.931298	1.389313	0.564885	13.039398
-0.093262	-0.125732	0.887695	-2.442748	1.442748	0.236641	13.049738
-0.086182	-0.132812	0.887207	-2.541985	1.618321	-0.351145	13.059955
-0.085205	-0.132568	0.897949	-2.328244	1.511450	-0.587786	13.070124
-0.092285	-0.124268	0.889160	-2.068702	1.450382	-0.687023	13.080261
-0.086914	-0.126465	0.898193	-2.175573	1.396947	-0.442748	13.090713
-0.089600	-0.130615	0.890869	-1.793893	1.564885	-0.549618	13.100895
-0.089355	-0.127930	0.898438	-1.992366	1.633588	-0.198473	13.111312
-0.090332	-0.126953	0.900635	-2.152672	1.564885	-0.076336	13.121445
-0.082275	-0.117432	0.906006	-1.893130	1.480916	0.175573	13.131251
-0.090820	-0.123291	0.909912	-1.717557	1.419847	0.366412	13.141611
-0.090820	-0.111084	0.897461	-1.770992	1.229008	0.404580	13.151869
-0.097656	-0.131836	0.905029	-2.198473	0.931298	0.419847	13.162004
-0.090088	-0.128418	0.897217	-2.656489	1.282443	0.221374	13.172033
-0.092041	-0.128174	0.907959	-3.015267	1.374046	-0.007634	13.181906
-0.089844	-0.138672	0.906738	-3.404580	1.229008	-0.083969	13.192519
-0.086670	-0.142090	0.905273	-3.648855	1.412214	-0.076336	13.202765
-0.091553	-0.145996	0.907471	-3.938931	1.458015	-0.580153	13.213074
-0.091797	-0.144531	0.903320	-4.267176	1.374046	-0.740458	13.223397
-0.097900	-0.125488	0.916260	-4.900763	1.595420	-0.664122	13.233236
-0.094238	-0.140137	0.908691	-4.992366	1.969466	-1.137405	13.243704
-0.096924	-0.130371	0.904785	-4.931298	1.702290	-1.351145	13.253956
-0.107666	-0.131836	0.893555	-4.389313	1.885496	-2.229008	13.264192
-0.104736	-0.132568	0.899658	-3.641221	1.374046	-2.595420	13.274436
-0.099609	-0.130859	0.903564	-2.633588	1.396947	-2.725191	13.284497
-0.100830	-0.122803	0.876465	-2.015267	0.801527	-2.633588	13.294841
-0.097168	-0.112793	0.894043	-1.503817	0.580153	-2.595420	13.305286
-0.088135	-0.109131	0.891357	-1.465649	1.030534	-2.351145	13.315333
-0.096680	-0.117676	0.887451	-1.870229	1.503817	-1.564885	13.325402
-0.105469	-0.101807	0.878662	-2.152672	1.114504	-0.702290	13.335667
-0.094971	-0.108154	0.876465	-2.587786	0.435115	-0.145038	13.345770
-0.088867	-0.111816	0.867188	-2.175573	-0.206107	-0.282443	13.356058
-0.082764	-0.119873	0.871582	-1.343511	-0.167939	0.213740	13.366048
-0.089600	-0.118652	0.876953	-0.717557	0.244275	0.183206	13.376224
-0.080811	-0.112305	0.872314	-1.099237	1.076336	0.618321	13.386650
