-0.159912	-0.069336	0.894775	-1.389313	0.908397	1.419847	0.007818
-0.164307	-0.071533	0.895508	-2.312977	0.366412	1.847328	0.015485
-0.169678	-0.071777	0.895996	-2.847328	0.473282	1.961832	0.023006
-0.170654	-0.075684	0.876465	-3.534351	0.213740	2.190840	0.030587
-0.165527	-0.080811	0.884766	-3.541985	0.717557	2.221374	0.038510
-0.167725	-0.086182	0.885498	-2.603053	0.862595	2.511450	0.046367
-0.160400	-0.083008	0.891602	-2.030534	1.068702	2.603053	0.054282
-0.166748	-0.089111	0.892090	-1.442748	0.832061	2.572519	0.062134
-0.163574	-0.085205	0.892090	-1.190840	0.786260	2.374046	0.069923
-0.171387	-0.086670	0.893799	-0.625954	0.648855	2.045802	0.077632
-0.168457	-0.078125	0.899658	-0.770992	0.893130	1.755725	0.085464
-0.163574	-0.076904	0.902588	-1.625954	0.946565	1.664122	0.093367
-0.160156	-0.063232	0.894775	-2.854962	1.244275	1.358779	0.101252
-0.157227	-0.087646	0.900146	-2.854962	1.984733	1.526718	0.109074
-0.157227	-0.084961	0.904541	-2.007634	1.908397	1.549618	0.116949
-0.157715	-0.088135	0.890869	-1.458015	1.748092	2.015267	0.124820
-0.164795	-0.090088	0.905273	-0.839695	1.305344	1.984733	0.133175
-0.166260	-0.086670	0.891357	-0.297710	1.328244	2.114504	0.141754
-0.158447	-0.084717	0.907959	-0.129771	0.816794	1.763359	0.150007
-0.160156	-0.076172	0.896729	-0.954198	0.717557	1.412214	0.158481
-0.161621	-0.092529	0.900146	-2.114504	0.801527	1.427481	0.166992
-0.160889	-0.076416	0.907715	-2.763359	0.916031	0.931298	0.175333
-0.167480	-0.081055	0.902588	-3.022901	1.175573	0.969466	0.184002
-0.157227	-0.081299	0.895508	-3.145038	1.114504	0.526718	0.192490
-0.173828	-0.080566	0.897461	-3.969466	1.129771	1.198473	0.200616
-0.163818	-0.077637	0.900635	-4.358779	1.351145	1.328244	0.209189
-0.165039	-0.088867	0.908203	-4.236641	1.320611	0.961832	0.217639
-0.167480	-0.081787	0.903076	-2.977099	1.396947	1.137405	0.225960
-0.163086	-0.092285	0.899658	-2.022901	1.022901	1.389313	0.234575
-0.164307	-0.083008	0.898193	-1.068702	0.770992	1.519084	0.243086
-0.159668	-0.088623	0.901855	-0.595420	0.022901	1.595420	0.251584
-0.163086	-0.085449	0.901855	-0.152672	0.152672	1.557252	0.259776
-0.161377	-0.080566	0.896484	0.404580	-0.244275	1.427481	0.267871
-0.161621	-0.073486	0.878418	0.702290	0.106870	1.328244	0.276126
-0.167969	-0.071289	0.894287	0.473282	-0.267176	1.221374	0.285025
-0.168457	-0.067627	0.887695	-0.564885	-0.137405	1.160305	0.293501
-0.157715	-0.063965	0.892334	-1.770992	0.015267	1.244275	0.301501
-0.159180	-0.069336	0.893799	-2.938931	0.587786	1.404580	0.309993
-0.156494	-0.067871	0.890625	-3.816794	0.977099	1.427481	0.318218
-0.165527	-0.083008	0.894531	-4.030534	1.320611	1.595420	0.326342
-0.157715	-0.081299	0.895020	-3.839695	1.488550	1.488550	0.334865
-0.166748	-0.088135	0.896973	-3.328244	1.625954	1.458015	0.343362
-0.158447	-0.091553	0.899902	-2.419847	1.610687	1.145038	0.351776
-0.159668	-0.093018	0.899414	-1.427481	1.358779	0.786260	0.360299
-0.167969	-0.085693	0.897705	-0.198473	1.290076	0.671756	0.368821
-0.166992	-0.076904	0.890381	0.198473	0.854962	0.519084	0.377047
-0.168213	-0.071045	0.897217	0.320611	1.526718	0.000000	0.385982
-0.163330	-0.070068	0.885498	0.305344	0.938931	-0.534351	0.394483
-0.168701	-0.072021	0.888916	-0.557252	1.389313	-0.732824	0.402852
-0.167969	-0.070068	0.898193	-0.656489	1.519084	-0.503817	0.411377
-0.186768	-0.069336	0.899658	-0.335878	1.351145	-0.519084	0.419903
-0.163818	-0.072021	0.891846	-0.297710	1.083969	-0.175573	0.428313
-0.167725	-0.065430	0.894531	-0.465649	1.381679	-0.007634	0.436897
-0.166992	-0.064697	0.905273	-0.763359	1.274809	0.274809	0.445479
-0.170166	-0.074707	0.887207	-0.801527	0.786260	0.427481	0.453569
-0.167969	-0.072754	0.898438	-0.618321	1.259542	0.816794	0.462053
-0.170654	-0.071045	0.898926	-0.893130	0.816794	1.061069	0.469998
-0.163086	-0.070557	0.892578	-0.946565	1.442748	0.961832	0.478291
-0.164551	-0.063965	0.881836	-0.885496	1.549618	0.755725	0.486403
-0.164795	-0.073486	0.893799	-1.160305	1.259542	0.824427	0.495083
-0.163574	-0.072021	0.890137	-1.557252	1.458015	0.732824	0.503452
-0.155273	-0.074707	0.901611	-2.053435	1.381679	0.832061	0.512471
-0.154785	-0.071533	0.894531	-2.656489	1.534351	0.610687	0.521410
-0.163330	-0.080566	0.918945	-2.900763	1.267176	0.198473	0.529917
-0.155762	-0.076172	0.910645	-2.137405	1.213740	0.213740	0.538289
-0.162842	-0.079590	0.913330	-1.206107	1.274809	0.305344	0.546828
-0.160645	-0.076172	0.906250	-0.068702	1.396947	0.015267	0.555342
-0.163818	-0.076172	0.901611	0.000000	1.488550	0.068702	0.563734
-0.163086	-0.075195	0.898438	0.068702	1.847328	-0.190840	0.572127
-0.162354	-0.068115	0.913086	0.358779	1.877863	-0.541985	0.580619
-0.165771	-0.050049	0.909668	-0.198473	1.862595	-0.610687	0.589148
-0.172119	-0.057617	0.916748	-0.557252	1.549618	-0.450382	0.597473
-0.182373	-0.056641	0.918701	-1.091603	1.290076	-0.381679	0.605984
-0.171387	-0.065186	0.919678	-1.282443	0.862595	-0.213740	0.614475
-0.172607	-0.065430	0.907471	-1.328244	0.587786	0.022901	0.622925
-0.164795	-0.068848	0.908936	-1.496183	0.129771	0.198473	0.631309
-0.168457	-0.062012	0.918945	-1.526718	0.091603	0.480916	0.639597
-0.167480	-0.063232	0.916748	-1.954198	-0.038168	0.778626	0.648093
-0.166260	-0.062988	0.900391	-2.175573	-0.290076	1.015267	0.656522
-0.164062	-0.063477	0.897705	-2.671756	-0.549618	1.396947	0.665012
-0.169678	-0.048340	0.896484	-3.106870	-0.625954	1.305344	0.673479
-0.164062	-0.057617	0.903320	-3.778626	-0.465649	1.274809	0.682006
-0.163574	-0.052979	0.915771	-5.297710	-0.374046	1.396947	0.690540
-0.165039	-0.062012	0.913086	-6.381679	-0.374046	1.198473	0.698990
-0.163330	-0.060791	0.909668	-7.320611	-0.343511	0.877863	0.707482
-0.162842	-0.076172	0.912109	-7.717557	0.114504	0.763359	0.715773
-0.165283	-0.103027	0.899658	-6.893130	0.129771	0.442748	0.724318
-0.165039	-0.091797	0.885498	-6.564885	0.358779	-0.320611	0.732859
-0.165527	-0.086914	0.884033	-5.435115	0.312977	-0.427481	0.741276
-0.169678	-0.082031	0.902588	-4.671756	-0.022901	-0.183206	0.749658
-0.171387	-0.074219	0.891113	-3.709924	0.137405	-0.335878	0.758134
-0.167236	-0.064209	0.894775	-4.045802	-0.106870	-0.404580	0.766503
-0.163330	-0.067139	0.898926	-3.748092	0.045802	-0.847328	0.774701
-0.161377	-0.064941	0.911621	-3.763359	0.404580	-0.908397	0.783302
-0.156982	-0.063721	0.904785	-3.183206	0.366412	-0.870229	0.791377
-0.151855	-0.073486	0.897705	-2.122137	0.343511	-0.618321	0.800168
-0.154785	-0.068848	0.891113	-1.946565	-0.038168	-0.274809	0.808490
-0.152100	-0.068604	0.904297	-2.030534	0.282443	-0.114504	0.817034
-0.162109	-0.066162	0.897949	-2.122137	-0.343511	-0.244275	0.824934
-0.163574	-0.063232	0.899170	-1.534351	-0.259542	-0.076336	0.832886
-0.156738	-0.056152	0.897461	-1.511450	-0.305344	0.267176	0.840702
-0.161621	-0.061035	0.903564	-1.541985	-0.167939	0.396947	0.848593
-0.166260	-0.055420	0.884033	-2.015267	0.641221	0.480916	0.857052
-0.166748	-0.054199	0.904297	-1.931298	0.106870	0.946565	0.868757
-0.167236	-0.057617	0.895264	-3.053435	-0.038168	1.076336	0.879811
-0.164062	-0.075684	0.895996	-4.000000	0.206107	1.381679	0.889913
-0.163086	-0.067871	0.896484	-3.923664	-0.061069	1.480916	0.900605
-0.166992	-0.055908	0.900146	-3.603053	-0.305344	2.091603	0.910838
-0.163818	-0.069092	0.894043	-3.061069	-0.259542	2.618321	0.920986
-0.165283	-0.065430	0.891113	-2.351145	-0.022901	2.633588	0.931472
-0.158691	-0.063232	0.903809	-2.946565	0.015267	3.122137	0.941644
-0.162598	-0.078613	0.903320	-3.404580	0.190840	3.206107	0.951895
-0.165771	-0.093506	0.888184	-2.923664	0.419847	2.778626	0.962181
-0.170410	-0.096436	0.879639	-2.312977	0.251908	2.450382	0.972622
-0.159424	-0.092285	0.901855	-2.763359	0.152672	1.625954	0.983042
-0.173828	-0.088867	0.898193	-2.687023	0.236641	0.908397	0.993052
-0.159180	-0.087891	0.908936	-3.450382	0.175573	0.763359	1.003410
-0.163086	-0.092773	0.908447	-3.427481	-0.038168	0.763359	1.013905
-0.165283	-0.097900	0.920654	-3.312977	-0.106870	0.763359	1.024493
-0.157715	-0.101807	0.899658	-2.198473	-0.320611	0.862595	1.034815
-0.161865	-0.097412	0.892090	-0.351145	-0.389313	1.038168	1.045328
-0.165283	-0.090576	0.899658	0.068702	0.221374	0.977099	1.055675
-0.167480	-0.093750	0.887451	-1.007634	0.381679	0.473282	1.066333
-0.173096	-0.078369	0.886475	-2.557252	0.488550	-0.229008	1.077239
-0.171875	-0.079834	0.884521	-4.259542	0.534351	-0.931298	1.088449
-0.161377	-0.084229	0.885986	-5.671756	0.786260	-1.320611	1.098483
-0.163574	-0.084473	0.897461	-5.435115	1.129771	-1.900763	1.108475
-0.164795	-0.093018	0.902832	-3.763359	0.977099	-1.740458	1.118666
-0.163818	-0.091553	0.898438	-2.045802	0.900763	-1.526718	1.128315
-0.172119	-0.089111	0.884277	-0.419847	1.412214	-1.679389	1.139380
-0.173584	-0.086670	0.864502	1.656489	1.427481	-1.839695	1.149643
-0.165527	-0.072021	0.873047	2.274809	2.221374	-2.709924	1.160276
-0.163330	-0.066650	0.887451	0.664122	1.908397	-3.511450	1.170341
-0.160645	-0.056152	0.889404	-1.671756	2.160305	-4.236641	1.181034
-0.163330	-0.059814	0.891602	-3.633588	2.183206	-4.099237	1.191420
-0.169678	-0.062256	0.894287	-4.213740	2.145038	-3.862595	1.201684
-0.167725	-0.074463	0.896484	-3.229008	1.732824	-3.366412	1.212066
-0.164795	-0.076172	0.888672	-2.290076	1.419847	-2.458015	1.222416
-0.165283	-0.072998	0.900146	-1.610687	1.938931	-1.870229	1.232954
-0.160400	-0.074707	0.899902	-1.175573	1.839695	-0.007634	1.243409
-0.171143	-0.058350	0.907471	-1.862595	1.458015	-1.702290	1.253566
-0.165283	-0.062256	0.922363	-3.580153	0.396947	-0.839695	1.263954
-0.171387	-0.069580	0.909180	-4.465649	-0.641221	-0.030534	1.274436
-0.174072	-0.068115	0.904053	-5.236641	-1.007634	0.648855	1.284826
-0.178711	-0.079590	0.896973	-5.916031	-2.404580	1.610687	1.295195
-0.177490	-0.074951	0.895752	-6.618321	-2.412214	2.709924	1.305474
-0.167480	-0.074463	0.901855	-7.763359	-2.129771	3.045802	1.315777
-0.159912	-0.070801	0.913574	-8.786260	-1.694656	3.183206	1.326025
-0.150391	-0.066162	0.896240	-10.083969	-1.381679	3.175573	1.336511
-0.145020	-0.063965	0.895264	-11.374046	-0.694656	3.061069	1.346949
-0.157227	-0.071045	0.914551	-12.106870	0.000000	2.557252	1.357118
-0.157471	-0.083496	0.906250	-11.702290	0.099237	1.793893	1.367584
-0.163818	-0.083008	0.897461	-9.366412	0.282443	1.404580	1.377794
-0.177246	-0.097900	0.876465	-5.022901	-0.465649	0.969466	1.388247
-0.161377	-0.091309	0.866699	-0.572519	-1.053435	0.412214	1.398530
-0.157959	-0.075195	0.873047	2.396947	-0.816794	-0.137405	1.408604
-0.154785	-0.076172	0.888428	3.725191	0.083969	-1.198473	1.419083
-0.138672	-0.054199	0.885010	1.961832	0.832061	-1.282443	1.429060
-0.134521	-0.049561	0.892334	4.015267	1.541985	-0.885496	1.439213
-0.135498	-0.069336	0.899902	4.587786	1.778626	-0.137405	1.449664
-0.147705	-0.062744	0.897217	6.076336	1.809160	-0.267176	1.459824
-0.154053	-0.065186	0.883545	6.282443	0.664122	-0.061069	1.470418
-0.160645	-0.056885	0.871338	7.061069	-0.030534	-0.770992	1.480691
-0.161621	-0.039551	0.889160	6.160305	0.000000	-0.007634	1.491009
-0.158936	-0.047363	0.888916	5.091603	0.893130	-2.358779	1.501134
-0.150146	-0.045410	0.901611	4.656489	1.297710	-2.129771	1.511596
-0.152344	-0.041748	0.897949	2.763359	2.564885	-1.145038	1.522065
-0.155518	-0.051025	0.919189	1.305344	3.045802	-0.633588	1.532515
-0.154541	-0.063232	0.916748	0.442748	3.183206	0.114504	1.542768
-0.158203	-0.063965	0.921143	1.847328	2.687023	0.435115	1.552780
-0.146240	-0.076904	0.908691	2.946565	2.160305	1.526718	1.562903
-0.155762	-0.060303	0.910400	3.000000	1.885496	1.328244	1.573313
-0.149902	-0.053711	0.886719	1.404580	1.587786	1.206107	1.584070
-0.152344	-0.051025	0.900146	-2.083969	1.946565	0.511450	1.594267
-0.146240	-0.052979	0.916016	-6.488550	2.351145	0.496183	1.604617
-0.145508	-0.069336	0.933105	-9.244275	2.618321	0.480916	1.614963
-0.154541	-0.073975	0.923584	-9.732824	3.160305	0.648855	1.625122
-0.162109	-0.096191	0.943604	-8.977099	2.526718	0.778626	1.635225
-0.170654	-0.082275	0.921875	-5.763359	2.000000	0.916031	1.645675
-0.175293	-0.079346	0.907471	-3.137405	1.488550	0.946565	1.655910
-0.166992	-0.074951	0.905518	-1.900763	0.778626	1.076336	1.665988
-0.163574	-0.068848	0.905029	-2.366412	0.877863	1.145038	1.676487
-0.171875	-0.062500	0.892334	-3.694656	1.351145	0.854962	1.687545
-0.181152	-0.059326	0.880859	-6.366412	1.297710	1.351145	1.698415
-0.177002	-0.070557	0.872314	-8.305344	1.374046	1.671756	1.708518
-0.177979	-0.073242	0.874023	-8.816794	1.015267	1.557252	1.719279
-0.166260	-0.061523	0.885010	-8.022901	1.114504	2.603053	1.733562
-0.159912	-0.072510	0.893066	-8.259542	1.106870	3.114504	1.743043
-0.149658	-0.096680	0.902344	-7.320611	0.687023	3.114504	1.752710
-0.157715	-0.099609	0.890381	-5.259542	0.671756	3.206107	1.762406
-0.161865	-0.080566	0.879639	-2.106870	-0.236641	3.694656	1.773427
-0.163574	-0.098877	0.867188	-0.709924	0.213740	3.526718	1.783966
-0.161865	-0.083740	0.878662	0.389313	0.694656	2.580153	1.794184
-0.158203	-0.077881	0.890137	0.503817	0.763359	2.076336	1.804758
-0.158203	-0.068115	0.874756	-0.427481	1.183206	1.816794	1.815068
-0.154785	-0.076904	0.884277	-2.488550	2.083969	1.351145	1.825517
-0.159424	-0.090576	0.900146	-3.374046	2.015267	0.557252	1.835884
-0.156982	-0.091309	0.905518	-3.473282	2.106870	0.404580	1.846213
-0.163574	-0.087891	0.896484	-2.297710	2.221374	0.083969	1.856790
-0.169678	-0.088135	0.904785	-0.648855	2.381679	-0.175573	1.867194
-0.170654	-0.093018	0.916748	1.557252	2.045802	-0.374046	1.877712
-0.172363	-0.085693	0.921143	2.358779	1.335878	-0.549618	1.888360
-0.175537	-0.079834	0.914795	2.038168	1.152672	-0.809160	1.898840
-0.182129	-0.067139	0.901367	0.938931	1.091603	-1.091603	1.909379
-0.169434	-0.074463	0.901123	0.061069	0.900763	-1.244275	1.919353
-0.168457	-0.063965	0.895020	-0.671756	1.167939	-1.206107	1.929742
-0.170410	-0.061768	0.899414	-1.648855	1.076336	-0.618321	1.939877
-0.180176	-0.055176	0.892090	-2.412214	1.244275	-0.351145	1.950419
-0.179688	-0.077393	0.890381	-2.656489	0.549618	-0.045802	1.960713
-0.186279	-0.060303	0.902832	-2.969466	1.106870	0.396947	1.971061
-0.185303	-0.066650	0.891602	-2.595420	0.557252	0.633588	1.981785
-0.185791	-0.069824	0.900146	-1.244275	0.534351	0.832061	1.992097
-0.180420	-0.067871	0.901123	-0.229008	0.656489	0.923664	2.002359
-0.188477	-0.064453	0.900635	-0.290076	0.946565	0.946565	2.012672
-0.193359	-0.066895	0.905029	-0.076336	0.290076	0.824427	2.023120
-0.183594	-0.061523	0.889160	-0.099237	0.099237	1.167939	2.033694
-0.185547	-0.063477	0.894043	-0.610687	-0.244275	1.366412	2.043846
-0.177979	-0.072754	0.899414	-1.595420	-0.343511	1.465649	2.054219
-0.171143	-0.070557	0.891602	-2.923664	-0.335878	1.435115	2.064678
-0.170898	-0.070312	0.893311	-3.671756	-0.007634	0.793893	2.075034
-0.175293	-0.053955	0.899170	-5.610687	0.519084	-0.122137	2.085666
-0.169678	-0.064209	0.894287	-6.702290	0.916031	-1.114504	2.095987
-0.174316	-0.076904	0.895020	-6.129771	0.938931	-1.618321	2.106551
-0.177979	-0.068359	0.899902	-4.557252	1.183206	-1.992366	2.116574
-0.176025	-0.073975	0.896729	-2.229008	1.320611	-1.740458	2.126479
-0.174805	-0.058105	0.891602	0.992366	1.702290	-1.473282	2.137268
-0.171143	-0.060791	0.891846	3.427481	1.343511	-1.297710	2.147661
-0.164062	-0.054443	0.887939	4.030534	1.374046	-1.190840	2.157829
-0.153320	-0.054688	0.895264	3.900763	0.938931	-1.435115	2.167986
-0.158447	-0.043945	0.902832	1.862595	1.129771	-1.625954	2.178238
-0.158203	-0.043945	0.901367	-0.648855	1.198473	-1.641221	2.188959
-0.161621	-0.049316	0.917480	-2.183206	1.290076	-1.572519	2.199285
-0.176514	-0.056152	0.918213	-1.793893	0.923664	-1.374046	2.209485
-0.168457	-0.069336	0.915039	-0.541985	0.015267	-0.480916	2.219374
-0.156494	-0.062744	0.916016	0.145038	-0.603053	0.496183	2.230346
-0.162354	-0.064453	0.895752	0.213740	-0.587786	1.061069	2.240841
-0.151123	-0.059570	0.893799	0.519084	-0.916031	1.534351	2.251139
-0.155762	-0.041016	0.872803	-0.297710	-0.778626	1.473282	2.261310
-0.164551	-0.033447	0.888672	-4.091603	-0.839695	1.648855	2.271416
-0.179199	-0.071777	0.884277	-6.030534	-0.427481	1.328244	2.282092
-0.188232	-0.075439	0.885010	-6.946565	-0.465649	1.343511	2.292470
-0.200684	-0.076416	0.906006	-7.427481	-0.687023	2.091603	2.302901
-0.189453	-0.079346	0.902344	-7.152672	-1.167939	3.175573	2.313233
-0.170166	-0.091797	0.912354	-6.801527	-1.458015	4.213740	2.323237
-0.161621	-0.103516	0.901367	-6.320611	-2.099237	4.923664	2.334445
-0.156738	-0.088379	0.895752	-5.076336	-2.381679	4.908397	2.344583
-0.138916	-0.083252	0.882568	-4.687023	-2.068702	4.229008	2.355020
-0.143066	-0.096924	0.886719	-5.145038	-1.290076	3.297710	2.365628
-0.153809	-0.090820	0.885254	-6.091603	-0.793893	1.633588	2.376611
-0.165527	-0.098877	0.894287	-7.503817	0.320611	1.122137	2.387029
-0.164307	-0.104248	0.894043	-7.198473	0.641221	0.694656	2.396604
-0.158203	-0.094727	0.905518	-5.053435	0.404580	0.847328	2.406647
-0.147217	-0.080078	0.912109	-4.473282	0.633588	-0.045802	2.416542
-0.146240	-0.064453	0.891602	-3.770992	0.595420	-1.007634	2.426679
-0.138672	-0.052734	0.906494	-4.152672	0.885496	-1.816794	2.437379
-0.147217	-0.065186	0.888428	-3.053435	0.954198	-2.755725	2.447628
-0.165771	-0.061035	0.882324	-1.908397	0.931298	-3.152672	2.457719
-0.172607	-0.070068	0.893555	-0.198473	1.396947	-2.412214	2.467852
-0.179199	-0.081299	0.889404	3.847328	0.816794	-1.893130	2.478484
-0.168945	-0.061768	0.902344	6.488550	0.061069	-0.145038	2.488892
-0.175049	-0.064453	0.904297	8.374046	-0.519084	0.908397	2.499191
-0.164795	-0.037842	0.905029	7.351145	-1.427481	2.473282	2.509485
-0.152588	-0.048096	0.895996	3.442748	-1.000000	2.564885	2.519853
-0.144287	-0.035645	0.892578	-1.038168	-0.862595	2.641221	2.530471
-0.154297	-0.041748	0.892578	-5.236641	-0.473282	2.473282	2.540908
-0.159424	-0.066162	0.892578	-6.709924	-0.732824	2.145038	2.551244
-0.160156	-0.080322	0.897461	-6.366412	-0.061069	2.328244	2.561702
-0.158203	-0.086182	0.895752	-5.022901	-1.000000	2.450382	2.572121
-0.157471	-0.093018	0.911621	-2.603053	-0.725191	1.877863	2.582909
-0.157471	-0.085938	0.899170	-0.641221	-0.748092	1.129771	2.593289
-0.149170	-0.075684	0.891357	0.595420	-0.839695	1.290076	2.603662
-0.150879	-0.067383	0.885742	1.572519	-0.206107	0.519084	2.614214
-0.144775	-0.050781	0.891846	0.396947	0.725191	-0.267176	2.624612
-0.154541	-0.045410	0.895264	-2.641221	1.358779	-1.068702	2.635116
-0.162109	-0.050293	0.897705	-5.465649	2.038168	-1.267176	2.645579
-0.165283	-0.056396	0.912354	-6.419847	1.954198	-1.534351	2.655528
-0.157227	-0.063965	0.899414	-6.404580	1.534351	-0.870229	2.665925
-0.145508	-0.072510	0.881836	-5.908397	1.618321	-0.427481	2.676590
-0.146240	-0.065674	0.882080	-4.076336	1.603053	0.068702	2.687215
-0.145264	-0.056885	0.881836	-3.442748	2.076336	0.335878	2.697580
-0.153564	-0.047119	0.888428	-4.656489	2.931298	0.068702	2.707984
-0.157471	-0.041504	0.907227	-8.053435	3.557252	-0.022901	2.718400
-0.167236	-0.053223	0.919189	-10.969466	3.213740	-0.091603	2.728688
-0.166748	-0.055908	0.926270	-13.198473	2.648855	0.129771	2.738964
-0.164551	-0.074951	0.903564	-13.320611	1.862595	0.740458	2.749297
-0.164551	-0.077881	0.906982	-12.786260	1.694656	1.458015	2.759652
-0.163086	-0.085693	0.917236	-11.717557	1.824427	1.648855	2.769926
-0.162354	-0.088135	0.906494	-11.633588	1.610687	1.809160	2.780521
-0.169678	-0.092285	0.903809	-11.984733	1.648855	2.396947	2.790801
-0.158203	-0.102051	0.903809	-12.526718	0.938931	1.786260	2.801220
-0.158447	-0.105713	0.906982	-12.305344	1.175573	0.625954	2.811388
-0.159424	-0.101562	0.913574	-11.297710	0.938931	-0.442748	2.822004
-0.156250	-0.100098	0.925537	-10.931298	1.099237	-1.778626	2.832449
-0.149658	-0.107910	0.914795	-8.496183	0.389313	-3.175573	2.842304
-0.149170	-0.114502	0.918701	-5.221374	-0.106870	-3.610687	2.852799
-0.172363	-0.114258	0.895508	0.328244	-1.526718	-3.954198	2.863089
-0.178467	-0.097168	0.876221	5.793893	-1.992366	-3.961832	2.873411
-0.187744	-0.077637	0.875244	9.870229	-1.656489	-3.679389	2.883964
-0.187256	-0.048340	0.866455	8.396947	-0.274809	-3.221374	2.894280
-0.179199	-0.037109	0.869873	4.977099	1.145038	-2.946565	2.904661
-0.169189	-0.033203	0.882812	1.351145	2.488550	-2.984733	2.914758
-0.162354	-0.055176	0.910156	-2.022901	2.580153	-2.236641	2.925068
-0.158936	-0.067627	0.908203	-3.862595	2.412214	-1.534351	2.935840
-0.161621	-0.082031	0.902588	-3.732824	1.496183	-1.267176	2.946186
-0.162598	-0.085693	0.890625	-3.137405	1.122137	-1.343511	2.956563
-0.164307	-0.077881	0.888184	-2.572519	0.839695	-1.000000	2.967134
-0.173096	-0.065430	0.901123	-2.748092	-0.022901	-0.343511	2.978026
-0.172852	-0.075439	0.893066	-3.152672	-0.274809	0.549618	2.988210
-0.186035	-0.070068	0.889893	-4.351145	-0.610687	1.251908	2.998929
-0.181396	-0.063721	0.884277	-6.175573	-0.404580	1.809160	3.009749
-0.178223	-0.078369	0.897949	-6.374046	-0.320611	2.419847	3.020388
-0.173096	-0.096680	0.899414	-6.122137	-0.564885	2.977099	3.029979
-0.174805	-0.104004	0.893799	-5.076336	-0.396947	3.603053	3.039599
-0.165283	-0.120850	0.888428	-4.641221	-1.259542	3.931298	3.048928
-0.164551	-0.114258	0.870117	-1.664122	-1.396947	4.099237	3.058623
-0.164062	-0.116699	0.863281	0.984733	-1.877863	4.068702	3.070453
-0.166992	-0.094482	0.870850	2.206107	-1.664122	3.290076	3.080774
-0.152344	-0.088379	0.876465	0.374046	-0.374046	2.671756	3.090969
-0.153320	-0.069580	0.875244	-3.053435	1.000000	1.618321	3.101330
-0.156738	-0.083252	0.898193	-6.870229	1.839695	1.519084	3.111903
-0.164062	-0.094238	0.892578	-9.725191	2.534351	1.519084	3.122479
-0.157715	-0.110596	0.895996	-10.923664	2.656489	1.633588	3.133079
-0.156738	-0.123291	0.896729	-9.786260	2.557252	1.442748	3.143409
-0.155518	-0.121582	0.911865	-7.847328	2.793893	1.282443	3.153797
-0.162598	-0.111816	0.906494	-7.206107	2.709924	0.587786	3.164228
-0.163818	-0.106934	0.905762	-7.709924	2.160305	-0.312977	3.174284
-0.167725	-0.114990	0.907471	-6.412214	2.175573	-1.030534	3.184833
-0.167236	-0.109863	0.927246	-4.923664	1.725191	-1.167939	3.195391
-0.174072	-0.099365	0.912842	-4.580153	1.305344	-0.809160	3.205824
-0.169189	-0.078857	0.909668	-5.053435	0.114504	0.389313	3.216023
-0.180908	-0.097656	0.916992	-1.908397	-1.106870	1.167939	3.226257
-0.175293	-0.072510	0.922119	-1.068702	-2.213740	1.992366	3.236827
-0.170410	-0.088623	0.912842	-0.740458	-2.946565	2.977099	3.246938
-0.163574	-0.090088	0.904785	1.076336	-3.366412	3.541985	3.257171
-0.170410	-0.073975	0.905029	1.465649	-3.603053	4.396947	3.267319
-0.167725	-0.073242	0.911377	0.091603	-3.969466	4.916031	3.277679
-0.167969	-0.063721	0.909424	-1.167939	-3.763359	4.725191	3.288209
-0.162354	-0.051758	0.914307	-3.671756	-3.564885	4.442748	3.298535
-0.160156	-0.057129	0.921631	-7.129771	-2.854962	4.511450	3.308917
-0.148926	-0.059326	0.915039	-10.488550	-2.641221	4.458015	3.319461
-0.142822	-0.078369	0.913086	-12.580153	-2.167939	5.007634	3.329892
-0.148438	-0.100586	0.911865	-12.625954	-1.450382	5.274809	3.340388
-0.139893	-0.096924	0.910645	-11.801527	-0.977099	4.931298	3.351006
-0.141113	-0.098877	0.903564	-11.007634	-0.893130	4.549618	3.361435
-0.143799	-0.120117	0.889160	-10.389313	-0.954198	3.541985	3.371601
-0.144775	-0.116943	0.898682	-9.984733	-0.053435	1.648855	3.382392
-0.156738	-0.121582	0.900146	-6.946565	-0.061069	0.091603	3.392153
-0.149658	-0.103271	0.891846	-4.450382	0.442748	-0.259542	3.402613
-0.152588	-0.097168	0.893555	-3.519084	0.656489	-0.465649	3.412838
-0.157715	-0.095215	0.900146	-3.793893	1.435115	-1.335878	3.423421
-0.162354	-0.087891	0.895508	-4.038168	1.694656	-1.664122	3.434000
-0.161377	-0.090332	0.892578	-4.282443	1.648855	-1.335878	3.444154
-0.144287	-0.090820	0.902588	-4.343511	1.954198	-1.106870	3.454159
-0.164551	-0.086914	0.887939	-4.519084	2.183206	-0.709924	3.464774
-0.161377	-0.093506	0.896240	-5.099237	2.480916	-0.564885	3.474877
-0.165039	-0.090820	0.899170	-6.770992	2.526718	-0.068702	3.485291
-0.171143	-0.095215	0.917969	-8.770992	2.480916	0.473282	3.495263
-0.152344	-0.090820	0.911133	-11.000000	1.916031	1.015267	3.505089
-0.156006	-0.092773	0.921143	-14.236641	1.267176	1.648855	3.516029
-0.152100	-0.105469	0.923828	-16.106870	0.320611	1.732824	3.526410
-0.149902	-0.123779	0.925049	-17.259542	-0.366412	2.122137	3.537095
-0.147949	-0.109619	0.917969	-18.022901	-0.618321	2.961832	3.547398
-0.160156	-0.118408	0.919434	-19.160305	-0.824427	3.496183	3.557892
-0.164795	-0.124756	0.911865	-19.610687	-1.450382	4.206107	3.567984
-0.181885	-0.127197	0.906982	-19.938931	-1.938931	4.519084	3.577829
-0.159180	-0.128662	0.900879	-20.358779	-2.404580	4.748092	3.588760
-0.160645	-0.141357	0.908691	-19.740458	-2.931298	4.839695	3.600247
-0.150391	-0.129150	0.906982	-20.076336	-3.053435	4.694656	3.610983
-0.159180	-0.147461	0.906494	-19.221374	-3.244275	4.206107	3.621594
-0.167236	-0.159912	0.911621	-16.083969	-3.931298	3.396947	3.632492
-0.153809	-0.155273	0.908447	-14.152672	-3.908397	3.786260	3.642979
-0.155762	-0.169189	0.886475	-10.221374	-3.877863	2.717557	3.653592
-0.146729	-0.160400	0.892090	-7.129771	-3.832061	2.343511	3.664289
-0.151855	-0.162109	0.871582	-5.106870	-3.450382	1.473282	3.674088
-0.151611	-0.158203	0.871826	-3.175573	-3.427481	0.251908	3.684170
-0.152100	-0.141113	0.872803	-2.244275	-2.717557	-0.572519	3.693915
-0.156494	-0.138672	0.857422	-2.381679	-2.419847	-1.259542	3.704844
-0.150391	-0.124268	0.866699	-2.427481	-1.396947	-1.931298	3.714502
-0.150635	-0.124512	0.874268	-3.694656	-0.717557	-1.877863	3.728709
-0.145752	-0.125244	0.852295	-4.977099	-0.190840	-1.786260	3.739710
-0.139893	-0.133057	0.855225	-5.755725	0.030534	-1.473282	3.749964
-0.151367	-0.127197	0.847412	-6.519084	0.381679	-1.572519	3.760068
-0.154053	-0.130127	0.846191	-5.877863	1.076336	-1.473282	3.770778
-0.136230	-0.144775	0.854492	-8.969466	2.145038	-0.816794	3.781074
-0.144775	-0.150146	0.852295	-8.404580	2.091603	-0.305344	3.791750
-0.156738	-0.158936	0.853027	-7.793893	2.175573	0.526718	3.802010
-0.156982	-0.155029	0.853760	-1.969466	1.931298	1.534351	3.812291
-0.151611	-0.150391	0.877197	0.412214	1.404580	1.969466	3.822615
-0.146973	-0.156006	0.879150	1.358779	1.099237	2.152672	3.832833
-0.143555	-0.159912	0.868164	1.763359	1.816794	1.992366	3.843160
-0.146484	-0.157715	0.867432	0.694656	2.290076	1.977099	3.853621
-0.146240	-0.152344	0.859375	-0.732824	2.786260	1.427481	3.863920
-0.137939	-0.163574	0.879150	-2.641221	3.664122	0.595420	3.874448
-0.150146	-0.168701	0.890625	-3.343511	3.923664	-0.618321	3.884750
-0.157471	-0.171387	0.883301	-2.229008	3.496183	-0.725191	3.895325
-0.155273	-0.173340	0.900146	-0.183206	3.343511	-0.893130	3.905700
-0.152832	-0.161133	0.896240	2.038168	3.068702	-0.671756	3.916021
-0.150391	-0.156738	0.913574	2.908397	3.206107	-0.343511	3.926307
-0.158447	-0.146484	0.917480	3.503817	3.083969	0.061069	3.936387
-0.158203	-0.145264	0.915527	2.396947	3.038168	0.564885	3.947377
-0.170410	-0.134521	0.894043	1.167939	3.442748	0.549618	3.957818
-0.156006	-0.135498	0.900391	-0.732824	2.992366	0.145038	3.968079
-0.164062	-0.142090	0.901123	-1.900763	2.625954	-0.152672	3.978563
-0.159180	-0.153076	0.899414	-2.259542	1.435115	-0.015267	3.988680
-0.166992	-0.151367	0.906006	-1.801527	1.534351	0.091603	3.999343
-0.168213	-0.156738	0.906006	-1.496183	1.320611	0.290076	4.009378
-0.174072	-0.154541	0.920654	-0.259542	1.129771	0.793893	4.019665
-0.166748	-0.145508	0.913330	0.061069	1.473282	1.213740	4.030177
-0.164307	-0.141846	0.906250	-0.290076	1.091603	1.122137	4.040387
-0.171631	-0.155762	0.901123	-1.122137	1.038168	0.473282	4.050748
-0.156494	-0.156494	0.896973	-2.442748	0.580153	0.175573	4.060875
-0.154297	-0.159912	0.910156	-1.961832	0.580153	0.282443	4.071253
-0.153564	-0.163330	0.919189	-4.198473	0.190840	-0.160305	4.081851
-0.157959	-0.156494	0.899902	-3.229008	-0.381679	-0.366412	4.091910
-0.161133	-0.150146	0.888916	-2.160305	-0.366412	-0.526718	4.102292
-0.170410	-0.140137	0.893066	-2.091603	-0.282443	-0.526718	4.112626
-0.154297	-0.146484	0.885254	-3.496183	-0.030534	-0.458015	4.122366
-0.154297	-0.156006	0.893799	-4.893130	0.412214	-0.511450	4.131962
-0.149902	-0.135254	0.899902	-6.885496	0.625954	0.106870	4.141391
-0.151855	-0.151367	0.894043	-7.526718	0.816794	0.351145	4.151229
-0.155273	-0.145996	0.887207	-7.740458	0.740458	0.770992	4.161693
-0.162109	-0.146484	0.880859	-6.679389	0.213740	0.145038	4.172697
-0.163330	-0.148682	0.864502	-6.129771	-0.061069	0.458015	4.183251
-0.157227	-0.150635	0.867188	-6.305344	0.106870	0.007634	4.193589
-0.162109	-0.151123	0.867920	-7.251908	0.603053	-0.091603	4.204077
-0.157959	-0.154297	0.860840	-7.916031	1.740458	-0.587786	4.214319
-0.150635	-0.142822	0.860107	-12.305344	3.145038	-0.931298	4.224472
-0.166992	-0.150146	0.880859	-14.832061	4.145038	-0.938931	4.235581
-0.164307	-0.157959	0.881104	-15.038168	4.541985	-1.366412	4.246178
-0.158203	-0.174561	0.901123	-13.847328	4.236641	-1.755725	4.256684
-0.158691	-0.182617	0.887695	-10.557252	3.847328	-2.282443	4.266943
-0.165527	-0.184570	0.875977	-6.312977	2.908397	-2.648855	4.277892
-0.164795	-0.185303	0.874512	-2.458015	2.458015	-2.206107	4.288420
-0.150391	-0.164551	0.900879	-0.328244	1.839695	-2.183206	4.299143
-0.150635	-0.163330	0.896729	-1.389313	1.938931	-2.480916	4.309678
-0.148438	-0.171387	0.912109	-1.610687	1.656489	-2.877863	4.319149
-0.154785	-0.167236	0.903320	-2.259542	1.648855	-3.213740	4.329580
-0.152100	-0.169678	0.898438	-3.106870	0.778626	-2.740458	4.340312
-0.167725	-0.173096	0.885742	-2.496183	1.122137	-2.916031	4.350717
-0.165283	-0.161621	0.911865	-2.152672	0.122137	-2.870229	4.361118
-0.160645	-0.159668	0.900391	-2.870229	-0.374046	-2.923664	4.371271
-0.166016	-0.158203	0.895264	-2.404580	-0.312977	-2.877863	4.381961
-0.160156	-0.159424	0.893555	-1.549618	-0.343511	-2.633588	4.392397
-0.156494	-0.164062	0.889404	-0.755725	-0.221374	-2.541985	4.402632
-0.162842	-0.158936	0.877686	0.190840	-0.076336	-2.305344	4.413016
-0.158691	-0.146973	0.876465	-0.091603	0.633588	-2.442748	4.423097
-0.154785	-0.141357	0.885254	-1.625954	1.534351	-2.786260	4.433547
-0.157471	-0.139648	0.887207	-3.251908	2.305344	-2.687023	4.443891
-0.160889	-0.151367	0.876221	-4.694656	2.725191	-2.648855	4.454413
-0.161377	-0.147949	0.881836	-4.702290	2.854962	-2.664122	4.464602
-0.156250	-0.157227	0.892334	-4.236641	3.129771	-2.389313	4.474949
-0.155029	-0.158936	0.877686	-3.374046	2.931298	-1.763359	4.485218
-0.157227	-0.149658	0.868896	-2.511450	3.183206	-0.885496	4.495667
-0.155762	-0.151855	0.874023	-1.755725	3.030534	-0.335878	4.506144
-0.156006	-0.145996	0.881348	-2.480916	3.587786	0.068702	4.516664
-0.154297	-0.150391	0.871826	-3.122137	3.221374	0.282443	4.526645
-0.158447	-0.155029	0.886475	-3.351145	3.030534	0.648855	4.537276
-0.159668	-0.164307	0.879395	-2.931298	2.847328	1.145038	4.547732
-0.166260	-0.159912	0.886475	-3.328244	3.267176	1.198473	4.558192
-0.158691	-0.171631	0.880371	-2.687023	2.717557	1.061069	4.568514
-0.164795	-0.169434	0.904053	-2.755725	2.954198	1.114504	4.579015
-0.163330	-0.166504	0.889404	-2.045802	2.832061	0.610687	4.589741
-0.165283	-0.168701	0.884766	-0.427481	2.603053	0.374046	4.600014
-0.165283	-0.156738	0.886719	0.786260	2.351145	0.381679	4.610356
-0.150879	-0.161621	0.912598	1.580153	2.335878	0.137405	4.620688
-0.159424	-0.155029	0.911133	0.526718	0.885496	-0.122137	4.631286
-0.163086	-0.154053	0.905518	-0.412214	1.160305	-0.229008	4.641508
-0.155029	-0.154053	0.900879	-1.076336	0.374046	0.061069	4.652050
-0.173096	-0.158936	0.902100	-1.503817	1.549618	0.206107	4.662237
-0.173096	-0.163086	0.898438	-1.251908	0.755725	0.458015	4.672741
-0.161377	-0.158936	0.903809	-1.977099	1.106870	-0.152672	4.683409
-0.166992	-0.170898	0.895264	-1.381679	0.748092	0.694656	4.693589
-0.171631	-0.151367	0.899414	-1.030534	0.992366	0.152672	4.703833
-0.177002	-0.151123	0.893555	-1.694656	0.969466	0.061069	4.714301
-0.170654	-0.160645	0.899902	-2.870229	1.251908	-0.160305	4.724599
-0.175537	-0.165283	0.908203	-3.465649	1.328244	0.236641	4.734557
-0.172363	-0.152344	0.898438	-4.312977	0.946565	-0.015267	4.744051
-0.162354	-0.162842	0.901123	-5.381679	0.946565	-0.290076	4.753914
-0.157959	-0.167480	0.901611	-6.106870	1.145038	-0.068702	4.764974
-0.149170	-0.170410	0.886230	-5.519084	1.442748	-0.145038	4.775592
-0.144287	-0.169189	0.892578	-4.496183	1.114504	-0.099237	4.785893
-0.142334	-0.170654	0.892334	-4.221374	0.664122	0.061069	4.796155
-0.148438	-0.170654	0.882080	-3.786260	0.832061	-0.251908	4.806299
-0.150635	-0.172363	0.895020	-4.129771	0.564885	-0.778626	4.816754
-0.152100	-0.172607	0.889404	-3.923664	0.404580	-0.717557	4.826963
-0.159180	-0.168945	0.899414	-3.740458	0.488550	-0.511450	4.837535
-0.162354	-0.167480	0.894043	-3.442748	0.473282	-0.404580	4.848023
-0.166504	-0.165527	0.898438	-2.564885	0.290076	-0.229008	4.858561
-0.165527	-0.169189	0.898438	-1.297710	-0.152672	-0.129771	4.869332
-0.160400	-0.182861	0.900635	0.503817	-0.748092	-0.351145	4.879842
-0.158936	-0.176758	0.894531	0.595420	-0.961832	-0.770992	4.890140
-0.158447	-0.185791	0.907959	1.870229	-1.175573	-1.320611	4.900387
-0.154053	-0.159912	0.891846	0.167939	-1.015267	-1.389313	4.911085
-0.151855	-0.166504	0.878662	-1.572519	-0.564885	-1.442748	4.921653
-0.152100	-0.167480	0.885254	-3.267176	-0.190840	-1.709924	4.932241
-0.152100	-0.165771	0.881348	-5.175573	0.587786	-1.496183	4.942668
-0.166260	-0.171143	0.876709	-5.083969	0.099237	-1.419847	4.953313
-0.173340	-0.171875	0.878418	-4.877863	0.114504	-1.022901	4.963123
-0.179932	-0.175049	0.858154	-4.236641	-0.244275	-1.106870	4.973093
-0.178955	-0.158691	0.847900	-4.366412	0.160305	-1.122137	4.983754
-0.176758	-0.145996	0.848633	-5.076336	1.374046	-1.549618	4.993878
-0.168945	-0.144531	0.856689	-6.816794	2.091603	-2.549618	5.004252
-0.174805	-0.161133	0.863281	-7.335878	2.480916	-2.977099	5.014609
-0.171387	-0.163574	0.890381	-6.412214	2.946565	-3.137405	5.024959
-0.167480	-0.160889	0.882568	-4.748092	2.931298	-2.786260	5.034965
-0.162354	-0.162109	0.895020	-2.832061	2.603053	-2.480916	5.044625
-0.163818	-0.161865	0.895508	-1.297710	2.511450	-2.251908	5.054698
-0.163574	-0.156494	0.886963	0.045802	2.473282	-2.206107	5.065816
-0.168701	-0.142090	0.881348	0.145038	2.206107	-2.022901	5.076233
-0.169922	-0.152588	0.890625	-0.206107	2.267176	-1.526718	5.086635
-0.169922	-0.148926	0.892334	-0.221374	1.595420	-1.190840	5.097207
-0.175049	-0.145996	0.900635	-1.503817	1.007634	-0.496183	5.107458
-0.168701	-0.140137	0.899902	-2.633588	0.137405	-0.099237	5.117597
-0.167969	-0.150635	0.901611	-3.679389	0.175573	-1.954198	5.128105
-0.166260	-0.160400	0.899658	-3.778626	-0.015267	0.526718	5.138736
-0.162598	-0.173584	0.898682	-3.496183	0.007634	1.083969	5.149087
-0.160645	-0.181152	0.905762	-2.755725	0.137405	1.236641	5.159951
-0.159912	-0.174561	0.895020	-1.694656	-0.175573	0.954198	5.170374
-0.157715	-0.175537	0.901611	-0.450382	-0.526718	1.000000	5.180713
-0.160156	-0.167969	0.892578	-1.954198	-0.732824	1.045802	5.190805
-0.154053	-0.170654	0.881836	0.297710	-1.053435	0.854962	5.201454
-0.157227	-0.166992	0.897949	-0.358779	-1.114504	0.625954	5.211731
-0.159668	-0.169678	0.892822	-1.282443	-1.335878	0.511450	5.221726
-0.159912	-0.172852	0.892822	-2.167939	-0.671756	0.297710	5.232462
-0.156982	-0.174561	0.887207	-2.450382	-0.748092	0.312977	5.242731
-0.160889	-0.180908	0.905762	-2.099237	-0.702290	0.213740	5.253002
-0.167969	-0.179443	0.894287	-1.022901	-0.503817	0.412214	5.263294
-0.162109	-0.168213	0.886230	-0.618321	-0.931298	0.229008	5.273650
-0.165283	-0.169922	0.886719	-0.610687	-0.458015	-0.167939	5.284314
-0.161133	-0.171875	0.878418	-1.435115	-0.725191	-0.198473	5.294406
-0.143066	-0.161133	0.879883	-2.427481	-0.435115	-0.442748	5.305027
-0.166504	-0.166260	0.879150	-2.290076	-0.458015	-0.610687	5.315078
-0.162598	-0.163330	0.879883	-2.427481	-0.587786	-0.106870	5.325555
-0.168945	-0.168213	0.880615	-2.679389	-0.396947	-0.267176	5.336384
-0.171631	-0.180420	0.886230	-2.145038	-0.335878	-0.618321	5.346662
-0.171875	-0.171387	0.883057	-0.656489	-0.862595	-0.335878	5.357131
-0.175293	-0.153320	0.883301	-0.442748	-0.595420	0.343511	5.367806
-0.171387	-0.160645	0.881104	-0.557252	-0.083969	0.541985	5.378100
-0.158936	-0.167725	0.871338	-0.778626	-0.038168	0.801527	5.388783
-0.161133	-0.161621	0.869385	-1.503817	0.335878	0.839695	5.399405
-0.163574	-0.164307	0.863037	-2.129771	0.511450	0.610687	5.409807
-0.166504	-0.157959	0.866699	-3.045802	0.473282	0.267176	5.419870
-0.161133	-0.166260	0.878418	-3.641221	0.503817	0.007634	5.430539
-0.162598	-0.158691	0.879150	-4.068702	0.694656	-0.229008	5.440859
-0.163818	-0.171631	0.882568	-4.152672	0.870229	-0.198473	5.451241
-0.156006	-0.167969	0.885010	-3.328244	0.740458	0.198473	5.461504
-0.160645	-0.172363	0.893555	-2.442748	0.984733	0.717557	5.471895
-0.155762	-0.171631	0.899170	-1.786260	0.687023	0.679389	5.482336
-0.152832	-0.173584	0.888672	-0.862595	0.320611	0.923664	5.492704
-0.154053	-0.173584	0.885986	-0.618321	0.167939	0.641221	5.503332
-0.156494	-0.168701	0.879395	-0.832061	0.725191	0.022901	5.513992
-0.152588	-0.157471	0.866455	-1.969466	0.587786	-0.572519	5.523963
-0.156494	-0.160400	0.880127	-3.458015	0.984733	-1.229008	5.534484
-0.158936	-0.170654	0.889648	-4.992366	1.656489	-1.900763	5.544852
-0.157227	-0.164551	0.877441	-4.648855	1.885496	-1.702290	5.555496
-0.157471	-0.166260	0.862061	-3.038168	1.809160	-0.893130	5.566234
-0.167969	-0.155762	0.874023	-1.183206	1.877863	-0.511450	5.576806
-0.168213	-0.147705	0.877930	0.335878	1.664122	-0.106870	5.587029
-0.169678	-0.141846	0.876221	1.648855	1.572519	0.083969	5.597277
-0.165527	-0.141357	0.859131	2.328244	1.633588	0.122137	5.607532
-0.166016	-0.135010	0.868652	2.022901	2.083969	-0.290076	5.616953
-0.175537	-0.134277	0.876953	1.671756	2.274809	-0.732824	5.627629
-0.174072	-0.133545	0.871582	2.664122	2.198473	-0.656489	5.638220
-0.160889	-0.131836	0.865723	2.717557	2.511450	-0.198473	5.648584
-0.178955	-0.120361	0.870117	3.053435	3.038168	0.206107	5.658679
-0.168457	-0.130859	0.875000	2.213740	3.106870	1.030534	5.669345
-0.164551	-0.125488	0.867188	2.641221	3.557252	2.137405	5.679939
-0.153809	-0.144287	0.889404	2.671756	3.099237	3.152672	5.690234
-0.159912	-0.143555	0.885010	3.015267	2.129771	3.671756	5.700566
-0.149902	-0.146973	0.887207	2.000000	2.137405	4.374046	5.710610
-0.146240	-0.152588	0.897949	0.335878	2.106870	3.908397	5.722431
-0.154297	-0.159424	0.914551	-1.473282	1.954198	3.770992	5.733380
-0.158447	-0.171387	0.906982	-2.091603	1.709924	3.229008	5.743971
-0.163086	-0.176514	0.934814	-2.305344	1.847328	2.435115	5.754235
-0.167725	-0.179199	0.928467	-2.244275	1.519084	1.946565	5.764501
-0.165039	-0.174561	0.924561	-0.931298	1.725191	1.267176	5.774744
-0.159424	-0.169678	0.934082	0.183206	1.244275	1.290076	5.785386
-0.161133	-0.168701	0.944336	0.198473	0.832061	0.885496	5.795748
-0.163574	-0.169922	0.930908	0.244275	0.366412	0.534351	5.805719
-0.166016	-0.165283	0.907471	0.152672	0.328244	0.412214	5.816227
-0.174805	-0.165527	0.908691	0.358779	-0.305344	0.038168	5.826426
-0.158447	-0.154053	0.905029	-0.160305	-1.274809	0.160305	5.837115
-0.178467	-0.144043	0.918945	-0.900763	-1.816794	0.114504	5.847391
-0.174316	-0.138672	0.898682	-1.427481	-1.648855	-0.061069	5.857591
-0.169434	-0.134521	0.886963	-2.198473	-1.816794	0.198473	5.867783
-0.174805	-0.145264	0.885742	-2.374046	-1.374046	1.931298	5.878205
-0.173096	-0.159180	0.878418	-0.725191	-0.992366	0.106870	5.888867
-0.171387	-0.164551	0.871338	3.320611	-1.045802	-0.274809	5.899060
-0.164307	-0.163086	0.869385	8.076336	-0.809160	-0.526718	5.909276
-0.150879	-0.167725	0.887939	11.618321	-0.900763	-1.221374	5.919729
-0.153320	-0.139160	0.889404	11.816794	-0.145038	-1.778626	5.930011
-0.149902	-0.133301	0.876221	9.343511	0.076336	-2.625954	5.940773
-0.156738	-0.123535	0.869141	6.061069	0.900763	-3.183206	5.951230
-0.153809	-0.117188	0.869385	2.282443	1.725191	-3.572519	5.961357
-0.154541	-0.115479	0.880371	-0.442748	2.732824	-3.519084	5.971683
-0.158936	-0.126953	0.876221	-1.816794	2.236641	-3.114504	5.982183
-0.154297	-0.132080	0.884521	-2.053435	2.282443	-2.816794	5.992301
-0.152344	-0.145508	0.877197	-2.183206	1.702290	-2.320611	6.002663
-0.152100	-0.145264	0.892334	-2.030534	1.595420	-1.633588	6.013008
-0.151855	-0.138428	0.896240	-1.557252	1.465649	-0.801527	6.023262
-0.158203	-0.127930	0.878418	-1.480916	1.366412	-0.183206	6.033553
-0.160889	-0.125000	0.882568	-1.687023	1.000000	0.221374	6.043821
-0.168213	-0.135254	0.884277	-2.801527	0.664122	0.083969	6.054269
-0.171143	-0.129395	0.884766	-4.511450	0.603053	0.122137	6.064528
-0.169434	-0.125732	0.893799	-5.236641	0.725191	0.221374	6.074796
-0.160156	-0.145752	0.884277	-4.618321	0.839695	0.526718	6.085203
-0.160645	-0.142334	0.882812	-3.648855	1.221374	1.129771	6.095731
-0.165527	-0.140381	0.893555	-2.030534	0.557252	1.015267	6.106104
-0.169189	-0.137207	0.890137	-1.656489	0.679389	0.969466	6.116328
-0.166992	-0.130127	0.885742	-1.816794	0.755725	0.389313	6.126937
-0.174072	-0.125244	0.884766	-2.152672	0.709924	0.068702	6.137203
-0.173584	-0.134521	0.880127	-1.290076	0.961832	0.106870	6.148197
-0.167480	-0.142090	0.889404	1.145038	0.992366	0.335878	6.158485
-0.171387	-0.129639	0.880859	3.854962	1.374046	0.809160	6.168872
-0.162598	-0.136719	0.859375	6.923664	1.053435	0.900763	6.179533
-0.158203	-0.124268	0.871094	8.190840	1.404580	1.190840	6.189596
-0.151611	-0.121826	0.887451	7.748092	1.595420	1.129771	6.200579
-0.149658	-0.123535	0.881348	5.312977	1.694656	0.885496	6.210778
-0.156494	-0.115967	0.877686	2.931298	2.068702	0.687023	6.221288
-0.156250	-0.111572	0.881104	-0.160305	2.297710	0.557252	6.231618
-0.160156	-0.121582	0.886963	-2.793893	2.603053	0.557252	6.241616
-0.160156	-0.128418	0.887207	-4.870229	2.633588	0.541985	6.251352
-0.161865	-0.131836	0.898438	-5.809160	3.320611	0.679389	6.261205
-0.157471	-0.144043	0.894287	-5.435115	2.610687	0.687023	6.272239
-0.163086	-0.148682	0.902100	-3.519084	2.160305	1.122137	6.282856
-0.169922	-0.139648	0.908691	-1.603053	1.816794	1.076336	6.293715
-0.171631	-0.143311	0.912598	-0.938931	1.190840	0.748092	6.304754
-0.165771	-0.136719	0.927002	-1.000000	1.068702	0.175573	6.314928
-0.171143	-0.122559	0.916992	-1.893130	1.038168	-0.190840	6.325338
-0.174072	-0.131592	0.908691	-3.427481	1.801527	-0.549618	6.335416
-0.179688	-0.144287	0.904541	-3.259542	1.175573	-0.809160	6.346065
-0.174316	-0.144287	0.921875	-2.725191	0.954198	-0.671756	6.356503
-0.178467	-0.135742	0.909180	-2.358779	0.465649	-0.404580	6.366912
-0.179932	-0.122070	0.918457	-2.541985	0.343511	-0.145038	6.377042
-0.181396	-0.122803	0.912354	-3.236641	-0.167939	0.022901	6.387735
-0.162842	-0.127197	0.907471	-4.396947	-0.381679	0.145038	6.398034
-0.173340	-0.123779	0.911865	-5.595420	-0.221374	0.480916	6.408354
-0.167480	-0.132080	0.906738	-6.496183	-0.183206	0.702290	6.418825
-0.169434	-0.146973	0.899902	-5.587786	-1.106870	0.541985	6.429351
-0.165283	-0.145264	0.907959	-4.732824	-1.053435	0.557252	6.439643
-0.164062	-0.140869	0.898193	-4.419847	-0.832061	-0.053435	6.449504
-0.173584	-0.146240	0.897461	-3.541985	-0.877863	-0.290076	6.460115
-0.167480	-0.147949	0.901611	-2.145038	-1.328244	-0.694656	6.470507
-0.167969	-0.129395	0.902344	-2.763359	-0.961832	-0.328244	6.481194
-0.165283	-0.139404	0.890381	-2.786260	-1.145038	-0.954198	6.491548
-0.166016	-0.142822	0.886475	-2.351145	-1.259542	-0.755725	6.501987
-0.165039	-0.131836	0.877441	-2.648855	-0.885496	-0.687023	6.512520
-0.157471	-0.125000	0.879883	-2.595420	-0.519084	-0.473282	6.522302
-0.170654	-0.126221	0.879883	-2.580153	-0.557252	-0.595420	6.533279
-0.161865	-0.126465	0.874512	-3.320611	-0.473282	-0.801527	6.543558
-0.169434	-0.129395	0.879150	-4.244275	-0.526718	-0.809160	6.553615
-0.160889	-0.125488	0.874023	-5.816794	0.267176	-0.641221	6.564028
-0.166748	-0.130371	0.882080	-6.366412	0.923664	-0.793893	6.574183
-0.164795	-0.137451	0.892090	-6.152672	0.740458	-0.633588	6.584957
-0.162598	-0.140381	0.901123	-4.732824	0.740458	-0.473282	6.595314
-0.170654	-0.147705	0.883057	-2.809160	0.358779	-0.412214	6.605573
-0.166016	-0.143311	0.880615	-0.412214	0.175573	-0.015267	6.616111
-0.162842	-0.126221	0.873291	0.694656	0.045802	-0.198473	6.625929
-0.168701	-0.119629	0.877686	0.633588	-0.091603	-0.068702	6.635879
-0.160156	-0.119629	0.867920	-0.290076	0.053435	-0.229008	6.645607
-0.157959	-0.118652	0.874756	-2.511450	-1.946565	-0.320611	6.656515
-0.160400	-0.112793	0.878174	-3.908397	0.427481	0.068702	6.666932
-0.160400	-0.122803	0.884521	-4.549618	0.267176	0.167939	6.677362
-0.160400	-0.130371	0.882324	-4.183206	0.236641	0.679389	6.688211
-0.165527	-0.127197	0.875488	-3.206107	0.137405	1.038168	6.698416
-0.163574	-0.127441	0.893311	-3.007634	-0.206107	1.358779	6.708824
-0.155029	-0.135498	0.893555	-2.763359	-0.366412	1.664122	6.719209
-0.152100	-0.136230	0.887451	-2.206107	-0.351145	1.793893	6.729681
-0.156982	-0.124023	0.883301	-3.267176	-0.083969	1.908397	6.739922
-0.155273	-0.133545	0.891602	-3.809160	-0.664122	1.534351	6.750336
-0.145020	-0.136963	0.897949	-4.793893	-0.618321	1.793893	6.760796
-0.160645	-0.124023	0.904541	-5.938931	-0.511450	1.648855	6.771278
-0.167725	-0.133789	0.898926	-6.778626	-0.137405	1.343511	6.782002
-0.158203	-0.141357	0.890381	-7.122137	0.587786	1.244275	6.792396
-0.156982	-0.148438	0.902100	-5.580153	0.923664	0.854962	6.802787
-0.158691	-0.145996	0.917480	-3.274809	0.763359	0.389313	6.812615
-0.159180	-0.137695	0.915771	-3.900763	0.580153	0.251908	6.823464
-0.158447	-0.142090	0.900391	-0.717557	0.381679	0.022901	6.834352
-0.153564	-0.135010	0.910156	-0.465649	0.419847	-0.541985	6.844717
-0.162109	-0.134766	0.895264	-1.267176	0.557252	-0.496183	6.855138
-0.158447	-0.128418	0.889648	-2.099237	0.381679	-0.068702	6.865809
-0.165039	-0.120850	0.901611	-2.832061	0.389313	-0.213740	6.875995
-0.162109	-0.128418	0.899414	-3.534351	0.007634	-0.061069	6.886057
-0.165527	-0.133057	0.897217	-4.114504	-0.114504	0.358779	6.895595
-0.162354	-0.127686	0.888184	-4.343511	-0.213740	0.091603	6.906617
-0.159912	-0.141846	0.888916	-4.312977	0.038168	0.328244	6.917063
-0.152832	-0.142822	0.894531	-3.679389	-0.145038	0.458015	6.927602
-0.162109	-0.144775	0.887451	-2.877863	0.229008	0.335878	6.937515
-0.162842	-0.136719	0.886963	-1.893130	-0.458015	0.435115	6.948439
-0.163330	-0.134521	0.893311	-1.893130	-0.427481	0.374046	6.958573
-0.154541	-0.140869	0.878906	-2.473282	-0.473282	0.160305	6.968921
-0.147705	-0.144043	0.874512	-2.442748	-0.488550	0.045802	6.979155
-0.153564	-0.159912	0.887695	-1.015267	-0.564885	0.129771	6.990987
-0.155273	-0.145264	0.881836	0.190840	-0.541985	0.503817	7.001929
-0.151367	-0.149170	0.880371	0.335878	-0.297710	0.679389	7.012673
-0.153809	-0.138672	0.887695	0.564885	0.610687	0.534351	7.023189
-0.158691	-0.134033	0.879883	-0.526718	0.625954	0.648855	7.033342
-0.151367	-0.126709	0.873779	-2.908397	1.274809	0.648855	7.044026
-0.166016	-0.135498	0.879150	-4.061069	1.595420	0.175573	7.054447
-0.161133	-0.127197	0.872559	-5.954198	1.786260	0.198473	7.064669
-0.160156	-0.135010	0.878662	-7.076336	2.045802	-0.229008	7.075170
-0.169189	-0.150879	0.896240	-5.832061	2.137405	-0.969466	7.085452
-0.169189	-0.152344	0.894775	-4.404580	1.946565	-1.106870	7.095945
-0.169922	-0.153809	0.896973	-2.824427	2.076336	-1.969466	7.106436
-0.171875	-0.144287	0.882568	-1.366412	1.305344	-1.694656	7.116621
-0.172119	-0.140137	0.878662	-1.114504	1.335878	-1.778626	7.127059
-0.186035	-0.132324	0.899658	-0.122137	0.633588	-1.679389	7.137189
-0.177246	-0.111816	0.912109	-1.412214	0.450382	-0.648855	7.147938
-0.166992	-0.112793	0.911133	-4.053435	0.251908	-0.427481	7.158334
-0.161377	-0.129883	0.926514	-5.725191	0.465649	-0.099237	7.168652
-0.162842	-0.141846	0.902344	-7.274809	1.045802	0.648855	7.178531
-0.148682	-0.152100	0.897461	-6.122137	0.984733	0.870229	7.189056
-0.160645	-0.146484	0.900879	-4.480916	0.213740	1.061069	7.199597
-0.162598	-0.147461	0.899902	-4.412214	0.053435	1.091603	7.209593
-0.158447	-0.145996	0.896240	-4.832061	-0.259542	0.427481	7.219870
-0.155029	-0.142822	0.902588	-5.290076	-0.381679	0.045802	7.230340
-0.163574	-0.150146	0.907471	-5.656489	0.053435	0.160305	7.240867
-0.158447	-0.148682	0.901611	-4.992366	0.267176	0.526718	7.250996
-0.161621	-0.150635	0.902588	-4.442748	0.572519	0.297710	7.261375
-0.157715	-0.150146	0.897217	-4.717557	0.824427	0.305344	7.271977
-0.156494	-0.160889	0.887451	-4.618321	0.908397	-0.198473	7.282500
-0.168945	-0.154297	0.881348	-3.404580	0.641221	-0.702290	7.293130
-0.159424	-0.155518	0.890137	-2.030534	0.206107	-0.625954	7.303561
-0.154541	-0.149414	0.903809	-2.038168	0.274809	-0.786260	7.313926
-0.154785	-0.143799	0.901855	-2.251908	0.114504	-0.900763	7.324173
-0.157959	-0.135010	0.888184	-3.030534	1.038168	-0.740458	7.334414
-0.156250	-0.134521	0.877686	-3.068702	1.244275	-0.267176	7.344759
-0.165527	-0.153809	0.872314	-1.832061	2.000000	0.740458	7.355270
-0.160889	-0.165527	0.856934	0.343511	3.251908	1.908397	7.365310
-0.155518	-0.176758	0.843750	4.259542	3.954198	2.870229	7.375661
-0.164795	-0.179932	0.860596	6.954198	4.160305	2.290076	7.386258
-0.156982	-0.144775	0.875000	2.931298	3.450382	1.305344	7.397241
-0.163818	-0.142334	0.897705	-0.625954	2.473282	-0.732824	7.407396
-0.167480	-0.126953	0.915771	-4.015267	2.007634	-1.519084	7.418225
-0.171143	-0.125000	0.941650	-5.389313	1.137405	-1.549618	7.428706
-0.174561	-0.110352	0.948975	-5.740458	0.206107	-0.213740	7.439599
-0.173340	-0.132812	0.928467	-4.427481	-0.274809	0.641221	7.450027
-0.166992	-0.139893	0.909668	-2.648855	-0.328244	1.358779	7.460097
-0.154785	-0.144531	0.887207	-1.160305	-0.770992	2.290076	7.470303
-0.154297	-0.141113	0.868652	0.152672	-0.587786	1.595420	7.481717
-0.149902	-0.130371	0.869141	0.259542	-0.083969	1.091603	7.492384
-0.142090	-0.125244	0.853027	-1.183206	0.351145	0.343511	7.502710
-0.146729	-0.124512	0.852295	-3.725191	1.580153	-1.244275	7.513199
-0.149414	-0.137939	0.875000	-5.427481	2.015267	-1.793893	7.523010
-0.155762	-0.137939	0.887207	-6.068702	2.503817	-2.366412	7.532676
-0.169189	-0.130371	0.879639	-5.908397	2.664122	-2.404580	7.542655
-0.156738	-0.137207	0.885986	-4.374046	2.885496	-1.885496	7.554511
-0.165527	-0.136719	0.890869	-3.122137	2.694656	-1.587786	7.564278
-0.162842	-0.123535	0.898682	-1.870229	2.083969	-1.068702	7.574768
-0.157227	-0.124268	0.886475	-1.427481	1.526718	-0.664122	7.585225
-0.157471	-0.122803	0.881836	-2.213740	1.320611	-0.129771	7.595710
-0.157227	-0.123779	0.880127	-2.839695	1.610687	0.366412	7.605928
-0.159668	-0.134277	0.885498	-3.572519	1.038168	0.519084	7.616638
-0.165283	-0.130127	0.890137	-4.618321	1.664122	0.282443	7.626920
-0.162598	-0.130615	0.883301	-4.740458	1.244275	0.717557	7.637349
-0.166504	-0.143066	0.897461	-5.862595	1.091603	1.175573	7.647775
-0.166992	-0.137451	0.904785	-3.290076	0.435115	1.854962	7.658160
-0.169189	-0.141846	0.892822	-3.206107	0.000000	2.030534	7.668554
-0.166748	-0.148193	0.909424	-3.175573	-0.175573	2.374046	7.678751
-0.168457	-0.153564	0.897949	-2.259542	-0.641221	2.328244	7.689576
-0.165771	-0.157959	0.875244	-1.770992	-0.557252	2.473282	7.699933
-0.163086	-0.154297	0.895020	-1.312977	-0.374046	2.244275	7.710142
-0.164795	-0.147949	0.879150	-0.916031	0.137405	1.946565	7.721227
-0.165771	-0.139648	0.877930	-1.984733	0.740458	1.526718	7.733210
-0.161133	-0.146973	0.890381	-3.809160	1.137405	0.969466	7.742807
-0.164307	-0.158691	0.894043	-4.809160	1.106870	0.091603	7.752863
-0.157227	-0.154541	0.897949	-4.389313	0.969466	-0.091603	7.762542
-0.164551	-0.162842	0.908447	-3.282443	0.961832	-0.114504	7.774008
-0.167480	-0.158936	0.896240	-2.251908	0.603053	-0.328244	7.784292
-0.167480	-0.152588	0.898926	-1.290076	0.709924	-0.106870	7.794795
-0.164551	-0.152832	0.896729	-1.557252	0.725191	-0.083969	7.805056
-0.156982	-0.147949	0.900391	-2.389313	0.870229	0.129771	7.815714
-0.160400	-0.133301	0.889893	-3.931298	1.129771	-0.183206	7.825923
-0.165527	-0.141357	0.890625	-5.152672	0.923664	-0.312977	7.836091
-0.166748	-0.149414	0.889893	-5.526718	0.862595	-0.328244	7.846813
-0.160889	-0.156250	0.884521	-5.793893	0.664122	-0.763359	7.857002
-0.172119	-0.157471	0.885498	-5.000000	0.519084	-0.916031	7.867240
-0.166992	-0.152100	0.897705	-4.167939	0.450382	-0.603053	7.877578
-0.167480	-0.145752	0.900635	-3.793893	0.320611	-0.267176	7.887918
-0.170898	-0.142578	0.895752	-3.755725	0.282443	0.251908	7.898459
-0.168213	-0.150879	0.897949	-3.992366	0.290076	0.312977	7.908784
-0.164307	-0.146484	0.881836	-3.259542	0.007634	0.267176	7.919058
-0.168945	-0.145508	0.886230	-2.427481	-0.038168	0.450382	7.929040
-0.161133	-0.144287	0.892334	-2.183206	-0.320611	0.549618	7.939773
-0.162598	-0.148193	0.895752	-2.923664	-0.206107	0.564885	7.950055
-0.170166	-0.155518	0.888428	-3.297710	-0.267176	0.076336	7.960696
-0.164795	-0.158691	0.885498	-3.305344	-0.221374	-0.045802	7.970870
-0.165771	-0.153320	0.889404	-2.534351	-0.305344	-0.091603	7.981242
-0.164795	-0.149902	0.885986	-2.389313	-0.114504	-0.305344	7.991676
-0.160156	-0.154541	0.890869	-2.206107	0.343511	-0.435115	8.001882
-0.159912	-0.149902	0.892578	-2.442748	0.725191	-0.198473	8.012116
-0.165771	-0.146484	0.884033	-2.381679	1.038168	-0.053435	8.022553
-0.160889	-0.145752	0.882812	-2.335878	1.129771	-0.083969	8.033252
-0.159180	-0.146729	0.894287	-2.526718	0.755725	-0.290076	8.043828
-0.164795	-0.150391	0.895020	-2.206107	0.587786	-0.511450	8.054579
-0.163330	-0.154053	0.898438	-2.473282	0.167939	-0.595420	8.065116
-0.160400	-0.151123	0.892090	-2.709924	0.251908	-0.580153	8.075386
-0.171631	-0.158691	0.901855	-3.007634	0.244275	-0.267176	8.085682
-0.164551	-0.148193	0.890381	-3.083969	0.526718	-0.076336	8.096042
-0.159912	-0.153809	0.881104	-2.862595	-0.099237	0.129771	8.106244
-0.162842	-0.145020	0.898438	-2.427481	-0.198473	0.312977	8.116996
-0.160889	-0.152100	0.892822	-2.229008	-0.244275	0.167939	8.127820
-0.166260	-0.151123	0.886230	-1.770992	-0.106870	-0.045802	8.138222
-0.158691	-0.154785	0.886963	-1.900763	0.389313	0.122137	8.148622
-0.157715	-0.152588	0.878418	-1.854962	0.145038	0.145038	8.158370
-0.169922	-0.157227	0.889404	-1.282443	-0.389313	0.053435	8.168547
-0.158447	-0.145508	0.883789	-1.717557	-0.381679	0.229008	8.178390
-0.154541	-0.142822	0.885010	-2.488550	-0.541985	0.442748	8.188871
-0.155762	-0.140869	0.886475	-3.267176	-0.183206	0.076336	8.199576
-0.159180	-0.137695	0.880371	-3.916031	0.083969	1.938931	8.209887
-0.168701	-0.142090	0.891602	-4.328244	0.587786	0.404580	8.220251
-0.167236	-0.152344	0.884521	-3.954198	0.984733	0.595420	8.230737
-0.167480	-0.144043	0.886475	-2.763359	1.175573	0.625954	8.241252
-0.157227	-0.153564	0.893799	-1.763359	0.938931	0.587786	8.251699
-0.163086	-0.142334	0.899414	-1.030534	1.061069	0.671756	8.261653
-0.158203	-0.149658	0.883545	-1.458015	0.847328	0.679389	8.272148
-0.156982	-0.147949	0.884521	-1.862595	0.335878	0.213740	8.282436
-0.156006	-0.149658	0.884766	-2.656489	0.129771	0.183206	8.292979
-0.167969	-0.145508	0.889648	-3.748092	0.053435	0.572519	8.303411
-0.173584	-0.153076	0.879639	-3.977099	0.374046	0.381679	8.313756
-0.178467	-0.152100	0.875977	-2.977099	0.442748	0.748092	8.323850
-0.168945	-0.148682	0.880371	-1.916031	0.458015	1.396947	8.334502
-0.165527	-0.141113	0.877197	-1.954198	1.038168	1.541985	8.345066
-0.169434	-0.145264	0.880859	-2.106870	0.984733	1.564885	8.355600
-0.164062	-0.151123	0.881104	-2.374046	1.000000	1.290076	8.365672
-0.170898	-0.160156	0.884766	-2.572519	1.374046	0.854962	8.376241
-0.168945	-0.154053	0.882324	-1.351145	1.656489	0.496183	8.386491
-0.171875	-0.161865	0.877197	-0.671756	1.473282	0.290076	8.397142
-0.163330	-0.164551	0.884766	-0.687023	2.198473	-0.404580	8.407509
-0.158691	-0.161621	0.882080	-1.213740	1.809160	-1.198473	8.417612
-0.161621	-0.157471	0.884277	-1.022901	1.664122	-1.526718	8.428062
-0.153320	-0.153076	0.885742	-0.717557	1.687023	-1.656489	8.438280
-0.145020	-0.153320	0.883789	-0.488550	1.748092	-1.503817	8.448653
-0.154785	-0.150146	0.887451	-0.167939	1.847328	-1.167939	8.458769
-0.153809	-0.152100	0.898682	-0.190840	1.908397	-0.946565	8.468957
-0.148438	-0.156738	0.893066	0.198473	1.770992	-0.984733	8.479476
-0.140869	-0.142578	0.886230	-0.938931	2.038168	-1.450382	8.489705
-0.143311	-0.141357	0.899658	-2.167939	2.580153	-1.496183	8.500293
-0.144531	-0.142090	0.892578	-2.992366	2.786260	-1.351145	8.510747
-0.152588	-0.145752	0.890869	-2.488550	1.442748	-0.916031	8.521034
-0.146729	-0.144287	0.905518	-1.656489	1.534351	-1.320611	8.531515
-0.149414	-0.145508	0.901123	-1.702290	1.664122	-0.236641	8.541734
-0.163574	-0.154297	0.891846	-1.000000	1.091603	-0.572519	8.552138
-0.138672	-0.148193	0.894775	-1.274809	1.374046	-0.076336	8.562702
-0.148682	-0.143066	0.900391	-0.259542	1.931298	0.458015	8.572988
-0.162354	-0.144287	0.897705	0.366412	1.900763	0.748092	8.583359
-0.160645	-0.139893	0.902100	0.435115	1.351145	-0.267176	8.593683
-0.147461	-0.152344	0.902588	-0.526718	1.641221	-0.992366	8.604082
-0.150146	-0.149902	0.894531	-0.824427	1.564885	-1.435115	8.614461
-0.148926	-0.146729	0.914551	-1.450382	2.351145	-1.229008	8.625360
-0.143066	-0.135254	0.914062	-2.030534	2.335878	-1.877863	8.636047
-0.161133	-0.136475	0.916016	-2.335878	3.259542	-2.648855	8.645802
-0.163086	-0.150391	0.919678	-2.541985	3.083969	-3.122137	8.655347
-0.172119	-0.136230	0.929443	-1.564885	3.267176	-3.679389	8.666385
-0.175293	-0.139404	0.915771	-0.167939	2.992366	-4.282443	8.676280
-0.174316	-0.139648	0.925049	1.206107	1.816794	-4.297710	8.687064
-0.175293	-0.155762	0.912109	2.946565	1.083969	-4.465649	8.697460
-0.168945	-0.133545	0.904297	4.198473	0.603053	-4.206107	8.707627
-0.175781	-0.109619	0.894043	3.381679	0.778626	-3.221374	8.718040
-0.177734	-0.101807	0.890137	2.053435	0.198473	-2.312977	8.728389
-0.179443	-0.099854	0.875732	-1.450382	0.000000	-0.725191	8.738709
-0.184326	-0.106689	0.883301	-3.992366	-0.160305	0.557252	8.749620
-0.181641	-0.115723	0.871582	-3.923664	-0.274809	1.832061	8.760102
-0.172852	-0.133545	0.872803	-7.022901	-0.870229	2.954198	8.770847
-0.175537	-0.145752	0.875977	-7.099237	-0.541985	3.595420	8.781091
-0.171631	-0.143555	0.858887	-6.671756	-0.679389	3.862595	8.791961
-0.175293	-0.156494	0.872314	-5.564885	-0.389313	3.893130	8.801603
-0.176514	-0.150391	0.877930	-5.748092	-0.465649	3.465649	8.811644
-0.177002	-0.152832	0.887939	-5.114504	-0.648855	2.717557	8.821715
-0.178711	-0.158203	0.880371	-4.221374	-0.175573	1.908397	8.832424
-0.183105	-0.162109	0.882812	-3.389313	0.198473	1.145038	8.842951
-0.183350	-0.166992	0.892822	-2.045802	0.549618	0.839695	8.853119
-0.173584	-0.158936	0.877441	-0.854962	0.572519	0.633588	8.863691
-0.175293	-0.148926	0.875244	0.435115	0.954198	0.137405	8.873962
-0.170166	-0.131104	0.882080	0.862595	1.297710	-0.488550	8.884430
-0.163818	-0.132324	0.877197	0.122137	1.709924	-1.076336	8.894937
-0.164795	-0.133789	0.882568	-0.694656	1.793893	-1.801527	8.905172
-0.168457	-0.130127	0.897949	-1.328244	1.404580	-1.549618	8.915679
-0.167236	-0.133545	0.902832	-1.053435	1.442748	-1.068702	8.925803
-0.157715	-0.139893	0.895752	-1.114504	1.106870	0.083969	8.936024
-0.156738	-0.133789	0.903320	-0.580153	0.908397	1.022901	8.946557
-0.148926	-0.130371	0.898193	-0.236641	0.748092	1.824427	8.956575
-0.153320	-0.124023	0.916260	-1.870229	0.496183	2.412214	8.966687
-0.153809	-0.142334	0.896240	-3.007634	-0.175573	2.503817	8.977314
-0.158936	-0.152100	0.896729	-3.900763	-0.656489	2.175573	8.987567
-0.157715	-0.146729	0.905029	-5.083969	-0.656489	1.763359	8.998049
-0.158447	-0.152344	0.900146	-5.603053	-0.480916	1.763359	9.008165
-0.160645	-0.154541	0.902588	-5.511450	-0.274809	1.709924	9.018815
-0.158203	-0.167236	0.904541	-4.381679	-0.419847	1.671756	9.028917
-0.156006	-0.162109	0.907959	-3.221374	-0.793893	1.793893	9.039710
-0.168945	-0.168945	0.896729	-1.793893	-0.679389	1.786260	9.050023
-0.166260	-0.162354	0.889404	-0.648855	-0.595420	1.618321	9.060245
-0.161133	-0.148193	0.879883	-0.488550	-0.519084	1.145038	9.070878
-0.158203	-0.153076	0.866699	-1.038168	-0.305344	0.732824	9.080856
-0.165283	-0.140137	0.872070	-2.244275	0.145038	0.786260	9.091800
-0.158936	-0.146484	0.871094	-2.679389	0.541985	0.870229	9.102140
-0.158936	-0.154541	0.885010	-3.335878	0.763359	0.656489	9.112671
-0.160400	-0.158691	0.885742	-3.870229	0.801527	0.366412	9.122389
-0.163574	-0.149170	0.883789	-3.908397	1.244275	-0.015267	9.132708
-0.164307	-0.158936	0.893311	-3.396947	0.900763	-0.091603	9.143047
-0.163330	-0.155273	0.890625	-2.343511	0.839695	-0.328244	9.153474
-0.167236	-0.151855	0.878906	-2.274809	1.290076	-0.664122	9.163804
-0.155273	-0.157471	0.877197	-2.129771	1.389313	-0.511450	9.174147
-0.160645	-0.153564	0.890869	-1.038168	1.076336	-0.923664	9.184354
-0.160400	-0.141113	0.884766	-1.091603	0.633588	-0.839695	9.194741
-0.165527	-0.147705	0.890869	-1.427481	0.709924	-0.603053	9.205091
-0.160645	-0.149414	0.869141	-1.679389	0.984733	-0.687023	9.215320
-0.171143	-0.148926	0.885010	-2.053435	1.251908	-0.755725	9.225753
-0.167480	-0.141846	0.890381	-2.312977	0.885496	-0.900763	9.236118
-0.167969	-0.141602	0.881836	-2.076336	0.786260	-0.893130	9.246111
-0.175049	-0.141846	0.879639	-1.541985	0.954198	-0.961832	9.255810
-0.175049	-0.138428	0.871338	-1.427481	1.259542	-0.450382	9.266686
-0.168701	-0.143066	0.889404	-1.503817	1.671756	-0.145038	9.276783
-0.175537	-0.137695	0.883789	-1.740458	1.473282	-0.312977	9.286540
-0.171875	-0.136475	0.880615	-2.366412	1.931298	-0.045802	9.297466
-0.187256	-0.147705	0.885254	-2.015267	1.648855	-0.183206	9.307994
-0.167969	-0.145752	0.879150	-1.671756	1.320611	-0.389313	9.318362
-0.172852	-0.149414	0.876953	-1.312977	0.931298	-0.389313	9.328977
-0.172363	-0.148926	0.879639	-1.641221	1.343511	-0.816794	9.339008
-0.170410	-0.151855	0.878662	-1.916031	1.664122	-0.870229	9.349888
-0.159668	-0.147705	0.896484	-1.809160	1.648855	-0.549618	9.360115
-0.162842	-0.156006	0.894043	-1.893130	2.053435	-0.679389	9.370482
-0.167236	-0.153564	0.895264	-1.572519	1.732824	-0.877863	9.380853
-0.164551	-0.152344	0.898193	-1.259542	1.580153	-0.648855	9.392113
-0.172119	-0.155518	0.892578	-1.145038	1.419847	-1.076336	9.402694
-0.166748	-0.153320	0.886230	-1.206107	1.160305	-1.564885	9.413055
-0.161621	-0.147949	0.887695	-1.404580	0.969466	-1.984733	9.423683
-0.167725	-0.151123	0.894531	-1.679389	1.564885	-2.297710	9.434018
-0.167480	-0.147461	0.886475	-1.259542	1.183206	-2.374046	9.443910
-0.165527	-0.145020	0.890869	-0.198473	1.305344	-2.519084	9.453420
-0.168213	-0.143311	0.897705	0.427481	0.862595	-2.351145	9.463302
-0.171387	-0.131836	0.891113	1.297710	0.954198	-2.305344	9.474768
-0.166504	-0.131592	0.888428	2.267176	0.961832	-2.267176	9.485162
-0.164551	-0.130859	0.884277	3.236641	1.114504	-2.366412	9.495602
-0.170898	-0.135498	0.897949	4.198473	1.053435	-2.297710	9.505963
-0.166260	-0.135010	0.894287	4.251908	3.893130	-2.519084	9.516104
-0.157471	-0.150391	0.864990	3.122137	2.366412	-2.618321	9.525875
-0.155029	-0.131836	0.862305	1.679389	2.809160	-2.748092	9.536678
-0.148926	-0.145752	0.886963	1.610687	2.458015	-2.656489	9.547006
-0.161621	-0.129395	0.898193	0.816794	2.412214	-2.122137	9.557178
-0.166016	-0.135498	0.891357	0.458015	2.519084	-1.809160	9.567065
-0.166260	-0.130859	0.904053	-0.190840	1.977099	-1.725191	9.577661
-0.164062	-0.113525	0.902832	0.068702	1.679389	-1.534351	9.588142
-0.164795	-0.125000	0.897461	-0.709924	1.374046	-0.732824	9.598597
-0.169678	-0.125977	0.906006	-1.541985	1.282443	-0.740458	9.609424
-0.173584	-0.127930	0.899902	-1.954198	1.267176	-0.351145	9.619431
-0.168457	-0.132812	0.897949	-1.450382	1.320611	-0.206107	9.629932
-0.170654	-0.116455	0.909668	-0.946565	1.358779	-0.106870	9.640617
-0.160156	-0.120361	0.904297	-0.534351	1.045802	-0.519084	9.650913
-0.170654	-0.116943	0.906738	-1.267176	1.106870	-0.526718	9.661326
-0.167725	-0.117432	0.903076	-2.312977	1.106870	-0.801527	9.671591
-0.168213	-0.116943	0.905518	-2.946565	0.748092	-1.068702	9.682174
-0.174561	-0.116211	0.899658	-3.297710	0.396947	-0.656489	9.692771
-0.172852	-0.126709	0.908447	-1.541985	0.114504	-0.862595	9.703336
-0.169922	-0.124512	0.895264	-1.671756	0.519084	0.038168	9.713437
-0.172607	-0.129395	0.896973	0.664122	0.412214	-0.114504	9.725908
-0.164307	-0.123291	0.895020	1.374046	-0.267176	0.083969	9.736166
-0.169189	-0.122070	0.904541	0.664122	-0.832061	-0.374046	9.746627
-0.162109	-0.113525	0.901611	-0.267176	-0.877863	-0.725191	9.756826
-0.167969	-0.120850	0.896729	-1.061069	-0.832061	-0.725191	9.767307
-0.163330	-0.109375	0.887207	-2.870229	-0.335878	-0.015267	9.777657
-0.160400	-0.121094	0.895996	-2.916031	-0.396947	-0.030534	9.788210
-0.163574	-0.117676	0.900635	-2.427481	-0.709924	0.748092	9.798308
-0.155518	-0.134033	0.886230	-2.267176	-0.595420	0.832061	9.808922
-0.158936	-0.120605	0.886719	-1.755725	-0.465649	1.030534	9.819402
-0.170898	-0.124512	0.882812	-2.389313	-0.458015	1.610687	9.829284
-0.153076	-0.115967	0.884521	-3.358779	-0.259542	1.900763	9.840183
-0.151611	-0.118896	0.880127	-4.633588	0.175573	2.129771	9.850138
-0.150879	-0.113281	0.892822	-5.732824	0.099237	2.030534	9.860252
-0.161377	-0.117188	0.892822	-7.305344	0.083969	1.595420	9.870950
-0.159912	-0.114746	0.893555	-8.267176	-0.335878	1.526718	9.881615
-0.164551	-0.117432	0.900635	-8.801527	-0.419847	2.106870	9.892133
-0.170166	-0.114014	0.876221	-8.374046	-0.236641	2.809160	9.902203
-0.169434	-0.126953	0.875488	-7.885496	0.221374	3.404580	9.912840
-0.167480	-0.126221	0.872314	-6.832061	0.343511	3.816794	9.922997
-0.164307	-0.124268	0.871094	-4.519084	0.732824	4.160305	9.933321
-0.159180	-0.124268	0.866211	-2.564885	0.900763	4.488550	9.943249
-0.155273	-0.110107	0.873291	-1.893130	1.633588	4.320611	9.954468
-0.149414	-0.129150	0.883789	-2.167939	1.839695	3.702290	9.964629
-0.149170	-0.123535	0.897705	-2.549618	2.122137	3.236641	9.974689
-0.161865	-0.129395	0.882080	-2.786260	2.160305	2.786260	9.985034
-0.168457	-0.140137	0.887207	-2.206107	2.076336	2.442748	9.995286
-0.172119	-0.142578	0.888916	-1.145038	1.885496	2.099237	10.005951
-0.176514	-0.134277	0.891846	-0.099237	1.419847	2.297710	10.016362
-0.172852	-0.125488	0.876953	0.106870	1.648855	2.305344	10.026844
-0.176025	-0.125977	0.875732	-0.274809	1.328244	2.763359	10.037336
-0.173096	-0.122803	0.879883	-0.656489	1.320611	2.870229	10.048300
-0.179688	-0.129395	0.886963	-1.786260	1.465649	3.045802	10.058691
-0.171631	-0.127686	0.897705	-2.541985	1.595420	2.793893	10.068728
-0.184326	-0.131592	0.884033	-3.213740	1.526718	3.145038	10.078894
-0.187744	-0.135254	0.887207	-3.541985	1.183206	2.923664	10.088448
-0.176025	-0.138916	0.891846	-3.549618	1.274809	2.709924	10.099178
-0.182617	-0.147217	0.901611	-3.564885	1.572519	2.473282	10.109669
-0.177246	-0.136475	0.896240	-2.679389	1.129771	2.725191	10.119558
-0.178223	-0.144775	0.891357	-1.351145	1.175573	2.770992	10.128948
-0.184082	-0.142090	0.905273	-1.274809	1.198473	3.015267	10.138840
-0.174805	-0.141846	0.898926	-1.198473	0.847328	2.786260	10.148524
-0.174561	-0.140137	0.904297	-1.572519	0.946565	2.381679	10.157814
-0.178955	-0.137695	0.916748	-1.992366	0.908397	1.748092	10.166962
-0.169434	-0.141846	0.904297	-2.984733	0.847328	1.465649	10.176306
-0.170898	-0.142578	0.903320	-3.755725	0.786260	1.366412	10.185532
-0.172119	-0.149414	0.916504	-3.732824	0.671756	0.961832	10.194892
-0.180420	-0.154297	0.911865	-3.885496	0.480916	0.824427	10.204129
-0.186279	-0.152832	0.909668	-4.152672	0.389313	0.854962	10.213271
-0.167969	-0.150391	0.905029	-3.992366	0.137405	0.679389	10.222448
-0.164062	-0.150391	0.903320	-3.564885	-0.099237	0.687023	10.231648
-0.160645	-0.145264	0.912354	-3.007634	-0.343511	0.587786	10.240854
-0.171631	-0.149414	0.902100	-2.893130	0.175573	0.374046	10.249949
-0.170166	-0.148682	0.885498	-2.610687	-0.541985	0.610687	10.259047
-0.171143	-0.143311	0.890381	-2.320611	-0.526718	0.259542	10.268227
-0.168213	-0.145996	0.890869	-2.641221	-0.244275	0.053435	10.277435
-0.162842	-0.131104	0.890869	-3.633588	-0.435115	-0.320611	10.286632
-0.167969	-0.135254	0.902100	-5.351145	-0.473282	-0.183206	10.295842
-0.163818	-0.144043	0.916748	-6.022901	-0.106870	-0.404580	10.304998
-0.167969	-0.139160	0.896240	-6.274809	-0.259542	-0.450382	10.314230
-0.164307	-0.145264	0.894287	-6.061069	-0.267176	-0.099237	10.323392
-0.169434	-0.155273	0.890625	-5.274809	-0.335878	1.946565	10.332544
-0.171631	-0.153320	0.887695	-3.969466	-0.320611	-0.122137	10.341694
-0.171387	-0.143799	0.880371	-3.175573	-0.450382	0.022901	10.350874
-0.166260	-0.135742	0.879150	-2.358779	-0.488550	0.030534	10.360049
-0.168213	-0.135986	0.878174	-2.335878	-0.389313	-0.274809	10.369191
-0.162109	-0.145508	0.874268	-2.274809	-1.923664	-0.480916	10.378302
-0.160400	-0.139160	0.869141	-2.961832	0.129771	-0.274809	10.387563
-0.163330	-0.138672	0.868408	-3.297710	0.297710	-0.503817	10.396682
-0.168213	-0.135010	0.872803	-3.503817	0.259542	-0.641221	10.405895
-0.164795	-0.136963	0.876221	-4.106870	0.679389	-0.877863	10.415275
-0.168945	-0.146729	0.870850	-5.076336	0.908397	-0.687023	10.424439
-0.160156	-0.150391	0.869629	-5.022901	0.923664	-1.183206	10.433646
-0.159180	-0.145752	0.878418	-3.893130	1.557252	-1.267176	10.442872
-0.161377	-0.140625	0.868652	-2.465649	1.374046	-0.893130	10.452042
-0.165283	-0.140381	0.875732	-1.351145	1.076336	-0.969466	10.461333
-0.162598	-0.140381	0.884277	-0.679389	1.312977	-1.175573	10.470586
-0.167969	-0.125000	0.877930	-1.076336	1.519084	-1.244275	10.480780
-0.169434	-0.128662	0.883057	-2.083969	1.786260	-1.244275	10.492846
-0.163086	-0.131348	0.880371	-2.496183	1.969466	-1.519084	10.503028
-0.186035	-0.127930	0.876221	-2.007634	2.030534	-1.732824	10.513980
-0.165771	-0.134766	0.874756	-1.870229	2.526718	-1.671756	10.524535
-0.176025	-0.125977	0.887939	-1.633588	2.022901	-1.343511	10.534647
-0.169189	-0.127197	0.891602	-1.458015	2.015267	-1.106870	10.545196
-0.166260	-0.122070	0.879395	-1.328244	1.603053	-0.709924	10.555691
-0.173340	-0.123535	0.887451	-1.717557	2.007634	-0.198473	10.566310
-0.164307	-0.126221	0.889893	-1.503817	1.854962	0.175573	10.576535
-0.181885	-0.119141	0.882080	-1.450382	2.167939	0.687023	10.587017
-0.177002	-0.128662	0.875488	-1.603053	2.244275	0.648855	10.597121
-0.170166	-0.124512	0.879395	-2.702290	2.961832	0.694656	10.607699
-0.168701	-0.134766	0.891602	-3.480916	2.656489	0.160305	10.618424
-0.161865	-0.134277	0.896973	-3.832061	2.725191	0.145038	10.628891
-0.165771	-0.146729	0.902588	-3.938931	2.763359	0.297710	10.639749
-0.167969	-0.146240	0.898682	-3.358779	2.839695	-0.106870	10.650038
-0.172852	-0.142334	0.902588	-1.961832	2.511450	-0.221374	10.660327
-0.173828	-0.140625	0.907227	-1.587786	2.007634	0.030534	10.670475
-0.174072	-0.135742	0.906250	-1.625954	1.740458	-0.076336	10.680687
-0.176270	-0.129395	0.894043	-2.229008	1.625954	-0.114504	10.690958
-0.159668	-0.130859	0.902100	-2.038168	1.229008	-0.366412	10.701312
-0.175781	-0.128662	0.897949	-1.572519	0.702290	0.221374	10.711996
-0.178467	-0.132812	0.888916	-1.137405	0.427481	0.564885	10.722189
-0.179199	-0.125244	0.885742	-1.305344	0.633588	0.664122	10.731638
-0.181152	-0.127441	0.890137	-2.435115	1.152672	0.572519	10.741092
-0.181152	-0.126465	0.886230	-3.610687	0.946565	0.435115	10.751314
-0.175537	-0.124268	0.888184	-4.190840	1.603053	0.335878	10.761109
-0.177490	-0.131836	0.897217	-4.763359	1.687023	0.488550	10.770413
-0.174316	-0.132568	0.897461	-4.167939	2.038168	0.251908	10.779583
-0.169189	-0.145508	0.904297	-3.000000	1.534351	0.137405	10.788721
-0.175537	-0.147705	0.899658	-1.709924	1.488550	0.534351	10.797868
-0.173584	-0.138672	0.902100	-0.916031	0.946565	0.549618	10.807150
-0.170166	-0.136475	0.897949	-0.290076	0.801527	0.366412	10.816588
-0.179443	-0.141602	0.907227	-0.412214	0.541985	0.282443	10.825807
-0.177246	-0.127686	0.898438	-0.641221	0.282443	0.198473	10.834962
-0.175049	-0.124268	0.899170	-1.419847	-0.198473	0.198473	10.844189
-0.176270	-0.128174	0.909180	-2.152672	-0.519084	0.381679	10.853347
-0.176514	-0.128174	0.912598	-3.465649	-0.404580	0.679389	10.862473
-0.172119	-0.129639	0.905762	-3.625954	-0.595420	1.007634	10.871637
-0.172607	-0.138916	0.890625	-3.259542	-0.885496	1.557252	10.880897
-0.175537	-0.135986	0.894531	-3.091603	-1.015267	2.083969	10.890046
-0.181152	-0.139648	0.885986	-2.740458	-0.778626	1.923664	10.899177
-0.176758	-0.137207	0.887207	-2.160305	-1.068702	1.641221	10.908271
-0.177002	-0.130371	0.883301	-1.885496	-0.610687	1.549618	10.917471
-0.174805	-0.122559	0.878662	-2.343511	-0.610687	1.267176	10.926633
-0.165527	-0.126709	0.891113	-4.106870	-0.282443	1.068702	10.935833
-0.167725	-0.139404	0.885742	-4.793893	-0.213740	0.992366	10.945056
-0.172119	-0.134033	0.898926	-5.534351	-0.412214	1.274809	10.954239
-0.177490	-0.142822	0.890381	-5.557252	-0.534351	1.419847	10.963437
-0.171387	-0.148926	0.875977	-4.679389	-0.442748	1.496183	10.972576
-0.177002	-0.148438	0.882080	-3.824427	-0.435115	1.511450	10.981722
-0.160645	-0.142334	0.881592	-2.847328	-0.335878	1.396947	10.991052
-0.164062	-0.146484	0.877441	-2.374046	0.351145	1.320611	11.000294
-0.160156	-0.142578	0.881104	-2.038168	0.381679	0.931298	11.009477
-0.164795	-0.145020	0.888916	-1.786260	0.534351	0.839695	11.018582
-0.168701	-0.144775	0.897949	-1.526718	0.427481	0.893130	11.027927
-0.166016	-0.138428	0.884033	-1.343511	0.557252	0.534351	11.037104
-0.167725	-0.135498	0.886475	-1.671756	0.312977	0.572519	11.046280
-0.169434	-0.132080	0.885498	-1.984733	0.175573	0.641221	11.055482
-0.169922	-0.137451	0.883057	-2.343511	-0.152672	0.778626	11.064616
-0.168945	-0.129883	0.877441	-2.961832	0.083969	1.167939	11.074034
-0.171631	-0.142090	0.875488	-1.977099	0.213740	1.282443	11.083181
-0.167236	-0.143799	0.875488	-4.091603	0.412214	1.450382	11.093637
-0.170654	-0.152344	0.889160	-3.435115	0.389313	1.412214	11.105851
-0.171875	-0.144775	0.884277	-2.496183	0.625954	1.114504	11.116015
-0.165527	-0.154053	0.887207	-1.931298	0.412214	0.465649	11.126907
-0.166016	-0.153809	0.879395	-1.618321	0.396947	0.030534	11.137267
-0.164551	-0.140381	0.879883	-1.290076	0.893130	-0.045802	11.147604
-0.166748	-0.138916	0.872803	-2.190840	1.206107	0.229008	11.157639
-0.170898	-0.136963	0.882080	-2.541985	1.664122	-0.137405	11.168208
-0.170654	-0.132812	0.882812	-2.465649	1.740458	-0.129771	11.178768
-0.158203	-0.137451	0.889160	-2.572519	1.801527	0.190840	11.189167
-0.176514	-0.141357	0.893555	-2.816794	1.748092	0.053435	11.199581
-0.167236	-0.146240	0.880371	-2.343511	1.763359	0.183206	11.210585
-0.165771	-0.133789	0.895752	-2.099237	1.343511	-0.045802	11.221241
-0.174072	-0.134766	0.899658	-2.312977	1.251908	0.221374	11.231600
-0.168213	-0.137451	0.892578	-2.480916	1.404580	0.412214	11.241787
-0.165771	-0.134766	0.886230	-2.015267	1.213740	0.519084	11.252269
-0.164795	-0.133545	0.900146	-2.274809	1.152672	0.862595	11.262523
-0.167725	-0.154297	0.898438	-2.122137	0.992366	0.870229	11.273272
-0.175537	-0.145020	0.901611	-2.213740	0.595420	0.977099	11.283400
-0.177734	-0.135986	0.894775	-2.015267	0.427481	1.122137	11.293812
-0.173096	-0.131104	0.897949	-2.320611	0.358779	1.137405	11.304367
-0.174072	-0.133301	0.887451	-2.083969	0.419847	0.633588	11.314674
-0.175049	-0.134033	0.884521	-2.213740	0.641221	0.236641	11.325164
-0.173828	-0.138428	0.881348	-1.885496	0.816794	0.259542	11.335645
-0.161377	-0.135742	0.887451	-1.740458	1.106870	0.374046	11.345943
-0.171875	-0.133545	0.879395	-2.122137	1.366412	0.114504	11.356282
-0.179688	-0.126221	0.890869	-2.000000	1.374046	0.091603	11.365989
-0.180176	-0.120605	0.883545	-2.480916	1.526718	-0.404580	11.375975
-0.176514	-0.120850	0.892578	-3.030534	1.519084	-0.923664	11.385512
-0.174561	-0.130371	0.894775	-3.473282	1.564885	-0.916031	11.396399
-0.172852	-0.123291	0.898438	-2.946565	1.442748	-0.595420	11.406991
-0.185791	-0.129395	0.895996	-1.816794	1.274809	0.061069	11.417528
-0.167480	-0.125488	0.894775	-0.496183	1.038168	0.816794	11.427992
-0.185303	-0.129395	0.901367	-0.167939	0.641221	1.099237	11.438287
-0.167236	-0.123779	0.895752	0.061069	0.251908	1.427481	11.448475
-0.167480	-0.114746	0.895996	-0.931298	-0.053435	2.000000	11.458751
-0.164551	-0.116211	0.892578	-2.595420	-0.229008	2.396947	11.469235
-0.172363	-0.136719	0.890869	-3.893130	-0.259542	2.351145	11.479632
-0.169434	-0.135498	0.895752	-4.541985	-0.335878	2.717557	11.489999
-0.179199	-0.133789	0.896729	-4.450382	-0.335878	2.816794	11.499971
-0.172119	-0.134521	0.881592	-3.709924	-0.435115	3.167939	11.510406
-0.174072	-0.144287	0.889404	-3.183206	-0.465649	3.236641	11.520988
-0.174805	-0.146484	0.884521	-2.419847	-0.458015	3.473282	11.531320
-0.163818	-0.138672	0.887207	-2.213740	-0.290076	3.374046	11.541911
-0.174072	-0.141357	0.889404	-2.053435	-0.114504	3.480916	11.552197
-0.172119	-0.144043	0.883545	-1.946565	-0.251908	3.076336	11.562296
-0.170410	-0.147461	0.884766	-1.786260	-0.183206	3.030534	11.572927
-0.169434	-0.147461	0.890137	-2.030534	-0.320611	2.328244	11.583330
-0.177002	-0.148926	0.880859	-2.297710	-1.923664	2.374046	11.593681
-0.178223	-0.152344	0.880127	-2.068702	0.236641	2.335878	11.603910
-0.180176	-0.142822	0.879395	-2.755725	0.519084	2.213740	11.614189
-0.178223	-0.143555	0.888184	-3.580153	1.091603	1.854962	11.624714
-0.175049	-0.148438	0.883545	-3.969466	1.870229	1.404580	11.635043
-0.163086	-0.154785	0.891846	-3.946565	1.847328	0.946565	11.645017
-0.173584	-0.142578	0.880371	-2.778626	1.916031	0.656489	11.655327
-0.174561	-0.156738	0.876465	-1.763359	1.770992	0.687023	11.665803
-0.175049	-0.154541	0.881592	-1.549618	1.587786	0.610687	11.676342
-0.177246	-0.129639	0.880371	-1.320611	1.541985	0.061069	11.686658
-0.171875	-0.134521	0.882080	-2.900763	1.564885	-0.267176	11.696948
-0.176514	-0.139404	0.886230	-3.839695	1.908397	-0.557252	11.707186
-0.176514	-0.135986	0.885254	-4.290076	1.893130	-0.801527	11.717667
-0.171631	-0.143066	0.895264	-4.167939	1.770992	-0.549618	11.731583
-0.166260	-0.143066	0.897461	-3.366412	1.526718	-0.129771	11.741430
-0.174561	-0.142578	0.887695	-2.358779	1.244275	0.458015	11.752465
-0.166260	-0.149414	0.894287	-1.358779	0.824427	0.595420	11.762641
-0.174805	-0.146484	0.885010	-2.022901	0.572519	0.763359	11.772966
-0.169434	-0.159912	0.873047	-1.427481	1.541985	0.236641	11.783459
-0.169678	-0.145752	0.881592	-0.992366	1.274809	-0.129771	11.793573
-0.165039	-0.132568	0.875244	-1.458015	1.496183	-0.519084	11.803807
-0.176514	-0.133789	0.882812	-2.977099	1.961832	-0.572519	11.814309
-0.171143	-0.143066	0.891357	-3.694656	1.809160	-1.083969	11.824855
-0.182373	-0.144043	0.887207	-3.572519	1.908397	-1.137405	11.835588
-0.176270	-0.146973	0.880615	-2.305344	1.969466	-1.000000	11.846071
-0.168213	-0.141357	0.883057	-0.709924	1.816794	-0.679389	11.856835
-0.175537	-0.138672	0.889648	-0.045802	1.664122	-0.175573	11.867083
-0.175781	-0.132080	0.890381	0.251908	0.015267	-0.122137	11.877712
-0.176270	-0.133057	0.884277	-0.312977	0.015267	-0.122137	11.888121
-0.178223	-0.127197	0.881104	-1.183206	2.183206	-0.167939	11.898527
-0.168213	-0.137695	0.878418	-1.977099	2.412214	-0.167939	11.908875
-0.176025	-0.140625	0.897461	-1.648855	2.290076	-0.389313	11.919275
-0.177734	-0.127441	0.901123	-1.045802	1.679389	-0.480916	11.929725
-0.180176	-0.140625	0.908447	-0.770992	1.801527	-0.740458	11.940122
-0.180176	-0.145264	0.892578	0.076336	1.419847	-0.923664	11.950039
-0.178711	-0.143311	0.898193	0.404580	0.938931	-1.091603	11.960335
-0.179688	-0.131104	0.898682	0.709924	0.977099	-1.015267	11.971077
-0.181885	-0.128906	0.896729	0.442748	1.015267	-1.183206	11.981571
-0.181641	-0.132080	0.899414	-0.221374	1.305344	-1.259542	11.992005
-0.185059	-0.128418	0.885742	-0.908397	1.557252	-1.656489	12.002207
-0.182373	-0.130127	0.896240	-1.473282	1.839695	-1.877863	12.011852
-0.179932	-0.115234	0.895508	-2.129771	1.793893	-1.839695	12.022150
-0.179932	-0.129150	0.895752	-3.282443	1.748092	-1.725191	12.032622
-0.185791	-0.129395	0.899170	-3.740458	1.473282	-1.969466	12.042966
-0.180664	-0.132812	0.899902	-3.679389	1.374046	-1.832061	12.053203
-0.184570	-0.127197	0.898926	-2.832061	0.572519	-1.503817	12.063415
-0.181396	-0.128906	0.904297	-1.694656	0.549618	-1.320611	12.073968
-0.185059	-0.130371	0.897949	-1.366412	0.076336	-0.832061	12.084344
-0.176758	-0.127930	0.885010	-1.732824	0.259542	-0.221374	12.094611
-0.176514	-0.123535	0.884033	-2.503817	0.335878	-0.374046	12.104915
-0.182129	-0.120117	0.892578	-3.496183	0.206107	0.045802	12.115227
-0.180908	-0.123535	0.882812	-3.770992	0.610687	0.290076	12.125494
-0.175049	-0.123291	0.881104	-3.908397	0.549618	0.022901	12.136249
-0.166504	-0.128906	0.875000	-3.854962	0.656489	0.022901	12.146574
-0.175049	-0.139648	0.859619	-3.450382	0.488550	0.083969	12.156787
-0.169434	-0.128418	0.878418	-3.267176	0.473282	0.190840	12.167173
-0.171875	-0.127197	0.889404	-3.404580	0.305344	0.236641	12.177629
-0.168945	-0.125488	0.899658	-3.229008	0.534351	0.526718	12.188123
-0.168945	-0.136230	0.886230	-2.740458	0.633588	0.587786	12.198521
-0.166748	-0.133545	0.873291	-1.847328	0.725191	0.824427	12.208511
-0.165771	-0.135986	0.880127	-1.618321	0.916031	1.053435	12.218704
-0.173340	-0.132324	0.876709	-1.977099	1.152672	0.610687	12.229166
-0.168457	-0.136230	0.881836	-1.824427	1.267176	0.404580	12.239724
-0.177979	-0.137207	0.872070	-1.786260	1.099237	0.297710	12.250033
-0.171875	-0.123291	0.889648	-2.328244	1.503817	1.946565	12.260680
-0.168945	-0.135986	0.886230	-2.687023	1.221374	-0.045802	12.271078
-0.172607	-0.129639	0.881348	-2.320611	1.473282	-0.206107	12.281289
-0.172852	-0.130859	0.885986	-1.763359	1.465649	0.587786	12.291748
-0.171875	-0.133545	0.884766	-1.374046	1.503817	0.984733	12.302153
-0.175537	-0.136963	0.891846	-1.328244	1.366412	1.305344	12.312399
-0.176270	-0.136719	0.892578	-1.137405	1.145038	1.213740	12.322749
-0.176025	-0.132080	0.885742	-0.923664	0.641221	1.259542	12.332986
-0.170898	-0.121582	0.889404	-1.045802	0.717557	1.267176	12.343578
-0.176025	-0.131348	0.889648	-0.893130	0.916031	1.549618	12.354248
-0.172852	-0.125977	0.869629	-0.473282	0.900763	1.885496	12.364562
-0.174561	-0.123779	0.881836	0.282443	0.847328	2.549618	12.374964
-0.178467	-0.117432	0.895020	1.717557	0.473282	2.969466	12.385705
-0.183838	-0.125000	0.895264	2.893130	0.656489	2.870229	12.395906
-0.184326	-0.115234	0.906738	3.160305	0.480916	3.167939	12.406316
-0.179932	-0.104980	0.889404	2.511450	0.633588	3.549618	12.416686
-0.187256	-0.110596	0.880615	1.969466	0.335878	3.916031	12.427357
-0.195801	-0.122559	0.871094	2.175573	0.717557	3.969466	12.437801
-0.184570	-0.111084	0.872070	0.297710	0.862595	4.129771	12.448319
-0.186279	-0.123535	0.876709	-1.709924	0.793893	4.099237	12.458393
-0.191162	-0.117432	0.885498	-3.496183	1.251908	3.839695	12.468882
-0.194336	-0.129883	0.890869	-4.908397	1.320611	3.900763	12.479944
-0.190674	-0.133789	0.890869	-4.335878	1.358779	3.519084	12.489997
-0.189697	-0.139648	0.899170	-3.022901	1.458015	3.770992	12.501063
-0.181885	-0.141602	0.895752	-2.725191	1.335878	3.297710	12.511027
-0.187256	-0.147217	0.891846	-2.312977	1.786260	2.763359	12.521411
-0.171631	-0.140381	0.893799	-2.954198	1.458015	2.343511	12.531876
-0.169434	-0.157715	0.904297	-2.778626	1.343511	1.175573	12.541471
-0.172852	-0.153076	0.899414	-2.435115	0.610687	0.351145	12.552273
-0.177490	-0.145996	0.904297	-2.893130	0.549618	-0.488550	12.562335
-0.174316	-0.145996	0.896240	-3.053435	0.541985	-0.740458	12.573049
-0.179443	-0.148438	0.908203	-3.091603	0.656489	-1.076336	12.583686
-0.187012	-0.142090	0.892090	-2.832061	0.610687	-1.511450	12.594046
-0.181641	-0.143311	0.901367	-2.343511	1.068702	-1.374046	12.604530
-0.180664	-0.140869	0.898682	-1.595420	1.076336	-1.633588	12.614987
-0.192139	-0.129395	0.889648	-1.129771	0.893130	-1.648855	12.625406
-0.187256	-0.125244	0.900391	-1.664122	1.091603	-2.053435	12.635835
-0.194336	-0.119873	0.882324	-2.229008	0.900763	-2.175573	12.645815
-0.188477	-0.124023	0.899414	-2.824427	0.511450	-2.137405	12.655424
-0.192383	-0.116699	0.899902	-2.335878	0.114504	-1.465649	12.664937
-0.190430	-0.123535	0.898682	-0.442748	-0.099237	-0.519084	12.676150
-0.184570	-0.111816	0.898682	0.290076	-0.641221	0.877863	12.686694
-0.184326	-0.115479	0.892578	2.068702	-0.809160	1.396947	12.697088
-0.177002	-0.113770	0.897461	2.854962	-1.145038	1.748092	12.707478
-0.177734	-0.113281	0.905273	4.000000	-1.175573	1.671756	12.717428
-0.167236	-0.105713	0.885010	2.305344	-1.274809	1.465649	12.727920
-0.162109	-0.121338	0.876221	0.343511	-0.679389	1.129771	12.738344
-0.166016	-0.124756	0.887207	-1.419847	-0.610687	0.541985	12.748825
-0.165039	-0.130127	0.879395	-2.503817	-0.442748	0.473282	12.759294
-0.166748	-0.125977	0.879395	-1.694656	-0.190840	-0.099237	12.769619
-0.157471	-0.125000	0.883057	-1.129771	0.114504	0.213740	12.780241
