-0.135254	-0.064941	1.157471	-5.977099	10.145038	5.610687	0.002576
-0.163574	-0.049072	1.223145	-5.595420	5.641221	4.320611	0.010530
-0.163574	-0.039795	1.235596	-2.664122	0.396947	3.748092	0.018108
-0.220215	-0.114990	1.238770	-2.541985	-8.015267	0.885496	0.025605
-0.080811	-0.051270	1.077637	6.305344	-4.961832	1.251908	0.033200
-0.126221	0.009766	1.107666	-0.061069	-4.206107	-0.770992	0.040760
-0.153076	0.032959	1.103516	-1.274809	-5.259542	1.603053	0.048269
-0.126709	0.013184	1.047363	-3.526718	-4.893130	3.244275	0.055789
-0.106689	0.013428	1.018311	-4.099237	-3.076336	4.885496	0.063315
-0.115967	0.024170	1.024658	-6.251908	0.198473	6.648855	0.070898
-0.110840	-0.017578	1.022217	-8.458015	1.931298	7.549618	0.078562
-0.101562	-0.044189	1.057129	-9.335878	3.198473	6.290076	0.086079
-0.104248	-0.045654	1.081787	-9.954198	3.389313	4.946565	0.093643
-0.122803	-0.058594	1.103760	-11.427481	2.213740	4.389313	0.101140
-0.131348	-0.057861	1.157959	-13.030534	0.465649	1.664122	0.108653
-0.134277	-0.056396	1.168945	-11.687023	-2.290076	0.625954	0.116146
-0.119141	-0.062988	1.155518	-9.816794	-4.251908	-1.061069	0.123689
-0.133545	-0.014648	1.145508	-8.351145	-4.839695	-0.412214	0.131237
-0.133789	-0.000977	1.114502	-7.488550	-4.885496	0.458015	0.138761
-0.133545	0.006836	1.106201	-7.770992	-4.564885	1.557252	0.146268
-0.125732	-0.034912	1.094482	-6.343511	-4.396947	2.732824	0.153816
-0.120850	-0.053467	1.081787	-3.694656	-4.396947	1.519084	0.161334
-0.136475	-0.025635	1.091309	-1.282443	-5.083969	0.877863	0.168859
-0.127441	-0.052490	1.086914	1.526718	-12.320611	0.549618	0.176425
-0.099854	-0.018799	1.016113	2.282443	-3.259542	1.442748	0.183932
-0.097412	-0.046875	1.039062	-0.312977	-0.343511	-0.137405	0.191463
-0.112305	-0.053467	1.059326	1.671756	0.099237	-0.068702	0.198970
-0.114990	-0.048828	1.070068	2.022901	1.656489	-1.923664	0.206449
-0.129150	-0.031250	1.101807	3.068702	0.519084	-2.183206	0.213950
-0.128174	-0.019287	1.108643	1.824427	-0.526718	-1.351145	0.222319
-0.117920	-0.023682	1.087158	0.870229	-0.122137	-0.412214	0.231612
-0.121338	-0.012207	1.086182	1.038168	-0.267176	-0.786260	0.240973
-0.120605	0.031006	1.070068	-0.900763	0.106870	1.946565	0.250395
-0.104004	-0.021484	1.050537	-3.305344	1.809160	2.908397	0.259838
-0.114502	-0.042725	1.100098	-2.488550	1.916031	1.954198	0.269586
-0.117676	-0.041260	1.095459	0.335878	1.496183	0.801527	0.280340
-0.136963	-0.021729	1.142822	0.625954	-0.809160	0.755725	0.291399
-0.121826	-0.038086	1.120117	1.290076	-2.664122	0.251908	0.303550
-0.103516	-0.045654	1.083008	3.328244	-3.564885	0.610687	0.315547
-0.105713	-0.011475	1.062012	1.977099	-2.427481	-1.129771	0.327645
-0.102783	-0.005127	1.045410	0.488550	0.786260	-0.648855	0.339531
-0.108398	-0.040283	1.093018	-2.106870	3.877863	-0.900763	0.352141
-0.129150	-0.028076	1.114014	-0.366412	1.748092	-1.885496	0.364081
-0.124756	-0.041260	1.131348	0.068702	0.580153	-2.748092	0.376243
-0.140869	-0.022461	1.136963	3.244275	-4.022901	-2.671756	0.388094
-0.122803	-0.009521	1.089111	2.007634	-3.038168	-2.404580	0.400105
-0.131592	-0.020508	1.110840	3.282443	-3.717557	-1.786260	0.411958
-0.110107	-0.024170	1.081543	1.580153	-4.404580	-2.076336	0.424269
-0.106201	-0.038574	1.076904	0.656489	-4.442748	-3.190840	0.436232
-0.115479	0.002197	1.043213	1.068702	-2.702290	-2.083969	0.448153
-0.100830	-0.020752	1.053955	-3.503817	-0.549618	0.305344	0.460168
-0.105957	-0.052246	1.085449	-1.068702	-0.137405	-0.801527	0.472077
-0.115967	-0.026367	1.076904	-0.908397	0.587786	-2.076336	0.484257
-0.126465	-0.021729	1.111816	0.717557	-1.106870	-2.244275	0.496156
-0.120117	-0.012695	1.103516	-0.511450	-1.702290	-0.557252	0.508191
-0.117432	-0.009521	1.097412	-0.473282	-1.297710	-0.679389	0.520907
-0.112061	-0.020996	1.100098	-1.541985	-1.320611	-0.236641	0.532866
-0.127686	-0.018799	1.093506	-1.618321	-2.648855	-1.068702	0.544780
-0.112549	-0.019287	1.055664	-1.435115	-1.625954	0.435115	0.557004
-0.114746	-0.028564	1.069824	0.099237	-0.160305	0.877863	0.569238
-0.106934	-0.034180	1.055176	-0.389313	1.709924	0.664122	0.580593
-0.117188	-0.037598	1.086426	0.091603	2.351145	0.114504	0.591681
-0.119141	-0.054443	1.093262	-0.992366	1.770992	-0.106870	0.602871
-0.122803	-0.024170	1.091309	-1.335878	1.656489	0.213740	0.614729
-0.101074	-0.038330	1.066895	-3.908397	1.770992	1.893130	0.627269
-0.116943	-0.015137	1.085938	-4.343511	2.114504	2.419847	0.639412
-0.113525	-0.029297	1.105225	-5.793893	1.198473	2.190840	0.651023
-0.115967	-0.034424	1.092285	-4.305344	0.541985	3.213740	0.663387
-0.112061	-0.029053	1.080811	-4.885496	1.076336	3.687023	0.675718
-0.104492	-0.060791	1.070068	-4.557252	1.351145	2.076336	0.687821
-0.096436	0.052979	0.981201	-4.778626	7.473282	6.938931	0.699819
-0.100342	-0.038818	1.071777	-12.274809	13.290076	10.503817	0.711820
-0.148438	-0.079590	1.141357	-6.778626	5.770992	8.190840	0.724127
-0.228516	-0.188477	1.293213	-8.603053	-0.343511	4.969466	0.736020
-0.141113	-0.067139	1.103760	-2.755725	-5.007634	-2.312977	0.747800
-0.134277	-0.006836	1.129639	-0.343511	0.587786	-1.114504	0.760078
-0.130371	-0.048584	1.140137	-2.839695	-0.847328	-0.061069	0.772244
-0.131836	-0.020996	1.099609	1.328244	-0.305344	0.702290	0.784333
-0.125977	-0.015869	1.060303	0.992366	0.305344	3.198473	0.796191
-0.109619	-0.046631	1.041260	-1.664122	2.816794	3.870229	0.808622
-0.108643	-0.065674	1.057861	-2.946565	5.328244	2.145038	0.820821
-0.127930	-0.070068	1.108398	-2.587786	5.984733	0.282443	0.832692
-0.148438	-0.057617	1.186035	0.549618	-0.167939	-0.389313	0.844431
-0.125244	-0.056152	1.125000	1.175573	-3.213740	-0.709924	0.856828
-0.133057	-0.017822	1.083252	3.465649	-3.458015	-0.908397	0.869122
-0.129150	-0.032715	1.068359	1.709924	-2.343511	1.122137	0.880872
-0.129883	-0.022949	1.047852	1.671756	-2.450382	0.656489	0.892961
-0.116455	0.036865	1.011475	-2.870229	1.236641	5.633588	0.904890
-0.100098	-0.058838	1.024902	-5.519084	5.145038	7.496183	0.917177
-0.119141	-0.061523	1.068604	-4.664122	6.022901	5.610687	0.929232
-0.139404	-0.083252	1.157715	-3.618321	4.847328	3.793893	0.941211
-0.104248	-0.076416	1.098877	4.381679	-12.923664	1.709924	0.953090
-0.106689	-0.044678	1.063721	0.145038	-2.015267	0.091603	0.965164
-0.122559	-0.048340	1.094482	0.916031	-0.786260	0.038168	0.977295
-0.122314	-0.046875	1.088379	1.534351	-1.908397	-1.015267	0.989401
-0.119141	-0.031006	1.055420	0.778626	-0.244275	-0.694656	1.001174
-0.114014	-0.030518	1.049805	0.580153	2.503817	-0.687023	1.013658
-0.134521	-0.033936	1.110107	-1.549618	2.610687	0.969466	1.025194
-0.124512	-0.044189	1.102539	-1.381679	1.702290	0.404580	1.036508
-0.143555	-0.052002	1.112305	-0.137405	0.267176	-0.526718	1.049021
-0.138184	-0.036621	1.109375	1.465649	-1.687023	-1.267176	1.061120
-0.126221	-0.024414	1.063477	2.145038	-0.007634	-0.648855	1.073511
-0.132080	-0.035889	1.074463	0.114504	-2.175573	-0.450382	1.085455
-0.125000	-0.043213	1.078857	-0.122137	-1.473282	-1.694656	1.097547
-0.122559	-0.036377	1.067871	-0.473282	-0.580153	-1.992366	1.109426
-0.126709	-0.015625	1.077393	0.030534	0.335878	-0.748092	1.121693
-0.120850	-0.018311	1.041992	-1.946565	2.175573	1.725191	1.133618
-0.139893	-0.042236	1.113281	-2.862595	1.595420	2.435115	1.145516
-0.134766	-0.038818	1.112061	-2.519084	0.328244	2.847328	1.157557
-0.134277	-0.053955	1.109131	-1.664122	-1.496183	1.877863	1.169977
-0.130615	-0.034668	1.114014	-2.595420	-1.480916	0.022901	1.181802
-0.137695	-0.023682	1.116455	-3.877863	-0.328244	2.656489	1.194044
-0.139893	-0.047119	1.125000	-3.213740	-2.099237	2.900763	1.205762
-0.124023	-0.035400	1.058105	-3.015267	-1.106870	2.251908	1.217953
-0.118408	-0.005127	1.013916	-5.374046	4.877863	5.175573	1.229585
-0.126953	-0.038818	1.053711	-5.809160	9.442748	6.244275	1.241181
-0.137207	-0.035645	1.108154	-5.656489	9.587786	6.625954	1.253278
-0.142090	-0.062500	1.136230	-4.832061	5.183206	5.541985	1.265278
-0.145020	-0.053711	1.119141	-3.763359	1.183206	3.877863	1.277633
-0.155762	-0.042480	1.121338	-3.312977	-2.702290	4.809160	1.289585
-0.135010	-0.058350	1.102295	-6.961832	-1.603053	6.839695	1.301537
-0.122314	-0.109619	1.085449	-2.801527	-2.305344	3.221374	1.313525
-0.118652	-0.043213	1.036621	-7.625954	4.251908	4.068702	1.327115
-0.119873	-0.091309	1.064453	-4.083969	6.000000	1.541985	1.339587
-0.139893	-0.035156	1.070557	-2.396947	5.603053	1.526718	1.352437
-0.091309	-0.063721	1.000244	5.312977	-10.923664	0.396947	1.364592
-0.135010	-0.012695	1.044434	-6.122137	5.122137	3.839695	1.376919
-0.153076	-0.104980	1.138428	-2.496183	3.198473	4.282443	1.388531
-0.126465	-0.062012	1.092041	1.854962	1.175573	1.320611	1.400642
-0.152100	-0.078369	1.153809	-1.992366	-1.007634	-0.259542	1.412576
-0.143311	-0.093262	1.112549	-1.435115	-4.610687	-3.099237	1.424707
-0.128418	-0.073486	1.083252	1.259542	-4.885496	-5.442748	1.437006
-0.136963	-0.079590	1.076660	4.183206	-4.633588	-8.755725	1.449099
-0.134521	-0.051270	1.067383	6.786260	-6.221374	-9.496183	1.460963
-0.130615	0.003906	1.028809	6.732824	-3.244275	-5.603053	1.472995
-0.131592	0.003906	1.020996	2.824427	1.900763	0.282443	1.485100
-0.125000	-0.073486	1.067627	-1.381679	4.786260	2.641221	1.496120
-0.141846	-0.067383	1.107178	0.305344	3.442748	0.717557	1.508618
-0.145752	-0.037109	1.113770	-0.053435	1.587786	0.076336	1.520678
-0.149658	-0.042725	1.118408	-2.152672	1.312977	3.854962	1.532723
-0.156982	-0.043701	1.146240	-3.625954	-2.732824	3.030534	1.544659
-0.135742	-0.047607	1.080811	-4.007634	-3.786260	3.297710	1.556807
-0.130859	-0.092529	1.081543	-5.832061	-1.480916	1.290076	1.568950
-0.131104	-0.079102	1.078369	-0.274809	-1.412214	-0.725191	1.580794
-0.128174	-0.058105	1.050293	0.725191	0.870229	-0.916031	1.592677
-0.135498	-0.053711	1.077393	2.099237	1.511450	-0.312977	1.604564
-0.148193	-0.041992	1.106201	-0.229008	0.068702	1.145038	1.616501
-0.146240	-0.074463	1.129883	-2.603053	0.435115	4.229008	1.628718
-0.156250	-0.075439	1.120117	-2.022901	-2.068702	2.992366	1.640690
-0.128662	-0.084961	1.071533	-2.801527	-0.923664	3.358779	1.652635
-0.130127	-0.087891	1.067871	-2.282443	-0.129771	0.015267	1.664647
-0.135254	-0.069580	1.041748	-1.419847	1.290076	-0.786260	1.677047
-0.137695	-0.033203	1.060059	-1.465649	2.412214	-0.274809	1.689015
-0.133301	-0.087402	1.096680	-0.374046	1.374046	-0.129771	1.700630
-0.152344	-0.089111	1.129395	1.053435	-0.351145	-2.061069	1.712842
-0.141113	-0.067383	1.105957	3.091603	-2.496183	-2.770992	1.724844
-0.143066	-0.063965	1.091553	2.839695	-4.175573	-2.549618	1.736909
-0.140137	0.037842	0.998779	1.778626	-0.480916	3.022901	1.748964
-0.125000	-0.075439	1.053223	-3.305344	2.633588	5.496183	1.760723
-0.127686	-0.059570	1.062500	-3.465649	4.351145	5.000000	1.773163
-0.130371	-0.086670	1.083740	-4.541985	5.519084	3.435115	1.784609
-0.141113	-0.096191	1.110352	-3.129771	6.061069	2.389313	1.795191
-0.144043	-0.093750	1.148193	-0.725191	3.175573	0.679389	1.807417
-0.149658	-0.081787	1.122070	0.206107	-0.251908	-1.916031	1.819807
-0.145264	-0.056152	1.107422	0.816794	-1.656489	-1.679389	1.832003
-0.149902	-0.044922	1.111572	1.251908	-3.175573	-1.312977	1.844058
-0.130859	-0.054443	1.073486	0.648855	-3.396947	-1.022901	1.855965
-0.130127	-0.046631	1.044678	1.114504	-1.709924	-1.679389	1.867529
-0.141357	-0.064209	1.154053	-1.870229	-2.198473	-1.030534	1.879097
-0.155762	0.007812	1.022705	-1.610687	0.610687	-3.473282	1.891500
-0.142578	-0.063232	1.104248	0.572519	1.129771	-1.007634	1.903373
-0.144043	-0.069580	1.097656	0.244275	0.381679	-1.969466	1.915306
-0.160889	-0.042969	1.123535	1.549618	-1.671756	-2.419847	1.927609
-0.140381	-0.064209	1.100586	-2.786260	-2.931298	1.633588	1.942199
-0.139404	-0.040527	1.048828	-1.167939	-1.572519	-0.916031	1.957142
-0.139160	-0.051514	1.068848	-2.259542	-0.748092	-0.068702	1.969420
-0.129883	-0.063477	1.057617	-1.229008	-0.244275	-0.801527	1.981252
-0.126953	-0.052246	1.049316	-0.977099	1.183206	0.129771	1.993075
-0.129150	-0.059814	1.063965	1.137405	2.091603	-0.396947	2.004937
-0.145752	-0.063477	1.088867	-1.534351	2.832061	1.526718	2.017073
-0.140137	-0.122070	1.105957	1.328244	0.938931	-0.374046	2.029105
-0.140869	-0.070068	1.096191	2.458015	0.320611	-1.351145	2.041151
-0.138916	-0.047852	1.077393	-0.190840	1.282443	-0.167939	2.053162
-0.140625	-0.054199	1.085449	0.366412	1.045802	-0.748092	2.065713
-0.132324	-0.044434	1.056152	-1.076336	1.351145	-1.946565	2.078351
-0.139404	-0.061279	1.086670	-0.870229	2.160305	0.000000	2.090784
-0.146240	-0.065430	1.084717	-0.076336	1.076336	-0.404580	2.102831
-0.147461	-0.058838	1.092529	0.770992	-0.519084	-0.312977	2.114770
-0.141113	-0.075684	1.065674	2.022901	-0.076336	-0.267176	2.127043
-0.138916	-0.069580	1.068848	2.931298	0.580153	-0.908397	2.139105
-0.137695	-0.079590	1.073486	1.961832	1.343511	-1.679389	2.151053
-0.147217	-0.019043	1.072266	0.786260	3.335878	-1.954198	2.163107
-0.147705	-0.065918	1.107666	-1.396947	1.000000	1.198473	2.175131
-0.147949	-0.057129	1.087646	-0.954198	0.694656	0.015267	2.187200
-0.151855	-0.062744	1.093994	-0.091603	-0.633588	-0.511450	2.199078
-0.150635	-0.072510	1.069336	0.809160	-0.396947	-0.809160	2.210834
-0.152100	-0.055664	1.083984	1.404580	0.572519	-0.755725	2.222879
-0.152344	-0.072266	1.111084	1.847328	-1.740458	-0.977099	2.234894
-0.145020	-0.048828	1.065918	2.160305	-0.969466	-0.961832	2.247015
-0.138184	-0.040771	1.059326	-0.122137	1.847328	1.282443	2.258859
-0.133301	-0.041504	1.052979	-2.022901	2.954198	2.610687	2.270917
-0.143555	-0.076904	1.075684	-2.137405	3.007634	3.206107	2.282862
-0.146729	-0.047363	1.090820	-2.480916	4.038168	4.427481	2.295050
-0.147217	-0.022461	1.066895	-3.625954	6.061069	7.725191	2.306668
-0.149902	-0.070801	1.104004	-5.687023	5.717557	10.053435	2.319068
-0.167480	-0.104492	1.126953	-5.450382	1.152672	7.488550	2.331136
-0.166016	-0.099121	1.147949	-1.389313	1.114504	6.221374	2.342962
-0.025391	-0.101318	1.021484	6.778626	-21.465649	5.221374	2.355011
-0.116699	-0.075928	1.087646	-2.076336	-0.664122	1.045802	2.367232
-0.157715	-0.051514	1.082275	-2.381679	0.809160	0.877863	2.378976
-0.152832	-0.040283	1.084229	-2.633588	2.366412	2.725191	2.390983
-0.147461	-0.089600	1.074463	-2.916031	3.748092	2.396947	2.402316
-0.151123	-0.093994	1.096680	-3.030534	4.557252	-0.183206	2.414086
-0.166260	-0.062500	1.125977	-2.244275	2.870229	-1.076336	2.426236
-0.166504	-0.070312	1.133057	-1.450382	-1.145038	-0.702290	2.438140
-0.168213	-0.068359	1.146973	0.671756	-4.183206	-0.412214	2.450110
-0.232422	-0.087158	1.136475	0.473282	-9.206107	-1.442748	2.462160
-0.145508	-0.047119	1.049316	-3.572519	-4.625954	-1.839695	2.474548
-0.150879	-0.074951	1.078369	-2.419847	-2.381679	-1.000000	2.486408
-0.158936	-0.054932	1.060791	-1.251908	-4.374046	-1.068702	2.498209
-0.122559	-0.080811	1.030762	-0.435115	-3.862595	-0.503817	2.509400
-0.136475	-0.068115	1.062256	-0.870229	0.328244	-0.748092	2.521129
-0.136719	-0.103516	1.098145	-0.961832	-1.206107	-0.877863	2.533206
-0.137451	-0.112061	1.068604	-0.022901	-0.396947	-2.961832	2.545294
-0.147461	-0.071533	1.121094	0.435115	-2.053435	-3.396947	2.557386
-0.156494	-0.063232	1.088379	0.526718	-2.648855	-1.274809	2.569478
-0.145508	-0.055664	1.042236	-1.335878	-1.137405	0.847328	2.581444
-0.149170	-0.057373	1.022217	-1.877863	-0.908397	1.938931	2.593341
-0.139404	-0.084961	1.020508	-3.282443	1.427481	2.732824	2.605299
-0.151123	-0.089844	1.055176	-3.145038	0.015267	1.633588	2.617420
-0.136719	-0.105713	1.031738	-3.290076	0.832061	1.061069	2.629175
-0.149902	-0.124023	1.073975	-1.305344	0.030534	-0.748092	2.640987
-0.143799	-0.127441	1.085205	1.328244	0.000000	-2.450382	2.653106
-0.146484	-0.099609	1.111328	4.633588	-0.076336	-4.503817	2.665056
-0.146484	-0.055908	1.083252	4.992366	-0.801527	-4.137405	2.677115
-0.152588	-0.052246	1.086670	4.694656	-1.045802	-3.961832	2.689138
-0.139893	-0.042236	1.038574	3.725191	-1.190840	-3.282443	2.700342
-0.146973	-0.050293	1.079346	2.129771	1.045802	-2.290076	2.712721
-0.151123	-0.048340	1.074951	2.480916	1.618321	-2.458015	2.724740
-0.166016	-0.059570	1.133789	1.511450	-0.229008	-2.908397	2.736875
-0.155273	-0.076904	1.113037	1.366412	-1.893130	-3.503817	2.748610
-0.151123	-0.049316	1.104492	0.732824	-2.770992	-3.236641	2.760547
-0.143066	-0.056152	1.108154	1.519084	-4.564885	-3.305344	2.772700
-0.150879	-0.031738	1.097900	1.511450	-3.877863	-1.786260	2.784438
-0.140137	-0.051514	1.071777	-0.526718	-2.320611	-0.832061	2.796287
-0.145264	-0.044922	1.090332	0.129771	-1.335878	-0.977099	2.809173
-0.140381	-0.046631	1.071533	-0.328244	0.106870	-0.885496	2.821568
-0.146973	-0.046631	1.073486	-0.328244	1.549618	-0.923664	2.833879
-0.145264	-0.064453	1.102051	0.625954	0.229008	0.083969	2.846174
-0.144531	-0.079834	1.127686	0.190840	-1.549618	-1.557252	2.856493
-0.153564	-0.058105	1.145508	1.854962	-6.251908	-1.702290	2.866877
-0.135254	-0.091797	1.104004	-0.068702	-7.175573	-1.595420	2.877332
-0.136230	-0.102539	1.091553	2.847328	-6.862595	-4.274809	2.887864
-0.133301	-0.049561	1.066162	3.870229	-6.580153	-4.916031	2.898058
-0.130615	-0.051514	1.030029	2.267176	-3.595420	-4.274809	2.908568
-0.136719	-0.023682	1.035400	2.083969	-0.618321	-2.267176	2.919244
-0.148438	-0.053467	1.096924	1.305344	-0.877863	-0.916031	2.929698
-0.152588	-0.018555	1.091553	0.183206	-2.503817	1.839695	2.940017
-0.129639	-0.072510	1.080811	-0.877863	-2.351145	3.755725	2.949980
-0.135986	-0.067627	1.070801	-0.175573	-1.198473	3.274809	2.960572
-0.133789	-0.100342	1.073242	-0.442748	-0.954198	2.381679	2.970890
-0.129150	-0.088867	1.052246	0.572519	-0.076336	0.549618	2.981174
-0.127441	-0.074463	1.064941	0.511450	0.610687	0.297710	2.991679
-0.134033	-0.080566	1.080078	0.106870	0.335878	-0.091603	3.001931
-0.144531	-0.091553	1.097168	0.488550	-1.000000	-1.190840	3.012042
-0.139404	-0.081787	1.080566	1.381679	-1.229008	-2.366412	3.022622
-0.144531	-0.055908	1.076416	2.465649	-0.145038	-1.938931	3.032850
-0.148438	-0.065918	1.100342	1.534351	-0.229008	-1.465649	3.042944
-0.142822	-0.052246	1.096191	1.656489	-1.015267	-1.007634	3.053196
-0.133545	-0.034424	1.065674	0.770992	0.954198	1.030534	3.063365
-0.137207	-0.065430	1.074463	1.175573	2.007634	0.961832	3.074204
-0.132080	-0.063965	1.078613	0.938931	2.641221	0.633588	3.084438
-0.136719	-0.074219	1.066406	0.862595	3.832061	0.343511	3.094917
-0.161377	-0.085205	1.177002	1.572519	0.129771	-0.007634	3.104883
-0.150391	-0.083252	1.133789	2.427481	-4.778626	-0.022901	3.115487
-0.135010	-0.086182	1.077393	3.618321	-4.702290	0.122137	3.125820
-0.140869	-0.084961	1.078857	3.687023	-5.213740	-1.068702	3.135753
-0.127930	-0.082520	1.049805	3.511450	-6.358779	-2.977099	3.145734
-0.120605	-0.056396	1.010498	5.847328	-4.725191	-3.343511	3.155023
-0.132080	-0.032715	1.023438	0.656489	-2.160305	-2.053435	3.165251
-0.135986	-0.041504	1.035645	-0.297710	-0.519084	-0.885496	3.175700
-0.121582	-0.046143	1.044678	-0.374046	1.587786	0.145038	3.186088
-0.129639	-0.059814	1.084961	1.267176	1.137405	0.839695	3.196247
-0.126953	-0.061523	1.079102	2.015267	1.671756	1.129771	3.206400
-0.136230	-0.077637	1.113281	2.206107	2.297710	0.419847	3.217090
-0.151611	-0.083008	1.153564	2.106870	0.549618	-0.061069	3.227257
-0.156738	-0.081787	1.140625	1.908397	-2.717557	-1.465649	3.237289
-0.151123	-0.061035	1.096680	2.770992	-3.496183	-1.511450	3.247747
-0.139648	-0.017090	1.073486	2.183206	-3.763359	-0.511450	3.258168
-0.122314	-0.028320	1.054932	-0.458015	-1.610687	1.671756	3.268763
-0.135742	-0.065674	1.055664	-0.816794	0.488550	1.099237	3.279164
-0.127686	-0.048340	1.077148	-0.083969	2.877863	1.458015	3.289611
-0.149414	-0.046387	1.120850	-0.328244	3.564885	1.625954	3.300068
-0.156738	-0.060791	1.151611	0.297710	1.152672	2.572519	3.310315
-0.155029	-0.063965	1.153564	1.664122	-2.206107	2.167939	3.320749
-0.146729	-0.066162	1.119141	1.351145	-4.099237	1.870229	3.330949
-0.144775	-0.067627	1.127441	0.366412	-5.328244	1.221374	3.341151
-0.125244	-0.072021	1.071289	-1.870229	-6.358779	0.908397	3.351404
-0.110840	-0.086182	1.043945	-2.549618	-4.625954	-0.709924	3.361713
-0.109131	-0.094238	1.053223	-1.633588	-1.725191	-1.732824	3.372454
-0.121826	-0.065918	1.028809	-0.320611	1.656489	-1.427481	3.382705
-0.128418	-0.060059	1.073730	0.106870	3.000000	-1.946565	3.392899
-0.140625	-0.059326	1.090088	0.442748	3.030534	1.282443	3.403149
-0.159424	-0.069824	1.149170	1.213740	-0.137405	1.259542	3.412622
-0.144531	-0.074951	1.140869	0.778626	-2.870229	1.213740	3.422304
-0.129883	-0.088379	1.082764	-0.106870	-2.885496	0.488550	3.432228
-0.131348	-0.075439	1.106445	-0.664122	-2.816794	-0.977099	3.442679
-0.132568	-0.066650	1.070557	-1.473282	-3.610687	-1.595420	3.454274
-0.124268	-0.089111	1.049072	-0.511450	-3.099237	-1.412214	3.464644
-0.129150	-0.089844	1.043701	0.702290	-2.839695	-2.694656	3.475367
-0.124023	-0.032471	1.004150	2.625954	-0.809160	-1.091603	3.486174
-0.115967	-0.066406	1.012695	1.236641	2.496183	0.091603	3.496595
-0.129150	-0.070312	1.074707	2.167939	4.137405	0.297710	3.506645
-0.130371	-0.068359	1.085449	2.748092	2.847328	0.374046	3.517197
-0.135742	-0.092529	1.106201	2.839695	3.152672	-0.511450	3.527308
-0.151123	-0.074951	1.167969	3.877863	-0.412214	-0.572519	3.537497
-0.134521	-0.094971	1.134521	3.366412	-2.129771	-2.748092	3.547693
-0.143066	-0.051270	1.111328	3.702290	-4.175573	-4.007634	3.558362
-0.131836	-0.032471	1.073730	1.007634	-4.488550	-3.770992	3.568546
-0.138184	-0.038330	1.063232	-0.015267	-4.328244	-2.656489	3.579265
-0.185547	-0.105469	1.141113	0.717557	-12.045802	-2.236641	3.589508
-0.112305	-0.052002	1.040039	9.557252	-8.564885	-2.854962	3.599225
-0.108398	-0.001709	0.987549	1.419847	0.923664	-2.366412	3.609941
-0.134521	-0.044678	1.108398	2.893130	2.374046	-0.389313	3.620325
-0.148926	-0.051270	1.114014	3.977099	0.908397	-0.511450	3.630565
-0.129639	-0.045410	1.071533	3.320611	2.000000	-0.206107	3.640787
-0.139648	-0.043457	1.100586	2.671756	1.435115	-1.374046	3.651245
-0.156006	-0.032227	1.115479	-0.236641	-0.290076	-2.328244	3.661442
-0.138428	-0.044922	1.126221	-0.572519	-1.045802	-2.679389	3.672054
-0.142578	-0.016846	1.127197	-0.900763	-2.854962	-2.312977	3.682137
-0.135986	-0.036377	1.118408	-1.000000	-4.351145	-2.000000	3.692529
-0.126709	-0.052490	1.096436	2.251908	-5.175573	-3.106870	3.702929
-0.135498	-0.001953	1.074219	2.083969	-4.152672	-1.969466	3.713085
-0.119873	0.014160	1.061035	0.732824	-2.007634	2.106870	3.723632
-0.118164	-0.017578	1.062744	-1.282443	1.442748	2.122137	3.734084
-0.125977	-0.029053	1.090332	-1.404580	2.061069	3.274809	3.744297
-0.104492	-0.097412	1.068848	-3.564885	2.007634	1.328244	3.754693
-0.132568	-0.039307	1.124268	-0.015267	2.488550	0.748092	3.764708
-0.149170	-0.047852	1.152100	-1.893130	-0.755725	2.793893	3.775068
-0.132568	-0.086670	1.108154	-1.290076	-2.534351	2.404580	3.784944
-0.135254	-0.052002	1.094727	-0.465649	-3.595420	2.328244	3.795157
-0.113281	-0.076904	1.062500	-0.618321	-3.274809	1.664122	3.805235
-0.120605	-0.057373	1.069580	-1.152672	-2.335878	1.412214	3.815809
-0.136230	-0.073242	1.099365	-1.656489	-3.664122	2.045802	3.826555
-0.123291	-0.033447	1.050293	-1.488550	-3.000000	1.610687	3.836771
-0.126221	-0.075928	1.084717	-1.854962	-0.282443	1.610687	3.847056
-0.129150	-0.069092	1.081055	-0.778626	-1.145038	3.900763	3.857451
-0.120117	-0.091064	1.067871	-1.068702	-0.992366	1.152672	3.867822
-0.122803	-0.069336	1.071045	-1.244275	-1.519084	0.732824	3.878156
-0.125244	-0.070801	1.064453	-1.946565	-1.786260	0.351145	3.888685
-0.119141	-0.089111	1.080322	-0.351145	-3.351145	0.000000	3.898998
-0.107422	-0.078857	1.042969	0.740458	-2.580153	-1.099237	3.909327
-0.107178	-0.077148	1.044922	2.687023	-0.610687	-2.931298	3.921768
-0.114502	-0.044434	1.048096	1.580153	1.870229	-1.725191	3.932469
-0.115967	-0.073242	1.089844	1.732824	2.305344	-1.679389	3.942945
-0.127686	-0.056641	1.112549	2.137405	1.160305	-1.740458	3.953193
-0.146729	-0.053711	1.150879	0.625954	-1.175573	-0.809160	3.963636
-0.138184	-0.099365	1.161133	1.595420	-3.862595	-1.839695	3.974095
-0.141357	-0.059082	1.127441	2.572519	-6.709924	-2.549618	3.984412
-0.120850	-0.053711	1.065918	-0.282443	-5.709924	-1.290076	3.994676
-0.117920	-0.050293	1.065186	-1.114504	-3.435115	-0.549618	4.004865
-0.116211	-0.061768	1.061035	-2.801527	-1.793893	-0.496183	4.015281
-0.117920	-0.059082	1.027588	-0.862595	-0.366412	-0.267176	4.025685
-0.104736	-0.058350	1.024170	-1.519084	3.015267	0.091603	4.036115
-0.133789	-0.048340	1.104492	0.450382	2.000000	0.274809	4.046538
-0.129883	-0.052002	1.076904	-0.183206	1.175573	1.427481	4.056803
-0.132568	-0.072266	1.104492	1.396947	1.648855	2.061069	4.067544
-0.152588	-0.061768	1.187012	1.709924	-2.656489	1.610687	4.078258
-0.125488	-0.078369	1.111084	1.473282	-4.412214	1.259542	4.088696
-0.117676	-0.064697	1.079102	2.198473	-3.274809	0.335878	4.099225
-0.112793	-0.054932	1.083984	0.335878	-2.282443	0.106870	4.110125
-0.105713	-0.060547	1.047852	0.328244	-0.870229	-0.251908	4.120570
-0.109619	-0.038574	1.044434	-0.274809	1.526718	0.091603	4.131009
-0.118652	-0.058350	1.085938	-1.465649	2.519084	1.244275	4.141282
-0.120850	-0.062500	1.095459	0.106870	2.091603	0.809160	4.151373
-0.126465	-0.072021	1.100586	-0.122137	1.694656	0.725191	4.161910
-0.126465	-0.059570	1.095947	1.564885	1.099237	0.198473	4.172471
-0.135010	-0.060059	1.114502	1.061069	-0.458015	0.297710	4.182811
-0.123535	-0.062744	1.105957	1.503817	-2.977099	-0.290076	4.192979
-0.120117	-0.061035	1.096924	0.763359	-3.000000	-1.045802	4.203406
-0.125732	-0.057373	1.087891	0.297710	-2.770992	-1.442748	4.213632
-0.121582	-0.063477	1.075684	0.755725	-2.160305	-1.396947	4.224200
-0.117188	-0.032715	1.052002	0.221374	-0.167939	-0.290076	4.234362
-0.121338	-0.062012	1.065430	-1.305344	1.557252	1.045802	4.244867
-0.116211	-0.064941	1.058350	0.305344	1.717557	0.832061	4.254974
-0.122559	-0.045166	1.089844	0.374046	2.198473	1.053435	4.265324
-0.126465	-0.064453	1.111816	-0.511450	1.328244	1.366412	4.275868
-0.117920	-0.096191	1.108398	0.351145	0.732824	-0.183206	4.286215
-0.125732	-0.067383	1.120361	0.465649	-0.076336	-1.221374	4.296821
-0.124268	-0.088379	1.097656	0.229008	-0.351145	-2.282443	4.307163
-0.121338	-0.111328	1.099121	1.351145	0.618321	-4.900763	4.317718
-0.130859	-0.093750	1.084473	3.938931	1.366412	-7.435115	4.327694
-0.145996	-0.075928	1.074707	5.282443	1.183206	-8.839695	4.338285
-0.138672	-0.034912	1.053467	6.190840	-0.755725	-8.816794	4.348597
-0.106445	-0.030029	0.989990	4.839695	-0.007634	-8.839695	4.358883
-0.117676	-0.014160	1.019043	5.725191	0.419847	-8.167939	4.369205
-0.116943	0.026611	1.025146	1.854962	1.938931	-4.465649	4.379579
-0.114258	0.011475	1.058105	-0.274809	2.671756	-1.847328	4.389835
-0.155273	-0.000488	1.135254	-4.687023	8.519084	-0.877863	4.400122
-0.125244	-0.042480	1.159180	4.015267	0.038168	0.099237	4.410511
-0.127930	-0.009033	1.125000	2.824427	-0.580153	0.511450	4.420770
-0.138916	-0.049805	1.122070	1.656489	-0.587786	0.717557	4.430291
-0.133789	-0.038330	1.103516	4.114504	-1.229008	1.458015	4.440376
-0.022217	0.073975	1.019287	1.877863	2.083969	3.129771	4.450793
-0.145020	-0.081055	1.145020	-2.755725	1.259542	4.946565	4.461133
-0.123047	-0.055908	1.064941	-1.206107	-2.473282	2.687023	4.471623
-0.114258	-0.050049	1.051025	-1.152672	0.969466	3.473282	4.481785
-0.132080	-0.072510	1.097900	0.664122	1.832061	3.106870	4.491832
-0.142822	-0.072021	1.110840	0.198473	2.389313	2.847328	4.502247
-0.143799	-0.087158	1.134277	2.022901	0.732824	1.671756	4.512367
-0.141602	-0.047119	1.123047	1.786260	-1.541985	1.717557	4.523087
-0.128174	-0.079346	1.119385	-0.221374	-2.854962	1.007634	4.533235
-0.133545	-0.042236	1.120850	-0.320611	-4.305344	-0.152672	4.543509
-0.121338	-0.063721	1.120605	-1.770992	-3.755725	0.916031	4.554033
-0.110596	-0.081787	1.094727	0.435115	-2.702290	-0.236641	4.564368
-0.113281	-0.046143	1.060303	0.839695	-0.137405	0.091603	4.574914
-0.103760	-0.042236	1.030029	-0.725191	3.862595	1.938931	4.585371
-0.116699	-0.064209	1.052246	-0.854962	6.503817	1.809160	4.595767
-0.128662	-0.057617	1.095703	-2.549618	7.167939	1.961832	4.605973
-0.138184	-0.084961	1.136230	-1.030534	5.106870	1.312977	4.616625
-0.136475	-0.075439	1.112061	-1.267176	2.137405	-0.007634	4.626956
-0.142334	-0.076660	1.146729	-1.564885	0.045802	-0.702290	4.637150
-0.145264	-0.040527	1.115234	-1.167939	-2.732824	-0.083969	4.647713
-0.126709	-0.071777	1.080566	-1.152672	-2.519084	0.152672	4.657894
-0.133545	-0.050049	1.077148	-1.343511	-2.038168	-0.702290	4.668407
-0.127197	-0.072266	1.062500	-2.312977	-1.236641	-0.488550	4.678691
-0.120117	-0.084961	1.042236	-0.648855	0.335878	-1.648855	4.688851
-0.124268	-0.052734	1.045166	-1.190840	2.610687	-0.511450	4.699838
-0.133545	-0.062012	1.060547	-1.282443	3.458015	0.938931	4.710374
-0.137451	-0.073730	1.080322	-1.679389	2.213740	-0.610687	4.721274
-0.134766	-0.057861	1.079102	0.213740	1.526718	0.603053	4.731344
-0.134277	-0.071533	1.105225	2.251908	-1.206107	0.969466	4.742164
-0.131348	-0.065918	1.077881	0.145038	-1.877863	0.152672	4.752795
-0.124023	-0.074219	1.059082	0.030534	-1.206107	-0.900763	4.762997
-0.122559	-0.061035	1.056396	-1.290076	0.183206	-0.564885	4.773784
-0.126709	-0.080811	1.047607	-1.671756	1.183206	-1.488550	4.784030
-0.134033	-0.052002	1.075195	-1.106870	1.541985	-1.740458	4.793538
-0.131836	-0.054932	1.065674	0.076336	1.908397	-0.450382	4.803256
-0.130859	-0.074951	1.088135	-0.717557	3.114504	-0.885496	4.814244
-0.150391	-0.070801	1.156250	1.595420	0.083969	-1.503817	4.824917
-0.140625	-0.050781	1.118652	0.656489	-2.664122	-1.129771	4.835145
-0.145264	-0.070801	1.131592	1.068702	-3.854962	-1.061069	4.845534
-0.159180	-0.037598	1.118652	1.770992	-6.793893	-1.687023	4.855996
-0.154541	-0.025879	1.114014	1.404580	-8.885496	0.099237	4.866520
-0.132568	-0.072021	1.085449	2.732824	-10.022901	0.030534	4.876526
-0.114746	-0.061035	1.040283	4.687023	-8.167939	-0.946565	4.887149
-0.099365	-0.043701	1.025146	4.145038	-4.847328	-0.244275	4.897515
-0.102051	-0.067627	1.037109	2.465649	-1.022901	-0.938931	4.907779
-0.120605	-0.059082	1.081543	2.923664	2.061069	-1.694656	4.918380
-0.150635	-0.013916	1.132324	3.801527	0.305344	-0.129771	4.928230
-0.131836	-0.018555	1.102783	1.152672	-1.534351	2.053435	4.937930
-0.115479	-0.076904	1.071045	2.091603	-0.015267	2.015267	4.948711
-0.118164	-0.046387	1.071289	2.572519	1.404580	1.053435	4.959118
-0.119629	-0.062012	1.064209	0.603053	2.572519	0.625954	4.969522
-0.121826	-0.041016	1.070557	1.694656	3.320611	-0.221374	4.979868
-0.129883	-0.021240	1.073730	-1.145038	3.610687	0.236641	4.990172
-0.134521	-0.063721	1.123291	-0.099237	1.541985	0.412214	5.000461
-0.141846	-0.038086	1.141602	1.145038	-0.778626	0.053435	5.010714
-0.131592	-0.043701	1.103760	1.045802	-1.458015	0.480916	5.021154
-0.132324	-0.047607	1.108643	0.488550	-0.068702	1.160305	5.031360
-0.133057	-0.045898	1.103271	0.633588	-0.641221	0.931298	5.041645
-0.132080	-0.027100	1.098389	-1.389313	-0.274809	1.870229	5.052009
-0.160889	-0.042969	1.128418	-5.854962	-1.412214	0.709924	5.062138
-0.117432	-0.040039	1.083496	0.312977	-0.816794	3.450382	5.071904
-0.118408	-0.049805	1.064697	-3.641221	1.312977	3.099237	5.082070
-0.130371	-0.075928	1.105957	-5.083969	1.664122	1.633588	5.092642
-0.132324	-0.065430	1.099609	-2.412214	0.496183	1.557252	5.102849
-0.129883	-0.044678	1.070068	-4.068702	2.045802	2.320611	5.113090
-0.116699	-0.063721	1.065918	-5.114504	0.572519	2.122137	5.123341
-0.145752	-0.087402	1.143311	-4.259542	0.259542	1.778626	5.133803
-0.138672	-0.087891	1.118408	-0.496183	-2.923664	2.068702	5.144366
-0.116943	-0.092529	1.081787	-1.251908	-3.702290	0.847328	5.154509
-0.118652	-0.085693	1.080078	-1.435115	-1.877863	0.167939	5.164985
-0.122803	-0.095947	1.097412	-1.167939	-1.175573	-1.221374	5.175308
-0.129883	-0.064697	1.081299	-0.687023	-1.870229	-2.259542	5.185637
-0.140869	-0.062256	1.104492	-1.557252	0.183206	-0.877863	5.196079
-0.121338	-0.035645	1.041260	1.442748	-1.068702	0.778626	5.206270
-0.118408	-0.072754	1.041992	-1.580153	2.290076	0.534351	5.217130
-0.125000	-0.058594	1.047852	-1.511450	3.770992	0.122137	5.227350
-0.111816	-0.071777	1.031006	-1.633588	5.877863	0.427481	5.237626
-0.118652	-0.088867	1.067627	-1.595420	7.709924	0.305344	5.247793
-0.137207	-0.065186	1.093262	-0.778626	7.709924	-2.297710	5.258003
-0.147705	-0.067139	1.075195	-5.618321	4.694656	-2.839695	5.268716
-0.129395	-0.093262	1.090088	-4.427481	6.694656	-1.091603	5.278970
-0.142090	-0.103516	1.112549	-0.274809	6.908397	-2.083969	5.289288
-0.134277	-0.062012	1.069580	-0.167939	6.465649	-2.122137	5.299548
-0.129150	-0.038086	1.062012	-3.763359	3.618321	-2.824427	5.309830
-0.149414	-0.066406	1.105957	-4.145038	5.557252	-2.083969	5.320279
-0.180176	-0.070312	1.180176	0.244275	0.320611	-2.244275	5.331058
-0.160645	-0.065918	1.123047	3.946565	-4.725191	-0.816794	5.341613
-0.137695	-0.043457	1.052734	4.083969	-4.030534	-0.977099	5.352595
-0.141846	-0.040527	1.053223	1.648855	-2.412214	-0.664122	5.362989
-0.127930	-0.066650	1.054199	1.786260	-0.534351	-0.786260	5.373574
-0.126953	-0.051270	1.043457	2.641221	1.221374	-1.587786	5.383947
-0.144287	-0.042725	1.097656	2.351145	1.717557	-0.740458	5.394843
-0.139404	-0.044678	1.108398	1.114504	0.366412	-0.503817	5.405248
-0.130127	-0.073486	1.092041	-1.969466	0.656489	-1.221374	5.415695
-0.155029	-0.066406	1.172363	1.603053	-2.419847	-1.595420	5.425971
-0.148193	-0.054443	1.146729	1.961832	-3.557252	-0.877863	5.436604
-0.135010	-0.055664	1.123535	3.274809	-3.885496	-0.625954	5.447067
-0.138184	-0.032471	1.099121	1.312977	-3.053435	-0.137405	5.457283
-0.130859	-0.047607	1.080078	-0.183206	-1.419847	-0.015267	5.467989
-0.132324	-0.034912	1.091553	-2.458015	-0.145038	0.022901	5.478271
-0.146484	-0.045166	1.101807	-3.793893	-0.244275	-0.229008	5.488528
-0.140381	-0.034668	1.091064	-4.778626	0.480916	0.488550	5.498932
-0.168213	-0.031494	1.147949	-3.709924	-2.206107	0.946565	5.508748
-0.159668	-0.039307	1.097168	-6.709924	-7.374046	1.053435	5.519139
-0.131348	-0.052979	1.088867	-6.206107	-4.511450	1.450382	5.529186
-0.150391	-0.077148	1.124268	-3.267176	-4.893130	1.458015	5.538628
-0.136719	-0.058105	1.089355	-2.564885	-6.526718	0.076336	5.548320
-0.136963	-0.060059	1.063232	-1.641221	-4.167939	-0.030534	5.559314
-0.127686	-0.040527	1.056396	-1.061069	-2.961832	0.458015	5.569951
-0.125000	-0.056885	1.047852	-2.366412	-1.381679	2.229008	5.580382
-0.107666	-0.059326	1.035156	-2.297710	1.038168	1.778626	5.590514
-0.133301	-0.060303	1.088379	-0.503817	1.251908	2.450382	5.601178
-0.146729	-0.079834	1.124023	-1.175573	-2.618321	0.000000	5.611049
-0.131348	-0.059570	1.066162	-0.419847	-5.687023	1.900763	5.621808
-0.126953	-0.069336	1.049561	-1.832061	-4.923664	1.916031	5.632318
-0.124268	-0.078369	1.042725	-2.061069	-2.816794	1.725191	5.642327
-0.120850	-0.078125	1.032471	-1.007634	-2.114504	1.801527	5.652645
-0.125000	-0.070312	1.045410	-1.122137	-0.129771	1.687023	5.663031
-0.136719	-0.081787	1.072510	-1.152672	-0.778626	1.190840	5.673671
-0.132812	-0.085205	1.069336	-0.061069	-0.648855	0.618321	5.683849
-0.134277	-0.065674	1.087402	0.267176	-1.152672	0.687023	5.694121
-0.128418	-0.078125	1.066406	0.374046	-1.381679	1.694656	5.704314
-0.117920	-0.094482	1.045410	0.839695	-0.145038	1.442748	5.713739
-0.137695	-0.078857	1.053223	1.664122	-0.610687	1.725191	5.723382
-0.135010	-0.094482	1.070068	-2.114504	0.251908	-1.267176	5.734260
-0.125244	-0.088379	1.062744	2.328244	1.519084	0.206107	5.744754
-0.130859	-0.057129	1.080078	2.297710	1.664122	0.389313	5.755160
-0.126709	-0.057129	1.082764	1.175573	-0.603053	1.580153	5.765263
-0.125488	-0.081299	1.089111	-0.351145	1.297710	0.709924	5.775777
-0.138916	-0.086914	1.119141	2.633588	-1.198473	0.236641	5.786422
-0.126465	-0.067139	1.072021	2.755725	-0.114504	-0.083969	5.796353
-0.114502	-0.051270	1.045898	2.374046	0.862595	-0.603053	5.806749
-0.110840	-0.013428	1.057617	-2.022901	-1.015267	0.045802	5.817109
-0.115234	-0.106201	1.100098	-0.396947	2.786260	0.213740	5.827398
-0.123291	-0.049316	1.087402	0.587786	1.412214	-0.557252	5.837620
-0.131348	-0.105469	1.120605	0.923664	2.122137	0.366412	5.847962
-0.137451	-0.057617	1.089355	1.374046	-0.167939	-0.603053	5.858279
-0.137451	-0.081787	1.127441	-1.190840	0.992366	-1.122137	5.868820
-0.128662	-0.077637	1.133057	0.534351	0.656489	-0.839695	5.879235
-0.137939	-0.064697	1.114258	0.244275	-0.274809	-1.725191	5.889706
-0.148926	-0.033936	1.114258	-1.030534	-1.015267	-0.519084	5.899742
-0.129639	-0.060791	1.132568	-0.961832	-0.664122	0.458015	5.910184
-0.130127	-0.055176	1.102295	1.053435	-1.343511	1.572519	5.924335
-0.122803	-0.070312	1.091797	-0.259542	-0.977099	2.519084	5.934692
-0.128662	-0.092773	1.093994	0.061069	-0.511450	2.015267	5.945000
-0.111328	-0.083740	1.087158	0.312977	0.610687	1.496183	5.955266
-0.125732	-0.095459	1.067627	-0.045802	1.946565	0.740458	5.965614
-0.130859	-0.084229	1.093506	0.244275	2.587786	-0.129771	5.975783
-0.154541	-0.086914	1.134766	-0.381679	1.091603	-0.595420	5.986931
-0.146729	-0.057373	1.129150	-0.580153	-1.702290	-1.946565	5.997268
-0.144775	-0.093018	1.164795	-0.435115	-4.190840	0.847328	6.007251
-0.131836	-0.069824	1.100830	0.412214	-5.106870	0.160305	6.018150
-0.120361	-0.080566	1.069336	-1.053435	-5.000000	0.427481	6.028981
-0.129395	-0.096436	1.066895	-0.564885	-2.175573	-0.229008	6.039391
-0.124268	-0.057617	1.031250	-0.938931	0.221374	0.083969	6.050053
-0.119629	-0.081543	1.069580	-2.106870	2.259542	0.419847	6.060309
-0.134766	-0.075439	1.081787	-0.900763	2.007634	1.198473	6.070931
-0.130615	-0.087402	1.088379	-0.061069	1.366412	0.732824	6.081451
-0.142822	-0.068359	1.087158	0.656489	0.625954	1.244275	6.091808
-0.128174	-0.099365	1.080811	-0.351145	-0.015267	0.870229	6.102191
-0.148438	-0.088379	1.127197	-0.083969	-2.832061	-0.213740	6.112540
-0.135742	-0.058350	1.098877	-0.824427	-5.595420	0.343511	6.122968
-0.121094	-0.070557	1.046143	-2.030534	-4.648855	0.931298	6.133207
-0.221436	-0.120361	1.069580	-1.091603	-16.015267	0.893130	6.143331
-0.098633	-0.040527	0.982422	-6.190840	-0.870229	0.030534	6.153696
-0.107666	-0.045410	1.001221	-1.801527	3.282443	3.366412	6.163845
-0.116943	-0.093506	1.051270	-1.435115	5.748092	2.786260	6.174121
-0.117676	-0.102295	1.057617	-0.022901	6.992366	1.549618	6.185371
-0.137695	-0.089355	1.133789	1.984733	4.641221	0.175573	6.196408
-0.155762	-0.080322	1.150635	2.396947	-0.137405	-0.404580	6.206609
-0.114258	-0.088379	1.091797	1.549618	-3.427481	-1.877863	6.217349
-0.141357	-0.064453	1.096436	3.351145	-2.694656	-3.671756	6.227705
-0.136963	-0.036621	1.084717	1.251908	-2.908397	-2.251908	6.237994
-0.133057	-0.028564	1.046143	1.458015	-1.633588	-0.755725	6.248403
-0.132080	-0.030273	1.048584	0.984733	1.374046	2.053435	6.258750
-0.133301	-0.049561	1.042480	-0.427481	3.885496	2.908397	6.269162
-0.124023	-0.048096	1.050049	-0.832061	6.641221	3.717557	6.279302
-0.140625	-0.015137	1.070557	-5.007634	9.687023	6.526718	6.289784
-0.128662	-0.098389	1.097168	-4.740458	9.633588	5.793893	6.300232
-0.155518	-0.093018	1.162354	-2.961832	6.549618	3.183206	6.310373
-0.156250	-0.079102	1.177490	-1.374046	0.007634	1.549618	6.321000
-0.147217	-0.077637	1.119385	0.259542	-1.893130	1.000000	6.331432
-0.138672	-0.047119	1.072266	-0.160305	-1.694656	2.328244	6.341628
-0.136719	-0.057373	1.053467	-0.175573	-1.931298	2.038168	6.351328
-0.139648	-0.048096	1.057373	-0.557252	1.671756	2.335878	6.361570
-0.128174	-0.054443	1.053955	-0.343511	3.396947	1.916031	6.371917
-0.140869	-0.038086	1.073730	-1.389313	5.183206	2.893130	6.382268
-0.149658	-0.061279	1.104004	-2.709924	5.916031	4.061069	6.392919
-0.148926	-0.101807	1.138672	-2.259542	3.473282	1.778626	6.402931
-0.168945	-0.080078	1.159180	-0.488550	0.305344	0.809160	6.413279
-0.160889	-0.064209	1.122559	0.625954	-3.847328	0.977099	6.423930
-0.144775	-0.042725	1.089355	-0.595420	-3.664122	1.748092	6.434226
-0.135498	-0.057129	1.067871	-0.435115	-2.977099	3.664122	6.444771
-0.127930	-0.064697	1.059326	-1.282443	-1.167939	4.083969	6.455116
-0.140869	-0.065918	1.085693	-0.793893	-0.557252	3.687023	6.465393
-0.144531	-0.086426	1.087646	-1.145038	-0.824427	3.076336	6.475964
-0.133301	-0.094727	1.067871	0.122137	-0.259542	2.000000	6.486597
-0.148193	-0.044434	1.065186	0.641221	1.297710	2.106870	6.497024
-0.154785	-0.057129	1.103760	-1.091603	1.458015	3.564885	6.507214
-0.162354	-0.044434	1.124512	-2.091603	-2.343511	5.022901	6.517590
-0.132324	-0.082520	1.082275	-0.816794	-3.381679	4.984733	6.528134
-0.139404	-0.071533	1.086670	-0.816794	-2.534351	3.725191	6.538474
-0.145752	-0.075439	1.100342	0.916031	-3.404580	2.984733	6.548921
-0.152588	-0.069824	1.117188	0.152672	-5.198473	2.923664	6.559158
-0.142334	-0.050049	1.075439	-0.763359	-6.580153	2.931298	6.569743
-0.143555	-0.045898	1.066406	-1.709924	-5.488550	4.190840	6.580396
-0.141357	-0.041016	1.121826	-2.259542	-6.847328	6.114504	6.594104
-0.129395	-0.087158	1.095459	-3.618321	-7.022901	6.832061	6.604603
-0.125977	-0.109375	1.072021	-2.106870	-4.893130	3.847328	6.614672
-0.130859	-0.056152	1.051514	-2.183206	-2.572519	3.557252	6.625704
-0.123291	-0.069580	1.034180	-2.648855	0.221374	4.801527	6.636045
-0.125977	-0.073242	1.039795	-2.412214	1.816794	4.480916	6.646602
-0.141357	-0.079834	1.117432	-2.603053	1.022901	4.450382	6.656948
-0.140381	-0.053467	1.102051	-2.343511	-3.824427	4.755725	6.667642
-0.127197	-0.050293	1.044678	-1.564885	-0.061069	9.038168	6.678796
-0.130615	-0.098389	1.069336	-5.641221	1.473282	10.213740	6.688921
-0.127686	-0.068604	1.073486	-4.984733	3.221374	11.511450	6.699449
-0.125488	-0.119141	1.104492	-5.580153	2.923664	10.763359	6.709625
-0.125977	-0.126709	1.082275	-4.358779	2.183206	7.984733	6.719031
-0.129150	-0.108154	1.083984	-4.725191	1.847328	5.610687	6.728669
-0.144531	-0.100830	1.078369	-3.297710	1.236641	3.206107	6.738727
-0.020020	-0.078125	1.014648	4.526718	0.022901	8.496183	6.750068
-0.149170	-0.088623	1.107910	-4.053435	0.412214	5.045802	6.760237
-0.134766	-0.131592	1.099609	-2.725191	-3.076336	3.290076	6.770519
-0.124512	-0.100586	1.080322	0.473282	-3.984733	0.610687	6.781139
-0.174805	-0.125488	1.222412	-0.335878	-7.244275	-1.229008	6.791444
-0.125244	-0.031250	0.988281	3.541985	-4.419847	-1.931298	6.801672
-0.126953	-0.087158	1.072021	2.351145	-0.885496	-0.847328	6.811971
-0.127686	-0.059082	1.080322	-0.465649	-0.122137	-0.893130	6.821980
-0.135498	-0.079590	1.091064	-3.900763	-0.786260	-1.244275	6.832865
-0.137695	-0.059570	1.083496	1.236641	-2.366412	0.633588	6.843057
-0.137695	-0.111572	1.085449	-0.206107	-1.297710	1.641221	6.853474
-0.136963	-0.098389	1.119873	2.000000	-0.778626	-0.656489	6.863725
-0.142334	-0.070801	1.094238	0.312977	-1.900763	-0.442748	6.874151
-0.134033	-0.092529	1.082764	-1.908397	-3.511450	-1.030534	6.884803
-0.125244	-0.093506	1.056152	-1.534351	-3.282443	-1.862595	6.894744
-0.115234	-0.071533	1.014893	-2.297710	-1.030534	-1.687023	6.905067
-0.114746	-0.088135	1.028564	-3.458015	1.465649	-2.000000	6.915042
-0.127441	-0.071777	1.053711	-3.175573	2.465649	-1.389313	6.925273
-0.140137	-0.100830	1.108887	-1.969466	1.061069	-0.839695	6.935862
-0.137939	-0.069092	1.096436	1.496183	-0.274809	-0.419847	6.946205
-0.131104	-0.090820	1.083740	1.267176	1.595420	1.709924	6.956635
-0.152832	-0.082275	1.132080	3.152672	-0.503817	1.251908	6.966793
-0.139893	-0.068115	1.095703	1.351145	-3.381679	1.282443	6.977163
-0.124023	-0.083496	1.050293	0.618321	-2.374046	1.129771	6.987516
-0.121582	-0.080322	1.040771	-0.152672	-1.541985	0.137405	6.997023
-0.117188	-0.074219	1.032715	-0.290076	0.282443	-0.687023	7.007067
-0.130615	-0.070801	1.067139	1.480916	0.992366	0.709924	7.017533
-0.119385	-0.074707	1.052002	0.160305	2.885496	-0.099237	7.027823
-0.127930	-0.077637	1.076172	-1.748092	4.992366	-0.641221	7.038325
-0.133545	-0.071289	1.095703	-0.160305	4.450382	-0.290076	7.048457
-0.136963	-0.065918	1.101807	-0.656489	3.526718	0.885496	7.058801
-0.137939	-0.079346	1.114014	-1.007634	2.320611	-0.778626	7.069128
-0.141602	-0.092041	1.146240	0.595420	0.396947	-0.938931	7.079771
-0.130615	-0.073975	1.116211	-0.251908	-0.244275	-1.816794	7.090063
-0.147705	-0.061279	1.097412	-0.748092	0.000000	-1.572519	7.100093
-0.149902	-0.071777	1.114502	-0.847328	-0.587786	-1.450382	7.110701
-0.151611	-0.054932	1.101074	1.877863	-1.801527	-0.664122	7.120988
-0.133301	-0.052979	1.037354	1.885496	-0.305344	0.725191	7.131557
-0.140625	-0.067627	1.073486	2.374046	0.923664	1.480916	7.142040
-0.135254	-0.041992	1.061035	0.175573	1.122137	2.923664	7.152199
-0.122803	-0.138916	1.060059	0.954198	3.038168	2.206107	7.162573
-0.142334	-0.064697	1.108154	1.206107	3.106870	0.900763	7.172804
-0.151123	-0.099365	1.146240	-1.099237	-0.221374	1.473282	7.183283
-0.082520	-0.080078	1.073486	4.511450	-3.938931	1.618321	7.193556
-0.154541	-0.087158	1.138184	-2.832061	-2.625954	0.175573	7.203883
-0.121094	-0.096436	1.067627	-0.312977	-3.396947	-1.129771	7.214328
-0.125000	-0.056885	1.039795	0.320611	-1.114504	-0.671756	7.224826
-0.113770	-0.087402	1.039307	-0.603053	1.335878	-0.099237	7.235225
-0.126465	-0.097656	1.073242	0.580153	3.145038	-1.267176	7.245747
-0.138672	-0.099121	1.106201	1.152672	2.297710	-2.198473	7.256005
-0.141602	-0.058838	1.114014	1.427481	1.229008	-0.923664	7.266865
-0.133789	-0.102295	1.109131	0.351145	0.106870	-1.587786	7.276908
-0.156250	-0.069336	1.125488	2.015267	-1.625954	-0.992366	7.287472
-0.161621	-0.055420	1.122314	2.213740	-4.465649	0.221374	7.297875
-0.131348	-0.087646	1.073486	2.183206	-4.633588	0.702290	7.308397
-0.135986	-0.052490	1.044922	1.511450	-3.030534	0.458015	7.318837
-0.134033	-0.077881	1.064941	-1.908397	-1.198473	1.328244	7.329540
-0.132080	-0.091797	1.059082	-1.923664	0.557252	0.938931	7.339963
-0.136719	-0.079102	1.089111	-0.740458	0.679389	1.175573	7.349914
-0.137695	-0.066162	1.059326	-0.145038	1.335878	2.511450	7.360500
-0.130859	-0.090820	1.079346	1.824427	0.473282	2.770992	7.371032
-0.134521	-0.100830	1.065674	2.435115	1.908397	1.862595	7.381602
-0.136475	-0.117188	1.092529	2.725191	1.358779	0.374046	7.391984
-0.142090	-0.090088	1.112549	0.931298	-0.343511	-0.923664	7.402359
-0.143066	-0.099121	1.124023	-0.511450	-2.244275	-1.251908	7.412830
-0.144043	-0.061768	1.097168	-0.175573	-3.427481	-0.213740	7.422952
-0.132568	-0.102295	1.041260	-0.793893	-1.870229	0.557252	7.433594
-0.126709	-0.095947	1.045410	0.763359	0.106870	-0.458015	7.443454
-0.128174	-0.086914	1.055176	1.206107	1.473282	-0.549618	7.453638
-0.121582	-0.083740	1.041016	2.106870	3.152672	-0.564885	7.463539
-0.135742	-0.073975	1.052490	1.488550	4.717557	-0.320611	7.473040
-0.145752	-0.079590	1.117188	0.000000	3.832061	-0.427481	7.483808
-0.155518	-0.103271	1.154053	1.221374	0.580153	-1.343511	7.494061
-0.161865	-0.093994	1.168945	2.129771	-2.213740	-2.496183	7.504324
-0.157227	-0.065918	1.148682	1.893130	-4.083969	-1.740458	7.514787
-0.148193	-0.087891	1.119385	1.801527	-5.053435	-1.587786	7.525256
-0.131348	-0.051514	1.086670	2.358779	-4.709924	-0.977099	7.535757
-0.126953	-0.065674	1.026367	0.480916	-1.816794	-0.129771	7.545895
-0.125977	-0.060059	1.013672	0.832061	1.557252	-0.335878	7.556345
-0.120361	-0.039307	1.017578	-1.526718	5.732824	1.320611	7.566755
-0.147705	-0.077148	1.118408	-0.465649	5.282443	1.106870	7.577063
-0.155762	-0.074463	1.160889	-0.984733	3.740458	1.213740	7.587711
-0.156494	-0.101074	1.186279	-0.022901	0.374046	0.175573	7.597924
-0.145752	-0.079346	1.150391	1.786260	-1.923664	0.022901	7.608165
-0.137207	-0.080566	1.123291	0.106870	-2.931298	-0.603053	7.618710
-0.136230	-0.079590	1.118408	-0.030534	-3.900763	-2.534351	7.628634
-0.129150	-0.069824	1.094238	-0.511450	-3.328244	-2.854962	7.638325
-0.111816	-0.051025	1.043701	0.114504	-1.984733	-2.389313	7.648561
-0.144043	-0.038086	1.081543	-2.022901	-0.572519	-0.381679	7.658865
-0.145020	-0.084717	1.126221	-0.938931	-5.648855	0.396947	7.669128
-0.133057	-0.054688	1.064453	1.954198	-7.961832	2.778626	7.678917
-0.113281	-0.085449	1.066162	-0.641221	-0.343511	1.038168	7.688794
-0.134277	-0.078125	1.106689	2.030534	-1.045802	0.862595	7.699816
-0.120850	-0.095703	1.079102	1.572519	-1.137405	0.015267	7.710095
-0.132812	-0.061768	1.092529	0.793893	-0.519084	-0.641221	7.720696
-0.141602	-0.063232	1.113770	-1.038168	-1.656489	0.320611	7.730980
-0.155518	-0.087891	1.091064	0.022901	-4.396947	-0.816794	7.741243
-0.137695	-0.033203	1.060547	2.717557	-6.198473	1.083969	7.751566
-0.113525	-0.034180	1.013916	-2.076336	-2.603053	1.770992	7.761636
-0.123535	-0.056152	1.024658	-0.908397	-1.030534	2.465649	7.772049
-0.110840	-0.078125	1.052246	-1.931298	1.167939	2.946565	7.782517
-0.125244	-0.094971	1.092773	-0.358779	1.587786	2.328244	7.793066
-0.136475	-0.082275	1.096191	1.183206	0.282443	1.335878	7.803388
-0.137695	-0.080811	1.103027	-0.320611	-0.977099	1.412214	7.813514
-0.135498	-0.106934	1.107178	0.251908	-2.908397	0.045802	7.823948
-0.130859	-0.075195	1.077148	0.618321	-3.022901	-0.412214	7.834284
-0.142090	-0.080322	1.098389	0.977099	-4.603053	-0.190840	7.844654
-0.134277	-0.035156	1.041992	0.931298	-3.862595	1.114504	7.855305
-0.124756	-0.080566	1.029541	-0.496183	-1.816794	2.282443	7.865593
-0.124023	-0.054443	1.012451	-0.641221	0.045802	2.541985	7.876176
-0.123779	-0.092773	1.048340	-1.694656	2.832061	2.458015	7.886972
-0.136230	-0.079346	1.105225	-0.282443	2.312977	2.030534	7.897334
-0.126709	-0.099121	1.087891	-0.419847	1.786260	1.435115	7.907885
-0.157227	-0.078613	1.164307	3.145038	0.000000	1.526718	7.919482
-0.136963	-0.065186	1.143066	2.519084	-4.419847	1.656489	7.931028
-0.144287	-0.039062	1.127686	1.633588	-6.244275	3.435115	7.941522
-0.131592	-0.123047	1.058594	0.236641	-9.251908	3.022901	7.952306
-0.105957	-0.049805	1.019043	3.328244	-5.473282	1.328244	7.962873
-0.121338	-0.080078	1.056641	-0.076336	-0.938931	0.633588	7.973089
-0.125488	-0.064453	1.065674	1.320611	-0.274809	1.274809	7.983596
-0.125000	-0.074463	1.066406	-0.099237	1.198473	1.992366	7.993823
-0.125244	-0.088135	1.071777	-0.267176	2.465649	2.641221	8.004100
-0.137207	-0.091797	1.089600	-0.160305	2.061069	1.885496	8.014338
-0.135498	-0.091309	1.111084	-0.755725	-0.557252	0.938931	8.024653
-0.128662	-0.085449	1.090820	-1.022901	-1.473282	0.328244	8.035228
-0.133545	-0.082031	1.089355	-0.648855	-1.381679	-0.511450	8.045671
-0.115234	-0.086426	1.087646	-0.442748	-0.809160	-1.030534	8.055857
-0.118896	-0.086426	1.076172	0.244275	0.923664	-1.435115	8.066128
-0.138916	-0.065918	1.118896	1.297710	0.076336	-0.908397	8.076561
-0.133789	-0.069824	1.085938	0.763359	0.694656	1.297710	8.087158
-0.135010	-0.082764	1.104492	1.633588	0.610687	0.648855	8.097806
-0.140869	-0.059814	1.120361	-0.030534	-1.557252	0.671756	8.107958
-0.123779	-0.085938	1.091553	-0.389313	-1.625954	0.534351	8.118037
-0.123535	-0.066895	1.072754	-1.442748	-0.770992	0.763359	8.128919
-0.123535	-0.077148	1.069580	-2.725191	0.099237	0.236641	8.139151
-0.129150	-0.067871	1.057129	-2.786260	1.763359	0.450382	8.149612
-0.129883	-0.083984	1.075928	-2.641221	3.053435	0.679389	8.159718
-0.139404	-0.071045	1.112061	-1.488550	2.190840	0.534351	8.169700
-0.147949	-0.083984	1.133301	0.198473	-2.221374	1.114504	8.180090
-0.134521	-0.077148	1.100098	0.427481	-3.580153	0.496183	8.190406
-0.129150	-0.070312	1.085449	0.396947	-4.106870	0.969466	8.200777
-0.129883	-0.075684	1.081055	-0.870229	-3.885496	0.977099	8.211310
-0.124512	-0.068848	1.062744	-1.717557	-3.870229	1.366412	8.221511
-0.115479	-0.078613	1.038818	-3.740458	-1.671756	1.717557	8.231884
-0.111572	-0.081543	1.066162	-5.129771	-0.030534	1.740458	8.242543
-0.119141	-0.091309	1.061768	-5.656489	0.839695	1.236641	8.252858
-0.128418	-0.084717	1.103271	-4.358779	-0.274809	1.114504	8.263159
-0.128906	-0.093994	1.108154	-3.114504	-1.183206	1.488550	8.273208
-0.126953	-0.110107	1.097168	-1.793893	-0.519084	0.847328	8.283148
-0.127686	-0.108398	1.105713	0.061069	-1.244275	-0.351145	8.293077
-0.121826	-0.087158	1.084229	0.816794	-1.251908	-1.488550	8.303975
-0.141846	-0.115479	1.151855	3.297710	-3.488550	-1.496183	8.314210
-0.115967	-0.032227	1.036621	-0.534351	-3.732824	-1.770992	8.324607
-0.136719	-0.089355	1.124023	0.587786	-2.816794	0.244275	8.335129
-0.137207	-0.090576	1.099854	-0.274809	-2.893130	-0.969466	8.345419
-0.142578	-0.068604	1.109131	0.610687	-4.610687	-0.969466	8.355482
-0.135498	-0.050049	1.091553	1.076336	-5.129771	0.038168	8.365957
-0.132812	-0.066650	1.094482	1.763359	-5.381679	0.595420	8.376509
-0.121094	-0.082031	1.078857	1.877863	-6.763359	0.786260	8.387036
-0.116455	-0.068115	1.062500	1.099237	-5.748092	0.038168	8.397315
-0.117920	-0.069336	1.051025	0.068702	-4.244275	0.664122	8.407576
-0.136230	-0.073486	1.109131	-0.778626	-5.015267	0.412214	8.417980
-0.115967	-0.096191	1.071289	-1.000000	-6.503817	-0.564885	8.428685
-0.112793	-0.099121	1.065430	0.900763	-6.038168	-1.679389	8.439012
-0.102051	-0.054443	0.994141	-1.145038	-2.198473	-0.877863	8.449562
-0.107910	-0.102783	1.030762	-0.259542	1.099237	-2.122137	8.459818
-0.121338	-0.074951	1.099365	0.832061	0.541985	-1.343511	8.470498
-0.110107	-0.096436	1.080078	1.374046	0.748092	-1.022901	8.480383
-0.119873	-0.054688	1.079590	2.053435	2.618321	1.145038	8.490880
-0.128662	-0.080566	1.115234	3.190840	1.404580	2.534351	8.500625
-0.117188	-0.077393	1.098633	4.190840	0.503817	4.030534	8.510368
-0.117676	-0.078857	1.072266	3.977099	0.755725	4.068702	8.521559
-0.122314	-0.081787	1.065430	2.923664	0.786260	3.770992	8.532053
-0.120117	-0.068848	1.076172	2.580153	0.312977	3.083969	8.542421
-0.121582	-0.081543	1.084473	0.603053	-0.297710	3.832061	8.553043
-0.116943	-0.090820	1.104004	1.679389	-2.145038	2.587786	8.562982
-0.111572	-0.073975	1.078369	-0.213740	-2.679389	1.274809	8.573584
-0.110107	-0.091553	1.069824	-0.152672	-2.083969	0.954198	8.584199
-0.106201	-0.066406	1.064209	-1.038168	-1.145038	0.854962	8.594778
-0.125244	-0.093506	1.095703	-2.167939	0.015267	0.671756	8.605539
-0.129639	-0.088135	1.119385	-1.870229	-2.511450	0.335878	8.615825
-0.116943	-0.093018	1.104492	-2.778626	-3.267176	-1.045802	8.625978
-0.115723	-0.071533	1.087158	-4.213740	-2.709924	-1.053435	8.636267
-0.134521	-0.085205	1.157959	-3.854962	-4.801527	-1.419847	8.646692
-0.125000	-0.093506	1.126709	-2.870229	-7.244275	-2.137405	8.657005
-0.107666	-0.108887	1.065674	-0.603053	-5.946565	-2.595420	8.667339
-0.103516	-0.081055	1.043213	1.267176	-4.000000	-3.297710	8.677930
-0.095703	-0.067139	1.018311	0.862595	-0.312977	-2.763359	8.688044
-0.113037	-0.069092	1.052734	-1.045802	2.480916	-1.648855	8.698447
-0.124512	-0.093262	1.114014	-0.725191	1.656489	-1.221374	8.708693
-0.115479	-0.105225	1.105469	0.740458	0.244275	-2.839695	8.719121
-0.115723	-0.082764	1.106934	1.320611	-0.099237	-3.786260	8.729370
-0.121338	-0.066895	1.137695	0.770992	-0.885496	-2.091603	8.739599
-0.120605	-0.096924	1.134277	0.496183	-2.396947	-3.465649	8.749981
-0.104492	-0.068115	1.109619	0.366412	-2.587786	-4.022901	8.760275
-0.109131	-0.065674	1.102783	0.351145	-2.083969	-3.587786	8.770362
-0.101318	-0.074707	1.078369	0.496183	-0.732824	-3.343511	8.780699
-0.109375	-0.070312	1.071533	0.832061	0.274809	-3.839695	8.790201
-0.112061	-0.037109	1.075928	0.091603	1.259542	-2.114504	8.801010
-0.119873	-0.053467	1.095703	-0.519084	1.572519	-0.618321	8.811605
-0.124756	-0.055420	1.089600	-0.809160	-0.076336	0.473282	8.821882
-0.130127	-0.079834	1.123291	-1.458015	-1.534351	0.274809	8.832264
-0.121094	-0.076416	1.113037	0.091603	-3.702290	-0.137405	8.842802
-0.113525	-0.093018	1.084717	0.045802	-3.801527	-1.015267	8.853454
-0.109863	-0.067871	1.053223	1.725191	-3.229008	-1.129771	8.863729
-0.109619	-0.057617	1.034912	-0.396947	-1.137405	-0.045802	8.874317
-0.107910	-0.060791	1.053711	-0.618321	0.763359	-0.091603	8.884762
-0.117432	-0.075928	1.093018	-1.290076	0.977099	0.793893	8.895283
-0.109131	-0.086670	1.091797	-1.954198	1.106870	-0.091603	8.905456
-0.108398	-0.104980	1.093506	1.381679	0.916031	0.480916	8.915254
-0.112305	-0.088867	1.112549	1.465649	0.687023	-0.114504	8.924924
-0.101318	-0.086914	1.083008	1.572519	0.305344	-0.511450	8.935465
-0.104248	-0.082275	1.071777	0.793893	0.198473	0.221374	8.946403
-0.117188	-0.089844	1.110352	0.931298	-1.106870	-0.427481	8.956613
-0.106689	-0.088623	1.100098	1.061069	-2.236641	-0.969466	8.966878
-0.107178	-0.069336	1.082275	1.748092	-2.091603	-1.274809	8.977432
-0.106934	-0.073242	1.106689	0.122137	-1.801527	0.083969	8.987955
-0.107422	-0.085693	1.099121	1.091603	-1.229008	-0.496183	8.998254
-0.113281	-0.088867	1.104980	1.175573	-0.465649	-0.870229	9.008518
-0.118408	-0.075439	1.126465	2.404580	-1.969466	-0.854962	9.018891
-0.115479	-0.069336	1.100098	1.625954	-2.778626	-0.480916	9.029195
-0.118408	-0.055176	1.097900	-0.480916	-2.511450	0.427481	9.038971
-0.135254	-0.069580	1.180176	-1.610687	-6.656489	0.740458	9.049238
-0.121582	-0.093018	1.144531	-0.854962	-12.175573	-0.480916	9.059442
-0.176514	-0.117188	1.249268	-2.954198	-20.022901	-1.305344	9.069819
-0.087402	-0.034912	1.033203	3.206107	-18.167939	-0.832061	9.080415
-0.085693	-0.035645	0.973145	-3.038168	-9.832061	2.198473	9.090121
-0.079590	-0.107422	1.071289	-9.473282	-4.687023	1.442748	9.100819
-0.071045	-0.094482	1.045898	-3.938931	-4.145038	0.450382	9.110993
-0.081299	-0.107422	1.094971	-6.068702	-3.450382	0.503817	9.121393
-0.092529	-0.110840	1.112793	-1.381679	-5.946565	1.435115	9.131528
-0.068115	-0.099365	1.066895	-4.198473	-3.435115	-0.717557	9.141061
-0.154785	-0.103760	1.094482	-5.274809	-11.305344	-1.633588	9.152221
-0.098389	-0.163330	1.195801	0.824427	-11.717557	-3.740458	9.162593
-0.111328	-0.121094	1.176270	3.381679	-16.977099	-7.038168	9.172708
-0.090820	-0.073975	1.089600	7.793893	-17.732824	-5.305344	9.183518
-0.087646	-0.047363	1.035156	5.244275	-14.328244	-2.473282	9.193955
-0.065430	-0.084229	1.022217	1.702290	-8.916031	-1.465649	9.204502
-0.069092	-0.079346	1.006592	2.625954	-3.503817	-1.473282	9.215236
-0.070801	-0.072754	1.015381	1.603053	1.236641	-1.366412	9.225808
-0.094482	-0.074463	1.081787	0.832061	2.854962	-0.656489	9.236384
-0.105469	-0.102783	1.174561	0.465649	-1.687023	-1.251908	9.246660
-0.086182	-0.103760	1.143311	2.274809	-6.045802	-2.030534	9.257113
-0.086182	-0.069580	1.118896	3.832061	-8.633588	-2.137405	9.267388
-0.083740	-0.060791	1.101807	1.137405	-9.732824	-2.152672	9.277494
-0.073486	-0.081055	1.061035	1.030534	-9.251908	-1.007634	9.287781
-0.066650	-0.051514	1.037842	2.763359	-7.167939	0.190840	9.298321
-0.091064	-0.069092	1.079346	4.625954	-9.358779	3.076336	9.308580
-0.049072	-0.074707	1.021729	0.198473	-5.145038	2.320611	9.318876
-0.077637	-0.100098	1.139160	2.305344	-5.671756	2.847328	9.329183
-0.077148	-0.097412	1.145752	0.564885	-9.343511	2.832061	9.339627
-0.066895	-0.109375	1.095459	0.755725	-11.030534	2.770992	9.349684
-0.067383	-0.141113	1.109619	4.274809	-13.213740	1.671756	9.359898
-0.061523	-0.095947	1.057861	0.435115	-13.061069	-1.763359	9.370278
-0.060791	-0.098389	1.041748	0.458015	-9.664122	-0.938931	9.380611
-0.051025	-0.091064	1.032959	1.015267	-7.389313	-1.908397	9.390758
-0.059326	-0.068115	1.019287	0.877863	-4.412214	-1.465649	9.401262
-0.045410	-0.068848	1.045654	1.374046	-2.557252	-0.236641	9.411564
-0.051025	-0.078125	1.080566	1.358779	-0.893130	0.213740	9.422010
-0.049561	-0.066895	1.072754	0.419847	1.167939	0.015267	9.432237
-0.051758	-0.091309	1.090332	-0.068702	3.396947	2.175573	9.442774
-0.051758	-0.072510	1.073975	-0.916031	5.419847	1.916031	9.452973
-0.059814	-0.060059	1.062012	-1.053435	7.832061	2.557252	9.463574
-0.043945	-0.042725	1.104980	-7.389313	10.442748	3.740458	9.473836
-0.080322	-0.106689	1.171631	-2.908397	6.603053	3.824427	9.484282
-0.069580	-0.082275	1.140625	-2.702290	3.175573	1.969466	9.494700
-0.074463	-0.100342	1.148926	-2.099237	0.480916	1.770992	9.504910
-0.075439	-0.092529	1.094482	-0.687023	1.007634	0.625954	9.515091
-0.063477	-0.096436	1.087891	1.038168	0.893130	0.580153	9.525575
-0.059570	-0.067383	1.044189	1.496183	3.748092	0.396947	9.536089
-0.062744	-0.077637	1.056396	1.358779	6.320611	1.007634	9.546402
-0.072021	-0.101562	1.103027	0.931298	7.267176	0.343511	9.556175
-0.086670	-0.078369	1.142090	-0.137405	5.587786	-0.389313	9.565954
-0.088379	-0.074951	1.132080	0.099237	3.053435	0.137405	9.575933
-0.093750	-0.110352	1.138916	-0.267176	4.595420	1.389313	9.586995
-0.078125	-0.063232	1.114990	-0.786260	1.412214	1.068702	9.597742
-0.063232	-0.091797	1.072998	-2.473282	1.931298	1.732824	9.608146
-0.073242	-0.086182	1.090576	-1.801527	2.969466	1.251908	9.618469
-0.067627	-0.079834	1.093506	-1.030534	3.122137	0.687023	9.628903
-0.064209	-0.083496	1.057617	-1.854962	3.908397	1.366412	9.639001
-0.063232	-0.101562	1.061523	-1.770992	9.244275	0.396947	9.649441
-0.072998	-0.095703	1.084473	-1.114504	10.236641	-0.862595	9.659786
-0.037842	-0.097656	1.072510	-6.221374	11.183206	-3.549618	9.670153
-0.113037	-0.077148	1.173340	2.396947	7.335878	-0.641221	9.680599
-0.088379	-0.072754	1.106201	0.297710	5.900763	0.061069	9.691202
-0.083740	-0.091064	1.145752	0.709924	3.656489	0.480916	9.701775
-0.098877	-0.090332	1.153809	-1.954198	-0.045802	1.885496	9.711963
-0.087891	-0.084473	1.079834	0.664122	-1.259542	-0.671756	9.722525
-0.093750	-0.074219	1.075928	1.450382	-1.145038	-0.519084	9.732602
-0.083252	-0.066406	1.049316	0.854962	-1.480916	-0.053435	9.743081
-0.076904	-0.069824	1.008057	-0.183206	1.603053	1.030534	9.753628
-0.069336	-0.082764	1.008789	-1.900763	3.793893	1.603053	9.763677
-0.052246	-0.075928	0.979736	-2.778626	8.534351	2.167939	9.774008
-0.084717	-0.099121	1.075195	-3.465649	11.809160	2.190840	9.784634
-0.115234	-0.108887	1.181396	-1.335878	6.847328	1.816794	9.795075
-0.111816	-0.059082	1.145020	-2.022901	-2.916031	-0.450382	9.805556
-0.099365	-0.131104	1.142090	2.961832	1.603053	1.274809	9.815954
-0.074463	-0.086182	1.066406	0.709924	0.648855	-0.267176	9.826546
-0.083252	-0.087158	1.045410	1.106870	0.587786	-0.847328	9.837147
-0.080811	-0.074463	1.055664	-0.251908	2.748092	-0.267176	9.847448
-0.079590	-0.093994	1.045166	-0.519084	4.374046	-0.625954	9.857932
-0.083008	-0.083008	1.046631	0.389313	7.099237	-0.969466	9.868456
-0.119141	-0.063477	1.145996	-0.740458	5.786260	0.648855	9.878954
-0.071289	-0.131104	1.107666	-2.801527	6.595420	0.603053	9.889602
-0.108887	-0.067383	1.106445	1.244275	3.992366	0.450382	9.900084
-0.100586	-0.069580	1.103271	0.732824	3.106870	1.587786	9.910097
-0.101562	-0.085449	1.102783	1.488550	2.748092	0.564885	9.923321
-0.101562	-0.097656	1.115723	0.664122	2.335878	-0.618321	9.934156
-0.101562	-0.061523	1.106201	0.007634	1.297710	-0.175573	9.944351
-0.096924	-0.074707	1.108887	-1.748092	1.709924	0.893130	9.954692
-0.105713	-0.079834	1.114746	-2.267176	1.106870	1.282443	9.964789
-0.086670	-0.047852	1.072510	-7.732824	-1.503817	-0.358779	9.975012
-0.104736	-0.083252	1.104248	-1.458015	0.625954	2.129771	9.985506
-0.086426	-0.086670	1.046631	-3.893130	4.000000	0.000000	9.995533
-0.092529	-0.112549	1.080811	-2.809160	6.725191	1.740458	10.005584
-0.106689	-0.106445	1.123047	-0.427481	6.305344	0.366412	10.014920
-0.101318	-0.057373	1.087646	-6.122137	2.893130	-1.274809	10.024604
-0.128174	-0.123779	1.178711	1.145038	2.740458	0.351145	10.034022
-0.123291	-0.064209	1.116211	1.213740	-1.129771	-0.381679	10.045497
-0.104980	-0.089600	1.097900	-0.145038	-2.541985	0.183206	10.055756
-0.107422	-0.070557	1.101807	-0.824427	-1.885496	0.282443	10.065661
-0.106445	-0.083252	1.087402	-2.053435	-1.244275	0.450382	10.076578
-0.105957	-0.075195	1.093262	-0.809160	-1.160305	0.343511	10.087031
-0.109375	-0.076904	1.056885	-1.175573	-0.175573	1.305344	10.096238
-0.103027	-0.089844	1.072021	-0.885496	0.206107	1.992366	10.104725
-0.103516	-0.107666	1.072266	-0.557252	0.984733	1.938931	10.113216
-0.105469	-0.092041	1.075684	-0.290076	1.335878	2.503817	10.121429
-0.104248	-0.099121	1.075439	-0.450382	2.526718	1.793893	10.129882
-0.110107	-0.087402	1.086914	-0.580153	2.977099	2.083969	10.138433
-0.104736	-0.081299	1.083252	-1.167939	3.633588	2.656489	10.146781
-0.120361	-0.093506	1.114990	-1.274809	1.603053	1.595420	10.155136
-0.119141	-0.088135	1.102783	-1.221374	0.312977	1.320611	10.163506
-0.106445	-0.093750	1.075928	-0.625954	-0.221374	1.519084	10.171515
-0.103271	-0.077637	1.068604	-0.694656	0.862595	1.068702	10.180257
-0.114990	-0.073486	1.077393	-1.381679	1.633588	1.572519	10.188510
-0.121338	-0.093018	1.108887	-0.458015	0.374046	2.404580	10.196671
-0.110840	-0.095215	1.095947	0.030534	-1.099237	2.312977	10.204470
-0.114014	-0.089844	1.094482	0.938931	-2.068702	2.282443	10.212179
-0.104980	-0.088867	1.076660	-0.038168	-1.847328	2.129771	10.219783
-0.087891	-0.094482	1.069092	-0.396947	-1.458015	1.816794	10.227632
-0.094482	-0.103516	1.062744	-0.938931	-0.190840	0.885496	10.236687
-0.098145	-0.091553	1.068359	-0.847328	-0.167939	0.977099	10.244929
-0.091064	-0.107178	1.057129	-1.290076	0.847328	0.687023	10.253484
-0.106689	-0.109131	1.093506	-0.343511	1.083969	0.160305	10.261883
-0.101074	-0.118896	1.106201	-0.129771	0.282443	-0.496183	10.270308
-0.106201	-0.123535	1.099609	0.595420	0.030534	-0.916031	10.278908
-0.109619	-0.119385	1.097656	1.274809	-0.358779	-0.908397	10.287417
-0.118652	-0.101807	1.122314	0.328244	-0.389313	-1.389313	10.295755
-0.114014	-0.103516	1.138672	0.946565	-2.114504	-1.076336	10.304153
-0.099365	-0.087891	1.073486	0.206107	-1.893130	-0.679389	10.312687
-0.104004	-0.106689	1.077881	0.396947	-1.175573	-0.893130	10.321080
-0.107422	-0.095215	1.073730	0.389313	-0.480916	-0.450382	10.330051
-0.101562	-0.090332	1.058350	1.404580	0.374046	-0.458015	10.338570
-0.098877	-0.077393	1.050537	0.702290	1.694656	0.229008	10.346948
-0.095947	-0.097656	1.068359	-1.312977	2.465649	0.229008	10.355809
-0.108887	-0.100586	1.098389	-1.213740	2.625954	0.305344	10.364326
-0.109863	-0.106201	1.104492	-2.137405	1.610687	-0.587786	10.372628
-0.106201	-0.106689	1.092529	-3.305344	1.068702	-1.267176	10.381513
-0.098389	-0.099609	1.087402	-4.740458	1.129771	-1.549618	10.390113
-0.101807	-0.093018	1.084717	-7.129771	1.923664	-1.847328	10.398469
-0.099121	-0.134766	1.114990	-8.938931	1.984733	-3.305344	10.406823
-0.122314	-0.120850	1.166992	-7.374046	0.190840	-4.793893	10.415725
-0.068359	-0.111328	1.113525	-16.091603	-1.618321	-6.847328	10.424135
-0.134277	-0.148438	1.183838	-2.045802	-2.740458	-4.839695	10.433065
-0.101562	-0.094971	1.088867	-4.206107	-2.648855	-5.580153	10.441737
-0.114502	-0.115479	1.108887	-3.725191	-2.061069	-5.465649	10.450094
-0.117920	-0.097168	1.098145	-1.274809	-3.755725	-3.854962	10.458558
-0.104980	-0.098633	1.057617	-1.564885	-3.312977	-3.595420	10.467048
-0.108887	-0.107666	1.046875	-0.419847	-2.290076	-2.702290	10.475294
-0.108154	-0.119873	1.060791	-1.091603	-1.297710	-2.381679	10.483892
-0.112793	-0.070557	1.054199	-1.015267	-0.641221	-0.832061	10.492470
-0.111816	-0.106689	1.096191	-3.404580	-1.091603	0.412214	10.500959
-0.111572	-0.139160	1.122559	-2.190840	-2.786260	0.076336	10.509334
-0.102783	-0.133057	1.097656	-1.366412	-2.816794	0.381679	10.517787
-0.093750	-0.145996	1.085693	-1.015267	-1.839695	-0.290076	10.526115
-0.090332	-0.142334	1.082275	-0.076336	-1.358779	-1.824427	10.534809
-0.101318	-0.109375	1.064453	0.648855	-0.358779	-1.335878	10.543400
-0.102539	-0.123779	1.074463	-0.473282	0.786260	-1.549618	10.551790
-0.102783	-0.128174	1.075439	-0.290076	1.465649	-2.938931	10.560255
-0.099609	-0.113037	1.048828	0.763359	2.312977	-3.633588	10.568782
-0.111816	-0.085449	1.059082	1.022901	2.916031	-4.106870	10.577324
-0.123779	-0.071533	1.086426	1.190840	1.236641	-1.877863	10.585736
-0.103271	-0.109863	1.076416	1.778626	0.534351	-1.480916	10.594293
-0.104248	-0.104492	1.069580	3.335878	0.290076	-2.358779	10.602557
-0.111328	-0.111328	1.101562	3.206107	0.007634	-2.549618	10.611141
-0.117188	-0.083740	1.089844	4.511450	-1.709924	-1.938931	10.619701
-0.111572	-0.074219	1.069336	2.694656	-0.938931	-0.961832	10.628024
-0.106201	-0.089844	1.057861	2.396947	-0.236641	-1.236641	10.636547
-0.106689	-0.073486	1.054199	1.473282	-0.183206	-1.068702	10.644859
-0.123779	-0.072998	1.063232	0.671756	0.061069	-0.183206	10.653133
-0.101074	-0.084473	1.067627	-0.152672	0.167939	0.236641	10.661555
-0.093262	-0.079102	1.080566	-0.427481	0.641221	0.702290	10.670184
-0.093506	-0.104736	1.107666	-0.458015	0.633588	0.541985	10.678630
-0.106201	-0.105957	1.124268	1.122137	0.297710	0.068702	10.687040
-0.111572	-0.108643	1.105713	1.229008	0.557252	0.557252	10.695400
-0.110596	-0.126709	1.107666	2.175573	-0.473282	-0.648855	10.703838
-0.103271	-0.093262	1.062012	2.053435	-1.328244	-1.091603	10.712190
-0.097168	-0.097656	1.045166	0.068702	-0.381679	-1.389313	10.720730
-0.096924	-0.103271	1.039062	-1.725191	0.664122	-2.473282	10.729337
-0.098633	-0.100098	1.045410	-4.000000	1.541985	-3.068702	10.737474
-0.078857	-0.140381	1.032227	-6.343511	2.206107	-4.931298	10.745995
-0.095703	-0.117676	1.098877	-5.740458	3.137405	-6.488550	10.754490
-0.111328	-0.107178	1.111084	-4.419847	1.396947	-7.152672	10.762765
-0.105225	-0.083496	1.104492	-3.793893	0.862595	-6.404580	10.771260
-0.109619	-0.088867	1.116455	-2.244275	0.152672	-4.832061	10.779761
-0.108398	-0.104736	1.110840	-2.221374	-0.908397	-3.870229	10.787912
-0.100098	-0.116455	1.107178	-0.389313	-2.801527	-4.274809	10.795706
-0.104736	-0.086426	1.100098	0.007634	-2.198473	-3.267176	10.803587
-0.116943	-0.088135	1.094482	-0.175573	-2.900763	-2.015267	10.811281
-0.094482	-0.098145	1.076416	0.083969	-2.603053	-0.091603	10.819980
-0.095947	-0.130615	1.061035	-0.259542	-1.000000	0.229008	10.829038
-0.094971	-0.133545	1.071533	0.755725	0.213740	-1.038168	10.837249
-0.105469	-0.115479	1.075439	0.404580	0.748092	-2.068702	10.845128
-0.108643	-0.124756	1.106689	0.564885	1.244275	-2.740458	10.853499
-0.116699	-0.114502	1.114014	0.328244	0.992366	-2.885496	10.862122
-0.124023	-0.115479	1.132812	-0.496183	0.305344	-3.183206	10.870734
-0.124756	-0.126953	1.125977	1.480916	0.129771	-3.694656	10.879313
-0.131836	-0.108154	1.142334	2.427481	-1.312977	-3.282443	10.887842
-0.128174	-0.097900	1.109619	1.793893	-2.549618	-2.977099	10.896369
-0.114014	-0.095947	1.067627	2.984733	-1.809160	-2.259542	10.904853
-0.119141	-0.067139	1.064697	1.213740	0.007634	-1.679389	10.913316
-0.123291	-0.087646	1.092773	0.465649	0.305344	-0.717557	10.921530
-0.120850	-0.101807	1.093018	1.503817	0.969466	0.198473	10.929687
-0.122314	-0.086182	1.100098	2.045802	1.312977	0.473282	10.938550
-0.122070	-0.091553	1.117432	2.137405	0.458015	0.992366	10.947232
-0.117188	-0.098633	1.093262	3.419847	-0.022901	1.053435	10.955578
-0.118164	-0.095459	1.099365	2.786260	0.183206	1.511450	10.963973
-0.116455	-0.113770	1.101318	2.160305	-0.870229	1.129771	10.972505
-0.105469	-0.115967	1.076660	1.793893	-0.755725	0.183206	10.981204
-0.116455	-0.123047	1.109619	0.633588	-2.015267	-0.786260	10.989563
-0.110596	-0.091797	1.104980	0.496183	-3.030534	-0.312977	10.998071
-0.101074	-0.093750	1.083252	-1.496183	-2.465649	0.290076	11.006626
-0.107178	-0.108154	1.090332	-1.343511	-2.625954	0.610687	11.014939
-0.092041	-0.112549	1.066895	-0.824427	-2.603053	0.564885	11.023211
-0.089355	-0.123291	1.041992	0.320611	-1.343511	0.381679	11.031902
-0.084717	-0.117432	1.047852	1.389313	0.061069	-0.091603	11.040354
-0.098145	-0.117920	1.065430	1.938931	1.320611	-0.442748	11.048838
-0.095703	-0.127686	1.087158	2.938931	1.511450	-0.541985	11.057278
-0.089844	-0.119629	1.078369	3.816794	1.977099	-1.358779	11.065435
-0.109131	-0.104736	1.100098	3.656489	1.931298	-1.198473	11.074183
-0.114746	-0.101074	1.100830	3.694656	-0.213740	-0.946565	11.082902
-0.101318	-0.111816	1.083252	3.877863	-0.740458	-1.213740	11.090996
-0.101807	-0.104492	1.085693	4.381679	-0.725191	-2.114504	11.099463
-0.100098	-0.082275	1.069824	4.435115	-1.404580	-1.633588	11.108019
-0.094482	-0.090332	1.032715	3.015267	-0.389313	-1.099237	11.116009
-0.097656	-0.087402	1.036621	2.274809	0.885496	-1.061069	11.124575
-0.099854	-0.084473	1.039062	2.320611	1.297710	-0.885496	11.133359
-0.099121	-0.090820	1.029541	2.045802	2.213740	-0.458015	11.141856
-0.098389	-0.094971	1.060303	1.580153	3.511450	-0.183206	11.150375
-0.117676	-0.096924	1.095947	1.587786	2.740458	0.145038	11.158737
-0.108154	-0.122314	1.092529	1.145038	1.778626	-0.419847	11.167095
-0.099609	-0.131836	1.124268	2.641221	0.641221	-0.839695	11.175636
-0.109375	-0.094482	1.114258	2.633588	-0.702290	-1.992366	11.184397
-0.103516	-0.104492	1.107910	1.122137	-0.687023	-1.267176	11.192752
-0.111572	-0.105713	1.107178	2.068702	-0.984733	-1.274809	11.201374
-0.110596	-0.087402	1.096680	0.572519	-1.419847	-1.427481	11.210099
-0.113037	-0.076172	1.087158	0.923664	-1.442748	-0.603053	11.218234
-0.101074	-0.093994	1.061523	1.083969	-0.427481	0.595420	11.226804
-0.097168	-0.109863	1.051514	3.885496	1.206107	0.091603	11.235379
-0.099609	-0.100586	1.036865	2.106870	2.435115	-0.114504	11.243776
-0.098633	-0.112549	1.062744	1.389313	3.633588	-0.396947	11.252303
-0.109131	-0.107422	1.106689	2.832061	2.992366	-0.236641	11.260841
-0.111328	-0.104980	1.118408	1.847328	1.709924	-0.519084	11.269231
-0.104492	-0.134521	1.114746	3.274809	0.854962	-1.603053	11.277917
-0.104980	-0.122070	1.114258	3.534351	0.992366	-3.259542	11.286246
-0.121094	-0.106201	1.138184	4.274809	0.206107	-3.358779	11.294611
-0.114258	-0.086182	1.105957	4.122137	-0.709924	-3.580153	11.303258
-0.113770	-0.079590	1.081299	3.847328	-0.114504	-3.099237	11.311757
-0.123047	-0.081787	1.093018	3.458015	-0.366412	-3.244275	11.320102
-0.124023	-0.051025	1.093262	3.015267	-1.343511	-2.152672	11.328588
-0.120117	-0.042725	1.069824	1.320611	-0.412214	0.061069	11.337390
-0.119873	-0.088623	1.072998	-0.923664	0.053435	0.083969	11.345901
-0.106934	-0.076904	1.063232	0.358779	0.167939	0.625954	11.354392
-0.104248	-0.098145	1.067383	-1.435115	2.175573	0.282443	11.362987
-0.108398	-0.101807	1.106445	-0.610687	1.839695	0.175573	11.371480
-0.124268	-0.094482	1.092041	0.229008	1.175573	0.091603	11.380232
-0.104248	-0.101807	1.095459	-0.381679	1.770992	-0.206107	11.388718
-0.109375	-0.107666	1.090576	0.480916	1.977099	-0.068702	11.397128
-0.108398	-0.103271	1.092529	1.320611	2.557252	-0.526718	11.405821
-0.115967	-0.086670	1.080322	1.198473	3.190840	-0.992366	11.414057
-0.133057	-0.079590	1.129395	0.984733	3.877863	-0.229008	11.422536
-0.124268	-0.084961	1.112793	1.732824	-0.519084	0.519084	11.430900
-0.113037	-0.087158	1.070557	2.213740	-0.122137	0.648855	11.439741
-0.115479	-0.091797	1.068115	1.648855	1.053435	0.893130	11.448339
-0.133057	-0.085449	1.096191	1.664122	0.274809	0.961832	11.456796
-0.081299	-0.111328	1.065186	-5.465649	2.519084	-1.114504	11.464888
-0.126221	-0.139160	1.154541	3.946565	0.503817	0.229008	11.473606
-0.119141	-0.072266	1.094727	5.145038	-1.160305	-0.083969	11.481871
-0.111328	-0.075684	1.064941	2.572519	-1.175573	0.427481	11.490017
-0.099854	-0.112549	1.037109	4.396947	0.732824	0.877863	11.498273
-0.118164	-0.088867	1.053467	3.312977	2.045802	0.274809	11.506014
-0.120850	-0.071533	1.042725	3.145038	2.801527	0.854962	11.513850
-0.111328	-0.086426	1.038818	2.068702	3.916031	1.534351	11.522938
-0.116943	-0.083008	1.064209	2.320611	4.030534	1.496183	11.531409
-0.130371	-0.080322	1.079590	2.809160	2.015267	1.633588	11.539948
-0.112305	-0.112549	1.115234	-1.526718	4.442748	0.671756	11.548524
-0.126953	-0.126221	1.155273	4.404580	0.061069	1.488550	11.557042
-0.105957	-0.102051	1.080322	4.053435	-0.198473	1.061069	11.565536
-0.111816	-0.094727	1.077148	2.977099	-0.282443	0.389313	11.573894
-0.107666	-0.083008	1.084717	2.427481	-1.007634	1.129771	11.582428
-0.103516	-0.084229	1.058594	2.145038	-0.198473	1.954198	11.590863
-0.100830	-0.093506	1.054443	0.450382	1.038168	1.061069	11.599259
-0.093994	-0.087891	1.064941	0.709924	1.763359	0.893130	11.607809
-0.138428	-0.029053	1.076904	-0.580153	-3.190840	-1.618321	11.616241
-0.130371	-0.124512	1.119141	-3.366412	2.679389	0.122137	11.624646
-0.128174	-0.125977	1.153320	-0.969466	-0.702290	-1.160305	11.633166
-0.097412	-0.095703	1.083740	0.412214	-0.053435	-0.305344	11.641548
-0.108398	-0.119385	1.117432	1.122137	0.770992	0.320611	11.649754
-0.118652	-0.111572	1.133789	1.465649	0.732824	-0.488550	11.658174
-0.127197	-0.094971	1.160156	2.122137	-1.206107	-0.809160	11.666553
-0.113525	-0.091797	1.116455	0.770992	-2.870229	-1.305344	11.675036
-0.120850	-0.078125	1.085205	2.038168	-2.229008	-0.404580	11.683665
-0.124023	-0.070801	1.093750	0.541985	-1.267176	0.328244	11.692220
-0.119629	-0.086426	1.070557	0.885496	-0.480916	0.564885	11.700673
-0.114014	-0.092041	1.076904	1.236641	0.938931	0.053435	11.708993
-0.116699	-0.074951	1.081543	1.656489	1.465649	-0.244275	11.717533
-0.120361	-0.090088	1.114502	1.343511	0.923664	0.541985	11.725905
-0.115234	-0.114990	1.125244	1.664122	0.267176	-0.526718	11.734633
-0.118896	-0.125977	1.147217	3.106870	-0.213740	-1.404580	11.743185
-0.112793	-0.126465	1.135010	4.801527	-0.343511	-1.938931	11.751676
-0.111084	-0.119385	1.101074	6.984733	-0.152672	-2.519084	11.760056
-0.112305	-0.093506	1.095703	8.320611	-0.534351	-3.129771	11.768546
-0.105225	-0.074219	1.043945	7.778626	1.419847	-3.213740	11.777114
-0.111328	-0.085449	1.053467	8.236641	1.656489	-1.770992	11.785144
-0.105469	-0.069824	1.031738	7.725191	1.732824	-1.832061	11.793815
-0.106934	-0.049561	1.031006	4.908397	3.396947	-0.351145	11.802348
-0.107666	-0.090576	1.073730	2.534351	3.923664	0.061069	11.810669
-0.122314	-0.105225	1.119873	2.679389	2.206107	-0.641221	11.819125
-0.127441	-0.079346	1.110840	2.229008	1.160305	-0.862595	11.827065
-0.127197	-0.081543	1.129883	1.541985	-0.366412	-0.213740	11.835212
-0.120361	-0.102295	1.108643	1.679389	-1.603053	-0.717557	11.843086
-0.119629	-0.078613	1.098877	1.496183	-2.267176	-1.526718	11.851234
-0.117920	-0.075195	1.090820	1.137405	-1.931298	-1.328244	11.859088
-0.106445	-0.090576	1.067871	2.129771	-1.732824	-1.725191	11.868578
-0.121338	-0.070312	1.056152	1.320611	-0.236641	-2.297710	11.877216
-0.130371	-0.075684	1.062500	0.572519	-0.801527	-1.732824	11.885838
-0.125732	-0.095947	1.056885	0.435115	-0.206107	-2.274809	11.894356
-0.118896	-0.062988	1.034424	1.435115	2.099237	-1.572519	11.903014
-0.135254	-0.066895	1.082031	0.603053	2.328244	-0.404580	11.911360
-0.127441	-0.070801	1.076660	0.954198	1.099237	-0.610687	11.921217
-0.131104	-0.093018	1.101318	1.297710	0.946565	-0.702290	11.929503
-0.131592	-0.076416	1.111328	1.809160	-0.335878	-1.076336	11.937964
-0.124512	-0.070312	1.092285	1.770992	-1.374046	-1.007634	11.946441
-0.125244	-0.059326	1.097656	0.343511	-1.648855	0.145038	11.955218
-0.126709	-0.087646	1.088867	0.534351	-1.610687	-0.190840	11.963911
