0.160156	-0.707275	0.606201	-3.053435	-3.641221	-1.213740	0.001176
0.147217	-0.696777	0.618408	-4.053435	-2.893130	-0.770992	0.009156
0.147949	-0.689941	0.620850	-5.183206	-1.503817	0.267176	0.016747
0.150879	-0.696777	0.609375	-6.091603	-0.183206	1.175573	0.024268
0.127197	-0.711182	0.655762	-5.259542	-0.778626	1.297710	0.031922
0.138916	-0.722168	0.663086	-5.122137	-2.946565	0.267176	0.039854
0.148682	-0.727539	0.651123	-4.893130	-3.625954	-0.793893	0.047685
0.144775	-0.737793	0.669189	-2.938931	-4.129771	-1.374046	0.055595
0.147461	-0.729004	0.648438	-2.679389	-4.809160	-1.755725	0.063454
0.146484	-0.735107	0.627441	-2.847328	-4.923664	-2.022901	0.071250
0.143066	-0.718506	0.609863	-2.473282	-4.259542	-2.458015	0.078930
0.144775	-0.697754	0.612793	-2.511450	-3.519084	-1.648855	0.086811
0.146240	-0.688232	0.601074	-3.015267	-2.396947	-0.618321	0.094659
0.149414	-0.688232	0.615967	-2.854962	-0.916031	0.709924	0.102596
0.146729	-0.698486	0.622070	-2.282443	-0.435115	2.412214	0.110469
0.159912	-0.733887	0.625732	-1.503817	0.381679	2.648855	0.118254
0.150146	-0.744873	0.646729	-1.091603	0.938931	1.656489	0.126137
0.150391	-0.753906	0.663574	-1.618321	0.549618	0.618321	0.134641
0.156494	-0.746094	0.649658	-2.229008	-0.610687	0.068702	0.143125
0.146240	-0.743652	0.646240	-2.511450	-1.122137	-0.511450	0.151541
0.149170	-0.734131	0.638916	-2.832061	-1.549618	-1.465649	0.159924
0.153320	-0.718262	0.644531	-3.572519	-1.717557	-1.229008	0.168406
0.151123	-0.724365	0.641602	-4.312977	-1.900763	-0.534351	0.176660
0.146240	-0.716797	0.641846	-4.213740	-1.404580	-0.129771	0.185338
0.146729	-0.715088	0.632324	-4.152672	-1.076336	0.557252	0.193927
0.149902	-0.718750	0.643311	-3.946565	-1.045802	1.427481	0.202084
0.156738	-0.723389	0.636963	-3.923664	-0.862595	1.641221	0.210623
0.156006	-0.724854	0.639160	-3.618321	-0.473282	1.763359	0.219184
0.160400	-0.735107	0.650635	-2.549618	-0.595420	1.496183	0.227395
0.157959	-0.738281	0.648926	-2.007634	-0.694656	0.488550	0.236032
0.160400	-0.729736	0.645264	-1.725191	-0.152672	-0.083969	0.244421
0.159668	-0.738525	0.658936	-1.854962	-0.793893	-0.297710	0.252937
0.161621	-0.740967	0.661621	-1.900763	-1.633588	-0.679389	0.261302
0.152588	-0.755859	0.676514	-0.709924	-2.748092	-2.374046	0.269391
0.155029	-0.721924	0.659668	-1.549618	-4.167939	-3.671756	0.277711
0.154785	-0.713623	0.637207	-2.702290	-3.809160	-3.419847	0.286454
0.149658	-0.681152	0.632324	-2.786260	-3.480916	-2.778626	0.294942
0.144531	-0.677246	0.622070	-3.587786	-3.633588	-1.137405	0.302805
0.144531	-0.685791	0.613770	-3.580153	-2.801527	0.099237	0.311428
0.157471	-0.693115	0.614746	-4.358779	-1.778626	0.984733	0.319708
0.146729	-0.698486	0.618408	-4.595420	-1.251908	2.152672	0.327858
0.160889	-0.716309	0.612549	-4.419847	-0.244275	2.778626	0.336202
0.160645	-0.725830	0.625488	-3.312977	1.259542	2.519084	0.344801
0.156250	-0.738281	0.628418	-3.702290	2.061069	2.305344	0.353216
0.161621	-0.751953	0.626953	-3.374046	2.374046	1.152672	0.361747
0.152344	-0.739502	0.621826	-3.351145	3.129771	0.061069	0.370263
0.153564	-0.737793	0.633545	-2.610687	3.183206	-0.755725	0.378534
0.146729	-0.720703	0.648682	-2.198473	2.725191	-1.038168	0.387365
0.149414	-0.730469	0.654297	-2.190840	1.320611	-1.832061	0.395897
0.147461	-0.708984	0.668945	-1.450382	-0.282443	-2.625954	0.404167
0.150879	-0.709229	0.639160	-2.473282	-1.030534	-0.007634	0.412799
0.156982	-0.715088	0.644775	-1.854962	-0.343511	-2.167939	0.421368
0.161621	-0.693115	0.646973	-2.229008	-0.396947	-1.603053	0.429858
0.164551	-0.709961	0.639160	-2.526718	0.358779	-0.824427	0.438364
0.153564	-0.713623	0.646729	-1.717557	0.862595	-0.503817	0.446937
0.156006	-0.707275	0.649414	-1.458015	0.488550	-0.290076	0.454989
0.161133	-0.711182	0.650146	-1.778626	0.152672	-0.656489	0.463498
0.156250	-0.708496	0.638184	-2.106870	0.045802	-0.374046	0.471301
0.158936	-0.708496	0.659180	-1.801527	-0.229008	0.404580	0.479745
0.156982	-0.715820	0.628174	-2.496183	-1.145038	-0.305344	0.487884
0.162109	-0.725586	0.636963	-3.114504	0.480916	0.312977	0.496414
0.159424	-0.721436	0.635254	-4.320611	0.259542	0.106870	0.504859
0.158691	-0.711914	0.624512	-6.213740	0.374046	0.320611	0.513934
0.164062	-0.724854	0.613281	-6.099237	1.870229	0.847328	0.522843
0.159424	-0.724365	0.647217	-4.931298	2.351145	0.908397	0.531274
0.162598	-0.749268	0.636963	-4.190840	2.213740	0.465649	0.539735
0.163330	-0.737061	0.650635	-2.893130	2.290076	-0.412214	0.548335
0.161621	-0.739746	0.660645	-1.312977	1.450382	-1.221374	0.556735
0.161133	-0.728271	0.660645	0.083969	1.076336	-1.763359	0.565039
0.154297	-0.722900	0.656738	-0.061069	0.374046	-0.931298	0.573594
0.164795	-0.723633	0.641846	-0.587786	-0.305344	-1.343511	0.581976
0.161133	-0.722168	0.647217	-0.984733	-0.030534	-1.847328	0.590611
0.164795	-0.717773	0.645752	-2.099237	0.274809	-0.832061	0.599011
0.161865	-0.720947	0.650146	-2.786260	1.007634	-0.595420	0.607408
0.168213	-0.724365	0.660156	-2.938931	1.389313	-0.458015	0.615895
0.161621	-0.712646	0.666504	-3.030534	1.022901	-0.137405	0.624347
0.161621	-0.720703	0.658936	-2.893130	0.786260	-0.244275	0.632624
0.165527	-0.715332	0.662354	-2.938931	0.961832	-0.229008	0.641055
0.157227	-0.707031	0.657471	-3.091603	0.442748	0.290076	0.649544
0.163330	-0.725098	0.654541	-2.694656	-0.137405	0.244275	0.657931
0.162598	-0.735840	0.652344	-2.709924	-0.992366	-1.083969	0.666352
0.164062	-0.726562	0.649902	-3.251908	-1.419847	-1.793893	0.674882
0.158203	-0.727051	0.627686	-4.641221	-1.282443	-2.427481	0.683343
0.167725	-0.733398	0.610840	-3.335878	-0.862595	-6.000000	0.691956
0.153809	-0.658447	0.611328	-7.343511	0.557252	-3.122137	0.700483
0.161133	-0.716797	0.602783	-7.671756	2.519084	-1.847328	0.708901
0.162109	-0.722168	0.627441	-4.633588	4.343511	-1.938931	0.717376
0.150879	-0.710693	0.694336	-2.190840	2.442748	-2.870229	0.725717
0.154541	-0.720215	0.684814	-3.717557	-0.488550	-0.076336	0.734212
0.159424	-0.751709	0.667480	-4.175573	-1.267176	-0.824427	0.742643
0.158203	-0.729492	0.665283	-3.625954	-1.549618	-1.717557	0.751143
0.162354	-0.723389	0.646729	-4.931298	-2.152672	-2.099237	0.759498
0.162598	-0.710205	0.639160	-5.213740	-1.664122	-2.564885	0.767899
0.162842	-0.694580	0.643066	-4.511450	-1.099237	-2.099237	0.776153
0.166992	-0.707520	0.642822	-4.725191	-0.984733	-1.389313	0.784646
0.172607	-0.809326	0.681396	-17.427481	0.167939	-2.450382	0.792848
0.188477	-0.672363	0.644043	-8.114504	-0.526718	-2.145038	0.801564
0.174561	-0.695801	0.651611	-2.786260	-1.473282	-1.122137	0.809946
0.173828	-0.713135	0.640381	-3.671756	-1.053435	-1.022901	0.818367
0.170898	-0.706299	0.647705	-3.152672	-0.809160	-1.297710	0.826249
0.174072	-0.687256	0.641602	-3.343511	-0.320611	-0.641221	0.834206
0.170898	-0.690186	0.652588	-4.809160	-0.160305	0.343511	0.842016
0.171875	-0.679932	0.646729	-3.511450	-0.603053	-0.381679	0.850138
0.167236	-0.679443	0.641113	-3.122137	-0.610687	0.213740	0.858913
0.169434	-0.715576	0.651855	-4.450382	-1.725191	-0.190840	0.870558
0.166016	-0.661621	0.648438	-4.526718	-0.694656	0.633588	0.881613
0.162354	-0.711426	0.651123	-5.381679	-1.633588	1.442748	0.891971
0.171631	-0.693848	0.644531	-4.862595	-0.893130	1.595420	0.902377
0.172363	-0.685547	0.650391	-4.610687	-0.435115	3.022901	0.912600
0.165527	-0.690186	0.631348	-2.725191	1.282443	3.763359	0.922548
0.157715	-0.672119	0.635986	-1.595420	2.244275	5.022901	0.933056
0.157471	-0.696777	0.625244	-1.083969	2.351145	6.648855	0.943480
0.157227	-0.723633	0.632324	-0.603053	3.480916	7.351145	0.953662
0.145508	-0.764648	0.681885	-1.946565	2.213740	5.389313	0.963808
0.148682	-0.776367	0.664062	-1.938931	-1.244275	3.167939	0.974253
0.147949	-0.752686	0.644531	-3.740458	-1.839695	1.145038	0.984629
0.153564	-0.727295	0.629395	-4.763359	-2.328244	1.236641	0.994866
0.156494	-0.722168	0.625000	-4.320611	-1.526718	1.190840	1.005107
0.153564	-0.730957	0.609863	-4.335878	-0.488550	1.916031	1.015598
0.156006	-0.735107	0.621826	-2.229008	1.175573	2.183206	1.026082
0.153564	-0.751465	0.651123	-0.770992	0.335878	1.954198	1.036712
0.152100	-0.756592	0.635498	0.022901	-0.229008	-0.061069	1.047098
0.146240	-0.734863	0.638916	0.091603	0.045802	-0.610687	1.057386
0.143555	-0.720215	0.645508	-1.526718	-1.061069	-0.129771	1.068221
0.126465	-0.726562	0.613525	-4.618321	-1.083969	-0.229008	1.079166
0.137451	-0.705566	0.627686	-5.923664	-0.465649	0.450382	1.090145
0.151123	-0.691650	0.626221	-5.480916	-0.648855	1.435115	1.100319
0.156006	-0.707031	0.613281	-4.854962	0.343511	2.320611	1.110179
0.153564	-0.704834	0.617432	-3.007634	1.832061	2.106870	1.120300
0.142578	-0.734863	0.627197	-0.900763	3.160305	2.000000	1.130635
0.145020	-0.754150	0.648926	1.206107	3.648855	0.381679	1.141156
0.149170	-0.754639	0.658936	2.061069	1.702290	-2.534351	1.151465
0.147461	-0.728760	0.631836	0.114504	0.664122	-5.068702	1.161868
0.149902	-0.696533	0.615723	-1.854962	1.923664	-4.877863	1.172268
0.159912	-0.675781	0.624023	-3.954198	3.061069	-3.687023	1.182868
0.153809	-0.679443	0.621582	-6.183206	3.862595	-3.908397	1.193143
0.165527	-0.692871	0.646973	-6.366412	5.412214	-0.763359	1.203421
0.168213	-0.704834	0.662109	-5.687023	5.916031	0.091603	1.213781
0.161377	-0.717041	0.673584	-3.641221	5.557252	-0.015267	1.223998
0.159912	-0.707275	0.697510	-0.824427	3.770992	-0.893130	1.234721
0.153809	-0.726807	0.673828	-0.954198	0.603053	-0.343511	1.244996
0.163330	-0.721680	0.666748	-1.389313	-0.122137	-1.885496	1.255182
0.168945	-0.682373	0.658447	-3.251908	0.290076	-0.076336	1.265849
0.166992	-0.708740	0.659912	-4.465649	0.648855	1.152672	1.276188
0.161621	-0.721924	0.696777	-6.213740	-0.435115	1.580153	1.286559
0.156250	-0.716309	0.696533	-8.267176	-2.038168	1.091603	1.296815
0.148682	-0.701660	0.688965	-9.038168	-3.511450	1.183206	1.307225
0.154541	-0.684570	0.662598	-9.633588	-5.839695	2.946565	1.317515
0.160156	-0.718262	0.627686	-9.106870	-4.954198	4.251908	1.327785
0.160156	-0.694580	0.619629	-8.198473	-4.580153	5.450382	1.338242
0.160400	-0.702148	0.594727	-9.511450	-2.763359	5.580153	1.348518
0.164551	-0.690430	0.622314	-9.419847	0.198473	6.816794	1.358948
0.155273	-0.725342	0.634033	-9.770992	0.389313	7.603053	1.369296
0.161621	-0.772949	0.664062	-7.396947	0.893130	5.427481	1.379718
0.169434	-0.783691	0.698975	-5.488550	-1.648855	1.389313	1.390041
0.164551	-0.776367	0.684570	-2.709924	-4.122137	-4.343511	1.400136
0.162598	-0.710205	0.645264	-0.900763	-5.175573	-6.480916	1.410407
0.158447	-0.669922	0.604492	1.847328	-5.160305	-6.664122	1.420718
0.167725	-0.631104	0.589355	3.480916	-2.694656	-4.923664	1.430982
0.182617	-0.640869	0.591797	5.419847	0.122137	-2.190840	1.440992
0.183105	-0.689697	0.609375	6.946565	2.290076	-0.503817	1.451237
0.189697	-0.729492	0.657959	4.954198	3.938931	-0.572519	1.461570
0.183838	-0.764893	0.670166	3.236641	2.541985	-2.541985	1.472170
0.169922	-0.769043	0.686768	-0.290076	0.694656	-6.854962	1.482483
0.172119	-0.702881	0.660156	-2.259542	-0.496183	-9.106870	1.492744
0.174072	-0.676514	0.646484	-3.175573	-0.465649	-8.534351	1.502736
0.163330	-0.650391	0.626465	-2.259542	-0.076336	-7.969466	1.513311
0.163818	-0.608398	0.637939	-0.091603	0.763359	-4.541985	1.523794
0.179443	-0.659180	0.617920	0.908397	2.656489	-0.213740	1.534173
0.177979	-0.670410	0.662842	2.709924	4.091603	2.175573	1.544528
0.188721	-0.735840	0.677002	2.648855	3.045802	5.038168	1.554360
0.192383	-0.762451	0.680908	6.045802	2.854962	1.206107	1.564612
0.179688	-0.738770	0.679443	1.687023	2.480916	0.412214	1.575164
0.175537	-0.724365	0.669189	-2.541985	0.251908	-1.366412	1.585807
0.166504	-0.683350	0.637451	-7.282443	-0.221374	-0.404580	1.596016
0.174316	-0.671387	0.624268	-10.541985	0.725191	3.061069	1.606184
0.167236	-0.693359	0.651855	-9.969466	1.755725	6.656489	1.616538
0.176514	-0.737549	0.652100	-9.045802	1.076336	8.007634	1.626825
0.172852	-0.746826	0.701660	-4.572519	1.183206	7.229008	1.637084
0.169922	-0.784180	0.677490	-2.862595	-0.190840	6.068702	1.647471
0.170410	-0.755615	0.668213	-0.083969	0.801527	2.564885	1.657516
0.173340	-0.735840	0.650391	-0.106870	0.786260	1.755725	1.667799
0.161377	-0.708984	0.652588	-0.732824	0.824427	1.328244	1.678195
0.149658	-0.694092	0.670410	-2.954198	0.488550	2.305344	1.689161
0.142334	-0.676758	0.712158	-5.847328	-1.343511	4.122137	1.700252
0.146240	-0.661133	0.706543	-6.809160	-4.839695	6.694656	1.710165
0.154541	-0.682861	0.656250	-7.427481	-6.450382	8.061069	1.722769
0.156738	-0.678467	0.601562	-8.343511	-6.511450	9.938931	1.735151
0.149902	-0.677246	0.597900	-7.053435	-3.816794	10.793893	1.744652
0.164795	-0.713867	0.616699	-7.473282	-2.053435	12.709924	1.754279
0.157715	-0.673340	0.650391	-11.465649	2.664122	15.778626	1.763972
0.156006	-0.822021	0.621338	-0.480916	1.595420	6.763359	1.775304
0.144287	-0.703369	0.689453	-0.465649	-1.374046	5.244275	1.785700
0.142334	-0.742188	0.638184	-1.007634	-3.870229	4.954198	1.795967
0.136719	-0.658936	0.630127	-1.404580	-2.381679	5.763359	1.806527
0.140869	-0.737061	0.588379	-1.625954	-2.862595	4.687023	1.816808
0.149414	-0.700195	0.614990	-2.687023	-1.786260	3.770992	1.827145
0.145996	-0.720459	0.606445	-4.503817	-0.381679	4.183206	1.837592
0.145996	-0.720947	0.629883	-3.427481	0.564885	4.656489	1.847907
0.149658	-0.746582	0.632080	-2.366412	1.381679	4.480916	1.858417
0.148438	-0.761475	0.642822	-0.984733	1.557252	2.832061	1.868776
0.153076	-0.759766	0.649414	0.503817	2.404580	0.290076	1.879635
0.154297	-0.748779	0.656982	0.839695	3.488550	-0.969466	1.890217
0.139893	-0.725586	0.669678	0.725191	2.839695	-1.297710	1.900614
0.153320	-0.723633	0.681885	1.366412	1.725191	-1.465649	1.910984
0.143311	-0.723633	0.665039	-0.053435	0.221374	-1.251908	1.920943
0.141602	-0.700928	0.673340	-0.519084	-0.748092	-1.290076	1.931509
0.138428	-0.673584	0.655029	-0.946565	-1.893130	-0.496183	1.941683
0.143311	-0.704834	0.662598	-3.755725	-1.335878	-0.229008	1.952174
0.132568	-0.692139	0.654297	-4.748092	0.022901	-1.938931	1.962472
0.130371	-0.696777	0.661865	-4.442748	0.473282	0.618321	1.972671
0.141113	-0.704346	0.666260	-3.732824	1.427481	0.656489	1.983581
0.140381	-0.716309	0.673340	-1.839695	1.007634	0.404580	1.993812
0.137695	-0.708740	0.683838	-1.847328	-0.030534	-0.045802	2.004261
0.138672	-0.695068	0.674805	-1.038168	-1.015267	-0.488550	2.014266
0.136719	-0.715332	0.670898	-0.526718	-0.740458	0.358779	2.024709
0.143311	-0.710693	0.649658	-0.847328	-0.488550	0.251908	2.035308
0.141846	-0.712646	0.653320	-2.328244	-0.145038	-0.007634	2.045679
0.133789	-0.708496	0.661621	-4.038168	-0.053435	-0.213740	2.056001
0.134766	-0.694580	0.662842	-5.412214	-0.213740	0.343511	2.066286
0.131836	-0.712646	0.634033	-6.946565	-0.549618	0.748092	2.076675
0.129395	-0.691650	0.643311	-7.786260	-0.496183	0.755725	2.087291
0.140381	-0.702148	0.628174	-7.679389	0.343511	1.511450	2.097881
0.138672	-0.711670	0.649658	-6.610687	2.061069	1.145038	2.108255
0.143066	-0.706299	0.644043	-4.641221	3.236641	0.877863	2.118334
0.149170	-0.714844	0.655029	-2.290076	3.832061	0.778626	2.128037
0.147461	-0.720947	0.672607	0.625954	4.335878	-0.755725	2.139057
0.155762	-0.719971	0.673828	1.458015	3.374046	-2.625954	2.149458
0.164307	-0.714355	0.685791	0.473282	2.145038	-4.648855	2.159805
0.159912	-0.700684	0.683838	-0.297710	1.038168	-4.564885	2.169940
0.157959	-0.679688	0.666748	-1.740458	-1.000000	-3.625954	2.180342
0.157227	-0.677246	0.631348	-3.167939	0.022901	-1.854962	2.190644
0.159424	-0.688721	0.655762	-3.099237	1.282443	-0.122137	2.200969
0.162354	-0.719971	0.676025	-2.648855	2.198473	0.213740	2.211154
0.167480	-0.721191	0.663574	-2.786260	2.717557	-0.244275	2.221198
0.170166	-0.716309	0.682373	-2.244275	2.610687	-0.679389	2.232263
0.161377	-0.713379	0.667480	-3.007634	2.015267	-0.145038	2.242465
0.162109	-0.715820	0.657471	-4.450382	0.854962	-0.175573	2.252827
0.153564	-0.682129	0.634521	-6.801527	0.740458	-0.534351	2.263099
0.151123	-0.697510	0.656250	-10.961832	1.694656	0.938931	2.273327
0.129883	-0.717285	0.679443	-12.564885	-0.183206	-0.083969	2.283723
0.122314	-0.701172	0.698730	-12.748092	-1.885496	-0.694656	2.294244
0.125977	-0.677734	0.680420	-11.992366	-2.099237	0.824427	2.304490
0.128418	-0.685303	0.658447	-9.969466	-2.725191	3.442748	2.314956
0.134521	-0.697510	0.662109	-7.465649	-2.671756	5.748092	2.324985
0.142822	-0.731689	0.673584	-5.259542	-3.641221	6.702290	2.336162
0.151367	-0.773193	0.663818	-3.816794	-6.312977	4.847328	2.346324
0.148926	-0.764404	0.636475	-4.282443	-7.938931	1.801527	2.357021
0.139648	-0.714844	0.612793	-5.175573	-9.702290	1.099237	2.367558
0.134277	-0.718994	0.584717	-6.610687	-8.656489	1.885496	2.378343
0.126953	-0.698730	0.640137	-6.969466	-7.923664	3.961832	2.388595
0.128174	-0.737549	0.629639	-8.580153	-7.854962	7.732824	2.398377
0.149414	-0.755615	0.613525	-4.465649	-7.038168	4.610687	2.408206
0.162109	-0.700928	0.619873	-7.061069	-6.549618	6.435115	2.418569
0.174072	-0.662354	0.604980	-8.526718	-7.389313	12.145038	2.428285
0.161621	-0.795166	0.559326	-7.854962	-1.259542	6.076336	2.439206
0.162842	-0.729980	0.600830	-4.847328	2.282443	1.732824	2.449284
0.161621	-0.718506	0.666992	-6.900763	4.908397	2.839695	2.459440
0.158691	-0.712158	0.694824	1.824427	1.152672	-1.870229	2.469706
0.159424	-0.752441	0.693115	0.053435	0.045802	-2.015267	2.480454
0.162354	-0.743408	0.700439	4.206107	-1.145038	-4.793893	2.490769
0.162842	-0.718994	0.691650	4.549618	-2.320611	-5.351145	2.500953
0.156006	-0.688965	0.667969	3.114504	-3.458015	-5.496183	2.511256
0.165771	-0.640137	0.639893	-0.007634	-4.358779	-1.732824	2.521622
0.157471	-0.660156	0.613770	-2.061069	-3.992366	1.992366	2.532257
0.154053	-0.686279	0.616455	-7.206107	-2.229008	3.931298	2.542704
0.150879	-0.706055	0.626465	-7.717557	-1.694656	5.137405	2.553019
0.152588	-0.754639	0.645020	-6.763359	-1.648855	4.977099	2.563466
0.153564	-0.775146	0.646240	-6.061069	-2.610687	1.526718	2.573788
0.155518	-0.743652	0.651367	-4.664122	-1.473282	-0.213740	2.584507
0.157715	-0.745117	0.648438	-1.877863	-2.824427	-0.534351	2.594922
0.159180	-0.742188	0.646973	0.480916	-3.641221	-3.007634	2.605514
0.158447	-0.721436	0.608154	-0.992366	-3.572519	-4.259542	2.615822
0.154541	-0.685791	0.591309	-2.022901	-1.687023	-3.916031	2.626192
0.144775	-0.640137	0.614502	-3.564885	0.587786	-0.931298	2.636839
0.156738	-0.675537	0.603027	-5.961832	0.000000	2.480916	2.647309
0.164551	-0.690430	0.622803	-6.358779	1.969466	4.526718	2.657251
0.166504	-0.724365	0.651123	-5.595420	4.396947	4.656489	2.667638
0.178955	-0.717041	0.676758	-4.992366	2.786260	3.969466	2.678405
0.166748	-0.755615	0.661865	-4.274809	-0.274809	-0.450382	2.688788
0.162354	-0.697754	0.666016	-5.419847	-1.725191	-0.961832	2.699513
0.159180	-0.668457	0.645996	-6.656489	-2.854962	-0.404580	2.709787
0.155029	-0.666748	0.603760	-7.847328	-1.610687	2.656489	2.720243
0.156006	-0.666748	0.611084	-11.816794	0.045802	5.396947	2.730484
0.166016	-0.713135	0.636719	-13.038168	2.580153	7.549618	2.740821
0.166016	-0.734375	0.666504	-13.526718	3.068702	7.435115	2.751048
0.155518	-0.732910	0.670654	-14.458015	2.122137	6.526718	2.761398
0.156982	-0.749512	0.680908	-12.580153	1.068702	6.450382	2.771682
0.151855	-0.734131	0.667480	-10.908397	-2.549618	6.419847	2.782173
0.151611	-0.755371	0.645020	-10.312977	-3.641221	5.725191	2.792562
0.144043	-0.773682	0.627686	-11.137405	-4.839695	5.038168	2.802944
0.152588	-0.768066	0.616211	-11.641221	-4.679389	3.832061	2.813233
0.152588	-0.762939	0.599609	-11.480916	-4.717557	3.396947	2.823700
0.157227	-0.751709	0.598877	-8.900763	-2.870229	3.167939	2.834027
0.170898	-0.789551	0.604492	-7.442748	-0.961832	3.877863	2.844210
0.167480	-0.804688	0.625000	-3.633588	0.625954	-1.343511	2.854418
0.154785	-0.821045	0.680908	-2.229008	1.923664	-5.496183	2.864838
0.156738	-0.793457	0.660645	2.007634	-6.251908	-13.038168	2.875181
0.122803	-0.631592	0.644775	2.114504	-5.763359	-14.442748	2.885606
0.119385	-0.629150	0.639648	0.862595	-3.244275	-10.496183	2.895932
0.135742	-0.605469	0.596436	1.908397	-3.778626	-8.671756	2.906285
0.134277	-0.635986	0.598145	-2.366412	-1.335878	-4.328244	2.916485
0.163818	-0.682373	0.589600	-1.755725	3.450382	1.992366	2.926792
0.174072	-0.748535	0.640869	-1.267176	4.549618	2.656489	2.937460
0.180176	-0.765381	0.665283	-2.656489	5.267176	3.885496	2.947983
0.176025	-0.764648	0.717285	-3.854962	0.549618	-0.725191	2.958201
0.164062	-0.743408	0.663086	-5.641221	-1.702290	-2.366412	2.968971
0.160156	-0.715088	0.673096	-7.267176	-2.755725	-2.473282	2.979914
0.128418	-0.835449	0.733887	-22.954198	-5.053435	-2.183206	2.990147
0.147949	-0.682373	0.643799	-10.885496	-5.900763	-3.190840	3.001147
0.146240	-0.658936	0.635498	-13.206107	-3.656489	1.198473	3.011337
0.145264	-0.686768	0.634766	-7.526718	-4.931298	1.053435	3.021984
0.144775	-0.698242	0.630615	-7.076336	-4.755725	3.091603	3.031641
0.155029	-0.747314	0.620117	-4.251908	-5.564885	3.511450	3.041211
0.151367	-0.753906	0.639404	-2.503817	-5.679389	1.801527	3.050606
0.158447	-0.773193	0.610352	-2.969466	-6.603053	0.786260	3.060936
0.149414	-0.763672	0.640137	-2.755725	-7.305344	-3.007634	3.072259
0.153564	-0.720703	0.594727	-3.816794	-8.213740	-4.122137	3.082735
0.146240	-0.686279	0.587891	-3.358779	-7.534351	-3.206107	3.092903
0.137451	-0.650635	0.567871	-3.603053	-7.358779	-0.809160	3.103258
0.147217	-0.665283	0.538330	-5.206107	-5.328244	1.961832	3.113638
0.152832	-0.697021	0.568604	-5.564885	-1.694656	7.618321	3.124201
0.164307	-0.737549	0.581055	-6.877863	1.106870	8.885496	3.134848
0.160645	-0.776367	0.605469	-7.862595	2.381679	8.671756	3.145062
0.168457	-0.799561	0.608154	-9.183206	2.908397	6.877863	3.155371
0.158936	-0.799561	0.651855	-5.816794	2.267176	5.007634	3.165853
0.157471	-0.801025	0.670410	-8.145038	-1.587786	2.175573	3.176066
0.162354	-0.790039	0.683350	-6.557252	-4.236641	-0.877863	3.186728
0.167969	-0.816650	0.658936	-4.106870	-6.580153	-2.763359	3.197136
0.160645	-0.797607	0.718750	-1.442748	-11.954198	-6.748092	3.207546
0.193359	-0.803711	0.674561	1.824427	-18.381679	-16.160305	3.217630
0.170166	-0.913086	0.709229	-4.961832	-22.290076	-20.412214	3.227962
0.165039	-0.823975	0.732910	6.076336	-32.641221	-25.473282	3.238449
0.195557	-0.816650	0.774414	5.954198	-38.580153	-32.778626	3.248623
0.196045	-0.745117	0.734863	11.595420	-45.198473	-36.488550	3.258747
0.228760	-0.721680	0.687256	14.557252	-48.557252	-36.702290	3.268942
0.242676	-0.675537	0.620605	10.320611	-47.694656	-34.793893	3.279565
0.232178	-0.635498	0.580078	7.167939	-43.061069	-29.534351	3.290144
0.138428	-0.644043	0.525879	7.702290	-32.885496	-23.267176	3.300400
0.173828	-0.582031	0.522705	4.320611	-24.793893	-17.885496	3.310814
0.257080	-0.568604	0.540039	-0.992366	-19.022901	-8.259542	3.321106
0.280762	-0.625977	0.540039	-6.068702	-13.396947	0.694656	3.331672
0.274902	-0.639648	0.539551	-6.954198	-4.045802	7.503817	3.341997
0.266357	-0.711426	0.574707	-9.786260	1.824427	12.251908	3.352635
0.255127	-0.740479	0.567627	-8.053435	5.839695	12.251908	3.363055
0.232422	-0.800293	0.642822	-9.557252	4.137405	11.954198	3.373308
0.244873	-0.833252	0.626221	-8.328244	0.755725	6.122137	3.383987
0.247314	-0.760010	0.609619	-7.183206	1.358779	4.145038	3.393948
0.237061	-0.745361	0.595459	-5.633588	1.755725	1.709924	3.404207
0.230957	-0.715820	0.611572	-4.870229	1.030534	-0.229008	3.414605
0.238281	-0.702881	0.577881	-3.954198	2.427481	0.770992	3.425129
0.234375	-0.694580	0.592773	-4.503817	5.022901	2.854962	3.435718
0.242188	-0.697998	0.609863	-4.503817	7.114504	3.038168	3.445732
0.241455	-0.720459	0.636719	-4.702290	7.160305	4.442748	3.455994
0.238525	-0.702393	0.645752	-3.946565	8.145038	4.083969	3.466357
0.238281	-0.687744	0.644531	-5.618321	7.366412	5.717557	3.476620
0.235840	-0.714111	0.641357	-6.671756	5.984733	6.664122	3.487165
0.233643	-0.688965	0.635254	-8.961832	5.206107	8.778626	3.496857
0.248047	-0.677002	0.614258	-10.045802	5.412214	11.129771	3.506869
0.238281	-0.758301	0.635742	-12.618321	5.091603	12.786260	3.517621
0.245117	-0.787598	0.656738	-14.206107	3.725191	13.633588	3.528166
0.243652	-0.741943	0.657959	-13.274809	1.083969	11.854962	3.538863
0.244873	-0.750977	0.634521	-15.633588	0.030534	11.961832	3.549013
0.226807	-0.732910	0.635986	-14.343511	-0.183206	12.923664	3.559584
0.231689	-0.740234	0.628662	-15.198473	-0.229008	13.793893	3.569586
0.235107	-0.672119	0.628906	-11.923664	-0.213740	15.832061	3.580220
0.225586	-0.735352	0.629883	-15.648855	-2.122137	15.778626	3.590610
0.203857	-0.799072	0.631592	-14.908397	-3.038168	14.671756	3.601998
0.210693	-0.752930	0.607178	-15.564885	-3.106870	13.664122	3.612639
0.210449	-0.909180	0.600830	-9.190840	-8.152672	10.106870	3.623401
0.204834	-0.752441	0.588135	-15.068702	-3.343511	10.908397	3.634408
0.234863	-0.816406	0.614014	-10.595420	0.374046	10.198473	3.644883
0.211426	-0.811768	0.616455	-10.572519	-2.755725	4.633588	3.655186
0.208252	-0.759033	0.562012	-8.450382	-1.038168	4.320611	3.665877
0.203857	-0.780029	0.605225	-8.557252	-1.564885	2.709924	3.675659
0.211914	-0.785400	0.562256	-7.755725	-1.244275	0.068702	3.685738
0.194824	-0.740234	0.545654	-7.038168	-0.274809	-1.473282	3.696160
0.196777	-0.694336	0.547363	-6.137405	1.183206	-0.809160	3.706395
0.198975	-0.720459	0.571045	-6.587786	1.832061	-0.801527	3.716304
0.196045	-0.663330	0.538330	-5.259542	4.274809	1.618321	3.730623
0.195557	-0.707031	0.559570	-4.870229	6.175573	2.488550	3.741458
0.200684	-0.718750	0.582031	-6.633588	5.938931	1.992366	3.751782
0.201172	-0.711426	0.571533	-7.625954	7.793893	1.755725	3.761844
0.196777	-0.679443	0.593506	-6.946565	4.656489	2.450382	3.772411
0.196045	-0.671143	0.600830	-8.854962	2.366412	5.312977	3.782994
0.206543	-0.729736	0.591309	-8.366412	0.862595	4.564885	3.793494
0.206543	-0.750977	0.614258	-6.206107	-0.091603	3.610687	3.803770
0.206055	-0.749268	0.599854	-3.824427	-0.770992	1.450382	3.813907
0.199951	-0.737793	0.563721	-2.709924	-0.709924	0.664122	3.824432
0.188232	-0.743408	0.577881	0.465649	0.061069	0.824427	3.834397
0.195801	-0.735107	0.563965	0.763359	-0.030534	0.916031	3.844928
0.184570	-0.746094	0.555664	-0.488550	-0.274809	0.213740	3.855396
0.189209	-0.723145	0.537354	-2.404580	0.030534	1.030534	3.865687
0.185303	-0.753906	0.550049	-3.419847	1.328244	2.007634	3.876212
0.197510	-0.767334	0.583252	-3.641221	1.229008	2.664122	3.886345
0.202393	-0.802490	0.588867	-3.763359	1.816794	0.893130	3.896951
0.204834	-0.781982	0.601074	-1.748092	1.137405	-0.221374	3.907450
0.205322	-0.783447	0.585693	-0.442748	1.404580	-1.816794	3.917591
0.200684	-0.735596	0.574951	1.488550	2.908397	-1.290076	3.928146
0.204834	-0.742676	0.591309	2.664122	5.282443	0.091603	3.938282
0.217529	-0.754395	0.600342	7.755725	7.549618	1.083969	3.949157
0.197266	-0.732178	0.633301	2.770992	5.022901	3.458015	3.959585
0.203125	-0.763672	0.600342	-2.923664	3.923664	4.419847	3.970053
0.207031	-0.764404	0.614502	-4.091603	3.251908	4.305344	3.980335
0.201660	-0.787842	0.622803	-5.763359	2.755725	3.419847	3.990756
0.195068	-0.779785	0.640137	-4.167939	1.114504	1.839695	4.001036
0.191162	-0.759521	0.623535	-4.190840	0.000000	1.000000	4.011094
0.196777	-0.762939	0.614990	-1.893130	-0.137405	1.167939	4.021429
0.196289	-0.764404	0.604004	-0.908397	0.694656	1.351145	4.031893
0.193848	-0.768066	0.600342	-0.419847	2.007634	1.198473	4.042126
0.185303	-0.758057	0.591064	0.351145	2.839695	1.664122	4.052485
0.188721	-0.766357	0.604980	-4.145038	1.717557	2.847328	4.062478
0.190674	-0.780762	0.606934	-4.824427	0.480916	2.900763	4.073004
0.196289	-0.806641	0.606201	-5.557252	-0.503817	2.282443	4.083430
0.197998	-0.804932	0.607422	-5.213740	-1.213740	0.534351	4.093690
0.200195	-0.784180	0.607422	-5.839695	-1.770992	-1.580153	4.104098
0.194092	-0.741943	0.564941	-5.725191	-0.931298	-2.068702	4.114244
0.187012	-0.712158	0.569092	-5.587786	0.076336	-0.687023	4.123926
0.189941	-0.714355	0.557373	-6.358779	1.465649	1.541985	4.133574
0.191162	-0.709229	0.579590	-6.587786	2.984733	3.893130	4.142978
0.195312	-0.746094	0.595459	-5.793893	2.412214	5.938931	4.153045
0.205566	-0.766846	0.597900	-6.022901	2.732824	5.664122	4.163478
0.203613	-0.777832	0.611816	-6.557252	1.732824	3.732824	4.174314
0.185303	-0.780762	0.588623	-8.389313	1.389313	1.725191	4.185154
0.174072	-0.744629	0.564209	-10.145038	1.709924	0.106870	4.195331
0.174561	-0.753418	0.483887	-10.877863	5.145038	-0.824427	4.205798
0.163818	-0.673584	0.519287	-9.633588	12.381679	0.412214	4.216000
0.151123	-0.634521	0.540283	-11.770992	8.816794	6.061069	4.226084
0.161377	-0.712402	0.547363	-13.374046	12.549618	10.610687	4.237361
0.175049	-0.744141	0.602539	-13.213740	11.984733	12.160305	4.247976
0.181885	-0.807861	0.604004	-11.022901	11.190840	11.687023	4.258398
0.181885	-0.857422	0.647949	-1.587786	9.526718	7.183206	4.269061
0.187988	-0.819580	0.640381	-6.549618	5.618321	3.129771	4.279964
0.185059	-0.825928	0.625244	-2.969466	2.748092	-0.786260	4.290376
0.171631	-0.751221	0.581055	-3.114504	1.961832	-1.786260	4.300757
0.176270	-0.750488	0.577637	-3.320611	3.320611	-1.030534	4.311289
0.181885	-0.789795	0.538086	-2.076336	5.793893	-0.351145	4.320746
0.185547	-0.768799	0.627930	-1.984733	4.801527	-1.038168	4.331213
0.184326	-0.793701	0.609619	-4.030534	2.854962	-1.000000	4.341977
0.180908	-0.766602	0.621338	-4.770992	2.099237	-0.893130	4.352491
0.183350	-0.780029	0.594238	-4.709924	2.305344	-0.572519	4.362887
0.180420	-0.774170	0.599609	-5.053435	1.641221	-1.007634	4.373229
0.181152	-0.776611	0.597656	-4.908397	1.511450	-1.679389	4.383583
0.180908	-0.772461	0.601074	-4.374046	1.946565	-2.885496	4.393999
0.173584	-0.752686	0.607910	-3.587786	1.549618	-3.030534	4.404241
0.168213	-0.763916	0.582764	-2.854962	0.335878	-3.633588	4.414799
0.166992	-0.729248	0.579346	-1.923664	1.305344	-4.488550	4.424804
0.166992	-0.695068	0.557861	-2.473282	2.343511	-3.893130	4.435137
0.170898	-0.707520	0.564941	-2.923664	3.687023	0.625954	4.445639
0.178223	-0.734375	0.567139	-3.786260	3.625954	1.671756	4.456199
0.175049	-0.750488	0.594727	-4.580153	4.679389	1.816794	4.466332
0.178711	-0.747803	0.608887	-3.977099	4.549618	1.992366	4.476692
0.190674	-0.769531	0.616211	-3.305344	3.244275	1.152672	4.486822
0.189209	-0.743652	0.606689	-3.625954	1.923664	-0.671756	4.497425
0.181152	-0.713867	0.582764	-4.114504	1.503817	-0.671756	4.507913
0.176270	-0.704102	0.576904	-4.305344	2.183206	1.496183	4.518231
0.177002	-0.735840	0.577881	-5.015267	2.274809	2.236641	4.528454
0.166748	-0.742676	0.591797	-5.709924	2.198473	2.900763	4.539018
0.168701	-0.757812	0.577881	-5.007634	3.045802	2.809160	4.549400
0.173584	-0.743896	0.584717	-3.954198	3.106870	2.610687	4.559914
0.174805	-0.774902	0.571533	-4.122137	2.938931	2.114504	4.570339
0.164551	-0.766357	0.616455	-2.618321	2.511450	2.427481	4.580978
0.176514	-0.799805	0.592285	3.633588	3.916031	1.832061	4.591407
0.167969	-0.785645	0.634766	0.175573	0.488550	0.091603	4.601642
0.184814	-0.815918	0.610596	-1.183206	-0.839695	-3.351145	4.612161
0.183838	-0.774170	0.592041	-2.167939	-2.022901	-3.641221	4.622296
0.177734	-0.752441	0.573242	-2.236641	-0.160305	-3.473282	4.632882
0.182129	-0.734375	0.581299	-2.274809	1.366412	-1.030534	4.643300
0.178467	-0.753418	0.583496	-1.625954	3.458015	0.679389	4.653779
0.186035	-0.751465	0.615723	-0.641221	3.396947	1.541985	4.664043
0.168213	-0.776855	0.614746	-4.114504	1.236641	1.679389	4.674541
0.166992	-0.787109	0.643799	-2.549618	0.648855	0.938931	4.685156
0.169434	-0.772949	0.614014	-2.351145	-1.549618	-0.122137	4.695365
0.163086	-0.776123	0.596436	-2.076336	-2.229008	-0.992366	4.705598
0.169678	-0.761230	0.599609	-2.732824	-1.076336	-0.732824	4.716105
0.163818	-0.747803	0.592773	-3.274809	-1.396947	-0.038168	4.726357
0.160156	-0.749268	0.593262	-4.419847	-0.709924	0.801527	4.736152
0.172607	-0.753662	0.581299	-5.793893	-0.045802	1.900763	4.745623
0.172852	-0.732178	0.593018	-6.022901	0.732824	3.351145	4.755645
0.183350	-0.773438	0.608398	-5.465649	1.122137	4.030534	4.766704
0.182861	-0.795654	0.607910	-5.206107	-0.312977	3.618321	4.777181
0.189209	-0.806641	0.603027	-4.549618	-1.465649	1.137405	4.787644
0.186768	-0.781250	0.580811	-6.343511	-1.923664	0.015267	4.797946
0.186279	-0.773682	0.574707	-5.450382	-0.984733	-0.114504	4.807988
0.175537	-0.759766	0.574951	-5.824427	-0.648855	0.587786	4.818470
0.176514	-0.758545	0.581299	-4.671756	-0.595420	0.473282	4.828551
0.171875	-0.751221	0.583740	-4.030534	-0.435115	1.160305	4.839200
0.173340	-0.750977	0.587646	-2.152672	-0.068702	1.099237	4.849689
0.169434	-0.764404	0.590088	-1.526718	0.404580	2.038168	4.860400
0.184326	-0.793457	0.586914	-0.938931	0.938931	1.274809	4.871135
0.179688	-0.806396	0.584717	-1.633588	1.816794	-0.083969	4.881486
0.186768	-0.749023	0.627930	-5.900763	1.755725	0.290076	4.891745
0.190430	-0.718750	0.545654	-7.259542	0.549618	-3.221374	4.902574
0.176270	-0.752197	0.563477	-3.809160	1.221374	-0.847328	4.913038
0.163330	-0.745361	0.561523	-3.160305	3.236641	-1.328244	4.923247
0.167236	-0.713623	0.552734	-3.419847	3.603053	0.793893	4.934125
0.154297	-0.738770	0.602539	-1.954198	1.618321	2.343511	4.944303
0.166504	-0.772705	0.585205	-1.992366	1.175573	2.106870	4.954937
0.151123	-0.761475	0.614014	-2.282443	0.648855	1.725191	4.964713
0.148682	-0.763184	0.602783	-3.083969	-0.473282	1.244275	4.974731
0.142578	-0.743164	0.573486	-5.564885	-1.274809	-0.015267	4.985476
0.140381	-0.718994	0.560547	-7.832061	-0.083969	0.480916	4.995602
0.151367	-0.713135	0.563232	-9.251908	0.458015	1.580153	5.005966
0.154541	-0.719727	0.574707	-8.633588	2.030534	2.137405	5.016389
0.157715	-0.739258	0.576660	-7.229008	3.000000	3.290076	5.026822
0.172363	-0.759766	0.584473	-4.267176	3.938931	2.351145	5.036564
0.180908	-0.758301	0.590576	-2.328244	5.167939	1.038168	5.046339
0.174805	-0.747314	0.614258	0.083969	5.480916	0.969466	5.057050
0.177734	-0.769775	0.632568	1.824427	4.297710	1.091603	5.067593
0.178955	-0.770996	0.638672	1.519084	2.633588	-0.114504	5.078081
0.175293	-0.756104	0.661865	0.465649	0.282443	-0.801527	5.088194
0.177246	-0.753174	0.631836	-2.473282	-0.832061	-1.244275	5.098802
0.170410	-0.733887	0.624512	-4.396947	-1.702290	-0.282443	5.109200
0.176270	-0.728516	0.581543	-7.236641	-1.328244	1.679389	5.119399
0.181396	-0.761230	0.579102	-7.175573	-0.412214	3.381679	5.130063
0.171387	-0.755859	0.597168	-6.305344	1.587786	3.198473	5.140440
0.170898	-0.759033	0.613281	-5.625954	1.717557	3.946565	5.151223
0.171387	-0.790283	0.612793	-3.931298	0.839695	3.740458	5.161719
0.181152	-0.798096	0.634766	-2.000000	-0.412214	2.419847	5.172011
0.174805	-0.803467	0.607666	-1.770992	-1.587786	1.152672	5.182491
0.179688	-0.797607	0.612305	-0.595420	-2.618321	-0.893130	5.192712
0.166992	-0.782959	0.591309	-2.877863	-3.328244	-1.992366	5.203087
0.166504	-0.771484	0.574951	-4.732824	-3.106870	-2.480916	5.213317
0.164551	-0.753906	0.581299	-5.633588	-1.854962	-1.488550	5.223400
0.170898	-0.737549	0.590576	-6.595420	-2.129771	0.458015	5.234245
0.175293	-0.769775	0.572266	-9.038168	-4.809160	1.893130	5.244517
0.165039	-0.807129	0.581787	-3.564885	-1.496183	0.038168	5.254839
0.145020	-0.780273	0.588623	0.473282	-1.580153	-0.145038	5.264890
0.163330	-0.794434	0.588867	-2.114504	0.167939	-0.824427	5.275389
0.159912	-0.731201	0.571777	-3.000000	0.091603	-1.931298	5.286051
0.155273	-0.764648	0.583496	-2.206107	-0.435115	0.557252	5.296231
0.165039	-0.801758	0.586914	0.152672	-3.183206	0.183206	5.306854
0.155518	-0.749023	0.588135	-5.961832	-1.091603	-0.656489	5.316639
0.153076	-0.766846	0.588623	-3.984733	-1.389313	0.137405	5.327303
0.153076	-0.780029	0.599121	-4.022901	-1.664122	-0.297710	5.338143
0.164551	-0.783691	0.603271	-4.786260	-3.000000	-1.290076	5.348375
0.160400	-0.748047	0.581299	-4.038168	-2.916031	-2.229008	5.359076
0.156494	-0.721436	0.562012	-1.053435	-1.267176	-1.076336	5.369581
0.159424	-0.722656	0.572998	-0.832061	0.526718	0.251908	5.380156
0.161133	-0.732666	0.572266	-0.320611	0.885496	1.335878	5.390454
0.163086	-0.745361	0.573486	-1.450382	1.045802	2.824427	5.401149
0.158936	-0.763672	0.582031	-3.335878	1.473282	2.885496	5.411586
0.152100	-0.784668	0.602295	-5.496183	-0.213740	1.969466	5.421750
0.158936	-0.773438	0.591309	-7.236641	-1.351145	0.396947	5.432170
0.166992	-0.760986	0.593506	-7.198473	-1.931298	-0.114504	5.442590
0.159912	-0.751221	0.584717	-5.931298	-1.969466	1.923664	5.452812
0.167236	-0.740234	0.584717	-4.175573	-1.587786	0.419847	5.463404
0.169189	-0.747070	0.571045	-2.625954	-0.458015	1.358779	5.473548
0.170898	-0.761475	0.564453	-0.969466	0.839695	2.503817	5.483927
0.175293	-0.780518	0.577637	-0.580153	1.374046	2.290076	5.494303
0.166748	-0.782471	0.576660	-1.206107	2.175573	1.381679	5.505244
0.160889	-0.774170	0.564209	-2.763359	2.923664	0.916031	5.515616
0.160645	-0.758057	0.559570	-5.412214	3.702290	0.358779	5.525876
0.153320	-0.742432	0.573242	-6.961832	4.488550	1.015267	5.536260
0.152100	-0.739502	0.603271	-6.870229	3.770992	2.519084	5.546830
0.162354	-0.784180	0.607178	-5.671756	3.893130	2.206107	5.557141
0.165039	-0.769287	0.633301	-2.595420	0.152672	-0.137405	5.567956
0.168945	-0.770508	0.605957	-1.473282	-1.587786	-1.671756	5.578392
0.168945	-0.747314	0.584961	-0.045802	-1.572519	-2.832061	5.588620
0.166016	-0.730225	0.585449	0.717557	-0.847328	-2.488550	5.598891
0.164551	-0.744629	0.587158	0.145038	0.267176	-2.145038	5.609190
0.159424	-0.739502	0.571533	-0.687023	0.374046	-2.572519	5.618723
0.167725	-0.725342	0.586182	-1.549618	1.633588	-1.977099	5.629514
0.167725	-0.733887	0.600830	-1.534351	2.839695	-1.854962	5.640119
0.166016	-0.715820	0.598633	-1.305344	2.656489	-2.244275	5.650231
0.165527	-0.703613	0.602783	-0.480916	3.526718	-1.259542	5.660448
0.158691	-0.696777	0.644531	6.259542	2.671756	-0.343511	5.671096
0.174561	-0.719238	0.636719	4.908397	0.007634	-0.450382	5.681766
0.185791	-0.730957	0.617920	3.763359	-1.625954	0.473282	5.692243
0.179443	-0.749756	0.615234	5.496183	-2.389313	0.755725	5.702272
0.180908	-0.746338	0.593262	2.297710	-3.824427	1.213740	5.712200
0.186279	-0.758545	0.570801	0.435115	-3.396947	2.076336	5.724968
0.177490	-0.799072	0.599609	-2.908397	-3.519084	2.435115	5.734982
0.181152	-0.798584	0.586426	-0.656489	-2.603053	1.664122	5.745717
0.169434	-0.795898	0.606445	-3.854962	-2.709924	1.809160	5.755996
0.174316	-0.811523	0.578125	-3.564885	-1.549618	0.564885	5.766262
0.178467	-0.788574	0.582764	-1.305344	-0.129771	0.870229	5.776590
0.177734	-0.801758	0.573486	-0.198473	2.213740	0.832061	5.787088
0.177490	-0.794189	0.592773	0.244275	4.404580	1.213740	5.797323
0.174316	-0.799316	0.625488	0.641221	4.633588	1.641221	5.807626
0.176270	-0.811279	0.646973	-0.083969	2.893130	0.946565	5.817939
0.174316	-0.813232	0.658691	-0.854962	-0.114504	-0.740458	5.828035
0.161621	-0.786377	0.649414	-2.923664	-3.465649	-2.580153	5.838721
0.167480	-0.753662	0.619141	-4.633588	-4.099237	-2.954198	5.849174
0.164307	-0.737793	0.604980	-5.022901	-3.709924	-2.167939	5.859388
0.152100	-0.781250	0.597656	-7.801527	-4.312977	-2.610687	5.869652
0.156982	-0.711914	0.597656	-3.946565	-3.290076	-1.259542	5.880213
0.160156	-0.764404	0.595215	-3.587786	-2.320611	-0.687023	5.890801
0.164551	-0.786621	0.609863	-0.610687	-1.885496	-2.450382	5.900773
0.179688	-0.809326	0.596680	2.977099	-3.824427	-6.755725	5.911116
0.171143	-0.759033	0.573242	7.175573	-4.374046	-10.778626	5.921450
0.171143	-0.745850	0.539062	6.931298	-2.106870	-10.396947	5.931886
0.170410	-0.694580	0.543945	5.732824	0.778626	-8.427481	5.942524
0.166748	-0.700684	0.557129	2.358779	2.755725	-5.954198	5.952826
0.163330	-0.689941	0.562744	-1.618321	3.679389	-3.099237	5.963138
0.172852	-0.695557	0.590088	-4.198473	3.343511	-0.145038	5.973564
0.186035	-0.727783	0.588379	-5.083969	4.015267	1.068702	5.983897
0.188965	-0.753906	0.613770	-4.923664	3.786260	0.526718	5.993970
0.181885	-0.760498	0.629639	-4.870229	1.755725	-0.832061	6.004414
0.187988	-0.739014	0.621094	-4.335878	0.549618	-1.587786	6.014744
0.187256	-0.743408	0.632568	-4.061069	-1.007634	-0.908397	6.024982
0.184570	-0.742188	0.611084	-3.862595	-1.519084	-0.450382	6.035146
0.173828	-0.733887	0.593506	-4.267176	-1.244275	-0.259542	6.045609
0.179443	-0.717773	0.590332	-4.916031	-0.190840	0.916031	6.055934
0.171875	-0.718018	0.600830	-5.335878	0.083969	2.625954	6.066104
0.178223	-0.733887	0.589600	-5.106870	0.748092	3.091603	6.076381
0.177734	-0.762939	0.625977	-3.603053	0.145038	3.198473	6.086999
0.180908	-0.775635	0.623291	-3.290076	-1.007634	1.877863	6.097471
0.177734	-0.777344	0.613525	-3.534351	-1.893130	-0.175573	6.107799
0.175049	-0.737549	0.596191	-3.687023	-1.923664	-0.725191	6.117951
0.179199	-0.743408	0.578125	-4.473282	-0.862595	0.000000	6.128576
0.170410	-0.728516	0.607666	-4.671756	0.106870	0.152672	6.139037
0.171875	-0.736572	0.608398	-3.725191	0.335878	0.030534	6.150035
0.177979	-0.737549	0.616943	-1.251908	0.244275	-0.755725	6.160334
0.184814	-0.749756	0.619141	2.190840	-0.091603	-1.152672	6.170586
0.182861	-0.768311	0.603516	5.458015	-0.648855	-3.877863	6.181322
0.176758	-0.733154	0.585449	6.259542	-1.351145	-4.984733	6.191655
0.171875	-0.697998	0.573486	6.480916	0.297710	-3.770992	6.202335
0.172852	-0.708252	0.577637	3.274809	0.893130	-1.740458	6.212356
0.179199	-0.712402	0.584229	0.725191	1.564885	-0.274809	6.222978
0.178467	-0.714355	0.601318	-2.335878	1.793893	1.679389	6.233384
0.176758	-0.717041	0.594727	-4.809160	1.885496	3.030534	6.243184
0.172607	-0.731934	0.601318	-6.511450	2.625954	4.259542	6.252962
0.178711	-0.747803	0.619141	-6.694656	1.564885	4.816794	6.262865
0.186279	-0.801514	0.634277	-6.251908	0.748092	3.152672	6.274059
0.187988	-0.799805	0.629395	-3.641221	-0.770992	1.053435	6.284476
0.197266	-0.790283	0.620361	-2.137405	-1.106870	-0.709924	6.295625
0.189941	-0.784180	0.608643	1.015267	-0.610687	-1.885496	6.306393
0.172852	-0.743408	0.589600	-1.068702	0.076336	-0.916031	6.316542
0.176514	-0.755615	0.603760	-2.259542	0.030534	0.427481	6.327091
0.160645	-0.750977	0.637695	-2.541985	1.038168	1.648855	6.337358
0.182373	-0.795654	0.626221	-3.709924	0.847328	0.511450	6.347922
0.177246	-0.773682	0.649658	-4.091603	0.412214	0.312977	6.358339
0.178955	-0.786621	0.662842	-4.190840	-1.931298	-1.129771	6.368486
0.180176	-0.747314	0.628174	-4.114504	-2.625954	-1.679389	6.378661
0.180420	-0.719482	0.612793	-4.786260	-2.595420	-0.183206	6.389400
0.176270	-0.737549	0.608154	-5.335878	-1.480916	1.122137	6.399820
0.180908	-0.732422	0.610840	-6.412214	-0.603053	2.961832	6.410140
0.181396	-0.766602	0.619141	-7.061069	-0.229008	3.717557	6.420664
0.197266	-0.788574	0.617676	-7.473282	0.160305	2.412214	6.431210
0.179932	-0.759033	0.614746	-6.290076	-0.549618	1.198473	6.441242
0.178955	-0.781006	0.619629	-5.503817	-1.541985	0.809160	6.451542
0.168457	-0.882324	0.639404	-9.664122	-3.396947	-3.068702	6.462026
0.168457	-0.734863	0.586182	-5.778626	-1.625954	-1.801527	6.472456
0.185303	-0.722656	0.599121	-2.938931	-1.900763	-0.893130	6.482917
0.187256	-0.754883	0.582275	-3.763359	-1.580153	-2.503817	6.493424
0.176758	-0.713379	0.607178	-4.793893	-1.648855	-1.870229	6.503786
0.180176	-0.726562	0.601318	-3.748092	-1.183206	-0.343511	6.514113
0.174316	-0.737549	0.600098	-2.511450	-0.877863	-0.374046	6.524241
0.167969	-0.742188	0.600098	-4.503817	-1.778626	0.160305	6.534898
0.169922	-0.733398	0.577393	-5.809160	-1.076336	-0.580153	6.545143
0.170166	-0.707520	0.601807	-7.946565	-0.251908	0.671756	6.555342
0.167969	-0.707520	0.575684	-9.045802	-0.633588	1.343511	6.565793
0.170898	-0.728516	0.591553	-7.679389	0.511450	2.015267	6.576055
0.181885	-0.732422	0.600098	-5.358779	1.045802	2.938931	6.586649
0.184814	-0.758057	0.614258	-3.480916	1.419847	2.549618	6.597093
0.191895	-0.772705	0.625488	-1.335878	1.419847	1.633588	6.607293
0.183594	-0.772461	0.619141	-0.221374	1.244275	-0.152672	6.617696
0.178711	-0.745117	0.622803	0.122137	0.488550	-1.389313	6.627813
0.179443	-0.740723	0.619385	-0.442748	-0.702290	-2.030534	6.637441
0.177979	-0.725586	0.619141	-1.282443	-2.091603	-2.862595	6.647197
0.181641	-0.709473	0.594238	-3.961832	-3.419847	-1.587786	6.658271
0.183594	-0.705566	0.593262	-4.877863	-2.267176	-0.274809	6.668638
0.182617	-0.725342	0.617432	-4.801527	-2.633588	0.809160	6.679176
0.175293	-0.740723	0.614502	-4.160305	-3.770992	0.160305	6.690013
0.176270	-0.755859	0.644043	-3.282443	-5.213740	-1.114504	6.700212
0.182129	-0.749023	0.656006	-3.015267	-8.740458	-2.923664	6.710815
0.197510	-0.719482	0.658691	-1.580153	-14.137405	-7.832061	6.720962
0.180908	-0.731934	0.642334	-1.328244	-13.694656	-5.793893	6.731596
0.197754	-0.816406	0.635498	-3.778626	-22.015267	-10.000000	6.741734
0.227051	-0.708740	0.579590	-6.068702	-19.954198	-10.854962	6.751999
0.211670	-0.704346	0.555420	-7.534351	-16.862595	-7.122137	6.762544
0.209473	-0.716553	0.545654	-8.076336	-13.633588	-4.832061	6.772919
0.201416	-0.713623	0.563477	-5.648855	-9.450382	-1.206107	6.783644
0.201416	-0.762451	0.614014	-5.435115	-11.595420	-0.580153	6.794040
0.215820	-0.776123	0.566650	-4.595420	-10.503817	-2.152672	6.804517
0.248291	-0.727295	0.562744	-5.099237	-8.396947	-0.183206	6.814400
0.226807	-0.791748	0.555908	-4.419847	-3.473282	2.083969	6.825248
0.223633	-0.793701	0.578613	-1.900763	-0.099237	-0.564885	6.835965
0.219971	-0.732666	0.590576	-2.580153	1.465649	0.450382	6.846496
0.213623	-0.747803	0.619141	-2.106870	1.061069	1.801527	6.856913
0.214355	-0.740234	0.613525	-2.664122	-1.732824	1.725191	6.867546
0.224854	-0.725586	0.615479	-4.854962	-2.320611	3.038168	6.877582
0.206055	-0.806641	0.601074	-8.404580	-2.595420	3.366412	6.887691
0.209229	-0.760254	0.610596	-6.435115	-1.595420	1.931298	6.897200
0.214111	-0.733154	0.588379	-6.732824	-1.030534	2.152672	6.908441
0.208984	-0.745117	0.611328	-6.236641	-1.534351	2.526718	6.918960
0.207764	-0.747559	0.594238	-5.671756	-1.641221	2.801527	6.929228
0.206055	-0.738281	0.572510	-1.068702	-2.022901	2.488550	6.939612
0.218994	-0.734619	0.559814	-6.213740	-1.526718	3.580153	6.950205
0.206299	-0.731201	0.585449	-3.671756	-0.603053	1.045802	6.960590
0.208008	-0.730225	0.562744	-4.282443	0.977099	1.648855	6.970717
0.201904	-0.798828	0.617188	-2.664122	-0.633588	0.832061	6.981189
0.201660	-0.763672	0.610596	-3.175573	-3.022901	-0.664122	6.992752
0.211182	-0.759766	0.570312	-1.511450	-2.748092	-1.541985	7.003770
0.206543	-0.732666	0.593506	-1.473282	-3.419847	-1.641221	7.014322
0.199219	-0.744629	0.571289	-0.351145	-4.465649	-1.427481	7.024981
0.189209	-0.697754	0.570801	-2.045802	-1.816794	0.740458	7.035233
0.193115	-0.703857	0.564697	-5.045802	-2.206107	3.343511	7.045769
0.193115	-0.741455	0.602783	-5.717557	-2.839695	4.664122	7.056255
0.189209	-0.791016	0.619873	-4.603053	-6.648855	0.740458	7.066552
0.193115	-0.766602	0.614258	-2.473282	-12.206107	-4.488550	7.076766
0.191162	-0.945801	0.679688	-7.702290	-23.961832	-10.374046	7.087242
0.221436	-0.794189	0.601807	-0.045802	-25.351145	-15.877863	7.097691
0.198975	-0.743896	0.664307	-3.381679	-35.480916	-14.106870	7.108158
0.213379	-0.831787	0.644775	0.893130	-32.816794	-18.122137	7.118374
0.265381	-0.755859	0.630615	0.022901	-36.793893	-21.473282	7.128839
0.240479	-0.715332	0.600586	-1.442748	-34.694656	-19.496183	7.138898
0.249756	-0.669434	0.550537	-0.374046	-30.022901	-15.236641	7.149599
0.268555	-0.642822	0.541748	-1.748092	-26.312977	-9.885496	7.160027
0.257324	-0.679199	0.554443	-2.183206	-20.839695	-4.061069	7.170379
0.271484	-0.679199	0.605957	-1.030534	-19.114504	-0.396947	7.180349
0.293457	-0.763184	0.581787	-2.465649	-17.358779	0.458015	7.190974
0.268555	-0.740723	0.576172	-3.167939	-12.091603	0.480916	7.201330
0.280518	-0.765869	0.567871	-3.900763	-11.748092	0.480916	7.211361
0.265137	-0.773438	0.579346	-5.526718	-13.572519	-1.633588	7.221622
0.273438	-0.723389	0.548340	-5.732824	-12.725191	-2.022901	7.232156
0.280273	-0.702881	0.559082	-4.541985	-9.129771	1.160305	7.242468
0.275391	-0.734375	0.554688	-5.847328	-4.106870	3.061069	7.252879
0.278320	-0.715332	0.518066	-6.396947	0.870229	5.045802	7.263264
0.270264	-0.748291	0.576660	-5.358779	3.885496	6.961832	7.273777
0.266113	-0.756592	0.586182	-6.076336	3.076336	7.580153	7.284251
0.274170	-0.805176	0.599365	-7.206107	0.931298	6.015267	7.294761
0.265869	-0.773926	0.564209	-7.427481	0.778626	2.580153	7.305143
0.267334	-0.738281	0.555664	-7.106870	1.946565	2.862595	7.315631
0.268066	-0.715088	0.559326	-5.900763	3.366412	4.129771	7.325762
0.255371	-0.625000	0.562744	-3.709924	3.740458	8.572519	7.336187
0.255127	-0.782715	0.576904	-6.328244	5.381679	9.236641	7.346691
0.252441	-0.702637	0.569824	-3.641221	8.488550	8.343511	7.357012
0.260010	-0.676270	0.594971	-3.641221	8.419847	13.587786	7.366950
0.257568	-0.777588	0.626465	-8.984733	6.694656	13.007634	7.377525
0.258545	-0.710693	0.612549	-11.328244	7.312977	12.320611	7.387989
0.259277	-0.829590	0.622070	-23.229008	3.587786	14.152672	7.398878
0.235352	-0.777588	0.601318	-26.045802	2.389313	11.679389	7.409347
0.252686	-0.796875	0.537354	-30.633588	3.931298	11.435115	7.420039
0.257080	-0.772461	0.559570	-27.221374	7.022901	13.267176	7.430561
0.250732	-0.798340	0.573242	-25.732824	8.656489	12.129771	7.441248
0.243408	-0.790039	0.589844	-9.190840	8.480916	8.160305	7.451764
0.248535	-0.723145	0.539307	-3.580153	6.709924	9.603053	7.461868
0.231689	-0.782471	0.550293	0.091603	7.725191	8.145038	7.472321
0.234131	-0.748291	0.524170	1.053435	7.396947	6.106870	7.483484
0.229492	-0.755127	0.531250	-1.083969	8.206107	5.458015	7.493986
0.218018	-0.769531	0.532715	-4.183206	7.488550	4.236641	7.504502
0.214600	-0.751709	0.522705	-6.198473	6.587786	3.167939	7.514781
0.217773	-0.739746	0.545410	-7.091603	6.824427	3.320611	7.524569
0.228271	-0.761475	0.581299	-6.404580	5.870229	3.847328	7.534284
0.233643	-0.761719	0.577637	-5.381679	4.198473	2.633588	7.544347
0.242188	-0.773193	0.567383	-3.030534	3.450382	1.076336	7.556139
0.245117	-0.764160	0.572021	-1.748092	3.312977	0.038168	7.566169
0.240234	-0.750000	0.564697	-0.648855	3.816794	-0.534351	7.576492
0.241455	-0.743164	0.568604	-1.076336	4.335878	0.396947	7.586920
0.241943	-0.748535	0.568115	-0.969466	4.328244	0.450382	7.597522
0.238281	-0.747070	0.579346	-2.580153	3.946565	1.045802	7.607699
0.226074	-0.754395	0.598877	-2.412214	3.206107	1.145038	7.618266
0.231934	-0.748047	0.596436	-3.305344	0.503817	2.335878	7.628507
0.234863	-0.774170	0.608154	-3.755725	-0.480916	1.755725	7.639160
0.234375	-0.765869	0.583008	-3.931298	-1.152672	1.458015	7.649460
0.235352	-0.772949	0.577637	-3.778626	-1.030534	1.053435	7.659834
0.227051	-0.767822	0.580566	-3.656489	-0.641221	1.717557	7.670240
0.230957	-0.775391	0.579590	-2.450382	-0.511450	1.984733	7.680717
0.225830	-0.782959	0.573975	-0.412214	0.206107	1.664122	7.691218
0.228760	-0.775635	0.582520	-0.137405	0.114504	1.198473	7.701663
0.214111	-0.765869	0.560791	-1.099237	-0.442748	1.312977	7.711911
0.218018	-0.757568	0.555664	-1.267176	0.297710	0.748092	7.724304
0.197021	-0.758545	0.550049	-0.022901	1.488550	1.839695	7.734796
0.207275	-0.770264	0.555420	-4.419847	0.496183	1.549618	7.744386
0.218506	-0.787598	0.563965	-5.114504	0.595420	1.862595	7.754449
0.223389	-0.800049	0.562988	-4.916031	0.534351	1.801527	7.764329
0.228516	-0.802002	0.585205	-3.061069	0.969466	0.053435	7.775616
0.221924	-0.802490	0.584229	-2.297710	0.328244	-1.099237	7.785914
0.224121	-0.773926	0.574951	-1.832061	-0.587786	-1.908397	7.796502
0.221191	-0.746094	0.566406	-1.587786	-0.045802	-0.984733	7.806776
0.212891	-0.749268	0.549805	-2.435115	0.709924	0.816794	7.817340
0.216309	-0.760254	0.549805	-3.343511	1.358779	2.381679	7.827830
0.216553	-0.762207	0.566895	-5.290076	2.488550	3.282443	7.837836
0.217285	-0.776855	0.588379	-6.091603	3.167939	3.755725	7.848598
0.224854	-0.786133	0.591553	-5.374046	1.557252	2.312977	7.858754
0.221680	-0.776367	0.579590	-5.511450	1.000000	1.290076	7.869196
0.221680	-0.763916	0.576172	-4.229008	0.969466	0.847328	7.879415
0.219971	-0.764160	0.576904	-3.335878	1.053435	1.022901	7.889899
0.219238	-0.765625	0.585449	-2.625954	1.198473	0.809160	7.900277
0.221191	-0.774170	0.592529	-1.984733	-0.717557	1.167939	7.910413
0.219971	-0.781494	0.584473	-1.816794	-1.633588	-0.450382	7.920717
0.221924	-0.761963	0.566162	-2.152672	-1.977099	-0.427481	7.931055
0.220703	-0.756836	0.542969	-3.160305	-0.251908	-0.030534	7.941631
0.208984	-0.770752	0.558594	-4.175573	0.931298	0.709924	7.951716
0.214111	-0.784668	0.574219	-5.442748	0.427481	0.358779	7.962328
0.219482	-0.770264	0.567139	-5.847328	-0.045802	-0.160305	7.972714
0.221924	-0.771729	0.564941	-5.137405	0.129771	-0.954198	7.982848
0.218018	-0.738770	0.577148	-4.343511	-0.175573	-0.557252	7.993262
0.216553	-0.742432	0.540527	-4.183206	0.519084	0.412214	8.003442
0.215088	-0.743408	0.550781	-2.740458	1.809160	1.503817	8.013681
0.215576	-0.776123	0.569336	-1.877863	1.404580	1.351145	8.024297
0.222900	-0.782959	0.576416	-2.061069	0.984733	0.167939	8.035019
0.228516	-0.780029	0.573975	-2.213740	0.419847	-0.694656	8.045592
0.224854	-0.779785	0.570312	-3.267176	0.900763	-1.213740	8.056228
0.226807	-0.778564	0.581299	-4.534351	0.793893	-0.938931	8.066825
0.222168	-0.806396	0.588623	-7.916031	-0.541985	-1.458015	8.077124
0.217529	-0.745605	0.585938	-4.320611	-1.618321	0.297710	8.087285
0.229736	-0.786865	0.573242	-3.961832	-1.572519	0.053435	8.097611
0.219727	-0.769043	0.574219	-3.908397	-1.778626	-0.839695	8.108367
0.225830	-0.757324	0.556396	-3.839695	-1.213740	-0.740458	8.118879
0.219971	-0.748047	0.545166	-2.473282	-0.335878	-0.816794	8.129602
0.221191	-0.746094	0.570068	-1.778626	0.030534	-0.412214	8.139992
0.221436	-0.771240	0.566650	-1.992366	0.641221	0.503817	8.150277
0.223877	-0.778076	0.577881	-2.053435	0.564885	0.068702	8.160008
0.232910	-0.789307	0.577393	-2.748092	-0.190840	-0.862595	8.170156
0.225830	-0.759277	0.570312	-4.595420	-0.541985	-1.312977	8.180398
0.220947	-0.756348	0.553711	-3.862595	-1.503817	-1.427481	8.191013
0.215820	-0.733154	0.589111	-8.679389	-2.641221	0.870229	8.201368
0.216309	-0.729004	0.557861	-8.732824	-0.946565	0.190840	8.211663
0.216553	-0.729492	0.552979	-6.893130	1.618321	2.045802	8.222142
0.226318	-0.754150	0.573975	-2.885496	0.992366	2.152672	8.232417
0.224609	-0.768799	0.575439	-1.595420	0.022901	1.534351	8.243058
0.231934	-0.785400	0.556885	-0.671756	0.053435	0.625954	8.253411
0.232422	-0.774414	0.557129	-0.770992	1.343511	0.213740	8.263249
0.226562	-0.764404	0.564697	-2.068702	1.145038	-0.534351	8.273731
0.229004	-0.761719	0.565674	-4.572519	1.022901	0.038168	8.284033
0.221191	-0.762695	0.562012	-5.603053	0.931298	0.396947	8.294718
0.218018	-0.752930	0.589600	-5.442748	0.595420	0.435115	8.305174
0.217773	-0.755859	0.602539	-4.656489	-0.992366	1.145038	8.315335
0.215576	-0.759033	0.571289	-3.877863	-2.045802	0.694656	8.325756
0.207275	-0.751709	0.559814	-2.641221	-1.893130	0.320611	8.336299
0.205322	-0.747559	0.544922	-2.312977	-0.946565	0.824427	8.346897
0.206787	-0.739746	0.540039	-2.916031	0.129771	1.221374	8.357167
0.208496	-0.756348	0.531738	-3.076336	1.793893	2.259542	8.367641
0.217773	-0.781250	0.565674	-1.580153	3.465649	2.557252	8.377854
0.205566	-0.801758	0.581543	-1.664122	3.083969	1.167939	8.388049
0.216064	-0.795410	0.571777	-2.015267	1.534351	-0.977099	8.398731
0.205811	-0.810547	0.573975	-1.519084	0.045802	-1.664122	8.409090
0.215088	-0.784912	0.566162	-2.427481	-0.793893	-3.000000	8.419367
0.215576	-0.772217	0.556152	-3.473282	-1.274809	-3.572519	8.429677
0.220947	-0.750488	0.551025	-2.366412	-1.167939	-3.625954	8.440072
0.221436	-0.745117	0.537842	-1.694656	0.152672	-2.740458	8.450252
0.231934	-0.745117	0.537842	-0.633588	1.778626	-1.702290	8.460435
0.227539	-0.749756	0.558105	0.946565	2.274809	-0.618321	8.471025
0.239014	-0.775146	0.538818	0.793893	3.335878	-0.312977	8.481285
0.228760	-0.755127	0.556885	-0.389313	3.198473	0.022901	8.491594
0.234863	-0.769287	0.555420	-2.221374	3.793893	0.732824	8.502030
0.233154	-0.775635	0.589111	-4.946565	2.282443	1.458015	8.512621
0.243652	-0.776855	0.587891	-5.511450	0.763359	-0.251908	8.522800
0.241699	-0.770264	0.580078	-5.160305	0.213740	-1.198473	8.533099
0.237793	-0.763672	0.576416	-3.305344	0.259542	-1.534351	8.543513
0.231689	-0.761475	0.575439	-1.717557	0.091603	-1.389313	8.553767
0.234375	-0.757812	0.574951	-1.114504	-0.022901	-0.641221	8.564427
0.240967	-0.772461	0.560547	-1.297710	0.503817	-0.473282	8.574856
0.236084	-0.774414	0.562500	-1.198473	1.206107	0.045802	8.585094
0.233887	-0.790039	0.581787	-0.786260	1.381679	-0.793893	8.595244
0.229004	-0.777588	0.557129	-2.366412	1.091603	-0.580153	8.605823
0.235107	-0.768555	0.560059	-2.480916	2.022901	-0.687023	8.616258
0.235107	-0.772949	0.566895	-2.832061	1.908397	0.717557	8.627121
0.234131	-0.793701	0.576904	-2.778626	2.755725	0.167939	8.637689
0.236084	-0.773682	0.573486	-2.809160	2.725191	0.129771	8.647432
0.235596	-0.775879	0.562256	-2.603053	4.450382	0.091603	8.656892
0.239990	-0.792236	0.569092	-2.259542	6.442748	0.465649	8.668028
0.248291	-0.796631	0.594238	-2.534351	7.954198	-0.305344	8.678098
0.242676	-0.808350	0.623291	-2.458015	7.694656	-2.603053	8.688775
0.236328	-0.794922	0.652344	-1.007634	6.366412	-4.198473	8.699071
0.236816	-0.759033	0.635986	-1.778626	2.870229	-5.412214	8.709469
0.216309	-0.784912	0.653809	-6.755725	1.045802	-6.541985	8.719731
0.215332	-0.683350	0.598145	-2.633588	0.435115	-4.000000	8.730035
0.219482	-0.666016	0.589111	-3.160305	0.503817	-0.244275	8.741103
0.219482	-0.681152	0.596924	-4.396947	0.900763	2.702290	8.751473
0.218262	-0.704102	0.596680	-6.702290	1.229008	5.709924	8.761872
0.209229	-0.728516	0.610840	-8.335878	0.541985	6.671756	8.772605
0.195312	-0.782959	0.597412	-5.038168	-2.740458	5.511450	8.782863
0.210205	-0.737061	0.562256	-0.167939	-7.122137	4.030534	8.793561
0.199707	-0.741699	0.566895	-7.603053	-5.190840	2.641221	8.803170
0.203613	-0.770264	0.546875	-6.458015	-4.122137	3.312977	8.813214
0.191650	-0.781738	0.553467	-5.946565	-2.305344	2.030534	8.823331
0.189209	-0.763672	0.547607	-4.709924	-0.809160	1.786260	8.834205
0.201904	-0.786133	0.554688	-3.358779	0.496183	1.488550	8.844557
0.190430	-0.768555	0.577637	-2.122137	0.969466	0.870229	8.854974
0.207031	-0.772949	0.588379	-0.534351	0.282443	0.320611	8.865465
0.191895	-0.786865	0.570801	-0.770992	0.000000	-1.381679	8.875602
0.214600	-0.763672	0.568604	-1.648855	0.633588	-2.374046	8.886127
0.218262	-0.754639	0.560791	-3.007634	1.297710	-1.923664	8.896747
0.217041	-0.751709	0.575684	-3.664122	1.954198	-1.282443	8.907097
0.230713	-0.757568	0.584717	-3.809160	2.610687	-0.351145	8.917419
0.232178	-0.751221	0.599609	-3.068702	2.801527	-0.702290	8.927394
0.230225	-0.746826	0.609375	-1.587786	1.099237	0.167939	8.937709
0.240479	-0.759521	0.624512	1.320611	0.870229	0.022901	8.948272
0.235107	-0.734863	0.594482	-0.274809	-0.641221	1.038168	8.958339
0.235840	-0.762939	0.590088	-0.740458	-0.885496	1.679389	8.968673
0.229736	-0.777588	0.586426	-2.885496	-1.022901	1.748092	8.978991
0.232666	-0.768555	0.587158	-5.229008	-1.839695	2.580153	8.989502
0.223877	-0.776855	0.573975	-7.427481	-2.549618	2.259542	8.999723
0.224121	-0.760986	0.555420	-8.603053	-1.862595	2.908397	9.009770
0.222412	-0.780762	0.557617	-6.717557	-1.557252	2.923664	9.020666
0.234863	-0.788818	0.544189	-5.374046	-0.099237	2.229008	9.030802
0.227783	-0.787598	0.558838	-2.709924	1.984733	1.488550	9.041526
0.219727	-0.800049	0.568359	-1.083969	2.748092	1.450382	9.051777
0.216309	-0.783936	0.579590	-0.198473	2.328244	0.099237	9.062126
0.211426	-0.781250	0.570801	-0.687023	1.076336	-0.374046	9.072571
0.199707	-0.752441	0.571533	-1.877863	0.633588	-1.038168	9.082571
0.196045	-0.761963	0.572266	-4.282443	-0.832061	-1.404580	9.093445
0.208008	-0.739746	0.555176	-5.160305	-1.007634	-0.801527	9.103771
0.204590	-0.745850	0.531494	-5.519084	-0.564885	1.038168	9.114269
0.216064	-0.765381	0.543457	-5.198473	0.328244	2.076336	9.124144
0.221191	-0.779785	0.558594	-3.755725	1.251908	1.183206	9.134738
0.212402	-0.771729	0.564941	-3.725191	0.748092	0.603053	9.144834
0.214844	-0.774902	0.547852	-2.282443	1.931298	0.160305	9.155063
0.216309	-0.775146	0.576416	-1.702290	2.000000	-0.580153	9.165514
0.216309	-0.763184	0.567871	-3.267176	1.687023	-0.503817	9.175934
0.227051	-0.721191	0.546875	-3.305344	0.366412	-2.473282	9.186178
0.225342	-0.746338	0.562744	-2.984733	1.442748	-1.030534	9.196461
0.218750	-0.771484	0.584717	-2.099237	1.473282	-1.221374	9.206675
0.201904	-0.742432	0.588867	-3.503817	-0.160305	-0.824427	9.217085
0.207275	-0.767090	0.577881	-4.244275	-0.610687	-0.511450	9.227461
0.208008	-0.749512	0.581543	-3.862595	-0.618321	-0.381679	9.237882
0.209229	-0.764404	0.580566	-3.977099	-0.503817	-0.832061	9.247898
0.207275	-0.741455	0.574951	-2.877863	-0.160305	-1.221374	9.257406
0.199219	-0.736084	0.564209	-2.603053	0.175573	-0.748092	9.268264
0.202881	-0.721924	0.556885	-1.770992	2.030534	0.396947	9.278492
0.200439	-0.739746	0.558350	-1.793893	2.595420	1.534351	9.288299
0.210938	-0.736572	0.586670	-1.274809	2.557252	1.702290	9.299322
0.210938	-0.791748	0.586182	-1.916031	2.145038	1.366412	9.309646
0.210205	-0.777344	0.593750	-2.977099	1.610687	-0.229008	9.320247
0.219971	-0.777588	0.589844	-3.618321	0.610687	-1.404580	9.330637
0.210693	-0.761719	0.583496	-4.358779	-0.160305	-1.511450	9.341309
0.206299	-0.761719	0.579346	-4.473282	-0.297710	-0.633588	9.351696
0.208984	-0.751709	0.561279	-3.381679	0.297710	-0.648855	9.361746
0.219238	-0.759033	0.558838	-3.358779	0.793893	0.290076	9.372262
0.216064	-0.778076	0.559082	-2.320611	1.862595	-0.053435	9.382784
0.215576	-0.779785	0.566895	-0.022901	2.328244	-0.412214	9.393924
0.221436	-0.783447	0.565186	-2.305344	2.717557	-0.969466	9.404405
0.212402	-0.770752	0.575684	-2.786260	3.480916	-0.969466	9.414806
0.211914	-0.779053	0.579102	-2.900763	3.076336	-1.122137	9.425269
0.214600	-0.778564	0.570801	-3.786260	3.137405	-1.625954	9.435771
0.219238	-0.796631	0.574219	-3.671756	3.160305	-2.465649	9.445502
0.222168	-0.773438	0.563721	-4.015267	3.648855	-3.259542	9.455015
0.223389	-0.759521	0.558105	-4.648855	4.694656	-3.541985	9.464887
0.224121	-0.746094	0.542236	-5.427481	7.748092	-3.671756	9.476540
0.223389	-0.761719	0.537354	-5.496183	10.946565	-1.961832	9.486902
0.225098	-0.766357	0.527100	-5.770992	14.832061	-4.366412	9.497428
0.232666	-0.722412	0.525879	-6.206107	21.236641	-5.404580	9.507548
0.242676	-0.770508	0.563477	-8.496183	37.519084	-8.984733	9.517669
0.197021	-0.751953	0.639893	0.022901	22.015267	-3.038168	9.527474
0.214600	-0.761963	0.636230	2.793893	12.725191	-12.587786	9.538309
0.215820	-0.718506	0.617676	-1.625954	8.732824	-8.229008	9.548572
0.222168	-0.765625	0.614258	-0.694656	6.175573	-7.351145	9.559037
0.214600	-0.796143	0.622559	-0.175573	3.267176	-10.389313	9.569205
0.226318	-0.759766	0.621582	-2.862595	2.244275	-10.381679	9.579365
0.222900	-0.749023	0.588623	-3.213740	1.412214	-9.335878	9.589980
0.223877	-0.750732	0.616455	-3.145038	1.206107	-8.618321	9.600476
0.224121	-0.708984	0.592529	-3.473282	0.877863	-4.610687	9.611220
0.217529	-0.734375	0.606201	-2.717557	1.648855	-2.786260	9.621030
0.225586	-0.747314	0.601318	-2.091603	-0.061069	-1.129771	9.631911
0.229736	-0.757080	0.603516	-1.282443	-1.114504	-2.068702	9.642279
0.231201	-0.764404	0.602783	-1.877863	-1.175573	-3.106870	9.652539
0.230957	-0.751221	0.577637	-2.244275	-1.343511	-2.519084	9.662911
0.227539	-0.735596	0.587158	-2.732824	-0.427481	-2.198473	9.673323
0.229492	-0.749268	0.578857	-4.977099	0.297710	-0.801527	9.683901
0.267090	-0.872070	0.584229	11.389313	5.404580	-1.030534	9.694478
0.219727	-0.602295	0.571045	-0.862595	4.076336	-1.175573	9.704905
0.232178	-0.766602	0.619873	-3.679389	4.687023	1.549618	9.715013
0.233887	-0.783447	0.598633	-2.175573	5.152672	-0.152672	9.727697
0.231689	-0.744385	0.572754	-3.709924	6.564885	-0.496183	9.737948
0.213135	-0.746582	0.559814	-5.221374	11.122137	0.725191	9.748378
0.215332	-0.734375	0.584473	-6.190840	10.938931	1.557252	9.758571
0.205078	-0.756836	0.592529	-7.267176	11.793893	3.801527	9.768898
0.211426	-0.765381	0.595947	-2.709924	8.664122	0.152672	9.779513
0.216309	-0.776855	0.631836	-8.183206	7.465649	2.389313	9.790200
0.209473	-0.759521	0.650879	-1.832061	5.603053	-0.305344	9.800317
0.219971	-0.756348	0.614502	-3.122137	1.175573	-0.068702	9.810727
0.218262	-0.744629	0.580811	-2.847328	1.015267	-0.923664	9.821140
0.212402	-0.695557	0.610596	-1.343511	-0.351145	0.893130	9.831285
0.210205	-0.719482	0.576904	-1.160305	-1.229008	1.862595	9.841963
0.218018	-0.743896	0.585449	-3.870229	-1.557252	1.786260	9.851912
0.214111	-0.742920	0.587891	-6.824427	-1.679389	3.412214	9.862218
0.227783	-0.750488	0.582031	-8.709924	-0.083969	3.732824	9.872634
0.207520	-0.747314	0.584473	-9.625954	-0.282443	5.045802	9.883347
0.216064	-0.711182	0.570068	-9.923664	1.610687	6.465649	9.893856
0.198486	-0.732178	0.608643	-9.099237	1.519084	6.702290	9.904296
0.203125	-0.733398	0.614014	-7.022901	-0.175573	4.694656	9.914564
0.204590	-0.715820	0.613525	-4.534351	-1.946565	4.862595	9.924576
0.210205	-0.750977	0.599365	-2.328244	-3.106870	3.954198	9.934928
0.205322	-0.751465	0.589111	-0.809160	-3.778626	2.137405	9.945019
0.208008	-0.741943	0.555908	-1.625954	-3.603053	0.000000	9.956048
0.210205	-0.736084	0.544678	-1.221374	-1.526718	2.335878	9.966381
0.210938	-0.752441	0.547119	-3.114504	0.312977	3.702290	9.976283
0.211914	-0.778809	0.563232	-1.923664	1.511450	3.648855	9.986900
0.202393	-0.783936	0.602783	-1.748092	0.664122	3.312977	9.997008
0.206055	-0.781494	0.601318	-1.030534	0.076336	1.328244	10.007624
0.202393	-0.757080	0.604004	0.183206	-0.694656	1.000000	10.018142
0.202393	-0.753174	0.587158	0.396947	-1.244275	0.687023	10.028575
0.196045	-0.743896	0.600586	-0.129771	-1.931298	-0.351145	10.039086
0.191162	-0.727783	0.577148	-1.366412	-2.229008	0.679389	10.050211
0.199707	-0.737549	0.575928	-1.458015	-0.931298	1.709924	10.060392
0.193848	-0.750000	0.599609	-3.022901	-1.496183	2.786260	10.070579
0.191650	-0.751709	0.585205	-3.061069	-1.152672	3.404580	10.080618
0.188232	-0.758301	0.589600	-3.213740	-0.748092	3.129771	10.090490
0.199707	-0.753662	0.580322	-3.335878	0.206107	3.221374	10.100753
0.192871	-0.750977	0.592773	-2.717557	-0.198473	3.770992	10.111440
0.198242	-0.774414	0.590332	-0.534351	0.007634	3.137405	10.121181
0.196045	-0.768311	0.604736	-0.419847	-0.022901	2.557252	10.130579
0.192383	-0.768311	0.618164	-0.183206	-1.366412	2.328244	10.140617
0.200928	-0.792236	0.599854	-0.580153	-1.572519	1.129771	10.150137
0.187012	-0.813477	0.602295	-4.129771	-1.045802	0.748092	10.159396
0.194092	-0.775391	0.582520	-3.694656	-0.534351	0.786260	10.168519
0.198486	-0.771240	0.587646	-3.702290	-1.190840	1.221374	10.177832
0.205566	-0.787598	0.584717	-5.778626	-0.725191	1.732824	10.187058
0.198242	-0.789307	0.574463	-5.709924	-0.290076	1.541985	10.196428
0.197510	-0.774902	0.592041	-5.801527	0.725191	1.954198	10.205656
0.201416	-0.775391	0.595703	-5.236641	0.847328	2.000000	10.214795
0.197998	-0.777588	0.607178	-4.702290	0.496183	1.801527	10.224014
0.207031	-0.781006	0.590332	-4.725191	0.396947	1.236641	10.233194
0.202148	-0.770264	0.574951	-3.977099	1.022901	1.404580	10.242380
0.198730	-0.799316	0.602051	-2.832061	0.358779	0.671756	10.251483
0.199707	-0.783691	0.594482	-3.732824	-0.656489	-0.519084	10.260634
0.196777	-0.769531	0.581787	-4.603053	-0.900763	-1.290076	10.269801
0.197754	-0.787109	0.600830	-3.427481	-2.572519	-2.305344	10.278957
0.197998	-0.752441	0.570312	-6.587786	-1.832061	-1.297710	10.288207
0.197266	-0.739990	0.561279	-7.633588	-0.778626	0.396947	10.297365
0.200928	-0.755371	0.576416	-7.877863	-0.374046	1.358779	10.306529
0.205566	-0.757812	0.576172	-7.152672	0.717557	2.000000	10.315753
0.200928	-0.763672	0.599854	-9.297710	1.053435	1.954198	10.324916
0.199707	-0.753662	0.602539	-5.931298	0.061069	0.595420	10.334064
0.195312	-0.748291	0.581787	-4.595420	-0.343511	0.900763	10.343266
0.195801	-0.774658	0.581787	-3.335878	-0.641221	0.938931	10.352425
0.195801	-0.763672	0.573975	-2.450382	-0.900763	-0.145038	10.361590
0.189209	-0.787354	0.569824	-5.083969	-0.419847	-0.465649	10.370719
0.201660	-0.743652	0.555176	-4.221374	0.732824	-0.068702	10.379912
0.193848	-0.746094	0.569336	-4.259542	0.824427	0.480916	10.389086
0.208740	-0.761230	0.606689	-11.190840	1.099237	0.801527	10.398207
0.196533	-0.741211	0.561279	-6.809160	-0.007634	-0.564885	10.407456
0.187012	-0.703613	0.555908	-5.572519	0.442748	0.351145	10.416817
0.195312	-0.738770	0.580811	-6.190840	0.839695	2.145038	10.425967
0.199219	-0.761475	0.564941	-4.541985	0.335878	2.015267	10.435177
0.208008	-0.762451	0.564697	-3.961832	1.213740	1.816794	10.444397
0.207764	-0.782715	0.568359	-3.083969	1.167939	0.816794	10.453561
0.192871	-0.771729	0.568359	-2.435115	2.274809	-0.809160	10.462881
0.195068	-0.751221	0.572510	-3.175573	2.251908	-1.267176	10.472156
0.196777	-0.726318	0.549805	-3.862595	2.778626	-0.442748	10.482574
0.191406	-0.731934	0.577881	-3.351145	3.656489	0.618321	10.494579
0.195557	-0.745605	0.586914	-2.832061	2.938931	1.519084	10.504879
0.196045	-0.772949	0.592041	-2.022901	2.748092	0.038168	10.515609
0.192627	-0.750732	0.608887	-2.603053	1.259542	-0.541985	10.526127
0.203369	-0.758789	0.587158	-3.419847	1.053435	-1.030534	10.536430
0.200195	-0.732666	0.592529	-3.473282	1.473282	-0.938931	10.546944
0.199951	-0.744141	0.597656	-3.717557	1.099237	-0.679389	10.557276
0.201172	-0.731445	0.589844	-3.053435	0.595420	0.129771	10.568224
0.196777	-0.743408	0.592773	-2.435115	1.259542	0.465649	10.578241
0.190186	-0.733398	0.596436	-1.854962	1.099237	1.282443	10.588583
0.196777	-0.744873	0.567871	-2.251908	1.671756	1.587786	10.598984
0.188721	-0.741943	0.586914	-3.427481	1.717557	2.435115	10.609947
0.194580	-0.750488	0.570557	-4.534351	1.381679	3.290076	10.620377
0.200439	-0.773193	0.577148	-4.206107	2.938931	3.648855	10.630861
0.197510	-0.787598	0.624023	-2.557252	1.618321	2.732824	10.641376
0.214111	-0.784424	0.592041	-0.954198	1.251908	1.534351	10.651872
0.205811	-0.781738	0.612305	-2.938931	0.458015	0.015267	10.661941
0.208008	-0.784668	0.596191	-3.274809	0.824427	-0.549618	10.672296
0.211914	-0.752930	0.585693	-3.541985	1.068702	0.412214	10.682405
0.208740	-0.766357	0.596436	-2.954198	1.511450	0.427481	10.692523
0.208740	-0.756836	0.601807	-3.091603	2.045802	1.061069	10.702899
0.205566	-0.769287	0.609131	-2.961832	1.763359	0.755725	10.713865
0.198975	-0.759033	0.612793	-3.022901	1.557252	-0.076336	10.723775
0.187256	-0.737305	0.608887	-3.190840	0.992366	-0.007634	10.733210
0.189697	-0.739502	0.597656	-4.251908	0.045802	0.633588	10.742641
0.191406	-0.726807	0.592773	-5.129771	-0.549618	1.969466	10.752908
0.194824	-0.739746	0.562988	-5.496183	0.625954	2.717557	10.762678
0.195312	-0.743408	0.589111	-4.358779	1.022901	2.969466	10.771954
0.205811	-0.769043	0.585938	-4.213740	0.786260	2.938931	10.781122
0.208008	-0.794678	0.596680	-1.992366	1.427481	2.076336	10.790304
0.200195	-0.787354	0.614258	0.068702	1.816794	0.908397	10.799518
0.209229	-0.790527	0.614258	-0.129771	0.923664	0.473282	10.808726
0.201172	-0.812500	0.631348	-0.671756	-0.465649	-1.320611	10.818120
0.204590	-0.757324	0.621826	-1.732824	-1.755725	-1.030534	10.827333
0.199219	-0.771484	0.606201	-2.770992	-1.282443	-0.755725	10.836499
0.209717	-0.749268	0.615479	-3.778626	-1.381679	-0.809160	10.845717
0.199219	-0.732910	0.590820	-4.458015	-1.381679	0.511450	10.854870
0.198730	-0.729736	0.588867	-4.923664	-0.763359	1.412214	10.864022
0.200439	-0.739990	0.583984	-4.366412	-1.954198	2.824427	10.873170
0.197266	-0.765869	0.604736	-4.137405	-0.068702	3.183206	10.882443
0.198242	-0.780029	0.606201	-3.374046	-0.251908	2.374046	10.891580
0.190674	-0.778076	0.609619	-2.625954	-1.343511	1.625954	10.900709
0.190186	-0.795166	0.598145	-2.465649	-2.374046	0.099237	10.909844
0.195068	-0.754150	0.593262	-2.137405	-3.061069	-0.931298	10.918992
0.185059	-0.735596	0.579590	-3.748092	-3.702290	-0.480916	10.928200
0.189209	-0.737549	0.567871	-4.541985	-2.763359	0.511450	10.937360
0.192383	-0.748535	0.570312	-5.839695	-1.854962	2.068702	10.946582
0.195068	-0.744385	0.583740	-6.374046	-0.839695	2.786260	10.955758
0.194824	-0.756104	0.593506	-6.412214	-0.916031	3.160305	10.964965
0.196045	-0.775391	0.586670	-5.984733	-0.625954	2.259542	10.974093
0.196533	-0.760254	0.574219	-5.198473	-0.923664	1.656489	10.983279
0.187744	-0.757080	0.575928	-3.839695	-0.404580	1.358779	10.992621
0.192627	-0.746582	0.580322	-2.610687	-1.190840	1.229008	11.001847
0.193604	-0.762207	0.568604	-1.625954	-0.954198	1.297710	11.011014
0.195312	-0.765137	0.586182	-0.916031	-0.748092	1.206107	11.020232
0.195557	-0.781738	0.578369	-1.053435	-0.748092	0.343511	11.029479
0.199463	-0.773193	0.596924	-1.549618	-1.320611	-0.496183	11.038631
0.196777	-0.754639	0.583496	-3.083969	-1.526718	-0.687023	11.047848
0.195312	-0.749756	0.580566	-4.190840	-1.351145	-0.229008	11.057010
0.186035	-0.735107	0.587158	-4.656489	-0.816794	-0.038168	11.066141
0.183838	-0.730225	0.568359	-5.320611	-0.587786	1.290076	11.075560
0.195312	-0.739014	0.592041	-4.893130	-0.603053	1.832061	11.084711
0.192627	-0.761475	0.582031	-4.755725	-1.244275	3.297710	11.095476
0.199219	-0.776855	0.569580	-3.404580	-0.832061	2.190840	11.107574
0.195068	-0.787598	0.574219	-2.801527	-0.557252	0.717557	11.117779
0.187988	-0.772217	0.574707	-2.694656	-0.312977	-0.572519	11.128573
0.192627	-0.762939	0.572998	-3.259542	-0.038168	-0.572519	11.138841
0.190186	-0.742432	0.571533	-3.297710	0.503817	-0.916031	11.149385
0.182861	-0.732910	0.582031	-3.213740	-0.152672	0.183206	11.159659
0.187744	-0.756348	0.577881	-3.160305	0.709924	0.740458	11.170218
0.195068	-0.743408	0.592285	-3.053435	0.511450	1.038168	11.180464
0.195068	-0.761719	0.590088	-3.045802	0.740458	1.229008	11.190886
0.198242	-0.759521	0.581543	-3.656489	0.793893	1.526718	11.201564
0.204102	-0.770020	0.583984	-3.564885	0.679389	1.312977	11.212219
0.197998	-0.760742	0.588623	-3.977099	0.633588	0.801527	11.222920
0.199951	-0.743408	0.590332	-2.770992	1.038168	0.595420	11.233502
0.195068	-0.749268	0.609619	-3.335878	0.122137	1.229008	11.243533
0.202148	-0.756348	0.589111	-3.198473	-0.351145	0.977099	11.253988
0.199463	-0.765869	0.608154	-2.625954	-0.106870	0.992366	11.264324
0.203369	-0.774170	0.594727	-3.053435	-1.030534	0.633588	11.274880
0.194824	-0.767578	0.597412	-3.389313	-0.938931	0.374046	11.285111
0.191895	-0.771484	0.589111	-3.732824	-1.854962	0.259542	11.295579
0.191162	-0.766357	0.579834	-4.190840	-1.106870	-0.297710	11.305994
0.188477	-0.756348	0.576660	-4.480916	-0.335878	-0.381679	11.316383
0.190430	-0.760254	0.580078	-3.839695	0.320611	-0.366412	11.326884
0.188477	-0.745361	0.583984	-3.198473	0.717557	0.206107	11.337412
0.183838	-0.755859	0.579834	-2.961832	1.274809	0.664122	11.347772
0.194336	-0.760254	0.591064	-3.114504	1.015267	0.572519	11.357895
0.196045	-0.764160	0.588867	-3.366412	2.000000	0.045802	11.367601
0.199463	-0.745117	0.590820	-5.030534	2.381679	0.389313	11.377544
0.198975	-0.745361	0.596680	-5.305344	2.236641	0.175573	11.388061
0.197754	-0.736816	0.609131	-4.923664	0.954198	0.862595	11.398139
0.213135	-0.752930	0.603027	-3.709924	0.946565	0.885496	11.408644
0.211182	-0.761963	0.624512	-2.167939	-0.061069	0.854962	11.419344
0.213135	-0.774170	0.614258	-0.954198	-0.984733	-0.251908	11.429637
0.211182	-0.755615	0.607910	-0.839695	-1.450382	-0.824427	11.440142
0.211182	-0.752930	0.592285	0.106870	-0.961832	-0.137405	11.450233
0.202393	-0.744873	0.602539	-1.251908	-0.366412	1.213740	11.460580
0.203613	-0.740234	0.590088	-4.931298	-0.977099	1.648855	11.471198
0.196777	-0.741943	0.605469	-5.061069	-2.160305	2.618321	11.481489
0.198486	-0.771484	0.594482	-5.946565	-2.450382	2.412214	11.491771
0.201416	-0.750977	0.607178	-5.183206	-2.465649	2.320611	11.501827
0.196289	-0.774414	0.588867	-4.786260	-2.740458	1.709924	11.512013
0.190430	-0.753174	0.580566	-4.381679	-2.740458	1.297710	11.522766
0.191406	-0.747314	0.585938	-2.877863	-3.007634	1.610687	11.533194
0.187744	-0.748291	0.574219	-2.198473	-3.038168	1.938931	11.543736
0.193848	-0.764160	0.570068	-2.137405	-2.427481	2.160305	11.554008
0.187988	-0.776855	0.576172	-2.198473	-1.900763	1.679389	11.563874
0.185791	-0.768311	0.576172	-2.534351	-2.404580	1.610687	11.574661
0.181641	-0.773682	0.577881	-3.007634	-1.931298	1.152672	11.584935
0.186523	-0.765137	0.582764	-3.763359	-2.206107	0.549618	11.595270
0.177734	-0.757324	0.565674	-4.343511	-2.419847	0.335878	11.605689
0.159180	-0.733643	0.561279	-5.129771	-1.633588	1.251908	11.615973
0.171875	-0.736328	0.576172	-4.404580	-0.938931	2.213740	11.626436
0.185791	-0.757812	0.558838	-3.938931	-0.038168	2.931298	11.636792
0.187012	-0.767578	0.564697	-3.022901	0.709924	3.366412	11.646772
0.188721	-0.798828	0.555420	0.076336	2.557252	2.366412	11.657101
0.188721	-0.781494	0.580566	-1.648855	3.534351	1.419847	11.667373
0.191162	-0.793457	0.573730	-3.465649	1.832061	-0.267176	11.678061
0.183838	-0.763184	0.577881	-5.038168	2.038168	-0.236641	11.688343
0.180664	-0.761230	0.581055	-6.625954	2.145038	-0.175573	11.698639
0.194092	-0.756348	0.585693	-8.129771	1.893130	-0.358779	11.708891
0.188477	-0.752441	0.604980	-8.312977	1.328244	-0.503817	11.720216
0.196045	-0.768555	0.573242	-7.480916	0.854962	-0.282443	11.733494
0.201172	-0.759033	0.578369	-5.862595	1.312977	-0.396947	11.743046
0.194824	-0.767822	0.590332	-4.984733	0.946565	-1.000000	11.754227
0.195312	-0.744141	0.564209	-4.229008	0.534351	-1.297710	11.764228
0.191406	-0.770752	0.595215	-1.603053	-0.702290	-0.610687	11.774762
0.188232	-0.765137	0.604004	-1.259542	-0.679389	-1.045802	11.785235
0.191650	-0.768066	0.566650	-1.824427	-1.427481	-1.770992	11.795356
0.190186	-0.747070	0.560059	-3.145038	-0.725191	-0.893130	11.805717
0.187744	-0.743408	0.556641	-3.755725	0.106870	-0.190840	11.815939
0.182373	-0.754639	0.572754	-4.709924	1.511450	0.801527	11.826825
0.192627	-0.749268	0.577148	-4.854962	2.061069	0.969466	11.837438
0.192627	-0.762939	0.608398	-3.358779	2.641221	0.809160	11.847834
0.192139	-0.775879	0.621582	-1.618321	0.740458	-0.381679	11.858571
0.193604	-0.745605	0.586182	-0.519084	0.549618	-1.198473	11.868806
0.193359	-0.750488	0.581543	-0.687023	0.473282	-0.740458	11.879573
0.192871	-0.754150	0.586914	0.473282	0.938931	-0.473282	11.889943
0.195068	-0.745850	0.593018	-0.778626	0.786260	0.267176	11.900334
0.191650	-0.763428	0.586426	-2.267176	0.244275	0.832061	11.910684
0.197021	-0.773682	0.595947	-2.122137	0.793893	0.442748	11.921017
0.196045	-0.779541	0.578369	-2.648855	1.000000	0.534351	11.931495
0.193115	-0.788330	0.577393	-2.900763	2.129771	-0.106870	11.941706
0.195801	-0.767822	0.588379	-2.534351	3.335878	-0.877863	11.951901
0.196777	-0.775635	0.602295	-2.297710	2.259542	-0.763359	11.962447
0.195312	-0.772949	0.597900	-1.160305	1.793893	-2.007634	11.972695
0.188232	-0.750488	0.596436	-1.183206	1.412214	-1.900763	11.983376
0.188721	-0.750732	0.598389	-0.961832	1.251908	-1.618321	11.993592
0.189697	-0.753418	0.584229	-1.885496	1.000000	-0.954198	12.003825
0.193848	-0.749512	0.588623	-1.908397	2.106870	-0.748092	12.013608
0.189209	-0.753418	0.596924	-3.687023	2.022901	-0.465649	12.023766
0.195557	-0.748291	0.602783	-4.519084	3.099237	-0.190840	12.034364
0.199463	-0.755615	0.594971	-6.106870	2.877863	1.267176	12.044703
0.201172	-0.774414	0.625488	-4.832061	2.793893	0.755725	12.054906
0.197998	-0.784668	0.626709	-4.381679	1.175573	-0.358779	12.065181
0.201660	-0.761963	0.611572	-2.977099	0.717557	-1.839695	12.075587
0.195312	-0.746338	0.598389	-2.206107	0.343511	-1.770992	12.085928
0.190186	-0.726807	0.612793	-2.366412	0.038168	-0.793893	12.096373
0.190674	-0.724365	0.601074	-4.717557	-0.664122	0.587786	12.106620
0.194824	-0.721191	0.590576	-4.030534	-0.603053	1.053435	12.117102
0.196289	-0.742432	0.597656	-4.267176	-0.587786	2.167939	12.127277
0.197754	-0.749268	0.580322	-4.427481	-0.458015	1.465649	12.137945
0.189941	-0.758545	0.601807	-4.381679	-0.732824	0.832061	12.148156
0.197754	-0.756836	0.596924	-5.305344	-1.412214	0.198473	12.158624
0.199951	-0.745850	0.563477	-5.007634	-1.122137	0.290076	12.168959
0.203125	-0.735840	0.573975	-5.221374	-0.442748	0.793893	12.179700
0.192383	-0.736084	0.593994	-4.427481	-0.480916	1.244275	12.190029
0.197266	-0.752441	0.576172	-3.541985	0.076336	1.488550	12.200257
0.194336	-0.746338	0.577148	-2.687023	0.427481	1.519084	12.210179
0.188477	-0.758057	0.581055	-2.282443	0.404580	1.519084	12.220773
0.200195	-0.753662	0.579346	-1.824427	0.290076	1.328244	12.231071
0.193115	-0.770752	0.585205	-2.366412	0.564885	1.206107	12.241633
0.191895	-0.770508	0.591553	-3.412214	0.236641	-0.137405	12.251663
0.192139	-0.745605	0.589844	-4.068702	0.053435	-0.503817	12.262321
0.195312	-0.750244	0.586670	-4.351145	0.274809	0.045802	12.272873
0.201416	-0.744141	0.591064	-4.061069	0.442748	0.396947	12.282863
0.201416	-0.749023	0.588623	-2.000000	0.648855	0.519084	12.293551
0.193848	-0.750977	0.593750	-2.290076	-0.213740	0.473282	12.303794
0.205078	-0.759521	0.585938	-2.404580	0.190840	1.458015	12.314035
0.200439	-0.766113	0.591797	-1.572519	0.122137	1.374046	12.324328
0.199951	-0.751953	0.584961	-0.656489	1.213740	1.519084	12.334888
0.197754	-0.754883	0.598389	-1.442748	0.740458	1.030534	12.345465
0.196289	-0.740234	0.592529	-0.251908	1.206107	1.198473	12.356090
0.196533	-0.745850	0.606445	-0.984733	0.076336	1.022901	12.366149
0.204590	-0.758545	0.607422	-0.175573	-1.290076	-0.274809	12.376723
0.198486	-0.749512	0.615234	0.748092	-2.595420	-1.656489	12.387354
0.198242	-0.734619	0.609131	2.755725	-1.251908	-1.297710	12.397705
0.198730	-0.726074	0.602051	3.916031	-0.717557	-0.274809	12.408034
0.199219	-0.722168	0.602295	4.007634	-1.396947	0.625954	12.418405
0.190186	-0.732910	0.608643	3.954198	-0.732824	0.931298	12.429088
0.180908	-0.744141	0.611816	6.213740	-0.625954	1.068702	12.439523
0.175537	-0.685303	0.618164	-1.893130	-1.305344	2.656489	12.450108
0.187256	-0.667969	0.567871	-5.587786	-2.679389	1.580153	12.460396
0.165771	-0.746582	0.612793	-5.045802	-2.206107	4.442748	12.470948
0.173340	-0.750732	0.614990	-4.106870	-1.824427	4.458015	12.481820
0.184814	-0.756592	0.600830	-2.877863	-2.030534	4.389313	12.491806
0.187500	-0.760742	0.591553	1.809160	0.343511	4.244275	12.502798
0.187744	-0.725342	0.579102	0.213740	-2.091603	2.427481	12.512969
0.191406	-0.755371	0.566895	-0.564885	-1.465649	3.862595	12.522987
0.187256	-0.810303	0.579102	-2.198473	-0.809160	2.106870	12.533463
0.190674	-0.809570	0.601807	-1.290076	-0.839695	0.839695	12.543608
0.188232	-0.804443	0.583008	-5.259542	-0.961832	-0.366412	12.554053
0.198730	-0.787842	0.577148	-6.366412	-0.503817	-0.450382	12.564067
0.192139	-0.773193	0.583496	-6.839695	0.465649	-0.335878	12.574714
0.202881	-0.761719	0.585693	-5.152672	1.038168	-0.511450	12.585336
0.182129	-0.765381	0.596924	-4.297710	1.312977	-0.167939	12.595939
0.190430	-0.764893	0.602295	-2.854962	1.038168	-0.618321	12.606154
0.184082	-0.764160	0.594238	-2.198473	1.480916	-0.389313	12.616753
0.189941	-0.760986	0.592529	-2.381679	1.893130	-0.709924	12.627169
0.181641	-0.762207	0.605713	-3.221374	2.358779	-0.984733	12.637392
0.192383	-0.745361	0.612549	-4.885496	2.221374	-1.022901	12.647379
0.189697	-0.735107	0.622803	-5.122137	1.984733	-0.305344	12.657069
0.197510	-0.739258	0.621826	-4.099237	1.687023	-0.053435	12.666540
0.202881	-0.746582	0.636475	-2.145038	1.679389	-0.167939	12.677943
0.203613	-0.721436	0.615723	-1.343511	1.557252	-0.206107	12.688320
0.198975	-0.730225	0.605225	0.221374	2.160305	0.923664	12.698664
0.203613	-0.738525	0.583740	0.045802	3.122137	1.091603	12.709055
0.199951	-0.738770	0.582031	0.320611	4.870229	1.458015	12.719231
0.184570	-0.776611	0.617676	0.526718	4.396947	0.404580	12.729856
0.188721	-0.761963	0.611572	-0.671756	2.160305	-0.480916	12.740146
0.206543	-0.773682	0.587402	-1.702290	1.198473	-1.847328	12.750785
0.191650	-0.707031	0.610352	0.190840	1.641221	-2.320611	12.761125
0.184326	-0.751221	0.634766	-1.274809	1.297710	-1.717557	12.771531
