0.243896	-0.982178	-0.098389	-1.305344	-0.648855	1.809160	0.008797
0.247559	-0.991211	-0.086182	-0.824427	-0.809160	1.603053	0.019066
0.248779	-0.992676	-0.096680	-0.679389	-0.389313	1.320611	0.029439
0.241211	-0.986816	-0.085938	-1.312977	-0.587786	0.603053	0.039575
0.247803	-0.999512	-0.087891	-0.572519	-0.908397	-0.076336	0.049697
0.243408	-0.991211	-0.095215	-0.106870	-0.671756	-0.564885	0.059853
0.245361	-0.986084	-0.082275	0.068702	-0.793893	-0.458015	0.070294
0.242188	-0.982178	-0.097168	-1.938931	-1.251908	-0.389313	0.080709
0.249023	-1.005127	-0.094727	-1.595420	-0.656489	0.427481	0.090818
0.250000	-0.993896	-0.104492	-0.725191	-1.343511	1.267176	0.100948
0.243408	-0.985840	-0.091553	-1.435115	-0.687023	1.603053	0.111118
0.245605	-0.989746	-0.090820	-1.557252	-1.145038	0.633588	0.121166
0.253662	-0.986084	-0.105957	-1.671756	-0.167939	0.648855	0.131237
0.254395	-0.992188	-0.098877	-1.343511	0.557252	0.664122	0.141336
0.248535	-0.985352	-0.100586	-1.297710	1.862595	0.198473	0.151439
0.239746	-0.992676	-0.093506	-0.603053	2.251908	-0.328244	0.161625
0.246338	-0.988525	-0.102295	-0.328244	1.854962	-0.053435	0.171722
0.243652	-0.988525	-0.102051	-0.687023	1.419847	-0.152672	0.181873
0.246826	-0.988525	-0.098389	-0.854962	0.427481	-0.045802	0.192178
0.249756	-0.988281	-0.093262	-1.503817	-0.328244	0.519084	0.202234
0.249512	-0.966553	-0.090576	-1.961832	-0.748092	1.038168	0.212392
0.249023	-0.984375	-0.095215	-1.534351	-1.053435	0.923664	0.222439
0.244385	-0.993896	-0.098877	-1.114504	0.038168	0.801527	0.232500
0.243896	-0.986572	-0.110352	-1.053435	0.786260	1.000000	0.242568
0.251221	-0.982178	-0.097656	-0.427481	1.274809	0.488550	0.252679
0.248047	-0.977051	-0.103027	-1.007634	1.786260	-0.412214	0.262794
0.250977	-0.986816	-0.107910	-1.267176	1.442748	-0.557252	0.272969
0.258789	-0.982422	-0.096680	-1.793893	1.381679	-0.114504	0.283059
0.246338	-0.981201	-0.093262	-1.526718	1.618321	-0.206107	0.295319
0.242676	-0.988770	-0.089355	-1.015267	1.076336	0.480916	0.306372
0.255615	-0.999512	-0.085693	-0.099237	-0.435115	1.190840	0.317671
0.257080	-0.990234	-0.083008	0.358779	0.106870	0.328244	0.330225
0.239990	-0.989258	-0.103271	-1.030534	1.389313	0.938931	0.341755
0.252930	-0.977295	-0.095703	-1.709924	1.007634	-0.053435	0.353443
0.241455	-0.986328	-0.101562	-2.251908	2.358779	-0.824427	0.364882
0.239502	-0.987793	-0.100586	-2.549618	2.221374	-0.404580	0.376523
0.237793	-0.987549	-0.087891	-1.236641	1.916031	-0.167939	0.388439
0.240723	-0.988281	-0.086182	-0.412214	2.259542	0.496183	0.399628
0.247070	-0.979980	-0.084717	-0.816794	1.549618	0.916031	0.411217
0.244385	-0.968994	-0.083740	-1.519084	1.671756	0.610687	0.422913
0.242676	-0.991455	-0.105469	-2.519084	1.725191	0.366412	0.434567
0.246826	-0.987305	-0.107910	-2.618321	1.862595	0.114504	0.445921
0.234619	-1.003174	-0.102539	-2.251908	2.167939	-0.801527	0.457507
0.244629	-0.992188	-0.090820	-0.755725	2.068702	-1.160305	0.469012
0.237549	-0.997070	-0.072266	0.038168	2.137405	-1.106870	0.480736
0.237061	-0.982178	-0.069824	1.015267	2.068702	-0.259542	0.492210
0.235840	-0.982910	-0.076416	1.625954	2.427481	0.854962	0.503231
0.242188	-0.983643	-0.076904	1.625954	2.679389	1.763359	0.514287
0.239014	-0.983154	-0.075928	0.862595	2.603053	2.061069	0.526209
0.248047	-0.988770	-0.074707	0.893130	2.229008	1.503817	0.538740
0.241943	-0.973633	-0.071777	0.885496	1.625954	0.862595	0.550073
0.239502	-0.982666	-0.075684	1.946565	3.175573	0.465649	0.561589
0.239258	-0.983643	-0.072021	0.221374	3.419847	0.458015	0.573114
0.236328	-0.981201	-0.070557	-0.381679	2.633588	0.587786	0.584874
0.243408	-0.974121	-0.067871	-0.068702	1.381679	0.290076	0.596495
0.236816	-0.975830	-0.066895	-1.908397	0.351145	0.770992	0.607984
0.246338	-1.004639	-0.077148	-0.954198	0.603053	1.374046	0.619427
0.246094	-0.979248	-0.064209	-0.099237	-0.274809	1.870229	0.631137
0.247070	-0.986816	-0.078857	-1.091603	0.167939	1.526718	0.642659
0.245361	-0.984619	-0.078613	-1.190840	0.877863	0.694656	0.653831
0.241211	-0.996826	-0.083984	-1.786260	1.534351	0.412214	0.666214
0.239502	-0.970215	-0.067871	-1.709924	1.748092	0.137405	0.678754
0.235107	-0.990479	-0.075195	-1.763359	0.748092	-0.496183	0.690674
0.243408	-0.985352	-0.077881	-0.938931	0.198473	-0.297710	0.702264
0.242432	-0.984863	-0.076172	-0.450382	-0.229008	-0.015267	0.713760
0.237061	-0.994629	-0.061523	-1.305344	-0.396947	0.473282	0.725562
0.240234	-0.995605	-0.071289	-2.076336	-0.305344	0.923664	0.737481
0.237305	-0.987793	-0.075928	-2.618321	-0.519084	0.694656	0.748922
0.245850	-0.989014	-0.071045	-2.641221	-0.320611	1.931298	0.760407
0.246582	-0.992920	-0.072998	-2.213740	0.305344	0.076336	0.772128
0.246094	-0.984619	-0.066162	-1.465649	0.030534	-0.160305	0.783940
0.252197	-0.985596	-0.064697	-1.274809	0.961832	-0.290076	0.795370
0.249268	-0.976562	-0.076416	-0.984733	1.458015	-0.122137	0.806810
0.241699	-0.986084	-0.070801	-0.816794	1.778626	-0.312977	0.817744
0.245117	-0.981201	-0.079346	-1.053435	1.740458	-0.335878	0.829267
0.235352	-0.973145	-0.083740	-2.190840	1.160305	-0.198473	0.840992
0.241699	-0.983887	-0.070801	-3.137405	0.305344	-0.458015	0.852575
0.237549	-0.989502	-0.077637	-3.190840	0.633588	0.328244	0.864478
0.235596	-0.979736	-0.089600	-3.236641	0.259542	0.488550	0.875642
0.232422	-0.973145	-0.085693	-3.549618	0.664122	-0.030534	0.887694
0.243896	-0.980469	-0.087158	-2.709924	1.183206	-0.290076	0.898764
0.234619	-0.963379	-0.081055	-2.946565	1.503817	-0.221374	0.910497
0.234131	-0.961426	-0.079834	-1.992366	1.618321	-0.465649	0.922271
0.234619	-0.954346	-0.074951	-5.893130	1.648855	-0.984733	0.933939
0.240234	-0.968018	-0.098389	-7.511450	1.290076	-0.961832	0.945142
0.242188	-0.975830	-0.099365	-8.297710	1.129771	-0.015267	0.956518
0.246338	-0.966797	-0.103760	-8.206107	1.076336	-2.152672	0.967347
0.247803	-0.977051	-0.078125	-6.572519	1.015267	-2.442748	0.977790
0.254883	-0.977783	-0.077148	-4.938931	1.641221	-2.259542	0.988548
0.249756	-0.980469	-0.063232	-3.259542	2.251908	-1.534351	0.998846
0.244629	-0.989502	-0.076660	-2.305344	2.419847	-1.068702	1.009167
0.256836	-0.987061	-0.074463	-2.167939	2.312977	-0.755725	1.019475
0.248291	-0.981445	-0.086182	-3.694656	2.160305	-0.595420	1.029911
0.257324	-0.982422	-0.083496	-4.786260	1.694656	-0.679389	1.040061
0.251709	-0.987549	-0.086670	-5.664122	1.358779	-0.572519	1.050157
0.258789	-0.986328	-0.086426	-6.267176	1.267176	-0.473282	1.060339
0.261230	-0.999023	-0.065186	-4.503817	1.992366	0.122137	1.071323
0.257080	-0.990479	-0.074707	-2.946565	2.862595	1.442748	1.083280
0.249268	-0.995117	-0.080322	-2.167939	2.610687	1.503817	1.094476
0.259277	-1.009277	-0.076660	-1.007634	2.519084	0.717557	1.105482
0.266113	-0.990479	-0.085938	-0.458015	1.725191	0.633588	1.116393
0.279541	-0.992432	-0.088379	-1.480916	1.442748	0.282443	1.127666
0.272461	-0.997314	-0.078857	-1.938931	0.969466	-0.160305	1.139255
0.266357	-1.000488	-0.080322	-2.312977	1.083969	0.648855	1.150679
0.252441	-0.995850	-0.089844	-2.908397	1.450382	0.030534	1.161018
0.245361	-1.000977	-0.097900	-3.007634	1.877863	-0.053435	1.171129
0.256592	-0.989258	-0.092529	-2.099237	2.236641	0.251908	1.181561
0.246338	-0.987549	-0.093262	-1.038168	2.328244	0.603053	1.191738
0.252197	-0.983154	-0.097168	-0.633588	2.664122	0.366412	1.202925
0.253174	-0.985840	-0.085449	-0.755725	2.656489	0.396947	1.214351
0.257568	-0.990479	-0.084229	-0.633588	2.267176	0.167939	1.226052
0.250244	-0.984375	-0.083008	-1.351145	2.427481	0.358779	1.238251
0.245361	-0.986816	-0.092041	-0.816794	2.595420	-0.030534	1.250776
0.244141	-0.998047	-0.083496	0.358779	2.236641	-0.190840	1.261898
0.240967	-0.998047	-0.091553	0.916031	1.992366	-0.290076	1.273524
0.242920	-0.991455	-0.076904	0.610687	2.343511	0.305344	1.284638
0.243408	-0.977783	-0.082520	0.946565	2.229008	0.435115	1.296514
0.245605	-0.984375	-0.077637	0.305344	1.335878	0.587786	1.308214
0.254883	-0.976074	-0.076904	0.114504	1.236641	0.839695	1.319380
0.248047	-0.973145	-0.069336	-1.007634	1.534351	0.946565	1.330895
0.251465	-0.977295	-0.076172	-1.587786	2.076336	-0.022901	1.342660
0.234131	-0.979004	-0.080322	-1.610687	2.763359	-0.320611	1.354730
0.263672	-0.976562	-0.070312	-0.404580	3.030534	-0.687023	1.366667
0.246826	-0.972656	-0.060791	0.091603	3.320611	-0.282443	1.378342
0.245605	-0.986816	-0.072998	-0.015267	2.374046	-0.465649	1.390337
0.243164	-0.979980	-0.066650	-0.419847	1.641221	0.015267	1.401652
0.262207	-0.983887	-0.065918	-1.656489	1.038168	-0.259542	1.412653
0.245850	-0.985107	-0.068115	-1.648855	1.244275	0.229008	1.424140
0.242676	-0.978516	-0.052734	-0.900763	1.236641	0.229008	1.436101
0.240234	-0.980713	-0.072998	-0.427481	2.389313	1.129771	1.447548
0.249023	-0.978516	-0.070801	0.045802	2.129771	0.893130	1.459403
0.237305	-0.975098	-0.051758	-0.885496	2.381679	1.053435	1.471127
0.246094	-0.982666	-0.066650	-1.351145	1.114504	1.038168	1.482718
0.261230	-0.991699	-0.067627	-1.870229	0.358779	0.885496	1.494186
0.258789	-0.989502	-0.065918	-1.916031	-0.274809	1.007634	1.505978
0.253174	-0.994385	-0.061523	-1.778626	0.015267	1.068702	1.517596
0.253662	-0.990967	-0.058838	-0.877863	-0.328244	0.778626	1.529214
0.248291	-0.984863	-0.060547	-0.900763	-0.755725	0.412214	1.540573
0.245117	-0.982422	-0.077393	-1.305344	-0.847328	0.068702	1.552458
0.250977	-0.977783	-0.068359	-2.236641	-0.442748	-0.091603	1.563966
0.248779	-0.983643	-0.063232	-2.717557	-0.175573	0.213740	1.575485
0.256348	-0.985107	-0.063232	-2.809160	-0.267176	0.229008	1.586973
0.257324	-0.994629	-0.062256	-2.404580	-0.335878	0.427481	1.598730
0.255371	-0.998779	-0.075439	-2.122137	-0.496183	0.870229	1.610230
0.255859	-0.994385	-0.062744	-1.893130	-0.824427	0.580153	1.621866
0.252197	-0.997070	-0.073486	-1.122137	-1.022901	0.656489	1.633187
0.263916	-0.987549	-0.076660	-0.091603	-1.236641	0.267176	1.644296
0.253174	-0.984619	-0.074707	-0.374046	-0.175573	0.793893	1.656076
0.253662	-0.978271	-0.071777	-0.755725	-0.083969	-0.419847	1.667972
0.250488	-0.981689	-0.063232	-1.648855	0.603053	-0.412214	1.679696
0.243408	-0.985107	-0.079346	-2.366412	1.305344	-0.297710	1.691309
0.250488	-0.979736	-0.089844	-1.755725	1.061069	-0.564885	1.702991
0.244873	-0.973145	-0.082520	-1.732824	0.366412	-0.564885	1.715400
0.251953	-0.970215	-0.067871	-2.480916	-0.358779	-0.793893	1.727006
0.258545	-0.975830	-0.074219	-3.038168	-1.114504	-1.251908	1.742994
0.255371	-0.985352	-0.077393	-3.106870	-0.152672	-1.442748	1.754843
0.249512	-0.981201	-0.077148	-2.954198	0.694656	-0.503817	1.766443
0.246338	-0.979248	-0.074463	-3.083969	0.977099	-0.038168	1.777785
0.240723	-0.980225	-0.075439	-2.580153	0.625954	0.145038	1.789287
0.246338	-0.979980	-0.086670	-2.091603	-0.396947	0.404580	1.800960
0.254639	-0.970947	-0.073242	-1.809160	-0.862595	0.412214	1.812492
0.259033	-0.969727	-0.068115	-2.496183	-1.137405	0.351145	1.824133
0.246826	-0.976074	-0.066895	-2.824427	-0.572519	0.877863	1.835625
0.255127	-0.988281	-0.070557	-2.030534	0.343511	1.175573	1.847061
0.250488	-0.980713	-0.069580	-1.725191	0.946565	1.328244	1.859047
0.245605	-0.981445	-0.069336	-1.702290	1.213740	0.862595	1.870617
0.247803	-0.984375	-0.072510	-1.648855	0.534351	1.045802	1.882114
0.249512	-0.989990	-0.066895	-1.709924	0.152672	1.251908	1.893665
0.248291	-0.974121	-0.080322	-2.358779	-1.122137	1.160305	1.905631
0.257812	-0.979248	-0.069336	-2.625954	-1.381679	0.526718	1.917251
0.260498	-0.982666	-0.080078	-3.816794	-1.328244	-0.618321	1.928809
0.259521	-0.995117	-0.062988	-3.595420	-0.129771	-0.152672	1.940402
0.247803	-0.985107	-0.075439	-4.106870	1.167939	-0.122137	1.952221
0.223633	-0.985107	-0.066162	-1.664122	2.580153	-0.961832	1.963906
0.252441	-1.003662	-0.082031	-1.351145	1.656489	-0.519084	1.975563
0.252197	-0.981445	-0.078125	-1.442748	1.709924	0.709924	1.987036
0.253906	-0.973389	-0.078857	-1.450382	0.305344	-0.068702	1.998960
0.252197	-0.985352	-0.083008	-1.557252	0.946565	0.206107	2.010253
0.237793	-0.992188	-0.069824	-1.816794	1.152672	0.572519	2.022030
0.251221	-0.995361	-0.064453	-1.984733	1.198473	0.519084	2.033579
0.251465	-0.999268	-0.075928	-2.458015	2.045802	0.824427	2.045339
0.248291	-0.982666	-0.075195	-2.229008	1.916031	0.152672	2.057517
0.245605	-0.984375	-0.070557	-2.038168	1.954198	1.931298	2.069340
0.240967	-0.979980	-0.072754	-1.816794	1.099237	-0.366412	2.081197
0.245361	-0.975830	-0.067383	-2.465649	1.129771	-0.519084	2.092894
0.247070	-0.979492	-0.074707	-2.984733	0.603053	-0.786260	2.104978
0.251709	-0.979736	-0.070068	-3.259542	0.320611	-0.610687	2.116893
0.244141	-0.975342	-0.067871	-3.198473	0.297710	-0.328244	2.128504
0.248779	-0.974121	-0.062988	-3.221374	0.396947	-0.137405	2.140268
0.252197	-0.977539	-0.073242	-2.893130	0.358779	-0.183206	2.151893
0.254150	-0.980957	-0.070312	-2.290076	0.862595	-0.366412	2.163612
0.254883	-0.977539	-0.061523	-2.381679	1.198473	0.229008	2.175021
0.249756	-0.979492	-0.061279	-2.328244	1.068702	0.541985	2.186902
0.249756	-0.995850	-0.074707	-2.022901	1.000000	0.625954	2.198746
0.247559	-0.983154	-0.071045	-1.992366	0.030534	0.679389	2.210255
0.250732	-0.973877	-0.075195	-2.389313	-0.496183	1.343511	2.221285
0.254639	-0.971924	-0.070312	-2.664122	-0.610687	1.335878	2.231412
0.265869	-0.972412	-0.060059	-2.526718	-0.709924	1.725191	2.241592
0.252686	-0.979980	-0.068604	-2.549618	0.038168	1.908397	2.251690
0.254150	-0.989990	-0.055908	-2.648855	0.473282	1.412214	2.261876
0.250000	-0.984863	-0.070068	-2.641221	0.366412	1.145038	2.271826
0.248535	-0.978271	-0.075195	-3.122137	0.503817	0.709924	2.281959
0.250488	-0.987793	-0.065186	-3.038168	-0.274809	0.335878	2.292128
0.251465	-0.984863	-0.070801	-3.137405	-0.900763	0.343511	2.302363
0.256592	-0.989258	-0.068604	-2.648855	-1.328244	0.870229	2.312322
0.255127	-0.986084	-0.072510	-2.709924	-1.290076	1.656489	2.322470
0.250000	-0.980225	-0.079346	-2.480916	-0.977099	1.702290	2.332329
0.255127	-0.980225	-0.078125	-1.847328	-0.793893	1.351145	2.342373
0.254883	-0.988525	-0.078125	-1.755725	0.152672	0.954198	2.352384
0.257812	-0.984619	-0.068359	-2.183206	0.511450	1.236641	2.362662
0.253174	-0.988525	-0.077637	-2.671756	1.343511	1.015267	2.372712
0.253906	-0.990723	-0.070801	-2.564885	1.297710	0.938931	2.382858
0.261475	-0.989746	-0.083496	-1.992366	0.740458	0.671756	2.392853
0.253906	-0.984375	-0.068604	-2.152672	0.206107	0.641221	2.403081
0.259766	-0.987549	-0.071533	-2.206107	-0.106870	0.946565	2.413095
0.249268	-0.988281	-0.067627	-2.175573	-0.213740	0.832061	2.423130
0.249023	-0.984863	-0.076660	-1.374046	0.206107	0.748092	2.433083
0.251709	-0.980225	-0.071045	-1.580153	0.236641	0.511450	2.443116
0.247559	-0.980469	-0.077637	-2.083969	0.664122	0.442748	2.453455
0.250977	-0.976074	-0.068604	-3.496183	1.267176	0.557252	2.463594
0.245605	-0.979736	-0.070312	-4.755725	1.335878	0.267176	2.473606
0.253662	-0.980957	-0.073242	-5.160305	1.137405	-0.358779	2.483762
0.247559	-0.987061	-0.076660	-4.412214	1.114504	-0.244275	2.493753
0.264404	-0.989258	-0.076172	-3.290076	0.847328	-0.122137	2.504028
0.252930	-0.988281	-0.072266	-2.366412	0.618321	-0.274809	2.513820
0.259277	-0.986328	-0.074219	-1.877863	0.068702	-0.251908	2.523945
0.255615	-0.977295	-0.068115	-1.908397	-0.145038	-0.259542	2.534040
0.253906	-0.997803	-0.068115	-2.763359	-0.091603	0.083969	2.544058
0.248535	-0.977051	-0.076416	-3.526718	-0.045802	0.404580	2.554334
0.254395	-0.985352	-0.060791	-3.328244	0.603053	0.496183	2.564529
0.254883	-0.971436	-0.067383	-2.885496	0.725191	0.977099	2.574464
0.247803	-0.968994	-0.069824	-2.816794	1.427481	0.793893	2.584134
0.253418	-0.981689	-0.080322	-2.282443	1.526718	1.000000	2.594344
0.256592	-0.970215	-0.086670	-2.076336	1.534351	0.809160	2.604750
0.239258	-0.980713	-0.070557	-2.290076	1.274809	0.679389	2.614643
0.244873	-0.984131	-0.072266	-2.343511	0.610687	0.396947	2.624763
0.245361	-0.985596	-0.072266	-3.038168	0.022901	0.862595	2.634615
0.248047	-0.984375	-0.072021	-2.969466	-0.458015	1.091603	2.644810
0.251465	-0.975342	-0.070801	-3.083969	-0.877863	1.221374	2.655237
0.247803	-0.996338	-0.076416	-2.664122	-0.702290	1.534351	2.665468
0.252197	-0.982666	-0.079346	-2.404580	-0.145038	1.572519	2.675704
0.251709	-0.981934	-0.090088	-2.305344	0.114504	1.374046	2.685911
0.250244	-0.984131	-0.083740	-2.229008	0.778626	0.984733	2.695785
0.250000	-0.988037	-0.072266	-1.954198	0.916031	0.603053	2.706237
0.254395	-0.988037	-0.079834	-1.679389	1.175573	0.480916	2.716637
0.252686	-0.987061	-0.079346	-1.633588	1.000000	0.786260	2.726631
0.251465	-0.979004	-0.076416	-1.473282	0.862595	1.229008	2.736677
0.252686	-0.990234	-0.073975	-1.748092	0.908397	1.389313	2.746948
0.246094	-0.985596	-0.070557	-1.854962	0.297710	1.801527	2.757379
0.243652	-0.985840	-0.073242	-2.000000	0.786260	2.068702	2.767581
0.247803	-0.982666	-0.072754	-1.526718	0.625954	1.496183	2.777532
0.248535	-0.981689	-0.070557	-1.541985	0.312977	1.717557	2.787532
0.251953	-0.984863	-0.070801	-2.000000	0.389313	1.549618	2.797557
0.255615	-0.990723	-0.078125	-3.000000	0.473282	1.091603	2.807909
0.257812	-0.984131	-0.076416	-3.175573	0.381679	0.877863	2.817890
0.257568	-0.994629	-0.071289	-2.854962	1.030534	1.091603	2.828260
0.252930	-0.992188	-0.070312	-2.068702	0.755725	1.015267	2.839536
0.247803	-0.986816	-0.077881	-1.442748	0.541985	0.725191	2.851342
0.242188	-0.992188	-0.063232	-1.419847	0.847328	0.786260	2.863171
0.243164	-0.990723	-0.081787	-1.160305	0.778626	1.022901	2.874570
0.250000	-0.977051	-0.082764	-1.190840	0.770992	0.396947	2.886283
0.231934	-0.988037	-0.073975	-2.030534	1.664122	-0.030534	2.898151
0.242188	-0.985352	-0.083984	-2.030534	1.587786	-0.603053	2.910050
0.244141	-0.988770	-0.079590	-2.412214	2.221374	-0.458015	2.921578
0.245361	-0.989746	-0.059082	-2.190840	1.938931	-0.458015	2.933277
0.242676	-0.985352	-0.071289	-2.183206	1.969466	0.282443	2.944659
0.242920	-0.982910	-0.066406	-2.114504	0.778626	0.458015	2.956627
0.241943	-0.977051	-0.073242	-2.022901	0.229008	0.603053	2.968186
0.245850	-0.979736	-0.071777	-1.938931	-0.259542	0.412214	2.979760
0.259033	-0.981689	-0.060303	-2.404580	-0.015267	0.343511	2.991216
0.262451	-0.989746	-0.054443	-2.412214	0.541985	0.465649	3.002953
0.254150	-0.989990	-0.070557	-1.854962	1.083969	0.213740	3.014446
0.255371	-0.985352	-0.066650	-1.534351	1.030534	0.190840	3.025783
0.244385	-0.971924	-0.074951	-2.427481	0.931298	-0.236641	3.037527
0.248291	-0.975342	-0.066162	-2.977099	0.473282	0.198473	3.049307
0.252930	-0.979492	-0.062744	-2.419847	0.465649	1.053435	3.060886
0.253906	-0.984375	-0.063721	-2.106870	0.885496	1.152672	3.072474
0.247314	-0.986084	-0.076172	-2.236641	1.473282	0.687023	3.083992
0.248291	-0.984863	-0.080566	-1.984733	1.748092	0.511450	3.095907
0.246338	-0.988525	-0.068115	-1.992366	2.145038	0.183206	3.107616
0.248535	-0.980957	-0.070068	-2.625954	1.763359	0.198473	3.119076
0.250488	-0.982666	-0.064209	-2.908397	0.839695	0.244275	3.130831
0.245361	-0.983643	-0.071777	-3.435115	0.786260	0.496183	3.142256
0.251709	-0.969727	-0.069580	-3.053435	0.068702	0.511450	3.154291
0.255615	-0.991211	-0.070801	-2.564885	0.167939	-0.183206	3.166063
0.250977	-0.988770	-0.070557	-2.786260	1.061069	0.137405	3.177767
0.250244	-0.986572	-0.067383	-3.213740	1.152672	0.770992	3.189253
0.253174	-0.990723	-0.073730	-3.267176	1.480916	0.893130	3.200969
0.247559	-0.987549	-0.078857	-2.923664	0.664122	0.679389	3.212387
0.246094	-0.992920	-0.070068	-2.839695	0.412214	0.114504	3.224412
0.253662	-0.990234	-0.064697	-2.694656	-0.221374	-0.343511	3.236022
0.253418	-0.998047	-0.061523	-1.954198	0.015267	0.045802	3.247407
0.255615	-0.990234	-0.062256	-0.992366	0.671756	0.290076	3.259522
0.263916	-0.989746	-0.068115	-0.900763	0.816794	0.366412	3.271082
0.250977	-0.992188	-0.069092	-1.572519	1.290076	0.366412	3.282639
0.238770	-0.975830	-0.092773	-2.259542	1.519084	0.091603	3.294180
0.247070	-0.980713	-0.064941	-2.801527	1.213740	0.068702	3.305940
0.250000	-0.974365	-0.074951	-3.496183	0.595420	0.129771	3.317385
0.244629	-0.987549	-0.070801	-3.183206	0.259542	0.045802	3.328957
0.234375	-0.983398	-0.076904	-3.290076	-0.167939	0.404580	3.340661
0.250977	-0.985352	-0.062256	-3.114504	-0.480916	0.229008	3.352460
0.254150	-0.987793	-0.070068	-2.374046	-0.389313	-0.022901	3.364295
0.240479	-0.983887	-0.062744	-1.862595	0.534351	-0.015267	3.376290
0.237793	-0.972656	-0.063965	-1.732824	0.343511	0.282443	3.387865
0.250244	-0.979248	-0.073730	-1.923664	0.488550	0.190840	3.399758
0.255859	-0.980713	-0.079102	-2.564885	0.465649	0.190840	3.411374
0.257812	-0.981201	-0.068359	-2.709924	0.083969	0.625954	3.423113
0.244873	-0.986084	-0.083496	-2.893130	0.358779	0.748092	3.434605
0.243408	-0.990234	-0.072021	-2.175573	-0.030534	0.809160	3.446173
0.247070	-0.985352	-0.078125	-1.977099	0.022901	0.931298	3.458364
0.248779	-0.981689	-0.075684	-2.290076	0.572519	1.000000	3.470221
0.246582	-0.979248	-0.061768	-2.244275	0.519084	0.862595	3.481942
0.250977	-0.985352	-0.052246	-1.946565	0.618321	1.053435	3.493521
0.254150	-0.976074	-0.069336	-2.114504	0.022901	0.839695	3.505169
0.252197	-0.973145	-0.062744	-1.702290	-0.083969	0.847328	3.516702
0.252686	-0.985840	-0.071533	-1.175573	-0.175573	0.687023	3.528308
0.251953	-0.976807	-0.077393	-1.343511	-0.801527	0.725191	3.539799
0.249268	-0.986084	-0.069824	-2.229008	-0.610687	0.595420	3.551939
0.248535	-0.987305	-0.067383	-2.839695	-0.381679	1.541985	3.563455
0.249512	-0.984863	-0.078857	-3.206107	-0.206107	1.633588	3.575829
0.250000	-0.981445	-0.076660	-3.854962	-0.053435	1.343511	3.587448
0.244141	-0.980957	-0.081299	-3.832061	0.122137	0.816794	3.599386
0.252686	-0.993652	-0.073975	-3.221374	0.900763	0.694656	3.611052
0.245361	-0.997070	-0.083984	-2.045802	1.007634	0.954198	3.622573
0.255615	-0.984863	-0.082031	-1.267176	0.984733	0.839695	3.634200
0.248047	-0.986572	-0.076416	-0.534351	0.763359	0.595420	3.645998
0.239990	-0.986084	-0.083008	-0.885496	0.427481	0.709924	3.657730
0.247070	-0.983398	-0.068359	-1.251908	-0.305344	0.633588	3.669370
0.250244	-0.984619	-0.070801	-2.167939	-0.061069	0.877863	3.680911
0.255859	-0.984131	-0.071533	-2.694656	0.152672	1.183206	3.692497
0.255371	-0.984863	-0.064209	-2.335878	0.389313	1.290076	3.704056
0.262939	-0.990723	-0.067383	-2.114504	0.809160	1.083969	3.717611
0.259766	-0.991943	-0.076660	-2.374046	1.000000	0.732824	3.727581
0.251953	-0.990234	-0.083740	-2.427481	1.068702	0.290076	3.737690
0.253174	-0.997070	-0.089111	-2.572519	1.625954	0.015267	3.747823
0.245117	-0.984863	-0.072998	-1.923664	0.900763	0.106870	3.758192
0.245361	-0.980225	-0.077637	-2.106870	0.900763	-0.183206	3.768205
0.247559	-0.982178	-0.068359	-2.618321	0.709924	-0.519084	3.778309
0.258301	-0.986328	-0.076416	-2.679389	0.694656	0.175573	3.788460
0.257812	-0.992188	-0.069824	-2.267176	1.129771	0.473282	3.798747
0.257812	-0.977295	-0.066406	-1.778626	1.503817	1.503817	3.808840
0.250977	-0.988770	-0.063721	-1.847328	1.366412	1.351145	3.818738
0.247314	-0.981445	-0.063232	-2.618321	1.580153	0.816794	3.828880
0.253174	-0.989502	-0.072021	-3.099237	1.442748	0.374046	3.838508
0.252686	-0.984131	-0.088867	-3.244275	1.587786	0.633588	3.848987
0.247803	-0.985596	-0.087891	-2.389313	1.312977	-0.122137	3.859141
0.251709	-0.982178	-0.072266	-1.755725	1.511450	-0.045802	3.869094
0.258057	-0.977295	-0.063232	-1.664122	1.137405	-0.870229	3.879120
0.249512	-0.981934	-0.067383	-2.198473	1.587786	-0.167939	3.889162
0.247803	-0.986572	-0.060791	-1.610687	2.076336	0.274809	3.899520
0.237305	-0.980469	-0.064453	-1.122137	2.328244	1.465649	3.909918
0.238037	-0.971924	-0.075684	-1.549618	2.160305	1.106870	3.919934
0.240723	-0.970947	-0.073730	-1.732824	2.274809	0.549618	3.930090
0.241699	-0.978027	-0.071533	-2.167939	1.900763	0.603053	3.940220
0.252930	-0.981201	-0.058350	-2.267176	1.450382	0.503817	3.950218
0.243896	-0.986084	-0.068604	-2.549618	1.236641	0.648855	3.960608
0.245361	-0.979492	-0.055176	-2.366412	1.167939	1.038168	3.970680
0.249756	-0.979492	-0.060303	-2.129771	0.587786	1.114504	3.980903
0.240723	-0.972168	-0.064453	-2.595420	0.885496	1.022901	3.990944
0.240234	-0.984863	-0.069092	-2.312977	0.984733	1.015267	4.001827
0.239746	-0.986328	-0.071777	-1.770992	0.709924	0.557252	4.011822
0.248047	-0.979980	-0.068604	-1.954198	0.900763	0.114504	4.021722
0.242432	-0.983398	-0.066406	-2.526718	0.954198	-0.007634	4.032309
0.240234	-0.980957	-0.069092	-2.770992	0.702290	0.633588	4.042308
0.245605	-0.978516	-0.049805	-3.267176	0.854962	0.893130	4.052477
0.241699	-0.992188	-0.064941	-2.824427	0.435115	0.419847	4.062581
0.248047	-0.993896	-0.070557	-2.305344	0.465649	1.328244	4.072881
0.247559	-0.995850	-0.071289	-1.641221	0.190840	1.290076	4.083299
0.248291	-0.989014	-0.078857	-1.977099	0.641221	1.305344	4.093505
0.242676	-0.990723	-0.067871	-1.671756	-0.213740	0.587786	4.103978
0.247803	-0.990967	-0.071289	-1.450382	0.122137	0.244275	4.114101
0.247559	-0.995605	-0.067139	-1.213740	0.488550	0.068702	4.124212
0.248535	-0.991455	-0.069824	-1.335878	0.473282	0.251908	4.134583
0.254150	-0.988281	-0.066162	-1.511450	0.236641	0.183206	4.144651
0.249756	-0.993408	-0.080566	-1.603053	0.122137	0.267176	4.154556
0.252686	-0.992432	-0.061035	-2.412214	-0.381679	0.381679	4.164866
0.248291	-0.993652	-0.062744	-2.496183	-0.572519	0.198473	4.174929
0.260498	-0.989502	-0.085449	-2.961832	-0.328244	0.083969	4.184937
0.256104	-0.994629	-0.087158	-2.717557	0.053435	-0.167939	4.195034
0.258545	-0.998047	-0.082520	-2.251908	-0.007634	-0.786260	4.205104
0.255615	-1.000488	-0.066650	-1.832061	0.587786	-0.885496	4.215009
0.256592	-0.987549	-0.075928	-1.816794	0.984733	-0.595420	4.223103
0.257324	-0.990234	-0.074951	-2.267176	0.595420	-0.778626	4.231389
0.261230	-0.988037	-0.072754	-2.503817	0.816794	-0.732824	4.239393
0.256104	-0.990723	-0.081543	-2.290076	1.114504	-1.083969	4.247589
0.249023	-0.990967	-0.073730	-2.480916	1.152672	-1.061069	4.255825
0.244629	-0.984131	-0.086182	-2.748092	1.328244	-0.931298	4.264113
0.249512	-0.977539	-0.084961	-2.412214	1.328244	-1.206107	4.272305
0.245117	-0.977783	-0.082031	-1.824427	1.610687	-1.137405	4.280362
0.250244	-0.973145	-0.083252	-1.206107	1.671756	-1.160305	4.288424
0.254150	-0.975586	-0.082764	-0.992366	1.671756	-0.541985	4.296732
0.248535	-0.962891	-0.070557	-1.908397	1.725191	-0.167939	4.304947
0.253174	-0.974365	-0.074219	-2.694656	1.763359	-0.396947	4.313157
0.249512	-0.983154	-0.087158	-2.877863	1.908397	-0.022901	4.321255
0.247559	-0.976074	-0.081055	-3.099237	1.900763	-0.183206	4.329433
0.248779	-0.986328	-0.081299	-2.557252	1.587786	-0.236641	4.337701
0.246826	-0.981934	-0.085693	-2.374046	1.732824	-0.053435	4.345787
0.255371	-0.964600	-0.075684	-1.931298	1.603053	-0.274809	4.354114
0.259766	-0.975342	-0.074951	-2.297710	2.419847	-0.351145	4.362253
0.246338	-0.963135	-0.084717	-2.564885	2.961832	0.083969	4.370535
0.235840	-0.966309	-0.081299	-3.030534	2.870229	-0.511450	4.378513
0.237793	-0.970459	-0.087402	-3.122137	3.206107	-0.580153	4.386577
0.247559	-0.979248	-0.075195	-3.374046	2.755725	-0.488550	4.394471
0.246338	-0.977295	-0.071533	-3.587786	2.534351	-0.045802	4.402329
0.248047	-0.978027	-0.061035	-3.465649	2.488550	0.137405	4.410122
0.249756	-0.983643	-0.067139	-3.229008	2.114504	0.167939	4.419075
0.253662	-0.988525	-0.064941	-2.885496	1.198473	0.648855	4.429909
0.251709	-0.978516	-0.062256	-2.709924	0.801527	0.977099	4.440018
0.247559	-0.976074	-0.062012	-2.198473	1.038168	1.251908	4.450125
0.250244	-0.987061	-0.071533	-1.656489	1.885496	1.358779	4.460383
0.243652	-0.978516	-0.064453	-2.000000	2.022901	1.519084	4.470363
0.249756	-0.977051	-0.068848	-2.496183	2.259542	0.770992	4.480463
0.250000	-0.987305	-0.051758	-2.893130	2.488550	0.396947	4.490495
0.252686	-0.980957	-0.055908	-3.297710	2.687023	-0.206107	4.500577
0.236084	-0.996826	-0.052002	-2.175573	2.290076	-0.038168	4.510668
0.237793	-0.996582	-0.052246	-0.946565	1.809160	-0.106870	4.520710
0.239990	-0.983643	-0.056152	-1.396947	0.656489	0.236641	4.530880
0.253418	-0.986084	-0.060791	-1.877863	-0.030534	0.694656	4.540849
0.249756	-0.987305	-0.052979	-3.167939	-0.679389	0.908397	4.551169
0.255127	-0.991699	-0.068359	-4.305344	-1.122137	0.946565	4.561339
0.256836	-0.992188	-0.054688	-4.862595	-1.030534	0.832061	4.571532
0.254150	-0.988037	-0.046143	-3.793893	-0.687023	0.694656	4.581693
0.257812	-1.007080	-0.051025	-2.832061	0.076336	0.519084	4.591766
0.247803	-0.994385	-0.066650	-1.534351	0.587786	0.106870	4.602085
0.242920	-0.994141	-0.077881	-0.931298	0.740458	-0.297710	4.612349
0.246826	-0.984619	-0.070068	-0.900763	0.389313	-0.213740	4.622290
0.250244	-0.983643	-0.061279	-1.389313	-0.045802	-0.305344	4.632352
0.244629	-0.979004	-0.061768	-1.969466	-0.503817	0.106870	4.642461
0.244141	-0.990723	-0.068359	-2.160305	-0.389313	0.190840	4.652730
0.243896	-0.991455	-0.069092	-2.114504	-0.694656	0.274809	4.663011
0.244873	-0.982422	-0.080078	-2.358779	-0.297710	0.267176	4.673066
0.246826	-0.979736	-0.077881	-2.488550	0.129771	0.145038	4.683194
0.237549	-0.981201	-0.062256	-2.145038	0.007634	-0.061069	4.693547
0.245361	-0.973145	-0.069336	-2.030534	0.404580	-0.045802	4.703688
0.252930	-0.972900	-0.063232	-1.908397	-0.221374	-0.015267	4.714014
0.255371	-0.973633	-0.057129	-1.778626	-0.412214	-0.061069	4.724125
0.252197	-0.977539	-0.065674	-1.427481	0.038168	0.229008	4.734087
0.252686	-0.972412	-0.073730	-1.145038	0.068702	0.206107	4.743927
0.241943	-0.974854	-0.073730	-1.534351	-0.236641	0.175573	4.754233
0.253174	-0.985596	-0.076660	-2.167939	-0.839695	0.022901	4.764497
0.258789	-0.985107	-0.067627	-2.534351	-0.709924	0.259542	4.774628
0.259766	-0.977051	-0.087158	-3.297710	-0.877863	0.908397	4.784697
0.253662	-0.976074	-0.072754	-3.297710	-1.030534	0.610687	4.794608
0.266602	-0.984619	-0.081055	-3.160305	-0.694656	0.465649	4.805001
0.260986	-0.977783	-0.083252	-2.931298	-0.145038	0.793893	4.814923
0.256104	-0.983398	-0.067627	-2.458015	0.564885	1.160305	4.825044
0.258545	-0.986328	-0.075684	-1.908397	1.320611	1.106870	4.835191
0.258545	-0.978271	-0.070801	-1.885496	1.167939	1.160305	4.845369
0.250977	-0.977539	-0.066162	-2.099237	1.175573	1.229008	4.855519
0.251465	-0.979248	-0.093506	-2.297710	1.053435	0.526718	4.865612
0.250488	-0.973145	-0.063965	-1.908397	0.389313	0.274809	4.875549
0.248535	-0.992676	-0.076416	-1.938931	0.183206	0.244275	4.885411
0.253418	-0.984131	-0.081543	-2.366412	-0.106870	0.412214	4.895529
0.253906	-0.972168	-0.085938	-3.091603	-0.030534	0.656489	4.906108
0.250488	-0.987061	-0.078369	-3.610687	0.496183	0.671756	4.916500
0.250244	-0.978027	-0.076416	-3.129771	0.534351	0.908397	4.926533
0.264404	-0.988525	-0.062744	-3.007634	1.022901	0.908397	4.936534
0.249756	-0.989502	-0.077148	-2.885496	1.259542	1.229008	4.946302
0.256592	-0.990479	-0.066650	-3.068702	1.465649	1.274809	4.956509
0.252197	-0.982666	-0.067627	-2.977099	1.274809	1.419847	4.966613
0.244629	-0.990723	-0.073242	-2.862595	0.961832	1.022901	4.976698
0.255127	-0.982910	-0.076416	-3.213740	0.381679	0.213740	4.986860
0.253174	-0.991943	-0.065918	-3.297710	0.458015	-0.435115	4.996776
0.244385	-0.988037	-0.056885	-3.152672	0.732824	0.114504	5.006887
0.247314	-0.979248	-0.062500	-2.847328	0.755725	0.206107	5.017110
0.244385	-0.985596	-0.071777	-1.893130	0.900763	0.442748	5.027140
0.242432	-0.988037	-0.075195	-1.793893	1.412214	0.954198	5.037152
0.235352	-0.973633	-0.079102	-2.267176	0.977099	1.251908	5.047076
0.244385	-0.971680	-0.063477	-2.809160	0.458015	1.290076	5.057106
0.252197	-0.971924	-0.062744	-3.213740	0.190840	1.625954	5.067110
0.248291	-0.974121	-0.067627	-3.534351	-0.396947	1.946565	5.077016
0.256836	-0.987061	-0.065186	-3.351145	-0.282443	1.893130	5.087106
0.256836	-0.988037	-0.071777	-2.992366	0.114504	1.419847	5.097041
0.257812	-0.990723	-0.075928	-2.648855	0.473282	1.488550	5.107160
0.252686	-0.980469	-0.076172	-2.236641	0.832061	0.213740	5.117209
0.244873	-0.991699	-0.093506	-2.083969	1.404580	-0.175573	5.127118
0.256348	-0.987549	-0.064209	-1.351145	0.679389	-0.053435	5.137239
0.247070	-0.991211	-0.069824	-1.358779	0.595420	0.129771	5.147251
0.258301	-0.982666	-0.055664	-1.564885	0.725191	0.519084	5.157588
0.248779	-0.991211	-0.065674	-1.931298	0.832061	1.648855	5.167826
0.242920	-0.983154	-0.068604	-2.251908	0.778626	1.290076	5.177815
0.247314	-0.987549	-0.061768	-2.206107	0.603053	1.229008	5.187849
0.236816	-0.988037	-0.070801	-2.312977	0.839695	1.572519	5.197862
0.248535	-0.983887	-0.085938	-2.916031	0.702290	1.587786	5.208352
0.251953	-0.991943	-0.071045	-3.114504	0.389313	0.908397	5.218656
0.252197	-0.989502	-0.075439	-2.732824	-0.015267	0.664122	5.228729
0.251221	-0.989746	-0.069824	-2.679389	-0.190840	0.396947	5.238590
0.247559	-0.986084	-0.080078	-2.633588	-0.045802	0.633588	5.248910
0.251221	-0.985596	-0.072510	-1.870229	0.045802	0.259542	5.258913
0.245605	-0.969727	-0.083496	-2.274809	0.145038	0.557252	5.269438
0.255371	-0.977783	-0.072510	-2.328244	0.175573	0.114504	5.279384
0.249268	-0.976074	-0.074463	-2.595420	0.969466	-0.190840	5.289656
0.238525	-0.982422	-0.070557	-2.641221	1.061069	-0.358779	5.299502
0.245117	-0.979248	-0.063721	-3.206107	1.145038	-0.511450	5.309627
0.249512	-0.979980	-0.067871	-3.732824	0.923664	-0.870229	5.320049
0.242920	-0.985840	-0.065430	-2.809160	0.671756	-0.816794	5.330396
0.248779	-0.978760	-0.056152	-2.015267	0.290076	0.259542	5.340317
0.250732	-0.983398	-0.062256	-1.595420	0.129771	0.877863	5.350491
0.244873	-0.979492	-0.056885	-1.832061	-0.221374	1.450382	5.360493
0.244141	-0.980225	-0.068604	-2.267176	-0.717557	1.572519	5.370679
0.245850	-0.980957	-0.073975	-2.305344	-0.564885	1.580153	5.380688
0.252930	-0.978516	-0.076660	-2.893130	-0.946565	1.404580	5.390759
0.254639	-0.984131	-0.061279	-3.435115	-1.335878	1.022901	5.400959
0.256348	-0.983398	-0.068848	-3.816794	-1.083969	1.083969	5.410956
0.260986	-0.989746	-0.076904	-3.381679	-1.015267	1.045802	5.421045
0.246826	-0.999268	-0.066650	-2.458015	-0.709924	1.816794	5.431105
0.250488	-0.989990	-0.078369	-1.824427	-0.717557	1.473282	5.441079
0.244629	-0.988281	-0.073730	-2.045802	-0.526718	2.206107	5.450894
0.252930	-0.988281	-0.071289	-2.129771	-0.442748	1.679389	5.461186
0.255615	-0.996826	-0.079590	-2.877863	0.152672	1.885496	5.471223
0.255127	-0.995361	-0.081299	-2.938931	0.274809	1.778626	5.481359
0.250000	-0.996582	-0.074707	-2.740458	0.061069	1.244275	5.491424
0.251465	-1.000488	-0.073486	-1.633588	0.175573	0.625954	5.501822
0.245605	-0.982422	-0.070068	-1.541985	0.267176	0.488550	5.511874
0.243652	-0.983887	-0.069092	-1.282443	0.236641	0.328244	5.521893
0.248291	-0.988281	-0.068359	-1.045802	0.694656	0.503817	5.531955
0.245361	-0.984131	-0.074219	-1.221374	0.900763	0.625954	5.541997
0.247559	-0.980713	-0.073242	-2.259542	0.740458	1.137405	5.552105
0.247559	-0.983398	-0.075195	-3.022901	0.557252	0.610687	5.562058
0.254395	-0.986084	-0.078613	-3.381679	0.396947	0.687023	5.572157
0.249756	-0.988770	-0.077881	-2.893130	0.427481	0.503817	5.582241
0.249023	-0.995361	-0.075684	-2.129771	-0.328244	0.145038	5.592184
0.246582	-0.981934	-0.084473	-2.145038	-0.320611	0.015267	5.602197
0.250244	-0.982422	-0.071777	-2.969466	-0.396947	-0.038168	5.612167
0.243408	-0.974365	-0.070312	-3.664122	0.076336	-0.114504	5.622086
0.249512	-0.985352	-0.074463	-3.778626	0.526718	0.045802	5.632094
0.248535	-0.985107	-0.078369	-3.374046	1.137405	0.061069	5.642155
0.247070	-0.986084	-0.066895	-2.809160	1.458015	0.213740	5.652216
0.244873	-0.988281	-0.086426	-1.755725	1.625954	0.389313	5.662471
0.244385	-0.988770	-0.090088	-1.099237	1.496183	0.641221	5.672152
0.249268	-0.984863	-0.081543	-0.862595	0.198473	0.038168	5.682227
0.252930	-0.992676	-0.071289	-0.938931	0.030534	-0.015267	5.692257
0.250732	-0.987793	-0.068604	-1.480916	-0.236641	0.099237	5.702525
0.257324	-0.968506	-0.058594	-2.595420	0.091603	0.519084	5.715408
0.235596	-0.985107	-0.072510	-3.160305	1.083969	0.320611	5.725332
0.247559	-0.984131	-0.059570	-2.022901	1.435115	0.725191	5.735401
0.243896	-0.981201	-0.073242	-2.312977	1.984733	0.893130	5.745278
0.242188	-0.979736	-0.080811	-2.969466	2.435115	0.442748	5.755361
0.238525	-0.981934	-0.079346	-2.572519	2.167939	0.305344	5.765767
0.244873	-0.989990	-0.069580	-1.931298	1.000000	0.015267	5.775872
0.244873	-0.995361	-0.067627	-1.923664	0.015267	-0.259542	5.785993
0.237061	-0.989014	-0.067139	-2.541985	-0.572519	-0.274809	5.795868
0.246094	-0.984863	-0.066895	-3.282443	-1.160305	-0.099237	5.805969
0.248535	-0.983398	-0.080078	-3.541985	-0.992366	0.320611	5.816328
0.247314	-0.982666	-0.069580	-3.053435	-0.396947	0.274809	5.826440
0.241455	-0.983154	-0.070312	-2.671756	0.511450	0.458015	5.836451
0.251465	-0.984863	-0.069824	-2.236641	1.213740	0.717557	5.846744
0.250244	-0.979004	-0.063232	-2.045802	1.633588	0.977099	5.856697
0.246826	-0.976318	-0.077393	-1.954198	1.961832	0.625954	5.866976
0.248779	-0.986572	-0.080811	-1.595420	1.610687	0.198473	5.877215
0.249512	-0.985107	-0.082275	-1.358779	0.809160	-0.419847	5.887748
0.247559	-0.989258	-0.075928	-1.610687	0.770992	-0.435115	5.897647
0.242920	-0.978271	-0.075439	-2.068702	0.305344	0.122137	5.908210
0.243164	-0.974854	-0.065918	-2.053435	0.343511	0.114504	5.918354
0.250732	-0.979248	-0.064697	-2.190840	0.580153	0.381679	5.928471
0.240234	-0.973389	-0.072021	-2.450382	1.030534	0.725191	5.938618
0.247314	-0.972412	-0.073242	-3.221374	1.412214	1.007634	5.948732
0.259521	-0.979492	-0.073242	-3.122137	1.458015	0.694656	5.959267
0.243652	-0.978271	-0.078857	-2.923664	1.541985	1.030534	5.969231
0.247803	-0.972412	-0.067871	-2.977099	1.122137	0.610687	5.979375
0.249268	-0.984131	-0.068604	-3.603053	1.091603	0.366412	5.989507
0.245850	-0.994141	-0.075195	-3.244275	0.534351	0.091603	5.999515
0.251221	-0.992920	-0.069580	-2.633588	0.519084	0.274809	6.009487
0.246094	-0.992432	-0.070068	-2.312977	0.992366	0.740458	6.019644
0.240967	-0.981934	-0.075439	-1.618321	1.160305	1.053435	6.029784
0.238281	-0.979004	-0.075928	-0.534351	1.312977	1.557252	6.039711
0.246826	-0.975342	-0.078613	-0.473282	1.290076	1.702290	6.050211
0.242432	-0.976807	-0.065918	-0.763359	1.030534	1.557252	6.060175
0.243896	-0.988037	-0.065918	-1.404580	1.038168	1.236641	6.070079
0.245361	-0.986084	-0.069824	-2.404580	0.557252	1.740458	6.080139
0.242920	-0.972900	-0.051758	-3.351145	0.129771	1.671756	6.090135
0.245850	-0.968262	-0.065186	-3.671756	-0.053435	0.923664	6.100165
0.257568	-0.983887	-0.060059	-3.732824	-0.412214	-0.061069	6.110342
0.244873	-0.992676	-0.064453	-3.503817	-0.038168	0.694656	6.120360
0.245361	-0.991943	-0.060303	-2.938931	0.076336	1.045802	6.130353
0.250977	-0.985352	-0.071289	-2.732824	0.099237	1.366412	6.140201
0.246338	-0.989502	-0.073975	-2.732824	-0.122137	0.854962	6.150327
0.250244	-0.998047	-0.077881	-2.404580	-0.541985	0.770992	6.160459
0.249512	-0.990967	-0.066650	-2.396947	-1.122137	0.511450	6.170490
0.250488	-0.993896	-0.076660	-2.137405	-0.702290	0.412214	6.180757
0.249756	-0.996826	-0.070801	-1.671756	-0.427481	0.702290	6.190716
0.244629	-0.998291	-0.067627	-1.442748	-0.259542	1.183206	6.200820
0.247314	-0.990967	-0.068604	-1.587786	0.328244	1.557252	6.210999
0.248291	-0.997070	-0.071777	-0.839695	0.610687	1.954198	6.220857
0.256836	-0.995361	-0.071777	-0.488550	0.740458	1.656489	6.230914
0.252197	-0.995361	-0.065430	-0.572519	0.458015	1.396947	6.241014
0.255127	-0.987305	-0.080322	-1.305344	0.435115	0.595420	6.251446
0.251221	-0.990234	-0.066406	-1.496183	0.145038	-0.015267	6.261405
0.250732	-0.971436	-0.069092	-1.786260	0.480916	-0.587786	6.271532
0.250000	-0.991455	-0.069092	-1.870229	0.503817	-0.854962	6.281565
0.239746	-0.992188	-0.079102	-2.511450	1.519084	-1.068702	6.291633
0.242676	-0.989258	-0.074707	-2.335878	1.335878	-0.969466	6.301947
0.242920	-0.983643	-0.071533	-2.053435	0.992366	-1.175573	6.312168
0.244141	-0.982422	-0.071533	-2.366412	0.801527	-0.961832	6.322216
0.242188	-0.983887	-0.068359	-2.694656	0.122137	-0.702290	6.332233
0.250244	-0.974609	-0.081787	-2.519084	0.106870	-0.198473	6.342403
0.249512	-0.974365	-0.063965	-2.320611	-0.076336	0.198473	6.352754
0.249756	-0.986572	-0.073975	-2.106870	0.236641	0.076336	6.363010
0.250977	-0.988281	-0.073975	-1.832061	0.297710	-0.312977	6.373153
0.251465	-0.986328	-0.074951	-2.015267	0.473282	-0.167939	6.383258
0.248535	-0.975098	-0.074707	-2.465649	0.763359	-0.526718	6.393299
0.238770	-0.978027	-0.079590	-2.328244	0.763359	-0.366412	6.403628
0.248047	-0.985107	-0.071289	-2.091603	0.473282	-0.297710	6.413807
0.251465	-0.984375	-0.070068	-2.473282	0.954198	0.290076	6.423715
0.236328	-0.979248	-0.065186	-2.297710	0.946565	0.687023	6.433978
0.249023	-0.977295	-0.071045	-1.832061	0.954198	0.931298	6.444046
0.238037	-0.976562	-0.076172	-1.076336	1.091603	1.152672	6.454236
0.243652	-0.962402	-0.067383	-1.152672	1.053435	0.954198	6.464486
0.247803	-0.965332	-0.067383	-2.496183	0.839695	0.893130	6.474584
0.244141	-0.982178	-0.054932	-3.396947	0.984733	0.984733	6.484892
0.244629	-0.977051	-0.075195	-3.694656	0.816794	0.618321	6.494834
0.250000	-0.982910	-0.074707	-3.534351	0.580153	0.267176	6.505086
0.238037	-0.981934	-0.067871	-2.938931	0.328244	-0.160305	6.515708
0.243896	-0.989990	-0.067627	-2.671756	0.030534	-0.190840	6.525925
0.242188	-0.978027	-0.068115	-2.458015	-0.129771	0.610687	6.536257
0.244385	-0.973145	-0.067627	-3.038168	0.053435	0.488550	6.546007
0.245117	-0.983643	-0.064941	-2.625954	0.251908	1.267176	6.556515
0.252441	-0.987549	-0.069092	-2.297710	0.694656	2.007634	6.566945
0.244385	-0.990234	-0.062256	-2.778626	0.954198	2.030534	6.577372
0.244873	-0.992676	-0.079102	-3.114504	1.030534	1.221374	6.587237
0.250732	-0.998047	-0.070068	-2.633588	0.648855	1.137405	6.597382
0.252686	-1.002441	-0.064697	-2.412214	0.343511	0.595420	6.607499
0.250000	-0.992432	-0.069092	-2.541985	0.320611	0.717557	6.617469
0.257080	-0.988281	-0.063965	-2.015267	0.358779	0.671756	6.627494
0.246582	-0.998535	-0.069824	-1.992366	0.435115	0.931298	6.637447
0.252441	-0.983398	-0.071777	-1.419847	0.625954	0.793893	6.647320
0.244141	-0.991211	-0.072266	-1.251908	1.122137	0.625954	6.657608
0.251709	-0.988281	-0.084473	-1.916031	1.442748	0.259542	6.667691
0.252441	-0.992432	-0.074463	-2.770992	1.343511	0.458015	6.677731
0.243408	-0.989258	-0.070068	-3.442748	1.076336	0.389313	6.687663
0.244385	-0.992188	-0.084717	-3.152672	1.061069	-0.076336	6.697827
0.249023	-0.989746	-0.074463	-2.687023	0.549618	-0.274809	6.707989
0.252686	-0.986328	-0.068848	-1.541985	0.137405	-0.763359	6.718010
0.254639	-0.980469	-0.070068	-1.984733	0.450382	-0.893130	6.728255
0.252441	-0.971680	-0.068115	-2.801527	1.282443	-0.335878	6.738201
0.246582	-0.986572	-0.058350	-2.480916	1.717557	-1.954198	6.748533
0.242188	-0.986084	-0.063232	-2.030534	2.396947	0.312977	6.758571
0.234131	-0.987793	-0.070801	-1.778626	2.480916	0.916031	6.768594
0.232666	-0.984619	-0.072998	-1.618321	2.381679	0.954198	6.778188
0.232178	-0.984863	-0.075439	-1.427481	1.412214	0.801527	6.788596
0.239014	-0.975586	-0.080322	-1.053435	0.603053	0.809160	6.798835
0.239990	-0.979736	-0.076904	-0.816794	0.099237	0.862595	6.809058
0.244385	-0.982422	-0.065430	-0.854962	-0.083969	1.206107	6.819171
0.249268	-0.976807	-0.058838	-1.297710	0.061069	1.244275	6.829264
0.244385	-0.975342	-0.068848	-2.045802	0.648855	0.946565	6.839212
0.246338	-0.973389	-0.072754	-2.862595	1.282443	0.274809	6.849356
0.238037	-0.972412	-0.067627	-3.320611	2.022901	0.015267	6.859305
0.231689	-0.982422	-0.066650	-2.587786	1.694656	-0.061069	6.869191
0.246094	-0.976562	-0.068115	-2.603053	1.748092	0.152672	6.879316
0.241943	-0.984375	-0.069336	-2.526718	0.801527	0.129771	6.889256
0.238770	-0.980957	-0.060303	-2.396947	0.000000	0.534351	6.899367
0.239258	-0.985107	-0.062500	-2.557252	-1.030534	1.007634	6.909781
0.242676	-1.001221	-0.063477	-2.465649	-1.038168	1.564885	6.919945
0.245361	-0.988770	-0.065186	-2.335878	-1.564885	1.709924	6.930023
0.255371	-0.986328	-0.062012	-2.053435	-1.167939	1.687023	6.939861
0.250732	-0.997070	-0.067383	-1.786260	-0.053435	1.366412	6.950252
0.249512	-0.984863	-0.054932	-2.213740	0.633588	1.641221	6.960098
0.239990	-0.990723	-0.071533	-1.862595	1.030534	0.938931	6.970449
0.248779	-0.993896	-0.077881	-1.435115	1.045802	0.549618	6.980714
0.253174	-0.993408	-0.072266	-1.557252	0.503817	0.679389	6.990644
0.264893	-0.978760	-0.084473	-1.839695	0.061069	1.152672	7.000828
0.249756	-0.987793	-0.068604	-1.954198	-0.519084	0.374046	7.010932
0.262695	-0.996582	-0.065186	-2.038168	-1.229008	0.244275	7.020819
0.255615	-0.989014	-0.052246	-2.282443	-1.274809	0.038168	7.030808
0.251953	-0.983887	-0.065430	-2.671756	-0.221374	-1.938931	7.041114
0.244141	-0.986816	-0.070801	-2.396947	0.854962	-0.923664	7.051671
0.231934	-0.984619	-0.077881	-2.259542	1.786260	-0.679389	7.061930
0.242188	-0.982422	-0.076416	-2.366412	1.885496	-0.534351	7.071927
0.239258	-0.982666	-0.075439	-2.938931	1.541985	-0.122137	7.081890
0.246582	-0.981201	-0.062500	-2.580153	0.641221	-0.053435	7.092015
0.250000	-0.984131	-0.075684	-2.442748	-0.312977	0.488550	7.102402
0.248291	-0.981445	-0.062988	-1.587786	-0.862595	0.328244	7.112323
0.250732	-0.983398	-0.077148	-1.572519	-0.786260	0.786260	7.122386
0.256104	-0.970703	-0.056885	-1.679389	-0.519084	0.816794	7.132842
0.249756	-0.971680	-0.063232	-2.099237	0.374046	0.839695	7.142614
0.250488	-0.970947	-0.074707	-2.404580	1.022901	1.190840	7.152843
0.239746	-0.969238	-0.077148	-2.297710	1.847328	1.167939	7.163162
0.239258	-0.970459	-0.078125	-2.320611	1.870229	0.786260	7.173415
0.244141	-0.976807	-0.091064	-2.595420	1.740458	0.763359	7.183803
0.247803	-0.982422	-0.079590	-2.755725	0.938931	0.549618	7.193924
0.244629	-0.980469	-0.075684	-3.587786	0.458015	1.305344	7.204422
0.238037	-0.981689	-0.083252	-3.809160	-0.679389	0.900763	7.214454
0.250000	-0.982910	-0.071045	-3.870229	-1.076336	0.816794	7.224488
0.251465	-0.982666	-0.071289	-3.984733	-0.793893	1.396947	7.234468
0.254150	-1.000244	-0.074463	-3.709924	-1.076336	1.404580	7.244552
0.251709	-0.990479	-0.073242	-3.351145	-0.320611	1.412214	7.254769
0.251709	-0.988770	-0.077393	-2.656489	0.160305	1.389313	7.265013
0.253662	-1.005859	-0.078857	-2.007634	0.587786	0.786260	7.274995
0.253662	-0.999512	-0.083008	-1.885496	0.885496	1.015267	7.285033
0.252197	-1.000488	-0.092773	-1.320611	0.923664	1.000000	7.295133
0.248779	-1.004639	-0.086182	-0.816794	0.358779	0.305344	7.305130
0.258545	-0.997314	-0.082031	-1.083969	0.358779	0.717557	7.315376
0.258545	-1.002197	-0.080566	-1.503817	0.076336	0.770992	7.325189
0.261475	-0.997070	-0.070312	-0.007634	0.068702	1.206107	7.335505
0.260742	-1.002441	-0.078613	-1.961832	0.534351	1.183206	7.345343
0.261719	-0.993652	-0.072754	-2.374046	0.893130	0.793893	7.355490
0.257080	-0.994629	-0.070068	-1.839695	1.312977	0.267176	7.365518
0.248291	-0.969971	-0.068115	-1.717557	2.442748	-0.160305	7.375647
0.245850	-0.991943	-0.072754	-0.740458	2.984733	-0.541985	7.385536
0.251221	-0.988281	-0.073975	-0.526718	3.083969	-1.297710	7.395577
0.241699	-0.979248	-0.068848	-1.076336	2.954198	-1.419847	7.405710
0.241943	-0.973389	-0.062500	-1.671756	2.748092	-1.732824	7.415944
0.244141	-0.979248	-0.062744	-2.068702	2.419847	-1.480916	7.425883
0.249512	-0.979980	-0.061768	-2.419847	1.832061	-1.236641	7.435971
0.242920	-0.970703	-0.060547	-2.839695	1.954198	-0.923664	7.446069
0.237793	-0.969727	-0.052490	-3.343511	2.000000	-0.801527	7.456412
0.226807	-0.974609	-0.062744	-3.763359	2.022901	-0.748092	7.466378
0.236816	-0.984131	-0.062012	-2.938931	2.122137	-0.748092	7.476556
0.239746	-0.976562	-0.071533	-2.312977	1.877863	-0.496183	7.486578
0.239990	-0.969727	-0.066162	-2.358779	1.702290	-0.190840	7.496576
0.238770	-0.970703	-0.088623	-3.206107	1.297710	-0.167939	7.506782
0.238770	-0.972656	-0.074951	-3.587786	0.709924	0.137405	7.516939
0.249512	-0.983643	-0.064453	-3.320611	0.229008	0.664122	7.526946
0.240967	-0.982666	-0.060059	-3.221374	0.480916	1.061069	7.537085
0.238525	-0.977295	-0.065918	-2.740458	0.404580	1.435115	7.547121
0.240234	-0.974121	-0.072998	-2.129771	0.473282	1.519084	7.557314
0.239258	-0.982910	-0.069336	-2.038168	0.396947	0.748092	7.567111
0.237549	-0.987549	-0.069824	-1.717557	1.038168	1.045802	7.577470
0.239502	-0.985107	-0.069580	-1.152672	1.175573	1.053435	7.587664
0.234375	-0.982910	-0.074219	-1.343511	0.740458	1.152672	7.597311
0.239258	-0.985107	-0.069824	-1.496183	0.183206	1.068702	7.607438
0.240234	-0.980957	-0.064941	-1.938931	-0.282443	1.183206	7.617521
0.239990	-0.979980	-0.063721	-2.793893	-0.748092	1.488550	7.627774
0.239502	-0.984863	-0.057861	-3.038168	-0.496183	1.541985	7.637762
0.247559	-0.986084	-0.063232	-2.587786	-0.198473	1.183206	7.647765
0.247314	-0.991455	-0.057861	-2.000000	0.244275	1.129771	7.658245
0.247314	-0.983398	-0.054199	-1.923664	0.480916	1.236641	7.668233
0.240234	-0.980957	-0.069092	-2.213740	0.847328	0.824427	7.678602
0.249023	-0.983643	-0.063232	-2.412214	0.496183	0.572519	7.688564
0.249023	-0.971191	-0.062256	-2.664122	-0.076336	0.366412	7.697969
0.244873	-0.987549	-0.060303	-2.610687	-0.740458	0.725191	7.707788
0.249756	-0.987061	-0.058594	-3.045802	-0.954198	1.045802	7.720188
0.250000	-0.986084	-0.070801	-3.519084	-0.862595	1.244275	7.729071
0.249023	-0.987549	-0.076416	-3.305344	-0.480916	0.656489	7.737112
0.252197	-0.997314	-0.070801	-2.534351	-0.106870	0.534351	7.745585
0.255615	-0.995117	-0.066895	-1.977099	0.458015	0.671756	7.753774
0.255127	-0.991699	-0.070312	-1.923664	1.038168	0.931298	7.761959
0.254150	-0.992188	-0.059814	-1.473282	1.381679	0.893130	7.770113
0.261963	-0.994629	-0.071777	-1.480916	1.305344	0.969466	7.778341
0.244141	-1.012207	-0.065918	-1.206107	1.541985	0.908397	7.786464
0.245605	-0.991699	-0.070801	-1.320611	1.412214	0.992366	7.794951
0.243652	-0.982910	-0.076660	-1.664122	0.885496	0.618321	7.803269
0.238281	-0.982666	-0.087891	-1.854962	0.396947	0.213740	7.811717
0.245117	-0.984619	-0.078857	-1.503817	-0.038168	0.045802	7.819868
0.254639	-0.983398	-0.073975	-1.786260	0.366412	-0.091603	7.828067
0.245361	-0.992188	-0.077637	-1.854962	0.305344	-0.045802	7.836249
0.247070	-0.989014	-0.057617	-2.061069	0.145038	0.587786	7.844642
0.248779	-0.991943	-0.062988	-2.221374	0.396947	0.893130	7.852832
0.244629	-0.981689	-0.079834	-2.374046	0.358779	0.664122	7.861064
0.250244	-0.982422	-0.072266	-2.419847	0.274809	0.404580	7.869094
0.250732	-0.985840	-0.067139	-2.847328	0.213740	0.045802	7.877252
0.249756	-0.994385	-0.072266	-3.290076	0.450382	0.244275	7.885451
0.250244	-0.993408	-0.075928	-2.755725	0.755725	0.244275	7.893721
0.263184	-0.988037	-0.079346	-2.442748	0.931298	0.549618	7.901879
0.240967	-0.987305	-0.073486	-1.908397	0.816794	0.503817	7.910252
0.242432	-0.983643	-0.080811	-1.519084	0.725191	0.282443	7.918298
0.242432	-0.977295	-0.086426	-1.198473	0.641221	0.229008	7.926584
0.243164	-0.967773	-0.075928	-1.694656	0.358779	0.091603	7.934754
0.257812	-0.975586	-0.053223	-2.030534	0.305344	-0.236641	7.942832
0.249268	-0.983398	-0.057373	-2.419847	1.213740	0.297710	7.951153
0.247559	-0.990967	-0.074707	-1.801527	1.618321	0.778626	7.959339
0.239746	-0.989502	-0.070557	-1.198473	2.068702	1.419847	7.967423
0.232666	-0.980469	-0.079346	-0.893130	2.305344	1.290076	7.975707
0.228760	-0.973877	-0.065430	-1.083969	2.129771	0.931298	7.983949
0.235352	-0.977539	-0.071533	-1.320611	1.740458	0.603053	7.992153
0.241699	-0.974609	-0.078125	-2.099237	1.343511	1.061069	8.000441
0.245605	-0.979248	-0.059814	-2.007634	0.656489	0.870229	8.008597
0.243408	-0.988525	-0.055420	-1.839695	0.564885	1.175573	8.016687
0.238525	-0.984619	-0.073730	-1.702290	0.610687	1.221374	8.024767
0.241211	-0.982910	-0.064453	-2.366412	0.328244	0.702290	8.033062
0.243408	-0.979492	-0.074219	-3.183206	0.931298	0.282443	8.041171
0.239502	-0.979492	-0.069336	-3.954198	1.068702	-0.045802	8.049619
0.241211	-0.977783	-0.078613	-4.259542	1.274809	-0.106870	8.057682
0.237549	-0.980225	-0.071777	-4.015267	1.404580	-0.381679	8.065784
0.238770	-0.991943	-0.058838	-3.305344	1.297710	-0.526718	8.073969
0.245361	-0.993652	-0.071045	-3.045802	1.244275	0.106870	8.082179
0.246582	-0.989502	-0.074463	-2.549618	0.374046	0.419847	8.090385
0.249512	-0.992188	-0.060791	-2.000000	0.145038	0.526718	8.099000
0.241211	-0.987305	-0.066650	-2.061069	-0.282443	0.274809	8.106969
0.239258	-0.988037	-0.075195	-2.541985	-0.519084	0.450382	8.115360
0.242920	-0.981689	-0.070068	-2.900763	-0.572519	0.816794	8.123496
0.238525	-0.986572	-0.066162	-2.732824	-0.167939	0.992366	8.131780
0.243652	-0.986084	-0.070312	-2.503817	0.053435	1.152672	8.139908
0.248291	-0.985107	-0.068359	-2.641221	0.526718	1.435115	8.147944
0.255371	-0.978516	-0.074707	-2.854962	0.839695	1.770992	8.156295
0.247070	-0.987061	-0.065918	-2.969466	1.152672	1.763359	8.164800
0.240234	-0.987061	-0.070557	-2.648855	1.358779	1.480916	8.173035
0.243896	-0.999756	-0.065186	-1.992366	1.190840	1.351145	8.180962
0.245117	-0.987549	-0.064209	-1.664122	0.870229	0.763359	8.189266
0.233643	-0.986816	-0.086182	-1.709924	0.717557	0.374046	8.197444
0.242432	-0.974365	-0.083252	-1.809160	0.587786	0.267176	8.205713
0.247070	-0.980469	-0.056396	-2.297710	0.358779	0.503817	8.213899
0.237793	-0.979248	-0.062012	-3.015267	0.381679	0.748092	8.222165
0.242432	-0.982910	-0.064697	-3.473282	0.213740	0.870229	8.230496
0.236816	-0.983887	-0.068359	-3.641221	-0.297710	1.007634	8.239004
0.239014	-0.987549	-0.070801	-3.458015	-0.297710	0.801527	8.247190
0.246826	-0.993896	-0.075928	-3.045802	-0.175573	0.557252	8.255737
0.247314	-0.998535	-0.063965	-3.015267	0.335878	0.648855	8.264039
0.240234	-0.995605	-0.057129	-2.755725	0.297710	0.923664	8.272297
0.248291	-1.000244	-0.058105	-2.862595	0.580153	1.190840	8.280436
0.248535	-0.999512	-0.070312	-2.465649	0.793893	0.877863	8.288673
0.254395	-0.994629	-0.071045	-2.564885	0.458015	0.809160	8.296869
0.241455	-0.995117	-0.075439	-2.816794	0.412214	0.877863	8.305440
0.239502	-0.996582	-0.080811	-3.152672	-0.274809	0.977099	8.313881
0.251465	-0.994873	-0.076904	-3.229008	-0.396947	0.908397	8.322116
0.255371	-0.989990	-0.069824	-2.847328	-0.709924	0.824427	8.330188
0.256348	-0.991699	-0.074951	-2.297710	-0.664122	0.137405	8.338302
0.253174	-0.999756	-0.057373	-0.992366	-0.511450	0.320611	8.346496
0.247314	-0.992188	-0.066406	-0.641221	0.473282	0.389313	8.354828
0.239746	-0.988037	-0.075684	-0.465649	0.862595	0.641221	8.363159
0.239990	-0.983154	-0.078369	-0.862595	1.557252	0.335878	8.371170
0.240967	-0.975098	-0.080078	-1.427481	1.328244	-1.938931	8.379485
0.238770	-0.986084	-0.072998	-2.374046	1.824427	0.229008	8.387536
0.240479	-0.978516	-0.075195	-2.969466	1.839695	0.160305	8.395626
0.235596	-0.979736	-0.081299	-3.366412	1.564885	0.000000	8.404041
0.232666	-0.989014	-0.074951	-3.450382	0.938931	-0.053435	8.412103
0.239990	-0.981445	-0.080811	-3.274809	0.656489	-0.129771	8.420384
0.237549	-0.974121	-0.074951	-3.274809	0.297710	-0.030534	8.428489
0.238770	-0.974121	-0.073242	-2.900763	0.076336	-0.480916	8.436652
0.246582	-0.980469	-0.070801	-3.129771	0.274809	-0.503817	8.444931
0.253418	-0.978760	-0.065918	-3.068702	0.045802	-0.618321	8.453181
0.251221	-0.980713	-0.057129	-3.236641	0.496183	-0.259542	8.461256
0.247070	-0.986572	-0.062256	-2.946565	0.793893	-0.068702	8.469500
0.247803	-0.988037	-0.070312	-3.045802	1.091603	0.244275	8.477596
0.248535	-0.992920	-0.059082	-2.916031	0.694656	0.549618	8.485887
0.243164	-0.990723	-0.072998	-2.801527	0.305344	0.396947	8.494263
0.244873	-0.992676	-0.085205	-3.145038	-0.213740	0.435115	8.502531
0.246826	-0.982666	-0.078613	-3.595420	-0.847328	0.572519	8.510774
0.247070	-0.972900	-0.071289	-4.083969	-1.183206	0.480916	8.518724
0.250488	-0.976074	-0.072510	-4.282443	-1.396947	-0.068702	8.527045
0.257568	-0.989502	-0.073486	-3.076336	-0.687023	0.458015	8.535204
0.255127	-0.982910	-0.067383	-2.496183	-0.114504	0.916031	8.543448
0.256592	-0.984375	-0.073730	-2.549618	0.732824	1.465649	8.551705
0.262695	-0.980469	-0.068115	-2.854962	0.770992	1.000000	8.559872
0.251465	-0.993896	-0.075195	-3.152672	2.030534	1.022901	8.567972
0.239990	-0.995605	-0.078125	-2.908397	1.778626	1.122137	8.576169
0.242920	-0.990479	-0.082031	-2.580153	1.435115	0.450382	8.584542
0.242920	-0.989746	-0.094727	-2.526718	1.213740	0.244275	8.592538
0.238525	-0.979248	-0.083496	-2.748092	0.534351	-0.274809	8.600810
0.248535	-0.978027	-0.070801	-3.007634	-0.465649	-0.793893	8.608683
0.254639	-0.987549	-0.071533	-2.763359	-0.465649	-0.801527	8.616712
0.252930	-0.996094	-0.072510	-2.473282	0.145038	-0.290076	8.625254
0.261230	-0.986084	-0.065918	-2.297710	0.511450	0.374046	8.635776
0.246094	-0.991943	-0.066650	-2.229008	1.595420	0.603053	8.645945
0.242676	-0.989502	-0.073730	-2.022901	2.229008	0.580153	8.655940
0.241943	-0.984131	-0.070312	-2.343511	2.480916	0.496183	8.665972
0.251953	-0.990723	-0.072754	-1.786260	2.221374	0.122137	8.676294
0.253174	-0.993408	-0.069336	-1.190840	1.900763	0.389313	8.686643
0.240479	-0.999512	-0.068115	-0.572519	1.534351	0.656489	8.696536
0.233643	-0.997803	-0.060059	-0.396947	0.671756	1.061069	8.706728
0.236328	-0.982422	-0.065430	-1.122137	0.267176	1.198473	8.716906
0.243896	-0.987305	-0.070068	-1.190840	0.320611	0.931298	8.726928
0.243652	-0.995117	-0.076904	-0.633588	0.717557	1.145038	8.736940
0.251709	-0.992188	-0.083740	-0.496183	1.404580	1.832061	8.747148
0.239990	-0.984863	-0.069092	-0.526718	2.145038	1.870229	8.757392
0.246826	-0.976807	-0.069824	-1.015267	2.305344	1.435115	8.767714
0.245850	-0.991455	-0.068604	-0.916031	2.480916	0.549618	8.777746
0.248291	-0.986572	-0.077148	-1.099237	2.480916	0.374046	8.787814
0.236816	-0.980957	-0.074707	-1.076336	2.000000	-0.641221	8.797950
0.239990	-0.971436	-0.075195	-1.328244	1.488550	-1.152672	8.808319
0.235596	-0.972412	-0.061768	-1.374046	1.374046	-0.687023	8.818410
0.237793	-0.976562	-0.075684	-1.824427	0.824427	0.175573	8.828425
0.242920	-0.975098	-0.054199	-1.763359	0.679389	0.961832	8.838472
0.238037	-0.983154	-0.054443	-2.045802	0.717557	1.458015	8.848885
0.242676	-0.993652	-0.062500	-1.824427	0.274809	1.496183	8.859021
0.247070	-0.992188	-0.056396	-1.900763	0.625954	1.145038	8.869445
0.250244	-1.001465	-0.059814	-1.366412	1.076336	1.251908	8.879449
0.237549	-0.987061	-0.072021	-1.381679	1.343511	1.114504	8.889788
0.240234	-0.987061	-0.062988	-1.083969	1.396947	0.381679	8.899854
0.228027	-0.992432	-0.082764	-0.931298	1.465649	0.206107	8.910125
0.238770	-0.986084	-0.073975	-1.045802	1.213740	0.854962	8.920305
0.234619	-0.983398	-0.063721	-1.297710	0.870229	1.114504	8.930398
0.244873	-0.982178	-0.067627	-1.549618	0.458015	1.580153	8.940371
0.248535	-0.983398	-0.061279	-1.809160	0.045802	1.541985	8.950766
0.235352	-0.991699	-0.065918	-1.877863	0.160305	1.374046	8.960816
0.244629	-0.991455	-0.071533	-1.572519	0.206107	1.267176	8.970769
0.243652	-0.986328	-0.069580	-1.748092	0.267176	0.610687	8.980732
0.234619	-0.997559	-0.070068	-2.022901	0.725191	-0.053435	8.990985
0.245850	-1.001221	-0.067627	-1.564885	0.236641	-0.671756	9.001308
0.243164	-0.988281	-0.062500	-1.885496	-0.045802	-0.511450	9.011322
0.238037	-0.986084	-0.066406	-2.557252	-0.419847	-0.633588	9.021420
0.239502	-0.971924	-0.060059	-2.893130	-0.717557	-0.244275	9.031458
0.235596	-0.976074	-0.073486	-3.076336	-0.221374	0.244275	9.041532
0.233887	-0.976807	-0.092041	-3.389313	0.175573	0.824427	9.051770
0.229980	-0.974121	-0.076416	-3.358779	0.625954	1.022901	9.061875
0.252441	-0.978760	-0.071289	-2.954198	1.099237	1.015267	9.071952
0.246826	-0.983398	-0.065430	-2.847328	1.465649	1.229008	9.082147
0.252930	-0.978516	-0.079834	-2.603053	1.305344	1.305344	9.091994
0.243408	-0.977539	-0.069824	-1.694656	1.473282	0.717557	9.102158
0.244141	-0.980713	-0.063965	-1.473282	0.877863	-0.244275	9.112231
0.244629	-0.968994	-0.063232	-2.465649	0.511450	-0.847328	9.122473
0.232422	-0.979736	-0.062744	-2.832061	1.236641	-0.419847	9.132559
0.240479	-0.984863	-0.064941	-1.824427	1.755725	-0.099237	9.142573
0.232422	-0.989990	-0.066650	-1.312977	1.748092	0.190840	9.152751
0.246094	-0.984131	-0.064453	-1.564885	1.816794	0.824427	9.162904
0.238037	-0.990234	-0.076904	-2.000000	1.442748	1.167939	9.173057
0.241699	-0.984863	-0.063477	-2.366412	0.740458	1.106870	9.183812
0.235840	-0.982178	-0.065430	-3.106870	-0.068702	1.122137	9.194004
0.243408	-0.995605	-0.052246	-3.137405	-0.610687	0.717557	9.204366
0.242676	-0.990967	-0.052734	-3.198473	-0.465649	1.038168	9.214486
0.247314	-0.996094	-0.050293	-2.526718	-0.061069	1.030534	9.224643
0.242920	-0.990967	-0.060547	-2.015267	0.435115	0.633588	9.234380
0.249268	-0.988525	-0.072754	-1.633588	0.786260	0.328244	9.244698
0.245850	-0.989746	-0.055176	-1.946565	0.625954	0.427481	9.254890
0.243164	-0.984619	-0.057129	-2.618321	0.595420	0.473282	9.265046
0.245361	-0.992920	-0.074463	-2.206107	-0.045802	0.175573	9.275152
0.253662	-0.997559	-0.064209	-1.961832	-0.435115	0.793893	9.285545
0.246094	-0.999023	-0.068848	-2.335878	-0.961832	0.496183	9.295590
0.233887	-0.993652	-0.062744	-2.770992	-0.450382	0.938931	9.305690
0.238037	-0.991943	-0.065186	-2.198473	-0.732824	0.832061	9.315825
0.248047	-0.991699	-0.071289	-1.549618	-0.633588	0.702290	9.325884
0.250000	-0.987305	-0.071289	-1.282443	-0.404580	0.740458	9.335644
0.248779	-0.995605	-0.068115	-1.236641	0.343511	0.748092	9.345903
0.245850	-0.994629	-0.056152	-1.351145	0.618321	1.190840	9.356234
0.250244	-0.996094	-0.072021	-1.198473	0.816794	0.633588	9.366739
0.240967	-0.989502	-0.062744	-0.862595	1.030534	-0.137405	9.376946
0.239258	-0.983887	-0.063232	-0.763359	1.160305	-0.526718	9.387035
0.235352	-0.973145	-0.063232	-1.000000	0.770992	-0.870229	9.397042
0.239502	-0.971924	-0.065430	-1.450382	0.809160	-1.183206	9.407669
0.240723	-0.984619	-0.056885	-1.618321	0.969466	-0.465649	9.417867
0.244141	-0.978271	-0.050293	-1.984733	0.748092	0.167939	9.427950
0.239502	-0.983154	-0.058105	-2.511450	0.885496	0.656489	9.437927
0.238770	-0.982910	-0.067627	-2.503817	0.427481	0.694656	9.447893
0.234619	-0.980469	-0.069092	-1.969466	0.076336	0.694656	9.458279
0.244141	-0.976562	-0.066895	-1.969466	0.045802	0.335878	9.468179
0.246582	-0.978760	-0.078613	-2.236641	0.091603	-0.122137	9.478426
0.239990	-0.978271	-0.065918	-2.450382	0.068702	-0.305344	9.488732
0.239014	-0.989746	-0.059814	-2.641221	0.633588	-0.328244	9.499063
0.239258	-0.983887	-0.070312	-2.816794	1.473282	0.022901	9.509229
0.237305	-0.979980	-0.063477	-2.076336	1.061069	0.351145	9.519201
0.219238	-0.968262	-0.069824	-1.366412	1.022901	0.755725	9.529378
0.231445	-0.970459	-0.068848	-1.190840	0.595420	1.435115	9.539229
0.237549	-0.972168	-0.069580	-1.664122	-0.145038	2.152672	9.549551
0.242432	-0.980957	-0.063232	-1.580153	0.030534	2.427481	9.559876
0.249268	-0.980713	-0.061768	-1.366412	0.076336	2.595420	9.569894
0.241943	-0.989014	-0.061768	-2.045802	0.167939	2.045802	9.579825
0.242432	-0.988525	-0.062988	-2.687023	0.564885	1.068702	9.590001
0.240723	-0.990234	-0.081055	-2.916031	1.038168	0.068702	9.600163
0.239014	-0.992432	-0.064697	-2.770992	0.870229	0.122137	9.610262
0.242432	-0.988037	-0.063965	-3.007634	0.839695	-0.015267	9.620508
0.239502	-0.985107	-0.070312	-3.122137	0.480916	0.290076	9.630679
0.240234	-0.995117	-0.065186	-2.633588	-0.122137	0.992366	9.640544
0.248779	-0.993652	-0.072754	-2.519084	-0.312977	1.419847	9.650801
0.252686	-0.999268	-0.056396	-2.236641	-0.206107	1.358779	9.660760
0.249512	-1.000244	-0.058350	-2.404580	0.183206	0.908397	9.671183
0.243164	-0.995117	-0.061523	-2.335878	0.450382	0.702290	9.681088
0.251221	-0.996094	-0.070557	-2.297710	0.793893	-0.229008	9.691177
0.255127	-1.008057	-0.062744	-1.465649	1.259542	-0.519084	9.701082
0.255615	-1.013672	-0.055664	-0.114504	1.358779	-0.015267	9.712979
0.248047	-1.005127	-0.055664	0.480916	1.450382	0.854962	9.724202
0.249756	-0.998047	-0.061523	0.083969	0.908397	0.213740	9.734319
0.251465	-0.993408	-0.068848	-0.625954	0.450382	0.312977	9.744382
0.243652	-0.991943	-0.070312	-0.366412	0.580153	-0.152672	9.754770
0.248779	-0.998047	-0.065918	-0.282443	1.122137	-0.022901	9.764983
0.254639	-0.985596	-0.065918	-0.099237	2.007634	-0.083969	9.774914
0.244385	-0.981689	-0.068115	-0.908397	2.328244	-0.450382	9.784990
0.240234	-0.968750	-0.064697	-1.854962	2.526718	-0.916031	9.795367
0.251465	-0.987061	-0.069092	-2.206107	2.374046	-1.374046	9.805636
0.242676	-0.979004	-0.069580	-2.503817	2.572519	-1.312977	9.815716
0.233887	-0.979004	-0.081543	-2.465649	1.770992	-1.702290	9.825733
0.239258	-0.972900	-0.070068	-2.404580	1.358779	-1.885496	9.835793
0.241943	-0.967773	-0.061768	-1.946565	1.083969	-1.725191	9.845633
0.245361	-0.973877	-0.060059	-1.633588	1.053435	-1.236641	9.855857
0.246826	-0.967773	-0.062256	-1.801527	1.244275	-0.938931	9.865771
0.242188	-0.979004	-0.060791	-1.938931	2.106870	-0.145038	9.875822
0.243408	-0.959229	-0.054443	-2.480916	1.946565	0.007634	9.885766
0.237549	-0.959717	-0.063232	-3.022901	2.534351	0.099237	9.896068
0.233154	-0.973145	-0.056152	-3.236641	2.992366	0.587786	9.906651
0.242432	-0.978271	-0.049561	-2.251908	2.328244	0.709924	9.916885
0.242920	-0.977539	-0.045898	-1.854962	1.893130	1.175573	9.928787
0.227783	-0.970703	-0.051514	-2.274809	1.458015	1.236641	9.940505
0.223389	-0.960938	-0.051025	-2.839695	1.160305	1.305344	9.952474
0.231689	-0.967773	-0.060791	-2.687023	0.877863	1.435115	9.963929
0.223633	-0.974609	-0.048096	-2.763359	0.931298	1.816794	9.975412
0.238770	-0.981934	-0.044434	-3.053435	0.022901	2.236641	9.986952
0.237793	-0.989746	-0.048340	-3.519084	-0.473282	2.671756	9.998819
0.234375	-0.984375	-0.060059	-3.870229	-0.946565	2.488550	10.010558
0.238037	-0.983887	-0.049316	-3.809160	-1.450382	1.816794	10.022195
0.241943	-0.984619	-0.063965	-3.061069	-1.526718	1.282443	10.033782
0.243652	-0.988037	-0.057617	-2.648855	-0.633588	1.580153	10.045108
0.240234	-0.981201	-0.052734	-2.809160	0.549618	1.992366	10.057110
0.240967	-0.994629	-0.042236	-1.511450	0.648855	2.076336	10.068616
0.244385	-0.998047	-0.051514	-1.091603	0.801527	2.404580	10.080311
0.240723	-0.990479	-0.059570	-1.053435	0.656489	2.328244	10.091815
0.236816	-0.994385	-0.052246	-1.419847	-0.221374	1.923664	10.103821
0.234375	-0.987061	-0.067139	-2.099237	-0.916031	2.083969	10.115316
0.241699	-0.986328	-0.058594	-2.549618	-1.030534	2.183206	10.127419
0.251465	-0.999756	-0.049561	-2.435115	-0.717557	2.503817	10.138936
0.249268	-1.000977	-0.058105	-2.167939	-0.183206	2.519084	10.150970
0.248047	-0.997559	-0.062500	-2.236641	-0.091603	1.625954	10.162769
0.242676	-1.003906	-0.051514	-2.091603	0.358779	0.786260	10.174314
0.241455	-0.988037	-0.070068	-2.038168	0.229008	0.335878	10.185781
0.243164	-0.994629	-0.078125	-1.534351	-0.053435	-0.198473	10.197171
0.241455	-0.989746	-0.061768	-1.656489	0.106870	0.030534	10.208953
0.249512	-0.992432	-0.058594	-2.030534	-0.282443	0.213740	10.220754
0.245361	-1.000488	-0.053467	-2.503817	-0.030534	0.183206	10.232220
0.245850	-0.987061	-0.064941	-3.076336	-0.236641	0.389313	10.243828
0.243408	-0.986084	-0.070801	-2.916031	-0.351145	-0.190840	10.255475
0.250732	-0.986572	-0.059570	-2.740458	-0.366412	-0.610687	10.267063
0.252930	-0.989990	-0.059570	-3.152672	0.099237	-0.419847	10.278719
0.250000	-0.982178	-0.069580	-2.847328	0.717557	-0.053435	10.290692
0.245605	-0.996094	-0.072266	-2.183206	1.175573	0.038168	10.302552
0.249023	-0.986084	-0.068604	-2.068702	0.709924	0.045802	10.314105
0.240723	-0.990479	-0.067627	-2.809160	0.702290	-0.129771	10.325788
0.242676	-0.978271	-0.080566	-3.312977	0.343511	-1.946565	10.337313
0.240723	-0.981445	-0.075684	-2.412214	-0.083969	0.129771	10.349024
0.247070	-0.993408	-0.068604	-2.167939	0.167939	0.213740	10.360596
0.248535	-0.975342	-0.063721	-2.030534	0.206107	0.931298	10.372363
0.248291	-0.987061	-0.065430	-2.091603	0.656489	0.725191	10.383824
0.243164	-0.979980	-0.072998	-2.854962	0.312977	0.007634	10.395384
0.243164	-0.991211	-0.078369	-3.526718	0.770992	-0.732824	10.407182
0.246338	-0.985840	-0.068604	-3.511450	1.160305	-1.442748	10.418790
0.246826	-0.987549	-0.071289	-3.717557	1.885496	-1.320611	10.430350
0.244385	-0.986816	-0.060059	-3.534351	2.526718	-0.793893	10.442054
0.234863	-0.989502	-0.060303	-3.022901	2.763359	-0.557252	10.453898
0.229736	-0.988770	-0.070557	-2.816794	2.328244	-0.618321	10.465731
0.231201	-0.984619	-0.071533	-2.396947	1.511450	-0.694656	10.477227
0.238770	-0.990479	-0.073730	-2.419847	0.534351	-0.625954	10.488925
0.247559	-0.986084	-0.066406	-3.122137	0.015267	-0.221374	10.500529
0.249023	-0.988770	-0.058838	-3.763359	-0.030534	0.099237	10.512291
0.248779	-0.990234	-0.054443	-3.488550	0.412214	-1.916031	10.523836
0.249512	-0.996094	-0.051025	-2.748092	1.190840	0.015267	10.535360
0.242432	-0.998779	-0.059570	-1.816794	2.419847	0.435115	10.546908
0.238281	-0.984375	-0.065186	-1.442748	2.374046	0.503817	10.558788
0.239014	-0.978516	-0.059570	-1.389313	2.099237	0.053435	10.570454
0.237549	-0.974609	-0.065186	-1.335878	1.473282	-0.870229	10.581850
0.247070	-0.978271	-0.054688	-2.099237	0.969466	-0.435115	10.593822
0.239502	-0.984619	-0.051025	-3.206107	1.137405	0.519084	10.605772
0.224365	-0.983887	-0.055908	-2.809160	1.305344	0.862595	10.617203
0.232178	-0.984375	-0.070557	-2.320611	0.755725	0.839695	10.628770
0.234131	-0.977295	-0.064453	-2.435115	0.442748	1.305344	10.640276
0.243408	-0.977783	-0.072510	-2.030534	0.320611	1.068702	10.651917
0.242920	-0.983643	-0.054443	-2.068702	0.580153	1.244275	10.663614
0.249512	-0.979248	-0.059082	-2.122137	0.671756	0.748092	10.675103
0.236328	-0.987793	-0.070312	-1.587786	1.366412	0.511450	10.686749
0.230469	-0.985352	-0.057861	-1.633588	1.366412	0.381679	10.699089
0.236816	-0.981934	-0.057373	-1.419847	0.954198	0.374046	10.710988
0.245850	-0.975342	-0.056396	-1.435115	1.015267	0.885496	10.722560
0.241211	-0.975098	-0.056641	-2.267176	0.793893	3.893130	10.734377
0.241455	-0.982910	-0.063965	-2.511450	0.984733	1.603053	10.745719
0.241943	-0.990723	-0.064453	-2.198473	0.770992	1.206107	10.757769
0.236084	-0.993896	-0.070068	-2.160305	0.687023	0.656489	10.769471
0.242188	-0.990967	-0.054199	-2.358779	0.786260	0.564885	10.780974
0.250000	-0.995361	-0.055176	-2.610687	0.366412	0.717557	10.792542
0.249756	-0.988525	-0.055908	-2.977099	-0.236641	0.824427	10.804272
0.249023	-0.998047	-0.049561	-2.793893	-0.351145	0.755725	10.815783
0.250000	-0.995605	-0.050781	-2.503817	-0.427481	1.175573	10.827286
0.245117	-0.985107	-0.066895	-2.007634	-0.236641	0.679389	10.839225
0.235596	-0.988770	-0.077881	-2.061069	0.282443	-0.160305	10.851435
0.238037	-0.977539	-0.062256	-2.190840	0.404580	-0.664122	10.863309
0.241943	-0.988525	-0.063232	-3.198473	0.893130	-0.801527	10.874994
0.242920	-0.988770	-0.058105	-3.595420	1.061069	0.122137	10.886414
0.236572	-0.987305	-0.052734	-3.152672	0.725191	0.251908	10.897916
0.236572	-0.989258	-0.064697	-2.961832	-0.007634	0.656489	10.910207
0.237549	-0.993896	-0.062256	-2.396947	-0.633588	0.938931	10.921883
0.245850	-0.984131	-0.058594	-2.083969	-0.465649	1.145038	10.933273
0.251709	-0.985840	-0.055176	-2.259542	-0.366412	0.694656	10.944832
0.244385	-0.993896	-0.070557	-2.595420	0.488550	0.038168	10.956798
0.238037	-0.990967	-0.073975	-2.175573	1.320611	-0.259542	10.968479
0.240723	-0.988281	-0.069580	-1.679389	1.633588	-0.458015	10.980126
0.244629	-0.976318	-0.072021	-1.732824	1.290076	-0.251908	10.991560
0.239502	-0.970947	-0.062988	-1.916031	1.007634	1.000000	11.003294
0.240479	-0.980957	-0.049805	-1.137405	0.114504	1.442748	11.015168
0.237793	-0.980957	-0.062744	-0.977099	0.290076	2.190840	11.026626
0.243652	-0.978516	-0.065430	-2.259542	0.305344	2.404580	11.038297
0.246826	-0.987061	-0.065186	-3.106870	0.465649	1.412214	11.050430
0.236084	-0.991211	-0.058350	-3.419847	0.442748	0.633588	11.062041
0.249512	-0.989502	-0.052002	-4.007634	0.007634	-0.259542	11.073731
0.242676	-0.995117	-0.064453	-3.717557	0.389313	-0.694656	11.085380
0.246094	-1.000977	-0.053467	-2.717557	-0.259542	-0.167939	11.096837
0.245361	-0.995117	-0.063965	-2.603053	-0.389313	0.221374	11.108641
0.242676	-0.989258	-0.063477	-2.717557	-0.190840	0.206107	11.120195
0.241943	-0.990723	-0.075684	-3.312977	-0.190840	-0.114504	11.131733
0.251221	-0.996582	-0.069824	-3.396947	0.305344	-0.221374	11.143494
0.248535	-0.991699	-0.067627	-3.396947	1.633588	1.938931	11.155511
0.242676	-0.999268	-0.060303	-2.625954	1.969466	0.068702	11.167542
0.242920	-0.990234	-0.074463	-2.160305	2.328244	-1.954198	11.179092
0.243896	-0.985840	-0.069580	-1.580153	2.106870	0.068702	11.190747
0.238770	-0.973389	-0.075928	-0.900763	1.793893	-0.496183	11.202619
0.242920	-0.975830	-0.069824	-1.473282	1.770992	-0.160305	11.214179
0.238525	-0.979980	-0.066406	-2.038168	1.778626	0.251908	11.225596
0.240234	-0.983643	-0.064697	-2.267176	1.725191	-0.022901	11.237087
0.245117	-0.984863	-0.059082	-2.374046	1.603053	0.099237	11.248781
0.235352	-0.982666	-0.051270	-1.969466	1.244275	0.053435	11.260809
0.242676	-0.979248	-0.053955	-2.503817	1.167939	0.145038	11.272439
0.239990	-0.978271	-0.061768	-2.610687	0.603053	0.099237	11.283605
0.236816	-0.984619	-0.077637	-2.778626	0.625954	-0.030534	11.294876
0.243896	-0.984863	-0.058838	-2.900763	0.259542	0.267176	11.306180
0.241211	-0.992432	-0.060791	-3.160305	0.183206	0.229008	11.317449
0.245605	-0.987061	-0.058594	-3.053435	0.320611	0.396947	11.329165
0.247314	-0.990967	-0.057861	-2.129771	0.221374	0.389313	11.341149
0.249512	-0.989258	-0.069092	-2.061069	0.404580	0.396947	11.353006
0.250244	-0.986572	-0.056641	-1.770992	0.717557	0.687023	11.364701
0.248291	-0.996582	-0.062256	-0.824427	1.259542	0.618321	11.375958
0.248047	-0.990479	-0.064941	-0.923664	1.419847	0.557252	11.387701
0.245117	-0.988525	-0.066895	-1.717557	0.786260	0.374046	11.399659
0.251465	-0.987549	-0.076172	-2.015267	0.305344	0.152672	11.411370
0.251221	-0.991699	-0.062256	-2.381679	0.610687	0.618321	11.422911
0.246582	-0.991211	-0.055420	-2.374046	0.839695	0.412214	11.434020
0.241455	-0.996582	-0.060059	-1.603053	1.480916	0.274809	11.445826
0.247559	-0.974854	-0.073486	-1.412214	1.603053	0.236641	11.457905
0.244873	-0.979248	-0.070068	-2.167939	2.450382	-0.954198	11.469388
0.247803	-0.978271	-0.058838	-1.893130	2.213740	-0.977099	11.481329
0.243652	-0.972412	-0.058594	-2.595420	2.328244	-0.480916	11.493147
0.238281	-0.972412	-0.062012	-3.229008	1.969466	-0.503817	11.504703
0.232910	-0.978760	-0.057129	-2.664122	2.022901	-0.015267	11.516279
0.226562	-0.970215	-0.054932	-2.114504	1.267176	0.679389	11.527688
0.230469	-0.979736	-0.055176	-1.900763	1.068702	0.961832	11.539357
0.239746	-0.975342	-0.057129	-2.122137	0.435115	1.541985	11.551553
0.240234	-0.985596	-0.058594	-2.671756	0.404580	1.503817	11.562865
0.237305	-0.986328	-0.066650	-2.465649	0.282443	1.091603	11.574732
0.233643	-0.991699	-0.059326	-2.106870	0.091603	1.030534	11.586651
0.238770	-0.975586	-0.057617	-1.992366	1.938931	0.458015	11.598560
0.236084	-0.979248	-0.058350	-1.854962	0.229008	0.603053	11.609654
0.247803	-0.982422	-0.053223	-1.274809	0.793893	1.312977	11.621581
0.232666	-0.977783	-0.048828	-1.519084	1.290076	1.763359	11.632786
0.245605	-0.984619	-0.067871	-2.305344	0.396947	1.961832	11.644533
0.242920	-0.988281	-0.067871	-2.343511	-0.152672	1.534351	11.656341
0.245361	-0.983887	-0.074707	-2.809160	-0.770992	1.496183	11.667709
0.236084	-0.993408	-0.061035	-2.717557	-0.709924	1.068702	11.679500
0.235840	-0.998779	-0.055176	-1.427481	-0.717557	0.748092	11.691054
0.251709	-0.997070	-0.042480	-0.778626	-0.366412	0.687023	11.702881
0.239014	-0.989990	-0.051758	-0.732824	0.824427	0.908397	11.717293
0.233398	-0.988525	-0.057861	-1.740458	0.679389	1.236641	11.728583
0.238281	-0.985596	-0.062012	-1.946565	0.702290	1.213740	11.740180
0.242920	-0.980469	-0.057373	-2.419847	-0.167939	1.152672	11.752052
0.240234	-0.983398	-0.058838	-3.335878	-0.335878	0.549618	11.763763
0.243896	-0.988770	-0.052246	-2.328244	-0.755725	-0.129771	11.775343
0.260742	-0.989014	-0.064453	-2.160305	-0.687023	-0.229008	11.786954
0.245361	-0.986816	-0.061768	-2.687023	-0.396947	-0.290076	11.798918
0.236084	-0.991211	-0.053711	-3.022901	-0.167939	-0.183206	11.810370
0.239990	-0.989502	-0.054443	-3.290076	-0.412214	0.229008	11.822149
0.255371	-0.998047	-0.062256	-3.809160	-1.183206	0.198473	11.833472
0.235107	-0.995850	-0.057129	-2.984733	-1.251908	0.694656	11.845706
0.246094	-0.992676	-0.062500	-1.503817	-1.274809	0.847328	11.857588
0.247803	-0.982666	-0.066162	-0.496183	-1.267176	0.076336	11.869319
0.243652	-0.982666	-0.049316	0.099237	-0.251908	-0.282443	11.880902
0.237793	-0.987061	-0.059570	-0.297710	0.580153	0.190840	11.892296
0.238037	-0.974854	-0.063477	-1.580153	0.877863	0.664122	11.903702
0.235352	-0.977051	-0.072021	-2.404580	0.610687	0.809160	11.915055
0.241943	-0.973145	-0.073975	-3.541985	-0.152672	1.290076	11.926278
0.249512	-0.984131	-0.070801	-3.847328	-0.312977	1.381679	11.935747
0.243652	-0.988281	-0.071777	-3.809160	-0.801527	1.137405	11.945352
0.246338	-0.987305	-0.073975	-3.328244	-1.068702	0.763359	11.954736
0.242188	-0.987061	-0.074951	-2.320611	-0.870229	0.190840	11.964127
0.249512	-0.982910	-0.071289	-1.664122	-0.236641	-0.167939	11.973555
0.243164	-0.981201	-0.075195	-2.030534	0.557252	-0.557252	11.982916
0.236816	-0.976807	-0.067383	-3.251908	0.603053	-0.755725	11.992020
0.244629	-0.966064	-0.064453	-4.076336	0.847328	-0.923664	12.001488
0.243652	-0.988281	-0.065674	-4.030534	1.274809	-0.595420	12.010747
0.238281	-0.990479	-0.066406	-3.190840	1.167939	0.305344	12.020139
0.247070	-0.984375	-0.076172	-3.221374	0.832061	0.732824	12.029373
0.246582	-0.982910	-0.074707	-3.366412	0.358779	1.114504	12.038631
0.247070	-0.993164	-0.065918	-3.175573	-0.236641	1.259542	12.047774
0.247559	-0.992920	-0.066650	-2.770992	0.030534	1.984733	12.057274
0.250488	-0.990234	-0.077148	-2.129771	-0.343511	1.824427	12.066711
0.246582	-0.990234	-0.069824	-1.870229	0.274809	1.312977	12.076060
0.248535	-0.982910	-0.067139	-2.267176	0.366412	0.916031	12.085129
0.245361	-0.978516	-0.068359	-2.977099	0.877863	0.633588	12.094490
0.243164	-0.984131	-0.047119	-3.526718	1.595420	0.679389	12.103955
0.237549	-0.988037	-0.068359	-3.061069	1.763359	0.679389	12.113205
0.246338	-0.985107	-0.058105	-2.679389	1.541985	1.030534	12.122718
0.236816	-0.985107	-0.065186	-2.404580	1.381679	1.190840	12.131869
0.241211	-0.986328	-0.052002	-2.435115	0.938931	1.320611	12.141136
0.238770	-0.988281	-0.065918	-2.213740	0.152672	0.854962	12.150611
0.243652	-0.988525	-0.064453	-2.259542	-0.564885	0.687023	12.159712
0.234375	-0.998535	-0.071289	-2.083969	-0.488550	0.473282	12.168922
0.243408	-0.986328	-0.055664	-2.496183	-0.381679	0.099237	12.178285
0.240234	-0.984375	-0.062012	-3.389313	0.312977	0.221374	12.187563
0.243896	-0.993408	-0.062744	-3.503817	1.053435	0.022901	12.196574
0.237549	-0.988281	-0.064941	-3.419847	1.931298	-0.274809	12.205959
0.233887	-0.992920	-0.063721	-3.312977	2.328244	0.091603	12.214832
0.233887	-0.989014	-0.066895	-2.587786	2.595420	0.595420	12.223247
0.236572	-0.983398	-0.059082	-2.015267	2.641221	0.770992	12.233153
0.242432	-0.980713	-0.062256	-2.076336	2.007634	0.893130	12.244764
0.236084	-0.985596	-0.065186	-1.778626	1.229008	0.778626	12.256501
0.237061	-0.990234	-0.063965	-1.595420	0.618321	0.618321	12.268455
0.232666	-0.985352	-0.079102	-1.725191	0.083969	0.435115	12.279773
0.239746	-0.979736	-0.070801	-3.015267	-0.251908	0.389313	12.291502
0.239502	-0.985840	-0.054443	-3.648855	0.061069	0.969466	12.303277
0.249756	-0.998291	-0.064697	-2.053435	0.763359	1.473282	12.314914
0.243652	-1.002197	-0.077393	0.076336	2.290076	1.786260	12.326412
0.245605	-1.003418	-0.073975	1.633588	3.312977	1.305344	12.337933
0.251221	-1.007080	-0.070312	3.396947	3.511450	-0.793893	12.349623
0.240967	-0.997070	-0.058105	2.648855	3.854962	-2.557252	12.361126
0.245850	-0.988525	-0.072998	0.244275	4.000000	-3.534351	12.372645
0.241699	-0.991211	-0.054688	-1.725191	3.305344	-3.977099	12.384324
0.244629	-0.995850	-0.036865	-1.152672	3.351145	-2.656489	12.395862
0.243408	-0.981934	-0.057373	-0.770992	3.236641	-0.961832	12.407628
0.240479	-0.995117	-0.052734	-0.862595	2.122137	0.145038	12.419362
0.248047	-0.986084	-0.057373	-1.267176	1.488550	1.000000	12.430786
0.239990	-0.992188	-0.055420	-1.351145	1.473282	0.045802	12.442281
0.252197	-0.987549	-0.051025	-1.671756	1.343511	-1.114504	12.454553
0.251709	-0.986328	-0.046387	-2.641221	1.267176	-1.824427	12.466145
0.252930	-0.982178	-0.052979	-3.114504	1.083969	-2.099237	12.477655
0.253418	-0.977051	-0.055908	-3.473282	0.931298	-1.419847	12.489285
0.239990	-0.997803	-0.050049	-2.320611	0.519084	0.213740	12.500899
0.240234	-0.976562	-0.050781	-1.312977	-0.091603	0.809160	12.512048
0.246826	-0.976807	-0.057617	-1.145038	-1.938931	1.320611	12.523129
0.248047	-0.976318	-0.070068	-1.007634	0.564885	0.923664	12.535413
0.241943	-0.976562	-0.068604	-0.786260	1.419847	0.763359	12.546939
0.236816	-0.975586	-0.065918	-2.053435	1.824427	-0.389313	12.559150
0.241455	-0.982178	-0.058594	-3.496183	2.022901	-0.725191	12.570811
0.245361	-0.985107	-0.058105	-3.160305	2.259542	0.053435	12.582593
0.246094	-0.979980	-0.061035	-2.007634	1.885496	0.877863	12.594019
0.253662	-0.977539	-0.057373	-1.404580	1.343511	1.366412	12.606563
0.243408	-0.976318	-0.051025	-2.274809	1.137405	1.404580	12.618134
0.242920	-0.981445	-0.062012	-2.229008	1.053435	1.061069	12.629491
0.240723	-0.976074	-0.055420	-1.709924	1.603053	0.633588	12.641112
0.232910	-0.975098	-0.055908	-0.961832	2.183206	0.045802	12.652949
0.246338	-0.978271	-0.059082	-1.923664	2.259542	0.435115	12.664530
0.237061	-0.966064	-0.056641	-3.053435	2.312977	1.061069	12.675912
0.233643	-0.975098	-0.057617	-3.419847	1.465649	1.587786	12.687270
0.238525	-0.978516	-0.055908	-3.687023	1.381679	1.671756	12.699336
0.244629	-0.981689	-0.060059	-3.152672	0.763359	1.961832	12.711040
0.233887	-0.983887	-0.058838	-2.908397	1.427481	2.061069	12.722723
0.244385	-0.982178	-0.058350	-2.572519	1.587786	1.419847	12.734480
0.250488	-0.990479	-0.052734	-2.770992	1.908397	0.793893	12.745949
0.243408	-0.985596	-0.052246	-3.022901	2.221374	0.893130	12.757652
0.240723	-0.982422	-0.055420	-3.519084	1.809160	0.992366	12.769352
0.242676	-0.982422	-0.060303	-4.198473	1.786260	0.954198	12.780913
0.236816	-0.985107	-0.058350	-3.282443	1.503817	1.694656	12.792278
0.235840	-0.988037	-0.063232	-2.557252	1.435115	1.931298	12.803582
0.245117	-0.980225	-0.068848	-3.160305	1.297710	1.900763	12.814780
0.240479	-0.982422	-0.043457	-2.580153	0.885496	1.847328	12.825989
0.249023	-0.996582	-0.053223	-1.893130	0.847328	1.396947	12.838108
0.243652	-0.992432	-0.063965	-2.473282	0.725191	1.755725	12.850097
0.244629	-1.001465	-0.060059	-2.038168	0.488550	1.564885	12.861806
0.236084	-0.993164	-0.059082	-1.557252	1.099237	2.221374	12.873261
0.239258	-0.988525	-0.051514	-2.236641	1.480916	2.030534	12.885384
0.236084	-0.986816	-0.055908	-2.328244	0.572519	1.564885	12.897322
