-0.094238	-0.115479	1.017090	-3.519084	5.793893	-4.656489	0.003884
-0.096436	-0.117676	1.042725	-3.045802	2.427481	-7.083969	0.011788
-0.096680	-0.090088	1.017578	-1.175573	0.564885	-7.740458	0.019363
-0.096191	-0.049561	1.003174	-0.351145	-0.633588	-6.572519	0.026893
-0.098145	-0.049561	0.967285	0.496183	-2.511450	-4.091603	0.034448
-0.094971	-0.054932	0.938721	-0.045802	-1.206107	-3.007634	0.042011
-0.095947	-0.063477	0.915527	0.618321	-0.412214	-2.213740	0.049527
-0.084961	-0.052002	0.890381	0.061069	0.496183	-0.969466	0.057067
-0.083496	-0.053711	0.890869	-0.389313	2.595420	0.282443	0.064557
-0.084717	-0.070557	0.896240	-1.526718	4.045802	0.770992	0.072188
-0.085449	-0.075195	0.923340	-2.061069	3.732824	1.290076	0.079832
-0.087402	-0.088135	0.972900	-4.267176	2.404580	0.427481	0.087383
-0.087402	-0.092773	0.981445	-6.877863	-0.145038	-1.206107	0.094886
-0.080078	-0.095703	0.991699	-9.916031	-2.587786	-2.809160	0.102381
-0.092773	-0.088867	0.984131	-12.908397	-4.755725	-4.030534	0.109899
-0.079346	-0.099609	0.992676	-14.091603	-6.847328	-5.549618	0.117401
-0.075928	-0.091797	0.979248	-12.938931	-7.251908	-6.114504	0.124938
-0.078125	-0.086182	0.955322	-10.488550	-6.854962	-6.450382	0.132485
-0.072510	-0.070312	0.924316	-8.236641	-5.251908	-5.793893	0.140011
-0.071533	-0.056396	0.900635	-5.137405	-2.343511	-4.763359	0.147567
-0.086426	-0.047607	0.885498	-5.122137	0.015267	-3.290076	0.155060
-0.089844	-0.054199	0.876953	-5.290076	2.656489	-2.488550	0.162582
-0.083008	-0.067139	0.897949	-5.083969	4.022901	-2.251908	0.170105
-0.081055	-0.074463	0.907715	-3.595420	6.198473	-2.099237	0.177682
-0.083984	-0.088135	0.923584	-0.954198	5.488550	-1.389313	0.185178
-0.082031	-0.067627	0.939941	-9.022901	6.908397	-3.129771	0.192714
-0.089111	-0.095459	0.936768	-5.091603	5.259542	-1.541985	0.200218
-0.091797	-0.105957	0.950439	-1.244275	2.984733	-0.984733	0.207716
-0.095459	-0.102783	0.962158	0.099237	1.427481	-1.106870	0.215190
-0.091064	-0.084229	0.970947	5.549618	0.656489	0.419847	0.223980
-0.087646	-0.093750	0.946289	7.412214	-0.893130	1.572519	0.233092
-0.082031	-0.075195	0.911865	7.190840	1.076336	0.938931	0.242509
-0.078613	-0.057129	0.911621	2.633588	3.114504	-0.954198	0.251981
-0.084961	-0.050049	0.898193	-1.496183	4.122137	-2.862595	0.261301
-0.072021	-0.069580	0.886230	-5.244275	6.671756	-3.625954	0.271233
-0.077148	-0.094727	0.907227	-4.396947	10.213740	-5.236641	0.282177
-0.079102	-0.085449	0.959717	-2.412214	9.916031	-6.900763	0.293072
-0.087891	-0.052002	0.954102	-1.229008	9.015267	-5.793893	0.305543
-0.090088	-0.045898	0.941650	-3.022901	6.725191	-3.557252	0.317576
-0.093262	-0.059570	0.931641	-5.328244	5.381679	-1.832061	0.329650
-0.085693	-0.084229	0.905762	-4.465649	6.305344	-1.358779	0.341637
-0.088623	-0.077393	0.928711	-4.793893	9.366412	-2.595420	0.354112
-0.097900	-0.084717	0.959229	-2.969466	9.587786	-2.381679	0.366069
-0.103271	-0.087891	0.967773	0.198473	8.190840	-2.572519	0.378460
-0.102539	-0.080811	0.968750	1.129771	6.648855	-3.603053	0.390146
-0.112793	-0.064453	0.973877	2.717557	3.656489	-3.511450	0.402095
-0.104736	-0.043945	0.966309	1.961832	0.709924	-2.053435	0.413909
-0.097168	-0.055420	0.925049	-0.358779	-0.160305	-1.030534	0.426232
-0.097412	-0.068359	0.915283	-3.312977	-0.335878	-1.045802	0.438186
-0.099854	-0.064453	0.904297	-5.083969	0.893130	-1.229008	0.449999
-0.085205	-0.064941	0.891602	-5.213740	3.916031	-0.152672	0.462010
-0.094971	-0.064941	0.907715	-5.160305	5.946565	0.442748	0.474096
-0.095215	-0.104980	0.926270	-6.076336	7.809160	-1.450382	0.486227
-0.093994	-0.072266	0.981201	-4.694656	6.679389	-3.015267	0.498232
-0.117188	-0.059326	1.011475	-2.564885	1.366412	-2.755725	0.510173
-0.103516	-0.045898	0.938477	-4.816794	-1.778626	-1.297710	0.522892
-0.101562	-0.093262	0.922607	-6.061069	-0.618321	-1.045802	0.534849
-0.105469	-0.074951	0.910645	-4.709924	0.419847	-0.755725	0.546922
-0.101807	-0.072266	0.899414	-3.381679	2.000000	0.160305	0.559032
-0.104004	-0.074707	0.892334	-1.427481	4.290076	0.977099	0.571216
-0.095215	-0.067871	0.884277	-1.541985	6.641221	1.427481	0.582420
-0.104736	-0.065674	0.901367	-2.595420	8.160305	1.839695	0.593545
-0.108154	-0.043701	0.915527	-4.145038	8.809160	3.305344	0.604536
-0.118652	-0.021973	0.939697	-8.595420	8.297710	7.603053	0.617162
-0.114258	-0.069336	0.966309	-13.694656	6.167939	10.290076	0.629302
-0.110596	-0.067627	1.007568	-15.938931	2.893130	9.015267	0.641430
-0.128906	-0.077148	0.990479	-18.938931	-2.755725	10.045802	0.653088
-0.095215	-0.080078	0.888672	-15.572519	-4.213740	11.603053	0.665377
-0.095703	-0.114502	0.911133	-17.580153	1.587786	11.015267	0.677657
-0.096924	-0.110596	0.930664	-13.801527	2.229008	8.564885	0.689821
-0.095459	-0.085693	0.885010	-12.809160	5.030534	9.358779	0.701767
-0.101807	-0.100098	0.922852	-11.595420	7.900763	10.603053	0.713789
-0.115967	-0.137451	0.956055	-9.122137	4.984733	8.290076	0.726083
-0.091797	-0.132568	0.967285	-8.335878	2.076336	5.900763	0.738114
-0.102539	-0.150146	0.951172	-8.213740	4.274809	2.717557	0.749776
-0.097168	-0.140625	0.946533	-6.786260	3.557252	-0.709924	0.762051
-0.103027	-0.129639	0.916260	-3.709924	4.610687	-2.908397	0.774342
-0.108154	-0.093506	0.922607	-1.236641	7.198473	-3.366412	0.786394
-0.112305	-0.097168	0.916748	0.725191	7.679389	-3.671756	0.798624
-0.115234	-0.119629	0.941406	-0.587786	8.106870	-5.274809	0.810590
-0.110352	-0.116943	0.926758	-1.114504	8.396947	-8.061069	0.822657
-0.115234	-0.107666	0.925293	-2.290076	11.709924	-9.419847	0.834505
-0.117676	-0.122070	0.955078	0.083969	9.328244	-10.160305	0.846502
-0.128418	-0.117432	0.996094	4.473282	8.038168	-10.961832	0.858833
-0.135986	-0.089600	0.975098	8.442748	4.068702	-11.114504	0.871057
-0.138428	-0.048828	0.922363	6.801527	2.534351	-9.030534	0.882690
-0.127686	-0.050781	0.886230	2.618321	3.198473	-6.290076	0.894923
-0.132080	-0.048828	0.868896	0.778626	5.137405	-3.305344	0.906956
-0.125244	-0.049072	0.896484	-3.244275	5.671756	-0.198473	0.919189
-0.115967	-0.106689	0.931641	-4.938931	4.893130	-0.412214	0.931202
-0.123779	-0.103516	0.957031	-4.122137	3.671756	-0.984733	0.943116
-0.132324	-0.109131	0.970459	-2.053435	1.526718	-1.885496	0.955064
-0.126221	-0.084229	0.927979	-2.183206	0.900763	-2.282443	0.967476
-0.125977	-0.081543	0.888184	-3.465649	3.786260	-2.641221	0.979453
-0.127441	-0.087891	0.913330	-4.374046	5.190840	-3.618321	0.991374
-0.125488	-0.089844	0.902100	-3.175573	6.526718	-4.152672	1.003114
-0.121826	-0.087158	0.920166	-3.198473	7.557252	-4.381679	1.015625
-0.130127	-0.077393	0.927734	-3.961832	7.595420	-3.984733	1.027095
-0.140625	-0.084229	0.926270	-4.305344	8.664122	-2.969466	1.038546
-0.135498	-0.105225	0.928223	-3.595420	8.167939	-3.137405	1.051077
-0.143311	-0.097900	0.955078	-0.625954	7.076336	-3.900763	1.063109
-0.139893	-0.067627	0.940186	0.061069	5.519084	-4.358779	1.075517
-0.137939	-0.066650	0.929443	-2.381679	4.328244	-3.480916	1.087396
-0.141113	-0.078125	0.920166	-5.167939	4.503817	-3.595420	1.099404
-0.135010	-0.069092	0.916016	-5.480916	4.328244	-1.755725	1.111401
-0.136475	-0.084717	0.926514	-6.328244	4.610687	-0.961832	1.123607
-0.140137	-0.095703	0.908203	-5.450382	5.213740	0.000000	1.135577
-0.136230	-0.109863	0.943848	-6.427481	4.992366	-1.465649	1.147539
-0.151367	-0.092773	0.971680	-4.954198	2.541985	-2.259542	1.159546
-0.152588	-0.066895	0.977051	-3.824427	-1.549618	-1.236641	1.171973
-0.153809	-0.052734	0.950439	-4.541985	-2.206107	1.954198	1.183953
-0.143066	-0.054688	0.929932	-5.824427	-0.175573	3.900763	1.196005
-0.158936	-0.058350	0.923096	-7.480916	0.961832	6.694656	1.207961
-0.155273	-0.048340	0.904297	-9.312977	3.183206	9.793893	1.219792
-0.166748	0.008301	0.901611	-10.160305	4.870229	17.465649	1.231411
-0.157227	-0.042480	0.921387	-17.114504	4.877863	23.259542	1.243136
-0.141357	-0.161621	0.956787	-19.633588	1.603053	23.396947	1.255102
-0.125000	-0.202148	0.962402	-14.938931	-0.618321	12.969466	1.267614
-0.126465	-0.153320	0.937500	-7.625954	-0.290076	7.106870	1.279634
-0.139160	-0.096436	0.941406	-3.358779	-0.938931	6.000000	1.291426
-0.151123	-0.078369	0.973877	-4.694656	-1.595420	7.396947	1.303506
-0.148193	-0.122070	0.943115	-8.526718	-5.687023	4.946565	1.315503
-0.149902	-0.007568	0.873779	-10.114504	-2.511450	11.961832	1.329272
-0.145020	-0.071777	0.864258	-16.427481	0.938931	17.343511	1.341783
-0.130615	-0.158203	0.862061	-15.480916	0.167939	13.282443	1.354440
-0.126465	-0.156738	0.862549	-10.854962	6.473282	8.961832	1.366937
-0.142334	-0.154297	0.931396	-4.442748	7.687023	7.213740	1.378912
-0.147949	-0.146240	0.998291	-1.633588	1.671756	3.847328	1.390537
-0.139648	-0.127686	0.987305	-4.595420	-2.450382	2.274809	1.402638
-0.142822	-0.117188	0.978516	-7.992366	-6.824427	0.694656	1.414535
-0.134766	-0.119873	0.918457	-10.091603	-7.206107	0.343511	1.426905
-0.129883	-0.128662	0.895020	-8.847328	-3.175573	-0.374046	1.439008
-0.134033	-0.133789	0.846436	-3.755725	1.251908	-1.641221	1.451104
-0.122314	-0.129639	0.843994	-2.091603	6.748092	-3.381679	1.462898
-0.127441	-0.137207	0.841797	0.938931	13.274809	-3.404580	1.475089
-0.131104	-0.179199	0.946777	3.763359	16.335878	-7.213740	1.487006
-0.150391	-0.149902	0.979248	7.786260	13.473282	-11.091603	1.498036
-0.164307	-0.079346	0.969971	6.679389	9.526718	-10.618321	1.510591
-0.171387	-0.071533	1.034180	5.251908	0.870229	-6.748092	1.522653
-0.166016	-0.049316	0.980469	-0.160305	-5.641221	-4.038168	1.534545
-0.154541	-0.034668	0.931396	-4.465649	-6.748092	1.114504	1.546789
-0.153076	-0.092285	0.929688	-7.045802	-5.511450	3.862595	1.558805
-0.142578	-0.104492	0.896973	-7.564885	-4.824427	3.412214	1.570775
-0.129395	-0.117432	0.868408	-6.366412	-0.458015	3.610687	1.582776
-0.124512	-0.126465	0.888672	-4.908397	4.450382	2.435115	1.594680
-0.132812	-0.134033	0.933350	-3.480916	4.839695	0.206107	1.606504
-0.138916	-0.135010	0.969971	-3.343511	3.557252	-1.122137	1.618537
-0.145508	-0.143799	0.986084	-4.473282	0.717557	-2.709924	1.630701
-0.151855	-0.115234	0.982422	-1.809160	-3.167939	-2.458015	1.642606
-0.138184	-0.102539	0.938232	-2.679389	-4.580153	0.251908	1.654624
-0.130615	-0.128174	0.889893	-3.412214	-2.992366	-0.389313	1.666968
-0.130615	-0.102783	0.858643	-4.358779	0.343511	-1.320611	1.679039
-0.135010	-0.089600	0.868164	-3.717557	4.748092	0.167939	1.691020
-0.141357	-0.127197	0.947754	-3.152672	4.946565	0.114504	1.702631
-0.140381	-0.149902	0.984131	-1.000000	1.587786	-2.610687	1.714751
-0.126953	-0.121094	0.945068	0.770992	-1.167939	-3.870229	1.726916
-0.130859	-0.118896	0.904053	-1.480916	0.114504	-3.671756	1.738884
-0.143799	-0.072754	0.899902	-1.068702	2.274809	-2.206107	1.750929
-0.156738	-0.063232	0.895752	-5.099237	2.770992	2.045802	1.762818
-0.140869	-0.100586	0.909180	-8.740458	2.213740	3.824427	1.775142
-0.142578	-0.104004	0.917236	-10.221374	2.961832	3.801527	1.786510
-0.139160	-0.133301	0.990723	-10.809160	1.114504	3.832061	1.797413
-0.138428	-0.161377	0.998779	-6.618321	-3.267176	-0.068702	1.809538
-0.146729	-0.134277	0.935547	-3.625954	-2.763359	-1.603053	1.821935
-0.140869	-0.118408	0.938477	-2.099237	-1.786260	-2.725191	1.833995
-0.138184	-0.100342	0.923340	-0.427481	-2.923664	-3.572519	1.846045
-0.143066	-0.082520	0.897461	-1.213740	-0.213740	-3.847328	1.857899
-0.139404	-0.093750	0.884521	-2.320611	3.206107	-0.480916	1.869401
-0.143311	-0.112793	0.913330	-2.190840	4.702290	-0.435115	1.881610
-0.150879	-0.101807	0.926270	-2.770992	6.969466	0.000000	1.893416
-0.153809	-0.121094	0.956299	-3.038168	3.396947	-0.877863	1.905218
-0.150635	-0.108398	0.939697	-3.618321	0.870229	-1.427481	1.918312
-0.145752	-0.127930	0.946045	-3.618321	-0.496183	-2.587786	1.929482
-0.148682	-0.097900	0.945801	-3.625954	-2.099237	-3.969466	1.946111
-0.142822	-0.102051	0.907227	-5.374046	-0.931298	-3.106870	1.959161
-0.142334	-0.103760	0.904541	-5.404580	-0.625954	-3.656489	1.971265
-0.133789	-0.098877	0.883789	-5.335878	1.557252	-2.328244	1.983177
-0.128174	-0.115234	0.884766	-4.580153	3.801527	-1.870229	1.995123
-0.122803	-0.117188	0.889404	-1.969466	5.992366	-2.068702	2.006954
-0.136475	-0.119629	0.912842	-1.000000	7.297710	-2.045802	2.019091
-0.143555	-0.139648	0.954590	-1.091603	5.229008	-3.534351	2.030935
-0.142578	-0.136230	0.944580	-0.748092	3.938931	-5.847328	2.043137
-0.150635	-0.123291	0.946289	0.984733	2.320611	-7.610687	2.055158
-0.150146	-0.097656	0.927490	0.870229	0.946565	-8.587786	2.068051
-0.155029	-0.087646	0.912842	-0.274809	1.389313	-7.282443	2.080552
-0.142334	-0.094482	0.892578	-1.870229	2.358779	-6.473282	2.092755
-0.137207	-0.108154	0.895752	-1.709924	4.847328	-6.053435	2.105016
-0.148682	-0.097168	0.882324	0.450382	7.778626	-5.328244	2.117044
-0.156738	-0.097168	0.944092	0.870229	7.236641	-4.076336	2.128938
-0.155762	-0.096191	0.946289	-0.206107	4.175573	-3.541985	2.141082
-0.154297	-0.104004	0.942871	-2.763359	3.106870	-2.694656	2.153055
-0.150635	-0.108887	0.934814	-4.358779	1.480916	-2.961832	2.165075
-0.158691	-0.093750	0.915771	-4.282443	1.083969	-2.725191	2.177188
-0.157471	-0.105469	0.923584	-4.763359	0.473282	-1.862595	2.189048
-0.147705	-0.105713	0.906006	-5.091603	-0.061069	-1.450382	2.201089
-0.147461	-0.102783	0.928223	-4.381679	1.259542	-0.854962	2.212790
-0.150391	-0.108887	0.919922	-3.885496	2.106870	-0.511450	2.224915
-0.151123	-0.101807	0.912109	-4.099237	3.488550	1.946565	2.236952
-0.153320	-0.106934	0.938232	-4.557252	2.969466	-0.068702	2.248990
-0.145508	-0.117432	0.922607	-4.442748	2.610687	-0.641221	2.260835
-0.150146	-0.088623	0.902100	-4.435115	3.557252	0.465649	2.272924
-0.153320	-0.057373	0.906250	-4.709924	4.763359	4.496183	2.284671
-0.160889	-0.053467	0.912842	-10.671756	4.717557	9.442748	2.297111
-0.149902	-0.104736	0.927002	-14.603053	4.328244	10.916031	2.308674
-0.147949	-0.161377	0.983398	-12.389313	3.282443	8.786260	2.321211
-0.143555	-0.183838	0.984375	-8.091603	0.129771	4.938931	2.333131
-0.145508	-0.148438	0.947754	-4.732824	0.297710	1.236641	2.344987
-0.164551	-0.121338	0.938965	-4.885496	-0.412214	0.374046	2.357012
-0.151611	-0.124512	0.924072	-8.977099	1.427481	-0.549618	2.369279
-0.144775	-0.145508	0.911133	-7.519084	1.977099	-1.809160	2.381068
-0.170166	-0.151855	0.937500	-2.389313	3.877863	-2.366412	2.392856
-0.158936	-0.120605	0.924805	0.106870	4.564885	-2.236641	2.404436
-0.155273	-0.125977	0.923828	-2.190840	5.076336	-2.702290	2.416071
-0.155029	-0.118896	0.933350	-1.221374	5.572519	-3.206107	2.428280
-0.176514	-0.076416	0.970703	-0.435115	3.702290	-1.045802	2.440213
-0.171631	-0.084229	0.987305	-3.076336	-0.648855	1.572519	2.452105
-0.156494	-0.121582	0.965820	-4.778626	-1.946565	1.893130	2.464132
-0.167236	-0.145996	0.949463	-4.274809	-2.557252	0.229008	2.476566
-0.159424	-0.127197	0.904053	-3.480916	-4.282443	-1.412214	2.488308
-0.145264	-0.125488	0.862061	-2.244275	-2.206107	-1.282443	2.500028
-0.131836	-0.122803	0.863770	-1.351145	0.648855	-0.236641	2.511593
-0.133545	-0.133057	0.885498	-1.526718	1.641221	-1.664122	2.522815
-0.137939	-0.128662	0.917480	-2.190840	4.068702	-1.068702	2.535193
-0.147705	-0.120361	0.953125	-2.900763	3.274809	-1.053435	2.547340
-0.151367	-0.115967	0.949219	-3.267176	0.595420	-0.374046	2.559392
-0.157227	-0.100098	0.924561	-3.267176	0.473282	0.328244	2.571495
-0.161621	-0.098389	0.903809	-4.610687	-0.702290	2.290076	2.583412
-0.154785	-0.112793	0.873535	-6.740458	-0.648855	3.206107	2.595309
-0.145508	-0.138672	0.880127	-8.351145	-0.526718	2.748092	2.607282
-0.147705	-0.165527	0.869873	-8.832061	0.267176	1.160305	2.619288
-0.143799	-0.161621	0.867676	-7.480916	1.633588	0.015267	2.631153
-0.143066	-0.193359	0.900391	-5.328244	1.206107	-2.145038	2.643083
-0.133545	-0.189453	0.935791	-0.160305	0.053435	-6.435115	2.655089
-0.149902	-0.150635	0.924316	3.244275	1.282443	-8.839695	2.667152
-0.148193	-0.150391	0.942139	4.900763	1.396947	-11.427481	2.679108
-0.141602	-0.132080	0.897949	10.541985	4.290076	-13.335878	2.691127
-0.166992	-0.080566	0.891846	-4.816794	6.290076	-16.977099	2.702710
-0.185547	-0.011719	0.907471	-1.519084	4.725191	-7.251908	2.714545
-0.164307	-0.098633	0.968506	-0.412214	6.427481	-0.557252	2.726776
-0.168457	-0.134033	0.963623	3.167939	3.885496	-2.618321	2.738814
-0.162598	-0.113525	0.947754	3.053435	0.671756	-5.358779	2.750586
-0.174561	-0.088867	0.959717	0.206107	-0.221374	-6.961832	2.762499
-0.172607	-0.077637	0.958740	-1.709924	-3.267176	-4.709924	2.774527
-0.159912	-0.100830	0.934570	-1.717557	-2.770992	-3.152672	2.786415
-0.159912	-0.085693	0.921387	-7.709924	-0.793893	-4.473282	2.798614
-0.156494	-0.085205	0.916016	-4.709924	-0.641221	-2.419847	2.811372
-0.153320	-0.102051	0.896240	-3.870229	2.610687	-1.290076	2.823584
-0.152588	-0.084473	0.899902	-3.511450	4.038168	-0.183206	2.835928
-0.152588	-0.122803	0.936768	-1.679389	3.488550	-0.175573	2.848055
-0.156982	-0.137207	0.989746	-1.496183	0.702290	-2.183206	2.858047
-0.150635	-0.130859	0.962891	-1.618321	-1.870229	-3.679389	2.868626
-0.151611	-0.106689	0.955078	-0.404580	-3.038168	-3.511450	2.879046
-0.146729	-0.109863	0.922363	-0.267176	-3.526718	-2.725191	2.889653
-0.140381	-0.112061	0.881836	-0.755725	-1.557252	-2.832061	2.899811
-0.143066	-0.112305	0.876221	-0.106870	0.618321	-3.145038	2.910331
-0.151855	-0.104980	0.903809	1.038168	2.099237	-3.206107	2.920998
-0.151123	-0.088135	0.910645	0.946565	2.381679	-2.076336	2.931440
-0.154053	-0.084961	0.929688	-0.473282	2.519084	-0.435115	2.941581
-0.156250	-0.075195	0.930176	-2.465649	0.931298	1.671756	2.951944
-0.147949	-0.113525	0.929199	-5.480916	0.725191	2.328244	2.962257
-0.142822	-0.145996	0.922607	-5.564885	0.061069	1.007634	2.972590
-0.138916	-0.141357	0.905518	-3.725191	1.129771	-1.038168	2.982915
-0.133057	-0.126221	0.904541	-2.145038	2.671756	-1.450382	2.993435
-0.145996	-0.123535	0.928955	-1.839695	1.954198	-1.793893	3.003620
-0.143555	-0.131836	0.934814	-2.793893	1.458015	-2.671756	3.013852
-0.143066	-0.130371	0.935791	-3.908397	0.862595	-4.091603	3.024202
-0.145996	-0.131836	0.931396	-0.702290	1.022901	-4.625954	3.034435
-0.147217	-0.132812	0.932861	1.297710	1.740458	-5.320611	3.044635
-0.151367	-0.101562	0.922363	2.595420	3.000000	-5.450382	3.054938
-0.156982	-0.074219	0.920898	2.396947	2.969466	-4.564885	3.065242
-0.159912	-0.056885	0.917969	-0.389313	3.030534	-1.801527	3.075887
-0.151367	-0.093750	0.918701	-3.320611	3.992366	-0.114504	3.086132
-0.140381	-0.137695	0.961914	-3.167939	3.022901	-0.832061	3.096686
-0.148682	-0.144531	0.977295	-0.412214	-1.053435	-2.702290	3.106723
-0.158691	-0.138184	1.005615	2.450382	-3.412214	-3.030534	3.117186
-0.158691	-0.141357	0.986572	4.931298	-8.938931	-3.366412	3.127474
-0.144531	-0.112061	0.908203	4.908397	-10.931298	-3.152672	3.137624
-0.135010	-0.112305	0.876953	3.145038	-10.053435	-3.526718	3.147342
-0.132568	-0.139893	0.878418	3.740458	-8.740458	-5.190840	3.156618
-0.128906	-0.100830	0.836426	5.152672	-6.213740	-6.580153	3.167084
-0.131348	-0.048096	0.819824	4.969466	-0.488550	-4.450382	3.177510
-0.136475	-0.032715	0.851074	2.755725	4.572519	-0.007634	3.187767
-0.131104	-0.081055	0.926270	-1.832061	4.885496	0.076336	3.198130
-0.144531	-0.109619	0.953369	-2.297710	3.145038	-1.435115	3.208252
-0.141602	-0.102051	0.958496	-3.381679	2.687023	-2.534351	3.218864
-0.152832	-0.122314	0.994629	-3.648855	1.732824	-2.916031	3.228815
-0.156006	-0.122803	0.986328	-2.923664	-1.473282	-4.496183	3.238864
-0.157959	-0.075195	0.947998	-5.106870	-2.549618	-3.977099	3.249545
-0.147705	-0.061768	0.901611	-4.824427	-1.992366	-0.603053	3.259927
-0.145752	-0.078125	0.910156	-4.755725	-0.358779	1.114504	3.270572
-0.135254	-0.093750	0.893799	-4.000000	2.000000	2.022901	3.280906
-0.136230	-0.090332	0.885254	-3.687023	5.167939	3.000000	3.291386
-0.153076	-0.093994	0.928467	-3.717557	7.282443	3.549618	3.301756
-0.157471	-0.097900	0.981445	-2.007634	6.557252	4.175573	3.311997
-0.164062	-0.119873	1.016602	-1.312977	2.106870	2.908397	3.322344
-0.150879	-0.112549	1.002197	-0.572519	-3.427481	1.396947	3.332495
-0.143555	-0.100830	0.940674	-2.282443	-4.717557	0.984733	3.342715
-0.133789	-0.114258	0.910156	-3.824427	-3.664122	0.610687	3.353236
-0.122070	-0.110596	0.889893	-5.854962	-2.564885	-0.282443	3.363552
-0.119385	-0.121094	0.877197	-7.091603	0.809160	-0.877863	3.374022
-0.121338	-0.113037	0.887939	-5.007634	3.251908	-1.160305	3.384535
-0.135254	-0.100098	0.915771	-2.969466	3.923664	-0.366412	3.394747
-0.148682	-0.102051	0.941406	-1.053435	3.648855	0.183206	3.404723
-0.145020	-0.105469	0.962891	-1.557252	1.458015	-0.519084	3.414169
-0.148926	-0.105225	0.966064	-3.015267	0.000000	-0.954198	3.423829
-0.145020	-0.121826	0.985352	-4.541985	-2.763359	-1.503817	3.433769
-0.134766	-0.128662	0.941650	-3.328244	-3.458015	-1.885496	3.444552
-0.139648	-0.106201	0.901611	-2.183206	-1.793893	-1.603053	3.456042
-0.132324	-0.109619	0.879150	-1.984733	-1.007634	-0.763359	3.466487
-0.132812	-0.121826	0.834961	-1.625954	1.778626	-1.335878	3.477301
-0.126465	-0.104004	0.845947	-0.610687	6.167939	-0.816794	3.488052
-0.130859	-0.110107	0.868164	0.236641	7.847328	-1.022901	3.498241
-0.130371	-0.107910	0.883789	-0.229008	9.030534	-1.473282	3.508414
-0.136963	-0.112549	0.934082	0.045802	9.557252	-2.587786	3.518945
-0.150879	-0.086670	0.967529	-0.022901	6.687023	-3.427481	3.528918
-0.159668	-0.103027	1.016602	-2.045802	2.129771	-3.312977	3.539266
-0.151367	-0.111328	0.999756	-2.992366	-1.366412	-4.496183	3.549634
-0.145264	-0.094238	0.941162	-4.633588	-2.061069	-5.083969	3.559938
-0.146729	-0.083496	0.906982	-5.145038	-0.984733	-4.061069	3.570107
-0.145996	-0.087646	0.895508	-5.221374	0.091603	-3.076336	3.581016
-0.139160	-0.119629	0.898682	-4.282443	1.587786	-3.198473	3.591069
-0.137207	-0.107666	0.907959	-1.557252	2.541985	-3.564885	3.600790
-0.155762	-0.089111	0.887695	-1.503817	4.450382	-2.381679	3.611618
-0.160400	-0.096680	0.907959	-0.335878	6.221374	-1.839695	3.622084
-0.160400	-0.106201	0.938965	1.450382	7.793893	-2.442748	3.632281
-0.164062	-0.094238	0.947998	1.603053	7.099237	-1.961832	3.642657
-0.167725	-0.075684	0.974854	-0.083969	4.839695	-4.954198	3.652951
-0.167969	-0.070068	1.002197	-0.969466	1.244275	-4.618321	3.662990
-0.165771	-0.059082	0.956055	-2.137405	-0.984733	-3.801527	3.673635
-0.158203	-0.053711	0.941650	-4.641221	-2.000000	-3.030534	3.683891
-0.163330	-0.060791	0.941650	-5.664122	-0.900763	-1.969466	3.694242
-0.155518	-0.075195	0.928955	-5.007634	0.145038	-1.106870	3.704540
-0.147217	-0.082520	0.912354	-2.702290	2.030534	-1.145038	3.714780
-0.147217	-0.055176	0.910889	-1.290076	4.465649	-0.312977	3.725312
-0.153320	-0.045410	0.907959	-3.091603	6.427481	1.458015	3.735757
-0.156738	-0.079834	0.942139	-5.526718	5.358779	2.190840	3.746016
-0.146484	-0.129639	0.963867	-8.526718	2.053435	-0.916031	3.756255
-0.139404	-0.092529	0.942139	-4.167939	2.251908	-0.305344	3.766246
-0.153320	-0.083984	0.957275	-2.305344	2.389313	1.526718	3.776741
-0.156982	-0.095215	0.946533	-2.465649	0.343511	3.061069	3.786493
-0.140137	-0.119629	0.917725	-3.541985	-0.175573	1.786260	3.796799
-0.130859	-0.109131	0.909668	-2.862595	0.229008	0.656489	3.807109
-0.143066	-0.085938	0.888916	-3.213740	2.007634	1.160305	3.817641
-0.136475	-0.108154	0.903564	-4.297710	3.847328	1.732824	3.828318
-0.144043	-0.094727	0.905029	-3.496183	5.015267	1.396947	3.838479
-0.151367	-0.104736	0.954102	-4.068702	4.893130	1.938931	3.848838
-0.160156	-0.118164	0.954346	-5.862595	0.618321	1.145038	3.859201
-0.148193	-0.123779	0.932373	-4.366412	-0.633588	0.358779	3.869570
-0.142090	-0.117432	0.918701	-4.618321	-1.664122	-0.229008	3.880000
-0.139648	-0.111816	0.904541	-3.061069	-1.618321	-0.519084	3.890426
-0.136230	-0.104004	0.876709	-2.732824	-0.267176	0.343511	3.900735
-0.133301	-0.111816	0.870850	-2.175573	1.274809	0.816794	3.911010
-0.134521	-0.099609	0.861572	-2.473282	4.488550	0.206107	3.923883
-0.138428	-0.102539	0.898438	-2.984733	6.557252	0.030534	3.934181
-0.139404	-0.099365	0.925537	-2.816794	6.709924	-1.045802	3.944582
-0.145264	-0.108643	0.960938	-4.610687	5.656489	-1.854962	3.954779
-0.152832	-0.108398	0.982666	-5.244275	3.114504	-2.549618	3.965195
-0.158203	-0.108887	0.991943	-4.923664	0.030534	-2.961832	3.975658
-0.159424	-0.106445	0.964355	-4.145038	-2.564885	-2.274809	3.986096
-0.151123	-0.102051	0.921143	-5.045802	-2.549618	-2.145038	3.996401
-0.152832	-0.098633	0.903320	-5.129771	-1.687023	-1.519084	4.006753
-0.153076	-0.103271	0.891846	-4.862595	-0.465649	-1.221374	4.017116
-0.131836	-0.100830	0.856201	-4.664122	3.045802	-0.076336	4.027597
-0.144287	-0.096191	0.859131	-3.977099	7.419847	0.748092	4.037963
-0.153076	-0.109863	0.917969	-1.793893	7.038168	0.725191	4.048116
-0.169434	-0.103271	0.934570	-1.297710	6.229008	0.603053	4.058372
-0.167480	-0.114990	0.949707	-1.335878	4.061069	0.160305	4.069328
-0.158936	-0.109131	0.969727	-1.687023	2.015267	-0.496183	4.080004
-0.161865	-0.095459	0.968750	-2.183206	0.625954	-0.641221	4.090672
-0.159180	-0.102539	0.945312	-3.954198	-1.236641	-1.213740	4.101143
-0.154297	-0.103271	0.908936	-4.137405	-0.221374	-1.809160	4.111752
-0.153076	-0.104736	0.898682	-3.984733	1.717557	-2.129771	4.122446
-0.149170	-0.104492	0.889648	-3.557252	2.938931	-1.725191	4.132864
-0.155518	-0.093262	0.904541	-4.442748	4.427481	-0.328244	4.143143
-0.156982	-0.117432	0.930908	-3.610687	4.931298	-0.091603	4.153421
-0.158936	-0.094238	0.937012	-2.427481	3.984733	-0.320611	4.163797
-0.160645	-0.101807	0.935059	-1.534351	3.145038	-0.007634	4.174025
-0.154053	-0.108643	0.937500	-1.381679	2.786260	-0.381679	4.184414
-0.162598	-0.094971	0.947021	-1.145038	1.351145	-1.198473	4.194810
-0.156494	-0.093506	0.944824	-2.076336	-0.366412	-1.595420	4.204956
-0.155273	-0.098145	0.927246	-3.328244	-0.961832	-1.679389	4.215185
-0.152100	-0.103027	0.904297	-4.068702	0.007634	-1.374046	4.225904
-0.157959	-0.104248	0.894287	-4.160305	1.656489	-1.206107	4.236065
-0.147705	-0.094727	0.884033	-3.534351	2.725191	-0.885496	4.246481
-0.147705	-0.102783	0.895264	-3.091603	3.519084	-0.694656	4.256814
-0.150146	-0.113525	0.923584	-3.122137	3.778626	-1.076336	4.267385
-0.157227	-0.107666	0.939697	-2.160305	2.305344	-1.969466	4.277552
-0.159668	-0.109619	0.960449	-2.664122	1.473282	-2.351145	4.288032
-0.158203	-0.114746	0.942139	-2.427481	-0.213740	-3.015267	4.298435
-0.155273	-0.106445	0.938721	-2.282443	0.106870	-3.221374	4.308880
-0.173340	-0.117676	0.949707	-1.374046	-0.061069	-3.572519	4.319482
-0.163818	-0.120117	0.906006	0.480916	-0.290076	-4.030534	4.329504
-0.157715	-0.123047	0.869141	2.557252	3.725191	-4.282443	4.340098
-0.166748	-0.094482	0.876465	5.961832	8.091603	-4.351145	4.350251
-0.161865	-0.055176	0.848389	7.572519	7.725191	-2.862595	4.360465
-0.157227	-0.061035	0.867676	2.022901	8.961832	-2.549618	4.371049
-0.157959	-0.052734	0.869629	-0.793893	6.114504	-3.167939	4.381130
-0.165039	-0.042725	0.876709	-0.839695	5.450382	-2.190840	4.391570
-0.168457	-0.047119	0.933350	-1.419847	6.061069	-1.030534	4.402045
-0.170898	-0.045898	0.941895	-0.213740	5.167939	-0.106870	4.412116
-0.175293	-0.048828	0.979736	-0.877863	3.862595	-0.328244	4.422357
-0.173340	-0.065918	0.986572	-2.045802	1.343511	-0.404580	4.431835
-0.166016	-0.076172	0.949463	-1.816794	0.763359	-0.641221	4.441926
-0.175293	-0.058838	0.917480	-3.870229	2.374046	-0.335878	4.452567
-0.163086	-0.072754	0.914795	-5.068702	3.587786	1.580153	4.462730
-0.164062	-0.091553	0.916504	-5.664122	3.190840	2.015267	4.473234
-0.156982	-0.109375	0.906494	-4.320611	3.648855	2.679389	4.483372
-0.163818	-0.117676	0.899414	-3.274809	6.603053	3.366412	4.493756
-0.178955	-0.131348	0.967529	0.572519	6.549618	3.389313	4.503792
-0.186035	-0.122070	0.978271	2.290076	3.427481	2.061069	4.514117
-0.172119	-0.086426	0.965820	1.251908	1.229008	1.519084	4.524647
-0.168945	-0.096680	0.983643	-1.755725	-1.053435	1.312977	4.534919
-0.166992	-0.088867	0.957520	-2.893130	-3.137405	0.000000	4.545380
-0.167725	-0.090332	0.931396	-3.847328	-1.786260	0.320611	4.555631
-0.154785	-0.101807	0.915283	-4.847328	-1.648855	-0.206107	4.566057
-0.147705	-0.101318	0.900635	-5.198473	1.366412	-0.938931	4.576659
-0.150635	-0.094727	0.898438	-4.122137	4.709924	0.038168	4.587272
-0.151855	-0.099854	0.907959	-5.190840	6.618321	-0.358779	4.597406
-0.159668	-0.098633	0.929443	-5.816794	6.694656	-0.396947	4.607802
-0.165771	-0.125488	0.959961	-5.641221	4.511450	-1.389313	4.618304
-0.172852	-0.110596	0.967773	-3.648855	0.931298	-2.183206	4.628714
-0.175537	-0.100098	0.956055	-3.435115	-1.015267	-1.839695	4.638924
-0.169678	-0.077393	0.947266	-0.732824	-0.679389	-0.305344	4.649492
-0.171631	-0.078857	0.917480	-1.725191	-1.496183	0.854962	4.659629
-0.157715	-0.094238	0.876465	-2.992366	-1.091603	0.870229	4.670026
-0.161377	-0.103760	0.896729	-3.465649	1.564885	0.816794	4.680424
-0.161621	-0.098633	0.897705	-3.587786	1.900763	0.190840	4.690458
-0.160889	-0.105957	0.893311	-3.839695	2.068702	-0.801527	4.701441
-0.160645	-0.092041	0.897217	-3.412214	3.526718	-0.862595	4.711954
-0.160645	-0.096436	0.900146	-2.534351	4.251908	-1.458015	4.722851
-0.162598	-0.096191	0.934082	-8.694656	1.007634	-3.251908	4.733267
-0.160645	-0.109375	0.926514	-3.106870	-3.587786	-0.564885	4.743866
-0.163086	-0.102783	0.913818	-2.496183	0.847328	-1.282443	4.754402
-0.167969	-0.086670	0.902100	0.251908	0.404580	-1.099237	4.764549
-0.167969	-0.090576	0.874756	-4.778626	-0.671756	-1.923664	4.775338
-0.166992	-0.125000	0.891357	-7.847328	0.282443	-2.748092	4.785666
-0.146973	-0.100342	0.886475	-4.763359	2.954198	-3.511450	4.795082
-0.168213	-0.098145	0.903320	-3.305344	3.549618	-2.305344	4.805540
-0.156006	-0.100830	0.936279	-3.580153	3.679389	-2.351145	4.815938
-0.167480	-0.116699	0.962402	-3.091603	2.099237	-3.908397	4.826588
-0.185059	-0.081055	0.954346	-3.496183	0.175573	-4.251908	4.836939
-0.173096	-0.077637	0.947021	-5.816794	-0.610687	-3.045802	4.847378
-0.173096	-0.083740	0.908447	-3.129771	-0.877863	-1.389313	4.857726
-0.176514	-0.080078	0.899658	-1.664122	1.282443	0.511450	4.868190
-0.179443	-0.090088	0.895996	-0.862595	1.610687	1.679389	4.878605
-0.164307	-0.095703	0.873291	-1.045802	2.870229	1.175573	4.888919
-0.166260	-0.104736	0.892578	-0.793893	4.374046	-0.358779	4.899272
-0.180908	-0.108887	0.942627	0.366412	4.099237	-1.175573	4.909746
-0.166260	-0.088867	0.918457	0.671756	4.381679	-1.687023	4.920084
-0.175293	-0.064453	0.922363	-0.190840	4.709924	-1.061069	4.930002
-0.181885	-0.064453	0.949707	0.045802	3.137405	0.152672	4.939691
-0.181885	-0.094971	0.937256	-1.343511	1.374046	1.045802	4.950448
-0.160400	-0.119629	0.932617	-1.625954	0.290076	-1.396947	4.960874
-0.167480	-0.085205	0.910156	-0.877863	0.938931	-2.564885	4.971275
-0.168945	-0.073242	0.898438	-2.587786	2.076336	-2.564885	4.981564
-0.167480	-0.068359	0.900879	-4.557252	2.450382	-1.725191	4.991907
-0.173096	-0.092041	0.930908	-5.229008	3.427481	-1.977099	5.002068
-0.184570	-0.085938	0.963135	-4.458015	3.007634	-1.496183	5.012316
-0.178955	-0.074219	0.948242	-3.526718	1.305344	-0.595420	5.022888
-0.184082	-0.080078	0.946777	-3.564885	1.549618	0.236641	5.032972
-0.176270	-0.095215	0.957764	-2.923664	-1.259542	-0.664122	5.043208
-0.175049	-0.077637	0.927490	-3.946565	-1.648855	-1.000000	5.053568
-0.173096	-0.071289	0.919922	-5.000000	-1.534351	-0.290076	5.063734
-0.175537	-0.090332	0.923340	-5.221374	0.717557	1.236641	5.073553
-0.166016	-0.106934	0.925781	-4.946565	-0.282443	1.305344	5.083610
-0.157471	-0.104980	0.921387	-5.335878	2.183206	0.442748	5.094194
-0.170410	-0.101562	0.947021	-8.244275	0.145038	0.282443	5.104658
-0.165039	-0.104004	0.919434	-3.404580	-0.770992	2.541985	5.114689
-0.159668	-0.104492	0.917969	-2.923664	0.946565	1.687023	5.125075
-0.165283	-0.094971	0.929688	-10.229008	-1.511450	0.083969	5.135476
-0.155029	-0.115479	0.936523	-1.961832	-3.122137	1.412214	5.146062
-0.152344	-0.122314	0.915527	-5.465649	-0.274809	-0.595420	5.156372
-0.154541	-0.139648	0.949951	-3.702290	-4.007634	-0.618321	5.166902
-0.148926	-0.110352	0.919434	-4.465649	-2.763359	-2.664122	5.177152
-0.170654	-0.104004	0.911133	-5.038168	-0.832061	-3.129771	5.187561
-0.166260	-0.103516	0.922119	-5.358779	-1.488550	-2.839695	5.197760
-0.157227	-0.085205	0.893066	-5.290076	-0.625954	-1.709924	5.208043
-0.161865	-0.111084	0.891357	-4.061069	0.435115	-0.358779	5.218900
-0.161133	-0.107422	0.892090	-4.068702	0.534351	-1.221374	5.229160
-0.161621	-0.097656	0.910889	-2.931298	-0.244275	-0.351145	5.239188
-0.164307	-0.117432	0.901367	-3.580153	0.412214	-0.190840	5.249591
-0.148926	-0.131592	0.920166	-3.061069	1.167939	-1.908397	5.259701
-0.156494	-0.108154	0.914551	-3.862595	1.412214	-2.274809	5.270414
-0.157471	-0.118164	0.916016	-6.122137	2.030534	-2.923664	5.280592
-0.156494	-0.119873	0.945801	-5.664122	0.824427	-4.396947	5.290894
-0.168457	-0.102051	0.926758	-5.114504	1.305344	-4.893130	5.301117
-0.168945	-0.084717	0.921387	-4.458015	1.305344	-3.709924	5.311398
-0.168701	-0.090332	0.915283	-5.664122	0.946565	-3.343511	5.322000
-0.159668	-0.103271	0.923096	-6.099237	-0.328244	-3.854962	5.332786
-0.175049	-0.103760	0.941895	-1.030534	0.183206	-2.885496	5.343544
-0.169922	-0.085449	0.917969	1.587786	0.946565	-1.671756	5.354160
-0.167236	-0.088867	0.903320	-1.854962	0.465649	-1.053435	5.364599
-0.159424	-0.104980	0.895752	-1.717557	1.511450	-1.076336	5.375363
-0.160156	-0.086670	0.889893	-1.641221	2.717557	-1.389313	5.385691
-0.169922	-0.078369	0.913086	-1.832061	3.778626	-0.954198	5.396637
-0.162598	-0.083008	0.953613	-1.923664	3.137405	-0.320611	5.406852
-0.166504	-0.103516	0.974365	-2.503817	1.519084	-0.366412	5.417606
-0.164795	-0.094238	0.991211	-4.221374	-0.427481	-2.160305	5.427746
-0.172607	-0.086670	0.994873	-3.755725	-3.809160	-2.557252	5.438449
-0.170410	-0.096436	0.969727	-3.259542	-3.076336	-3.099237	5.448833
-0.163086	-0.084229	0.959473	-3.251908	-2.992366	-3.213740	5.459018
-0.167236	-0.078369	0.948975	-4.694656	-2.946565	-2.526718	5.469723
-0.166748	-0.078369	0.936523	-5.564885	-2.160305	-2.320611	5.479874
-0.176270	-0.079834	0.941650	-5.480916	-1.618321	-1.335878	5.490128
-0.168945	-0.078125	0.943115	-5.816794	-1.702290	0.259542	5.500640
-0.175049	-0.099854	0.964844	-4.335878	-3.206107	0.236641	5.510289
-0.172363	-0.083496	0.948730	-2.679389	-4.374046	0.763359	5.520720
-0.167969	-0.078613	0.931396	-1.832061	-6.221374	1.893130	5.530742
-0.161133	-0.099365	0.920166	-2.236641	-6.595420	2.198473	5.540162
-0.157959	-0.100830	0.909668	-2.198473	-4.687023	1.687023	5.549882
-0.160156	-0.085449	0.904541	-3.160305	-1.526718	1.145038	5.561028
-0.151855	-0.093994	0.924316	-3.946565	-2.366412	0.625954	5.571645
-0.151611	-0.090576	0.905029	-3.549618	-3.114504	0.809160	5.581947
-0.148438	-0.083740	0.880371	-4.687023	-1.923664	1.664122	5.592281
-0.143555	-0.108887	0.897461	-4.526718	-0.419847	1.625954	5.602747
-0.149414	-0.107910	0.919922	-3.198473	-0.198473	0.656489	5.612774
-0.155518	-0.083496	0.912598	-2.900763	-1.763359	1.404580	5.623565
-0.145264	-0.093506	0.881104	-4.992366	-2.503817	2.442748	5.634031
-0.151855	-0.104736	0.897217	-6.290076	-2.236641	3.091603	5.644099
-0.146484	-0.118164	0.879150	-6.977099	-1.557252	1.412214	5.654326
-0.144531	-0.122314	0.865967	-6.427481	-0.610687	0.511450	5.664673
-0.144287	-0.118896	0.899902	-5.847328	0.709924	-0.419847	5.675267
-0.141113	-0.125488	0.918701	-5.374046	-0.083969	-1.236641	5.685413
-0.147461	-0.113770	0.914795	-4.374046	-0.068702	-1.389313	5.695670
-0.143799	-0.103760	0.906250	-4.755725	0.068702	-0.900763	5.705880
-0.144775	-0.115967	0.890381	-5.122137	0.549618	-0.480916	5.715268
-0.125732	-0.123535	0.882812	-5.458015	1.458015	-1.458015	5.724896
-0.147461	-0.111084	0.889404	-5.732824	2.427481	-1.503817	5.735949
-0.143311	-0.123047	0.906982	-3.580153	3.793893	-1.412214	5.746514
-0.150391	-0.118408	0.941895	-1.923664	2.778626	-1.748092	5.756768
-0.157471	-0.089600	0.925781	-2.511450	2.717557	-1.702290	5.767160
-0.153564	-0.117432	0.946777	-4.236641	0.778626	-1.564885	5.777579
-0.148193	-0.124268	0.940918	-2.541985	-0.633588	-2.496183	5.788193
-0.141602	-0.097168	0.911133	-2.183206	0.679389	-2.442748	5.797929
-0.141357	-0.078857	0.894287	-3.687023	2.312977	-2.343511	5.808341
-0.152832	-0.073242	0.906494	-4.099237	4.251908	-0.587786	5.818891
-0.144775	-0.104004	0.928955	-4.641221	4.091603	-0.175573	5.829141
-0.131348	-0.104980	0.911865	-2.893130	2.297710	-0.625954	5.839497
-0.145752	-0.108398	0.929932	-11.030534	4.358779	-2.328244	5.849722
-0.154785	-0.129639	0.975830	-3.786260	0.687023	-0.534351	5.859970
-0.167236	-0.121338	0.984863	-5.206107	-1.076336	-2.297710	5.870558
-0.156006	-0.126221	0.989258	-2.541985	-3.564885	-3.297710	5.881056
-0.158691	-0.089111	0.981689	-5.229008	-4.541985	-3.801527	5.891311
-0.159912	-0.082764	0.955078	-5.320611	-3.969466	-1.824427	5.901462
-0.145996	-0.097900	0.930420	-4.000000	-2.099237	-0.961832	5.911991
-0.144287	-0.104980	0.933350	-3.931298	-0.374046	-0.045802	5.925919
-0.149658	-0.109863	0.918457	-4.656489	1.854962	1.183206	5.936551
-0.143555	-0.134033	0.939453	-1.198473	2.389313	2.175573	5.946735
-0.129395	-0.131104	0.923096	-1.122137	3.847328	1.366412	5.956870
-0.137695	-0.138428	0.937988	-3.267176	2.343511	-0.358779	5.967535
-0.149658	-0.132812	0.947266	-3.580153	0.572519	-1.809160	5.977696
-0.141846	-0.123535	0.965332	-3.137405	-0.351145	-2.282443	5.988700
-0.155518	-0.107178	0.969238	-3.900763	-0.786260	-2.160305	5.999037
-0.148926	-0.108154	0.974365	-3.992366	-3.030534	-1.351145	6.009491
-0.148682	-0.108398	0.937744	-5.152672	-3.534351	-0.908397	6.019716
-0.141602	-0.120117	0.912109	-4.694656	-2.244275	-0.404580	6.030709
-0.131592	-0.133301	0.898193	-5.290076	-0.610687	-1.320611	6.041092
-0.139893	-0.129150	0.897217	-3.908397	0.351145	-1.763359	6.051803
-0.141357	-0.109619	0.904053	-3.160305	2.152672	-1.297710	6.062006
-0.139893	-0.118164	0.916992	-1.694656	1.496183	-0.984733	6.072683
-0.142822	-0.114258	0.918945	-0.885496	0.862595	-0.595420	6.083178
-0.149414	-0.116943	0.933594	-1.259542	0.648855	-0.106870	6.093603
-0.148926	-0.132812	0.948975	-1.404580	-1.610687	-1.404580	6.103743
-0.144775	-0.119141	0.937500	-1.152672	-4.656489	-2.908397	6.114166
-0.145508	-0.096436	0.937744	-2.099237	-6.221374	-2.236641	6.124658
-0.142334	-0.081055	0.896729	-5.618321	-5.679389	-1.526718	6.134875
-0.130859	-0.108887	0.874756	-6.793893	-3.801527	-1.374046	6.145024
-0.128174	-0.107422	0.857910	-6.801527	0.137405	-1.129771	6.155336
-0.122314	-0.115234	0.841797	-7.534351	2.015267	-1.419847	6.165631
-0.123535	-0.128662	0.866211	-4.977099	4.351145	-1.328244	6.175744
-0.139404	-0.137695	0.916016	-4.290076	5.580153	-2.145038	6.187305
-0.139893	-0.143555	0.943359	-1.786260	3.366412	-3.793893	6.197973
-0.144775	-0.100830	0.936768	-1.251908	2.526718	-4.473282	6.208217
-0.150879	-0.110107	0.970215	-3.465649	1.404580	-3.755725	6.219228
-0.143555	-0.094238	0.939209	-3.145038	-0.564885	-5.603053	6.229441
-0.142334	-0.079102	0.909180	-3.725191	0.290076	-4.129771	6.239822
-0.154053	-0.078857	0.908936	-1.732824	1.580153	-1.847328	6.250141
-0.144775	-0.084473	0.878906	-3.213740	2.809160	-0.625954	6.260321
-0.154297	-0.104980	0.896729	-3.603053	4.595420	-0.328244	6.270982
-0.151611	-0.108887	0.931396	-3.526718	5.320611	-0.328244	6.281026
-0.150146	-0.113770	0.929199	-4.320611	4.870229	-0.603053	6.291498
-0.146973	-0.096191	0.957031	-5.748092	3.549618	0.045802	6.301784
-0.148438	-0.106934	0.988037	-7.312977	1.190840	-0.274809	6.312103
-0.152100	-0.124512	0.971436	-5.541985	-1.335878	-1.450382	6.322701
-0.150391	-0.107178	0.946289	-4.648855	-0.396947	-1.603053	6.333036
-0.150391	-0.093262	0.911865	-3.786260	0.832061	-1.290076	6.343187
-0.150146	-0.097900	0.885742	-2.893130	2.320611	-0.244275	6.352898
-0.153320	-0.078613	0.879883	-3.061069	5.251908	0.625954	6.363158
-0.150146	-0.087646	0.884521	-4.580153	6.709924	1.977099	6.373749
-0.150879	-0.096436	0.927002	-6.534351	7.564885	2.358779	6.383868
-0.148926	-0.111328	0.966309	-7.282443	7.374046	2.702290	6.394602
-0.153809	-0.137451	0.986328	-6.129771	4.854962	2.190840	6.404675
-0.155029	-0.131836	0.987549	-5.763359	1.641221	0.572519	6.415086
-0.151855	-0.104736	0.964355	-5.007634	0.007634	0.274809	6.425632
-0.152588	-0.095459	0.940186	-3.839695	-1.083969	1.038168	6.436112
-0.145996	-0.106689	0.908691	-4.320611	-0.816794	2.343511	6.446581
-0.138916	-0.114746	0.888672	-5.824427	0.671756	1.984733	6.456946
-0.140381	-0.121826	0.894775	-6.977099	2.908397	1.717557	6.467301
-0.139160	-0.118164	0.868164	-5.442748	5.580153	2.458015	6.477760
-0.148926	-0.104736	0.803711	-6.656489	10.671756	3.145038	6.488197
-0.135498	-0.133057	0.767578	-4.961832	19.786260	4.221374	6.498792
-0.155273	-0.134766	0.833984	-2.938931	28.687023	1.282443	6.508996
-0.165039	-0.110840	0.925293	2.122137	29.839695	-0.236641	6.519341
-0.178955	-0.092529	0.974121	0.480916	26.641221	0.015267	6.529758
-0.188721	-0.122070	1.008057	-0.129771	21.389313	-0.717557	6.540042
-0.190918	-0.109863	1.022949	-0.702290	14.358779	-0.839695	6.550647
-0.174805	-0.098633	0.985352	-2.145038	8.488550	-0.893130	6.561088
-0.196045	-0.085449	0.953125	-4.137405	6.648855	0.541985	6.571310
-0.199219	-0.070801	0.937744	-4.633588	3.885496	2.664122	6.582003
-0.186523	-0.117432	1.005371	-5.450382	-1.610687	4.862595	6.595834
-0.187988	-0.141846	1.002930	-3.816794	-7.557252	3.732824	6.606167
-0.178711	-0.116455	0.942139	-2.702290	-8.312977	3.450382	6.616481
-0.170410	-0.113770	0.881836	-1.381679	-6.801527	4.099237	6.627634
-0.168213	-0.123779	0.883057	-1.954198	-4.274809	3.824427	6.637929
-0.160400	-0.129639	0.883789	-2.106870	-3.251908	2.908397	6.648447
-0.167236	-0.118652	0.885742	-1.351145	-1.870229	1.740458	6.658867
-0.167969	-0.096680	0.902832	0.908397	-2.717557	2.893130	6.669416
-0.162354	-0.105225	0.951416	-2.816794	-3.580153	5.328244	6.680384
-0.171387	-0.106689	0.939209	-6.229008	-5.366412	5.694656	6.690727
-0.159912	-0.137451	0.958008	-6.885496	-8.000000	4.816794	6.701153
-0.157471	-0.153076	0.920898	-5.908397	-8.916031	2.534351	6.711207
-0.149902	-0.146729	0.915283	-6.213740	-6.122137	1.435115	6.720591
-0.155029	-0.134033	0.916992	-7.778626	-2.068702	-0.106870	6.730489
-0.154053	-0.131592	0.901367	-6.534351	-1.007634	-0.053435	6.740252
-0.151367	-0.111328	0.856445	-6.694656	0.427481	0.305344	6.751629
-0.159912	-0.118652	0.893066	-4.625954	4.450382	1.702290	6.761880
-0.164307	-0.139160	0.929932	-3.389313	5.366412	1.511450	6.772238
-0.174072	-0.166748	0.995850	-2.450382	1.099237	-0.824427	6.782844
-0.168457	-0.147949	0.958496	-1.381679	-3.061069	-3.259542	6.793145
-0.150391	-0.133301	0.885254	-1.366412	-3.519084	-3.007634	6.803361
-0.148193	-0.133057	0.881836	-1.381679	-1.473282	-3.030534	6.813654
-0.151611	-0.100586	0.893555	-1.458015	1.755725	-2.870229	6.823739
-0.160889	-0.101074	0.902100	-2.687023	1.473282	-2.221374	6.834428
-0.155518	-0.124756	0.908936	-4.946565	1.206107	-2.610687	6.844792
-0.151123	-0.138672	0.919678	-3.977099	0.343511	-3.022901	6.855177
-0.162842	-0.155762	0.968506	-2.259542	0.549618	-4.091603	6.865456
-0.166748	-0.163330	1.017334	0.473282	-3.526718	-6.404580	6.875829
-0.164062	-0.148926	0.976807	1.793893	-8.877863	-9.961832	6.886597
-0.159668	-0.079102	0.882812	0.992366	-9.435115	-10.106870	6.896696
-0.148926	-0.071533	0.815430	-0.969466	-5.961832	-6.053435	6.906685
-0.147949	-0.098633	0.832764	-3.068702	-0.954198	-3.664122	6.916854
-0.147461	-0.123047	0.867920	-4.732824	0.091603	-3.320611	6.927263
-0.150635	-0.122803	0.889160	-3.793893	3.053435	-3.435115	6.937798
-0.160156	-0.113037	0.913330	-0.893130	4.977099	-2.603053	6.947999
-0.164795	-0.110596	0.985840	-0.267176	2.206107	-1.190840	6.958386
-0.165771	-0.124268	0.977295	1.946565	-3.267176	-2.061069	6.968494
-0.155273	-0.111572	0.955078	-1.053435	-5.038168	-2.641221	6.978911
-0.161133	-0.096191	0.896240	-3.534351	-7.045802	-2.221374	6.989101
-0.143311	-0.099854	0.840332	-6.977099	-5.206107	-1.862595	6.998781
-0.145752	-0.128418	0.865967	-7.541985	-0.961832	-1.801527	7.008679
-0.155029	-0.126709	0.882812	-4.083969	0.931298	-2.366412	7.019096
-0.156982	-0.105469	0.898193	-4.236641	3.083969	-2.534351	7.029673
-0.163330	-0.089355	0.906738	-4.366412	4.435115	0.206107	7.040023
-0.146729	-0.098633	0.924805	-5.549618	3.870229	1.938931	7.050114
-0.146729	-0.102539	0.960449	-7.312977	4.190840	0.297710	7.060627
-0.171387	-0.112305	0.976562	-9.061069	-1.068702	-1.290076	7.070789
-0.156006	-0.149170	0.976074	-4.076336	-2.603053	-1.938931	7.081520
-0.152588	-0.116699	0.950195	-3.458015	-1.030534	-3.885496	7.091628
-0.164062	-0.102051	0.950928	-4.137405	0.053435	-4.137405	7.101833
-0.167725	-0.092773	0.927979	-3.259542	-0.885496	-3.083969	7.112380
-0.166748	-0.091553	0.877930	-4.419847	0.244275	-2.450382	7.122770
-0.158203	-0.087402	0.873291	-2.129771	2.931298	0.358779	7.133260
-0.149170	-0.102783	0.880859	-0.206107	6.030534	2.236641	7.143648
-0.157715	-0.109863	0.907959	-0.114504	7.534351	3.206107	7.153824
-0.157227	-0.142822	0.953857	-3.106870	6.488550	1.404580	7.164145
-0.150635	-0.145996	0.961914	-3.511450	3.648855	-0.633588	7.174368
-0.159668	-0.133545	0.990479	-3.748092	1.564885	-1.282443	7.184913
-0.162842	-0.130615	0.962402	-3.091603	-3.396947	-2.267176	7.195117
-0.148438	-0.113770	0.951660	-2.687023	-5.175573	-3.267176	7.205473
-0.146973	-0.096924	0.887695	-3.580153	-3.450382	-2.389313	7.215903
-0.138428	-0.110107	0.875000	-3.152672	-0.778626	-1.786260	7.226821
-0.136230	-0.121826	0.860352	-3.862595	3.389313	-1.755725	7.236967
-0.145508	-0.143799	0.919678	-4.213740	6.396947	-3.000000	7.247420
-0.147461	-0.140381	0.920654	-2.534351	5.335878	-4.045802	7.257695
-0.150635	-0.125977	0.953857	-1.809160	5.404580	-4.267176	7.268663
-0.153076	-0.111328	0.969727	-1.328244	2.893130	-4.381679	7.278826
-0.158936	-0.133057	0.978271	1.389313	0.137405	-4.687023	7.289196
-0.162354	-0.134766	0.966309	3.778626	-3.389313	-6.480916	7.299631
-0.161621	-0.097900	0.930176	5.282443	-4.442748	-5.160305	7.310106
-0.168213	-0.087646	0.876709	3.160305	-2.534351	-3.305344	7.320738
-0.158691	-0.094238	0.894287	-0.801527	-0.755725	-2.412214	7.331258
-0.155273	-0.098633	0.898193	-2.946565	-0.480916	-1.358779	7.341523
-0.143311	-0.108887	0.873535	-3.954198	1.030534	-0.076336	7.351799
-0.135498	-0.081787	0.857910	-2.633588	5.061069	1.778626	7.362276
-0.153564	-0.121094	0.900635	-1.923664	7.236641	2.618321	7.372621
-0.150879	-0.147461	0.947266	-0.992366	6.297710	1.229008	7.383329
-0.154785	-0.146240	0.956787	-1.526718	3.610687	-1.335878	7.393777
-0.151611	-0.134766	0.939209	-2.824427	1.251908	-3.030534	7.403891
-0.163086	-0.120117	0.952148	-4.022901	-1.076336	-3.358779	7.414533
-0.157959	-0.119629	0.943604	-4.702290	-2.045802	-3.114504	7.424655
-0.148682	-0.121094	0.892822	-5.862595	-1.969466	-2.045802	7.435141
-0.139404	-0.133545	0.847656	-2.984733	1.213740	-1.877863	7.445346
-0.144287	-0.125000	0.838623	-1.404580	5.160305	-2.152672	7.455220
-0.147705	-0.118164	0.871826	-1.572519	8.778626	-3.900763	7.465143
-0.159912	-0.114990	0.904541	-2.251908	9.893130	-1.732824	7.474565
-0.162842	-0.152588	0.968750	-3.099237	9.824427	-2.847328	7.485654
-0.176758	-0.152100	1.035400	-0.770992	3.503817	-5.839695	7.495787
-0.171143	-0.105225	0.987305	-1.648855	-0.145038	-5.717557	7.506079
-0.167969	-0.115234	0.977295	-1.419847	-2.549618	-4.786260	7.516620
-0.169434	-0.113770	0.954590	-0.633588	-2.351145	-3.992366	7.527036
-0.167969	-0.099854	0.905518	0.312977	-1.671756	-3.450382	7.537402
-0.155273	-0.089111	0.867432	-0.458015	1.106870	-2.259542	7.547849
-0.152100	-0.085938	0.857666	-1.770992	4.374046	-0.641221	7.558040
-0.148682	-0.104736	0.874023	-4.099237	7.977099	-0.427481	7.568427
-0.163330	-0.109375	0.958252	-3.824427	6.755725	-0.618321	7.578975
-0.157227	-0.107910	1.005615	-4.038168	5.206107	-1.137405	7.589322
-0.173828	-0.123535	1.002930	-3.335878	1.587786	-0.274809	7.599604
-0.162598	-0.128906	1.004883	-2.412214	-2.282443	-1.679389	7.609979
-0.163818	-0.117920	0.991211	-2.083969	-5.160305	-2.801527	7.620414
-0.154785	-0.107422	0.938721	-1.969466	-6.007634	-2.992366	7.630191
-0.157959	-0.101074	0.897461	-2.496183	-4.213740	-2.709924	7.639876
-0.150635	-0.100830	0.904053	-3.832061	-1.984733	-2.488550	7.650129
-0.150146	-0.093018	0.885254	-2.442748	-0.488550	-1.503817	7.660417
-0.151855	-0.095459	0.899902	-1.541985	3.625954	1.931298	7.670732
-0.160889	-0.112793	0.945312	-0.603053	2.221374	0.587786	7.680473
-0.164551	-0.105469	0.929688	0.236641	0.015267	0.106870	7.690917
-0.155518	-0.104004	0.923340	-0.351145	0.755725	-0.282443	7.701530
-0.160156	-0.132324	0.971924	-0.137405	-1.305344	-1.366412	7.711803
-0.155762	-0.115723	0.942871	-0.404580	-2.992366	-3.221374	7.722276
-0.157715	-0.100830	0.932617	-1.748092	-2.717557	-3.809160	7.732694
-0.152588	-0.092529	0.914307	-0.732824	-2.816794	-2.679389	7.742803
-0.145508	-0.083496	0.885498	-1.671756	-1.671756	-2.129771	7.753348
-0.141357	-0.072510	0.838379	-2.549618	1.114504	-0.656489	7.763519
-0.152832	-0.079102	0.841309	-3.503817	3.992366	0.938931	7.773776
-0.147949	-0.113770	0.896484	-4.328244	4.526718	0.877863	7.784206
-0.154053	-0.125000	0.924072	-3.709924	2.954198	0.305344	7.794827
-0.148682	-0.118896	0.953125	-3.053435	1.000000	-0.946565	7.805122
-0.152344	-0.109619	0.956299	-1.381679	-0.725191	-0.671756	7.815215
-0.148682	-0.129639	0.950439	-2.167939	-2.297710	-1.786260	7.825728
-0.149414	-0.122803	0.907715	-1.740458	-2.961832	-3.145038	7.835831
-0.142334	-0.106689	0.895996	-1.648855	-2.038168	-2.534351	7.846205
-0.152588	-0.099854	0.891602	-0.312977	-0.221374	-1.847328	7.857119
-0.150391	-0.081787	0.868896	-0.099237	1.412214	-0.412214	7.867460
-0.147217	-0.087646	0.853027	-2.587786	3.770992	1.000000	7.878171
-0.148682	-0.109131	0.896240	-4.931298	4.572519	1.305344	7.888717
-0.144043	-0.108398	0.913086	-4.488550	4.312977	0.740458	7.899116
-0.161133	-0.111328	0.935303	-5.251908	5.068702	0.702290	7.909646
-0.152588	-0.145996	0.994873	-2.839695	1.671756	-1.259542	7.922202
-0.161865	-0.100830	0.984375	0.221374	-0.740458	-2.480916	7.932972
-0.164062	-0.064453	0.924316	-0.442748	-2.832061	0.366412	7.943436
-0.152588	-0.096191	0.916016	-3.503817	-1.625954	1.580153	7.954050
-0.145996	-0.110596	0.897217	-4.740458	-2.152672	1.000000	7.964418
-0.149170	-0.111084	0.887695	-3.877863	-0.526718	1.244275	7.974821
-0.149902	-0.116211	0.923828	-1.190840	0.671756	1.641221	7.985314
-0.156250	-0.104980	0.913818	-0.656489	1.114504	1.488550	7.995413
-0.159668	-0.101074	0.930908	-1.198473	0.755725	3.015267	8.005814
-0.162354	-0.102539	0.938721	-3.458015	-1.259542	3.473282	8.016022
-0.162354	-0.065430	0.949463	-5.221374	-3.076336	5.526718	8.026692
-0.157715	-0.074707	0.929443	-8.648855	-4.984733	8.664122	8.037169
-0.135010	-0.123779	0.916504	-12.175573	-5.122137	8.442748	8.047436
-0.130127	-0.155762	0.892334	-11.366412	-2.786260	5.824427	8.057615
-0.127930	-0.155029	0.905518	-7.633588	0.938931	3.152672	8.067830
-0.137939	-0.141357	0.923828	-3.984733	3.748092	1.099237	8.078526
-0.156006	-0.110352	0.966553	-2.129771	3.496183	0.114504	8.089114
-0.160156	-0.104492	0.963623	-4.183206	1.557252	0.061069	8.099534
-0.157471	-0.125732	0.969482	-4.152672	-1.480916	-1.122137	8.109698
-0.148682	-0.094971	0.940674	-3.961832	-2.045802	-1.175573	8.119814
-0.142578	-0.121826	0.935303	-4.793893	-2.175573	-1.465649	8.130490
-0.143555	-0.123047	0.915039	-3.862595	-2.061069	-1.687023	8.140879
-0.143311	-0.118164	0.898682	-3.267176	-0.366412	-1.923664	8.151215
-0.145020	-0.107422	0.886963	-2.580153	1.328244	-1.274809	8.161464
-0.144775	-0.116943	0.910889	-2.053435	2.664122	-1.312977	8.171406
-0.146240	-0.115234	0.942383	-0.465649	1.885496	-2.190840	8.181776
-0.148438	-0.112305	0.965088	0.167939	1.305344	-2.480916	8.192244
-0.153076	-0.093262	0.950195	-0.526718	-1.862595	-2.083969	8.202507
-0.149902	-0.101562	0.940674	-2.778626	-3.496183	-2.198473	8.212882
-0.149658	-0.092285	0.924072	-4.740458	-4.366412	-1.480916	8.223073
-0.135010	-0.100342	0.911865	-7.671756	-4.290076	-0.412214	8.233630
-0.138428	-0.117920	0.879395	-9.389313	-3.129771	-0.541985	8.244107
-0.129150	-0.114258	0.890625	-8.931298	-0.893130	-0.641221	8.254422
-0.129639	-0.120605	0.897217	-8.167939	1.267176	-0.236641	8.264757
-0.135010	-0.109863	0.911377	-6.839695	3.045802	0.977099	8.274817
-0.135742	-0.122559	0.930176	-6.343511	3.473282	1.687023	8.285085
-0.138672	-0.144775	0.944092	-6.053435	3.480916	0.236641	8.294790
-0.139160	-0.142090	0.959961	-4.412214	3.083969	-1.755725	8.305547
-0.149658	-0.131592	0.963867	-3.114504	1.801527	-3.687023	8.315897
-0.153320	-0.102539	0.942871	-2.419847	1.419847	-3.778626	8.326165
-0.157227	-0.100830	0.932617	-3.679389	-0.175573	-2.320611	8.336789
-0.155273	-0.114502	0.943115	-4.755725	-0.396947	-1.526718	8.347048
-0.149658	-0.125977	0.917480	-3.389313	-0.625954	-1.389313	8.357249
-0.152100	-0.102783	0.905029	-1.587786	0.526718	-1.152672	8.367813
-0.148193	-0.091553	0.926758	-0.351145	1.274809	0.297710	8.378505
-0.145996	-0.108887	0.918213	0.709924	1.564885	0.961832	8.388839
-0.143311	-0.114746	0.927734	-0.519084	1.702290	-0.404580	8.398962
-0.147461	-0.091064	0.910400	-2.374046	2.083969	-0.618321	8.409363
-0.152344	-0.109863	0.925049	-4.725191	1.832061	-0.282443	8.419930
-0.146729	-0.124268	0.922119	-5.580153	1.748092	-0.923664	8.430394
-0.133789	-0.119873	0.887207	-3.946565	2.007634	-1.625954	8.440888
-0.140625	-0.119141	0.899902	-4.068702	2.870229	-2.122137	8.451122
-0.143311	-0.130371	0.912598	-3.129771	1.297710	-2.404580	8.461373
-0.137207	-0.127441	0.920654	-2.305344	-0.534351	-4.061069	8.472206
-0.134277	-0.119629	0.894775	-1.022901	-0.465649	-4.167939	8.481988
-0.135498	-0.107666	0.902344	-0.129771	1.190840	-3.801527	8.492687
-0.135010	-0.116943	0.915039	1.740458	2.763359	-2.564885	8.502335
-0.138428	-0.126221	0.946289	2.656489	3.679389	-2.320611	8.512300
-0.143311	-0.112793	0.904785	2.900763	3.473282	-2.908397	8.523351
-0.154053	-0.112061	0.915283	1.206107	4.099237	-2.877863	8.533753
-0.145996	-0.111328	0.929443	0.618321	3.106870	-3.312977	8.544417
-0.146729	-0.098877	0.911377	-0.015267	2.969466	-2.938931	8.554638
-0.136719	-0.103027	0.912109	-0.603053	2.412214	-1.885496	8.564721
-0.135254	-0.107666	0.902832	-1.526718	3.847328	-1.183206	8.575443
-0.154297	-0.109863	0.902100	-3.702290	4.503817	-1.106870	8.585909
-0.143555	-0.107666	0.923096	-4.679389	5.198473	-1.419847	8.596717
-0.147949	-0.114746	0.972412	-5.389313	3.694656	-2.175573	8.607178
-0.165527	-0.114502	1.007568	-4.641221	-0.175573	-3.045802	8.617604
-0.154541	-0.110107	0.972656	-3.931298	-3.954198	-3.816794	8.627748
-0.148438	-0.114258	0.944580	-9.244275	-3.870229	-4.244275	8.638207
-0.149414	-0.125244	0.930420	-8.633588	-4.755725	-4.274809	8.648555
-0.144775	-0.115479	0.925293	-6.450382	-3.511450	-3.564885	8.658810
-0.135986	-0.116943	0.900391	-5.129771	-0.770992	-1.839695	8.669095
-0.132812	-0.121582	0.858154	-2.503817	3.419847	-0.526718	8.679516
-0.139404	-0.113770	0.882568	-0.564885	7.473282	0.244275	8.689851
-0.153320	-0.115967	0.911865	-0.511450	8.038168	0.419847	8.700023
-0.160889	-0.117920	0.931396	-2.251908	6.343511	-0.297710	8.710377
-0.153076	-0.121582	0.956543	-3.175573	4.770992	-1.587786	8.720709
-0.151367	-0.133301	0.980469	-3.099237	2.755725	-2.824427	8.730942
-0.137207	-0.122803	0.955566	-2.816794	1.564885	-3.488550	8.741419
-0.153320	-0.114746	0.968018	-3.847328	1.099237	-3.893130	8.751815
-0.147949	-0.106689	0.942139	-4.160305	0.458015	-3.961832	8.761884
-0.150391	-0.099121	0.919189	-4.450382	1.007634	-3.786260	8.772197
-0.148438	-0.099121	0.924316	-4.618321	2.496183	-2.809160	8.782297
-0.149658	-0.116455	0.905518	-4.526718	3.641221	-2.496183	8.791959
-0.162598	-0.105713	0.920166	-3.633588	5.419847	-2.511450	8.802772
-0.159424	-0.087158	0.919922	-3.190840	4.923664	-1.816794	8.813222
-0.167236	-0.096191	0.945068	-3.145038	2.549618	-0.580153	8.823437
-0.171875	-0.107178	0.950439	-3.114504	0.282443	0.412214	8.833986
-0.162109	-0.108154	0.940674	-2.847328	-1.068702	0.671756	8.844524
-0.151123	-0.115479	0.923828	-1.816794	-1.282443	0.549618	8.855200
-0.149902	-0.104980	0.884766	-2.007634	-0.175573	0.595420	8.865483
-0.155273	-0.101807	0.864014	-2.534351	2.404580	1.160305	8.875926
-0.158203	-0.117432	0.895752	-4.236641	3.656489	0.351145	8.886510
-0.150146	-0.104736	0.895508	-4.221374	3.213740	-0.152672	8.896901
-0.147217	-0.105957	0.908447	-4.977099	5.435115	-0.030534	8.907131
-0.153564	-0.129395	0.949219	-4.572519	3.519084	-0.572519	8.916840
-0.154541	-0.120117	0.931152	-3.320611	1.679389	-1.725191	8.927365
-0.140625	-0.120850	0.918457	-3.358779	2.923664	-1.732824	8.937142
-0.141113	-0.117920	0.927490	-3.580153	1.977099	-1.549618	8.947982
-0.144043	-0.119629	0.929199	-3.977099	1.045802	-1.946565	8.958349
-0.145020	-0.108643	0.932617	-2.931298	0.916031	-1.610687	8.968614
-0.150635	-0.109375	0.909424	-2.610687	1.564885	-0.450382	8.979207
-0.145508	-0.122803	0.916748	-1.641221	2.580153	-0.274809	8.989704
-0.155273	-0.114258	0.932861	-0.900763	3.442748	0.076336	9.000129
-0.156006	-0.120605	0.931885	-1.473282	3.519084	0.022901	9.010281
-0.157471	-0.108887	0.946777	-0.748092	2.519084	-0.175573	9.020452
-0.154297	-0.095459	0.944580	-1.183206	2.259542	0.381679	9.030767
-0.164551	-0.108398	0.962646	-3.183206	1.717557	0.740458	9.040511
-0.156494	-0.116943	0.968262	-4.015267	-1.732824	-0.297710	9.050802
-0.157471	-0.106445	0.969482	-5.259542	-3.480916	-0.717557	9.061143
-0.154297	-0.157227	0.980957	-5.893130	-5.129771	-2.198473	9.071579
-0.135010	-0.107422	0.925781	-1.969466	-5.648855	-2.129771	9.082203
-0.143799	-0.083496	0.897705	-5.076336	-6.083969	-0.343511	9.091712
-0.146484	-0.100830	0.898193	-7.770992	-4.343511	1.618321	9.102427
-0.125488	-0.127686	0.891846	-8.129771	-2.839695	1.488550	9.112676
-0.132324	-0.146240	0.895752	-9.656489	0.427481	-0.496183	9.123103
-0.145508	-0.151367	0.942139	-7.061069	0.610687	-0.893130	9.133065
-0.138184	-0.142090	0.938477	-4.374046	1.366412	-1.030534	9.142604
-0.143311	-0.156006	0.950439	-2.687023	0.061069	-1.557252	9.153975
-0.141113	-0.145020	0.970215	-1.045802	-3.091603	-3.877863	9.164281
-0.151611	-0.110840	0.946533	-3.396947	-5.328244	-4.305344	9.174414
-0.137695	-0.105469	0.913818	0.366412	-4.206107	-1.770992	9.185306
-0.135742	-0.102539	0.871094	0.396947	-1.816794	-0.969466	9.195836
-0.146729	-0.099365	0.876953	-1.351145	0.992366	0.351145	9.206587
-0.142090	-0.111328	0.866455	-2.503817	3.175573	1.335878	9.217080
-0.136230	-0.138916	0.869141	-2.229008	5.389313	-0.106870	9.227683
-0.144287	-0.123291	0.915039	-2.282443	5.916031	-1.106870	9.238227
-0.156738	-0.133057	0.996582	-0.946565	3.083969	-2.015267	9.248230
-0.161133	-0.111328	0.998291	0.030534	-2.244275	-2.412214	9.258735
-0.151855	-0.094238	0.931641	-2.419847	-4.213740	-1.816794	9.268954
-0.148926	-0.092529	0.908691	-2.992366	-4.282443	-0.633588	9.279108
-0.142578	-0.100098	0.880371	-3.396947	-2.374046	0.244275	9.289597
-0.135742	-0.111816	0.871338	-3.969466	-0.938931	0.664122	9.300047
-0.131836	-0.119629	0.887939	-2.618321	-0.427481	0.557252	9.310144
-0.131836	-0.116211	0.924561	-2.824427	1.305344	0.396947	9.320435
-0.135742	-0.143799	0.962402	-2.007634	-1.580153	-0.244275	9.331054
-0.135498	-0.152344	0.970703	-1.580153	-4.519084	-1.564885	9.341350
-0.132324	-0.121826	0.957275	-1.832061	-5.816794	-1.832061	9.351236
-0.143066	-0.145020	0.945801	-2.114504	-7.236641	-2.580153	9.361636
-0.131592	-0.137451	0.916504	-1.145038	-7.213740	-3.625954	9.372043
-0.134521	-0.119629	0.875977	0.068702	-5.870229	-2.954198	9.382208
-0.119873	-0.111816	0.866211	-0.625954	-4.427481	-1.992366	9.392495
-0.115479	-0.131348	0.858887	0.030534	-2.282443	-2.572519	9.403070
-0.115234	-0.106934	0.865479	0.580153	-0.114504	-2.587786	9.413272
-0.130127	-0.100098	0.911377	-1.480916	2.374046	-2.297710	9.423570
-0.131836	-0.109375	0.924561	-2.206107	3.633588	-1.709924	9.433956
-0.143311	-0.114990	0.930420	-5.175573	3.809160	-2.358779	9.444479
-0.136963	-0.112305	0.937012	-5.580153	4.106870	-2.534351	9.454512
-0.136475	-0.129639	0.961670	-5.572519	2.114504	-3.274809	9.465256
-0.144043	-0.118896	0.959229	-5.320611	0.259542	-3.816794	9.475390
-0.138184	-0.103271	0.960938	-5.595420	-0.954198	-3.282443	9.485819
-0.137695	-0.115723	0.947266	-6.916031	-1.480916	-2.534351	9.496406
-0.130615	-0.133057	0.937012	-5.526718	-1.610687	-2.396947	9.506821
-0.133789	-0.120361	0.909180	-4.992366	0.977099	-1.198473	9.517062
-0.128174	-0.139160	0.904053	-0.984733	2.862595	-0.183206	9.527565
-0.137695	-0.118164	0.901611	-0.427481	5.816794	-0.412214	9.537788
-0.140625	-0.109863	0.925537	-0.893130	7.175573	0.114504	9.548201
-0.135498	-0.131592	0.954590	-2.458015	5.893130	-1.251908	9.557844
-0.146973	-0.119873	0.960205	-1.984733	3.557252	-1.503817	9.568021
-0.150146	-0.113770	0.972412	-2.709924	1.893130	-1.198473	9.577793
-0.136230	-0.130371	0.952148	-2.908397	0.022901	-1.335878	9.588874
-0.137451	-0.110596	0.914062	-2.748092	-0.748092	-1.740458	9.599361
-0.137207	-0.108154	0.935303	-3.244275	-0.068702	-0.969466	9.609811
-0.133789	-0.122070	0.908936	-5.221374	-0.633588	-1.984733	9.620199
-0.133057	-0.114014	0.915039	-4.862595	1.015267	-2.145038	9.630472
-0.133301	-0.111572	0.907471	-4.885496	2.572519	-1.152672	9.640553
-0.130859	-0.129639	0.900391	-4.618321	3.824427	-1.251908	9.651064
-0.131592	-0.139404	0.910889	-4.572519	5.045802	-2.679389	9.661645
-0.125732	-0.137695	0.911377	-3.778626	6.442748	-4.038168	9.671915
-0.146240	-0.109375	0.950195	-1.679389	5.671756	-4.167939	9.682439
-0.153076	-0.080322	0.978516	-1.022901	4.381679	-2.160305	9.693019
-0.150146	-0.107422	0.980469	-2.786260	1.633588	-1.312977	9.703342
-0.146973	-0.110107	0.946533	-3.343511	-0.381679	-1.725191	9.713730
-0.147949	-0.114502	0.930908	-2.984733	-0.870229	-1.351145	9.724201
-0.142334	-0.117676	0.897949	-0.618321	-1.725191	-0.755725	9.734145
-0.140381	-0.105469	0.874023	-0.465649	-0.045802	-0.229008	9.744633
-0.137451	-0.103516	0.877197	-1.511450	1.458015	0.755725	9.755269
-0.133545	-0.107422	0.862061	-3.824427	2.709924	0.580153	9.765371
-0.124512	-0.107666	0.878174	-5.458015	5.198473	0.977099	9.775683
-0.133057	-0.128174	0.903564	-7.137405	5.328244	0.343511	9.786554
-0.131836	-0.130615	0.955811	-5.412214	3.106870	-0.923664	9.797074
-0.137695	-0.112793	0.956543	-3.870229	2.335878	-1.221374	9.807176
-0.135254	-0.124023	0.952393	-3.595420	1.732824	-1.954198	9.817857
-0.131592	-0.120605	0.906982	-4.664122	1.152672	-3.091603	9.828417
-0.131836	-0.107666	0.889404	-5.137405	2.091603	-2.923664	9.838873
-0.130127	-0.124268	0.914551	-6.763359	1.595420	-3.106870	9.849524
-0.128662	-0.123779	0.895020	-4.854962	2.076336	-2.847328	9.859622
-0.134277	-0.134033	0.916016	-2.427481	3.732824	-2.778626	9.870177
-0.140137	-0.114502	0.919678	-0.862595	3.335878	-1.832061	9.880670
-0.145752	-0.116943	0.945801	-1.587786	4.839695	-0.564885	9.891308
-0.143555	-0.109863	0.931641	0.068702	3.229008	-0.053435	9.901805
-0.141113	-0.105957	0.921387	-1.366412	4.946565	-0.122137	9.911684
-0.149902	-0.116211	0.948730	-2.480916	3.961832	-0.885496	9.924982
-0.147705	-0.098389	0.944580	-3.519084	3.190840	-2.122137	9.935730
-0.153320	-0.122803	0.972900	-4.114504	2.900763	-2.725191	9.946058
-0.149170	-0.116211	0.965820	-4.152672	0.129771	-3.358779	9.956403
-0.163086	-0.099854	0.965088	-4.152672	-2.160305	-2.694656	9.966373
-0.142334	-0.084229	0.917236	-5.328244	-3.351145	-0.854962	9.976901
-0.143311	-0.096436	0.920898	-7.122137	-0.854962	-0.114504	9.987125
-0.133545	-0.109863	0.902588	-6.083969	-0.419847	1.274809	9.997176
-0.138916	-0.125732	0.898193	-5.732824	2.580153	1.664122	10.007142
-0.134766	-0.132080	0.913574	-5.358779	4.129771	1.312977	10.016517
-0.146484	-0.127930	0.926758	-3.519084	5.534351	1.129771	10.026148
-0.143066	-0.145508	0.998047	-4.053435	4.351145	-1.595420	10.036232
-0.155029	-0.108398	0.962402	-0.496183	-0.030534	-2.030534	10.047287
-0.156006	-0.106689	0.951172	-3.549618	-0.122137	-2.061069	10.057514
-0.148438	-0.104980	0.931396	-3.854962	-1.175573	-1.167939	10.067366
-0.147705	-0.109619	0.923340	-3.923664	-1.106870	-0.809160	10.078401
-0.150391	-0.112793	0.906006	-2.381679	-0.221374	0.076336	10.088608
-0.139648	-0.093994	0.892334	-1.954198	1.267176	1.580153	10.097717
-0.140869	-0.094971	0.909424	-3.442748	0.022901	2.595420	10.106151
-0.140869	-0.133301	0.906494	-3.931298	1.847328	2.587786	10.114500
-0.143799	-0.144287	0.921387	-4.320611	2.610687	1.083969	10.122867
-0.151123	-0.127197	0.930176	-3.900763	3.183206	0.145038	10.131329
-0.155518	-0.122559	0.917969	-3.938931	3.015267	0.290076	10.139860
-0.148926	-0.126709	0.950195	-4.442748	2.007634	-0.335878	10.148187
-0.147461	-0.115479	0.945801	-3.809160	0.221374	-0.717557	10.156543
-0.169434	-0.105225	0.918457	-4.221374	0.885496	-0.083969	10.164810
-0.148438	-0.108643	0.928467	-4.694656	0.022901	-0.022901	10.173170
-0.138916	-0.110107	0.913818	-4.748092	-0.793893	-0.175573	10.181651
-0.145264	-0.125000	0.904053	-3.801527	-0.969466	-0.068702	10.189942
-0.145996	-0.130859	0.910645	-2.473282	0.061069	0.122137	10.197991
-0.151855	-0.119385	0.919434	-1.251908	0.183206	0.503817	10.205795
-0.141357	-0.123291	0.923584	-0.954198	-0.656489	1.007634	10.213428
-0.138428	-0.115234	0.902344	-0.916031	-1.015267	1.114504	10.221035
-0.139160	-0.113037	0.884766	-1.732824	0.091603	1.427481	10.229562
-0.138916	-0.124268	0.895020	-3.725191	1.648855	0.854962	10.238118
-0.130127	-0.119873	0.896973	-1.977099	2.839695	0.259542	10.246496
-0.132812	-0.119141	0.907227	-5.061069	3.839695	0.351145	10.254855
-0.139404	-0.135498	0.927734	-4.977099	2.961832	0.091603	10.263259
-0.128662	-0.149170	0.929688	-4.274809	3.061069	-0.679389	10.271630
-0.137451	-0.147705	0.932861	-4.396947	4.152672	-1.511450	10.280336
-0.138428	-0.150879	0.964600	-4.290076	1.648855	-2.404580	10.288880
-0.155518	-0.139648	0.951172	-3.343511	0.083969	-3.374046	10.297293
-0.135742	-0.121582	0.931396	-3.129771	0.290076	-3.343511	10.305576
-0.146729	-0.121582	0.933838	-3.145038	0.618321	-2.877863	10.314081
-0.144287	-0.110352	0.908447	-3.801527	0.824427	-2.450382	10.322501
-0.142578	-0.104004	0.907227	-4.167939	2.183206	-1.503817	10.331486
-0.147949	-0.111572	0.898438	-3.809160	3.251908	-0.427481	10.340005
-0.135986	-0.113525	0.886719	-3.587786	4.465649	0.076336	10.348415
-0.135742	-0.134033	0.913086	-4.328244	5.480916	0.282443	10.357272
-0.139404	-0.150391	0.961182	-5.496183	4.641221	-0.801527	10.365719
-0.144775	-0.138672	0.962646	-5.618321	3.656489	-2.167939	10.373898
-0.147705	-0.142334	0.967285	-6.969466	1.702290	-2.984733	10.382951
-0.146729	-0.139893	0.958496	-8.396947	-0.480916	-4.083969	10.391482
-0.145264	-0.135742	0.944336	-9.534351	-1.824427	-4.198473	10.399923
-0.137695	-0.162109	0.979248	-12.412214	-2.709924	-6.061069	10.408573
-0.142822	-0.161377	0.979492	-11.610687	-4.900763	-8.000000	10.417227
-0.135986	-0.130615	0.951660	-11.007634	-5.061069	-7.732824	10.425691
-0.135986	-0.117676	0.963623	-9.007634	-3.160305	-7.190840	10.434390
-0.144775	-0.118408	0.934082	-9.282443	-5.175573	-6.152672	10.443140
-0.130127	-0.129395	0.920410	-7.801527	-3.641221	-4.923664	10.451374
-0.139648	-0.129639	0.905518	-7.770992	-1.877863	-5.603053	10.459971
-0.139893	-0.114502	0.904297	-4.832061	-0.358779	-3.847328	10.468448
-0.137695	-0.109375	0.881836	-5.137405	1.236641	-1.587786	10.476718
-0.132324	-0.147705	0.891113	-6.473282	2.175573	-0.969466	10.485316
-0.134766	-0.156006	0.902588	-5.137405	2.580153	-1.122137	10.493895
-0.125488	-0.143799	0.904053	-4.198473	3.297710	-0.854962	10.502286
-0.130127	-0.143066	0.924805	-4.664122	3.366412	0.435115	10.510653
-0.134277	-0.159912	0.951660	-3.770992	2.190840	0.778626	10.519270
-0.133789	-0.174072	0.962158	-3.244275	0.198473	-0.259542	10.527728
-0.127930	-0.176025	0.944824	-1.633588	-1.396947	-2.412214	10.536215
-0.124756	-0.150146	0.907471	-0.931298	-1.564885	-2.977099	10.544736
-0.126953	-0.124268	0.890137	-1.412214	-0.389313	-2.870229	10.553129
-0.141113	-0.162598	0.901611	-1.519084	2.076336	-2.465649	10.561656
-0.126221	-0.141357	0.886963	-4.190840	0.916031	-5.167939	10.570248
-0.133789	-0.124268	0.868896	-4.473282	4.893130	-5.732824	10.578774
-0.144531	-0.106934	0.875977	-3.603053	4.824427	-3.648855	10.587269
-0.146484	-0.112305	0.910889	-2.641221	6.496183	-1.908397	10.595705
-0.144287	-0.147461	0.923096	-2.557252	4.580153	-2.183206	10.604091
-0.142578	-0.142334	0.921143	-1.526718	5.000000	-3.358779	10.612537
-0.144775	-0.131592	0.941162	-2.030534	4.801527	-3.671756	10.621151
-0.156982	-0.114258	0.932861	-0.290076	3.503817	-2.351145	10.629327
-0.149658	-0.112793	0.898193	-1.099237	3.633588	-1.709924	10.637886
-0.146240	-0.127197	0.912109	-1.572519	3.190840	-1.832061	10.646265
-0.139404	-0.118164	0.911621	-0.938931	0.938931	-2.595420	10.654431
-0.144287	-0.092041	0.898682	-1.648855	1.183206	-2.015267	10.662993
-0.153809	-0.094482	0.911621	-4.282443	2.358779	-0.213740	10.671576
-0.137695	-0.126465	0.930420	-4.816794	2.160305	-0.251908	10.679945
-0.141846	-0.137939	0.924805	-4.122137	2.458015	-0.786260	10.688496
-0.140869	-0.139404	0.924316	-3.687023	2.854962	-0.969466	10.696846
-0.142090	-0.142334	0.930664	-3.511450	2.320611	-1.511450	10.705175
-0.142090	-0.142578	0.923096	-4.053435	2.137405	-2.083969	10.713504
-0.143555	-0.145752	0.904297	-5.290076	2.557252	-2.885496	10.722145
-0.147705	-0.142334	0.909912	-7.053435	2.251908	-4.267176	10.730774
-0.143799	-0.138428	0.906250	-10.000000	1.748092	-4.854962	10.738909
-0.129883	-0.172363	0.896484	-12.923664	1.725191	-7.770992	10.747462
-0.133301	-0.160400	0.920166	-11.312977	1.305344	-8.641221	10.755792
-0.138672	-0.148926	0.915039	-8.389313	2.496183	-9.679389	10.764200
-0.138672	-0.101074	0.916748	-8.610687	3.137405	-8.595420	10.772590
-0.154053	-0.116943	0.928223	-7.129771	4.801527	-5.396947	10.781085
-0.145508	-0.133545	0.962646	-6.732824	2.030534	-4.091603	10.789221
-0.135742	-0.137451	0.952881	-4.511450	0.022901	-5.007634	10.797024
-0.132080	-0.118896	0.926758	-5.282443	0.793893	-4.213740	10.804859
-0.146973	-0.108398	0.914062	-5.038168	1.000000	-1.946565	10.812529
-0.140625	-0.131104	0.915771	-7.160305	1.045802	-0.870229	10.821840
-0.137207	-0.165771	0.894531	-7.465649	1.870229	-0.694656	10.830351
-0.131104	-0.179932	0.896729	-6.473282	3.122137	-2.190840	10.838573
-0.133301	-0.171875	0.914551	-6.496183	5.297710	-3.465649	10.846451
-0.157715	-0.160889	0.954834	-4.587786	6.145038	-2.687023	10.854775
-0.155518	-0.165283	0.988770	-3.259542	4.213740	-2.435115	10.863673
-0.161377	-0.162598	0.987305	-2.916031	0.809160	-3.557252	10.872138
-0.148926	-0.165283	0.948975	-1.145038	1.053435	-3.633588	10.880728
-0.155762	-0.145996	0.939941	-0.862595	0.603053	-3.931298	10.889348
-0.158936	-0.134521	0.920410	0.221374	1.335878	-2.427481	10.897717
-0.155518	-0.133545	0.917480	0.618321	2.221374	-1.847328	10.906276
-0.159180	-0.130859	0.901855	-2.770992	3.137405	-2.030534	10.914874
-0.163818	-0.145020	0.915527	-0.961832	4.015267	-1.053435	10.922828
-0.166016	-0.127686	0.936279	-0.893130	4.732824	-0.709924	10.931021
-0.166260	-0.121338	0.929199	-1.374046	4.366412	-0.183206	10.939860
-0.166504	-0.129150	0.928711	-1.961832	3.167939	0.534351	10.948560
-0.168457	-0.142822	0.947021	-1.061069	2.679389	0.809160	10.957059
-0.158447	-0.146484	0.934814	-1.236641	2.229008	0.564885	10.965383
-0.153564	-0.155762	0.948486	-1.068702	2.007634	0.435115	10.973926
-0.152100	-0.160889	0.953125	-0.908397	0.297710	-0.206107	10.982576
-0.154785	-0.169678	0.961426	-1.435115	-1.167939	-1.152672	10.990957
-0.141602	-0.141113	0.924316	-1.404580	-1.770992	-1.297710	10.999476
-0.144775	-0.117920	0.909912	-3.061069	-1.770992	-0.526718	11.008036
-0.138916	-0.126709	0.888672	-4.305344	-1.305344	0.564885	11.016348
-0.128906	-0.140381	0.884033	-4.450382	0.580153	0.816794	11.024693
-0.126221	-0.157227	0.877686	-4.351145	2.740458	-0.038168	11.033284
-0.121338	-0.164795	0.884766	-2.908397	3.465649	-0.549618	11.041797
-0.125732	-0.156250	0.882324	-0.305344	4.984733	-0.603053	11.050283
-0.132812	-0.160645	0.924805	0.106870	5.572519	-1.335878	11.058575
-0.140137	-0.151855	0.922607	0.290076	5.015267	-1.885496	11.066894
-0.139648	-0.140137	0.906006	-0.297710	5.099237	-2.183206	11.075686
-0.148926	-0.136963	0.928223	-1.076336	4.809160	-2.480916	11.084310
-0.153320	-0.144043	0.940674	-0.251908	2.580153	-2.259542	11.092614
-0.147705	-0.130371	0.915283	0.206107	2.000000	-2.129771	11.100904
-0.143799	-0.129883	0.882324	-0.549618	2.541985	-1.694656	11.109458
-0.144531	-0.134521	0.906250	-0.343511	2.862595	-1.312977	11.117329
-0.142090	-0.127686	0.878906	-0.519084	2.603053	-1.183206	11.126035
-0.146484	-0.120117	0.864990	-1.786260	4.106870	-0.595420	11.134775
-0.147949	-0.129395	0.874756	-3.221374	5.099237	-0.343511	11.143176
-0.151611	-0.148682	0.901611	-4.099237	4.893130	-0.519084	11.151783
-0.151123	-0.155029	0.920410	-3.412214	4.099237	-1.083969	11.160162
-0.144775	-0.153320	0.939941	-3.732824	3.000000	-2.099237	11.168625
-0.145264	-0.152100	0.954102	-4.129771	1.473282	-2.396947	11.177304
-0.150879	-0.151611	0.961914	-4.152672	-0.755725	-3.534351	11.185835
-0.153809	-0.147705	0.958984	-4.152672	-1.374046	-4.099237	11.194192
-0.151367	-0.142822	0.933838	-4.068702	-2.862595	-4.389313	11.202810
-0.141113	-0.134521	0.911621	-3.709924	-2.442748	-4.152672	11.211434
-0.151611	-0.122803	0.900146	-3.229008	-0.519084	-2.893130	11.219754
-0.147949	-0.122314	0.877441	-2.038168	2.190840	-0.633588	11.228247
-0.141113	-0.151367	0.889404	-1.870229	3.015267	-0.129771	11.236814
-0.133301	-0.157227	0.886719	-0.282443	4.198473	-0.847328	11.245135
-0.149658	-0.152588	0.916748	-1.954198	5.259542	-1.374046	11.253714
-0.147949	-0.159180	0.933350	0.893130	3.480916	-2.137405	11.262236
-0.156982	-0.147705	0.968994	0.587786	0.908397	-2.679389	11.270630
-0.143799	-0.158691	1.010010	-0.206107	-0.625954	-3.198473	11.279338
-0.149170	-0.149658	0.982666	1.038168	-5.541985	-4.809160	11.287741
-0.161865	-0.153809	0.952393	0.954198	-5.442748	-5.114504	11.296015
-0.170410	-0.143311	0.937256	2.870229	-5.656489	-5.541985	11.304658
-0.148193	-0.133789	0.923096	4.748092	-4.572519	-4.992366	11.313143
-0.154541	-0.106689	0.903076	4.900763	-4.229008	-4.587786	11.321650
-0.159424	-0.095215	0.881348	1.992366	-2.664122	-3.709924	11.330057
-0.157715	-0.083740	0.887695	-2.122137	-0.664122	-2.526718	11.338848
-0.153076	-0.109131	0.910156	-4.793893	0.022901	-1.427481	11.347322
-0.147217	-0.125244	0.911621	-5.473282	0.748092	-0.977099	11.355798
-0.139648	-0.139404	0.909180	-4.778626	1.061069	-1.061069	11.364396
-0.141602	-0.140625	0.925781	-4.000000	1.267176	-1.366412	11.372905
-0.134766	-0.135742	0.921875	-3.763359	2.587786	-1.656489	11.381651
-0.136719	-0.126465	0.920410	-2.572519	2.778626	-1.396947	11.390129
-0.141846	-0.136230	0.930420	-4.129771	3.648855	-1.427481	11.398588
-0.146973	-0.148193	0.935303	-2.152672	2.923664	-1.748092	11.407168
-0.141846	-0.137451	0.925293	-1.183206	3.343511	-2.038168	11.415377
-0.154053	-0.124756	0.915283	-1.297710	3.809160	-1.534351	11.423971
-0.153076	-0.121826	0.927246	-1.557252	3.648855	-1.122137	11.432538
-0.154297	-0.110596	0.920898	-3.099237	3.526718	-0.572519	11.441115
-0.151855	-0.130615	0.904785	-3.335878	3.748092	0.061069	11.449736
-0.150146	-0.136963	0.902588	-3.206107	4.931298	0.366412	11.458257
-0.152344	-0.131592	0.905518	-3.717557	5.717557	1.122137	11.466390
-0.150879	-0.145264	0.910889	-2.908397	6.236641	0.358779	11.475011
-0.152832	-0.139404	0.923340	0.328244	4.870229	0.381679	11.483170
-0.155029	-0.128662	0.923828	1.320611	5.618321	1.030534	11.491574
-0.160889	-0.136230	0.902100	0.007634	5.847328	1.068702	11.499553
-0.154297	-0.147949	0.896240	0.099237	5.473282	0.419847	11.507355
-0.156250	-0.133057	0.884521	0.389313	5.564885	-0.297710	11.515315
-0.152100	-0.113525	0.877686	-1.114504	6.152672	-0.381679	11.524216
-0.147217	-0.120117	0.886475	-2.549618	7.312977	0.381679	11.532724
-0.160400	-0.135498	0.922363	-1.709924	5.526718	0.549618	11.541431
-0.152344	-0.138184	0.951416	-1.381679	4.206107	0.305344	11.549935
-0.155518	-0.128662	0.926514	-1.488550	3.748092	0.061069	11.558450
-0.147461	-0.139160	0.941895	-1.648855	2.671756	-0.160305	11.567010
-0.153564	-0.140869	0.914307	-1.160305	2.923664	-0.732824	11.575175
-0.154541	-0.124268	0.908691	-2.572519	3.473282	-0.503817	11.583859
-0.148682	-0.120850	0.915771	-3.007634	4.442748	-0.122137	11.592259
-0.153564	-0.134033	0.909180	-3.770992	3.969466	0.145038	11.600562
-0.151367	-0.151367	0.926025	-4.702290	3.763359	-1.145038	11.609268
-0.153809	-0.119141	0.911621	-4.183206	3.595420	-0.938931	11.617733
-0.156982	-0.118164	0.935303	-6.458015	1.610687	0.190840	11.625943
-0.153320	-0.164062	0.931152	-6.503817	3.358779	0.519084	11.634485
-0.145996	-0.174805	0.958496	-2.610687	3.038168	0.076336	11.642995
-0.152100	-0.170654	0.963867	-0.137405	2.893130	-1.641221	11.651075
-0.149170	-0.145508	0.962646	-0.427481	2.267176	-1.816794	11.659468
-0.161865	-0.133057	0.967773	-0.404580	0.076336	-1.526718	11.667977
-0.163086	-0.122070	0.960938	-1.801527	-0.175573	-1.648855	11.676428
-0.168701	-0.111816	0.937500	-1.870229	-0.496183	-0.946565	11.685086
-0.158691	-0.116211	0.894531	-5.061069	0.648855	-0.564885	11.693636
-0.161133	-0.126465	0.897217	-4.183206	2.061069	0.145038	11.701954
-0.161133	-0.141357	0.908936	-3.473282	3.320611	0.152672	11.710414
-0.162354	-0.146240	0.929443	-1.305344	3.961832	-0.389313	11.718969
-0.158691	-0.124756	0.929199	-0.282443	4.022901	0.137405	11.727450
-0.159180	-0.130371	0.968994	-1.351145	4.496183	1.053435	11.736033
-0.156494	-0.170166	0.969971	-0.526718	2.335878	-0.068702	11.744597
-0.151367	-0.163330	0.952393	0.564885	0.007634	-1.450382	11.752991
-0.152344	-0.152344	0.927979	2.366412	2.702290	-1.183206	11.761474
-0.153564	-0.145996	0.918701	6.267176	2.145038	-1.450382	11.770056
-0.144775	-0.120850	0.871338	7.152672	4.122137	-0.961832	11.778470
-0.142334	-0.115723	0.862549	6.755725	5.587786	-0.206107	11.786516
-0.142578	-0.119141	0.872803	4.305344	8.633588	-1.267176	11.795222
-0.156250	-0.104004	0.905762	3.625954	8.427481	-1.328244	11.803626
-0.157471	-0.117432	0.922363	0.664122	8.442748	-0.335878	11.812080
-0.160645	-0.130371	0.954102	-1.442748	6.251908	-0.847328	11.820430
-0.166260	-0.133545	0.944824	-0.648855	4.549618	-1.221374	11.828565
-0.173828	-0.131592	0.957275	-1.755725	2.679389	-1.801527	11.836568
-0.170654	-0.125488	0.951904	-1.213740	-0.129771	-1.763359	11.844438
-0.168701	-0.125244	0.938965	-1.038168	-1.992366	-1.687023	11.852544
-0.165039	-0.120117	0.906006	-1.595420	-2.122137	-2.068702	11.860344
-0.168457	-0.118652	0.915283	-2.900763	-1.083969	-2.549618	11.869988
-0.144775	-0.097168	0.900635	-5.465649	-0.839695	-2.885496	11.878624
-0.171143	-0.140381	0.869141	-0.312977	0.557252	-2.274809	11.887266
-0.169189	-0.114014	0.884277	-6.396947	1.022901	-3.580153	11.895754
-0.170166	-0.117188	0.876465	-2.954198	4.839695	-2.389313	11.904324
-0.172852	-0.128418	0.895996	-1.488550	1.954198	-1.900763	11.912722
-0.176758	-0.094727	0.913330	-5.549618	5.053435	-2.549618	11.922598
-0.175537	-0.120361	0.933838	-3.244275	3.145038	-1.259542	11.930795
-0.164062	-0.123779	0.943604	-2.809160	2.076336	-1.534351	11.939377
-0.174561	-0.114502	0.945312	-1.862595	1.503817	-1.572519	11.948061
-0.178955	-0.107422	0.948486	-1.267176	0.442748	-0.259542	11.956592
-0.170166	-0.117188	0.925293	-2.709924	0.190840	-0.183206	11.965245
