-0.044434	-0.149658	0.971924	0.175573	0.099237	0.198473	0.003905
-0.045410	-0.144775	0.954102	-0.488550	-1.351145	-0.251908	0.011701
-0.041016	-0.125732	0.915039	-2.519084	-1.358779	-0.473282	0.019244
-0.044922	-0.114258	0.905029	-3.603053	-0.526718	-0.076336	0.026752
-0.041504	-0.112305	0.915283	-3.885496	0.045802	0.832061	0.034543
-0.047607	-0.112305	0.899658	-2.946565	1.312977	1.793893	0.042462
-0.038330	-0.142578	0.914062	-2.000000	2.702290	2.297710	0.050354
-0.033203	-0.158447	0.930420	-1.442748	2.595420	1.801527	0.058189
-0.031982	-0.151855	0.915527	-1.213740	3.167939	1.564885	0.066059
-0.036621	-0.138672	0.916748	-1.091603	4.557252	1.496183	0.073821
-0.036621	-0.144043	0.906738	-2.038168	5.099237	1.786260	0.081592
-0.039551	-0.152100	0.899902	-2.687023	5.717557	1.709924	0.089484
-0.039551	-0.143555	0.895752	-3.549618	6.442748	1.137405	0.097235
-0.038330	-0.128174	0.906006	-5.083969	6.893130	1.206107	0.105194
-0.033936	-0.139893	0.939697	-5.114504	5.335878	0.877863	0.113085
-0.044434	-0.159668	0.961670	-3.320611	3.465649	0.458015	0.120884
-0.039551	-0.162842	0.977051	-2.305344	3.137405	-0.022901	0.128706
-0.042236	-0.146729	0.959473	-2.335878	3.335878	-0.480916	0.137482
-0.043945	-0.141113	0.971191	-1.770992	2.572519	-0.007634	0.145784
-0.046387	-0.147461	0.972412	-1.000000	1.206107	1.938931	0.154362
-0.040283	-0.150391	0.950195	-0.923664	0.526718	-0.366412	0.162759
-0.043701	-0.129639	0.934082	-1.488550	1.137405	-0.251908	0.171120
-0.046631	-0.135986	0.927002	-2.801527	1.564885	0.175573	0.179773
-0.048584	-0.128418	0.909668	-3.587786	2.603053	0.885496	0.188061
-0.037842	-0.143311	0.911865	-4.343511	3.839695	0.793893	0.196660
-0.038086	-0.133301	0.907471	-5.496183	5.076336	0.664122	0.205041
-0.047119	-0.124756	0.908691	-6.450382	6.404580	1.213740	0.213413
-0.048340	-0.140137	0.954102	-6.648855	6.893130	1.030534	0.221808
-0.049316	-0.158203	0.992920	-3.801527	3.954198	0.343511	0.230283
-0.041260	-0.146973	0.960205	-2.015267	2.984733	0.137405	0.238766
-0.051025	-0.130371	0.950195	-2.480916	2.755725	-0.778626	0.247080
-0.045654	-0.133545	0.965332	-1.572519	2.969466	0.251908	0.255770
-0.044434	-0.150879	0.972656	-0.664122	2.847328	0.114504	0.263986
-0.049805	-0.145508	0.965088	0.694656	3.160305	-0.045802	0.271995
-0.053223	-0.134033	0.939209	1.381679	2.129771	-0.038168	0.280871
-0.058350	-0.115479	0.920898	0.656489	2.809160	0.335878	0.289291
-0.052979	-0.118652	0.897217	-1.931298	3.534351	0.427481	0.297561
-0.052002	-0.122559	0.892090	-3.374046	4.106870	1.053435	0.305624
-0.056641	-0.114258	0.894531	-5.229008	5.877863	1.496183	0.314173
-0.051025	-0.131104	0.900146	-7.541985	8.122137	1.404580	0.322295
-0.054688	-0.128174	0.910156	-7.671756	7.213740	1.671756	0.330750
-0.041260	-0.154541	0.930664	-6.671756	6.610687	1.511450	0.339169
-0.037842	-0.165283	0.941895	-5.381679	6.068702	0.496183	0.347543
-0.046387	-0.164551	0.953369	-4.007634	6.000000	0.083969	0.356052
-0.041016	-0.160889	0.965576	-2.503817	4.847328	-0.526718	0.364493
-0.044922	-0.157959	0.934082	-2.045802	4.450382	-1.412214	0.373122
-0.048340	-0.158936	0.938965	-1.832061	4.198473	-2.351145	0.381668
-0.052490	-0.140137	0.934326	-1.671756	3.770992	-2.656489	0.390296
-0.053467	-0.136719	0.936768	-1.282443	4.374046	-2.702290	0.398650
-0.061035	-0.122559	0.919678	-1.412214	4.053435	-2.267176	0.407082
-0.064697	-0.124268	0.916504	-1.664122	5.358779	-1.435115	0.415688
-0.063965	-0.125977	0.917969	-2.473282	6.267176	-1.511450	0.424201
-0.065186	-0.116943	0.914307	-3.404580	7.328244	-1.213740	0.432747
-0.066162	-0.106689	0.890869	-5.061069	10.496183	-0.664122	0.441263
-0.074707	-0.130615	0.925781	-5.893130	10.961832	-0.977099	0.449662
-0.075928	-0.142090	0.937012	-4.404580	8.885496	-0.847328	0.457916
-0.074707	-0.130371	0.947266	-3.190840	7.992366	-0.503817	0.466091
-0.072266	-0.121582	0.943359	-3.503817	7.984733	-0.022901	0.474044
-0.071289	-0.135498	0.966309	-2.801527	6.068702	0.076336	0.482353
-0.071533	-0.146973	0.972900	-1.259542	4.015267	-0.045802	0.490900
-0.062500	-0.137939	0.979492	-1.229008	2.679389	-0.366412	0.499238
-0.065186	-0.136963	0.941650	-2.045802	1.282443	-0.526718	0.507963
-0.060791	-0.121338	0.920898	-3.259542	1.099237	-0.290076	0.516870
-0.055908	-0.138916	0.910400	-4.343511	2.862595	-0.236641	0.525749
-0.055908	-0.138672	0.903076	-5.656489	4.862595	-0.480916	0.534227
-0.054443	-0.144531	0.890625	-6.038168	7.931298	-0.503817	0.542662
-0.061035	-0.157715	0.931885	-5.595420	9.068702	-1.793893	0.551107
-0.062012	-0.154785	0.938965	-2.786260	7.534351	-2.030534	0.559491
-0.066162	-0.128174	0.947754	-0.984733	7.328244	-2.167939	0.567913
-0.081055	-0.124268	0.953125	-1.778626	6.656489	-1.870229	0.576279
-0.073975	-0.133301	0.984619	-0.770992	5.664122	-1.206107	0.584898
-0.079102	-0.130615	0.970703	-0.412214	3.694656	-1.404580	0.593435
-0.076416	-0.130615	0.949219	-1.770992	3.732824	-1.625954	0.601927
-0.083008	-0.128662	0.942139	-3.091603	4.580153	-1.458015	0.610134
-0.080322	-0.122559	0.947021	-3.503817	5.297710	-1.351145	0.618572
-0.080078	-0.117188	0.937744	-4.129771	6.106870	-0.862595	0.627106
-0.083252	-0.112549	0.926514	-4.320611	7.480916	-0.587786	0.635219
-0.093262	-0.105469	0.925293	-5.007634	9.160305	0.206107	0.643797
-0.087891	-0.112061	0.922119	-6.351145	10.442748	0.557252	0.652321
-0.079346	-0.127930	0.936279	-6.832061	12.091603	1.099237	0.660776
-0.082764	-0.133545	0.945557	-6.633588	12.748092	1.305344	0.669201
-0.087891	-0.143799	0.951172	-5.694656	12.480916	1.480916	0.677761
-0.081543	-0.127197	0.927979	-6.931298	14.251908	1.633588	0.686115
-0.076416	-0.141602	0.918213	-8.442748	18.664122	1.854962	0.694815
-0.067139	-0.152832	0.885254	-13.282443	20.068702	1.656489	0.703371
-0.083252	-0.188721	0.910645	-15.183206	23.083969	-0.343511	0.711763
-0.089600	-0.182861	0.953857	-15.198473	22.122137	-3.091603	0.720080
-0.099854	-0.142822	0.958008	-11.862595	19.732824	-3.198473	0.728613
-0.113037	-0.120361	0.971191	-10.923664	18.137405	-1.984733	0.736931
-0.121826	-0.134033	1.005615	-9.236641	15.083969	-1.022901	0.745408
-0.121826	-0.154053	0.988525	-6.267176	9.465649	-0.648855	0.753980
-0.117676	-0.156982	0.956055	-4.534351	5.580153	-0.946565	0.762328
-0.117188	-0.147949	0.929688	-4.633588	4.167939	-1.832061	0.770541
-0.114258	-0.143555	0.907715	-4.801527	2.671756	-2.450382	0.778893
-0.113525	-0.141602	0.914551	-2.870229	1.206107	-2.167939	0.787273
-0.099854	-0.131348	0.923340	-1.854962	0.740458	-1.625954	0.795846
-0.108154	-0.136230	0.947021	-1.801527	-0.526718	-2.343511	0.804369
-0.106689	-0.125977	0.935303	-1.404580	-0.374046	-2.297710	0.812790
-0.108887	-0.116211	0.917969	-2.145038	0.648855	-2.015267	0.821021
-0.106689	-0.122559	0.927490	-1.847328	1.076336	-1.198473	0.828817
-0.124756	-0.129639	0.929199	-2.000000	-0.137405	-1.549618	0.836776
-0.119385	-0.140869	0.937256	-1.641221	-1.954198	-1.816794	0.844563
-0.124023	-0.137207	0.945557	-0.564885	-3.328244	-1.824427	0.852873
-0.120361	-0.134521	0.953369	0.442748	-5.832061	-2.587786	0.863530
-0.107910	-0.147461	0.960938	6.427481	-4.610687	-1.351145	0.874090
-0.111084	-0.115723	0.925293	-1.641221	-7.267176	-3.328244	0.884917
-0.108154	-0.105469	0.932373	-3.648855	-7.595420	-1.687023	0.895347
-0.104248	-0.102295	0.872803	-3.480916	-4.984733	-3.885496	0.905869
-0.093994	-0.107910	0.847900	-4.282443	-1.946565	1.190840	0.915921
-0.099365	-0.086670	0.798096	-4.038168	2.206107	1.931298	0.925664
-0.098877	-0.148926	0.903564	-7.938931	5.450382	1.450382	0.936532
-0.097656	-0.163818	0.931152	-5.351145	3.145038	1.015267	0.946725
-0.090332	-0.209229	0.983154	-4.595420	1.404580	-0.221374	0.957096
-0.101074	-0.199463	1.026611	-1.274809	-2.389313	-2.343511	0.967280
-0.094971	-0.152588	0.977051	0.358779	-5.137405	-1.564885	0.977578
-0.088867	-0.147705	0.949219	-1.351145	-4.458015	-0.442748	0.988051
-0.081543	-0.156738	0.913086	-1.190840	-3.458015	0.427481	0.998299
-0.072266	-0.153320	0.890625	-2.992366	-1.702290	0.167939	1.008340
-0.075195	-0.153809	0.883057	-4.793893	1.694656	0.038168	1.019186
-0.075684	-0.159912	0.903076	-4.152672	3.122137	0.244275	1.029630
-0.088135	-0.170166	0.947754	-3.343511	3.778626	-0.427481	1.040110
-0.089355	-0.180908	0.960938	-0.610687	2.022901	-0.450382	1.050263
-0.076904	-0.182617	0.970947	0.061069	0.251908	-1.290076	1.060697
-0.090088	-0.162109	0.960205	-1.412214	-1.145038	-1.694656	1.071958
-0.088135	-0.150146	0.943115	-1.389313	-2.022901	-0.946565	1.082992
-0.083984	-0.156738	0.896240	-4.114504	-1.793893	-0.839695	1.093442
-0.081787	-0.156006	0.868408	-4.442748	-0.412214	-0.832061	1.103809
-0.067627	-0.143799	0.842773	-4.725191	2.969466	-0.007634	1.113327
-0.074951	-0.163330	0.853027	-6.396947	5.885496	-0.610687	1.123455
-0.077881	-0.191406	0.869141	-5.679389	8.412214	-1.267176	1.134311
-0.092529	-0.210938	0.946045	-2.740458	8.053435	-3.297710	1.144312
-0.102783	-0.180664	0.962402	1.038168	6.022901	-4.511450	1.154955
-0.096924	-0.161865	0.968262	2.175573	4.541985	-5.129771	1.165314
-0.118164	-0.145020	0.952637	-0.511450	3.160305	-5.694656	1.175724
-0.108398	-0.133789	0.938965	-2.465649	0.709924	-6.259542	1.185950
-0.106689	-0.118164	0.907959	-4.541985	0.916031	-5.725191	1.196322
-0.108154	-0.111572	0.904785	-5.549618	2.129771	-5.427481	1.206887
-0.100586	-0.120850	0.896729	-4.885496	2.679389	-4.847328	1.217377
-0.108643	-0.139893	0.905273	-4.610687	4.557252	-4.679389	1.227496
-0.106445	-0.128418	0.942627	-1.679389	4.671756	-4.511450	1.238019
-0.123291	-0.110596	0.968994	-0.778626	4.083969	-2.931298	1.248147
-0.125000	-0.130859	0.973389	-1.893130	3.419847	-2.358779	1.258660
-0.115479	-0.124268	0.966064	-2.465649	0.618321	-2.038168	1.269088
-0.124756	-0.123047	1.013184	-3.961832	-0.618321	-1.580153	1.279745
-0.136719	-0.119385	1.013916	-4.564885	-3.374046	-1.221374	1.290157
-0.129395	-0.111816	0.983398	-3.503817	-5.167939	0.557252	1.300080
-0.120117	-0.124023	0.933105	-3.519084	-6.320611	2.404580	1.310911
-0.106201	-0.109863	0.885254	-4.305344	-6.137405	3.961832	1.320894
-0.084229	-0.133301	0.885742	-6.099237	-4.267176	4.503817	1.331517
-0.078857	-0.158203	0.905518	-8.679389	-3.809160	3.511450	1.341819
-0.089844	-0.160889	0.884033	-8.251908	-4.251908	1.259542	1.352229
-0.091309	-0.147217	0.911621	-9.442748	-4.366412	0.992366	1.362516
-0.089600	-0.161865	0.923340	-9.793893	-5.091603	0.000000	1.372462
-0.089844	-0.174805	0.936768	-5.511450	-4.122137	0.488550	1.383115
-0.090088	-0.180664	0.927246	-2.045802	-2.282443	-0.274809	1.393423
-0.092773	-0.158203	0.874268	3.816794	-0.183206	-0.633588	1.403573
-0.079102	-0.121338	0.817139	6.282443	3.427481	0.030534	1.413840
-0.091064	-0.102539	0.782715	4.038168	7.251908	-0.045802	1.424160
-0.081299	-0.114746	0.799316	2.992366	9.847328	-0.007634	1.434123
-0.095703	-0.123291	0.872803	1.030534	10.931298	-1.465649	1.444141
-0.096680	-0.164062	0.969971	0.664122	8.526718	-3.221374	1.454954
-0.093750	-0.162842	1.031006	2.427481	7.061069	-6.198473	1.465168
-0.124512	-0.170654	1.103271	2.618321	3.053435	-7.389313	1.475332
-0.124023	-0.147949	1.052246	9.396947	-4.458015	-7.763359	1.485783
-0.122803	-0.093994	0.907959	9.374046	-6.389313	-6.832061	1.496223
-0.112549	-0.100098	0.875732	7.946565	-4.442748	-6.083969	1.506296
-0.101074	-0.105225	0.853516	7.641221	-3.992366	-6.854962	1.516756
-0.102295	-0.070801	0.832764	4.687023	-2.763359	-7.091603	1.526929
-0.106201	-0.049561	0.843018	-3.519084	1.488550	-5.778626	1.537530
-0.095703	-0.078369	0.871826	-5.648855	6.091603	-3.374046	1.547806
-0.099609	-0.140137	0.937012	2.435115	11.748092	0.694656	1.557919
-0.105225	-0.140625	1.029297	-1.412214	8.190840	-1.442748	1.568289
-0.111572	-0.146484	1.112061	-2.122137	4.129771	-4.045802	1.578452
-0.109619	-0.112549	1.081299	1.847328	-4.557252	-2.740458	1.588989
-0.092285	-0.087402	0.976562	0.290076	-9.076336	-3.290076	1.599698
-0.083496	-0.075195	0.911133	-5.435115	-9.458015	-1.000000	1.609784
-0.078125	-0.093994	0.895020	-10.893130	-7.465649	0.885496	1.619975
-0.072510	-0.147705	0.876709	-13.030534	-5.847328	0.160305	1.630315
-0.068604	-0.125000	0.833740	-8.625954	1.809160	2.641221	1.640576
-0.074463	-0.164062	0.911133	-9.671756	7.877863	2.274809	1.650763
-0.090088	-0.189697	0.953125	-6.625954	8.793893	0.992366	1.660862
-0.093506	-0.155762	0.987549	-4.007634	6.938931	-0.916031	1.671039
-0.108887	-0.140869	1.021240	-5.106870	3.030534	-2.198473	1.682046
-0.117432	-0.114990	1.003662	-3.786260	-1.908397	-1.106870	1.692641
-0.122559	-0.085205	0.970703	-6.061069	-4.305344	0.145038	1.703641
-0.120605	-0.077393	0.919678	-6.572519	-5.541985	3.328244	1.713494
-0.104248	-0.117188	0.881836	-6.877863	-2.938931	7.183206	1.728551
-0.083252	-0.170166	0.893311	-6.015267	-1.419847	6.809160	1.738253
-0.076660	-0.151855	0.861084	-11.725191	-0.961832	4.511450	1.747751
-0.063965	-0.108154	0.860107	-10.770992	1.709924	4.916031	1.757601
-0.067871	-0.178223	0.893799	-9.305344	3.641221	5.839695	1.767139
-0.070801	-0.174072	0.912354	-5.251908	5.152672	1.618321	1.778797
-0.087891	-0.166260	0.920410	-0.946565	6.793893	1.511450	1.789263
-0.082275	-0.130859	0.909912	-0.389313	6.221374	1.931298	1.799556
-0.084717	-0.154541	0.918945	-2.083969	6.755725	2.106870	1.809700
-0.084961	-0.195312	0.967285	-1.664122	3.091603	0.290076	1.820372
-0.092773	-0.134766	0.898682	0.450382	0.961832	1.931298	1.830847
-0.076416	-0.124756	0.915527	-3.412214	0.000000	0.007634	1.841164
-0.080322	-0.156250	0.896484	-6.091603	2.236641	0.358779	1.851424
-0.071777	-0.191162	0.928955	-4.633588	2.572519	-0.954198	1.861824
-0.082764	-0.178223	0.923584	-3.801527	4.740458	-2.740458	1.872306
-0.083252	-0.169434	0.933838	-2.267176	5.511450	-3.725191	1.883159
-0.089355	-0.158936	0.933594	-1.938931	6.992366	-3.786260	1.893646
-0.102783	-0.155029	0.957520	-2.030534	6.824427	-4.389313	1.904109
-0.107666	-0.133789	0.967041	0.076336	5.641221	-3.412214	1.914258
-0.115723	-0.105225	0.952881	-1.099237	4.671756	-2.267176	1.924538
-0.122314	-0.126465	0.963867	-2.312977	3.541985	-1.259542	1.935002
-0.119873	-0.144043	0.968506	-3.053435	1.503817	-1.076336	1.945092
-0.125244	-0.134277	0.943604	-3.122137	0.557252	-1.473282	1.955475
-0.124023	-0.137695	0.932373	-4.152672	-0.274809	-1.221374	1.965777
-0.118164	-0.154297	0.910156	-4.190840	-0.671756	-1.251908	1.976161
-0.122314	-0.135986	0.910156	-3.969466	1.198473	-1.511450	1.986848
-0.113525	-0.145508	0.894775	-2.564885	1.801527	-0.137405	1.997233
-0.112305	-0.143066	0.907471	-2.137405	2.450382	-1.320611	2.007603
-0.122070	-0.133057	0.931885	-0.076336	3.580153	-0.145038	2.017756
-0.121094	-0.135498	0.939209	-0.893130	3.671756	0.732824	2.028317
-0.114746	-0.165771	0.965088	-2.610687	3.206107	0.465649	2.038700
-0.123291	-0.167236	0.967041	-0.427481	1.358779	-1.282443	2.048966
-0.116699	-0.141357	0.965820	-1.244275	-0.854962	-1.183206	2.059608
-0.112305	-0.131348	0.946289	-3.221374	-1.664122	-0.511450	2.069735
-0.106445	-0.150879	0.929199	-3.274809	-1.778626	-0.305344	2.080475
-0.105713	-0.155029	0.897705	-4.480916	-3.908397	-0.832061	2.090786
-0.096191	-0.157227	0.883301	-5.442748	-0.816794	-1.412214	2.101176
-0.100830	-0.151855	0.866455	-5.076336	1.106870	-1.450382	2.111652
-0.100586	-0.153076	0.851074	-5.183206	4.526718	-1.801527	2.121821
-0.107422	-0.158691	0.879395	-5.099237	5.870229	-2.389313	2.132116
-0.119385	-0.177979	0.960205	-2.396947	8.244275	-3.801527	2.142568
-0.111816	-0.152100	0.964111	3.404580	5.740458	-6.160305	2.152755
-0.122559	-0.102295	0.960693	3.992366	4.435115	-5.992366	2.163092
-0.120361	-0.093262	0.958008	1.877863	4.083969	-2.900763	2.173376
-0.123047	-0.101807	0.942627	-0.206107	3.427481	-1.748092	2.183697
-0.117432	-0.113525	0.922363	-1.389313	2.709924	-1.625954	2.194072
-0.116943	-0.117432	0.901123	-1.381679	2.763359	-2.099237	2.204379
-0.113281	-0.124023	0.944092	-4.015267	4.503817	-1.992366	2.214518
-0.111816	-0.112793	0.938965	-2.954198	5.068702	-1.931298	2.225013
-0.105713	-0.129883	0.978516	-3.083969	4.572519	-2.351145	2.235729
-0.115234	-0.124512	0.979248	-3.664122	2.832061	-3.763359	2.245704
-0.108643	-0.127686	0.976318	-4.954198	1.854962	-1.679389	2.256231
-0.105469	-0.169434	0.995605	-9.755725	-0.267176	-5.480916	2.266433
-0.113281	-0.174316	0.974609	-7.885496	-3.442748	-6.984733	2.276882
-0.124268	-0.109863	0.942383	-6.732824	-2.496183	-6.167939	2.287188
-0.128418	-0.110352	0.927002	-6.664122	-3.641221	-4.564885	2.297746
-0.121582	-0.102051	0.916992	-3.969466	-6.183206	-1.396947	2.307941
-0.098633	-0.104004	0.862061	-5.854962	-4.038168	-0.213740	2.318240
-0.095215	-0.101807	0.883301	-5.702290	-0.832061	3.206107	2.328469
-0.082275	-0.136963	0.930420	-4.610687	1.213740	5.030534	2.339459
-0.074707	-0.143799	0.939453	-4.145038	0.160305	4.893130	2.349737
-0.071289	-0.166504	0.974854	-2.816794	1.022901	6.450382	2.360438
-0.072021	-0.166992	0.965576	-1.007634	-2.122137	3.450382	2.371350
-0.069336	-0.147949	0.902344	1.045802	-3.549618	4.770992	2.381952
-0.063232	-0.158203	0.871826	-2.732824	-2.694656	2.175573	2.391846
-0.065430	-0.176270	0.869141	-1.923664	2.580153	3.526718	2.401981
-0.069824	-0.172607	0.895264	-4.221374	4.801527	2.335878	2.411357
-0.068848	-0.180908	0.893555	-7.496183	10.755725	1.129771	2.421911
-0.077881	-0.193604	0.933594	-3.687023	8.305344	-0.656489	2.431839
-0.095703	-0.158691	0.925049	-0.656489	3.954198	-3.183206	2.442490
-0.102539	-0.141602	0.901611	-5.610687	3.282443	-4.496183	2.452562
-0.129395	-0.145752	0.883301	-2.847328	5.793893	-5.671756	2.462852
-0.124512	-0.103271	0.898193	-0.664122	4.099237	-4.160305	2.473164
-0.134033	-0.111816	0.891846	3.633588	7.000000	-2.290076	2.483792
-0.131348	-0.118164	0.939209	5.297710	7.404580	-2.251908	2.493973
-0.129883	-0.095459	0.941162	5.992366	9.389313	-1.290076	2.504434
-0.123535	-0.087402	0.963623	3.725191	8.473282	0.167939	2.514665
-0.142578	-0.090576	0.975830	3.641221	7.244275	1.877863	2.525030
-0.114014	-0.099854	0.986572	0.916031	5.549618	4.175573	2.535833
-0.128174	-0.096924	0.960205	-3.557252	-0.755725	4.267176	2.545968
-0.104736	-0.171387	0.933350	-8.167939	-2.465649	4.549618	2.556519
-0.096436	-0.189697	0.936279	-6.160305	-2.801527	2.404580	2.567029
-0.088135	-0.167480	0.923096	-2.534351	-2.954198	0.572519	2.577168
-0.081543	-0.134033	0.872559	-2.419847	1.091603	0.961832	2.587789
-0.083496	-0.162842	0.886475	-2.030534	4.351145	0.938931	2.598404
-0.091064	-0.147949	0.909912	1.038168	5.816794	-0.213740	2.608880
-0.101074	-0.140625	0.924316	1.068702	5.908397	0.015267	2.619304
-0.110596	-0.136963	0.933594	-1.641221	4.900763	-0.099237	2.629696
-0.108154	-0.144531	0.904297	-4.511450	2.290076	-2.633588	2.640282
-0.111816	-0.114746	0.891113	-7.694656	3.068702	-1.916031	2.650709
-0.114014	-0.114502	0.917969	-10.519084	5.129771	-2.389313	2.660773
-0.121094	-0.133301	0.938965	-8.343511	4.129771	-1.992366	2.671240
-0.115479	-0.120361	0.970459	-5.213740	2.610687	-2.488550	2.682005
-0.125244	-0.097900	0.956055	-3.259542	1.587786	-0.984733	2.692477
-0.124512	-0.102783	0.931641	-1.206107	0.282443	0.793893	2.703027
-0.127441	-0.120361	0.964844	-6.221374	-1.038168	0.885496	2.713343
-0.128906	-0.098633	0.920898	-7.748092	-1.526718	1.343511	2.723519
-0.120605	-0.114746	0.937012	-12.465649	-1.061069	1.473282	2.733648
-0.119873	-0.133789	0.947754	-17.229008	-1.839695	0.977099	2.744340
-0.127930	-0.128418	0.953613	-13.534351	-1.893130	1.633588	2.754531
-0.117188	-0.124268	0.955566	-14.038168	-3.137405	2.587786	2.764853
-0.121338	-0.131348	0.979248	-13.702290	-7.015267	2.694656	2.775257
-0.099609	-0.119385	0.936035	-11.106870	-7.694656	4.091603	2.785669
-0.089111	-0.146729	0.942627	-12.000000	-6.580153	4.091603	2.796067
-0.092773	-0.169189	0.945801	-9.290076	-5.824427	4.404580	2.806312
-0.087891	-0.156494	0.929688	-8.916031	-5.839695	5.381679	2.816771
-0.077148	-0.175049	0.919189	-11.183206	-4.419847	5.312977	2.826994
-0.052490	-0.238037	0.910645	-9.053435	-2.702290	3.549618	2.837134
-0.058594	-0.257080	0.917480	-5.274809	-2.709924	-1.381679	2.847537
-0.060791	-0.214355	0.892334	-2.816794	-0.664122	-5.114504	2.857780
-0.106201	-0.187256	0.894775	0.061069	3.687023	-7.816794	2.867939
-0.121582	-0.207764	0.900391	5.206107	6.374046	-8.442748	2.878530
-0.137695	-0.137207	0.841064	11.213740	7.564885	-8.656489	2.889166
-0.144287	-0.104736	0.790039	7.916031	10.832061	-7.900763	2.899512
-0.123047	-0.119873	0.826904	8.259542	16.442748	-5.664122	2.909809
-0.145020	-0.126953	0.888428	7.129771	18.015267	-6.091603	2.919963
-0.145264	-0.166260	0.984131	4.938931	10.923664	-7.709924	2.930400
-0.141357	-0.127197	1.055420	-2.114504	5.358779	-10.870229	2.941010
-0.134033	-0.133301	1.020264	-3.793893	1.702290	-10.664122	2.951349
-0.138428	-0.114746	1.026367	-0.938931	-2.641221	-8.007634	2.961576
-0.144287	-0.111572	1.008789	-2.465649	-5.106870	-7.297710	2.972619
-0.134277	-0.104492	0.906006	2.259542	-4.435115	-4.358779	2.983553
-0.130859	-0.129639	0.932861	2.305344	-2.748092	-2.335878	2.993661
-0.159668	-0.124512	0.884277	0.786260	-1.343511	-1.885496	3.004473
-0.136475	-0.116943	0.829102	-0.374046	0.290076	-1.251908	3.015380
-0.116455	-0.116699	0.839355	-1.458015	2.587786	2.251908	3.025191
-0.100830	-0.135010	0.881836	-4.038168	3.725191	1.916031	3.034742
-0.102295	-0.178223	0.932373	-2.419847	3.290076	3.000000	3.044283
-0.113770	-0.181885	0.990234	-1.648855	2.045802	2.183206	3.053695
-0.111084	-0.179443	0.989746	1.213740	-1.877863	2.633588	3.065315
-0.104736	-0.116211	0.904541	6.145038	-1.160305	3.862595	3.075373
-0.088379	-0.159180	0.848389	3.435115	0.435115	4.465649	3.086045
-0.108398	-0.143311	0.849854	1.778626	1.664122	4.106870	3.096345
-0.089355	-0.145508	0.816162	-0.770992	4.099237	3.160305	3.106680
-0.092285	-0.141846	0.843994	-3.206107	9.267176	2.572519	3.117087
-0.095215	-0.170166	0.948242	-5.732824	9.694656	1.435115	3.127576
-0.097168	-0.153809	1.010986	-7.419847	4.374046	-1.236641	3.138168
-0.096436	-0.147949	1.017822	-10.916031	-1.732824	-1.000000	3.148489
-0.103516	-0.183350	1.011475	-10.618321	-4.725191	-1.961832	3.158847
-0.100586	-0.171143	0.957031	-8.190840	-7.259542	-1.687023	3.169254
-0.092529	-0.179199	0.935547	-6.358779	-5.633588	-2.564885	3.179809
-0.101318	-0.133545	0.919434	-2.954198	-2.580153	-2.259542	3.190288
-0.101318	-0.140137	0.924316	-1.541985	1.580153	-1.229008	3.200708
-0.117676	-0.157959	0.914551	-0.572519	5.015267	-0.709924	3.211121
-0.111572	-0.152588	0.892334	3.961832	10.198473	-1.755725	3.221204
-0.148438	-0.135010	0.921143	1.145038	12.793893	-2.022901	3.231533
-0.155762	-0.113281	0.977539	-1.160305	14.099237	-2.251908	3.241945
-0.156738	-0.090088	0.999756	1.091603	11.580153	-1.129771	3.252156
-0.160156	-0.057373	0.965820	2.908397	9.648855	2.977099	3.262250
-0.145752	-0.085205	0.949463	4.465649	12.236641	6.732824	3.272370
-0.147705	-0.094727	0.963623	7.793893	13.801527	9.549618	3.283194
-0.145264	-0.106689	0.925293	2.435115	14.145038	10.236641	3.293425
-0.160645	-0.130859	0.933594	-4.076336	18.648855	11.007634	3.303735
-0.141113	-0.130371	0.915527	-4.267176	11.687023	9.496183	3.314118
-0.137451	-0.125488	0.918213	-8.541985	6.557252	7.030534	3.324487
-0.132324	-0.118164	0.956299	-12.954198	4.152672	4.099237	3.335054
-0.126221	-0.150391	0.991943	-12.106870	-1.938931	3.206107	3.345462
-0.121826	-0.156982	0.981934	-12.893130	-8.847328	1.274809	3.356172
-0.103516	-0.161377	0.934570	-12.114504	-8.396947	-0.045802	3.366497
-0.091553	-0.156738	0.906982	-11.435115	-6.412214	-1.709924	3.377012
-0.101562	-0.150635	0.896240	-9.809160	-5.603053	-0.664122	3.387105
-0.101074	-0.193604	0.883057	-6.320611	-4.312977	-0.381679	3.397231
-0.108154	-0.192139	0.874512	-2.137405	-0.709924	-3.038168	3.407541
-0.111816	-0.129150	0.856445	-1.068702	0.076336	-3.938931	3.418216
-0.124512	-0.122559	0.882812	-5.099237	2.801527	-3.503817	3.428562
-0.142334	-0.146729	0.906738	-7.320611	3.282443	-3.641221	3.438987
-0.140625	-0.145752	0.907715	-8.053435	3.984733	-4.549618	3.449026
-0.148193	-0.148438	0.952637	-6.847328	1.679389	-5.267176	3.459397
-0.153809	-0.137207	0.956055	-4.534351	-0.694656	-5.290076	3.469619
-0.155762	-0.109375	0.965576	-5.610687	-1.809160	-4.480916	3.480360
-0.149414	-0.084229	0.965576	-7.366412	-3.580153	-2.320611	3.490479
-0.149170	-0.103271	0.964111	-10.335878	-4.412214	-0.442748	3.500062
-0.140869	-0.132812	0.970947	-13.122137	-4.916031	-0.511450	3.510147
-0.135010	-0.118896	0.973633	-15.381679	-6.900763	-0.885496	3.521148
-0.121338	-0.103516	0.968262	-15.412214	-6.274809	1.175573	3.531906
-0.122314	-0.130859	0.966309	-16.748092	-7.251908	2.374046	3.542182
-0.122314	-0.144531	0.982178	-14.580153	-8.618321	2.801527	3.552271
-0.132568	-0.136230	0.994629	-14.977099	-11.061069	2.854962	3.563084
-0.130127	-0.141846	0.995361	-14.183206	-13.450382	3.847328	3.572864
-0.121582	-0.148193	0.969971	-16.175573	-15.381679	4.419847	3.583747
-0.117676	-0.161865	0.943604	-15.511450	-14.648855	5.473282	3.594205
-0.093262	-0.187988	0.909180	-15.473282	-13.908397	4.679389	3.605777
-0.091309	-0.179199	0.896729	-14.473282	-11.618321	4.038168	3.616268
-0.074219	-0.211670	0.888428	-12.381679	-7.503817	3.389313	3.626627
-0.085693	-0.174316	0.896484	-9.656489	-5.366412	3.916031	3.637904
-0.098877	-0.192627	0.901367	-12.496183	-5.152672	2.648855	3.648459
-0.064941	-0.239258	0.870850	-4.000000	-0.786260	3.503817	3.659154
-0.072998	-0.225342	0.904785	-6.488550	0.358779	1.404580	3.669374
-0.081787	-0.226318	0.906006	-2.511450	1.427481	-0.679389	3.678815
-0.090820	-0.213135	0.915283	-1.557252	1.541985	-1.557252	3.688888
-0.092529	-0.215088	0.879150	-0.770992	1.503817	-2.916031	3.699870
-0.094727	-0.195557	0.860107	-2.755725	0.854962	-4.587786	3.709595
-0.100098	-0.159668	0.858154	-2.809160	3.541985	-5.366412	3.720649
-0.108154	-0.157959	0.850586	-5.129771	6.091603	-4.480916	3.734311
-0.115967	-0.164551	0.888916	-6.045802	7.091603	-4.603053	3.744933
-0.114014	-0.178711	0.920898	-5.748092	4.725191	-5.213740	3.754932
-0.114502	-0.164062	0.950928	-5.007634	1.916031	-5.725191	3.765338
-0.118164	-0.135010	0.905273	-6.770992	-3.572519	-5.564885	3.775883
-0.116943	-0.119385	0.872803	-7.709924	-5.152672	-3.717557	3.786529
-0.114502	-0.119629	0.871094	-8.572519	-2.312977	-0.312977	3.796762
-0.110596	-0.175537	0.878418	-5.496183	-2.106870	1.267176	3.806941
-0.087891	-0.172363	0.848633	-1.961832	0.152672	1.297710	3.817285
-0.084229	-0.166504	0.822021	-1.824427	4.167939	1.793893	3.827861
-0.077148	-0.177734	0.864990	-2.229008	5.839695	1.877863	3.838106
-0.087402	-0.212646	0.901855	-1.580153	6.961832	1.427481	3.848341
-0.090088	-0.194580	0.919189	-0.519084	4.770992	0.351145	3.858699
-0.087158	-0.197266	0.937256	-2.580153	3.007634	-0.167939	3.869201
-0.087646	-0.209473	0.949219	-2.870229	0.763359	-0.839695	3.879692
-0.080078	-0.210205	0.932617	-3.167939	-0.618321	-1.404580	3.889916
-0.084961	-0.206055	0.913086	-2.435115	1.320611	-2.290076	3.900429
-0.085938	-0.179443	0.859863	-0.473282	3.297710	-1.549618	3.910889
-0.093994	-0.177979	0.879883	0.603053	6.129771	-1.923664	3.921296
-0.099121	-0.166992	0.875977	-0.709924	8.251908	-1.793893	3.931573
-0.106689	-0.170898	0.929199	-1.969466	10.732824	-1.984733	3.942041
-0.119629	-0.167725	0.960205	-1.198473	8.862595	-1.885496	3.952805
-0.123291	-0.158936	0.989990	-4.030534	5.610687	-1.251908	3.963073
-0.129395	-0.167236	0.995361	-4.267176	5.251908	0.061069	3.973362
-0.132324	-0.187500	0.987061	-5.450382	1.671756	-1.114504	3.983790
-0.118896	-0.174561	0.948975	-3.984733	-0.274809	-0.801527	3.994215
-0.122803	-0.168213	0.915039	-3.603053	1.152672	-0.335878	4.004259
-0.114990	-0.170654	0.895020	-2.312977	3.129771	0.503817	4.014657
-0.120605	-0.178467	0.914062	-2.595420	4.061069	0.694656	4.024947
-0.112793	-0.204346	0.924561	-2.458015	4.854962	0.045802	4.035169
-0.113037	-0.193359	0.960938	-1.732824	5.541985	-0.839695	4.045442
-0.120117	-0.179443	1.002686	-2.465649	3.053435	-0.977099	4.055872
-0.112061	-0.185059	0.983643	-2.145038	1.068702	-0.809160	4.066132
-0.094971	-0.174316	0.971191	-4.580153	-0.221374	-0.458015	4.076369
-0.104492	-0.185547	0.950684	-4.969466	-1.045802	-0.374046	4.087009
-0.102539	-0.200928	0.945801	-2.832061	-1.015267	-0.137405	4.097200
-0.095703	-0.205811	0.909180	-0.664122	-0.923664	-1.290076	4.107475
-0.099609	-0.187988	0.893799	-1.152672	-0.259542	-2.893130	4.117569
-0.106445	-0.157471	0.882812	-2.770992	-0.748092	-2.862595	4.127035
-0.098877	-0.143066	0.888428	-4.916031	0.694656	-2.022901	4.136728
-0.099609	-0.144775	0.915039	-7.000000	1.587786	-1.702290	4.146115
-0.106201	-0.155273	0.923828	-9.076336	0.473282	-1.274809	4.156591
-0.117188	-0.189697	0.986328	-9.343511	-0.374046	-1.717557	4.167064
-0.116455	-0.209473	0.996582	-5.137405	-3.717557	-2.389313	4.177889
-0.124023	-0.192871	0.976074	-2.687023	-6.419847	-2.633588	4.188432
-0.118896	-0.189697	0.906494	-2.870229	-6.923664	-2.351145	4.198838
-0.099609	-0.191895	0.921875	-2.458015	-7.954198	-1.977099	4.209225
-0.089600	-0.184326	0.868164	-3.343511	-10.175573	-2.786260	4.219168
-0.078613	-0.147461	0.835449	-5.603053	-9.870229	-2.793893	4.229882
-0.087158	-0.160156	0.855225	-14.221374	-7.648855	-1.083969	4.241011
-0.075684	-0.211426	0.846436	-16.198473	-7.198473	-1.435115	4.251395
-0.065186	-0.195801	0.883057	-15.603053	-2.564885	-3.282443	4.261754
-0.093506	-0.200684	0.892334	-13.496183	-2.183206	-2.847328	4.272632
-0.075684	-0.200195	0.917480	-6.816794	0.511450	-2.442748	4.283350
-0.077881	-0.207764	0.918945	-2.099237	4.221374	-1.038168	4.293883
-0.080566	-0.214111	0.927734	-2.374046	3.106870	-2.396947	4.304223
-0.084473	-0.202393	0.937012	-1.083969	2.435115	-3.519084	4.314452
-0.086670	-0.215332	0.975342	-1.549618	2.847328	-3.847328	4.324438
-0.095459	-0.203613	0.995850	0.816794	-1.106870	-4.282443	4.334505
-0.106934	-0.168457	0.999512	3.885496	-0.534351	-4.916031	4.345286
-0.109619	-0.158203	0.970459	0.099237	-3.404580	-3.068702	4.355785
-0.089355	-0.188721	0.960449	-0.793893	-4.229008	-2.503817	4.366312
-0.095947	-0.198242	0.906494	-1.389313	-3.244275	-3.809160	4.376504
-0.096924	-0.174561	0.900146	0.297710	-1.251908	-3.496183	4.387152
-0.092529	-0.181885	0.914551	-0.404580	0.175573	-4.435115	4.397278
-0.099365	-0.169434	0.881348	0.709924	1.603053	-3.061069	4.407752
-0.096436	-0.199463	0.896729	-1.267176	2.610687	-3.435115	4.417922
-0.092041	-0.182861	0.889648	0.816794	2.847328	-3.770992	4.428108
-0.088135	-0.177246	0.899902	-0.496183	2.748092	-4.145038	4.438737
-0.098145	-0.172607	0.912109	-2.496183	1.740458	-4.824427	4.449194
-0.106201	-0.160156	0.920654	-3.801527	0.129771	-4.221374	4.459515
-0.097656	-0.185059	0.919189	-5.893130	0.351145	-4.030534	4.469717
-0.101807	-0.178955	0.911621	-4.648855	-0.427481	-4.709924	4.480226
-0.101562	-0.162598	0.900146	-2.725191	0.122137	-4.320611	4.490472
-0.104736	-0.152588	0.902588	-1.900763	0.847328	-3.755725	4.500786
-0.106689	-0.132324	0.905518	-1.351145	0.427481	-2.351145	4.511395
-0.103516	-0.148682	0.911865	-3.664122	-0.045802	-1.396947	4.521785
-0.097168	-0.166260	0.912354	-5.526718	1.022901	-1.465649	4.531985
-0.097168	-0.170898	0.903564	-6.274809	0.969466	-0.793893	4.542557
-0.089844	-0.195801	0.912598	-7.145038	1.870229	-1.396947	4.553032
-0.079102	-0.203613	0.928467	-6.213740	0.167939	-2.488550	4.563347
-0.086670	-0.173340	0.938721	-4.236641	0.419847	-2.099237	4.573856
-0.086182	-0.167969	0.933594	-4.961832	0.076336	-1.793893	4.584559
-0.101807	-0.182373	0.972656	-2.923664	-1.106870	-0.473282	4.595021
-0.089111	-0.227295	0.998047	-0.198473	-3.938931	-0.534351	4.605129
-0.086914	-0.197754	0.948730	4.480916	-4.618321	-3.404580	4.615497
-0.083496	-0.170166	0.923340	3.702290	-3.114504	-3.091603	4.625630
-0.081543	-0.153564	0.912109	0.030534	-1.908397	-1.503817	4.636177
-0.080811	-0.144043	0.897461	-1.473282	0.396947	-1.152672	4.646646
-0.090576	-0.171875	0.933105	-6.847328	1.488550	-1.801527	4.657050
-0.094727	-0.184082	0.943359	-2.832061	-0.412214	-0.946565	4.667190
-0.085205	-0.164551	0.943848	-3.564885	-0.641221	-1.351145	4.677692
-0.088867	-0.176270	0.932129	-2.183206	1.641221	-0.076336	4.688478
-0.092529	-0.180908	0.916260	-2.244275	2.534351	0.274809	4.698777
-0.092285	-0.201172	0.935059	-2.755725	3.053435	-0.045802	4.709270
-0.098877	-0.195801	0.940674	-1.221374	2.900763	-0.801527	4.719474
-0.096680	-0.188477	0.931396	-2.419847	2.648855	-1.664122	4.729816
-0.094482	-0.187500	0.945068	-4.450382	2.702290	-0.595420	4.739318
-0.082520	-0.183594	0.934082	-6.931298	2.900763	-0.099237	4.748685
-0.081787	-0.187012	0.933838	-8.412214	2.488550	-1.015267	4.759809
-0.083984	-0.192627	0.945312	-6.458015	0.511450	-1.679389	4.770362
-0.077393	-0.172119	0.962402	-4.732824	-0.091603	-1.404580	4.780752
-0.067627	-0.179199	0.959717	-4.977099	-0.381679	-1.122137	4.791062
-0.063232	-0.192383	0.939453	-3.312977	-0.862595	-1.374046	4.801453
-0.074219	-0.180176	0.935791	-2.068702	-1.564885	-1.755725	4.811754
-0.069580	-0.158203	0.908447	-3.045802	-1.068702	-1.503817	4.821902
-0.075684	-0.161621	0.886230	-3.709924	0.091603	-0.053435	4.832365
-0.076172	-0.179932	0.888184	-4.259542	2.015267	0.259542	4.842593
-0.072754	-0.191650	0.883545	-4.770992	3.603053	0.068702	4.853042
-0.076172	-0.197754	0.932861	-6.083969	5.167939	-0.374046	4.863809
-0.078125	-0.230713	0.989502	-4.000000	2.870229	-1.809160	4.874716
-0.077881	-0.218750	0.998047	-1.816794	1.053435	-3.473282	4.884997
-0.080566	-0.199951	0.981201	-0.755725	-0.625954	-3.793893	4.895337
-0.063965	-0.173096	0.923340	0.328244	0.404580	-2.725191	4.905809
-0.065186	-0.177002	0.897949	-0.900763	1.183206	-3.167939	4.916485
-0.069580	-0.161133	0.879639	-2.526718	2.343511	-2.809160	4.926804
-0.079590	-0.154053	0.881592	-4.541985	3.977099	-1.679389	4.937534
-0.085449	-0.167725	0.896973	-6.809160	4.145038	-1.572519	4.948116
-0.088135	-0.207520	0.945068	-6.809160	4.412214	-0.129771	4.958054
-0.094238	-0.231445	0.957520	-5.221374	2.328244	-1.740458	4.968359
-0.106689	-0.200684	0.952393	-3.244275	0.755725	-1.618321	4.978666
-0.103271	-0.221436	0.943115	-2.786260	-2.969466	-1.328244	4.988907
-0.089600	-0.215820	0.893555	-2.603053	-4.908397	-3.206107	4.998764
-0.091064	-0.200195	0.870605	-4.496183	-5.267176	-4.503817	5.009176
-0.085693	-0.164307	0.833496	-5.053435	-3.366412	-3.770992	5.019769
-0.088867	-0.178223	0.820068	-7.374046	0.717557	-2.885496	5.030215
-0.080566	-0.210449	0.858643	-6.687023	4.503817	-4.076336	5.039779
-0.082520	-0.185303	0.850830	-4.809160	7.580153	-4.847328	5.049573
-0.097412	-0.172852	0.914795	-4.954198	9.099237	-5.297710	5.060540
-0.108643	-0.160645	0.958252	-3.748092	8.687023	-3.961832	5.071091
-0.117676	-0.179932	1.003906	-2.885496	8.015267	-3.320611	5.081779
-0.134277	-0.164062	1.010986	-0.961832	3.778626	-2.656489	5.091847
-0.125977	-0.166260	0.983887	-0.503817	1.435115	-2.190840	5.102488
-0.120605	-0.143311	0.979248	-2.488550	-0.961832	-1.229008	5.112524
-0.107666	-0.164062	0.943604	-3.984733	-2.564885	-0.427481	5.122879
-0.096191	-0.175049	0.919678	-5.702290	-3.000000	-1.099237	5.133582
-0.089600	-0.174316	0.897217	-5.106870	-1.580153	-1.480916	5.144111
-0.084717	-0.156006	0.908691	-5.557252	0.427481	-0.671756	5.154595
-0.082764	-0.181885	0.919678	-5.366412	2.503817	0.503817	5.165023
-0.078613	-0.196289	0.934814	-4.274809	3.305344	0.557252	5.175448
-0.077637	-0.203613	0.954590	-2.923664	3.977099	0.290076	5.185732
-0.075195	-0.215820	0.974609	-0.679389	1.923664	-0.916031	5.196195
-0.084473	-0.194092	0.979736	0.709924	0.801527	-1.442748	5.206640
-0.080811	-0.166748	0.933350	-0.290076	0.145038	-0.732824	5.216490
-0.080322	-0.184082	0.915039	-2.320611	-0.251908	-0.221374	5.226972
-0.077881	-0.197998	0.895508	-2.358779	0.381679	-0.419847	5.237482
-0.068359	-0.207031	0.898682	-3.236641	2.122137	-1.091603	5.247833
-0.075195	-0.177979	0.901123	-2.511450	3.824427	-0.045802	5.258194
-0.080566	-0.232910	0.941406	-4.221374	4.221374	-0.877863	5.268380
-0.083008	-0.223633	0.951172	1.083969	2.648855	-0.717557	5.278830
-0.084961	-0.172852	0.929932	-2.961832	2.557252	-2.809160	5.289498
-0.087891	-0.170166	0.950439	-4.328244	1.137405	-1.580153	5.299812
-0.084961	-0.197754	0.921387	-2.671756	0.435115	-1.045802	5.310017
-0.086914	-0.201660	0.926514	-3.977099	0.022901	-1.618321	5.320227
-0.095459	-0.189209	0.926514	-1.793893	-1.412214	-2.564885	5.331203
-0.088135	-0.181641	0.901123	-1.862595	0.022901	-0.641221	5.341666
-0.082520	-0.186768	0.891113	-2.251908	2.091603	0.183206	5.351561
-0.093506	-0.199463	0.865479	-0.343511	3.267176	-0.167939	5.362468
-0.093506	-0.184570	0.866211	-1.916031	4.877863	-0.618321	5.373050
-0.094971	-0.162354	0.871582	-3.389313	5.656489	-0.038168	5.383699
-0.093018	-0.196289	0.920410	-4.595420	5.419847	0.709924	5.394017
-0.095459	-0.212402	0.958008	-5.114504	3.068702	-0.916031	5.404598
-0.095459	-0.210693	0.984863	-3.641221	0.404580	-1.778626	5.414857
-0.103516	-0.196045	0.994385	-3.473282	-2.610687	-1.984733	5.425231
-0.094482	-0.195312	0.928711	-2.885496	-4.526718	-1.045802	5.435492
-0.083740	-0.191895	0.881592	-2.671756	-4.053435	-1.572519	5.445900
-0.079590	-0.185059	0.842041	-3.083969	-1.106870	-1.000000	5.456333
-0.073730	-0.161133	0.842041	-3.488550	2.274809	0.061069	5.466507
-0.069336	-0.170410	0.864502	-5.267176	5.717557	1.000000	5.476957
-0.072021	-0.199219	0.893311	-6.007634	7.862595	1.068702	5.487379
-0.076416	-0.209473	0.930176	-5.839695	8.885496	0.816794	5.497643
-0.088623	-0.226318	0.975342	-5.038168	6.946565	-0.244275	5.508521
-0.092529	-0.238281	0.987549	-3.732824	3.129771	-2.312977	5.518865
-0.090820	-0.207520	0.965820	-2.412214	-0.687023	-3.786260	5.529024
-0.090088	-0.180664	0.909668	-4.083969	-2.251908	-3.946565	5.539692
-0.083496	-0.163818	0.891113	-5.625954	-1.671756	-3.068702	5.550221
-0.095215	-0.187988	0.885254	-4.954198	0.297710	-1.519084	5.561124
-0.098389	-0.184570	0.871826	-2.816794	2.061069	-1.488550	5.571442
-0.103516	-0.173096	0.859863	-1.099237	4.992366	-0.641221	5.581879
-0.114990	-0.172607	0.886475	-1.389313	7.312977	-0.167939	5.592441
-0.114746	-0.199951	0.916992	-0.893130	6.969466	-0.961832	5.602118
-0.113281	-0.195557	0.931396	-0.427481	5.290076	-1.870229	5.612323
-0.109619	-0.194580	0.936768	-0.488550	4.190840	-2.480916	5.621962
-0.113525	-0.179688	0.891113	-0.358779	3.015267	-2.473282	5.633100
-0.115723	-0.171631	0.873047	-0.061069	4.473282	-2.587786	5.643590
-0.124268	-0.153320	0.851562	0.396947	5.595420	-3.908397	5.653609
-0.120117	-0.148926	0.856201	-0.129771	8.198473	-1.389313	5.664138
-0.126953	-0.141846	0.878906	0.305344	9.297710	-0.480916	5.674551
-0.120361	-0.128662	0.915527	-0.145038	8.213740	1.366412	5.685262
-0.116943	-0.124268	0.943848	1.160305	9.488550	4.206107	5.695543
-0.118652	-0.156494	0.970947	-4.312977	7.862595	4.274809	5.705652
-0.104248	-0.186035	0.998047	-0.114504	3.969466	4.832061	5.715908
-0.090820	-0.168457	0.979492	-1.022901	4.175573	3.854962	5.728308
-0.102295	-0.214355	1.001221	-1.412214	1.503817	3.450382	5.738586
-0.086182	-0.209473	0.959961	-2.427481	-0.671756	2.839695	5.749204
-0.076416	-0.215820	0.924316	-4.893130	0.305344	1.885496	5.759374
-0.080566	-0.221436	0.894287	-1.259542	2.137405	1.816794	5.769733
-0.081543	-0.218262	0.896484	-1.854962	3.816794	-0.083969	5.780234
-0.080322	-0.210693	0.944824	-3.045802	6.564885	-1.167939	5.790704
-0.092285	-0.206543	0.967529	-3.549618	7.022901	-2.122137	5.800659
-0.104004	-0.196533	1.008545	-3.396947	6.816794	-2.541985	5.811025
-0.115479	-0.191895	1.039307	-1.251908	3.648855	-2.129771	5.821512
-0.125732	-0.176758	1.024414	-0.038168	0.809160	-0.977099	5.831572
-0.124268	-0.165527	0.979492	-0.893130	-0.961832	-0.251908	5.842225
-0.123779	-0.186279	0.949219	0.473282	-2.206107	0.893130	5.852602
-0.117676	-0.174316	0.913818	0.473282	-2.419847	0.282443	5.862724
-0.115234	-0.163330	0.889648	-0.137405	-1.419847	1.244275	5.872985
-0.108643	-0.177979	0.872314	-1.580153	-1.000000	2.229008	5.883824
-0.101562	-0.189453	0.863037	-2.343511	0.900763	2.435115	5.893967
-0.089355	-0.209961	0.864746	1.587786	2.007634	3.152672	5.904457
-0.079834	-0.216797	0.852783	3.839695	7.007634	2.435115	5.914617
-0.069336	-0.235596	0.863525	7.557252	10.847328	0.793893	5.924954
-0.068359	-0.221680	0.898193	6.328244	11.511450	-2.503817	5.935404
-0.106445	-0.181641	0.945312	4.244275	10.564885	-4.832061	5.945858
-0.120361	-0.110596	0.966797	1.236641	7.137405	-4.030534	5.956119
-0.124512	-0.144775	0.947998	-2.541985	3.877863	-3.404580	5.966320
-0.119873	-0.166504	0.944336	-4.145038	0.656489	-3.717557	5.976845
-0.111328	-0.168945	0.929688	-4.198473	-1.366412	-4.099237	5.987209
-0.109375	-0.161621	0.948242	-3.916031	-1.374046	-4.572519	5.997593
-0.102295	-0.146973	0.932861	-2.488550	-1.320611	-4.137405	6.007724
-0.109375	-0.137939	0.913574	-1.816794	-0.564885	-2.564885	6.018090
-0.111084	-0.142822	0.916504	-1.687023	0.679389	-1.625954	6.028225
-0.114502	-0.152344	0.921875	-2.282443	1.183206	-0.358779	6.038339
-0.119629	-0.163086	0.907959	-3.251908	0.954198	-0.229008	6.048944
-0.118164	-0.166260	0.892334	-4.427481	0.801527	-0.534351	6.059198
-0.113281	-0.160645	0.891357	-5.625954	1.137405	-0.091603	6.069522
-0.112305	-0.168701	0.903809	-6.458015	1.366412	0.045802	6.080011
-0.114258	-0.180908	0.932617	-5.167939	1.251908	-0.015267	6.090684
-0.121582	-0.185059	0.955811	-2.648855	-0.160305	-0.190840	6.101138
-0.113770	-0.176270	0.939697	-0.938931	-0.740458	0.076336	6.111145
-0.114502	-0.182373	0.905273	-2.549618	-0.900763	0.137405	6.121503
-0.114258	-0.191650	0.911865	-2.404580	0.259542	-0.351145	6.132230
-0.122803	-0.166504	0.885010	-2.740458	0.725191	-0.725191	6.142621
-0.114258	-0.161377	0.837646	-2.435115	2.908397	0.267176	6.153363
-0.112305	-0.164062	0.827881	-1.290076	5.847328	0.938931	6.163754
-0.107910	-0.182617	0.860352	1.122137	8.580153	1.083969	6.174208
-0.100342	-0.175781	0.871094	2.877863	11.702290	1.167939	6.184601
-0.105957	-0.187256	0.897949	3.824427	12.900763	0.801527	6.195131
-0.118408	-0.167236	0.925781	3.320611	12.854962	-0.160305	6.205721
-0.126221	-0.152832	0.987305	0.519084	10.221374	-0.526718	6.216065
-0.131348	-0.158936	0.976318	-1.923664	4.450382	-0.129771	6.226471
-0.117676	-0.159180	0.959473	-4.114504	1.427481	-0.458015	6.236722
-0.128906	-0.158203	0.942139	-5.351145	-0.381679	-0.931298	6.246464
-0.113525	-0.166260	0.940918	-6.061069	-3.091603	-0.854962	6.256131
-0.116699	-0.156494	0.924316	-5.778626	-3.267176	-0.832061	6.267249
-0.104736	-0.161133	0.921387	-5.595420	-0.893130	0.564885	6.277469
-0.104736	-0.186279	0.926270	-4.213740	1.000000	1.251908	6.288348
-0.106445	-0.205078	0.926514	-1.946565	2.152672	0.206107	6.299004
-0.108398	-0.171631	0.907715	-1.488550	3.786260	-0.297710	6.309889
-0.110107	-0.174561	0.913818	-4.541985	4.679389	-0.244275	6.320133
-0.117188	-0.202881	0.961914	-4.923664	5.633588	-0.717557	6.330598
-0.130127	-0.206543	0.991943	-6.106870	2.694656	-2.824427	6.340775
-0.133057	-0.173340	0.996826	-2.847328	0.755725	-2.503817	6.351558
-0.141602	-0.163086	0.970703	-2.725191	0.022901	-1.625954	6.361869
-0.140869	-0.173096	0.943115	-2.381679	-0.396947	-1.297710	6.371954
-0.141357	-0.161133	0.930176	-1.213740	0.053435	-1.312977	6.382294
-0.141357	-0.145752	0.930664	-3.435115	-0.297710	-0.778626	6.392941
-0.131104	-0.165283	0.946289	-4.396947	-1.648855	-0.442748	6.403371
-0.129395	-0.168213	0.947754	-5.732824	-3.190840	-0.603053	6.413657
-0.122803	-0.182129	0.956543	-5.389313	-4.137405	-0.549618	6.423949
-0.112793	-0.184326	0.931641	-4.687023	-4.083969	-0.274809	6.434427
-0.108154	-0.193359	0.906738	-5.167939	-3.748092	-0.557252	6.444545
-0.099365	-0.187012	0.920410	-4.343511	-1.931298	-0.992366	6.455031
-0.111084	-0.174316	0.918701	-3.022901	-1.763359	-0.877863	6.465346
-0.110596	-0.188477	0.890381	-2.687023	1.106870	-1.137405	6.475757
-0.114502	-0.198486	0.917725	-3.793893	1.717557	-1.702290	6.486262
-0.119385	-0.146973	0.887451	0.091603	3.122137	-1.717557	6.496727
-0.112061	-0.161621	0.922852	-4.381679	2.030534	-1.351145	6.507118
-0.118896	-0.177002	0.929443	-2.312977	1.137405	-0.618321	6.517584
-0.111572	-0.200195	0.946045	-1.755725	0.603053	-1.969466	6.527667
-0.122314	-0.185059	0.954346	-1.496183	-1.389313	-2.633588	6.538359
-0.120117	-0.152832	0.933105	-2.374046	-3.251908	-2.038168	6.548530
-0.124023	-0.169189	0.890625	-4.030534	-3.603053	-2.106870	6.558811
-0.118896	-0.166992	0.864014	-4.343511	-4.030534	-2.221374	6.569271
-0.112061	-0.150391	0.860107	-6.038168	-1.664122	-1.740458	6.579643
-0.106689	-0.157227	0.858887	-7.190840	1.091603	-1.145038	6.590138
-0.108887	-0.190674	0.889160	-6.000000	4.427481	-0.572519	6.600615
-0.116699	-0.184570	0.908447	-4.603053	6.244275	-0.961832	6.610865
-0.119873	-0.185791	0.937744	-2.145038	6.541985	-0.839695	6.621054
-0.124512	-0.182861	0.957520	-0.877863	5.396947	-1.274809	6.631185
-0.129639	-0.179199	0.960449	0.854962	2.664122	-1.725191	6.640672
-0.136963	-0.136963	0.943848	0.862595	0.404580	-1.290076	6.651212
-0.125244	-0.140381	0.919189	-2.045802	-0.954198	-0.396947	6.661736
-0.128174	-0.155762	0.911865	-3.030534	-1.251908	-0.274809	6.672135
-0.116455	-0.157715	0.901367	-3.961832	-0.908397	-0.335878	6.682927
-0.120605	-0.156006	0.889160	-3.160305	0.587786	0.458015	6.693292
-0.126465	-0.153564	0.898193	-3.030534	2.549618	1.167939	6.703701
-0.117188	-0.152832	0.899658	-3.007634	2.885496	1.587786	6.714085
-0.118652	-0.146729	0.905518	-2.083969	3.427481	2.526718	6.724330
-0.124756	-0.200439	0.994873	-2.167939	0.396947	1.984733	6.734925
-0.123535	-0.176758	0.989502	-1.396947	-4.641221	1.587786	6.745124
-0.111328	-0.148193	0.937256	0.076336	-2.541985	1.595420	6.755417
-0.096680	-0.151367	0.928223	-0.015267	-2.969466	2.763359	6.766008
-0.111572	-0.185059	0.901611	-7.816794	-3.977099	2.076336	6.776243
-0.099365	-0.183105	0.884033	-5.480916	-2.969466	1.183206	6.786982
-0.096191	-0.166260	0.893311	-5.175573	-0.847328	1.129771	6.797604
-0.099121	-0.175293	0.908691	-3.519084	1.541985	1.992366	6.807817
-0.089844	-0.201660	0.907959	-4.122137	1.900763	1.076336	6.817978
-0.091553	-0.220947	0.920898	-3.496183	3.755725	-1.213740	6.828368
-0.105713	-0.172852	0.937500	-2.679389	4.297710	-2.618321	6.839477
-0.109863	-0.149170	0.930664	-4.343511	4.900763	-2.526718	6.850101
-0.123535	-0.149902	0.936523	-4.374046	4.610687	-1.519084	6.860507
-0.130127	-0.145996	0.966064	-4.435115	2.786260	-1.068702	6.870987
-0.129150	-0.160889	0.976807	-4.076336	0.175573	-0.969466	6.881211
-0.127686	-0.167480	0.958496	-1.977099	-0.381679	-1.053435	6.890942
-0.124756	-0.167480	0.936279	-4.641221	-1.290076	-0.679389	6.901051
-0.116455	-0.165283	0.912598	-4.145038	-1.312977	-0.816794	6.912078
-0.110596	-0.161133	0.895996	-4.190840	-1.503817	-0.687023	6.922416
-0.112793	-0.164062	0.890137	-3.656489	-0.412214	-0.129771	6.932574
-0.100586	-0.191162	0.910889	-5.465649	1.312977	-0.641221	6.943266
-0.099365	-0.177002	0.902100	-2.603053	2.068702	-0.549618	6.953489
-0.098389	-0.187256	0.922363	-4.946565	1.877863	-1.587786	6.963819
-0.113281	-0.166748	0.914551	-3.076336	0.755725	-1.167939	6.974247
-0.102295	-0.165527	0.923584	-3.832061	2.694656	-1.259542	6.985422
-0.117676	-0.168945	0.909668	-1.297710	1.625954	-0.251908	6.996401
-0.100098	-0.176270	0.915039	-0.267176	1.702290	-0.122137	7.007337
-0.105957	-0.166748	0.906982	0.152672	1.984733	-0.549618	7.017830
-0.104736	-0.172363	0.898193	0.954198	2.816794	-0.030534	7.028215
-0.114014	-0.162354	0.900146	-3.007634	2.030534	-0.709924	7.038701
-0.118408	-0.167480	0.905273	-4.480916	2.015267	-0.404580	7.049074
-0.119385	-0.164307	0.905762	-6.809160	2.106870	-0.328244	7.059446
-0.111816	-0.181885	0.918945	-6.366412	2.839695	-0.007634	7.069971
-0.108643	-0.168701	0.914795	-4.938931	2.992366	-1.954198	7.080316
-0.118896	-0.169434	0.918701	-4.404580	2.984733	-0.824427	7.090775
-0.113770	-0.210938	0.944824	-5.099237	0.862595	-1.206107	7.101052
-0.130859	-0.183838	0.943604	-3.656489	-0.725191	-2.091603	7.111653
-0.125244	-0.186523	0.975098	-2.442748	0.832061	-1.404580	7.121881
-0.145996	-0.177979	0.961914	5.435115	3.160305	0.694656	7.132233
-0.148438	-0.137939	0.892334	2.572519	2.641221	1.190840	7.142593
-0.133301	-0.162109	0.896240	-1.160305	5.312977	2.786260	7.153291
-0.121582	-0.149658	0.897949	-1.763359	4.877863	1.106870	7.163136
-0.125977	-0.128418	0.920654	-4.984733	4.625954	1.793893	7.173743
-0.126953	-0.191895	0.996094	-7.320611	3.862595	0.931298	7.183743
-0.133301	-0.177002	0.987549	-2.954198	-2.671756	1.000000	7.194241
-0.111084	-0.191895	0.959717	-4.381679	-2.435115	0.274809	7.204595
-0.107910	-0.188477	0.930176	-2.641221	-5.778626	-0.137405	7.214802
-0.096924	-0.145752	0.907715	-5.557252	-2.236641	-1.274809	7.225225
-0.102783	-0.169678	0.876221	-5.625954	-1.824427	-0.320611	7.235472
-0.102295	-0.178467	0.888916	-5.839695	-0.496183	-0.603053	7.245930
-0.110596	-0.190674	0.907715	-5.496183	0.229008	-0.824427	7.256215
-0.104004	-0.180420	0.901611	-5.763359	1.267176	-1.198473	7.266652
-0.103760	-0.207275	0.951172	-7.946565	-0.564885	-2.641221	7.277179
-0.108154	-0.201172	0.947754	-5.503817	-2.206107	-3.610687	7.287614
-0.104736	-0.182861	0.946533	-4.068702	-1.923664	-3.396947	7.298254
-0.121338	-0.166992	0.919678	-3.374046	-1.274809	-2.297710	7.308686
-0.096924	-0.177490	0.873779	-3.236641	-0.305344	-2.312977	7.319076
-0.095703	-0.178467	0.872070	-3.473282	2.984733	-2.625954	7.329412
-0.117676	-0.171631	0.891113	-2.351145	4.671756	-2.610687	7.339541
-0.125732	-0.133057	0.905029	-3.030534	5.519084	-1.786260	7.350028
-0.134766	-0.158936	0.931885	-4.175573	3.564885	-0.603053	7.360576
-0.152832	-0.147217	1.004883	-0.572519	2.503817	1.374046	7.370435
-0.149170	-0.130859	1.036865	-0.083969	-3.763359	1.984733	7.381041
-0.137939	-0.109375	1.031494	-1.328244	-3.358779	9.458015	7.391664
-0.138184	-0.134277	1.035156	-2.412214	-4.526718	13.198473	7.402340
-0.110352	-0.187012	0.999512	-4.526718	-5.702290	15.000000	7.412919
-0.116455	-0.169922	0.930908	-4.503817	-3.465649	15.114504	7.423633
-0.088867	-0.206787	0.850342	-3.129771	-4.404580	11.236641	7.434260
-0.079590	-0.231445	0.782715	-3.473282	-3.099237	9.167939	7.444583
-0.083984	-0.210693	0.761475	-2.908397	0.717557	4.519084	7.455119
-0.065430	-0.170166	0.804688	1.770992	8.274809	3.145038	7.465330
-0.107910	-0.179199	0.883057	-1.374046	10.725191	1.595420	7.475959
-0.105225	-0.208252	0.939453	-0.374046	8.305344	0.458015	7.486973
-0.106445	-0.191162	0.954834	-3.099237	4.274809	-2.725191	7.497573
-0.109375	-0.172607	0.951416	-4.839695	0.458015	-4.145038	7.507981
-0.106934	-0.166992	0.929443	-4.076336	-1.137405	-4.221374	7.517914
-0.102783	-0.167236	0.901611	-6.213740	-1.908397	-4.595420	7.527889
-0.110840	-0.160645	0.871826	-7.091603	-1.343511	-4.961832	7.537444
-0.111084	-0.158936	0.879639	-5.320611	0.625954	-4.473282	7.548878
-0.115723	-0.159668	0.880859	-3.694656	2.503817	-4.213740	7.559359
-0.114746	-0.154297	0.891846	-3.351145	4.160305	-4.183206	7.569679
-0.120361	-0.147949	0.900146	-2.091603	5.419847	-4.335878	7.579794
-0.123535	-0.150635	0.944580	-2.992366	6.000000	-4.259542	7.590628
-0.131348	-0.156494	0.950684	-4.061069	3.961832	-4.595420	7.601049
-0.133545	-0.146240	0.953613	-3.786260	2.946565	-3.847328	7.611415
-0.125488	-0.140869	0.956299	-4.076336	1.068702	-3.145038	7.621714
-0.137695	-0.135742	0.958252	-3.725191	-1.045802	-2.274809	7.632099
-0.129883	-0.149902	0.927002	-3.381679	-1.236641	-1.053435	7.642811
-0.124023	-0.166992	0.916504	-3.641221	-1.473282	-0.480916	7.653093
-0.118896	-0.161133	0.901855	-3.458015	-0.190840	-0.206107	7.663234
-0.122803	-0.155273	0.901855	-4.633588	1.236641	-0.045802	7.673624
-0.115234	-0.175537	0.908936	-5.137405	3.099237	0.793893	7.684202
-0.112061	-0.179199	0.931641	-5.862595	4.152672	1.137405	7.694675
-0.103760	-0.189941	0.923828	-3.343511	3.633588	1.007634	7.705056
-0.117188	-0.196777	0.928955	-1.007634	4.091603	1.274809	7.715480
-0.118408	-0.213623	0.955322	-1.496183	1.022901	-0.274809	7.728493
-0.109619	-0.209717	0.972168	-2.801527	-1.618321	-1.740458	7.737938
-0.102539	-0.187500	0.934570	-3.877863	-3.824427	-2.732824	7.747502
-0.102783	-0.187500	0.911377	-4.702290	-2.816794	-2.351145	7.757605
-0.091553	-0.191406	0.907715	-5.000000	-0.442748	-2.564885	7.768913
-0.101562	-0.195557	0.909180	-3.190840	1.045802	-2.900763	7.778783
-0.110352	-0.178223	0.909424	-1.343511	3.572519	-2.503817	7.789607
-0.111572	-0.165039	0.911377	-1.671756	5.503817	-1.633588	7.799852
-0.114014	-0.168701	0.936279	-2.389313	4.381679	-1.435115	7.810180
-0.107910	-0.171143	0.954346	-3.603053	2.236641	-1.778626	7.820883
-0.119385	-0.196045	0.955566	-5.641221	0.854962	-2.213740	7.831193
-0.119629	-0.186523	0.958740	-6.167939	-0.977099	-3.190840	7.841676
-0.111084	-0.183594	0.943115	-6.435115	-1.740458	-3.312977	7.851787
-0.124023	-0.182373	0.927246	-4.931298	-2.145038	-3.076336	7.862299
-0.116211	-0.166016	0.897217	-4.000000	-1.862595	-2.305344	7.872647
-0.111572	-0.164307	0.892822	-5.160305	0.206107	-1.893130	7.882601
-0.116943	-0.181152	0.900391	-5.213740	1.740458	-1.282443	7.893380
-0.114502	-0.178711	0.921875	-4.900763	2.702290	-1.824427	7.903635
-0.119629	-0.158447	0.920410	-5.068702	3.587786	-1.083969	7.913577
-0.128174	-0.163818	0.940674	-3.404580	3.702290	0.221374	7.924180
-0.112549	-0.192627	0.946289	-2.381679	1.816794	-0.244275	7.934598
-0.124512	-0.196533	0.941650	-3.206107	0.885496	-1.000000	7.944929
-0.110352	-0.197510	0.946533	-4.381679	0.045802	-2.435115	7.955055
-0.109131	-0.192383	0.945801	-2.458015	-1.625954	-2.633588	7.965727
-0.108887	-0.173096	0.910400	-2.694656	-1.618321	-2.328244	7.976115
-0.109863	-0.178711	0.884277	-2.755725	-0.007634	-1.877863	7.986349
-0.100342	-0.166260	0.872314	-2.694656	1.145038	-1.267176	7.996696
-0.111084	-0.161377	0.874756	-3.786260	2.618321	-1.106870	8.007144
-0.114014	-0.178955	0.887451	-4.854962	4.007634	-1.000000	8.017323
-0.118896	-0.190186	0.916016	-4.229008	4.312977	-1.549618	8.027560
-0.104004	-0.195068	0.945068	-3.709924	3.992366	-2.175573	8.038341
-0.117188	-0.191895	0.979004	-3.206107	2.625954	-2.679389	8.049020
-0.110352	-0.190430	0.970947	-1.709924	0.824427	-2.854962	8.059577
-0.116699	-0.163086	0.952881	-1.908397	-0.961832	-2.916031	8.070239
-0.111328	-0.154785	0.919678	-0.038168	-0.908397	-1.786260	8.080513
-0.118408	-0.171875	0.920166	-3.083969	-0.694656	-1.244275	8.091105
-0.121094	-0.165283	0.920654	-1.358779	-0.038168	-0.755725	8.100838
-0.107178	-0.173096	0.918701	-2.312977	0.137405	0.259542	8.111860
-0.105469	-0.186768	0.882568	-2.557252	1.709924	-0.106870	8.122798
-0.105957	-0.185303	0.897461	-3.091603	3.755725	-0.343511	8.132982
-0.113281	-0.179932	0.916748	-2.167939	2.534351	-1.083969	8.143302
-0.107178	-0.185059	0.932129	-3.152672	2.167939	-1.786260	8.153704
-0.113525	-0.191162	0.958984	-2.641221	1.396947	-2.213740	8.163145
-0.124756	-0.185059	0.963867	-0.885496	-0.152672	-2.549618	8.173508
-0.119873	-0.165771	0.928467	-1.404580	-1.167939	-2.190840	8.183866
-0.122559	-0.158447	0.924805	-1.381679	-0.633588	-1.267176	8.194347
-0.111572	-0.166016	0.897217	-2.854962	-1.480916	-1.442748	8.204912
-0.114746	-0.150879	0.864014	-2.190840	-0.320611	-0.290076	8.215241
-0.103027	-0.165283	0.841064	-5.618321	2.152672	0.122137	8.225439
-0.102051	-0.186768	0.866211	-5.290076	3.061069	1.251908	8.235506
-0.109131	-0.197998	0.904053	-4.587786	6.122137	-0.297710	8.246317
-0.114746	-0.200684	0.953125	-2.847328	4.603053	-1.015267	8.256713
-0.114258	-0.178223	0.962402	-2.610687	2.786260	-1.984733	8.266791
-0.119873	-0.174316	0.980713	-2.389313	0.832061	-2.259542	8.277051
-0.123779	-0.169678	0.952393	-2.251908	-0.152672	-2.007634	8.287398
-0.119873	-0.161865	0.911621	-3.977099	-0.801527	-1.519084	8.298243
-0.119629	-0.161133	0.903564	-3.648855	-0.916031	-0.603053	8.308460
-0.119385	-0.156250	0.889160	-3.450382	0.206107	0.244275	8.318703
-0.116455	-0.167236	0.884766	-2.809160	2.351145	1.847328	8.329084
-0.112061	-0.191162	0.883789	-2.984733	2.679389	1.595420	8.339800
-0.116211	-0.193115	0.889404	-2.664122	3.251908	0.740458	8.350265
-0.113037	-0.184570	0.893799	-3.580153	3.251908	0.152672	8.360727
-0.105713	-0.190186	0.907227	-5.175573	3.832061	0.137405	8.371103
-0.108643	-0.219971	0.927490	-4.190840	3.015267	-0.519084	8.381548
-0.105957	-0.204834	0.922852	-2.969466	2.854962	-1.435115	8.391860
-0.101562	-0.209473	0.934814	-1.190840	3.145038	-1.473282	8.402447
-0.104004	-0.212158	0.950439	-0.748092	1.267176	-2.465649	8.412617
-0.114502	-0.180420	0.931885	-0.549618	1.022901	-2.396947	8.422808
-0.104248	-0.167236	0.902588	0.106870	1.175573	-1.877863	8.433110
-0.098877	-0.161133	0.868652	-0.984733	2.580153	-1.625954	8.443521
-0.101807	-0.165527	0.863037	-1.633588	4.862595	-1.557252	8.453816
-0.100586	-0.165283	0.878174	-2.351145	6.778626	-1.374046	8.463723
-0.096191	-0.177490	0.890869	-3.938931	7.320611	-1.793893	8.474294
-0.096924	-0.192383	0.982910	-2.824427	6.900763	-2.641221	8.484623
-0.116211	-0.169678	0.995605	-3.312977	3.007634	-3.458015	8.494898
-0.120361	-0.170166	0.979736	-3.251908	0.351145	-3.519084	8.505522
-0.117188	-0.166260	0.968994	-3.534351	-2.122137	-3.725191	8.515917
-0.116455	-0.153320	0.924561	-1.755725	-2.748092	-2.503817	8.526193
-0.111816	-0.147705	0.881836	-1.312977	-1.038168	-2.198473	8.536684
-0.102051	-0.150391	0.865479	-1.778626	1.793893	-1.297710	8.546951
-0.106445	-0.155029	0.893555	-1.969466	3.740458	-1.274809	8.557242
-0.115479	-0.157715	0.913574	-2.793893	4.442748	-0.740458	8.567696
-0.118408	-0.167236	0.946777	-3.229008	4.740458	-0.519084	8.578179
-0.113037	-0.199219	0.964355	-1.687023	2.687023	-1.099237	8.588523
-0.113525	-0.198486	0.941650	-1.587786	3.877863	-2.076336	8.598574
-0.106689	-0.185059	0.928223	-1.412214	1.854962	-2.587786	8.609310
-0.104492	-0.173340	0.925293	-2.221374	2.549618	-2.992366	8.619647
-0.107666	-0.170166	0.926025	-4.427481	3.045802	-2.396947	8.630546
-0.104492	-0.188232	0.935547	-4.748092	4.114504	-2.725191	8.641131
-0.111816	-0.190918	0.922607	-4.977099	3.679389	-3.702290	8.650637
-0.116455	-0.186035	0.933594	-4.129771	4.068702	-4.717557	8.660260
-0.121094	-0.201172	0.952637	-5.870229	4.412214	-6.465649	8.671369
-0.121826	-0.205811	0.968262	-4.030534	4.152672	-7.854962	8.681750
-0.140381	-0.182129	0.970215	-2.824427	4.244275	-8.824427	8.692666
-0.145508	-0.146729	0.942139	-0.244275	4.580153	-7.893130	8.702515
-0.165527	-0.132080	0.944336	1.290076	4.870229	-6.053435	8.712961
-0.161133	-0.115967	0.921387	2.160305	5.122137	-4.282443	8.723011
-0.168213	-0.117432	0.897461	-0.870229	5.175573	-2.328244	8.733351
-0.158203	-0.127686	0.921387	-3.145038	3.778626	-1.091603	8.744584
-0.171143	-0.133545	0.959961	-6.755725	-0.312977	-0.557252	8.754883
-0.159668	-0.145996	0.946289	-7.938931	-3.259542	0.328244	8.765506
-0.147217	-0.158936	0.924561	-7.648855	-4.740458	1.877863	8.775816
-0.133301	-0.184326	0.927734	-7.114504	-6.450382	2.725191	8.786381
-0.116455	-0.199219	0.895020	-3.687023	-7.053435	2.312977	8.796857
-0.124512	-0.182373	0.868408	-3.152672	-3.984733	2.740458	8.806438
-0.106934	-0.215332	0.856689	-4.068702	-2.740458	3.030534	8.816432
-0.094727	-0.238770	0.856201	-4.832061	-0.992366	1.687023	8.827175
-0.105713	-0.229492	0.872803	-4.213740	1.541985	-0.305344	8.837570
-0.108887	-0.217529	0.867188	-3.824427	3.045802	-0.549618	8.847946
-0.111328	-0.210449	0.891846	-3.458015	4.175573	-0.900763	8.858297
-0.120850	-0.209961	0.923340	-1.480916	3.633588	-1.076336	8.868722
-0.124023	-0.218994	0.947266	-0.091603	2.656489	-1.931298	8.879304
-0.123291	-0.188232	0.928223	0.259542	1.526718	-3.206107	8.889834
-0.123291	-0.172363	0.925049	-0.564885	1.954198	-3.541985	8.900237
-0.126465	-0.166748	0.930176	-2.496183	2.015267	-2.946565	8.910466
-0.125977	-0.175293	0.904541	-3.633588	3.305344	-2.923664	8.920828
-0.129883	-0.154541	0.888672	-2.709924	4.526718	-3.129771	8.930966
-0.131836	-0.118652	0.898682	-3.099237	5.763359	-1.595420	8.941526
-0.141602	-0.131348	0.950195	-2.030534	4.862595	0.038168	8.951586
-0.132324	-0.148926	0.960938	-1.824427	2.641221	0.664122	8.961977
-0.127930	-0.179443	0.994385	-2.549618	1.732824	0.244275	8.972206
-0.126221	-0.162354	1.013184	-3.122137	-1.687023	0.274809	8.982520
-0.128174	-0.154297	0.969971	-4.297710	-4.053435	1.305344	8.992955
-0.114746	-0.186768	0.945801	-4.740458	-4.725191	1.480916	9.003254
-0.099854	-0.183838	0.907227	-4.068702	-5.404580	0.664122	9.013457
-0.092285	-0.179199	0.875977	-6.297710	-3.145038	0.687023	9.024117
-0.093506	-0.197510	0.870361	-5.824427	-0.793893	1.114504	9.034302
-0.088135	-0.199463	0.875000	-5.251908	2.526718	0.206107	9.044847
-0.093018	-0.208984	0.908936	-4.000000	4.030534	-0.679389	9.055167
-0.109863	-0.184326	0.940186	-2.083969	4.251908	0.114504	9.065610
-0.115967	-0.197998	0.964600	-1.656489	3.183206	0.221374	9.075936
-0.120117	-0.197510	0.956299	-1.511450	0.030534	0.198473	9.086144
-0.119873	-0.193604	0.942627	-1.725191	-1.320611	-0.832061	9.096900
-0.116455	-0.176270	0.927979	-2.053435	-3.106870	-1.160305	9.107152
-0.103760	-0.166260	0.882324	-4.137405	-3.183206	-0.931298	9.117376
-0.096924	-0.191895	0.901367	-5.496183	-2.053435	-0.106870	9.127797
-0.096436	-0.195557	0.882812	-3.916031	-1.412214	-1.541985	9.138029
-0.099365	-0.190186	0.883301	-4.816794	1.809160	-1.763359	9.148322
-0.096924	-0.197510	0.911377	-3.862595	3.458015	-1.702290	9.158433
-0.101074	-0.212646	0.934570	-2.320611	1.465649	-3.297710	9.168980
-0.106445	-0.169189	0.937256	-1.541985	1.366412	-2.923664	9.179404
-0.117432	-0.167236	0.924072	-1.664122	1.648855	-1.709924	9.189695
-0.119629	-0.194336	0.934570	-2.015267	-0.106870	-2.183206	9.200089
-0.112305	-0.184570	0.949219	-1.740458	-0.725191	-3.030534	9.210051
-0.123291	-0.171143	0.925293	-0.916031	-2.076336	-2.503817	9.220706
-0.126465	-0.176025	0.912598	-0.946565	-1.786260	-1.740458	9.230787
-0.117920	-0.183594	0.892090	-2.282443	-0.541985	-1.824427	9.241240
-0.117920	-0.176758	0.888184	-1.068702	0.862595	-1.465649	9.251046
-0.112305	-0.170898	0.862549	-2.022901	2.977099	-1.473282	9.261151
-0.117676	-0.177490	0.859375	-2.763359	5.435115	-1.221374	9.271711
-0.113525	-0.175293	0.870605	-3.694656	6.656489	-1.106870	9.281901
-0.129639	-0.177734	0.923096	-4.740458	6.526718	-1.419847	9.292189
-0.129150	-0.180664	0.965088	-4.824427	5.374046	-1.503817	9.302897
-0.127930	-0.218018	0.978516	-3.480916	3.725191	-1.511450	9.312992
-0.123535	-0.199219	0.972900	-3.068702	2.000000	-2.099237	9.323724
-0.125000	-0.179199	0.933105	-1.656489	0.763359	-2.534351	9.333992
-0.116211	-0.168945	0.914307	-2.893130	0.137405	-2.282443	9.344615
-0.115234	-0.181885	0.904541	-2.167939	0.374046	-1.748092	9.355163
-0.111816	-0.177490	0.888184	-0.007634	1.190840	-1.374046	9.365374
-0.107422	-0.183350	0.894043	-2.526718	3.709924	-0.961832	9.375638
-0.106445	-0.191895	0.909668	-3.687023	4.572519	-0.969466	9.386360
-0.107666	-0.204834	0.930664	-2.946565	5.091603	-2.206107	9.397379
-0.116211	-0.190430	0.929932	-3.015267	5.717557	-2.549618	9.407895
-0.114502	-0.187744	0.947998	-4.328244	5.083969	-2.419847	9.418380
-0.113525	-0.203369	0.951660	-3.641221	3.442748	-3.404580	9.428670
-0.114990	-0.201416	0.956543	-2.687023	1.595420	-4.305344	9.438869
-0.120850	-0.191162	0.936279	-0.687023	0.824427	-4.702290	9.448612
-0.124512	-0.191406	0.912598	-1.045802	1.137405	-4.687023	9.458243
-0.122070	-0.195068	0.902588	-1.633588	0.625954	-5.381679	9.469544
-0.115479	-0.228516	0.887939	-2.992366	0.816794	-7.389313	9.479976
-0.103516	-0.213867	0.879150	-2.259542	3.190840	-9.534351	9.490322
-0.109131	-0.222900	0.870117	-2.190840	4.732824	-11.641221	9.500952
-0.107178	-0.215820	0.878662	-0.061069	5.496183	-13.969466	9.511151
-0.119629	-0.177002	0.896973	-0.557252	7.832061	-14.305344	9.521150
-0.120117	-0.109131	0.952393	-0.526718	6.374046	-13.396947	9.530827
-0.138428	-0.087646	0.938965	-1.671756	4.893130	-8.877863	9.541858
-0.134521	-0.141357	0.963623	-2.458015	2.732824	-7.305344	9.552097
-0.138428	-0.134033	0.979980	-2.022901	0.419847	-5.824427	9.562389
-0.148193	-0.121094	0.964111	-0.572519	-0.160305	-2.916031	9.572673
-0.138672	-0.150146	0.931152	-1.870229	-0.763359	-1.007634	9.582912
-0.135986	-0.166992	0.942383	-2.664122	-0.587786	-1.358779	9.593295
-0.127441	-0.155273	0.914062	-1.206107	0.183206	-1.564885	9.604093
-0.129150	-0.150146	0.890625	-2.229008	1.870229	-0.938931	9.614514
-0.130127	-0.180664	0.920654	-1.900763	0.694656	-0.381679	9.624847
-0.129395	-0.151855	0.901367	-1.282443	1.229008	-0.885496	9.635197
-0.133545	-0.154785	0.924805	-1.824427	1.610687	-0.122137	9.645782
-0.129150	-0.175049	0.925781	-1.183206	2.198473	-0.702290	9.656030
-0.128906	-0.200439	0.969971	-2.381679	0.351145	-1.259542	9.666291
-0.123291	-0.168945	0.963379	-1.793893	-1.312977	-2.106870	9.676736
-0.125488	-0.166504	0.924805	-2.755725	-0.320611	-1.961832	9.687339
-0.140381	-0.169434	0.883301	-3.526718	0.824427	-1.312977	9.697929
-0.130127	-0.168701	0.891357	-2.854962	3.824427	-0.847328	9.708325
-0.125977	-0.172363	0.924805	-3.419847	1.694656	-1.488550	9.718255
-0.125732	-0.199219	0.949463	-0.488550	4.465649	-1.656489	9.730908
-0.122314	-0.184082	0.962402	-2.083969	2.610687	-2.885496	9.741708
-0.127930	-0.168457	0.958984	-3.755725	1.534351	-3.267176	9.752023
-0.129395	-0.168213	0.936035	-5.183206	0.450382	-3.244275	9.762215
-0.129150	-0.163330	0.927734	-6.664122	-1.396947	-5.854962	9.772560
-0.130859	-0.157227	0.908936	-8.312977	-1.877863	-3.908397	9.782954
-0.122803	-0.165771	0.863037	-5.412214	-0.022901	-3.641221	9.793640
-0.119385	-0.157227	0.891357	-4.519084	2.832061	-2.213740	9.803751
-0.127930	-0.128174	0.888184	-4.312977	5.129771	-0.297710	9.814191
-0.125488	-0.150879	0.918701	-2.541985	6.160305	0.793893	9.824501
-0.134033	-0.156006	0.943604	-3.946565	3.824427	1.427481	9.834606
-0.129150	-0.159912	0.975830	-4.091603	0.106870	0.664122	9.845160
-0.126465	-0.165527	0.985596	-4.183206	-2.648855	1.137405	9.855328
-0.126709	-0.172119	0.972168	-5.778626	-5.549618	0.725191	9.865857
-0.121094	-0.160400	0.935547	-6.832061	-6.862595	0.190840	9.876280
-0.128174	-0.163818	0.912354	-8.221374	-6.083969	0.732824	9.886746
-0.130127	-0.154785	0.891113	-8.511450	-5.374046	0.618321	9.897307
-0.129395	-0.155762	0.845215	-8.290076	-3.083969	2.076336	9.907739
-0.126465	-0.140625	0.831299	-7.732824	-0.442748	3.221374	9.917873
-0.124268	-0.153320	0.839600	-5.000000	2.091603	4.862595	9.927958
-0.116943	-0.176758	0.884033	-4.587786	4.022901	4.763359	9.938340
-0.114990	-0.192871	0.905273	-2.816794	3.129771	4.473282	9.948694
-0.106201	-0.179932	0.913330	-1.656489	1.801527	3.511450	9.959374
-0.106934	-0.180908	0.905518	-3.549618	1.801527	2.885496	9.969755
-0.102051	-0.192383	0.916016	-5.305344	2.664122	1.984733	9.979894
-0.103760	-0.206055	0.912598	-4.687023	3.396947	0.793893	9.990293
-0.119385	-0.187256	0.927490	-4.328244	4.076336	0.725191	10.000621
-0.124756	-0.176270	0.910645	-3.030534	5.297710	1.763359	10.011168
-0.126953	-0.184326	0.897949	-2.801527	5.679389	2.152672	10.021742
-0.130615	-0.188721	0.921875	-2.320611	5.938931	1.610687	10.032062
-0.153564	-0.167725	0.944092	-0.580153	3.679389	1.862595	10.043251
-0.133057	-0.163086	0.926025	-2.045802	2.656489	2.450382	10.053395
-0.139160	-0.179688	0.936279	-2.717557	1.824427	2.404580	10.063796
-0.135254	-0.176758	0.942139	-3.938931	0.175573	1.923664	10.074065
-0.123535	-0.198242	0.913086	-5.381679	0.580153	2.320611	10.083722
-0.116699	-0.193848	0.894287	-5.763359	1.320611	2.183206	10.094211
-0.118896	-0.173828	0.891357	-5.343511	2.190840	2.419847	10.104674
-0.118164	-0.192139	0.887695	-6.419847	3.977099	1.908397	10.114812
-0.120850	-0.192627	0.897217	-5.083969	5.564885	3.068702	10.124274
-0.123535	-0.199463	0.923828	-5.267176	6.358779	3.129771	10.134084
-0.125488	-0.214600	0.957520	-5.664122	6.122137	2.572519	10.143871
-0.119385	-0.213135	0.961670	-3.198473	5.099237	2.328244	10.153270
-0.124756	-0.201660	0.969238	-2.946565	4.076336	2.007634	10.162440
-0.123535	-0.211426	0.972656	-4.007634	2.702290	1.679389	10.171731
-0.122070	-0.217041	0.959473	-3.595420	0.007634	0.763359	10.180951
-0.118164	-0.205322	0.960938	-4.595420	-0.259542	0.045802	10.190272
-0.118408	-0.196045	0.951660	-4.603053	-0.396947	-0.221374	10.199562
-0.114746	-0.204590	0.928467	-4.702290	-0.404580	-0.099237	10.208715
-0.114746	-0.204346	0.925537	-5.022901	0.404580	-0.870229	10.217830
-0.122559	-0.190430	0.919434	-3.824427	0.374046	-0.526718	10.227033
-0.113281	-0.182129	0.918457	-3.488550	1.160305	0.083969	10.236198
-0.110107	-0.189941	0.908936	-4.335878	1.908397	0.114504	10.245387
-0.115723	-0.211914	0.936035	-3.877863	2.687023	0.076336	10.254504
-0.122314	-0.203857	0.952148	-3.450382	2.374046	-0.450382	10.263700
-0.130371	-0.218750	0.984131	-2.022901	0.099237	-0.290076	10.272892
-0.123535	-0.204590	0.957764	-2.305344	-2.656489	-1.053435	10.282108
-0.119385	-0.195557	0.933105	-3.244275	-3.083969	-1.351145	10.291272
-0.125000	-0.172852	0.902344	-3.687023	-3.053435	-1.274809	10.300422
-0.119141	-0.176270	0.895508	-6.137405	-2.198473	-0.648855	10.309629
-0.118652	-0.200195	0.896240	-7.511450	-1.152672	-1.061069	10.318783
-0.111572	-0.194824	0.882568	-6.816794	0.229008	-0.702290	10.327957
-0.110596	-0.187012	0.893311	-6.961832	1.709924	-0.129771	10.337093
-0.111328	-0.176514	0.888428	-4.770992	3.419847	0.572519	10.346305
-0.114258	-0.192383	0.882568	-3.877863	3.893130	1.549618	10.355445
-0.114502	-0.197510	0.880371	-4.030534	5.442748	1.625954	10.364608
-0.115234	-0.210938	0.909668	-3.740458	6.305344	1.015267	10.373738
-0.124756	-0.214600	0.948242	-4.083969	4.832061	-0.229008	10.382971
-0.120117	-0.195801	0.935791	-4.244275	1.954198	-1.633588	10.392153
-0.116699	-0.212158	0.941406	-4.335878	0.244275	-2.099237	10.401359
-0.113525	-0.196533	0.903076	-2.893130	-0.633588	-1.564885	10.410618
-0.120117	-0.187744	0.900146	-5.549618	-0.824427	-2.297710	10.419872
-0.122314	-0.169189	0.863525	-4.488550	-1.198473	-0.946565	10.428994
-0.116211	-0.204590	0.871826	-5.641221	0.389313	-0.221374	10.438195
-0.115234	-0.208252	0.891846	-4.236641	2.335878	-1.656489	10.447459
-0.123535	-0.215088	0.913574	-3.167939	-0.290076	-2.274809	10.456632
-0.121826	-0.205078	0.919189	-0.427481	1.496183	-2.404580	10.465962
-0.120605	-0.179932	0.885742	-2.175573	1.633588	-1.908397	10.475183
-0.125244	-0.193604	0.863281	-3.442748	3.282443	-2.442748	10.487018
-0.133789	-0.185303	0.863770	-4.854962	4.206107	-2.610687	10.497886
-0.132324	-0.185547	0.905029	-5.732824	4.778626	-2.702290	10.508209
-0.135498	-0.200195	0.943604	-3.801527	4.351145	-3.106870	10.519400
-0.137695	-0.186035	0.932373	-1.709924	1.954198	-3.129771	10.529617
-0.144043	-0.171143	0.935791	-1.786260	1.633588	-2.961832	10.539745
-0.143066	-0.166992	0.900635	-1.511450	0.977099	-2.083969	10.550444
-0.132324	-0.166016	0.878174	-3.022901	2.160305	-1.541985	10.561205
-0.136719	-0.161377	0.876465	-3.450382	3.389313	-1.091603	10.571567
-0.131836	-0.182129	0.889160	-3.305344	4.190840	-0.366412	10.581723
-0.133057	-0.184814	0.904541	-3.885496	4.297710	-0.374046	10.592198
-0.134033	-0.197510	0.918701	-3.763359	4.000000	-0.450382	10.602488
-0.142334	-0.193359	0.934570	-4.580153	2.977099	-0.625954	10.613342
-0.137695	-0.196777	0.930420	-4.877863	1.633588	-0.793893	10.624023
-0.129639	-0.186768	0.907959	-6.053435	2.045802	-0.824427	10.634606
-0.122559	-0.187256	0.905029	-6.931298	3.534351	-1.229008	10.644811
-0.132324	-0.204590	0.924316	-3.564885	3.969466	-0.641221	10.655198
-0.129150	-0.188965	0.957031	-3.488550	4.206107	-0.877863	10.665150
-0.132080	-0.180908	0.927002	-4.137405	4.587786	-1.282443	10.675590
-0.134521	-0.188965	0.917725	-4.061069	4.465649	-0.748092	10.685832
-0.144287	-0.182861	0.945068	-3.770992	4.412214	-0.992366	10.696008
-0.138916	-0.181885	0.937988	-4.129771	4.236641	-0.893130	10.706661
-0.145996	-0.184326	0.951172	-3.358779	3.412214	-1.076336	10.717165
-0.151611	-0.194092	0.948730	-1.908397	1.717557	-1.145038	10.726851
-0.145264	-0.182617	0.941895	-0.954198	-0.519084	-0.832061	10.736367
-0.151611	-0.175781	0.904053	-2.427481	-0.503817	-0.541985	10.745826
-0.146484	-0.172607	0.886475	-4.709924	-0.320611	-0.007634	10.756050
-0.132324	-0.185059	0.888916	-4.740458	0.160305	-0.061069	10.765761
-0.120850	-0.189453	0.891357	-4.664122	0.923664	-0.450382	10.774990
-0.122314	-0.191650	0.892334	-4.351145	1.877863	-0.274809	10.784190
-0.123047	-0.198486	0.912354	-4.755725	3.893130	-0.480916	10.793340
-0.138184	-0.204102	0.948975	-4.526718	4.229008	-1.030534	10.802615
-0.143066	-0.215088	0.974854	-1.961832	2.503817	-1.068702	10.812018
-0.138184	-0.201416	0.974365	-0.389313	1.541985	-1.557252	10.821234
-0.142334	-0.188232	0.956299	-1.251908	1.503817	-1.534351	10.830396
-0.150879	-0.171631	0.950195	-1.419847	0.526718	-0.847328	10.839640
-0.152832	-0.163086	0.925781	-1.068702	0.458015	-0.106870	10.848766
-0.138184	-0.164307	0.907715	-1.183206	0.992366	0.053435	10.857899
-0.148682	-0.141113	0.912598	-4.335878	1.343511	1.572519	10.867031
-0.138916	-0.166016	0.896240	-6.900763	1.022901	2.015267	10.876240
-0.127441	-0.196533	0.897461	-6.190840	2.633588	2.519084	10.885457
-0.129395	-0.199219	0.909180	-5.633588	3.038168	2.160305	10.894597
-0.135498	-0.184082	0.922852	-5.816794	3.015267	2.618321	10.903742
-0.145752	-0.200195	0.930908	-5.427481	3.389313	3.137405	10.912948
-0.137695	-0.233154	0.935547	-2.839695	2.076336	2.564885	10.922115
-0.142822	-0.194092	0.954102	-1.122137	1.267176	1.870229	10.931262
-0.133545	-0.191406	0.934326	-3.618321	-1.977099	0.328244	10.940466
-0.138672	-0.191895	0.924805	-4.450382	-3.381679	0.366412	10.949650
-0.127441	-0.196533	0.901855	-5.786260	-3.015267	0.366412	10.958772
-0.130371	-0.200439	0.886963	-6.541985	-1.679389	0.625954	10.968025
-0.130127	-0.201416	0.892822	-5.442748	-1.206107	0.587786	10.977150
-0.125732	-0.190674	0.862549	-4.977099	0.183206	1.076336	10.986325
-0.121338	-0.203613	0.858398	-4.503817	2.519084	1.312977	10.995648
-0.121338	-0.190674	0.879150	-3.984733	3.343511	1.007634	11.004877
-0.139893	-0.205566	0.900146	-3.496183	4.290076	0.687023	11.014035
-0.132812	-0.197021	0.906738	-3.648855	4.664122	0.587786	11.023374
-0.134033	-0.213135	0.950928	-3.038168	3.748092	0.213740	11.032569
-0.133057	-0.207520	0.965088	-1.305344	1.511450	-0.580153	11.041752
-0.141602	-0.182129	0.949219	-1.152672	-0.099237	-0.702290	11.050951
-0.141846	-0.182861	0.922852	-2.198473	-0.839695	-0.488550	11.060048
-0.140381	-0.186768	0.909912	-2.603053	-1.351145	-0.106870	11.069336
-0.127930	-0.177979	0.885742	-3.458015	-1.412214	0.145038	11.078576
-0.127686	-0.180908	0.878906	-4.526718	-0.190840	0.503817	11.087765
-0.125244	-0.195801	0.884277	-5.511450	1.732824	1.793893	11.100594
-0.127441	-0.223389	0.905518	-4.877863	2.091603	1.343511	11.110900
-0.125732	-0.232422	0.922363	-2.694656	1.236641	1.946565	11.121632
-0.122070	-0.211426	0.916260	-1.839695	0.778626	-0.557252	11.131721
-0.131348	-0.196045	0.898438	-2.015267	1.946565	-0.503817	11.142545
-0.124512	-0.204590	0.898438	-2.938931	2.267176	-0.847328	11.152724
-0.138428	-0.196045	0.892822	-3.572519	2.015267	-1.580153	11.163104
-0.134766	-0.176514	0.898193	-4.061069	3.160305	-0.809160	11.173720
-0.133301	-0.202393	0.899902	-4.854962	3.618321	-0.267176	11.184249
-0.136719	-0.201660	0.922607	-4.465649	3.816794	-0.992366	11.194509
-0.140625	-0.189941	0.938477	-4.572519	3.061069	-1.290076	11.204719
-0.149170	-0.189941	0.928223	-3.625954	1.847328	-0.862595	11.215584
-0.135742	-0.202148	0.915771	-3.679389	1.503817	-1.099237	11.226431
-0.139893	-0.188965	0.909424	-3.297710	1.412214	-0.916031	11.236745
-0.138428	-0.179932	0.905273	-2.488550	1.572519	-0.740458	11.246913
-0.148193	-0.183838	0.917236	-3.526718	1.961832	0.290076	11.257139
-0.136230	-0.209961	0.933350	-2.465649	1.007634	-0.404580	11.267613
-0.144531	-0.195312	0.941650	-2.175573	0.610687	-0.473282	11.278326
-0.144043	-0.186279	0.932617	-2.648855	0.557252	0.503817	11.288580
-0.137207	-0.210449	0.926270	-3.000000	0.381679	0.473282	11.299189
-0.142090	-0.204834	0.911621	-2.717557	-0.152672	-0.541985	11.309697
-0.133301	-0.204346	0.884766	-2.633588	0.671756	-1.274809	11.319970
-0.137695	-0.192871	0.879883	-2.702290	1.656489	-1.137405	11.330550
-0.129395	-0.194336	0.878662	-3.122137	3.274809	-1.160305	11.340886
-0.138916	-0.209229	0.909424	-3.854962	5.832061	-1.412214	11.351141
-0.142334	-0.209717	0.947510	-3.671756	2.900763	-1.816794	11.361306
-0.154053	-0.209717	0.937012	-3.335878	1.595420	-2.229008	11.370982
-0.148926	-0.198730	0.928711	-3.137405	0.465649	-3.175573	11.380839
-0.151367	-0.177246	0.900391	-3.152672	-0.183206	-3.473282	11.391421
-0.155762	-0.148193	0.894775	-3.534351	0.564885	-2.045802	11.401860
-0.144531	-0.166016	0.894775	-3.488550	2.251908	-0.687023	11.412365
-0.143555	-0.184326	0.907471	-3.236641	3.328244	-0.732824	11.422719
-0.150391	-0.186523	0.932129	-2.511450	4.847328	-0.564885	11.433038
-0.156738	-0.163818	0.931396	-1.519084	4.190840	0.320611	11.443502
-0.158936	-0.157227	0.952148	-2.358779	3.725191	1.580153	11.453717
-0.160400	-0.187500	0.960449	-4.282443	1.435115	0.862595	11.463888
-0.152832	-0.185303	0.957764	-2.633588	-0.671756	1.221374	11.474562
-0.152100	-0.168701	0.935791	-5.221374	-1.458015	1.152672	11.484785
-0.150391	-0.192383	0.927490	-4.183206	-2.969466	2.572519	11.494984
-0.133545	-0.209229	0.906982	-3.206107	-3.190840	1.885496	11.505277
-0.139160	-0.192627	0.879639	-2.809160	-0.916031	1.427481	11.515559
-0.130859	-0.174561	0.865967	-2.732824	0.687023	2.625954	11.526290
-0.131348	-0.191650	0.880127	-3.931298	2.221374	3.007634	11.536520
-0.125244	-0.204590	0.885742	-3.816794	2.740458	2.946565	11.547062
-0.125488	-0.206787	0.903076	-3.435115	3.389313	2.992366	11.557264
-0.134766	-0.220215	0.924805	-4.412214	3.435115	2.435115	11.567532
-0.131348	-0.223389	0.923584	-3.274809	1.984733	1.877863	11.578017
-0.136719	-0.223145	0.927979	-2.702290	1.351145	1.358779	11.588279
-0.145020	-0.207275	0.915283	-2.778626	-0.083969	1.099237	11.598549
-0.131592	-0.218750	0.884766	-3.206107	-0.511450	1.206107	11.609307
-0.130615	-0.209473	0.872803	-3.893130	0.977099	1.183206	11.619713
-0.125488	-0.215332	0.861328	-4.435115	1.671756	0.931298	11.629954
-0.117676	-0.214600	0.869629	-4.358779	2.992366	0.832061	11.640009
-0.135742	-0.233154	0.901611	-6.671756	4.076336	0.816794	11.650266
-0.124268	-0.234375	0.918945	-5.694656	5.099237	0.206107	11.660800
-0.129639	-0.240723	0.951660	-6.129771	3.824427	-1.816794	11.670781
-0.129883	-0.246094	0.951904	-2.480916	1.801527	-2.572519	11.681560
-0.143799	-0.226807	0.947266	-4.557252	0.175573	-3.938931	11.691678
-0.145996	-0.217773	0.937500	-5.099237	-1.106870	-4.061069	11.702146
-0.145020	-0.209961	0.923828	-3.664122	-2.396947	-4.259542	11.712665
-0.136963	-0.179688	0.885254	-4.038168	-1.854962	-4.244275	11.725964
-0.132812	-0.189209	0.877686	-4.259542	0.519084	-2.931298	11.736716
-0.129395	-0.203857	0.885742	-4.007634	1.885496	-2.618321	11.746785
-0.125488	-0.210205	0.908936	-4.091603	2.496183	-3.183206	11.757452
-0.126953	-0.183594	0.899170	-3.832061	1.877863	-2.732824	11.767351
-0.121338	-0.213135	0.878906	-4.198473	2.114504	-2.389313	11.778074
-0.143066	-0.186279	0.921631	-3.908397	3.053435	-1.259542	11.788565
-0.136719	-0.199463	0.931152	-0.893130	1.488550	-0.404580	11.798787
-0.134277	-0.227783	0.916016	-2.030534	0.305344	-1.213740	11.809271
-0.132812	-0.221191	0.900146	-2.129771	-0.572519	-2.503817	11.819425
-0.133545	-0.197998	0.887939	-4.068702	0.709924	-2.709924	11.830289
-0.139648	-0.199463	0.882324	-4.793893	1.526718	-2.167939	11.841039
-0.132812	-0.211182	0.876709	-4.015267	2.267176	-2.305344	11.851698
-0.136719	-0.199707	0.875732	-2.045802	4.778626	-2.030534	11.862087
-0.145508	-0.179443	0.898926	-1.938931	5.511450	-1.183206	11.872339
-0.146973	-0.192627	0.904541	-2.351145	5.740458	0.000000	11.882918
-0.148438	-0.194092	0.915283	-2.992366	4.900763	-0.213740	11.893401
-0.145020	-0.207764	0.924805	-3.282443	2.786260	-1.045802	11.903861
-0.153076	-0.207275	0.951172	-1.221374	1.755725	-0.633588	11.914189
-0.143311	-0.207764	0.941406	-2.549618	1.450382	-0.946565	11.924570
-0.137939	-0.231934	0.925537	-2.587786	1.259542	-1.725191	11.935002
-0.132324	-0.229980	0.927002	-0.877863	2.114504	-2.580153	11.945101
-0.140137	-0.209473	0.909912	-0.916031	2.923664	-3.045802	11.955261
-0.147217	-0.197266	0.894043	-1.351145	3.465649	-2.328244	11.965917
-0.143555	-0.204102	0.905273	-1.534351	4.870229	-2.152672	11.976056
-0.149414	-0.197266	0.913330	-1.404580	4.801527	-2.183206	11.986680
-0.148193	-0.186523	0.920166	-1.709924	4.519084	-2.106870	11.996859
-0.156006	-0.205078	0.943604	-2.198473	3.900763	-1.633588	12.006964
-0.158447	-0.244629	0.945801	-1.160305	2.328244	-2.381679	12.017225
-0.161133	-0.232178	0.954590	-4.137405	-0.816794	-3.969466	12.027393
-0.157959	-0.189941	0.937744	-1.969466	-1.236641	-4.480916	12.037837
-0.155029	-0.175293	0.919922	-4.236641	-1.068702	-3.297710	12.048105
-0.150635	-0.190674	0.921875	-3.725191	-0.122137	-3.465649	12.058400
-0.155518	-0.189941	0.908447	-3.702290	0.366412	-2.992366	12.068490
-0.147949	-0.180908	0.902100	-2.076336	0.015267	-2.206107	12.078859
-0.165039	-0.187500	0.923340	-1.717557	2.190840	-1.511450	12.089609
-0.158691	-0.174072	0.921631	-1.419847	0.725191	-1.419847	12.099793
-0.166260	-0.167480	0.904297	-2.610687	1.251908	-0.290076	12.109986
-0.149170	-0.183594	0.916992	-3.793893	0.969466	0.526718	12.120661
-0.148926	-0.215820	0.908447	-4.442748	0.236641	-0.053435	12.131120
-0.150391	-0.220459	0.918945	-3.702290	-0.480916	-1.297710	12.141348
-0.148438	-0.195801	0.925537	-2.122137	-2.022901	-1.503817	12.151715
-0.141602	-0.185547	0.926270	-2.236641	-2.778626	-0.358779	12.162031
-0.138672	-0.199463	0.887451	-3.473282	-2.625954	-0.618321	12.172964
-0.133057	-0.193115	0.871826	-2.618321	-1.954198	-0.770992	12.182972
-0.130371	-0.170410	0.854980	-3.335878	0.229008	-0.435115	12.193412
-0.133545	-0.172852	0.869385	-4.251908	2.480916	0.213740	12.203475
-0.136475	-0.185547	0.870605	-3.709924	3.618321	0.885496	12.213438
-0.134277	-0.198486	0.889404	-4.725191	4.816794	0.251908	12.224278
-0.132812	-0.214600	0.930664	-4.549618	4.381679	-0.190840	12.234676
-0.143555	-0.221924	0.944092	-3.335878	3.068702	-0.961832	12.244748
-0.140625	-0.214111	0.939697	-2.312977	1.274809	-1.534351	12.255224
-0.142822	-0.196289	0.917969	-1.908397	0.076336	-1.923664	12.265720
-0.149414	-0.187256	0.886230	-2.618321	0.633588	-1.282443	12.276227
-0.128906	-0.195557	0.892578	-3.106870	1.152672	-1.076336	12.286500
-0.142334	-0.181152	0.899170	-3.061069	1.694656	-1.206107	12.296940
-0.137939	-0.172852	0.893066	-2.847328	2.954198	-0.473282	12.307034
-0.140381	-0.179443	0.908936	-3.557252	4.183206	0.908397	12.317347
-0.143311	-0.203125	0.936768	-4.679389	4.648855	0.816794	12.327927
-0.138184	-0.201172	0.913330	-4.091603	4.190840	0.061069	12.338230
-0.146240	-0.193848	0.904541	-2.801527	3.969466	0.068702	12.348861
-0.157471	-0.179443	0.915771	-4.114504	2.740458	-0.022901	12.359401
-0.153076	-0.184814	0.910889	-1.213740	2.877863	0.748092	12.369766
-0.154297	-0.176270	0.896240	-0.908397	3.297710	1.022901	12.380258
-0.153076	-0.182617	0.891357	-0.465649	4.870229	1.610687	12.391031
-0.148682	-0.182129	0.896729	-0.389313	4.809160	2.068702	12.401147
-0.166016	-0.165283	0.897217	-2.030534	5.198473	2.335878	12.411754
-0.164795	-0.208008	0.924316	-1.702290	3.885496	1.801527	12.422290
-0.181641	-0.195312	0.941162	0.137405	0.587786	1.847328	12.432518
-0.172119	-0.187988	0.932129	-1.511450	-0.923664	1.839695	12.443122
-0.171387	-0.183838	0.895996	-2.664122	-1.648855	2.412214	12.453389
-0.165771	-0.195557	0.904785	-2.977099	1.045802	3.496183	12.463855
-0.156738	-0.202148	0.896484	-7.145038	-0.106870	2.938931	12.474516
-0.147949	-0.213135	0.900391	-8.251908	0.106870	3.206107	12.484980
-0.139893	-0.208496	0.880127	-6.145038	3.328244	3.480916	12.495860
-0.149658	-0.202148	0.898193	-5.175573	5.786260	5.839695	12.506129
-0.144043	-0.246826	0.936035	-5.290076	2.488550	3.977099	12.516304
-0.131592	-0.239502	0.959473	-3.503817	1.694656	1.725191	12.526384
-0.123779	-0.254883	0.981934	-4.167939	0.687023	0.305344	12.536618
-0.123047	-0.244629	0.960449	-0.870229	-2.290076	-1.053435	12.547162
-0.128174	-0.194336	0.972656	-5.091603	-1.229008	-0.404580	12.557304
-0.128906	-0.245361	0.919922	-2.671756	-2.961832	-1.977099	12.567700
-0.114258	-0.205811	0.885742	-3.297710	-1.022901	-1.770992	12.578335
-0.131836	-0.205322	0.880859	-3.106870	1.465649	-1.847328	12.588483
-0.134277	-0.212158	0.879639	-1.694656	3.358779	-1.320611	12.599249
-0.145264	-0.219238	0.899658	-2.198473	3.458015	-1.770992	12.609718
-0.144531	-0.215088	0.923096	-1.793893	3.206107	-2.137405	12.620174
-0.153564	-0.232666	0.936523	-3.717557	2.946565	-3.282443	12.630857
-0.154297	-0.222656	0.945068	-2.427481	1.290076	-4.381679	12.640958
-0.167236	-0.178955	0.931396	-2.687023	0.755725	-4.328244	12.650687
-0.165283	-0.164795	0.906250	-3.045802	0.702290	-3.160305	12.660207
-0.174561	-0.162598	0.885498	-2.641221	1.793893	-1.717557	12.670182
-0.167969	-0.161865	0.863770	-1.885496	3.938931	-0.328244	12.681560
-0.165771	-0.148682	0.891113	-1.374046	5.954198	0.595420	12.691543
-0.161133	-0.178711	0.893799	-1.961832	6.603053	1.305344	12.702118
-0.149414	-0.201660	0.912842	-0.763359	6.916031	1.419847	12.712453
-0.141846	-0.221191	0.925537	-1.297710	5.450382	0.167939	12.722786
-0.147949	-0.232910	0.956299	-2.435115	3.656489	-1.541985	12.733421
-0.140137	-0.192139	0.932617	-0.832061	2.221374	-1.572519	12.743886
-0.149658	-0.224854	0.897949	-5.015267	-0.427481	-2.099237	12.754088
-0.150391	-0.188721	0.929932	-0.656489	1.267176	-3.809160	12.764580
-0.158447	-0.152588	0.905273	-0.114504	0.519084	-0.916031	12.774923
