-0.067383	-0.084473	1.242432	-2.603053	-5.702290	-7.045802	0.005187
-0.057617	-0.070312	1.211182	-2.114504	-9.022901	-9.007634	0.013039
-0.063965	-0.032715	1.183350	-1.633588	-9.358779	-9.610687	0.020614
-0.056396	-0.014893	1.152832	-0.022901	-7.282443	-7.427481	0.028169
-0.053711	-0.014648	1.124756	-0.931298	-6.679389	-5.503817	0.035693
-0.061035	-0.015381	1.096924	-1.618321	-5.007634	-4.503817	0.043252
-0.061035	-0.014648	1.072998	-2.175573	-4.175573	-4.015267	0.050773
-0.057129	-0.018799	1.049316	-3.908397	-2.152672	-3.167939	0.058324
-0.056885	-0.019287	1.105225	-4.030534	-2.648855	-2.755725	0.065804
-0.047607	-0.037842	1.074463	-3.389313	-3.748092	-2.465649	0.073450
-0.049072	-0.053467	1.125244	-5.221374	-3.687023	-2.351145	0.081088
-0.056396	-0.061035	1.163086	-6.832061	-7.328244	-2.992366	0.088646
-0.050049	-0.070068	1.179199	-8.801527	-8.923664	-4.595420	0.096144
-0.046143	-0.074707	1.187256	-10.083969	-12.610687	-6.206107	0.103627
-0.046387	-0.065430	1.188721	-11.297710	-13.641221	-7.526718	0.111146
-0.044678	-0.066895	1.177734	-10.946565	-14.755725	-8.473282	0.118655
-0.041504	-0.053467	1.129150	-9.137405	-14.580153	-8.961832	0.126182
-0.037598	-0.029541	1.101074	-7.633588	-12.442748	-8.893130	0.133728
-0.037354	-0.020508	1.080322	-5.832061	-10.236641	-8.045802	0.141263
-0.045898	-0.012451	1.063232	-4.480916	-7.290076	-6.641221	0.148821
-0.045410	-0.017822	1.041748	-3.900763	-4.396947	-5.267176	0.156327
-0.046387	-0.028809	1.035645	-3.053435	-1.793893	-4.679389	0.163823
-0.044434	-0.039307	1.045166	-1.870229	0.259542	-4.740458	0.171359
-0.048096	-0.038330	1.043701	-0.152672	2.282443	-5.091603	0.178935
-0.045898	-0.042480	1.065918	-0.992366	3.732824	-4.893130	0.186454
-0.042236	-0.057129	1.117676	-0.374046	4.312977	-5.282443	0.193954
-0.038086	-0.054688	1.165283	-1.938931	2.236641	-5.534351	0.201463
-0.042236	-0.049561	1.191895	2.450382	-2.519084	-5.381679	0.208971
-0.038818	-0.044922	1.156738	1.870229	-6.053435	-5.435115	0.216494
-0.035889	-0.037354	1.124268	0.893130	-6.221374	-4.893130	0.225375
-0.033691	-0.034912	1.101074	-0.259542	-4.389313	-3.801527	0.234539
-0.031738	-0.068604	1.068359	-0.778626	-2.099237	-5.801527	0.244052
-0.030273	-0.052002	1.054932	-1.396947	0.427481	-9.198473	0.253554
-0.033936	-0.038818	1.064941	-1.923664	3.206107	-10.167939	0.263028
-0.040283	-0.030273	1.091553	-1.854962	5.015267	-9.572519	0.272859
-0.044434	-0.007080	1.089844	-1.969466	6.984733	-6.580153	0.283994
-0.043213	-0.018799	1.126465	-0.534351	7.977099	-3.152672	0.295053
-0.045166	-0.009277	1.151855	-1.702290	8.732824	-0.671756	0.307570
-0.048584	-0.015137	1.144043	-2.839695	7.351145	3.145038	0.319570
-0.036865	-0.055420	1.111816	-1.862595	5.916031	0.793893	0.331626
-0.045410	-0.054688	1.111328	-5.541985	5.984733	-2.992366	0.343473
-0.047607	-0.046143	1.118408	-6.000000	6.618321	-3.274809	0.355990
-0.053223	-0.042725	1.117188	-5.694656	7.458015	-4.129771	0.368468
-0.049072	-0.041504	1.106445	-1.870229	9.122137	-3.343511	0.380392
-0.062256	-0.032715	1.158203	-0.633588	8.236641	-3.549618	0.392035
-0.065186	-0.026855	1.169434	-0.274809	5.816794	-2.587786	0.404078
-0.059082	-0.019043	1.106689	1.931298	2.488550	-1.862595	0.415937
-0.062256	-0.031006	1.114990	-1.251908	3.396947	-0.954198	0.428321
-0.065186	-0.046387	1.104004	-3.763359	2.351145	-0.396947	0.440057
-0.055176	-0.030273	1.081787	-5.160305	3.297710	-0.786260	0.451951
-0.064453	-0.032959	1.087891	-6.641221	3.938931	0.328244	0.463867
-0.050049	-0.053223	1.074219	-7.190840	4.679389	0.076336	0.476067
-0.062988	-0.051025	1.118408	-7.236641	4.923664	-2.038168	0.488241
-0.072266	-0.035400	1.147949	-4.977099	3.290076	-2.610687	0.500078
-0.065186	-0.021729	1.172607	-1.847328	-0.129771	-1.923664	0.512210
-0.069336	-0.019775	1.127930	-3.580153	-1.847328	-0.305344	0.524885
-0.064697	-0.035400	1.096436	-4.625954	-1.870229	-0.687023	0.536981
-0.069336	-0.042480	1.076172	-4.816794	-0.618321	-1.274809	0.548923
-0.067139	-0.036865	1.079346	-3.541985	1.755725	-0.824427	0.561067
-0.066895	-0.038330	1.083496	-3.412214	1.931298	-0.519084	0.573039
-0.064209	-0.043457	1.069824	-3.641221	4.564885	-0.030534	0.584267
-0.074463	-0.046143	1.099121	-5.374046	5.641221	0.091603	0.595344
-0.070312	-0.045898	1.112549	-6.458015	5.923664	0.511450	0.606198
-0.077881	-0.038086	1.121826	-8.076336	8.656489	0.038168	0.619222
-0.075195	-0.067627	1.110840	-7.213740	8.519084	1.854962	0.631311
-0.018311	-0.090088	1.102051	-6.793893	4.061069	-1.618321	0.643393
-0.094482	-0.023438	1.143555	-4.519084	6.770992	-2.648855	0.655093
-0.081543	-0.006836	1.160645	-6.816794	2.755725	3.648855	0.667567
-0.078857	-0.098633	1.089111	-6.755725	3.106870	1.847328	0.679685
-0.075684	-0.091797	1.062744	-5.580153	4.091603	-4.519084	0.691789
-0.082764	-0.032715	1.085449	-5.580153	7.091603	-5.106870	0.703790
-0.080566	-0.022217	1.120117	-7.618321	6.427481	-1.167939	0.715742
-0.072510	-0.094727	1.107666	-5.022901	5.358779	-1.061069	0.728196
-0.092041	-0.100342	1.141846	-2.404580	7.030534	-4.717557	0.740229
-0.089600	-0.072021	1.164062	-3.152672	3.297710	-6.312977	0.752086
-0.085693	-0.057861	1.131592	-5.129771	0.732824	-7.167939	0.764021
-0.086670	-0.035400	1.080322	-4.351145	2.061069	-6.427481	0.776285
-0.093018	-0.001953	1.113525	-2.244275	3.320611	-1.694656	0.788395
-0.088135	-0.040527	1.121826	-2.740458	1.923664	1.473282	0.800667
-0.082031	-0.093750	1.132324	-4.282443	0.015267	0.267176	0.812550
-0.087891	-0.063477	1.117188	-6.404580	-0.427481	-1.572519	0.824688
-0.086670	-0.075195	1.107666	-6.083969	0.267176	-2.076336	0.836528
-0.088867	-0.065430	1.121826	-4.114504	-1.946565	-3.870229	0.848528
-0.091309	-0.050781	1.161133	-1.870229	-0.358779	-3.396947	0.860806
-0.088135	-0.055420	1.122559	-0.129771	-2.740458	-3.007634	0.872922
-0.095215	-0.054443	1.080322	-1.122137	-3.122137	-2.931298	0.884664
-0.090332	-0.058838	1.039062	-1.793893	-1.221374	-3.885496	0.897013
-0.088379	-0.041260	1.056396	-3.129771	0.793893	-4.564885	0.908981
-0.084961	-0.072998	1.112549	-4.870229	0.351145	-4.625954	0.921208
-0.087158	-0.064209	1.138184	-5.114504	-2.557252	-5.603053	0.933026
-0.074463	-0.046387	1.072266	-0.251908	-10.824427	-5.206107	0.945099
-0.081787	-0.048828	1.112305	-1.572519	-2.083969	-4.183206	0.957097
-0.083496	-0.053223	1.110107	-0.473282	0.450382	-3.381679	0.969532
-0.087891	-0.048584	1.087646	-1.358779	0.687023	-3.282443	0.981444
-0.097656	-0.067627	1.112793	-1.099237	-1.541985	-4.541985	0.993406
-0.089600	-0.051270	1.112061	-1.511450	-0.748092	-4.916031	1.005110
-0.087891	-0.056885	1.129150	-2.595420	-4.412214	-5.816794	1.017846
-0.078125	-0.040283	1.095215	-4.587786	-3.343511	-6.091603	1.028922
-0.087402	-0.042969	1.082764	-4.465649	-0.732824	-4.419847	1.040949
-0.094482	-0.052979	1.106934	-3.595420	0.793893	-4.740458	1.052912
-0.098633	-0.033447	1.114258	-2.099237	0.641221	-4.465649	1.065108
-0.089355	-0.041260	1.131348	-1.954198	-0.847328	-3.274809	1.077467
-0.081299	-0.043213	1.132080	-3.671756	-1.809160	-2.977099	1.089465
-0.081055	-0.040771	1.115479	-4.305344	-0.793893	-2.572519	1.101372
-0.083984	-0.028076	1.105225	-4.244275	-1.954198	-0.404580	1.113384
-0.083740	-0.050537	1.082764	-4.541985	1.381679	0.923664	1.125569
-0.083496	-0.075439	1.090088	-6.160305	2.343511	-1.297710	1.137736
-0.087646	-0.059082	1.138916	-5.687023	-0.259542	-1.946565	1.149648
-0.085449	-0.058594	1.158203	-4.160305	-2.740458	-1.908397	1.161667
-0.082764	-0.064209	1.148438	-2.809160	-4.740458	-3.244275	1.173965
-0.107178	-0.021240	1.123047	-2.824427	-4.007634	-1.969466	1.185943
-0.090332	-0.026855	1.122070	-3.122137	-2.610687	-0.038168	1.198107
-0.097900	-0.048584	1.093994	-3.801527	-1.389313	1.618321	1.209950
-0.087402	-0.064209	1.076660	-3.847328	2.320611	1.015267	1.221602
-0.086914	-0.031494	1.101074	-2.877863	4.198473	0.931298	1.233249
-0.091797	-0.035400	1.103027	-2.480916	4.488550	2.106870	1.245069
-0.089111	-0.078857	1.165771	-0.610687	0.320611	0.541985	1.257183
-0.090576	-0.061523	1.139160	-1.625954	-3.297710	-1.740458	1.269631
-0.085693	-0.052490	1.135254	-1.801527	-7.007634	-2.290076	1.281512
-0.083252	-0.049072	1.093994	-2.618321	-4.366412	-0.038168	1.293467
-0.086914	-0.092773	1.153320	-1.160305	-4.625954	-1.923664	1.305532
-0.077637	-0.073486	1.122070	1.557252	-8.832061	-4.977099	1.317790
-0.079590	-0.037598	1.069092	-1.610687	-2.977099	-4.755725	1.331430
-0.083984	-0.029297	1.035400	-3.198473	2.297710	-2.404580	1.343765
-0.082764	-0.057617	1.035889	-4.251908	6.251908	-2.404580	1.356541
-0.088379	-0.034424	1.074219	-5.351145	6.396947	-2.496183	1.369010
-0.088623	-0.035645	1.167480	-4.236641	4.030534	-0.938931	1.380941
-0.081787	-0.077881	1.190674	-2.007634	-0.931298	-0.633588	1.392574
-0.075928	-0.083008	1.153564	-4.206107	-2.763359	-2.954198	1.404604
-0.086426	-0.033447	1.137451	-4.847328	-4.175573	-3.137405	1.416860
-0.087402	-0.046875	1.099365	-4.534351	-2.458015	-0.587786	1.428924
-0.089355	-0.068359	1.051514	-3.259542	-0.557252	-1.442748	1.441019
-0.086426	-0.036621	1.020264	-2.465649	3.312977	-2.007634	1.452935
-0.076660	-0.036133	1.026855	-3.190840	8.503817	-0.679389	1.464760
-0.090332	-0.052002	1.071533	-3.480916	10.664122	0.946565	1.477004
-0.092285	-0.086670	1.135742	-3.893130	9.282443	-1.076336	1.488869
-0.091797	-0.077881	1.142822	-4.351145	7.190840	-3.114504	1.500261
-0.093506	-0.066162	1.161133	-3.633588	4.053435	-4.045802	1.512469
-0.093994	-0.032227	1.187256	-1.106870	-2.717557	-3.679389	1.524479
-0.100586	-0.025635	1.159180	-2.488550	-5.137405	-2.732824	1.536640
-0.096191	-0.035889	1.103760	-3.824427	-6.793893	-1.427481	1.548780
-0.096924	-0.046631	1.053955	-5.236641	-2.366412	-0.091603	1.560814
-0.091309	-0.070557	1.070068	-4.053435	1.404580	-0.496183	1.572732
-0.098145	-0.055420	1.092285	-2.648855	1.977099	-1.312977	1.584814
-0.109131	-0.051025	1.092529	-2.908397	2.694656	-0.480916	1.596624
-0.086182	-0.067627	1.112305	-2.954198	1.801527	-0.633588	1.608633
-0.086670	-0.085693	1.122314	-4.541985	1.572519	-2.488550	1.620564
-0.087158	-0.080322	1.165039	-2.335878	-2.404580	-3.893130	1.632703
-0.085693	-0.058105	1.114990	-2.549618	0.076336	-3.702290	1.644572
-0.092773	-0.061768	1.103516	-4.312977	2.664122	-2.511450	1.656608
-0.095703	-0.060059	1.108887	-4.931298	3.786260	-2.122137	1.669004
-0.089844	-0.055664	1.116699	-4.404580	2.595420	-2.755725	1.681038
-0.100342	-0.024414	1.079590	-5.183206	2.877863	-2.015267	1.692852
-0.093018	-0.056396	1.117188	-3.557252	2.106870	0.244275	1.704645
-0.085693	-0.107666	1.144531	-1.030534	0.335878	-1.816794	1.716839
-0.080811	-0.052002	1.120850	-0.687023	-0.618321	-2.343511	1.728954
-0.100586	-0.059326	1.090576	-2.816794	0.190840	-0.160305	1.740916
-0.095947	-0.077148	1.078369	-4.900763	0.992366	-1.832061	1.752794
-0.104980	-0.039551	1.067383	-6.259542	2.351145	-1.213740	1.764809
-0.089600	-0.085205	1.074951	-7.053435	3.992366	-0.717557	1.777092
-0.091064	-0.079590	1.120361	-5.587786	4.190840	-3.175573	1.788335
-0.093018	-0.072021	1.171631	-4.022901	1.862595	-2.900763	1.799615
-0.103516	-0.064941	1.143555	-2.312977	-0.251908	-3.473282	1.811638
-0.099854	-0.056396	1.122559	-2.358779	-0.572519	-3.076336	1.823942
-0.107422	-0.039551	1.123535	-2.335878	-1.381679	-1.694656	1.835985
-0.096436	-0.045166	1.096191	-2.549618	-0.549618	-0.755725	1.848048
-0.109131	-0.036377	1.074219	-3.816794	1.916031	0.595420	1.859723
-0.100586	-0.068604	1.098633	-4.732824	3.343511	-0.122137	1.871630
-0.098389	-0.069580	1.117188	-3.740458	3.053435	-2.244275	1.883604
-0.116943	-0.038574	1.111816	-3.893130	2.702290	-1.648855	1.895424
-0.115479	-0.048096	1.112305	-4.091603	2.175573	-0.290076	1.907366
-0.102783	-0.062500	1.130127	-4.038168	1.213740	-0.923664	1.920253
-0.113525	-0.067383	1.149170	-3.862595	-0.816794	-2.137405	1.931536
-0.110840	-0.046631	1.116943	-5.061069	-2.068702	-2.244275	1.949043
-0.110107	-0.048340	1.095215	-5.992366	-1.801527	-1.832061	1.961162
-0.107422	-0.046143	1.082520	-5.061069	-2.167939	-2.213740	1.973222
-0.100586	-0.057617	1.055420	-5.038168	-0.274809	-1.435115	1.985179
-0.089844	-0.067871	1.043457	-5.419847	0.015267	-1.076336	1.996978
-0.095215	-0.050537	1.075195	-4.358779	3.282443	-1.748092	2.008843
-0.104980	-0.057617	1.101318	-5.091603	4.328244	0.549618	2.021075
-0.098877	-0.103027	1.125000	-4.526718	4.839695	-0.832061	2.033073
-0.107666	-0.068848	1.156006	-3.000000	1.786260	-3.610687	2.045044
-0.109375	-0.050049	1.119141	-3.671756	-0.374046	-2.106870	2.057222
-0.112549	-0.063721	1.104980	-4.335878	-1.366412	-2.839695	2.070263
-0.112549	-0.051025	1.096191	-4.206107	-1.732824	-2.282443	2.082534
-0.108887	-0.052734	1.066650	-4.320611	-0.633588	-2.320611	2.094735
-0.107910	-0.053467	1.053223	-4.259542	1.717557	-1.702290	2.107012
-0.114502	-0.053711	1.072510	-3.473282	3.763359	-1.496183	2.118909
-0.105957	-0.073975	1.082275	-2.503817	4.641221	-0.717557	2.130898
-0.114014	-0.091309	1.107666	-2.412214	4.366412	-2.786260	2.142912
-0.113525	-0.072266	1.147217	-3.534351	2.732824	-3.488550	2.155022
-0.115967	-0.044922	1.125244	-5.122137	0.534351	-3.870229	2.167124
-0.117188	-0.042969	1.090576	-5.213740	-0.190840	-2.175573	2.179039
-0.116455	-0.067871	1.083740	-5.061069	1.381679	-1.847328	2.190964
-0.120850	-0.057373	1.094238	-4.496183	2.435115	-2.068702	2.202915
-0.116699	-0.057129	1.110352	-3.251908	2.427481	-1.442748	2.214621
-0.115723	-0.077637	1.095703	-2.847328	1.671756	-1.847328	2.226931
-0.120117	-0.070801	1.098877	-2.625954	2.770992	-2.587786	2.238950
-0.123047	-0.061035	1.108398	-2.213740	3.534351	-2.618321	2.250904
-0.118896	-0.072510	1.080566	-1.687023	3.564885	-3.480916	2.262780
-0.133301	-0.051514	1.083496	-3.786260	4.656489	-3.412214	2.274990
-0.117432	-0.051758	1.101318	-5.297710	5.129771	-0.938931	2.286682
-0.118652	-0.045166	1.068359	-7.137405	8.396947	-0.282443	2.299134
-0.111328	-0.034912	1.111572	-6.725191	9.129771	1.267176	2.310821
-0.139893	-0.047363	1.176758	-5.374046	6.480916	3.198473	2.323188
-0.105469	-0.091553	1.175781	-6.809160	4.564885	5.450382	2.335096
-0.127686	-0.100586	1.168213	-5.648855	0.740458	1.870229	2.347065
-0.124512	-0.089355	1.135498	-7.854962	-2.213740	-0.190840	2.359007
-0.125977	-0.067383	1.120850	-6.709924	1.389313	-0.129771	2.371282
-0.136230	-0.070312	1.097656	-5.183206	0.320611	0.007634	2.382892
-0.140625	-0.068604	1.100098	-5.076336	0.458015	0.106870	2.394663
-0.134766	-0.095947	1.098145	-5.282443	1.778626	-1.061069	2.406276
-0.138672	-0.094727	1.097168	-5.717557	2.793893	-3.358779	2.418235
-0.132812	-0.066406	1.123047	-5.106870	2.328244	-4.610687	2.430244
-0.136719	-0.044678	1.151855	-3.396947	0.435115	-3.061069	2.442246
-0.138672	-0.053223	1.145996	-2.633588	-1.221374	-1.000000	2.454098
-0.134766	-0.072754	1.145508	-2.969466	-2.259542	-0.290076	2.466127
-0.133789	-0.067871	1.133789	-2.824427	-4.618321	-0.938931	2.478561
-0.128906	-0.076172	1.062256	-2.419847	-5.328244	-1.076336	2.490138
-0.119141	-0.062012	1.036377	-2.152672	-2.664122	-2.083969	2.501832
-0.117188	-0.062744	1.040039	-3.068702	0.732824	-0.366412	2.513482
-0.108154	-0.096924	1.095703	-3.854962	0.801527	-2.335878	2.524780
-0.119873	-0.091797	1.092529	-4.595420	0.557252	-4.015267	2.537247
-0.113281	-0.099121	1.106689	-3.603053	1.969466	-4.938931	2.549358
-0.126953	-0.064697	1.111816	-1.671756	0.244275	-5.793893	2.561410
-0.129395	-0.061523	1.093994	-1.320611	0.625954	-4.366412	2.573491
-0.131592	-0.063477	1.072998	-1.206107	-0.267176	-3.900763	2.585424
-0.128906	-0.063477	1.050049	-2.282443	-0.259542	-3.458015	2.597465
-0.127441	-0.079834	1.034424	-4.167939	1.381679	-2.366412	2.609334
-0.130615	-0.110352	1.026611	-6.183206	3.427481	-3.389313	2.621267
-0.119873	-0.117676	1.027344	-6.480916	6.526718	-5.328244	2.633179
-0.128174	-0.107910	1.093262	-4.343511	6.916031	-6.618321	2.645036
-0.131592	-0.115234	1.158936	0.725191	2.061069	-7.977099	2.657113
-0.127930	-0.077637	1.112549	1.931298	-0.007634	-9.656489	2.669290
-0.142334	-0.035645	1.078857	1.404580	1.618321	-8.320611	2.681125
-0.145508	-0.030518	1.070557	-1.290076	3.541985	-5.488550	2.692962
-0.143799	-0.052490	1.107666	-2.908397	2.770992	-4.175573	2.704726
-0.151367	-0.056885	1.099121	-2.900763	2.404580	-4.190840	2.716831
-0.147705	-0.053955	1.120117	-3.908397	3.106870	-4.068702	2.728785
-0.158691	-0.046631	1.150146	-3.206107	1.366412	-2.625954	2.740657
-0.141602	-0.067627	1.143799	-2.938931	-0.549618	-2.190840	2.752577
-0.147217	-0.057373	1.120850	-3.175573	-2.099237	-3.259542	2.764458
-0.145996	-0.051758	1.106445	-2.480916	-2.374046	-2.244275	2.776565
-0.147949	-0.050537	1.093262	-2.694656	-1.580153	-1.885496	2.788418
-0.148682	-0.051514	1.107666	-2.702290	-1.251908	-2.152672	2.800856
-0.155518	-0.054443	1.103027	-3.679389	-0.755725	-2.068702	2.813398
-0.143799	-0.042969	1.094482	-4.786260	-0.206107	-1.061069	2.825467
-0.148926	-0.054932	1.083008	-4.267176	1.251908	0.083969	2.838026
-0.141113	-0.051758	1.086670	-4.083969	1.137405	0.809160	2.849792
-0.145996	-0.071289	1.128418	-4.129771	0.167939	1.007634	2.859726
-0.138672	-0.072266	1.146484	-4.748092	-1.076336	0.526718	2.870381
-0.135254	-0.083984	1.152344	-3.244275	-4.274809	1.244275	2.880786
-0.136963	-0.108643	1.075684	-2.114504	-4.931298	-1.328244	2.891229
-0.142578	-0.069336	1.042969	-2.068702	-2.381679	-3.595420	2.901584
-0.142090	-0.048828	1.054688	-1.641221	-0.183206	-2.648855	2.912198
-0.138184	-0.064941	1.086670	-2.229008	0.633588	-1.839695	2.922626
-0.142334	-0.062988	1.108154	-3.045802	-0.076336	-2.183206	2.932999
-0.142822	-0.029053	1.118896	-3.473282	-1.244275	-0.305344	2.943330
-0.136963	-0.055176	1.073242	-3.404580	-0.427481	2.358779	2.953604
-0.130127	-0.089111	1.086670	-3.389313	0.480916	1.809160	2.963976
-0.136963	-0.105713	1.090332	-3.251908	0.320611	-0.633588	2.974152
-0.131836	-0.084473	1.093994	-2.885496	0.099237	-1.916031	2.984770
-0.133301	-0.080811	1.075928	-3.068702	-0.595420	-1.969466	2.994996
-0.131104	-0.086670	1.082275	-3.267176	-0.137405	-2.244275	3.005173
-0.141357	-0.088623	1.120850	-3.091603	-0.122137	-3.076336	3.015568
-0.137451	-0.076172	1.124023	-2.419847	-0.893130	-2.908397	3.025936
-0.148193	-0.063477	1.103760	-1.763359	-1.633588	-2.465649	3.036170
-0.145020	-0.056885	1.086670	-2.068702	-0.358779	-1.870229	3.046427
-0.144531	-0.058350	1.098145	-2.198473	0.473282	-1.977099	3.056746
-0.147461	-0.050781	1.101074	-1.992366	0.648855	-1.175573	3.067093
-0.140625	-0.046143	1.079590	-2.435115	2.152672	0.045802	3.077505
-0.145020	-0.058105	1.087158	-3.152672	4.190840	0.801527	3.087953
-0.139404	-0.078857	1.133057	-2.648855	3.412214	0.839695	3.098377
-0.142090	-0.067383	1.132080	-1.450382	0.648855	1.259542	3.108581
-0.138428	-0.063965	1.159668	0.435115	-0.206107	3.404580	3.118958
-0.135010	-0.094727	1.123535	2.358779	-2.450382	4.816794	3.129084
-0.140869	-0.109619	1.079590	1.603053	-3.954198	2.259542	3.139413
-0.138184	-0.089111	1.076904	0.694656	-3.274809	-0.381679	3.148885
-0.135498	-0.086914	1.063232	1.427481	-2.603053	-1.503817	3.158153
-0.137695	-0.068115	1.023438	0.297710	-1.717557	-2.603053	3.169010
-0.125977	-0.042969	1.007080	-1.908397	1.152672	-3.870229	3.179291
-0.134766	-0.043945	1.035156	-3.824427	4.053435	-1.732824	3.189584
-0.142334	-0.059570	1.071289	-2.793893	5.732824	-1.290076	3.199849
-0.136719	-0.067139	1.140137	-1.030534	5.656489	-1.091603	3.210157
-0.153564	-0.078369	1.175781	-2.511450	2.167939	-1.572519	3.220670
-0.156494	-0.078125	1.185547	-2.122137	-0.832061	-1.946565	3.230363
-0.153076	-0.078857	1.150391	-1.396947	-3.435115	-2.916031	3.240772
-0.151611	-0.042480	1.104736	-1.427481	-3.748092	-1.900763	3.251254
-0.153076	-0.040039	1.058350	-2.389313	-2.251908	-1.312977	3.261663
-0.137207	-0.054688	1.054199	-5.587786	-0.038168	-0.267176	3.272368
-0.149170	-0.065674	1.077393	-4.465649	3.137405	-0.374046	3.282755
-0.147949	-0.050049	1.069336	-5.778626	5.374046	-0.190840	3.293099
-0.142090	-0.048096	1.108643	-6.129771	6.610687	0.129771	3.303501
-0.153320	-0.043701	1.155029	-4.450382	5.022901	1.763359	3.313713
-0.147461	-0.079834	1.193848	-0.862595	0.282443	1.396947	3.324040
-0.150146	-0.080322	1.171631	-0.236641	-3.709924	0.877863	3.334035
-0.147461	-0.064941	1.125488	-2.480916	-5.946565	1.259542	3.344644
-0.135010	-0.076904	1.077881	-4.465649	-5.786260	0.671756	3.354786
-0.129150	-0.088867	1.044434	-5.190840	-3.541985	-0.412214	3.365115
-0.132812	-0.093262	1.053467	-5.664122	-0.282443	-1.603053	3.375746
-0.130615	-0.071045	1.056641	-4.961832	1.969466	-2.175573	3.386253
-0.141602	-0.050537	1.078125	-1.969466	2.587786	-1.267176	3.396360
-0.148438	-0.056885	1.106934	-2.641221	2.587786	0.099237	3.406248
-0.148926	-0.082031	1.122070	-1.465649	1.083969	-0.251908	3.415710
-0.146729	-0.083740	1.167725	-1.541985	-1.167939	-1.595420	3.425390
-0.151123	-0.086914	1.159424	-2.114504	-3.641221	-1.618321	3.436014
-0.142090	-0.085693	1.123291	-3.053435	-5.465649	-2.931298	3.446480
-0.146240	-0.060547	1.065186	-3.893130	-5.664122	-2.312977	3.457909
-0.141602	-0.079102	1.022705	-3.213740	-2.839695	-1.633588	3.468384
-0.145752	-0.082764	1.007324	-3.381679	0.656489	-2.679389	3.479223
-0.140625	-0.064209	1.010498	-3.587786	3.885496	-2.984733	3.489661
-0.139648	-0.066650	1.032471	-2.732824	6.083969	-2.389313	3.499932
-0.141846	-0.066650	1.056641	-3.030534	7.748092	-1.954198	3.510139
-0.146240	-0.093750	1.116699	-2.053435	6.755725	-2.328244	3.520561
-0.144775	-0.066406	1.135254	-1.045802	5.404580	-2.015267	3.530465
-0.151855	-0.065430	1.166504	-0.503817	1.961832	-1.885496	3.541113
-0.157227	-0.068604	1.161621	-0.488550	1.122137	-1.877863	3.551401
-0.151611	-0.065186	1.122803	-2.320611	-1.290076	-2.236641	3.561581
-0.151611	-0.042969	1.097168	-3.961832	-2.641221	-1.977099	3.571847
-0.156494	-0.050049	1.059570	-4.137405	-1.213740	-1.549618	3.582605
-0.152344	-0.059082	1.051025	1.519084	1.725191	-2.687023	3.592781
-0.149658	-0.061523	1.068604	-2.160305	3.977099	-3.450382	3.602328
-0.170166	-0.052246	1.063477	-2.366412	4.442748	-3.343511	3.613179
-0.161377	-0.069092	1.056396	-1.091603	5.099237	-2.778626	3.623767
-0.174316	-0.059326	1.106445	-0.045802	6.129771	-3.183206	3.634029
-0.176514	-0.060791	1.143311	-0.908397	5.045802	-2.633588	3.644352
-0.172607	-0.067139	1.175537	-2.618321	0.816794	-4.145038	3.654629
-0.173584	-0.027588	1.154785	-2.870229	-2.374046	-4.458015	3.664558
-0.171143	-0.022949	1.120117	-3.083969	-2.671756	-2.603053	3.675332
-0.184570	-0.028564	1.100586	-4.404580	-2.534351	-1.786260	3.685617
-0.165771	-0.023438	1.088867	-3.908397	-1.091603	-0.992366	3.695873
-0.162598	-0.041504	1.086914	-2.755725	0.541985	-0.076336	3.706209
-0.171631	-0.051758	1.067383	-1.847328	2.053435	-1.312977	3.716644
-0.165039	-0.001953	1.087891	-3.351145	1.763359	-0.580153	3.727135
-0.166016	-0.020752	1.082520	-4.847328	2.946565	2.045802	3.737428
-0.157959	-0.071289	1.117432	-5.274809	3.572519	2.282443	3.747903
-0.152832	-0.098145	1.127930	-5.236641	1.977099	-0.931298	3.758094
-0.160156	-0.040527	1.136475	-5.603053	-0.236641	-0.160305	3.768192
-0.162109	-0.044189	1.099609	-4.496183	-0.244275	1.748092	3.778567
-0.153320	-0.067871	1.094482	-2.748092	0.709924	3.167939	3.788050
-0.153564	-0.087158	1.089600	-2.885496	-0.007634	2.351145	3.798405
-0.148438	-0.075439	1.075195	-3.160305	-0.633588	1.465649	3.808917
-0.153320	-0.069824	1.062256	-4.251908	1.022901	1.335878	3.819426
-0.166016	-0.072021	1.069092	-3.297710	3.259542	1.167939	3.829913
-0.162842	-0.067383	1.092773	-4.114504	2.610687	1.824427	3.840283
-0.170898	-0.074707	1.112305	-3.969466	0.671756	2.221374	3.850401
-0.159912	-0.084473	1.115234	-2.977099	-0.389313	1.419847	3.860769
-0.156738	-0.081299	1.097656	-3.679389	-2.297710	0.992366	3.871322
-0.145752	-0.084717	1.078125	-4.145038	-3.404580	-0.053435	3.881661
-0.146484	-0.069092	1.057129	-3.709924	-3.114504	-0.320611	3.892165
-0.147705	-0.077148	1.042236	-3.045802	-1.267176	0.488550	3.902373
-0.144531	-0.080078	1.043457	-3.236641	1.000000	-0.022901	3.912763
-0.147461	-0.070801	1.038330	-3.671756	3.534351	-0.435115	3.925448
-0.156494	-0.069580	1.072510	-4.091603	5.122137	-0.870229	3.935799
-0.156982	-0.055664	1.108154	-3.770992	4.244275	-0.473282	3.946164
-0.158936	-0.089600	1.122559	-3.396947	3.732824	-0.954198	3.956583
-0.166504	-0.066406	1.160156	-3.099237	1.755725	-1.580153	3.967183
-0.168213	-0.077148	1.143555	-2.259542	-0.954198	-1.038168	3.977485
-0.172119	-0.065674	1.134766	-2.526718	-2.992366	-0.778626	3.987778
-0.165283	-0.065430	1.103027	-3.030534	-2.938931	-0.305344	3.998011
-0.164551	-0.063721	1.053467	-5.160305	2.183206	-0.198473	4.008472
-0.164795	-0.070068	1.086426	-4.572519	-2.038168	-1.114504	4.018976
-0.168457	-0.065430	1.016113	-4.687023	-0.763359	-1.022901	4.029307
-0.166016	-0.053223	1.027100	-5.083969	2.709924	-0.412214	4.039716
-0.163086	-0.066406	1.057129	-3.984733	3.526718	0.007634	4.049995
-0.165771	-0.072266	1.104492	-3.061069	4.709924	-0.541985	4.060096
-0.173340	-0.068359	1.125488	-2.297710	3.106870	0.099237	4.071127
-0.171387	-0.067383	1.141357	-2.335878	0.916031	-0.648855	4.081824
-0.173096	-0.058594	1.140869	-1.465649	-0.114504	0.473282	4.092279
-0.166992	-0.080078	1.096680	-1.297710	-0.755725	0.083969	4.102914
-0.169678	-0.073242	1.091064	-2.687023	-1.404580	-1.015267	4.113402
-0.166260	-0.067383	1.077881	-3.664122	-1.259542	-1.412214	4.124000
-0.166504	-0.050293	1.071289	-4.190840	-0.244275	-1.167939	4.134591
-0.163086	-0.057373	1.074951	-4.931298	1.328244	-0.679389	4.144849
-0.167236	-0.062012	1.094482	-3.793893	1.946565	-0.587786	4.155106
-0.165283	-0.072266	1.101318	-2.541985	2.007634	-0.519084	4.165559
-0.170410	-0.062744	1.094238	-2.122137	1.755725	-0.687023	4.175754
-0.169678	-0.067383	1.117920	-2.595420	1.236641	-0.931298	4.185963
-0.171631	-0.064209	1.125000	-2.183206	-0.732824	-1.290076	4.196571
-0.171387	-0.070068	1.115479	-2.259542	-2.045802	-1.473282	4.206688
-0.169189	-0.062256	1.095215	-3.282443	-2.473282	-1.702290	4.217105
-0.171143	-0.062988	1.083252	-3.587786	-1.625954	-1.267176	4.227515
-0.173584	-0.063232	1.057129	-3.877863	-0.732824	-1.496183	4.237955
-0.167236	-0.054199	1.054932	-3.992366	0.114504	-1.145038	4.248365
-0.168945	-0.065186	1.055664	-3.145038	1.267176	-0.748092	4.258541
-0.160645	-0.073242	1.074219	-2.213740	2.175573	-1.274809	4.269140
-0.185547	-0.078857	1.124023	-1.977099	1.343511	-1.923664	4.279305
-0.171143	-0.077881	1.135010	-1.938931	0.267176	-1.931298	4.289832
-0.170654	-0.074463	1.120605	-2.541985	-1.328244	-2.320611	4.300163
-0.177979	-0.070801	1.099365	-1.625954	-1.648855	-2.229008	4.310732
-0.176758	-0.071045	1.090088	1.358779	-1.106870	-1.725191	4.321122
-0.181152	-0.074463	1.061523	3.335878	-0.137405	-1.076336	4.331299
-0.182129	-0.063721	1.052490	4.412214	0.801527	-1.236641	4.341811
-0.134277	0.003418	0.872803	5.099237	12.106870	-0.244275	4.351845
-0.187256	-0.031494	1.104736	2.480916	6.366412	-0.198473	4.362175
-0.164795	-0.038818	1.011719	-2.068702	6.839695	-0.221374	4.372756
-0.174805	-0.025635	1.060791	-5.343511	7.030534	-1.343511	4.383075
-0.175781	-0.026123	1.083984	-6.236641	2.282443	-2.221374	4.393145
-0.177246	-0.004395	1.071533	-2.816794	4.580153	-0.862595	4.403612
-0.184082	-0.013184	1.123535	-0.160305	4.129771	0.702290	4.413787
-0.188232	-0.024414	1.139404	2.236641	4.152672	1.625954	4.423936
-0.189697	-0.042969	1.150879	3.534351	2.083969	2.114504	4.433634
-0.187256	-0.040527	1.114990	3.076336	0.557252	2.351145	4.443452
-0.186279	-0.031494	1.094238	0.068702	-0.511450	3.083969	4.454284
-0.184814	-0.043701	1.090088	-2.603053	0.381679	2.893130	4.464468
-0.176758	-0.056885	1.074707	-3.183206	0.931298	2.931298	4.475072
-0.185791	-0.063232	1.067871	-3.435115	2.526718	2.396947	4.484953
-0.184814	-0.062256	1.078125	-3.923664	4.282443	1.320611	4.495464
-0.196289	-0.082764	1.130127	-2.114504	5.053435	0.908397	4.505484
-0.195068	-0.073975	1.159424	-1.427481	2.725191	-0.297710	4.515931
-0.202393	-0.058105	1.153076	-2.564885	-0.435115	-0.099237	4.526399
-0.185303	-0.063721	1.144043	-3.458015	-2.244275	-0.450382	4.536690
-0.182617	-0.050781	1.119629	-3.320611	-4.000000	-0.473282	4.547085
-0.182861	-0.049072	1.098145	-3.877863	-3.786260	-1.954198	4.557412
-0.180908	-0.065918	1.085938	-2.496183	-1.793893	-0.221374	4.567980
-0.184814	-0.055908	1.062256	-2.786260	0.282443	0.000000	4.578549
-0.175049	-0.064941	1.058105	-4.557252	2.251908	-0.519084	4.588862
-0.178467	-0.064209	1.087646	-5.198473	3.580153	-0.519084	4.599170
-0.184814	-0.073730	1.108887	-6.129771	4.099237	-0.900763	4.609597
-0.185547	-0.082031	1.125244	-4.419847	1.893130	-2.229008	4.620018
-0.186768	-0.075195	1.134521	-4.366412	-0.236641	-3.396947	4.630442
-0.185059	-0.047607	1.095947	-3.076336	-1.282443	-2.541985	4.640718
-0.191162	-0.037354	1.120605	-3.511450	-2.259542	-1.641221	4.651196
-0.186523	-0.049805	1.072998	-3.557252	-2.938931	-0.702290	4.661182
-0.183105	-0.062500	1.056885	-4.175573	-1.503817	-0.656489	4.671629
-0.188477	-0.062988	1.060547	-4.671756	-0.496183	-0.748092	4.682143
-0.191406	-0.070801	1.077637	-4.030534	0.061069	-1.183206	4.692301
-0.181396	-0.060791	1.066650	-4.694656	-0.374046	-1.832061	4.703142
-0.173096	-0.052979	1.057129	-5.259542	-0.099237	-1.793893	4.713895
-0.175293	-0.063477	1.051514	-3.824427	1.061069	-1.122137	4.724539
-0.175293	-0.077148	1.096436	-2.122137	0.748092	-1.175573	4.735049
-0.180908	-0.061035	1.084229	-2.488550	-0.816794	-1.778626	4.745636
-0.179199	-0.062744	1.080811	-2.053435	-0.763359	-1.549618	4.756121
-0.176758	-0.081543	1.081543	-5.847328	-0.877863	-2.580153	4.766267
-0.187256	-0.066895	1.064941	-5.893130	-0.595420	-2.770992	4.777245
-0.186768	-0.073242	1.046631	-5.664122	-0.106870	-3.167939	4.787250
-0.183105	-0.061523	1.046875	-4.984733	0.442748	-3.435115	4.796688
-0.183350	-0.047852	1.067871	-4.770992	0.679389	-2.877863	4.807425
-0.178711	-0.072266	1.089844	-2.893130	2.213740	-2.061069	4.818001
-0.191162	-0.071045	1.130127	-2.763359	-0.381679	-3.312977	4.828400
-0.192627	-0.046143	1.115967	-2.862595	-1.641221	-3.007634	4.838766
-0.195068	-0.043701	1.120117	-2.984733	-2.221374	-2.083969	4.849142
-0.195312	-0.039062	1.072510	-3.114504	-3.908397	-1.053435	4.859449
-0.195557	-0.037598	1.063721	-2.572519	-0.938931	-0.015267	4.869795
-0.199707	-0.056641	1.044678	-0.977099	1.229008	0.511450	4.880334
-0.185791	-0.058105	1.060059	-1.450382	2.954198	0.290076	4.890484
-0.191162	-0.066650	1.084961	-2.641221	2.633588	-1.061069	4.900970
-0.189209	-0.060059	1.101074	-1.496183	2.267176	-1.435115	4.911319
-0.188721	-0.043701	1.094727	-2.358779	1.778626	-1.786260	4.921868
-0.190430	-0.024414	1.098389	-2.251908	0.946565	-1.618321	4.931562
-0.194580	-0.022217	1.098389	-0.213740	1.389313	0.083969	4.941457
-0.197754	-0.072510	1.103271	0.038168	1.053435	0.625954	4.952339
-0.192871	-0.062744	1.113525	-1.045802	-1.106870	-2.221374	4.962574
-0.194824	-0.045898	1.072998	-2.274809	-1.458015	-2.847328	4.973146
-0.190918	-0.034912	1.059082	-3.755725	-0.236641	-2.732824	4.983470
-0.184570	-0.038086	1.069580	-4.389313	1.427481	-2.412214	4.993553
-0.197510	-0.040283	1.094971	-4.603053	1.557252	-2.000000	5.003757
-0.200684	-0.041016	1.124268	-3.320611	0.641221	-1.557252	5.014086
-0.196289	-0.037109	1.128174	-2.740458	-0.236641	-0.618321	5.024533
-0.196777	-0.044678	1.111084	-3.061069	-0.458015	-0.022901	5.034695
-0.200195	-0.054932	1.113037	-2.374046	-1.954198	-0.648855	5.044893
-0.202148	-0.033691	1.104492	-3.465649	-3.519084	-0.572519	5.055118
-0.194580	-0.035889	1.082031	-4.900763	-2.099237	0.404580	5.065326
-0.193359	-0.063965	1.105957	-4.404580	-1.893130	0.862595	5.075617
-0.196045	-0.068604	1.098145	-3.938931	-1.335878	-0.076336	5.085194
-0.192383	-0.063965	1.091309	-6.786260	-2.328244	-0.183206	5.095902
-0.187256	-0.060059	1.096436	-5.984733	-1.656489	-0.358779	5.106391
-0.187744	-0.058838	1.079590	-5.656489	-2.061069	0.320611	5.116628
-0.184326	-0.078857	1.095459	-5.969466	-3.213740	-0.152672	5.126995
-0.179688	-0.067383	1.062988	-5.335878	-3.076336	-0.786260	5.137289
-0.180420	-0.063965	1.081055	-2.732824	-1.717557	1.282443	5.147678
-0.179688	-0.091797	1.130859	-3.717557	-2.572519	0.030534	5.157955
-0.178955	-0.088379	1.104004	-4.786260	-4.129771	-0.839695	5.168559
-0.180420	-0.081543	1.090332	-4.389313	-3.778626	-1.763359	5.178870
-0.178711	-0.059082	1.076904	-5.068702	-3.793893	-1.832061	5.189303
-0.178467	-0.062744	1.068359	-4.305344	-3.167939	-1.282443	5.199356
-0.186279	-0.050049	1.053223	-4.427481	-2.740458	-0.625954	5.209831
-0.184570	-0.077393	1.057861	-4.374046	-0.396947	1.946565	5.220475
-0.180420	-0.073730	1.065674	-3.862595	-1.244275	-1.709924	5.230865
-0.180664	-0.062012	1.058838	-4.068702	-0.618321	-1.854962	5.240759
-0.179443	-0.086426	1.064697	-4.152672	0.526718	-2.061069	5.251362
-0.175049	-0.080811	1.086426	-5.038168	-1.312977	-3.687023	5.261435
-0.177734	-0.091064	1.070312	-7.580153	-0.465649	-4.916031	5.271969
-0.172119	-0.082031	1.087891	-6.312977	-0.618321	-3.809160	5.282272
-0.178711	-0.077881	1.098877	-4.328244	-0.267176	-3.900763	5.292654
-0.183838	-0.056396	1.085938	-4.297710	-0.954198	-3.969466	5.302716
-0.190430	-0.057129	1.081299	-5.114504	-1.290076	-3.541985	5.313124
-0.183105	-0.052734	1.081543	-4.916031	-0.854962	-3.274809	5.323789
-0.187500	-0.056885	1.048096	-2.030534	0.236641	-2.427481	5.334502
-0.195801	-0.048096	1.105713	0.496183	0.809160	-1.099237	5.345468
-0.199707	-0.054443	1.098389	-1.618321	-0.282443	-0.648855	5.355852
-0.194824	-0.053711	1.073486	-4.259542	-1.045802	-0.862595	5.366277
-0.190918	-0.059326	1.052734	-2.969466	0.541985	-0.694656	5.377211
-0.186279	-0.054688	1.053955	-2.809160	2.229008	-1.328244	5.387504
-0.188965	-0.043213	1.080811	-3.511450	3.030534	-0.923664	5.398381
-0.195557	-0.042969	1.115234	-3.480916	3.229008	-0.832061	5.408979
-0.190430	-0.066162	1.134033	-3.885496	1.603053	-0.839695	5.419349
-0.198486	-0.055664	1.147461	-3.847328	0.343511	-1.885496	5.429507
-0.197021	-0.051270	1.133057	-1.404580	-0.465649	-1.580153	5.440137
-0.197021	-0.060059	1.145996	-1.083969	-1.603053	-1.893130	5.450399
-0.196533	-0.050781	1.125244	-2.290076	-2.931298	-1.984733	5.460755
-0.195557	-0.050537	1.105957	-4.580153	-2.335878	-2.618321	5.471470
-0.201904	-0.046143	1.106689	-5.358779	-3.206107	-2.458015	5.481455
-0.204102	-0.044678	1.107910	-6.152672	-3.496183	-2.030534	5.491793
-0.197754	-0.043701	1.109619	-7.106870	-3.961832	-1.167939	5.502321
-0.216553	-0.053955	1.105713	-6.404580	-4.748092	-1.175573	5.511865
-0.201172	-0.033691	1.110840	-4.923664	-5.862595	-0.625954	5.522449
-0.194336	-0.044922	1.089355	-4.557252	-6.000000	0.694656	5.532272
-0.197510	-0.062012	1.055908	-4.725191	-4.557252	0.083969	5.541740
-0.193848	-0.043945	1.047607	-4.190840	-2.725191	0.541985	5.551914
-0.193359	-0.058594	1.088623	-5.022901	-2.007634	0.992366	5.562760
-0.193359	-0.055176	1.081543	-4.862595	-4.374046	0.221374	5.573222
-0.185547	-0.047119	1.059814	-5.587786	-4.572519	0.045802	5.583491
-0.177490	-0.056152	1.036621	-7.801527	-2.885496	1.061069	5.593905
-0.172607	-0.072510	1.034668	-4.358779	-0.175573	1.587786	5.604454
-0.174316	-0.067627	1.087891	-3.740458	-1.091603	0.839695	5.614631
-0.176025	-0.048828	1.069336	-4.656489	-1.916031	1.389313	5.625306
-0.172363	-0.030518	1.035645	-10.946565	11.893130	5.404580	5.635575
-0.170410	-0.076660	1.087891	-6.015267	-1.778626	2.587786	5.645816
-0.183838	-0.085449	1.031250	-5.908397	-1.900763	1.832061	5.656046
-0.180908	-0.076172	1.046387	-6.167939	0.053435	0.404580	5.666616
-0.181641	-0.074951	1.059326	-5.106870	0.290076	0.297710	5.677049
-0.174072	-0.077393	1.049072	-4.358779	3.854962	0.152672	5.687192
-0.185791	-0.084473	1.105469	-5.129771	1.946565	-1.229008	5.697445
-0.178467	-0.064453	1.053711	-4.366412	-0.549618	-0.251908	5.707451
-0.181396	-0.085938	1.042480	-3.679389	1.328244	-0.106870	5.717034
-0.185791	-0.080078	1.063965	-4.381679	0.351145	-1.267176	5.726506
-0.181885	-0.076660	1.035400	-4.503817	1.526718	-1.435115	5.737783
-0.189697	-0.082520	1.072998	-2.992366	2.625954	-0.984733	5.748093
-0.186279	-0.087891	1.101562	-3.465649	1.328244	-1.839695	5.758442
-0.192871	-0.054199	1.104004	-5.473282	-0.061069	-2.320611	5.768829
-0.186768	-0.076904	1.102051	-4.473282	0.206107	-1.450382	5.779547
-0.185059	-0.075195	1.088623	-3.274809	0.229008	-1.900763	5.789766
-0.191406	-0.063721	1.091309	-3.656489	0.488550	-2.221374	5.799470
-0.185059	-0.047607	1.054932	-5.114504	0.480916	-2.389313	5.810038
-0.189697	-0.043701	1.044922	-4.763359	2.664122	-0.435115	5.820590
-0.182129	-0.074463	1.069580	-3.305344	4.068702	0.244275	5.830707
-0.185547	-0.073486	1.076416	-3.435115	3.679389	-0.053435	5.841252
-0.193359	-0.068604	1.104736	-3.854962	5.419847	0.038168	5.851538
-0.185547	-0.068848	1.104004	-5.519084	9.206107	0.816794	5.861649
-0.208008	-0.105225	1.169678	-4.709924	1.679389	-2.854962	5.872463
-0.204590	-0.065186	1.152344	-5.320611	-2.435115	-3.503817	5.882792
-0.199707	-0.044434	1.125000	-5.267176	-3.641221	-3.198473	5.893025
-0.195557	-0.048340	1.084961	-4.427481	-2.312977	-1.129771	5.903128
-0.198730	-0.056641	1.093994	-3.572519	-0.702290	-0.374046	5.913627
-0.189453	-0.063477	1.088867	-3.198473	0.732824	0.435115	5.927695
-0.197266	-0.074951	1.096680	-4.328244	0.801527	0.099237	5.938117
-0.188721	-0.092773	1.101318	-3.671756	1.114504	-0.145038	5.948316
-0.195068	-0.102295	1.091797	-4.175573	1.488550	-1.145038	5.958599
-0.191895	-0.099121	1.103271	-4.396947	0.267176	-2.076336	5.969146
-0.192871	-0.091309	1.115967	-4.061069	-1.053435	-2.519084	5.979813
-0.191650	-0.084229	1.121582	-5.000000	-2.167939	-3.236641	5.990436
-0.197266	-0.064697	1.122070	-4.297710	-2.503817	-2.122137	6.000665
-0.191406	-0.066162	1.124268	-3.580153	-3.190840	-0.931298	6.011094
-0.196289	-0.074219	1.090332	-3.236641	-3.603053	-0.335878	6.021447
-0.190186	-0.090088	1.071533	-3.549618	-2.412214	-0.274809	6.032482
-0.194336	-0.107422	1.062744	-4.358779	-1.770992	-1.793893	6.042694
-0.186523	-0.085449	1.052734	-4.740458	-1.259542	-2.862595	6.053403
-0.187988	-0.085938	1.068359	-4.984733	0.030534	-2.633588	6.063705
-0.181152	-0.070801	1.075684	-3.045802	-0.587786	-2.099237	6.074436
-0.187012	-0.086182	1.096680	-1.534351	-0.687023	-1.801527	6.084744
-0.196045	-0.093262	1.088379	-2.511450	-1.114504	-1.801527	6.095199
-0.186035	-0.094971	1.118164	-2.824427	-2.480916	-3.053435	6.105362
-0.185547	-0.080566	1.114746	-3.625954	-5.534351	-3.541985	6.115976
-0.192871	-0.065918	1.104492	-5.488550	-7.122137	-2.992366	6.126400
-0.187744	-0.072021	1.069336	-6.526718	-7.175573	-1.801527	6.136511
-0.187988	-0.077637	1.032471	-7.816794	-6.396947	-2.503817	6.146808
-0.176270	-0.068848	1.000732	-7.229008	-2.877863	-2.190840	6.157003
-0.176758	-0.081299	1.016357	-5.793893	-0.954198	-2.312977	6.167629
-0.181396	-0.082031	1.024414	-4.824427	1.244275	-2.435115	6.177647
-0.183838	-0.103516	1.068604	-2.450382	3.381679	-2.786260	6.189144
-0.183105	-0.094238	1.112793	-1.656489	2.312977	-4.557252	6.199623
-0.191406	-0.069824	1.114014	-2.473282	-0.030534	-4.610687	6.210044
-0.192383	-0.080811	1.128906	-2.396947	-0.893130	-4.114504	6.220843
-0.195557	-0.061768	1.107178	-2.267176	-3.137405	-4.687023	6.231124
-0.191406	-0.043457	1.051758	-3.824427	-2.977099	-4.000000	6.241543
-0.193359	-0.038330	1.048096	-2.618321	-0.572519	-1.893130	6.251857
-0.200195	-0.072510	1.041260	-2.847328	1.007634	-1.679389	6.262195
-0.200195	-0.066895	1.066406	-4.145038	1.183206	-2.152672	6.272756
-0.194824	-0.077393	1.093994	-4.862595	1.618321	-2.251908	6.282886
-0.197510	-0.080811	1.128418	-6.740458	0.000000	-3.343511	6.293361
-0.194580	-0.067627	1.125244	-7.641221	-2.427481	-2.465649	6.303524
-0.198486	-0.072998	1.127441	-6.015267	-3.847328	-2.366412	6.313954
-0.193604	-0.073730	1.105469	-4.045802	-4.106870	-2.496183	6.324270
-0.199707	-0.072510	1.108887	-3.335878	-3.564885	-2.541985	6.334730
-0.196289	-0.055908	1.062988	-3.137405	-2.312977	-2.160305	6.344877
-0.192627	-0.058105	1.042480	-3.679389	-0.213740	-1.839695	6.354476
-0.201416	-0.051025	1.033936	-4.213740	2.236641	-0.900763	6.364732
-0.196045	-0.065918	1.075684	-5.328244	3.458015	-0.427481	6.375303
-0.200439	-0.075439	1.101318	-6.351145	2.396947	-0.045802	6.385734
-0.195801	-0.079590	1.128662	-7.564885	-0.206107	-0.748092	6.396346
-0.190430	-0.087158	1.146240	-6.312977	-2.755725	-1.106870	6.406516
-0.201660	-0.084717	1.150879	-3.374046	-4.893130	-1.083969	6.417195
-0.195068	-0.062988	1.130859	-3.526718	-8.167939	-0.671756	6.427274
-0.190430	-0.061279	1.091064	-3.351145	-8.137405	0.992366	6.437907
-0.189453	-0.078125	1.087402	-3.000000	-8.648855	2.030534	6.448153
-0.187256	-0.091797	1.075684	-3.633588	-13.656489	2.320611	6.458696
-0.186523	-0.091064	1.072266	-5.473282	-9.763359	1.687023	6.469018
-0.186279	-0.066406	1.105225	-7.251908	-10.297710	1.877863	6.479498
-0.189209	-0.097656	1.171143	6.984733	-2.977099	-0.419847	6.490031
-0.203857	-0.115723	1.092041	-7.885496	-18.442748	1.763359	6.500392
-0.170410	-0.111084	1.101807	-5.099237	-17.450382	-2.748092	6.510737
-0.159180	-0.089600	1.090576	-2.496183	-18.091603	-3.396947	6.521140
-0.165527	-0.046875	1.093994	2.557252	-17.267176	-2.519084	6.531309
-0.135742	-0.086426	1.068604	5.961832	-15.816794	-1.664122	6.541630
-0.177734	-0.082764	1.028809	0.938931	-16.435115	-1.870229	6.552337
-0.208008	-0.066162	1.071045	0.068702	-13.473282	-3.267176	6.562791
-0.172363	-0.070557	1.104492	-1.206107	-10.389313	-4.931298	6.573044
-0.158936	-0.045166	1.083984	0.022901	-12.580153	-3.564885	6.583682
-0.158447	-0.063721	1.093994	-0.229008	-11.847328	-1.442748	6.597491
-0.150879	-0.079590	1.104736	-1.519084	-9.496183	-1.832061	6.607832
-0.150146	-0.079834	1.092285	-0.664122	-7.625954	-2.557252	6.618488
-0.149170	-0.057129	1.065918	-1.893130	-6.183206	-1.519084	6.629479
-0.153809	-0.075928	1.062500	-2.206107	-4.519084	0.022901	6.639687
-0.141357	-0.091797	1.045166	-2.664122	-3.251908	-0.030534	6.650168
-0.130371	-0.081055	1.068115	-3.534351	-2.633588	-1.351145	6.660720
-0.139404	-0.064209	1.029297	-3.656489	1.015267	0.175573	6.671251
-0.140137	-0.102783	1.068848	-3.801527	4.580153	0.824427	6.682161
-0.160400	-0.112793	1.153320	-4.580153	2.450382	-1.595420	6.692565
-0.145020	-0.075439	1.169678	-3.954198	1.251908	-1.038168	6.702874
-0.140137	-0.098389	1.180420	-4.320611	-3.076336	-0.770992	6.712771
-0.138672	-0.106445	1.129639	-5.847328	-4.664122	-1.824427	6.722122
-0.143555	-0.083984	1.098877	-6.702290	-2.862595	-2.992366	6.732426
-0.145996	-0.069580	1.083740	-6.580153	-1.519084	-1.656489	6.742086
-0.131836	-0.077881	1.026855	-7.847328	-0.824427	-1.213740	6.753336
-0.145508	-0.073242	1.035889	-6.908397	3.526718	-1.381679	6.763580
-0.145020	-0.108398	1.049805	-5.160305	5.877863	-2.129771	6.773923
-0.139160	-0.134521	1.040527	-5.076336	9.198473	-5.931298	6.784567
-0.176514	-0.156006	1.207031	0.114504	5.183206	-9.267176	6.794781
-0.162842	-0.106201	1.233887	1.519084	-1.557252	-7.587786	6.805051
-0.150635	-0.097168	1.142822	-1.152672	-8.664122	-7.419847	6.815539
-0.137451	-0.062500	1.016113	-3.496183	-9.709924	-8.022901	6.825542
-0.141113	-0.048828	1.029297	-5.366412	-1.893130	-4.580153	6.836105
-0.136475	-0.108887	1.017578	0.351145	0.549618	-4.511450	6.846399
-0.156006	-0.092773	1.092041	-2.274809	3.259542	-5.213740	6.856881
-0.151855	-0.087646	1.187256	-1.206107	1.519084	-4.519084	6.867202
-0.162109	-0.067139	1.193604	-1.709924	-4.221374	-3.633588	6.877735
-0.148682	-0.088135	1.116699	-2.427481	-6.526718	-1.351145	6.888200
-0.127930	-0.092285	1.021484	-3.801527	-3.770992	-2.832061	6.898388
-0.142822	-0.078125	1.048340	-5.091603	-1.351145	-3.442748	6.908243
-0.143799	-0.084961	1.077393	-7.244275	-0.549618	-3.396947	6.918632
-0.145020	-0.083984	1.031494	-7.022901	1.366412	-3.221374	6.929090
-0.136719	-0.090820	1.041504	-5.473282	3.213740	-3.122137	6.939402
-0.146484	-0.070557	1.096191	-3.160305	4.778626	-2.725191	6.949697
-0.149414	-0.082275	1.135986	-1.045802	3.251908	-1.725191	6.959954
-0.152588	-0.083496	1.118408	-0.725191	1.419847	-2.244275	6.970208
-0.160400	-0.078369	1.077148	-2.045802	1.549618	-1.870229	6.980628
-0.149170	-0.096924	1.091797	-2.030534	2.129771	-2.015267	6.990695
-0.154297	-0.086670	1.073975	-3.931298	1.183206	-3.206107	7.000786
-0.154541	-0.086426	1.053955	-4.633588	2.137405	-2.748092	7.010224
-0.152588	-0.085205	1.058350	-5.801527	3.496183	-2.877863	7.020691
-0.154785	-0.091309	1.062988	-5.503817	5.412214	-3.167939	7.031539
-0.151855	-0.079834	1.067871	-5.251908	6.458015	-3.106870	7.041618
-0.154785	-0.071045	1.069824	-4.488550	7.862595	-3.396947	7.051914
-0.153076	-0.082275	1.132080	-5.572519	6.961832	-2.580153	7.062298
-0.162109	-0.102051	1.199951	-2.083969	2.732824	-3.076336	7.072424
-0.164551	-0.103271	1.173828	-4.076336	-2.328244	-5.015267	7.083093
-0.165039	-0.077148	1.128174	-4.809160	-3.106870	-5.946565	7.093220
-0.166016	-0.047119	1.084961	-4.137405	-1.832061	-4.923664	7.103607
-0.154541	-0.059326	1.050781	-3.717557	0.412214	-3.671756	7.114179
-0.167725	-0.046875	1.044922	-2.221374	3.648855	-2.343511	7.124321
-0.176514	-0.058105	1.006348	-2.862595	7.129771	-0.152672	7.135044
-0.159912	-0.090332	0.997314	-3.870229	12.167939	-0.969466	7.145210
-0.170898	-0.098633	1.110596	-4.000000	12.374046	-2.045802	7.155535
-0.160889	-0.130127	1.216553	-2.709924	7.267176	-2.587786	7.165877
-0.163330	-0.119873	1.226318	-3.274809	-0.938931	-5.343511	7.176058
-0.133057	-0.058105	1.051025	1.633588	-13.450382	-7.251908	7.186713
-0.158936	-0.083740	1.093262	-2.396947	-5.419847	-5.511450	7.196879
-0.158936	-0.071533	1.111816	-2.129771	-3.427481	-4.816794	7.207264
-0.150635	-0.090088	1.055664	-1.045802	-2.320611	-4.045802	7.217693
-0.155518	-0.089600	1.037842	-1.458015	-0.748092	-5.480916	7.228440
-0.148193	-0.076416	1.002686	-2.488550	1.564885	-5.923664	7.238862
-0.155518	-0.116943	1.104736	-1.717557	3.755725	-7.076336	7.249346
-0.142334	-0.079102	1.140381	-0.183206	-0.435115	-8.320611	7.259300
-0.164062	-0.086670	1.161621	-0.679389	-1.885496	-6.229008	7.270373
-0.160889	-0.099609	1.106689	1.053435	-4.671756	-6.465649	7.280661
-0.169922	-0.076172	1.115479	1.213740	-2.977099	-5.343511	7.290888
-0.170166	-0.071777	1.118408	2.305344	-3.748092	-4.022901	7.301244
-0.169189	-0.077148	1.142334	2.557252	-6.160305	-3.900763	7.311809
-0.162842	-0.093262	1.094971	0.267176	-8.251908	-3.007634	7.322298
-0.156494	-0.093994	1.064209	-1.847328	-8.702290	-4.068702	7.332824
-0.153809	-0.081543	1.057373	-2.167939	-4.694656	-4.061069	7.343375
-0.150146	-0.075439	1.044678	-2.083969	-2.236641	-2.717557	7.353536
-0.152344	-0.067871	1.020996	-2.068702	1.427481	-1.488550	7.364014
-0.156006	-0.079346	1.062012	-1.458015	3.679389	-0.312977	7.374314
-0.156738	-0.111328	1.106445	-0.022901	3.977099	-0.618321	7.384955
-0.158936	-0.118896	1.152832	-0.198473	0.519084	-2.335878	7.395504
-0.163330	-0.123291	1.166016	-0.839695	-5.496183	-4.938931	7.405715
-0.154053	-0.081543	1.120117	-1.557252	-6.557252	-4.213740	7.416100
-0.143555	-0.096436	1.083740	-1.320611	-5.740458	-4.343511	7.426253
-0.146240	-0.093018	1.047119	-1.213740	-4.213740	-4.076336	7.436916
-0.156494	-0.102783	1.032715	-0.435115	-3.076336	-4.984733	7.447213
-0.151123	-0.091797	1.010498	-1.007634	-0.145038	-5.534351	7.457207
-0.153320	-0.076660	1.019775	-2.702290	5.152672	-5.061069	7.466823
-0.159668	-0.076172	1.066895	-4.755725	7.809160	-4.091603	7.476093
-0.166504	-0.091553	1.147461	-4.099237	6.022901	-4.465649	7.487255
-0.176270	-0.090088	1.177246	-1.145038	2.198473	-3.809160	7.497655
-0.169189	-0.087891	1.167969	-0.717557	-0.679389	-3.946565	7.508013
-0.162842	-0.065186	1.154053	0.198473	-4.282443	-3.725191	7.518320
-0.171875	-0.068359	1.127930	-0.015267	-4.717557	-1.870229	7.528677
-0.165283	-0.071777	1.076660	-0.656489	-3.847328	-1.167939	7.539171
-0.162598	-0.065430	1.035156	-2.526718	-0.793893	-0.366412	7.549575
-0.157715	-0.074463	1.036377	-4.557252	2.442748	-0.099237	7.559876
-0.160645	-0.088135	1.061523	-6.442748	5.061069	-0.946565	7.570081
-0.162354	-0.083496	1.114746	-5.938931	4.725191	-2.442748	7.580557
-0.183838	-0.093994	1.175293	-4.801527	3.083969	-2.770992	7.591015
-0.168457	-0.093994	1.194824	-3.740458	0.259542	-3.916031	7.601364
-0.166504	-0.075928	1.172607	-2.801527	-3.251908	-4.786260	7.611675
-0.159912	-0.074951	1.122070	-2.732824	-3.068702	-4.664122	7.622014
-0.162354	-0.083496	1.122070	-2.687023	-2.992366	-5.274809	7.631772
-0.162598	-0.077148	1.130615	-2.488550	-4.526718	-5.946565	7.641440
-0.158203	-0.062500	1.059814	-2.748092	-4.267176	-5.938931	7.651662
-0.158691	-0.052490	1.040771	-2.870229	-2.015267	-5.091603	7.661966
-0.174072	-0.044922	1.048340	2.633588	1.587786	-3.625954	7.672275
-0.161377	-0.045898	1.134033	-2.030534	1.946565	-1.076336	7.682106
-0.157227	-0.059082	1.110352	-1.480916	-1.244275	1.435115	7.692808
-0.160156	-0.095215	1.096436	-1.664122	-0.854962	0.969466	7.703158
-0.157959	-0.078857	1.161621	-1.488550	-2.816794	0.381679	7.713442
-0.155762	-0.081543	1.135986	-2.465649	-6.549618	-0.259542	7.723962
-0.154053	-0.082031	1.092529	-3.282443	-7.229008	-1.366412	7.734264
-0.150635	-0.093262	1.044922	-0.038168	-4.984733	-1.893130	7.744547
-0.148926	-0.051514	1.041992	-2.496183	-3.503817	-2.221374	7.755050
-0.151367	-0.045654	1.033447	-3.618321	-2.732824	-0.671756	7.765191
-0.150146	-0.069336	1.022461	-4.755725	-0.442748	0.160305	7.775320
-0.149658	-0.072754	1.066162	-4.061069	1.801527	-0.076336	7.785943
-0.148438	-0.088867	1.100586	-2.938931	1.366412	0.259542	7.796476
-0.157471	-0.092529	1.113525	-2.221374	0.450382	-0.541985	7.806702
-0.153564	-0.079834	1.120605	-2.351145	-1.076336	0.129771	7.817013
-0.150879	-0.099609	1.115479	-2.152672	-2.435115	-0.450382	7.827447
-0.155029	-0.094482	1.095703	-1.526718	-3.717557	-1.961832	7.837615
-0.157959	-0.079102	1.060303	-1.099237	-4.076336	-2.473282	7.848067
-0.164551	-0.076904	1.045654	-1.778626	-1.854962	-2.114504	7.858738
-0.171631	-0.078369	1.043945	-2.778626	-0.343511	-1.725191	7.869182
-0.153564	-0.078857	1.022705	-5.190840	2.381679	-2.091603	7.880021
-0.156494	-0.094971	1.059570	-5.190840	3.824427	-2.381679	7.890534
-0.155273	-0.089355	1.081787	-4.419847	5.015267	-3.877863	7.900828
-0.162354	-0.093750	1.110596	-3.648855	5.297710	-3.404580	7.911259
-0.161865	-0.075684	1.137451	-1.534351	3.404580	-3.076336	7.923785
-0.170898	-0.061279	1.134521	-0.816794	2.335878	-1.152672	7.934708
-0.155518	-0.073730	1.105713	-1.748092	1.877863	-1.152672	7.945221
-0.150635	-0.085693	1.062744	1.267176	4.442748	-1.893130	7.955602
-0.163330	-0.076660	1.109863	-1.244275	4.312977	-2.358779	7.966110
-0.165039	-0.072998	1.125977	-1.236641	1.916031	-2.099237	7.976788
-0.161865	-0.077881	1.063232	-1.206107	-0.389313	-1.595420	7.986930
-0.162598	-0.093018	1.083496	-2.183206	1.503817	-1.053435	7.997304
-0.168457	-0.101562	1.097656	-2.900763	1.305344	-1.244275	8.007429
-0.160889	-0.116455	1.086914	-3.091603	0.893130	-3.122137	8.017838
-0.153809	-0.093750	1.079346	-3.778626	2.473282	-5.587786	8.028475
-0.166016	-0.057861	1.066406	-3.641221	4.511450	-4.633588	8.038775
-0.164795	-0.066650	1.062500	-4.106870	6.877863	-2.633588	8.049038
-0.161865	-0.077393	1.091064	-3.961832	8.152672	-1.885496	8.059331
-0.158447	-0.084473	1.093506	-3.839695	8.160305	-1.572519	8.069716
-0.170166	-0.076172	1.111328	-2.916031	7.603053	-2.206107	8.080259
-0.177734	-0.062256	1.120117	-2.725191	7.526718	0.099237	8.090722
-0.173096	-0.098389	1.132568	-3.236641	5.656489	0.435115	8.101132
-0.173828	-0.106689	1.140381	-2.732824	2.549618	-1.809160	8.111440
-0.179443	-0.075195	1.132080	-2.938931	-0.954198	-1.244275	8.121609
-0.175781	-0.078125	1.087158	-4.465649	-1.832061	-1.175573	8.132216
-0.174805	-0.085938	1.087891	-5.396947	-2.030534	-1.480916	8.142447
-0.170166	-0.081055	1.060791	-5.305344	-1.648855	-1.648855	8.152795
-0.164062	-0.077393	1.041748	-5.198473	0.450382	-1.274809	8.163169
-0.174316	-0.062256	1.053467	-5.007634	2.961832	-0.923664	8.172956
-0.174561	-0.055176	1.090576	-4.190840	4.068702	0.832061	8.183507
-0.178955	-0.069336	1.113770	-3.641221	4.343511	2.435115	8.193899
-0.172607	-0.075195	1.140869	-2.923664	2.175573	2.427481	8.204236
-0.176758	-0.082275	1.133545	-3.175573	-2.442748	2.458015	8.214585
-0.170654	-0.091553	1.097656	-5.068702	-4.015267	2.038168	8.224809
-0.168945	-0.089844	1.085449	-6.778626	-4.206107	1.083969	8.235361
-0.161621	-0.117676	1.062500	-8.396947	-4.183206	-1.030534	8.245659
-0.166260	-0.079834	1.053955	-8.603053	-2.740458	-2.839695	8.255973
-0.163574	-0.087158	1.034668	-8.091603	-0.106870	-2.175573	8.266607
-0.166992	-0.083984	1.052246	-7.427481	3.793893	-2.030534	8.276434
-0.174316	-0.091064	1.091064	-5.435115	5.038168	-1.541985	8.286673
-0.174561	-0.104736	1.105469	-4.152672	5.030534	-2.595420	8.296984
-0.162598	-0.100098	1.123047	-3.106870	3.824427	-2.778626	8.307306
-0.183350	-0.092773	1.131592	-3.541985	3.450382	-3.870229	8.317671
-0.191162	-0.065918	1.147705	-3.206107	-0.450382	-3.259542	8.328112
-0.181641	-0.094727	1.078369	-3.503817	-1.351145	-2.954198	8.338497
-0.188965	-0.076904	1.048828	-3.503817	1.702290	-3.236641	8.348793
-0.184570	-0.075684	1.071289	-3.068702	3.167939	-3.091603	8.358855
-0.182617	-0.069824	1.080078	-1.694656	2.801527	-2.526718	8.369609
-0.189941	-0.063477	1.072021	-0.641221	3.343511	-1.030534	8.380123
-0.188721	-0.061035	1.093018	-1.702290	3.824427	-0.076336	8.390404
-0.181152	-0.093262	1.099121	-2.755725	3.885496	-0.083969	8.400885
-0.187744	-0.063965	1.109619	-4.725191	2.335878	-0.083969	8.411170
-0.187256	-0.080322	1.067871	-6.061069	1.381679	0.740458	8.421534
-0.180908	-0.093018	1.056641	-5.526718	3.053435	0.763359	8.432233
-0.182617	-0.090088	1.065674	-4.618321	3.847328	0.129771	8.442486
-0.180176	-0.098389	1.082764	-4.564885	2.351145	-1.549618	8.452704
-0.180176	-0.096436	1.090088	-3.687023	-1.167939	-1.954198	8.463217
-0.182129	-0.079834	1.057861	-2.160305	-1.687023	-2.152672	8.473794
-0.181152	-0.080078	1.057129	-0.923664	0.038168	-0.335878	8.483687
-0.166748	-0.096680	1.065918	0.114504	1.427481	-1.328244	8.494259
-0.178711	-0.068115	1.065674	0.580153	2.648855	-0.801527	8.504059
-0.185059	-0.081787	1.086182	0.816794	3.702290	1.259542	8.514639
-0.185303	-0.100586	1.091309	0.595420	2.839695	-0.534351	8.524906
-0.187256	-0.084717	1.088623	-0.938931	2.183206	-0.946565	8.535458
-0.189941	-0.087158	1.084473	-1.893130	1.580153	-1.343511	8.546210
-0.187500	-0.072754	1.076172	-3.160305	0.816794	-1.175573	8.556465
-0.180176	-0.079346	1.062012	-3.580153	1.175573	-1.694656	8.566620
-0.182617	-0.072266	1.061768	-4.618321	2.984733	-1.076336	8.577340
-0.187744	-0.089844	1.073486	-5.374046	1.977099	-0.465649	8.587830
-0.184570	-0.087158	1.103027	-5.816794	3.427481	-1.099237	8.598467
-0.188721	-0.093018	1.122803	-5.595420	1.038168	-1.244275	8.608922
-0.198975	-0.091797	1.167480	-4.427481	-0.007634	-2.030534	8.619387
-0.195557	-0.082764	1.147949	-4.633588	-5.839695	-2.038168	8.629352
-0.197754	-0.091309	1.095215	-6.198473	-6.770992	-2.106870	8.639802
-0.191162	-0.079590	1.089600	-5.885496	-6.412214	-2.236641	8.650354
-0.193848	-0.069580	1.059082	-4.374046	-4.648855	-0.389313	8.660659
-0.175781	-0.109375	1.025146	-3.312977	-1.335878	-0.213740	8.670855
-0.177979	-0.097900	1.039307	-5.862595	2.183206	-2.641221	8.681110
-0.186523	-0.070312	1.056641	-4.618321	3.549618	-1.076336	8.691463
-0.196045	-0.085449	1.061523	-5.244275	5.007634	-0.564885	8.701718
-0.193848	-0.091553	1.101074	-5.755725	4.671756	-1.076336	8.712097
-0.199707	-0.083740	1.117676	-5.007634	3.381679	-1.137405	8.722282
-0.195801	-0.093994	1.139648	-3.893130	1.290076	-1.572519	8.732531
-0.194092	-0.080811	1.132568	-4.534351	0.091603	-1.267176	8.742983
-0.188721	-0.086914	1.124756	-4.152672	-0.877863	-2.114504	8.753526
-0.192627	-0.074707	1.105713	-3.587786	-1.351145	-3.122137	8.763597
-0.197510	-0.054443	1.059814	-2.908397	-0.511450	-1.396947	8.773765
-0.200439	-0.077881	1.052246	-3.480916	1.870229	-1.076336	8.783874
-0.190430	-0.083008	1.079346	-3.885496	3.038168	-2.251908	8.793922
-0.205078	-0.070801	1.087158	-4.206107	2.145038	-2.114504	8.804320
-0.203857	-0.060547	1.084961	-4.335878	1.236641	-1.610687	8.814900
-0.199219	-0.058350	1.103516	-3.946565	-0.198473	0.328244	8.825195
-0.206787	-0.082275	1.106445	-3.885496	-1.076336	1.038168	8.835667
-0.200928	-0.082031	1.087646	-3.732824	-2.213740	1.083969	8.846436
-0.201172	-0.088379	1.064209	-3.312977	-1.687023	1.969466	8.856826
-0.198730	-0.092285	1.056885	-3.870229	-0.503817	0.931298	8.867331
-0.197266	-0.082764	1.037109	-5.618321	0.763359	1.755725	8.877907
-0.199463	-0.097168	1.051514	-5.442748	2.099237	1.000000	8.888140
-0.191650	-0.084473	1.072021	-5.496183	2.458015	0.076336	8.898625
-0.193115	-0.070312	1.069824	-4.832061	2.625954	0.862595	8.908735
-0.188965	-0.106689	1.082520	-2.503817	2.587786	0.229008	8.918429
-0.192871	-0.104980	1.110596	-1.923664	1.129771	-1.671756	8.929034
-0.190918	-0.086670	1.086182	-2.137405	-0.450382	-2.557252	8.939187
-0.190674	-0.079834	1.074951	-2.832061	0.137405	-1.740458	8.949816
-0.194580	-0.085205	1.096191	-2.610687	-0.412214	-1.809160	8.960037
-0.194092	-0.081543	1.081787	-2.977099	-0.587786	-1.145038	8.970417
-0.193848	-0.080078	1.072754	-3.198473	0.190840	-0.839695	8.980945
-0.193604	-0.085693	1.072266	-3.099237	1.419847	-0.832061	8.991545
-0.203613	-0.088135	1.090088	-2.755725	3.900763	-0.839695	9.001715
-0.206299	-0.091797	1.105225	-2.534351	2.122137	-1.374046	9.012028
-0.199219	-0.082764	1.104736	-1.595420	1.282443	-1.374046	9.022170
-0.202881	-0.072998	1.099854	-2.801527	0.702290	-0.549618	9.032467
-0.201416	-0.073975	1.122803	-4.137405	0.061069	-1.938931	9.042130
-0.215820	-0.079346	1.133789	-5.167939	-1.900763	0.816794	9.052477
-0.212402	-0.092285	1.123047	-5.687023	-4.022901	1.312977	9.062835
-0.203125	-0.079834	1.082275	-2.183206	-1.435115	-0.137405	9.073247
-0.210938	-0.066895	1.160400	-3.106870	-3.633588	1.587786	9.083758
-0.189941	-0.094971	1.080566	-7.145038	-6.885496	2.152672	9.093250
-0.184326	-0.090088	1.003662	-8.267176	-3.656489	0.740458	9.103965
-0.185303	-0.102295	1.051270	-8.725191	0.259542	1.725191	9.114320
-0.190674	-0.137207	1.086670	-6.412214	0.961832	-0.572519	9.124822
-0.196777	-0.102051	1.103027	-6.175573	1.167939	-1.221374	9.134602
-0.191406	-0.114258	1.090088	-5.335878	0.526718	-0.984733	9.144503
-0.184326	-0.130127	1.102783	-3.274809	-0.488550	-2.862595	9.155731
-0.190430	-0.095459	1.087402	-1.625954	-0.717557	-4.045802	9.165829
-0.197266	-0.090088	1.072510	-0.007634	-0.106870	-2.755725	9.176077
-0.203125	-0.090576	1.092529	0.106870	0.282443	-1.877863	9.186967
-0.198975	-0.071777	1.078857	-1.572519	-2.030534	-1.137405	9.197639
-0.203857	-0.090576	1.014893	-1.725191	-0.358779	-1.099237	9.208374
-0.198242	-0.094238	1.014893	-2.893130	3.473282	-1.396947	9.218778
-0.203613	-0.095215	1.062500	-3.725191	5.847328	-2.175573	9.229439
-0.197998	-0.096436	1.089355	-4.114504	2.816794	-3.679389	9.239952
-0.204834	-0.068604	1.142090	-2.854962	1.320611	-3.778626	9.249970
-0.200928	-0.076904	1.145264	-1.083969	-0.015267	-1.625954	9.260375
-0.200195	-0.095947	1.097168	-1.526718	-4.633588	-2.450382	9.270664
-0.196777	-0.057617	1.051758	-2.450382	-3.641221	-2.221374	9.280670
-0.200928	-0.074463	1.027832	-2.610687	-1.259542	-0.206107	9.291313
-0.183350	-0.117188	0.998779	-1.381679	0.732824	0.236641	9.301723
-0.201904	-0.067627	1.069824	-3.427481	2.076336	0.694656	9.312034
-0.193359	-0.099854	1.086182	-3.099237	-0.221374	2.160305	9.322058
-0.194092	-0.105957	1.100586	-2.717557	-0.251908	0.763359	9.332783
-0.198486	-0.070801	1.114990	-3.129771	-0.320611	2.877863	9.342922
-0.187744	-0.144043	1.081055	-2.587786	-1.091603	4.343511	9.353008
-0.202881	-0.120850	1.105225	-3.015267	0.709924	1.229008	9.363232
-0.195312	-0.095947	1.098877	-3.503817	-2.297710	0.900763	9.373607
-0.188477	-0.104980	1.027832	-3.625954	-2.977099	0.870229	9.383967
-0.189209	-0.086914	1.011230	-2.946565	-1.076336	1.122137	9.394248
-0.182617	-0.088379	1.018066	-2.038168	0.083969	1.557252	9.404776
-0.182129	-0.093018	1.024658	-3.145038	1.679389	0.664122	9.415015
-0.188965	-0.103027	1.069580	-3.580153	2.725191	-1.091603	9.425215
-0.199707	-0.085693	1.093506	-3.793893	3.129771	-1.770992	9.435814
-0.208008	-0.105469	1.094971	-3.969466	2.358779	-2.496183	9.446028
-0.206787	-0.094482	1.101562	-4.725191	2.068702	-3.625954	9.456043
-0.212158	-0.080078	1.122070	-3.748092	-0.152672	-3.145038	9.466955
-0.204590	-0.085938	1.107666	-3.564885	-1.770992	-2.763359	9.477371
-0.212158	-0.078369	1.115234	-4.549618	-1.610687	-2.458015	9.487897
-0.212891	-0.081299	1.108154	-4.274809	-1.824427	-1.549618	9.498237
-0.211670	-0.089600	1.101074	-3.786260	-1.267176	-1.427481	9.508597
-0.207520	-0.090332	1.066650	-3.603053	-0.473282	-1.267176	9.518806
-0.199219	-0.092529	1.049805	-2.786260	1.458015	-1.938931	9.529318
-0.208252	-0.086426	1.057129	-2.167939	2.503817	-1.274809	9.539518
-0.205566	-0.117188	1.093750	-3.343511	3.358779	-2.259542	9.549773
-0.207764	-0.080566	1.112061	-3.351145	2.832061	-2.572519	9.559407
-0.213135	-0.085449	1.132324	-3.114504	0.984733	-1.412214	9.569682
-0.208252	-0.087891	1.142090	-3.679389	-0.854962	-0.717557	9.579834
-0.207031	-0.093506	1.091309	-3.099237	-1.236641	-1.687023	9.590688
-0.208740	-0.076172	1.086182	-3.740458	-3.091603	-1.022901	9.601283
-0.202148	-0.089355	1.075928	-4.641221	-1.610687	-0.282443	9.611527
-0.211182	-0.080322	1.080078	-4.862595	-0.992366	0.236641	9.621808
-0.204102	-0.091064	1.064453	-4.977099	-0.480916	0.580153	9.632212
-0.203125	-0.106934	1.050537	-4.389313	0.519084	-1.496183	9.642276
-0.194336	-0.089355	1.066162	-4.473282	1.885496	-1.900763	9.652769
-0.197998	-0.112793	1.074219	-4.007634	2.564885	-2.206107	9.663192
-0.190430	-0.117432	1.055664	-3.038168	0.404580	-4.022901	9.673690
-0.204590	-0.075684	1.108887	-2.969466	2.152672	-4.946565	9.684165
-0.215820	-0.046143	1.118164	-2.351145	1.732824	-2.251908	9.694754
-0.211670	-0.094971	1.136719	-1.748092	-0.015267	-1.793893	9.704922
-0.215088	-0.082275	1.123779	-2.603053	-2.694656	-2.045802	9.715545
-0.215576	-0.078125	1.066162	-1.511450	-3.259542	-0.824427	9.725755
-0.211182	-0.090088	1.047363	-1.267176	-2.778626	-0.832061	9.736042
-0.210938	-0.088867	1.026855	-2.312977	-2.435115	-0.328244	9.746598
-0.203369	-0.092285	1.034424	-3.893130	-1.618321	-0.809160	9.756875
-0.206299	-0.105957	1.015869	-5.091603	-0.908397	-1.847328	9.767119
-0.193848	-0.104004	1.031982	-5.870229	1.564885	-3.885496	9.777996
-0.198486	-0.099121	1.075439	-5.587786	1.801527	-4.389313	9.788304
-0.196289	-0.091309	1.090820	-3.954198	1.587786	-3.412214	9.798772
-0.201416	-0.062988	1.121582	-3.312977	0.748092	-1.167939	9.808742
-0.201416	-0.103027	1.078369	-1.732824	0.916031	-1.977099	9.819478
-0.214844	-0.089600	1.080566	-2.190840	-0.763359	-3.000000	9.830131
-0.204102	-0.094482	1.067139	-4.015267	-0.290076	-2.595420	9.840493
-0.198486	-0.105957	1.048096	-3.251908	-0.167939	-3.961832	9.851262
-0.207764	-0.086182	1.064209	-3.183206	0.687023	-4.038168	9.861186
-0.208740	-0.088135	1.071533	-2.832061	0.870229	-4.320611	9.871874
-0.215820	-0.073730	1.096924	-2.450382	1.030534	-4.076336	9.882429
-0.205566	-0.086670	1.070801	-1.351145	1.183206	-1.916031	9.893029
-0.217529	-0.097900	1.088379	-1.816794	2.633588	-2.564885	9.903433
-0.218506	-0.071777	1.082764	-2.442748	2.511450	-2.267176	9.913299
-0.217529	-0.098633	1.106201	-2.442748	1.442748	-2.572519	9.927089
-0.225586	-0.089355	1.125000	-2.503817	-0.557252	-3.580153	9.937431
-0.217529	-0.087891	1.141113	-2.587786	-3.839695	-3.618321	9.947879
-0.213867	-0.083984	1.137451	-3.083969	-6.732824	-3.465649	9.958110
-0.206543	-0.093018	1.123291	-2.824427	-9.480916	-4.519084	9.967929
-0.206787	-0.067871	1.048828	-3.938931	-10.038168	-3.916031	9.978651
-0.203613	-0.049561	1.013916	-5.122137	-4.320611	-2.519084	9.988693
-0.208252	-0.093506	1.061035	-4.061069	-0.839695	-2.152672	9.998993
-0.200928	-0.111084	1.056396	-4.541985	1.389313	-2.580153	10.008697
-0.208740	-0.101807	1.063721	-4.297710	3.229008	-3.763359	10.018145
-0.219971	-0.094238	1.102295	-4.297710	3.305344	-2.290076	10.027870
-0.220215	-0.101074	1.136475	-3.160305	0.992366	-2.679389	10.037885
-0.216553	-0.080078	1.144775	-1.786260	-2.832061	-3.152672	10.048914
-0.223145	-0.079834	1.109619	-2.839695	-4.221374	-2.679389	10.059106
-0.218750	-0.065674	1.083740	-3.106870	-4.259542	-1.717557	10.069348
-0.208984	-0.080322	1.078613	-3.557252	-3.244275	-0.603053	10.080166
-0.207275	-0.077393	1.059082	-3.358779	-2.839695	-0.183206	10.090235
-0.204834	-0.073975	1.038330	-3.480916	-1.770992	0.267176	10.099006
-0.199951	-0.089355	1.041504	-4.206107	-0.160305	0.832061	10.107623
-0.206543	-0.106689	1.055420	-4.213740	0.900763	0.717557	10.115800
-0.203369	-0.110596	1.097168	-3.633588	0.862595	-0.160305	10.124254
-0.213867	-0.105713	1.093750	-3.618321	0.030534	-0.900763	10.132757
-0.211182	-0.094971	1.089844	-4.274809	-0.587786	-1.312977	10.141178
-0.211914	-0.082275	1.102783	-4.083969	-1.022901	-0.908397	10.149609
-0.209717	-0.088867	1.092041	-4.129771	-2.213740	-0.687023	10.157876
-0.212402	-0.079590	1.071533	-4.244275	-1.961832	-0.679389	10.166115
-0.210938	-0.082520	1.067383	-3.870229	-1.770992	0.175573	10.174521
-0.203125	-0.089355	1.074707	-3.938931	-1.480916	0.404580	10.183089
-0.206543	-0.089355	1.067871	-3.297710	-1.763359	0.190840	10.191269
-0.208252	-0.086670	1.066895	-2.564885	-1.748092	0.236641	10.199298
-0.209473	-0.083252	1.059082	-1.977099	-1.748092	1.091603	10.207116
-0.201416	-0.091064	1.070312	-1.770992	-1.610687	1.610687	10.214671
-0.200684	-0.092285	1.067627	-2.541985	-1.534351	1.320611	10.222282
-0.201660	-0.093506	1.068359	-3.839695	-1.709924	1.419847	10.231004
-0.198975	-0.094727	1.053467	-4.595420	-0.603053	0.557252	10.239495
-0.197021	-0.095215	1.069580	-5.076336	-0.068702	-0.259542	10.247927
-0.192871	-0.093262	1.050537	-5.396947	0.427481	0.114504	10.256250
-0.196289	-0.103516	1.075195	-5.175573	1.106870	-0.152672	10.264610
-0.198486	-0.110352	1.082520	-4.419847	2.053435	-0.526718	10.273148
-0.207764	-0.113525	1.098633	-4.053435	1.503817	-0.625954	10.281739
-0.201904	-0.121338	1.110840	-3.259542	0.045802	-1.404580	10.290321
-0.208496	-0.108154	1.118408	-3.030534	-0.938931	-2.145038	10.298719
-0.211182	-0.102783	1.102539	-2.900763	-2.335878	-2.442748	10.306923
-0.204102	-0.084717	1.075195	-3.053435	-1.740458	-2.305344	10.315479
-0.200928	-0.083496	1.058594	-3.106870	-0.511450	-1.274809	10.324125
-0.203613	-0.081543	1.050293	-3.251908	0.923664	-0.862595	10.332857
-0.205078	-0.088135	1.054443	-3.435115	1.770992	-0.396947	10.341453
-0.202148	-0.090088	1.058105	-4.519084	2.687023	-0.137405	10.350041
-0.203613	-0.107178	1.094482	-5.496183	1.900763	-0.152672	10.358704
-0.212646	-0.121826	1.108154	-6.282443	1.519084	-1.160305	10.367197
-0.212402	-0.111328	1.137451	-6.725191	-0.068702	-2.267176	10.375285
-0.206787	-0.116211	1.125244	-8.030534	-2.679389	-3.152672	10.384375
-0.211914	-0.099854	1.122070	-9.267176	-3.725191	-3.580153	10.393001
-0.218262	-0.112305	1.107666	-11.122137	-4.488550	-3.480916	10.401361
-0.200928	-0.134766	1.111572	-11.000000	-5.030534	-4.946565	10.410107
-0.215088	-0.090576	1.147949	-10.167939	-6.221374	-4.572519	10.418657
-0.193848	-0.095947	1.119385	-8.053435	-9.122137	-2.167939	10.427305
-0.195312	-0.114990	1.054932	-7.839695	-5.251908	-2.961832	10.435823
-0.197021	-0.119629	1.093994	-6.465649	-4.519084	-4.198473	10.444598
-0.200439	-0.087158	1.066162	-6.793893	-5.007634	-3.458015	10.452939
-0.197266	-0.090820	1.046631	-6.106870	-4.061069	-1.717557	10.461358
-0.194336	-0.110840	1.036621	-5.305344	-2.755725	-1.984733	10.469866
-0.194824	-0.111328	1.045410	-6.641221	-1.389313	-2.893130	10.478291
-0.193848	-0.099365	1.046875	-6.221374	-0.274809	-1.793893	10.486808
-0.190430	-0.123291	1.054688	-5.854962	-0.022901	-1.832061	10.495296
-0.187988	-0.111816	1.078369	-6.458015	-0.236641	-1.977099	10.503749
-0.193848	-0.113525	1.081787	-6.190840	-0.274809	-1.381679	10.512090
-0.196289	-0.130127	1.111328	-5.190840	0.045802	-0.946565	10.520591
-0.192383	-0.154297	1.116211	-5.862595	-1.603053	-1.938931	10.529076
-0.187256	-0.142090	1.094727	-2.274809	-3.061069	-4.000000	10.537640
-0.196777	-0.126709	1.066406	-2.381679	-3.488550	-5.251908	10.546171
-0.188477	-0.112305	1.047607	-2.427481	-2.198473	-5.427481	10.554435
-0.192871	-0.116211	1.044434	-2.854962	-1.923664	-5.091603	10.563086
-0.190918	-0.125732	1.056396	-2.061069	0.435115	-5.969466	10.571646
-0.195801	-0.084961	1.035156	-1.893130	0.221374	-6.496183	10.580218
-0.206787	-0.057129	1.026123	-2.786260	1.969466	-4.152672	10.588647
-0.203125	-0.084473	1.043213	-1.786260	4.366412	-1.587786	10.597071
-0.189209	-0.118408	1.081055	-1.038168	4.412214	-1.587786	10.605516
-0.209229	-0.121826	1.100830	-0.801527	2.809160	-2.946565	10.613855
-0.208008	-0.104004	1.102539	-1.198473	0.526718	-3.740458	10.622446
-0.207764	-0.087646	1.085205	-1.083969	-0.236641	-3.351145	10.630861
-0.216797	-0.086182	1.060791	-2.022901	-0.641221	-3.083969	10.639339
-0.204346	-0.099609	1.060303	-3.137405	-0.480916	-3.198473	10.647724
-0.203613	-0.082031	1.077393	-3.175573	-0.900763	-4.045802	10.655818
-0.198486	-0.060303	1.068115	-4.007634	-0.824427	-2.717557	10.664400
-0.204590	-0.080322	1.056396	-4.603053	0.969466	-1.137405	10.672980
-0.201904	-0.106689	1.098145	-4.015267	1.419847	-1.809160	10.681264
-0.203857	-0.098877	1.097168	-2.908397	0.778626	-1.511450	10.689906
-0.207031	-0.105713	1.079346	-2.305344	0.885496	-1.137405	10.698376
-0.211426	-0.094971	1.088379	-2.122137	1.122137	-1.145038	10.706640
-0.208740	-0.113525	1.076660	-3.488550	1.030534	-1.343511	10.714905
-0.214600	-0.121338	1.079102	-5.526718	0.068702	-2.137405	10.723560
-0.209717	-0.122314	1.086670	-7.526718	-1.236641	-3.404580	10.732092
-0.206543	-0.133301	1.065430	-9.572519	-1.335878	-4.152672	10.740322
-0.196533	-0.157227	1.057129	-10.381679	-0.923664	-7.213740	10.748872
-0.214355	-0.124023	1.078125	-10.641221	-1.229008	-8.664122	10.757213
-0.198730	-0.087891	1.059570	-9.328244	-1.022901	-8.427481	10.765652
-0.192627	-0.080078	1.069824	-8.274809	0.244275	-6.564885	10.773959
-0.201416	-0.085938	1.061035	-6.992366	1.137405	-5.847328	10.782404
-0.198242	-0.104004	1.099854	-5.129771	1.709924	-4.358779	10.790522
-0.198486	-0.106689	1.114258	-3.694656	0.740458	-4.038168	10.798338
-0.195068	-0.084473	1.090088	-3.801527	-1.106870	-3.022901	10.806111
-0.193848	-0.082764	1.061035	-4.580153	-0.732824	-1.290076	10.813786
-0.203125	-0.099121	1.055908	-4.083969	1.167939	0.488550	10.823293
-0.207764	-0.138184	1.052979	-4.839695	2.061069	0.412214	10.831760
-0.206055	-0.156006	1.061768	-5.068702	3.572519	-1.404580	10.839886
-0.205078	-0.140869	1.081543	-5.167939	3.312977	-2.717557	10.847902
-0.215088	-0.125977	1.102539	-5.137405	2.664122	-2.809160	10.856216
-0.212402	-0.133057	1.118896	-3.679389	2.488550	-2.633588	10.864990
-0.220459	-0.135498	1.145996	-2.335878	0.305344	-3.145038	10.873572
-0.215332	-0.129639	1.113281	-1.549618	-1.160305	-3.603053	10.882155
-0.217529	-0.106445	1.101074	-1.778626	-1.900763	-3.290076	10.890836
-0.226318	-0.108398	1.065674	-1.908397	-1.213740	-1.992366	10.899124
-0.221191	-0.107422	1.066895	-2.175573	0.320611	-0.885496	10.907654
-0.220703	-0.107666	1.057373	-2.717557	1.091603	-0.877863	10.916207
-0.221680	-0.104004	1.063477	-3.328244	1.312977	-0.419847	10.924099
-0.225830	-0.089600	1.068115	-2.625954	2.725191	0.687023	10.932330
-0.234131	-0.097412	1.074219	-2.091603	3.236641	1.305344	10.941270
-0.225342	-0.096191	1.087158	-1.251908	3.129771	1.977099	10.949988
-0.206787	-0.094971	1.097168	-0.641221	2.984733	3.374046	10.958451
-0.220215	-0.109619	1.083008	-0.656489	3.015267	4.213740	10.966762
-0.218262	-0.134766	1.068359	-2.442748	4.709924	3.381679	10.975329
-0.219238	-0.140869	1.130127	-3.496183	3.610687	1.801527	10.983899
-0.224121	-0.130127	1.136230	-3.320611	-1.259542	0.053435	10.992359
-0.212891	-0.103027	1.097168	-4.122137	-4.259542	-0.160305	11.000892
-0.209961	-0.107666	1.059570	-4.251908	-3.801527	0.213740	11.009348
-0.199707	-0.106689	1.036133	-4.091603	-2.564885	0.244275	11.017795
-0.206299	-0.113525	1.037109	-3.992366	-0.984733	0.335878	11.026121
-0.195312	-0.126709	1.039795	-3.145038	0.091603	0.221374	11.034720
-0.191650	-0.125244	1.040771	-2.450382	1.572519	-0.519084	11.043199
-0.197510	-0.113281	1.042480	-2.160305	2.465649	-0.587786	11.051724
-0.201660	-0.126709	1.062012	-0.992366	3.717557	-0.427481	11.060088
-0.201172	-0.125244	1.081299	-0.603053	4.251908	-0.709924	11.068486
-0.206299	-0.118408	1.071533	-1.374046	3.557252	-1.045802	11.077147
-0.205566	-0.106201	1.074707	-1.091603	2.977099	-0.893130	11.085632
-0.209717	-0.098633	1.059570	-1.381679	7.900763	0.488550	11.093991
-0.217041	-0.106201	1.104492	0.419847	1.595420	-0.221374	11.102325
-0.206543	-0.109375	1.071289	-1.473282	-0.267176	-0.786260	11.110755
-0.216064	-0.100830	1.041260	-2.259542	0.793893	-0.755725	11.118770
-0.208008	-0.095459	1.027832	-2.496183	1.412214	-0.015267	11.127759
-0.207764	-0.104492	1.006104	-3.549618	2.061069	-0.045802	11.136181
-0.207764	-0.101074	1.029297	-4.129771	3.351145	0.488550	11.144661
-0.212402	-0.110840	1.039795	-4.190840	4.664122	0.603053	11.153204
-0.234131	-0.106689	1.073975	-4.206107	4.396947	0.664122	11.161609
-0.207275	-0.099365	1.049561	-5.236641	8.664122	1.595420	11.170090
-0.223877	-0.135498	1.152344	-3.664122	5.801527	0.938931	11.178751
-0.223389	-0.133545	1.125488	-3.488550	0.740458	-0.198473	11.187278
-0.217773	-0.125244	1.104004	-2.870229	-0.938931	-1.213740	11.195482
-0.207031	-0.123779	1.097656	-2.404580	-1.801527	-1.664122	11.204238
-0.223877	-0.104492	1.074707	-2.366412	-1.656489	-1.763359	11.212842
-0.229492	-0.085693	1.041504	-2.534351	-1.183206	-1.221374	11.221176
-0.217773	-0.094727	1.011475	-2.000000	1.335878	-0.022901	11.229762
-0.214355	-0.120361	1.026611	-1.603053	1.961832	0.038168	11.238116
-0.223633	-0.131592	1.051025	-2.236641	3.595420	-0.801527	11.246673
-0.213867	-0.127441	1.067871	-2.419847	2.618321	-2.198473	11.255105
-0.215332	-0.111572	1.079590	-1.206107	2.290076	-1.984733	11.263525
-0.226318	-0.109131	1.119873	-0.198473	1.839695	-1.519084	11.272029
-0.229736	-0.129883	1.144287	1.015267	-0.229008	-1.480916	11.280658
-0.233887	-0.125732	1.126465	1.832061	-2.045802	-2.465649	11.289049
-0.236572	-0.108643	1.106445	0.679389	-3.793893	-2.229008	11.297384
-0.232178	-0.096191	1.074463	2.129771	-4.030534	-2.534351	11.306091
-0.231689	-0.090576	1.065186	2.656489	-3.251908	-2.183206	11.314558
-0.237305	-0.088379	1.058350	1.610687	-2.343511	-1.625954	11.323070
-0.232910	-0.083496	1.009033	-0.007634	-1.816794	-1.244275	11.331359
-0.247559	-0.086914	1.066895	-3.984733	3.229008	-0.038168	11.340251
-0.230713	-0.079834	1.041992	-3.312977	1.175573	0.396947	11.348750
-0.227539	-0.107910	1.074951	-4.618321	1.366412	0.343511	11.357260
-0.219238	-0.115967	1.067139	-4.648855	0.931298	-0.740458	11.365946
-0.219727	-0.104980	1.073242	-4.160305	0.412214	-0.908397	11.374225
-0.226318	-0.111816	1.075684	-3.839695	0.534351	-0.786260	11.382971
-0.232910	-0.112061	1.071289	-3.679389	1.267176	-0.961832	11.391418
-0.226562	-0.104492	1.088867	-3.534351	1.511450	-1.091603	11.399996
-0.224609	-0.115723	1.075439	-2.603053	1.358779	-1.396947	11.408590
-0.226074	-0.099121	1.079590	-2.687023	1.045802	-1.572519	11.416883
-0.231201	-0.086670	1.071777	-3.274809	0.877863	-0.992366	11.425364
-0.234619	-0.083984	1.065186	-2.312977	0.893130	-0.190840	11.434036
-0.233887	-0.089355	1.072266	-2.259542	2.236641	0.786260	11.442494
-0.228516	-0.101562	1.055908	-2.580153	2.122137	0.900763	11.451222
-0.237305	-0.095215	1.067871	-4.442748	2.709924	0.839695	11.459551
-0.228271	-0.113281	1.051025	-3.946565	1.595420	0.763359	11.467681
-0.226807	-0.086426	1.023682	-3.595420	7.801527	2.427481	11.476507
-0.240967	-0.097656	1.084961	-0.374046	5.900763	2.923664	11.484469
-0.235596	-0.105713	1.081299	-0.893130	4.458015	2.893130	11.492910
-0.239258	-0.121826	1.071777	-2.671756	3.076336	2.343511	11.500825
-0.227783	-0.130859	1.038574	-2.870229	3.038168	0.885496	11.508652
-0.236084	-0.110840	1.028320	-2.480916	4.290076	-0.709924	11.516760
-0.239990	-0.093994	1.043213	-4.358779	6.488550	0.038168	11.525520
-0.229492	-0.087891	1.044434	-3.175573	3.816794	0.068702	11.534244
-0.240723	-0.086670	1.085449	-3.442748	3.641221	0.137405	11.542750
-0.230713	-0.108643	1.074951	-1.618321	2.290076	0.396947	11.551351
-0.233643	-0.106689	1.085693	-1.099237	3.801527	0.977099	11.559881
-0.231934	-0.116699	1.102295	-0.641221	2.290076	0.648855	11.568324
-0.229980	-0.111328	1.085938	-2.519084	1.290076	-0.076336	11.576710
-0.231934	-0.089355	1.044922	-3.511450	0.679389	-0.213740	11.585242
-0.231934	-0.101562	1.047363	-3.236641	2.335878	0.320611	11.593612
-0.234619	-0.108643	1.062988	-3.603053	2.961832	0.320611	11.601993
-0.241455	-0.105469	1.070557	-3.587786	1.938931	-0.137405	11.610569
-0.231934	-0.077148	1.097168	-5.786260	1.396947	0.763359	11.619082
-0.227539	-0.102295	1.055176	-5.221374	1.106870	1.396947	11.627484
-0.236816	-0.113281	1.075684	-3.580153	3.664122	2.687023	11.635898
-0.233398	-0.146973	1.104980	-2.893130	4.374046	1.343511	11.644308
-0.237061	-0.112793	1.092773	-2.022901	8.061069	1.213740	11.652504
-0.254150	-0.129639	1.154297	-2.564885	0.541985	-0.908397	11.660911
-0.248047	-0.109131	1.108887	-3.618321	-0.801527	-1.633588	11.669390
-0.251465	-0.087646	1.120605	-3.152672	-1.328244	-1.122137	11.677931
-0.249756	-0.092773	1.079102	-3.213740	-1.557252	0.000000	11.686525
-0.248291	-0.095459	1.054199	-3.458015	-0.824427	0.053435	11.695041
-0.251465	-0.097168	1.040527	-3.809160	0.847328	0.419847	11.703260
-0.247803	-0.103027	1.053467	-3.549618	2.534351	0.511450	11.711814
-0.239502	-0.101562	1.066650	-2.442748	3.244275	0.648855	11.720398
-0.236572	-0.075439	1.069580	-3.633588	6.633588	2.206107	11.728768
-0.247559	-0.127441	1.127930	-2.458015	4.343511	1.809160	11.737395
-0.244385	-0.136963	1.118164	-0.740458	2.259542	0.022901	11.745926
-0.239990	-0.132812	1.102783	1.442748	0.511450	-0.847328	11.754306
-0.243408	-0.117432	1.065186	2.854962	0.824427	-1.221374	11.762909
-0.235107	-0.099365	1.041016	4.603053	1.641221	-0.992366	11.771382
-0.242676	-0.086670	1.013916	5.625954	3.030534	-0.580153	11.779762
-0.233154	-0.092285	1.023193	3.824427	5.190840	-0.450382	11.788135
-0.230225	-0.097900	1.032959	2.496183	5.488550	-0.893130	11.796684
-0.240479	-0.095947	1.052734	-0.053435	5.526718	-0.893130	11.805110
-0.247803	-0.102051	1.085205	-1.610687	5.015267	-1.106870	11.813392
-0.250000	-0.108398	1.103760	-2.175573	4.122137	-1.229008	11.821704
-0.257568	-0.108887	1.111084	-2.282443	1.870229	-1.801527	11.829935
-0.252930	-0.103027	1.110107	-2.106870	-0.053435	-2.503817	11.837862
-0.257080	-0.086426	1.103027	-1.450382	-1.091603	-2.412214	11.845721
-0.248779	-0.092529	1.090332	-1.282443	-1.664122	-1.931298	11.853832
-0.260742	-0.094482	1.065918	-1.740458	-2.702290	-2.282443	11.861597
-0.252441	-0.093750	1.037842	-1.267176	-2.183206	-1.900763	11.871400
-0.252686	-0.102051	1.038818	-2.099237	-0.992366	-2.480916	11.880205
-0.255371	-0.105713	1.016846	-3.832061	-0.412214	-2.282443	11.888771
-0.252441	-0.093262	1.024170	-2.824427	0.641221	-2.916031	11.897102
-0.260986	-0.081787	1.040527	-3.541985	1.709924	-2.053435	11.905757
-0.254883	-0.094482	1.036621	-4.488550	1.801527	-2.106870	11.914074
-0.262939	-0.078125	1.044922	-3.778626	2.419847	-1.740458	11.923902
-0.262207	-0.084961	1.055664	-3.328244	2.671756	-0.473282	11.932221
-0.255615	-0.098877	1.063965	-2.190840	3.488550	-0.160305	11.940708
-0.259766	-0.088379	1.121826	-4.389313	4.236641	0.473282	11.949511
-0.264648	-0.084717	1.088135	-3.793893	-0.725191	0.259542	11.958027
-0.258301	-0.088867	1.062012	-4.374046	-0.442748	0.755725	11.966724
