-0.240479	0.520264	0.887451	-3.343511	-0.954198	0.603053	0.008151
-0.230225	0.501221	0.856201	-2.671756	0.358779	-0.694656	0.019741
-0.228516	0.504150	0.868408	-2.824427	2.442748	-2.587786	0.031759
-0.232910	0.508057	0.877930	-1.244275	3.824427	-3.931298	0.043495
-0.245361	0.524414	0.890381	1.045802	5.465649	-4.412214	0.054883
-0.263916	0.562744	0.918213	0.717557	5.526718	-4.435115	0.065085
-0.267334	0.551758	0.924805	0.564885	3.549618	-3.877863	0.075198
-0.257080	0.554932	0.926758	0.145038	1.335878	-2.809160	0.085373
-0.244629	0.552246	0.904297	-0.954198	0.122137	-2.091603	0.095515
-0.242920	0.550293	0.876709	-1.870229	-0.145038	-1.618321	0.105633
-0.254639	0.543457	0.894287	-2.793893	-0.152672	-1.694656	0.115741
-0.248291	0.530518	0.876221	-2.786260	0.312977	-1.984733	0.125989
-0.243164	0.538574	0.875000	-2.274809	0.877863	-2.160305	0.136000
-0.248047	0.536133	0.860840	-2.870229	1.740458	-2.603053	0.146065
-0.257324	0.529053	0.881104	-0.770992	2.625954	-2.229008	0.156182
-0.249512	0.542969	0.908203	-0.229008	2.954198	-2.526718	0.166343
-0.284180	0.546143	0.912109	2.038168	0.732824	1.664122	0.176502
-0.264648	0.569336	0.950439	-5.580153	-1.122137	-2.496183	0.186339
-0.255371	0.564697	0.894775	-2.290076	-2.251908	-1.435115	0.196679
-0.248779	0.569580	0.890137	-6.068702	-4.114504	-0.809160	0.206715
-0.244873	0.540039	0.843994	-7.396947	-2.793893	-0.687023	0.216898
-0.233643	0.545166	0.845215	-2.312977	1.244275	2.099237	0.227235
-0.248047	0.543457	0.873779	-7.969466	-0.305344	-0.839695	0.237275
-0.247803	0.539795	0.868164	-5.106870	0.251908	-0.343511	0.247295
-0.256104	0.537109	0.915039	-4.145038	-0.625954	0.419847	0.257132
-0.259033	0.530518	0.898926	-4.938931	-0.664122	-0.412214	0.267068
-0.253906	0.534912	0.901123	-4.748092	-1.709924	-1.671756	0.277547
-0.252686	0.532227	0.893066	-4.603053	-2.618321	-1.007634	0.288584
-0.234375	0.526855	0.856689	-3.519084	-1.427481	-1.160305	0.299181
-0.241455	0.533447	0.872803	-1.053435	-0.534351	-0.862595	0.309221
-0.242920	0.548584	0.872803	-2.038168	-0.091603	-0.793893	0.319266
-0.244141	0.556152	0.859131	-1.351145	-0.190840	0.496183	0.329680
-0.243896	0.536865	0.853760	-1.061069	1.297710	0.526718	0.339962
-0.258789	0.534912	0.890381	-2.916031	1.473282	-0.503817	0.350145
-0.264160	0.535156	0.912354	-5.961832	-0.717557	-1.206107	0.363636
-0.251221	0.523682	0.881592	-7.435115	-1.534351	-1.717557	0.373649
-0.250488	0.516846	0.882568	-7.870229	-1.106870	-2.419847	0.384006
-0.261719	0.506348	0.891357	-8.374046	-1.946565	-2.931298	0.394238
-0.252930	0.500244	0.877686	-6.381679	-1.679389	-3.618321	0.404236
-0.244141	0.533203	0.863525	-3.175573	-1.045802	-3.282443	0.414309
-0.235107	0.542725	0.843018	-2.221374	0.068702	-2.374046	0.424346
-0.236572	0.538086	0.834717	-0.396947	2.129771	-1.854962	0.434467
-0.244141	0.541748	0.840088	0.229008	3.885496	-2.122137	0.444506
-0.246338	0.546143	0.866699	0.786260	4.824427	-1.610687	0.454787
-0.256836	0.541016	0.904297	-0.763359	4.221374	-1.389313	0.464723
-0.267090	0.545654	0.931396	-2.603053	2.381679	-1.160305	0.474742
-0.271729	0.540771	0.948975	-4.458015	-0.763359	-1.175573	0.485118
-0.255859	0.546631	0.934326	-5.519084	-1.816794	-2.083969	0.495167
-0.243652	0.539307	0.880615	-6.030534	-1.992366	-1.717557	0.505245
-0.239990	0.529785	0.864258	-5.954198	-1.167939	-1.908397	0.515280
-0.237061	0.512451	0.830811	-6.061069	0.564885	-3.160305	0.525490
-0.232910	0.515625	0.836670	-3.893130	2.755725	-3.282443	0.535521
-0.232666	0.529053	0.871826	-0.534351	4.908397	-3.664122	0.545634
-0.256348	0.557861	0.895996	1.076336	5.297710	-3.000000	0.555336
-0.257568	0.553223	0.931396	0.450382	4.770992	-2.068702	0.565118
-0.277100	0.544678	0.944336	0.442748	2.763359	-1.732824	0.575755
-0.276367	0.542480	0.929688	-0.045802	0.633588	-1.358779	0.585758
-0.257812	0.543701	0.903320	-1.404580	-0.091603	-2.748092	0.595915
-0.259033	0.547607	0.879395	-2.015267	0.473282	-3.045802	0.606205
-0.259766	0.547852	0.879150	-2.358779	0.854962	-3.442748	0.616196
-0.253174	0.550049	0.869629	-2.198473	0.969466	-3.061069	0.626241
-0.255371	0.563721	0.842529	-1.671756	1.877863	-2.694656	0.636852
-0.255859	0.585449	0.858643	-0.824427	2.572519	-1.549618	0.647376
-0.267578	0.571777	0.898682	-1.099237	1.526718	-0.183206	0.658143
-0.269531	0.562744	0.907715	-0.007634	-0.236641	1.099237	0.668423
-0.270508	0.547607	0.885010	-2.221374	-0.557252	1.015267	0.678691
-0.261230	0.545166	0.874512	-4.702290	-0.526718	0.229008	0.688667
-0.259766	0.525635	0.860107	-5.992366	-0.458015	-1.206107	0.698881
-0.250732	0.524414	0.859131	-5.992366	0.755725	-2.114504	0.709062
-0.251221	0.533203	0.857910	-3.549618	1.259542	-1.427481	0.719115
-0.265625	0.539795	0.859863	-2.450382	2.160305	-1.190840	0.729271
-0.266846	0.541016	0.868652	-0.679389	2.335878	-1.022901	0.738802
-0.268311	0.561279	0.904053	-0.755725	1.458015	-0.282443	0.748880
-0.264404	0.555908	0.898682	-2.404580	0.419847	0.442748	0.759187
-0.270264	0.541260	0.902344	-3.511450	-0.221374	0.213740	0.769159
-0.272949	0.531006	0.915283	-4.068702	-0.564885	-0.641221	0.779251
-0.258789	0.528564	0.892822	-4.992366	-0.526718	-1.893130	0.789348
-0.249756	0.538086	0.864746	-3.961832	-0.244275	-1.877863	0.799266
-0.248291	0.532715	0.839600	-2.916031	1.854962	-2.480916	0.809371
-0.250488	0.535889	0.859375	-0.763359	3.259542	-2.412214	0.819372
-0.275879	0.530762	0.864990	0.694656	2.549618	-2.816794	0.829705
-0.268311	0.536621	0.861816	1.534351	4.862595	-4.099237	0.839698
-0.278809	0.577881	0.906006	1.954198	4.000000	-3.343511	0.849810
-0.291504	0.580078	0.944824	-1.503817	1.259542	-2.496183	0.859899
-0.274414	0.582031	0.919922	-3.290076	-0.786260	-1.580153	0.870064
-0.275635	0.578613	0.890137	-4.977099	-1.343511	-1.564885	0.880291
-0.268311	0.571289	0.882812	-5.916031	-1.694656	-0.786260	0.890439
-0.262451	0.555176	0.861572	-6.534351	-1.351145	-0.450382	0.900407
-0.258789	0.537842	0.843506	-5.473282	-1.938931	-0.480916	0.910597
-0.258545	0.533936	0.845703	-3.778626	1.587786	-0.679389	0.920691
-0.276611	0.537354	0.881592	-3.396947	1.648855	-1.000000	0.931099
-0.275879	0.549561	0.895508	-4.206107	0.557252	-1.145038	0.940865
-0.278809	0.547852	0.899414	-3.870229	-0.083969	-0.526718	0.951016
-0.271973	0.549561	0.907471	-4.900763	-1.610687	-0.320611	0.960948
-0.275879	0.552246	0.893311	-5.122137	-1.900763	-0.061069	0.971241
-0.273193	0.541016	0.883789	-4.450382	-1.809160	-0.145038	0.981107
-0.267090	0.539307	0.866455	-2.786260	-1.297710	0.374046	0.991133
-0.251465	0.538818	0.854980	-2.061069	-0.816794	0.488550	1.001235
-0.261963	0.532959	0.854248	-1.961832	0.076336	-0.053435	1.011508
-0.258789	0.528076	0.856445	-1.473282	1.122137	-0.572519	1.021670
-0.267822	0.539062	0.895020	-2.541985	1.145038	-1.259542	1.031884
-0.279541	0.539062	0.902100	-4.404580	0.221374	-1.633588	1.041831
-0.281738	0.535400	0.891357	-5.534351	-0.473282	-2.297710	1.052015
-0.278320	0.535889	0.906006	-6.145038	-1.740458	-2.496183	1.062249
-0.267578	0.548828	0.883301	-5.427481	-1.618321	-2.381679	1.072170
-0.267822	0.561035	0.884033	-4.259542	-1.603053	-1.824427	1.082323
-0.267822	0.558105	0.873535	-4.549618	-0.007634	-0.854962	1.092615
-0.260498	0.538818	0.849365	-4.076336	-0.969466	-0.885496	1.102556
-0.263672	0.548584	0.877441	-3.961832	-0.610687	-1.198473	1.112767
-0.265137	0.544434	0.878906	-4.885496	-0.503817	-1.427481	1.122791
-0.268311	0.541504	0.888184	-4.496183	-0.267176	-1.290076	1.134089
-0.270996	0.547607	0.883545	-4.458015	0.122137	-1.259542	1.144003
-0.277588	0.542480	0.898682	-3.458015	-0.564885	-0.625954	1.154165
-0.270020	0.539307	0.895020	-3.328244	-1.167939	-0.473282	1.164303
-0.253906	0.538818	0.874756	-2.305344	-1.007634	-0.244275	1.174499
-0.266357	0.532715	0.888672	-1.595420	-0.587786	-0.129771	1.184519
-0.270508	0.535645	0.893066	0.458015	0.038168	-0.755725	1.194778
-0.265869	0.545410	0.898193	2.824427	0.068702	-0.076336	1.204943
-0.270752	0.544434	0.885254	3.328244	-0.022901	-0.045802	1.215069
-0.268799	0.535156	0.885986	1.160305	-0.167939	-1.053435	1.225413
-0.280518	0.545166	0.906250	-0.793893	-0.374046	-2.167939	1.235281
-0.280518	0.552979	0.902832	-3.366412	-0.442748	-3.061069	1.245263
-0.276123	0.565186	0.877930	-5.129771	-1.045802	-3.000000	1.255638
-0.266357	0.562256	0.873779	-4.916031	-0.923664	-2.595420	1.265835
-0.274170	0.565430	0.886963	-3.900763	-1.106870	-1.251908	1.276613
-0.272461	0.552246	0.889404	-2.969466	-2.587786	-0.068702	1.286823
-0.270752	0.560791	0.898193	-2.671756	-2.870229	-0.061069	1.297405
-0.275635	0.566895	0.878418	-4.022901	-3.152672	0.183206	1.307610
-0.266113	0.563477	0.861572	-4.015267	-2.778626	0.816794	1.317641
-0.258545	0.540283	0.844971	-3.564885	-2.167939	0.778626	1.327854
-0.260254	0.550293	0.839355	-3.190840	-1.183206	0.870229	1.337805
-0.261719	0.546875	0.838135	-3.908397	-0.618321	0.664122	1.348129
-0.261475	0.535889	0.859131	-4.480916	-0.290076	0.412214	1.358438
-0.263916	0.531006	0.864990	-3.984733	0.160305	0.053435	1.368515
-0.264404	0.533447	0.854492	-4.885496	-0.038168	-0.419847	1.378743
-0.266846	0.529297	0.871338	-4.862595	-0.274809	-0.633588	1.388880
-0.265869	0.530518	0.885498	-4.755725	-1.534351	-0.091603	1.398836
-0.266846	0.527100	0.868652	-5.259542	-2.526718	-0.282443	1.409015
-0.246582	0.531250	0.840088	-4.458015	-2.374046	-0.114504	1.419152
-0.244141	0.522705	0.829590	-4.236641	-1.122137	-0.297710	1.428882
-0.243896	0.507324	0.832764	-3.091603	0.687023	-1.656489	1.439440
-0.250000	0.529541	0.843018	-1.839695	2.465649	-2.488550	1.449314
-0.255371	0.532715	0.846924	-1.763359	3.816794	-2.809160	1.459333
-0.258057	0.548096	0.872559	-1.007634	4.259542	-2.740458	1.469437
-0.270264	0.564697	0.888428	-2.435115	3.366412	-1.923664	1.479620
-0.272949	0.563965	0.923828	-0.022901	1.916031	-0.305344	1.489568
-0.279785	0.552734	0.925049	-3.129771	0.061069	0.160305	1.499686
-0.279541	0.540771	0.914551	-4.862595	-1.603053	-0.442748	1.509677
-0.258301	0.538574	0.871826	-5.916031	-2.053435	-0.916031	1.519974
-0.257324	0.524170	0.854004	-5.580153	-1.213740	-1.435115	1.530457
-0.256348	0.520996	0.844238	-4.427481	0.587786	-1.908397	1.540573
-0.268066	0.518799	0.864258	-3.679389	1.610687	-3.068702	1.550760
-0.272705	0.539062	0.865723	-2.633588	2.992366	-3.824427	1.560913
-0.277344	0.562256	0.881348	-1.366412	3.190840	-3.167939	1.570876
-0.290771	0.570312	0.911621	-1.412214	2.374046	-2.015267	1.581153
-0.292725	0.571533	0.923340	-0.534351	0.473282	-1.595420	1.591436
-0.291504	0.576660	0.907227	-2.641221	-1.305344	0.290076	1.601486
-0.285889	0.549805	0.887451	-4.106870	-2.786260	0.328244	1.611565
-0.265869	0.539062	0.858398	-5.519084	-2.458015	-0.740458	1.621635
-0.263428	0.533203	0.848389	-6.480916	-1.305344	-1.778626	1.632009
-0.265869	0.534912	0.855469	-6.435115	0.099237	-2.244275	1.642088
-0.275635	0.537354	0.883789	-4.503817	0.938931	-2.015267	1.651862
-0.281738	0.551758	0.897461	-2.709924	0.412214	-0.847328	1.661708
-0.283936	0.544434	0.885498	-1.564885	-0.404580	0.030534	1.671998
-0.271973	0.540527	0.882324	-1.549618	-1.320611	0.183206	1.682183
-0.273926	0.532471	0.877197	-3.389313	-1.267176	-0.221374	1.692043
-0.267090	0.529785	0.874512	-4.908397	-1.381679	-0.717557	1.701994
-0.270508	0.524170	0.862305	-6.106870	-0.381679	-2.282443	1.711870
-0.276367	0.510010	0.877441	-5.007634	-0.022901	-2.839695	1.722330
-0.272217	0.525146	0.905273	-3.656489	-0.320611	-3.572519	1.732495
-0.278076	0.544678	0.878174	-3.419847	-0.305344	-3.679389	1.742516
-0.278320	0.557373	0.887451	-2.656489	-0.992366	-2.641221	1.752608
-0.270996	0.558594	0.867432	-2.450382	-0.908397	-1.946565	1.762546
-0.275391	0.557129	0.878418	-2.702290	-1.541985	-1.549618	1.772466
-0.273682	0.560303	0.874268	-3.389313	-2.007634	-1.114504	1.782745
-0.267578	0.555176	0.879150	-4.320611	-2.038168	-1.106870	1.792839
-0.270264	0.546631	0.876221	-3.916031	-1.679389	-1.366412	1.802871
-0.274414	0.551025	0.882812	-5.282443	-1.641221	-1.206107	1.812929
-0.271240	0.552490	0.870361	-4.511450	-1.801527	-0.725191	1.822945
-0.265625	0.543701	0.849121	-3.839695	-1.335878	-0.366412	1.833506
-0.260742	0.533936	0.847168	-3.534351	-0.129771	-0.725191	1.843094
-0.273193	0.528564	0.857910	-3.083969	0.671756	-1.305344	1.853456
-0.271729	0.530518	0.864258	-2.396947	0.778626	-1.587786	1.863550
-0.269775	0.551025	0.892334	-2.603053	0.236641	-1.068702	1.873515
-0.276367	0.547363	0.880615	-3.015267	-1.030534	-0.641221	1.884176
-0.269531	0.541992	0.868408	-3.885496	-1.152672	-1.312977	1.894561
-0.262451	0.542969	0.859131	-3.656489	-0.908397	-1.015267	1.904716
-0.264404	0.534668	0.855713	-3.213740	-0.198473	-1.435115	1.914882
-0.266846	0.540771	0.858643	-3.213740	0.625954	-1.748092	1.925049
-0.280029	0.543457	0.873779	-3.091603	0.763359	-2.152672	1.935947
-0.272949	0.556396	0.890869	-2.610687	0.251908	-1.496183	1.946137
-0.272217	0.561768	0.860107	-2.702290	-0.122137	-0.580153	1.956314
-0.272461	0.553955	0.872070	-3.160305	-0.412214	-0.137405	1.966539
-0.276611	0.545166	0.871826	-4.526718	-0.916031	-0.076336	1.976844
-0.276611	0.533447	0.873779	-4.381679	-1.000000	-0.832061	1.986930
-0.268311	0.536377	0.861572	-4.389313	-0.473282	-1.152672	1.996964
-0.269531	0.537109	0.840576	-3.770992	0.625954	-1.259542	2.006890
-0.267334	0.537109	0.887695	-3.679389	1.320611	-1.763359	2.017127
-0.274902	0.532471	0.880371	-3.839695	1.305344	-2.183206	2.027120
-0.268066	0.535400	0.866699	-2.931298	0.916031	-2.206107	2.037319
-0.273926	0.556396	0.881104	-2.778626	0.595420	-1.312977	2.047558
-0.271729	0.556396	0.893799	-3.076336	0.076336	-0.198473	2.057703
-0.276611	0.537354	0.892578	-2.908397	-0.564885	0.145038	2.067424
-0.283691	0.527100	0.881836	-3.511450	-0.832061	-0.549618	2.077897
-0.275391	0.534424	0.875488	-3.664122	-1.145038	-1.190840	2.087899
-0.274170	0.536377	0.876709	-4.435115	-1.045802	-1.786260	2.098068
-0.262451	0.534912	0.850830	-4.320611	-0.427481	-0.007634	2.108153
-0.268311	0.532227	0.864502	-4.076336	0.748092	-2.465649	2.118325
-0.280029	0.543457	0.875732	-3.274809	1.068702	-2.259542	2.128699
-0.278564	0.546143	0.883057	-2.801527	1.320611	-1.923664	2.138923
-0.278564	0.548340	0.875977	-2.992366	1.183206	-1.809160	2.149048
-0.282715	0.549561	0.887451	-2.664122	1.000000	-1.374046	2.158984
-0.276855	0.558350	0.888184	-2.450382	0.595420	-1.198473	2.168900
-0.283691	0.557617	0.903564	-2.030534	0.320611	-0.030534	2.179261
-0.290527	0.535645	0.900879	-4.671756	-1.809160	-0.053435	2.189318
-0.282959	0.533203	0.888428	-4.496183	-2.083969	-0.801527	2.199449
-0.276123	0.532471	0.866699	-4.633588	-1.603053	-1.251908	2.209533
-0.266113	0.517090	0.842773	-4.450382	-0.992366	-1.419847	2.219775
-0.259277	0.520752	0.826904	-3.770992	0.938931	-2.549618	2.229966
-0.261719	0.534912	0.866455	-1.977099	2.824427	-3.015267	2.240150
-0.282227	0.558105	0.904785	-1.610687	2.664122	-2.473282	2.249961
-0.287354	0.574219	0.929443	-2.129771	1.381679	-2.274809	2.259805
-0.295166	0.575439	0.920410	-2.099237	0.160305	-0.618321	2.269915
-0.293457	0.563721	0.927734	-2.305344	-1.633588	0.251908	2.280148
-0.281982	0.562012	0.902344	-3.847328	-2.984733	0.381679	2.290262
-0.275391	0.542725	0.844727	-5.061069	-2.977099	0.328244	2.300243
-0.267822	0.521240	0.828125	-5.129771	-1.312977	-0.687023	2.310242
-0.272705	0.518311	0.842773	-5.633588	-0.152672	-2.038168	2.320462
-0.278564	0.540527	0.849854	-3.923664	0.816794	-2.381679	2.330668
-0.275391	0.552490	0.859375	-3.129771	1.381679	-1.351145	2.340745
-0.274414	0.558838	0.872314	-1.229008	1.496183	-0.396947	2.350871
-0.275879	0.557129	0.870361	-1.206107	1.580153	0.190840	2.363974
-0.281738	0.566406	0.895752	-1.832061	0.503817	0.893130	2.373927
-0.298584	0.545166	0.889404	-3.801527	-0.877863	0.687023	2.384385
-0.287354	0.544922	0.895996	-4.885496	-2.076336	0.473282	2.394452
-0.286865	0.537842	0.884766	-8.022901	-2.702290	-0.267176	2.404554
-0.262939	0.545898	0.849854	-6.725191	-2.297710	-0.053435	2.414440
-0.261475	0.518799	0.821777	-5.870229	-0.450382	-0.847328	2.424760
-0.270020	0.520996	0.830566	-3.687023	1.389313	-1.641221	2.434915
-0.276855	0.528320	0.871582	-2.221374	2.221374	-2.190840	2.444968
-0.268311	0.551270	0.872070	-2.335878	2.702290	-2.435115	2.455109
-0.285645	0.570557	0.919434	-1.770992	1.381679	-1.183206	2.465087
-0.297607	0.575439	0.915283	-3.259542	-0.610687	-0.419847	2.474910
-0.279541	0.536621	0.897705	-3.778626	-1.938931	-0.549618	2.485145
-0.266602	0.564941	0.893311	-4.412214	-2.427481	-0.450382	2.495288
-0.276123	0.555664	0.869629	-5.832061	-2.480916	-0.152672	2.505349
-0.271240	0.532959	0.839355	-5.160305	-1.801527	-0.198473	2.515412
-0.270752	0.543701	0.827148	-4.221374	-0.083969	-0.862595	2.526518
-0.266602	0.530762	0.838623	-2.526718	1.389313	-0.832061	2.536767
-0.269043	0.533691	0.851074	-2.221374	2.374046	-1.335878	2.546789
-0.271240	0.555664	0.877930	-1.847328	2.381679	-0.664122	2.556992
-0.287109	0.559082	0.906494	-2.549618	1.778626	-0.061069	2.566861
-0.294678	0.550293	0.924072	-2.404580	0.351145	0.312977	2.577703
-0.292725	0.537109	0.909180	-3.419847	-1.687023	0.557252	2.588157
-0.283936	0.541748	0.886719	-2.839695	-2.114504	0.893130	2.598324
-0.275879	0.523438	0.851074	-2.633588	-2.267176	0.648855	2.608402
-0.270020	0.525146	0.848145	-2.984733	-1.122137	-0.351145	2.618206
-0.275146	0.520996	0.850586	-3.877863	-0.206107	-1.832061	2.628533
-0.273682	0.536377	0.844482	-3.847328	1.083969	-2.618321	2.638450
-0.269775	0.556396	0.863281	-2.335878	1.908397	-2.000000	2.648488
-0.290039	0.563232	0.887451	-1.442748	1.900763	-0.977099	2.658678
-0.296387	0.556641	0.896729	-0.465649	1.213740	0.083969	2.668672
-0.285889	0.553711	0.901611	-0.358779	0.145038	0.656489	2.678577
-0.290771	0.551270	0.895996	-1.236641	-1.282443	0.618321	2.688843
-0.275391	0.531982	0.891113	-2.305344	-2.824427	0.633588	2.698844
-0.278809	0.543457	0.876465	-4.458015	-3.458015	0.351145	2.708939
-0.280762	0.523682	0.871826	-5.412214	-2.862595	-0.564885	2.718848
-0.265381	0.519775	0.842529	-5.282443	-2.022901	-1.160305	2.729130
-0.256836	0.520264	0.827393	-4.389313	-0.572519	-1.473282	2.739164
-0.261230	0.522461	0.842529	-2.328244	1.045802	-1.580153	2.749079
-0.267822	0.530029	0.838867	-0.564885	2.442748	-1.473282	2.759089
-0.277588	0.542480	0.879150	-0.458015	2.801527	-2.030534	2.769192
-0.288330	0.539551	0.901367	-0.282443	2.526718	-2.190840	2.779320
-0.253174	0.563721	1.007324	16.099237	15.587786	-1.061069	2.789274
-0.269531	0.543213	0.896240	-5.129771	-0.862595	-1.122137	2.799318
-0.275146	0.544189	0.881348	-3.618321	-1.145038	-1.198473	2.809451
-0.274658	0.544434	0.844482	-3.587786	-1.564885	-2.152672	2.819560
-0.259766	0.538818	0.835449	-3.274809	-1.091603	-1.709924	2.829718
-0.266357	0.530762	0.819580	-3.824427	0.938931	-2.778626	2.839844
-0.262939	0.547607	0.838135	-2.145038	2.618321	-2.557252	2.849912
-0.286133	0.557129	0.866943	-3.473282	2.206107	-2.167939	2.859965
-0.297852	0.549072	0.897217	-0.389313	1.664122	-0.832061	2.870105
-0.291504	0.553467	0.890625	-0.977099	0.648855	-0.259542	2.880367
-0.284180	0.544434	0.872803	-1.824427	-0.312977	-0.206107	2.890144
-0.253906	0.520264	0.858398	2.267176	4.648855	-1.732824	2.900240
-0.262451	0.538818	0.848877	-6.969466	0.114504	-2.381679	2.910491
-0.267578	0.543213	0.842529	-7.816794	0.816794	-2.679389	2.920569
-0.280029	0.535645	0.863525	-3.312977	2.213740	-2.473282	2.930571
-0.280273	0.535645	0.879883	-2.351145	2.068702	-2.519084	2.940473
-0.292969	0.561768	0.897217	-2.961832	1.389313	-2.114504	2.950595
-0.287109	0.558350	0.887695	-3.801527	-0.847328	-1.061069	2.960766
-0.283203	0.547119	0.878418	-4.305344	-1.274809	-0.870229	2.970883
-0.276611	0.537354	0.858154	-4.152672	-0.236641	-1.274809	2.981093
-0.283691	0.530518	0.861816	-8.847328	-0.709924	-3.503817	2.991176
-0.285645	0.490479	0.825928	-9.320611	0.206107	-7.183206	3.001267
-0.293945	0.514893	0.864990	-3.778626	2.312977	-9.618321	3.011382
-0.306885	0.497314	0.878906	4.328244	5.274809	-15.320611	3.021260
-0.291992	0.567627	0.869629	2.946565	4.229008	-13.916031	3.031592
-0.300293	0.575684	0.877197	4.755725	1.351145	-10.404580	3.041613
-0.293213	0.602295	0.887695	-1.946565	1.190840	-7.480916	3.051593
-0.276123	0.608398	0.868164	-2.748092	-0.587786	-3.061069	3.061616
-0.287109	0.553711	0.874023	-4.717557	-1.236641	-0.732824	3.071750
-0.288574	0.529541	0.855225	-5.610687	-0.083969	-1.885496	3.082216
-0.294189	0.518799	0.840332	-5.893130	0.625954	-2.618321	3.092143
-0.298340	0.524658	0.856445	-3.832061	1.328244	-2.267176	3.102277
-0.307861	0.561035	0.874512	-3.244275	1.099237	-1.854962	3.112297
-0.311523	0.552490	0.902344	-3.480916	0.038168	-1.175573	3.122212
-0.317383	0.562500	0.888428	-2.671756	-0.832061	-0.351145	3.132820
-0.307861	0.552734	0.889404	-3.198473	-1.725191	-0.038168	3.143014
-0.304688	0.555176	0.874268	-2.839695	-1.969466	-0.106870	3.153483
-0.286377	0.551270	0.841064	-3.992366	-1.412214	-0.015267	3.163705
-0.285645	0.534424	0.830322	-3.931298	-0.381679	-0.709924	3.173808
-0.286621	0.534180	0.846191	-3.076336	0.847328	-1.748092	3.184043
-0.291748	0.542725	0.854492	-3.160305	1.656489	-1.839695	3.193997
-0.292480	0.552002	0.879150	-1.961832	0.893130	-1.267176	3.204028
-0.301025	0.550293	0.897461	-4.419847	0.221374	-0.801527	3.214736
-0.300781	0.546143	0.903564	-3.893130	-0.358779	-0.450382	3.225176
-0.300293	0.537842	0.878906	-4.099237	-1.160305	-0.587786	3.235476
-0.296631	0.538574	0.866699	-3.335878	-1.312977	-0.496183	3.245541
-0.286865	0.534668	0.853271	-3.068702	-1.328244	-0.183206	3.255506
-0.286621	0.527344	0.841064	-2.992366	-0.435115	-0.633588	3.265660
-0.289795	0.530273	0.847168	-2.824427	0.603053	-1.061069	3.275769
-0.282959	0.526611	0.851074	-3.740458	0.732824	-1.954198	3.285925
-0.299072	0.528076	0.862305	-4.030534	0.656489	-2.839695	3.295852
-0.304199	0.552979	0.877930	-3.587786	0.564885	-3.068702	3.306172
-0.300293	0.546387	0.881348	-3.763359	-0.190840	-2.290076	3.316622
-0.303711	0.537842	0.875000	-3.984733	-0.572519	-2.137405	3.327119
-0.294922	0.540771	0.860352	-3.625954	-0.175573	-2.793893	3.337172
-0.298828	0.551025	0.864502	-3.541985	-0.053435	-2.709924	3.347131
-0.298828	0.541260	0.859131	-4.404580	0.007634	-2.526718	3.357026
-0.300781	0.550293	0.873047	-3.793893	-0.473282	-2.320611	3.367104
-0.300537	0.562012	0.868652	-3.938931	-0.984733	-1.351145	3.377381
-0.296631	0.548584	0.875000	-3.503817	-1.633588	0.167939	3.387542
-0.297119	0.561279	0.871582	-3.213740	-1.793893	0.893130	3.397481
-0.293945	0.538574	0.855225	-3.862595	-1.740458	0.709924	3.407726
-0.292480	0.527588	0.841553	-2.885496	-0.961832	0.267176	3.417797
-0.293701	0.536621	0.864014	-4.068702	-0.526718	-1.091603	3.428180
-0.295410	0.533447	0.865967	-5.015267	-0.480916	-1.770992	3.438265
-0.296631	0.534912	0.851562	-5.412214	0.473282	-2.564885	3.448333
-0.295410	0.542236	0.870850	-5.641221	-0.083969	-3.038168	3.458291
-0.293701	0.544922	0.855469	-5.229008	-0.328244	-2.870229	3.468533
-0.295166	0.549561	0.871826	-3.259542	-0.335878	-1.992366	3.478692
-0.299072	0.555908	0.871582	-3.465649	-1.061069	-0.786260	3.488627
-0.301758	0.546143	0.859619	-3.763359	-1.320611	-0.465649	3.498485
-0.293701	0.545166	0.854004	-3.450382	-1.229008	-0.312977	3.508641
-0.293701	0.539307	0.838135	-5.038168	-0.603053	-0.992366	3.518673
-0.291016	0.525635	0.843994	-5.946565	-0.259542	-2.076336	3.528548
-0.296143	0.532471	0.854980	-5.969466	0.709924	-2.984733	3.538449
-0.295410	0.534668	0.859619	-5.374046	0.625954	-3.152672	3.548512
-0.299805	0.541016	0.876953	-4.374046	0.335878	-2.488550	3.559010
-0.296875	0.540527	0.863525	-3.435115	0.160305	-1.656489	3.568921
-0.295898	0.524658	0.862061	-3.068702	0.618321	-1.435115	3.579366
-0.300781	0.516846	0.851074	-1.488550	1.137405	-1.961832	3.589522
-0.296143	0.543457	0.887451	-1.396947	0.816794	-1.465649	3.599593
-0.301025	0.553711	0.879639	-3.320611	0.160305	-0.694656	3.609550
-0.301025	0.523926	0.871094	-5.183206	-0.290076	-1.389313	3.619568
-0.299561	0.513428	0.858643	-4.435115	-0.343511	-2.557252	3.629798
-0.298096	0.513184	0.851807	-5.007634	-0.007634	-3.908397	3.639841
-0.290283	0.520020	0.836426	-3.961832	1.045802	-4.541985	3.649829
-0.285889	0.533203	0.856201	-2.480916	2.427481	-4.106870	3.660038
-0.299316	0.541504	0.888184	-2.465649	1.954198	-3.679389	3.669767
-0.308105	0.554688	0.908936	-1.969466	0.786260	-2.786260	3.680194
-0.304932	0.555420	0.886963	-2.053435	-0.167939	-1.076336	3.690138
-0.308350	0.545410	0.875244	-2.717557	-0.839695	-0.374046	3.700243
-0.307373	0.527100	0.861572	-3.938931	-0.923664	-0.969466	3.709336
-0.311523	0.522949	0.861084	-5.702290	-1.740458	-1.755725	3.717512
-0.296875	0.521729	0.844482	-5.832061	-0.969466	-2.396947	3.725778
-0.300049	0.535645	0.848389	-5.404580	-0.045802	-2.396947	3.734030
-0.300781	0.533447	0.839844	-3.870229	0.923664	-2.389313	3.742865
-0.301270	0.540527	0.853760	-2.870229	1.503817	-2.366412	3.751463
-0.311035	0.544922	0.873047	-1.351145	1.244275	-2.083969	3.759718
-0.315430	0.538818	0.889648	-1.290076	0.328244	-1.748092	3.768218
-0.309570	0.550049	0.881592	-2.206107	-0.282443	-1.603053	3.776571
-0.319092	0.564209	0.885010	-2.938931	-1.076336	-1.648855	3.784894
-0.309814	0.560791	0.891846	-4.770992	-1.885496	-0.931298	3.793203
-0.311279	0.535645	0.868896	-6.396947	-2.259542	-1.122137	3.801459
-0.310303	0.520752	0.842285	-5.656489	-1.488550	-1.862595	3.809665
-0.298340	0.537354	0.839600	-5.854962	-0.404580	-2.480916	3.818130
-0.302979	0.547119	0.851318	-3.786260	0.358779	-2.541985	3.826683
-0.303223	0.546387	0.855957	-3.572519	0.412214	-1.854962	3.835160
-0.311768	0.544678	0.876953	-4.061069	0.290076	-1.610687	3.843463
-0.312012	0.549316	0.877441	-5.267176	0.099237	-1.931298	3.851375
-0.304443	0.556152	0.863037	-4.801527	-0.572519	-1.343511	3.859246
-0.312012	0.555664	0.881836	-5.122137	-0.549618	-0.870229	3.867059
-0.310791	0.552246	0.881592	-5.587786	-0.793893	-0.419847	3.874827
-0.316650	0.534668	0.882568	-5.885496	-1.503817	-0.221374	3.883007
-0.325684	0.530518	0.872803	-5.969466	-1.740458	-0.709924	3.890867
-0.310303	0.544189	0.859863	-5.526718	-1.740458	-0.793893	3.900007
-0.296143	0.548828	0.847656	-5.343511	-1.412214	-0.366412	3.908123
-0.303711	0.536865	0.852295	-4.572519	-0.984733	0.160305	3.916470
-0.298096	0.526367	0.856689	-4.229008	-1.152672	-0.145038	3.924755
-0.293213	0.531982	0.863525	-4.473282	-0.511450	-0.786260	3.933162
-0.299072	0.535645	0.867188	-5.251908	-0.473282	-0.908397	3.941414
-0.287842	0.524658	0.868164	-4.877863	-0.099237	-0.366412	3.949516
-0.294922	0.527100	0.843506	-2.854962	0.809160	-0.435115	3.957905
-0.298340	0.530273	0.860840	-1.175573	1.091603	-0.328244	3.965934
-0.315918	0.537354	0.897949	-1.534351	-0.099237	0.099237	3.974206
-0.315430	0.538818	0.885254	-1.656489	-0.992366	0.091603	3.982452
-0.304688	0.542725	0.866455	-1.213740	-0.984733	0.412214	3.990742
-0.306152	0.550293	0.862305	-1.603053	-1.183206	0.648855	3.998857
-0.298340	0.543945	0.859863	-2.893130	-1.068702	0.671756	4.007125
-0.303711	0.533936	0.846924	-4.160305	-1.038168	0.381679	4.015466
-0.297119	0.527588	0.840088	-4.419847	-1.923664	-0.068702	4.023685
-0.303223	0.527100	0.862061	-3.656489	0.412214	0.045802	4.032117
-0.303711	0.528564	0.869873	-4.236641	-0.053435	-0.282443	4.040390
-0.301270	0.534180	0.868408	-4.458015	-0.114504	-0.374046	4.048655
-0.296875	0.531006	0.865234	-3.801527	-0.030534	0.122137	4.056971
-0.302734	0.522949	0.866211	-4.160305	-0.381679	-0.038168	4.065201
-0.297607	0.515381	0.874023	-3.145038	-0.839695	-0.015267	4.073362
-0.310547	0.527832	0.855957	-2.129771	-0.694656	-0.244275	4.081707
-0.304932	0.529785	0.866699	-1.740458	-0.984733	-0.190840	4.089909
-0.307861	0.540039	0.864258	-2.709924	-1.480916	-0.129771	4.098102
-0.294189	0.525146	0.848145	-4.106870	-1.083969	-0.580153	4.106365
-0.291748	0.528809	0.833740	-4.290076	-0.511450	-0.641221	4.114465
-0.282471	0.517578	0.844482	-4.305344	0.328244	-1.183206	4.122850
-0.300293	0.518555	0.845947	-3.618321	0.847328	-1.587786	4.131302
-0.295166	0.527832	0.859619	-3.717557	1.274809	-1.656489	4.139546
-0.309082	0.516357	0.868164	-4.198473	0.992366	-1.557252	4.147863
-0.300781	0.524170	0.884277	-4.007634	0.664122	-1.625954	4.156148
-0.311279	0.529053	0.884521	-4.290076	0.183206	-1.984733	4.164391
-0.307617	0.525146	0.883545	-5.503817	-0.648855	-2.351145	4.172664
-0.306152	0.516113	0.877930	-5.641221	-1.770992	-2.900763	4.181021
-0.306152	0.531006	0.866455	-5.007634	-1.549618	-3.610687	4.189225
-0.297852	0.530762	0.842529	-3.229008	-0.908397	-3.442748	4.197342
-0.298340	0.530029	0.846436	-2.053435	0.557252	-3.725191	4.205736
-0.297852	0.515625	0.830811	-1.435115	1.770992	-4.167939	4.213817
-0.307373	0.523438	0.856445	-0.801527	2.717557	-5.045802	4.221785
-0.313232	0.533936	0.881836	-2.320611	3.053435	-5.534351	4.230370
-0.315430	0.531250	0.875000	-2.022901	2.877863	-5.862595	4.238638
-0.314209	0.551025	0.892090	-1.137405	2.358779	-5.335878	4.246874
-0.320068	0.565186	0.904297	-1.282443	1.122137	-3.717557	4.255250
-0.308350	0.561523	0.881348	-3.580153	-0.183206	-1.908397	4.263604
-0.304199	0.532715	0.847900	-2.305344	-0.488550	-0.931298	4.272154
-0.302490	0.532959	0.857422	-2.587786	-0.465649	-1.091603	4.280590
-0.304932	0.511719	0.854248	-3.694656	0.106870	-2.083969	4.288836
-0.305176	0.514404	0.839600	-3.465649	0.519084	-2.908397	4.297359
-0.303223	0.519531	0.842773	-3.519084	1.580153	-3.809160	4.305404
-0.305176	0.531250	0.860352	-3.587786	3.931298	-5.030534	4.313686
-0.310059	0.566406	0.855469	-1.618321	2.687023	-4.290076	4.321881
-0.297363	0.552979	0.860840	-6.885496	3.992366	-2.564885	4.330376
-0.307373	0.539551	0.860107	-2.129771	1.145038	-2.122137	4.338834
-0.328125	0.542480	0.883057	-2.404580	1.984733	-2.916031	4.347179
-0.322998	0.550293	0.895752	-2.541985	1.335878	-2.183206	4.355928
-0.324463	0.531494	0.891846	-2.618321	-0.145038	-0.877863	4.365685
-0.322510	0.538086	0.882080	-5.458015	0.290076	-3.893130	4.373869
-0.318359	0.529053	0.878174	-2.290076	-1.045802	-1.404580	4.382165
-0.317627	0.544189	0.896973	-5.030534	-1.679389	-2.175573	4.390608
-0.304443	0.540283	0.855469	-4.664122	-1.671756	-1.412214	4.398957
-0.309814	0.542969	0.842773	-3.740458	-0.870229	-1.206107	4.406998
-0.307129	0.532227	0.846436	-4.129771	0.030534	-1.404580	4.415379
-0.327881	0.524170	0.835938	-2.389313	1.541985	-1.396947	4.423328
-0.317139	0.542969	0.867188	-1.473282	1.885496	-1.809160	4.431752
-0.323242	0.564453	0.884521	-0.732824	1.656489	-1.167939	4.440159
-0.322754	0.564453	0.893555	-1.458015	0.824427	-0.129771	4.448347
-0.321045	0.562988	0.896484	-2.351145	-0.236641	0.648855	4.456568
-0.328857	0.539062	0.880859	-2.816794	-1.664122	0.603053	4.464756
-0.329102	0.540283	0.870361	-5.167939	-1.938931	-0.687023	4.472927
-0.323730	0.536621	0.862305	-6.114504	-2.274809	-1.236641	4.481360
-0.314453	0.535400	0.840576	-6.961832	-1.977099	-1.770992	4.489656
-0.303711	0.528076	0.843018	-7.022901	-1.358779	-2.000000	4.497845
-0.304932	0.522705	0.862305	-5.740458	-0.435115	-2.206107	4.505982
-0.313232	0.525391	0.850830	-3.801527	0.076336	-1.610687	4.514236
-0.310791	0.538086	0.861572	-3.725191	-1.381679	-2.122137	4.522211
-0.319580	0.537598	0.853271	-2.045802	1.022901	-0.603053	4.530826
-0.318604	0.541748	0.897949	-0.778626	0.198473	-0.221374	4.539021
-0.342529	0.549805	0.886963	-3.152672	-0.152672	-0.206107	4.547333
-0.323730	0.546631	0.885254	-2.061069	-0.893130	0.358779	4.555547
-0.327637	0.561035	0.898438	-3.984733	-2.900763	0.251908	4.563742
-0.320068	0.552490	0.866211	-5.374046	-2.419847	1.335878	4.572061
-0.311523	0.546875	0.853760	-4.778626	-2.824427	1.564885	4.580456
-0.305908	0.540039	0.849365	-5.839695	-2.480916	1.267176	4.588530
-0.308350	0.537354	0.837158	-5.343511	-1.824427	1.633588	4.597286
-0.301270	0.531982	0.842529	-5.221374	-1.450382	1.618321	4.605525
-0.304199	0.531982	0.825684	-4.099237	-0.633588	1.870229	4.613735
-0.308105	0.525146	0.843994	-4.022901	0.083969	1.267176	4.621964
-0.305420	0.520020	0.859619	-3.648855	0.511450	1.152672	4.630449
-0.312012	0.518799	0.874512	-2.793893	0.419847	0.465649	4.638665
-0.318848	0.524414	0.883057	-3.396947	0.419847	-0.259542	4.646842
-0.320312	0.527832	0.877197	-3.541985	-0.633588	-0.442748	4.655089
-0.312256	0.540527	0.889893	-4.022901	-1.076336	-0.496183	4.663276
-0.309326	0.533936	0.860596	-3.427481	-1.404580	0.251908	4.671553
-0.302246	0.522705	0.855713	-3.114504	-0.954198	0.221374	4.679761
-0.304932	0.529297	0.860352	-3.320611	-0.755725	0.106870	4.687858
-0.307373	0.530273	0.862305	-3.992366	-0.671756	-0.259542	4.696168
-0.301025	0.511230	0.861084	-3.946565	-0.465649	-0.633588	4.704193
-0.307373	0.512939	0.857910	-3.877863	-0.213740	-1.312977	4.712349
-0.310059	0.514893	0.854004	-4.297710	-0.389313	-2.114504	4.720643
-0.308838	0.517578	0.857178	-3.992366	-0.145038	-3.015267	4.730158
-0.316406	0.518555	0.860107	-1.374046	0.099237	-3.541985	4.739492
-0.307861	0.520264	0.875244	0.786260	0.221374	-3.404580	4.748847
-0.314697	0.537598	0.863525	1.305344	0.114504	-3.709924	4.758190
-0.301025	0.540039	0.865723	-0.473282	-2.877863	-4.984733	4.767369
-0.311523	0.549805	0.852539	1.778626	0.549618	-2.740458	4.776436
-0.312988	0.552246	0.878906	-3.290076	-0.740458	-2.992366	4.785704
-0.307617	0.544678	0.861572	-3.221374	-1.007634	-1.389313	4.795480
-0.311035	0.531494	0.855469	-4.183206	-1.259542	-1.190840	4.805026
-0.306885	0.520508	0.830811	-5.190840	-0.694656	-0.885496	4.814170
-0.309570	0.511963	0.831543	-2.687023	-0.114504	-0.847328	4.823354
-0.324463	0.501465	0.845703	-2.541985	0.702290	-2.083969	4.832806
-0.296631	0.504883	0.829102	-1.419847	1.175573	-2.412214	4.842080
-0.299561	0.520020	0.837646	-0.374046	1.778626	-2.908397	4.851309
-0.314453	0.539062	0.878906	-0.412214	2.007634	-2.763359	4.860580
-0.321289	0.553467	0.895264	-0.809160	0.221374	-2.114504	4.869865
-0.326904	0.542725	0.888916	-2.679389	-1.122137	-1.366412	4.879705
-0.341309	0.527588	0.866455	-4.198473	-0.770992	-1.137405	4.889281
-0.315430	0.528809	0.862793	-2.450382	-1.030534	-1.374046	4.898557
-0.305420	0.521729	0.842773	-4.000000	-0.740458	-2.290076	4.907995
-0.298096	0.526611	0.821777	-2.755725	0.312977	-2.000000	4.917298
-0.302490	0.531982	0.819092	-2.442748	1.190840	-1.343511	4.926978
-0.307617	0.516113	0.844727	-2.152672	1.343511	-1.610687	4.936117
-0.322021	0.523193	0.864746	-1.793893	1.580153	-1.801527	4.945413
-0.327881	0.529541	0.882568	-0.984733	0.824427	-1.961832	4.954650
-0.333252	0.532227	0.889404	-1.557252	0.297710	-1.946565	4.963906
-0.330078	0.537842	0.888916	-1.488550	0.000000	-1.740458	4.973139
-0.319580	0.531250	0.879883	-2.610687	-0.809160	-2.160305	4.982749
-0.319336	0.534424	0.860596	-3.732824	-1.534351	-2.671756	4.991870
-0.322510	0.536377	0.845947	-4.923664	-1.603053	-3.053435	5.001265
-0.309082	0.541260	0.830566	-4.099237	-0.641221	-2.709924	5.010628
-0.306152	0.542969	0.835449	-3.488550	0.114504	-1.916031	5.019874
-0.307861	0.546631	0.851562	-2.969466	0.656489	-1.465649	5.029305
-0.321045	0.546631	0.860352	-1.938931	1.213740	-0.435115	5.038514
-0.321777	0.538330	0.862549	-2.854962	0.854962	-0.480916	5.047895
-0.325928	0.529297	0.862305	-2.801527	0.740458	-0.580153	5.057172
-0.327148	0.541016	0.890137	-2.236641	0.236641	-0.687023	5.066294
-0.324951	0.538818	0.870850	-3.709924	-0.664122	-0.717557	5.075475
-0.313721	0.542480	0.854980	-3.175573	-0.938931	-0.061069	5.085049
-0.319336	0.536377	0.854980	-2.893130	-1.000000	0.511450	5.094519
-0.315430	0.515869	0.857178	-4.770992	-0.992366	-1.641221	5.103798
-0.316650	0.519287	0.844727	-5.862595	-1.114504	-2.305344	5.112957
-0.314453	0.527100	0.839111	-4.198473	-0.419847	-2.854962	5.122303
-0.311768	0.531494	0.837402	-1.954198	0.732824	-2.320611	5.131562
-0.324219	0.536621	0.872559	-0.816794	1.244275	-2.328244	5.140585
-0.327637	0.552246	0.886230	-1.198473	0.145038	-1.748092	5.150027
-0.322998	0.561768	0.866943	-1.473282	-0.603053	-0.564885	5.159273
-0.327881	0.547607	0.868896	-2.526718	-1.328244	-0.091603	5.168548
-0.323730	0.535400	0.852539	-3.290076	-1.389313	-0.267176	5.177921
-0.306152	0.537354	0.841309	-3.992366	-1.931298	-0.297710	5.187428
-0.313965	0.527100	0.839844	-5.473282	-1.633588	-0.694656	5.196655
-0.320801	0.524170	0.851562	-5.244275	-1.022901	-1.167939	5.205885
-0.322266	0.519043	0.849854	-5.549618	-1.015267	-2.083969	5.215211
-0.317871	0.512207	0.841797	-5.534351	-0.366412	-3.206107	5.224426
-0.324707	0.515869	0.859375	-3.160305	0.473282	-3.435115	5.233908
-0.327393	0.538086	0.871826	-3.267176	0.328244	-3.427481	5.243077
-0.328369	0.541016	0.859863	-3.564885	0.511450	-3.015267	5.252543
-0.323730	0.545166	0.872803	-4.022901	-0.473282	-2.625954	5.261904
-0.314209	0.542236	0.853271	-4.160305	-0.366412	-2.419847	5.271190
-0.316406	0.553711	0.862061	-3.465649	-0.267176	-1.709924	5.280495
-0.327148	0.558594	0.889404	-3.541985	-0.702290	-0.641221	5.289912
-0.328369	0.544922	0.878174	-3.564885	-1.206107	0.076336	5.299051
-0.330566	0.536621	0.874268	-3.480916	-1.832061	0.160305	5.308215
-0.317627	0.537598	0.871338	-3.167939	-2.015267	0.816794	5.317301
-0.302734	0.526855	0.838623	-2.297710	-1.106870	0.931298	5.326860
-0.300293	0.529541	0.838623	-1.633588	0.190840	0.412214	5.336124
-0.315918	0.537598	0.858887	-2.519084	0.702290	0.129771	5.345750
-0.322266	0.531494	0.870361	-2.900763	0.480916	-0.145038	5.354923
-0.324219	0.528076	0.879395	-2.961832	0.229008	-0.893130	5.363171
-0.326416	0.534668	0.868652	-2.954198	-0.587786	-1.114504	5.371860
-0.324463	0.543701	0.870850	-2.526718	-0.610687	-0.770992	5.380227
-0.325684	0.548340	0.880127	-3.083969	-1.435115	-0.488550	5.388520
-0.327148	0.539307	0.865967	-4.152672	-1.824427	-0.687023	5.396756
-0.328369	0.528809	0.854492	-4.488550	-1.992366	-1.213740	5.405053
-0.316895	0.535645	0.844727	-4.282443	-1.534351	-1.412214	5.413290
-0.313477	0.552246	0.843750	-4.183206	-0.992366	-1.206107	5.421592
-0.307129	0.548340	0.847168	-4.854962	-1.122137	-0.496183	5.429890
-0.314697	0.532227	0.844482	-4.770992	-0.519084	-0.114504	5.438018
-0.317871	0.514160	0.852539	-3.435115	0.335878	-0.305344	5.446240
-0.328613	0.518799	0.865967	-2.213740	0.305344	-0.832061	5.454904
-0.328125	0.527100	0.858643	-2.374046	-0.022901	-1.137405	5.463399
-0.320557	0.524658	0.874512	-1.022901	-0.198473	-0.702290	5.471679
-0.312988	0.533447	0.856445	-0.961832	-0.541985	-0.755725	5.480143
-0.322510	0.538818	0.835693	-0.916031	-0.312977	-1.122137	5.488412
-0.329834	0.555420	0.862549	-1.534351	-0.618321	-0.801527	5.496555
-0.315430	0.553711	0.869629	-3.778626	-0.778626	-0.885496	5.504543
-0.299561	0.555176	0.842041	-3.496183	1.832061	0.015267	5.512851
-0.319336	0.546631	0.874512	-3.587786	-0.587786	-0.702290	5.521082
-0.317871	0.536865	0.848633	-5.770992	-0.702290	-0.694656	5.529300
-0.300537	0.530762	0.824951	-3.076336	0.030534	-0.099237	5.537515
-0.312744	0.528809	0.834473	-3.458015	-0.083969	-0.671756	5.545781
-0.310547	0.522705	0.850830	-3.259542	-0.106870	-0.603053	5.554136
-0.306152	0.534424	0.857666	-3.000000	-0.229008	-0.572519	5.562405
-0.317627	0.542969	0.854492	-3.450382	-0.458015	-0.519084	5.570669
-0.320557	0.529785	0.859131	-4.328244	-0.480916	-0.832061	5.579045
-0.320312	0.528320	0.870605	-4.061069	-0.770992	-1.213740	5.587019
-0.315674	0.528564	0.867920	-3.916031	-1.007634	-0.954198	5.595371
-0.317383	0.527832	0.848633	-3.404580	-0.435115	-1.610687	5.603612
-0.312012	0.538086	0.846924	-1.595420	0.022901	-1.007634	5.611795
-0.314697	0.534180	0.857910	-1.488550	-0.114504	-0.992366	5.620015
-0.318604	0.532227	0.850342	-2.496183	0.534351	-1.770992	5.628425
-0.320557	0.542725	0.841553	-1.870229	0.854962	-1.587786	5.636555
-0.314941	0.542236	0.841064	-2.732824	1.007634	-1.427481	5.644675
-0.312988	0.539795	0.837891	-2.893130	1.427481	-1.320611	5.652920
-0.334717	0.548096	0.882324	-3.610687	0.419847	-1.022901	5.661296
-0.334961	0.545898	0.893555	-4.511450	-0.343511	-1.267176	5.669588
-0.325684	0.541016	0.871826	-4.664122	-1.015267	-1.015267	5.677860
-0.323486	0.533203	0.872314	-4.992366	-1.679389	-1.206107	5.685997
-0.327881	0.534668	0.881104	-4.328244	-1.595420	-1.282443	5.694091
-0.319824	0.542969	0.863281	-4.045802	-1.778626	-0.977099	5.702494
-0.312988	0.537842	0.842285	-4.526718	-1.702290	-0.595420	5.710797
-0.309326	0.529297	0.826660	-4.580153	-1.358779	-0.656489	5.719134
-0.316406	0.529785	0.830078	-3.412214	-0.419847	-1.465649	5.727570
-0.313965	0.535889	0.839844	-2.435115	0.358779	-1.465649	5.735776
-0.316162	0.559570	0.842529	-1.839695	1.038168	-1.412214	5.743988
-0.322998	0.544434	0.857422	-1.122137	1.847328	-1.358779	5.751902
-0.340820	0.556885	0.894775	-1.396947	1.305344	-0.946565	5.760396
-0.347900	0.546387	0.902832	-2.801527	-0.320611	-0.763359	5.768581
-0.333740	0.549072	0.893799	-3.900763	-1.305344	-0.595420	5.776911
-0.330322	0.546631	0.874023	-4.419847	-1.877863	-0.229008	5.785066
-0.323242	0.549805	0.861328	-4.503817	-2.137405	-0.015267	5.793212
-0.320557	0.540283	0.864014	-4.885496	-2.870229	0.618321	5.801568
-0.315674	0.528076	0.838379	-3.274809	-2.335878	0.984733	5.809851
-0.311523	0.524902	0.834961	-2.068702	-2.045802	1.053435	5.818039
-0.319580	0.527100	0.826904	-2.778626	-1.885496	0.175573	5.826526
-0.307129	0.520996	0.820312	-3.389313	-0.603053	-0.816794	5.834684
-0.306152	0.527344	0.815674	-3.778626	0.824427	-1.633588	5.842933
-0.322510	0.538330	0.839600	-3.770992	2.053435	-2.572519	5.851305
-0.332275	0.541748	0.883057	-3.435115	1.679389	-2.442748	5.859406
-0.338623	0.559082	0.894287	-3.229008	0.625954	-1.442748	5.867574
-0.331299	0.557617	0.886719	-1.984733	-0.763359	0.206107	5.876458
-0.335938	0.554932	0.876465	-1.618321	-2.152672	1.664122	5.884585
-0.328613	0.552246	0.860596	-2.496183	-2.664122	1.870229	5.892857
-0.321777	0.534668	0.850830	-3.877863	-3.007634	1.503817	5.901039
-0.314697	0.523926	0.828369	-5.458015	-2.687023	0.511450	5.909290
-0.304199	0.515381	0.810303	-6.702290	-1.458015	-0.404580	5.917544
-0.298584	0.502686	0.816162	-7.152672	0.061069	-2.282443	5.925913
-0.309326	0.512207	0.830322	-5.938931	1.603053	-3.465649	5.934150
-0.308838	0.523926	0.844238	-5.221374	2.152672	-3.862595	5.942403
-0.322021	0.525146	0.882324	-4.259542	2.625954	-4.145038	5.950598
-0.331787	0.542480	0.908936	-3.519084	2.145038	-5.137405	5.958722
-0.333984	0.553467	0.923340	-0.916031	2.832061	-3.412214	5.966968
-0.356934	0.568604	0.948975	-5.526718	-2.419847	-4.778626	5.975768
-0.327637	0.554688	0.897217	-7.068702	-3.442748	-4.328244	5.984120
-0.328613	0.550293	0.857422	-3.053435	-3.404580	-3.045802	5.992313
-0.324707	0.561768	0.857910	-5.312977	-3.564885	-3.038168	6.000707
-0.348633	0.540527	0.770508	0.847328	-0.366412	3.687023	6.009087
-0.312744	0.537598	0.845947	-5.564885	-0.862595	-1.847328	6.017274
-0.314209	0.530762	0.843750	-5.694656	-0.335878	-2.282443	6.025636
-0.318848	0.551025	0.841309	-2.519084	-1.061069	-1.007634	6.033700
-0.330078	0.560059	0.847168	-5.534351	-0.633588	-1.183206	6.041815
-0.320068	0.575439	0.853271	-2.167939	-0.183206	1.251908	6.050174
-0.320312	0.546143	0.844971	-4.557252	-0.580153	1.175573	6.058250
-0.305664	0.529053	0.831787	-2.687023	0.404580	1.351145	6.066649
-0.322266	0.540039	0.847412	-0.213740	0.519084	2.206107	6.074718
-0.313477	0.549072	0.857910	-0.656489	1.442748	2.251908	6.083155
-0.324219	0.540527	0.854248	-1.236641	0.351145	3.274809	6.091333
-0.329102	0.496094	0.845703	-3.465649	-0.595420	2.396947	6.099407
-0.322266	0.484863	0.840332	-4.290076	-0.633588	0.190840	6.107754
-0.313965	0.513428	0.844482	-4.625954	-0.221374	-1.106870	6.115979
-0.311523	0.527344	0.847168	-5.916031	-0.183206	-1.007634	6.124140
-0.311523	0.516113	0.831543	-5.870229	-0.167939	-0.809160	6.132327
-0.313477	0.493408	0.821533	-7.045802	2.229008	-2.152672	6.140703
-0.331299	0.503418	0.858398	-1.389313	0.519084	-1.641221	6.149138
-0.318848	0.527588	0.847168	-1.091603	0.694656	-1.450382	6.157271
-0.314941	0.536377	0.849365	-0.580153	0.618321	-0.969466	6.165444
-0.314697	0.537842	0.860352	-0.175573	0.557252	-0.122137	6.173616
-0.323730	0.522217	0.858643	-1.755725	0.580153	-0.419847	6.182067
-0.323486	0.516602	0.869629	-2.832061	-0.175573	-1.229008	6.190332
-0.324951	0.537842	0.870605	-3.496183	-0.587786	-1.534351	6.198551
-0.320312	0.540283	0.847900	-5.389313	-0.648855	-1.770992	6.206834
-0.325195	0.532471	0.864502	-2.992366	-0.145038	-1.381679	6.215131
-0.328857	0.538086	0.886230	-3.572519	-0.816794	-1.045802	6.223240
-0.315918	0.520508	0.838379	-5.259542	-0.870229	-1.458015	6.231461
-0.309082	0.517090	0.824707	-2.175573	0.603053	-1.122137	6.239757
-0.320801	0.530029	0.842529	-0.618321	1.221374	-0.946565	6.248024
-0.319824	0.531250	0.845215	-1.610687	1.557252	-1.083969	6.256249
-0.322510	0.535156	0.856445	-1.045802	1.480916	-1.030534	6.264238
-0.322021	0.540771	0.869141	-1.847328	0.977099	-1.030534	6.272662
-0.333496	0.537598	0.889893	-3.068702	0.572519	-1.015267	6.280907
-0.322998	0.547363	0.878418	-4.427481	0.519084	-1.229008	6.289128
-0.335205	0.562256	0.880615	-5.435115	-0.145038	-1.114504	6.297271
-0.337646	0.557861	0.883545	-5.122137	-1.748092	0.557252	6.305461
-0.357178	0.532715	0.893311	-3.984733	-1.992366	-0.045802	6.313735
-0.329834	0.522461	0.866211	-4.717557	-2.511450	-0.687023	6.321992
-0.318359	0.513672	0.825195	-3.488550	-1.221374	-1.366412	6.330310
-0.307129	0.524414	0.821045	-2.160305	0.221374	-1.618321	6.338624
-0.308838	0.533447	0.833008	-1.984733	1.488550	-1.755725	6.346823
-0.324463	0.525879	0.852295	-2.450382	1.885496	-2.007634	6.355462
-0.335693	0.537842	0.862793	-3.045802	1.572519	-2.702290	6.365613
-0.338867	0.544922	0.886963	-3.526718	0.961832	-3.129771	6.373699
-0.337891	0.554932	0.891357	-3.175573	-0.152672	-2.442748	6.382095
-0.341797	0.574707	0.896240	-2.961832	-1.656489	-1.312977	6.390678
-0.335938	0.570312	0.893799	-3.862595	-3.160305	-0.396947	6.398893
-0.334961	0.557861	0.877441	-4.061069	-3.366412	0.183206	6.407043
-0.329102	0.544678	0.854248	-4.404580	-3.183206	0.190840	6.415382
-0.320801	0.538086	0.837646	-5.358779	-2.465649	-0.687023	6.423629
-0.318848	0.526123	0.821533	-5.114504	-1.839695	-1.106870	6.431949
-0.312012	0.520020	0.820557	-4.450382	-0.854962	-1.328244	6.440112
-0.312988	0.516113	0.811768	-3.396947	0.419847	-1.465649	6.448307
-0.299072	0.511475	0.796387	-1.511450	2.160305	-2.175573	6.456656
-0.354980	0.515625	0.823242	7.045802	1.053435	0.633588	6.464784
-0.351318	0.544434	0.895020	2.381679	3.091603	-0.335878	6.473010
-0.348877	0.542725	0.903076	-1.877863	-0.458015	-2.122137	6.481341
-0.335205	0.555908	0.869873	-1.374046	-2.503817	-1.198473	6.489752
-0.309082	0.578125	0.851074	-1.488550	-0.137405	-0.458015	6.498313
-0.308105	0.566895	0.868408	-1.145038	-3.290076	-0.129771	6.506563
-0.328369	0.540771	0.854004	-8.580153	-3.541985	-1.557252	6.514773
-0.301514	0.522217	0.798340	-3.984733	-1.328244	-0.557252	6.523125
-0.304199	0.503906	0.795410	-3.740458	-0.564885	-0.885496	6.531341
-0.310303	0.503418	0.796875	-3.900763	1.000000	-2.145038	6.539606
-0.322510	0.515137	0.821777	-2.152672	2.801527	-2.786260	6.547846
-0.314453	0.540039	0.839111	-0.885496	3.938931	-2.450382	6.556088
-0.323486	0.545166	0.857910	1.511450	4.030534	-1.068702	6.564292
-0.322021	0.546143	0.892822	1.404580	3.709924	-0.664122	6.572395
-0.328857	0.557129	0.906006	-0.763359	1.931298	0.030534	6.580723
-0.321289	0.547363	0.867676	-3.664122	0.717557	0.061069	6.588971
-0.325195	0.489990	0.785400	-8.427481	2.633588	-3.442748	6.597188
-0.340088	0.517334	0.863281	0.786260	2.290076	-0.832061	6.605374
-0.332764	0.533447	0.876709	-4.030534	0.137405	-1.099237	6.613679
-0.322266	0.508301	0.821289	-7.877863	0.122137	-2.511450	6.621969
-0.307373	0.494385	0.806885	-4.740458	0.648855	-3.183206	6.630206
-0.317871	0.521484	0.826660	-3.755725	1.801527	-3.893130	6.638320
-0.323730	0.520020	0.836182	-5.076336	2.083969	-4.832061	6.646748
-0.334961	0.528320	0.861572	-2.183206	2.190840	-4.381679	6.655023
-0.342773	0.538330	0.875977	0.236641	2.099237	-4.030534	6.663235
-0.336914	0.554932	0.882080	0.603053	1.755725	-3.870229	6.671373
-0.346924	0.574463	0.884277	1.496183	1.335878	-2.641221	6.679727
-0.342773	0.590820	0.893066	0.847328	0.793893	-1.458015	6.688049
-0.342041	0.577881	0.873535	-1.175573	-0.702290	-0.702290	6.696325
-0.348633	0.568604	0.866699	-3.152672	-1.786260	-0.122137	6.704669
-0.343750	0.540527	0.855225	-4.038168	-1.572519	-0.694656	6.712868
-0.331787	0.533691	0.845947	-5.320611	-1.175573	-1.725191	6.721118
-0.332275	0.539062	0.831543	-5.557252	-0.534351	-2.496183	6.729486
-0.320312	0.530029	0.831543	-4.572519	0.068702	-2.114504	6.737795
-0.326904	0.526855	0.835449	-2.450382	0.992366	-1.511450	6.746118
-0.327393	0.529541	0.824463	-0.885496	1.633588	-1.335878	6.754367
-0.319580	0.534668	0.829834	0.450382	2.274809	-1.045802	6.762620
-0.325928	0.541260	0.853516	1.725191	2.717557	-0.671756	6.770784
-0.340820	0.538818	0.874512	0.893130	2.610687	-1.145038	6.778672
-0.354736	0.517090	0.889893	-0.282443	1.893130	-2.961832	6.787224
-0.362305	0.546875	0.918701	-1.374046	-0.763359	-2.870229	6.795359
-0.343506	0.552246	0.880127	-4.038168	-2.145038	-3.274809	6.803599
-0.331543	0.543213	0.833740	-6.435115	-2.954198	-2.351145	6.811897
-0.320557	0.545898	0.825195	-4.290076	-1.801527	-1.519084	6.820030
-0.323730	0.531738	0.804443	-5.175573	-1.000000	-1.488550	6.828434
-0.312256	0.514893	0.772217	-5.969466	0.312977	-2.389313	6.836691
-0.315430	0.518066	0.780029	-1.946565	0.007634	-2.396947	6.844903
-0.314209	0.533936	0.835693	0.824427	2.732824	-1.923664	6.853208
-0.335938	0.542969	0.854736	0.534351	2.725191	-1.816794	6.861364
-0.340820	0.536865	0.853760	1.541985	1.847328	-1.129771	6.869809
-0.338867	0.544434	0.873535	2.053435	0.961832	-0.694656	6.877902
-0.347900	0.557129	0.891602	1.160305	-0.618321	-0.488550	6.886382
-0.343262	0.549561	0.884521	-0.427481	-1.801527	-0.038168	6.894610
-0.340088	0.544434	0.843506	-2.389313	-2.839695	-0.526718	6.903171
-0.336670	0.538086	0.844727	-2.076336	-3.152672	-0.366412	6.911307
-0.326660	0.532715	0.828125	-2.893130	-2.625954	-1.175573	6.919535
-0.318604	0.535645	0.802246	-4.114504	-1.725191	-1.793893	6.927826
-0.309326	0.543213	0.805420	-2.618321	-0.541985	-1.091603	6.936129
-0.322754	0.553711	0.823242	-1.343511	0.679389	-0.427481	6.944231
-0.335693	0.543701	0.842285	-1.709924	1.099237	-0.427481	6.952554
-0.344482	0.533203	0.864746	-1.488550	0.129771	-0.152672	6.960727
-0.340820	0.540283	0.868408	-3.511450	-1.251908	-0.709924	6.969079
-0.325439	0.544434	0.847168	-4.236641	-1.664122	-0.969466	6.977322
-0.333984	0.541504	0.843750	-3.328244	-1.763359	-0.534351	6.985650
-0.337646	0.531006	0.849854	-4.557252	-2.099237	-1.175573	6.993835
-0.327393	0.530273	0.836182	-4.709924	-2.061069	-2.030534	7.002092
-0.325928	0.538574	0.830078	-3.183206	-1.458015	-2.076336	7.010523
-0.318359	0.550537	0.836670	-3.114504	-1.129771	-1.610687	7.018858
-0.323730	0.546631	0.826660	-3.541985	-0.526718	-1.923664	7.027026
-0.335449	0.542725	0.838867	-3.557252	-0.343511	-2.114504	7.035314
-0.334717	0.549805	0.852051	-4.480916	-0.473282	-2.801527	7.043591
-0.341309	0.560547	0.854004	-6.267176	-1.068702	-2.832061	7.051940
-0.341553	0.572998	0.869385	-6.816794	-1.641221	-2.694656	7.060103
-0.344482	0.577881	0.881592	-8.496183	-2.854962	-2.000000	7.068374
-0.339111	0.572266	0.867432	-8.137405	-3.167939	-1.297710	7.076746
-0.344727	0.570801	0.849609	-6.595420	-2.900763	-0.458015	7.084726
-0.337402	0.568359	0.845947	-6.664122	-2.610687	0.244275	7.093108
-0.333496	0.553711	0.826172	-6.992366	-2.435115	0.656489	7.101332
-0.335449	0.527100	0.827393	-4.534351	-1.213740	0.725191	7.109556
-0.324463	0.520996	0.817627	-3.496183	-0.061069	0.083969	7.117902
-0.323975	0.524414	0.808105	-3.190840	1.335878	-0.854962	7.126119
-0.324463	0.525146	0.820068	-1.992366	3.251908	-1.938931	7.134390
-0.338135	0.538574	0.859863	-1.526718	3.526718	-1.786260	7.142794
-0.340088	0.551270	0.883057	-1.862595	3.374046	-1.587786	7.150713
-0.343750	0.549316	0.885742	-2.419847	2.198473	-1.160305	7.158630
-0.344238	0.539062	0.865723	-2.343511	1.007634	-0.854962	7.166470
-0.333740	0.532959	0.853760	-1.190840	0.938931	-1.022901	7.174150
-0.337402	0.552246	0.875000	-1.885496	0.022901	-1.290076	7.182553
-0.335205	0.547607	0.875000	-1.847328	-1.557252	0.190840	7.191583
-0.337402	0.558105	0.854492	-1.687023	-1.770992	1.297710	7.199892
-0.332031	0.541748	0.830078	-2.725191	-1.778626	1.061069	7.208510
-0.330322	0.527100	0.831543	-3.267176	-1.419847	0.458015	7.218467
-0.332520	0.516846	0.828369	-2.931298	-0.503817	-0.526718	7.228408
-0.325684	0.528320	0.814697	-2.709924	1.068702	-1.511450	7.238775
-0.334961	0.526611	0.845947	-2.351145	1.099237	-1.419847	7.248645
-0.340088	0.527344	0.864502	-1.328244	0.603053	-1.503817	7.258689
-0.333252	0.558105	0.867920	-0.473282	-1.000000	-0.931298	7.268874
-0.328613	0.570068	0.856689	-1.068702	-2.213740	0.854962	7.279016
-0.328857	0.529541	0.834473	-4.038168	-2.702290	0.473282	7.289145
-0.329346	0.494141	0.814453	-2.809160	-1.335878	-1.137405	7.299312
-0.319580	0.519287	0.810303	-0.916031	0.198473	-2.877863	7.309160
-0.321289	0.544434	0.818848	-0.900763	0.893130	-2.358779	7.319298
-0.326904	0.544434	0.848633	-0.854962	0.648855	-1.175573	7.329379
-0.343262	0.534424	0.851562	-1.343511	0.167939	-1.427481	7.339479
-0.346191	0.542236	0.859131	-3.992366	-1.198473	-2.503817	7.349547
-0.336182	0.551025	0.850830	-4.190840	-1.763359	-2.519084	7.359693
-0.335449	0.546143	0.821533	-4.900763	-1.870229	-2.557252	7.369689
-0.330566	0.526611	0.766357	1.595420	4.259542	-3.618321	7.379836
-0.356689	0.583252	0.895996	-2.526718	-1.038168	-3.137405	7.389842
-0.342529	0.563477	0.809570	-3.274809	0.877863	-4.625954	7.400039
-0.338379	0.573486	0.829834	-0.755725	1.167939	-2.312977	7.410481
-0.342773	0.579346	0.840088	-3.152672	1.564885	-1.877863	7.420547
-0.357422	0.574219	0.857666	-3.587786	0.931298	-0.816794	7.430571
-0.356445	0.567383	0.865967	-5.175573	-0.152672	-0.961832	7.441051
-0.344238	0.570068	0.863770	-5.832061	-1.374046	-0.290076	7.451388
-0.344727	0.562500	0.845215	-6.022901	-1.480916	0.160305	7.461837
-0.344971	0.542969	0.869141	-5.877863	-1.969466	0.175573	7.472031
-0.337646	0.538086	0.838867	-4.213740	-1.877863	-0.015267	7.482013
-0.329834	0.524414	0.809326	-3.984733	-0.496183	-0.580153	7.492150
-0.327393	0.527588	0.815674	-3.526718	0.053435	-1.152672	7.502216
-0.314453	0.528076	0.802734	-3.297710	1.786260	-1.435115	7.512559
-0.326904	0.541992	0.819824	-3.442748	3.305344	-2.190840	7.522837
-0.333008	0.545410	0.853027	-4.213740	2.312977	-2.045802	7.532821
-0.353271	0.562500	0.884766	-4.122137	0.954198	-1.572519	7.543267
-0.347412	0.542236	0.884033	-4.167939	-0.549618	-1.190840	7.553356
-0.345703	0.543701	0.872070	-2.954198	-1.328244	-0.763359	7.563464
-0.332031	0.535645	0.819336	-4.671756	-1.557252	-1.442748	7.573549
-0.329590	0.528076	0.801514	-3.732824	-0.694656	-1.931298	7.583631
-0.326660	0.530762	0.809570	-4.083969	0.160305	-2.114504	7.593783
-0.325928	0.538574	0.812256	-4.320611	1.198473	-2.328244	7.603956
-0.336914	0.548828	0.831543	-4.290076	2.175573	-2.137405	7.614498
-0.350830	0.546875	0.846191	-3.732824	1.984733	-2.030534	7.624594
-0.351562	0.563477	0.879150	-2.366412	1.083969	-0.969466	7.634629
-0.350830	0.574463	0.877930	-2.526718	-0.129771	0.625954	7.644925
-0.347168	0.563721	0.862305	-3.847328	-1.251908	1.755725	7.654951
-0.344238	0.540283	0.850830	-3.732824	-2.076336	1.396947	7.665213
-0.347656	0.517334	0.853271	-4.251908	-1.977099	0.351145	7.675251
-0.338379	0.504883	0.828857	-5.206107	-1.519084	-0.923664	7.685241
-0.331543	0.501953	0.804932	-4.297710	0.351145	-2.267176	7.695366
-0.328857	0.512207	0.804688	-2.358779	2.160305	-2.595420	7.705289
-0.342041	0.499512	0.817139	-3.076336	2.580153	-3.511450	7.715384
-0.342529	0.530029	0.847412	-2.053435	2.778626	-4.679389	7.725346
-0.338867	0.548828	0.862305	-2.587786	1.351145	-4.488550	7.735686
-0.350830	0.556885	0.873535	-3.778626	0.648855	-2.801527	7.745776
-0.355469	0.555420	0.885742	-3.229008	-0.114504	-2.129771	7.755919
-0.355225	0.555664	0.890625	-4.091603	-1.725191	-1.503817	7.765935
-0.355713	0.546143	0.865234	-4.282443	-3.450382	-0.885496	7.775776
-0.342285	0.537109	0.830078	-3.305344	-3.061069	-0.916031	7.786168
-0.332764	0.538818	0.820801	-3.320611	-2.145038	-0.984733	7.796109
-0.335938	0.514648	0.805664	-4.404580	2.404580	-1.694656	7.806137
-0.338623	0.504883	0.785645	-0.709924	1.053435	-1.152672	7.816223
-0.339844	0.513428	0.813965	-3.045802	1.870229	-3.793893	7.826329
-0.345459	0.538330	0.836182	-1.312977	3.633588	-4.503817	7.836152
-0.347900	0.560303	0.847412	-3.480916	3.015267	-4.358779	7.846290
-0.358887	0.560547	0.870117	-4.396947	1.335878	-3.694656	7.856362
-0.353271	0.557617	0.873779	-3.282443	0.320611	-2.267176	7.866774
-0.355225	0.561035	0.859619	-3.206107	-0.961832	-0.580153	7.876381
-0.341064	0.549805	0.841064	-3.236641	-1.587786	0.969466	7.886265
-0.351074	0.520508	0.837646	-2.969466	-1.793893	0.083969	7.895964
-0.342285	0.496826	0.810059	-3.984733	-1.198473	-2.412214	7.905727
-0.329102	0.507812	0.805908	-2.832061	0.274809	-4.198473	7.915426
-0.342773	0.521484	0.811035	-3.061069	1.793893	-5.160305	7.925111
-0.345215	0.523438	0.822021	-1.519084	2.625954	-5.625954	7.934737
-0.352539	0.530029	0.843506	0.442748	3.068702	-5.809160	7.944538
-0.355225	0.561768	0.855713	1.068702	2.519084	-5.816794	7.954272
-0.349121	0.575684	0.866699	-0.396947	0.427481	-3.267176	7.964130
-0.360596	0.582764	0.870850	-2.137405	-1.351145	-1.190840	7.973877
-0.359863	0.552734	0.845947	-4.320611	-2.412214	-0.335878	7.983653
-0.340332	0.530762	0.824463	-5.839695	-1.732824	-0.259542	7.993404
-0.348389	0.533447	0.807373	-4.068702	-0.534351	-1.015267	8.003185
-0.334473	0.519043	0.807861	-3.641221	0.503817	-1.832061	8.013035
-0.339355	0.511230	0.805908	-2.305344	1.824427	-3.076336	8.022878
-0.353027	0.523682	0.821533	-2.389313	2.435115	-4.198473	8.032963
-0.348633	0.543945	0.844482	-2.290076	2.427481	-3.809160	8.042830
-0.363037	0.550537	0.862305	-2.160305	2.091603	-3.580153	8.052536
-0.372070	0.556152	0.854736	-1.412214	2.030534	-1.824427	8.062196
-0.354736	0.556396	0.845703	-3.488550	0.267176	-2.030534	8.072061
-0.355957	0.538330	0.815918	-1.648855	0.213740	-0.854962	8.081993
-0.343750	0.532227	0.807861	-1.221374	-0.007634	-0.694656	8.091603
-0.347168	0.525635	0.806396	-2.221374	0.511450	-1.091603	8.101516
-0.349854	0.533691	0.822998	-3.465649	1.129771	-1.938931	8.111297
-0.347900	0.530518	0.824463	-5.389313	0.870229	-2.404580	8.121016
-0.352783	0.535400	0.822754	-5.007634	1.183206	-2.335878	8.130773
-0.351074	0.536377	0.845947	-4.038168	1.755725	-2.687023	8.140597
-0.402588	0.533203	0.823242	3.450382	2.061069	2.236641	8.150352
-0.370117	0.545654	0.886230	-6.000000	4.160305	-2.473282	8.160136
-0.362061	0.534912	0.857422	-2.442748	0.923664	-3.740458	8.169984
-0.365234	0.534424	0.839111	-3.183206	-0.435115	-3.381679	8.179704
-0.359619	0.563965	0.830566	-2.854962	-1.076336	-2.557252	8.189443
-0.355225	0.550293	0.817871	-4.610687	-0.442748	-3.175573	8.199226
-0.357422	0.552979	0.805420	-3.038168	0.778626	-3.068702	8.208969
-0.347168	0.548340	0.805908	-2.641221	2.038168	-2.992366	8.218923
-0.349854	0.548828	0.814941	-0.984733	3.557252	-2.839695	8.228761
-0.352051	0.538574	0.813965	-0.473282	5.343511	-3.458015	8.238933
-0.355713	0.540527	0.840576	0.923664	6.816794	-4.274809	8.248620
-0.377197	0.570068	0.937500	-0.839695	4.526718	-3.931298	8.258396
-0.380859	0.571533	0.957031	-4.381679	0.503817	-2.770992	8.268325
-0.385254	0.579346	0.932617	-4.564885	-0.938931	-1.770992	8.278085
-0.387207	0.552246	0.914062	-7.068702	-0.587786	-3.137405	8.288069
-0.370117	0.550049	0.864746	-5.259542	-1.664122	-2.076336	8.297911
-0.379395	0.537842	0.841064	-3.931298	-2.961832	0.236641	8.307758
-0.373291	0.499268	0.819824	-3.312977	-2.190840	-0.022901	8.317592
-0.359131	0.495850	0.793213	-0.931298	-0.137405	-2.221374	8.327403
-0.364258	0.519287	0.797363	-0.091603	0.045802	-2.221374	8.337414
-0.362793	0.530029	0.826172	-0.045802	2.114504	-2.946565	8.348403
-0.370850	0.549805	0.819824	0.198473	1.183206	-3.404580	8.363071
-0.368896	0.559082	0.815430	-0.068702	0.702290	-2.625954	8.374532
-0.366211	0.579102	0.822510	0.511450	-1.114504	-1.557252	8.386478
-0.354980	0.577637	0.802490	-1.458015	-1.671756	-0.038168	8.398026
-0.348877	0.576904	0.791992	-0.381679	-1.923664	2.022901	8.409676
-0.352539	0.566162	0.799805	-1.557252	-1.145038	3.000000	8.421144
-0.357422	0.546631	0.800537	-2.931298	-1.007634	2.870229	8.432629
-0.348389	0.515869	0.766113	-2.458015	-0.900763	2.045802	8.444329
-0.348145	0.528809	0.783936	-1.618321	0.114504	0.694656	8.455759
-0.345459	0.528564	0.797363	-4.152672	0.358779	-0.213740	8.467448
-0.348633	0.541016	0.798340	-4.137405	0.679389	-1.229008	8.478893
-0.335938	0.548584	0.799072	-5.229008	0.916031	-1.381679	8.491039
-0.343506	0.533936	0.815918	-4.366412	1.000000	-1.183206	8.502545
-0.340576	0.540771	0.801270	-3.045802	1.824427	-1.213740	8.514042
-0.336182	0.544678	0.806152	-1.061069	1.893130	0.167939	8.525747
-0.347412	0.547852	0.798584	-0.175573	3.099237	0.732824	8.537520
-0.361572	0.558594	0.788086	4.877863	6.053435	1.541985	8.549006
-0.363770	0.531738	0.798828	-4.610687	2.038168	0.099237	8.560620
-0.368652	0.539307	0.833740	-3.083969	3.404580	-1.442748	8.572307
-0.357178	0.552246	0.827148	-4.824427	2.809160	-2.480916	8.583858
-0.359375	0.557617	0.836670	-6.954198	3.954198	-3.160305	8.595648
-0.358398	0.569336	0.829590	-5.229008	3.763359	-1.732824	8.607151
-0.373779	0.539551	0.833740	-4.984733	2.534351	0.541985	8.618637
-0.381348	0.527832	0.851807	-1.000000	1.221374	1.793893	8.630262
-0.376465	0.527344	0.817139	-3.480916	0.923664	-0.290076	8.642053
-0.373535	0.519287	0.817871	-5.053435	-0.038168	-0.809160	8.653655
-0.375244	0.516357	0.818848	-5.259542	1.106870	-2.839695	8.665163
-0.361084	0.526855	0.807861	-3.305344	2.114504	-3.206107	8.676514
-0.374023	0.530273	0.822510	-0.671756	2.816794	-2.091603	8.688818
-0.383301	0.536865	0.847656	1.473282	3.595420	-2.160305	8.700739
-0.386719	0.557861	0.877441	0.633588	1.328244	-1.885496	8.712301
-0.398438	0.560059	0.885742	-2.328244	0.137405	-2.083969	8.724064
-0.397217	0.566650	0.864990	-3.488550	-1.137405	-2.290076	8.736200
-0.385010	0.570801	0.839111	-2.916031	-1.549618	-1.419847	8.747874
-0.370117	0.564941	0.790771	-0.503817	-0.541985	-0.099237	8.760594
-0.365967	0.560547	0.781006	1.305344	0.954198	1.610687	8.772226
-0.384277	0.572998	0.808594	1.335878	3.274809	2.007634	8.783799
-0.377441	0.578125	0.833740	-2.732824	2.564885	1.793893	8.795657
-0.375000	0.557617	0.822754	-3.427481	2.114504	2.954198	8.807476
-0.378662	0.565674	0.847900	-2.664122	-0.267176	4.045802	8.818938
-0.375244	0.522705	0.820801	-5.557252	-1.572519	3.793893	8.830435
-0.363770	0.495850	0.795654	-4.450382	-1.396947	2.167939	8.842316
-0.355469	0.500977	0.791748	-2.870229	-0.206107	0.137405	8.853894
-0.339355	0.514893	0.762695	-2.259542	1.572519	-1.152672	8.865451
-0.353760	0.497314	0.849365	-2.175573	0.160305	-1.358779	8.877225
-0.394775	0.534912	0.802490	1.809160	-1.076336	-2.404580	8.889162
-0.368652	0.545654	0.822998	-4.801527	-0.259542	-4.961832	8.900749
-0.367920	0.552979	0.820801	0.358779	0.687023	-3.045802	8.912712
-0.375244	0.586182	0.848877	0.496183	0.083969	-2.335878	8.924303
-0.372314	0.591797	0.836426	-0.038168	-1.534351	-0.534351	8.936379
-0.365479	0.581299	0.818115	-2.824427	-2.305344	1.335878	8.948141
-0.375244	0.555908	0.815186	-4.557252	-2.877863	0.984733	8.960600
-0.361816	0.534424	0.798096	-5.534351	-1.992366	-0.572519	8.972229
-0.358887	0.540283	0.781250	-5.770992	-0.610687	-1.824427	8.983867
-0.354248	0.535645	0.765381	-5.977099	1.259542	-3.022901	8.995891
-0.372803	0.548340	0.822266	-3.580153	0.366412	-2.427481	9.007666
-0.366211	0.581543	0.823242	1.473282	0.977099	-0.488550	9.019367
-0.362305	0.581055	0.811279	2.984733	0.664122	2.389313	9.030898
-0.366211	0.559570	0.806885	2.908397	1.503817	3.534351	9.042727
-0.373779	0.558838	0.841797	-0.305344	-0.038168	2.893130	9.054367
-0.370850	0.536377	0.784424	-5.580153	-0.748092	0.290076	9.065946
-0.376465	0.525391	0.814453	-5.534351	-1.091603	-0.412214	9.077644
-0.374268	0.515137	0.768066	-8.664122	0.091603	-3.458015	9.089392
-0.361816	0.540039	0.777588	-3.396947	2.335878	-3.076336	9.100847
-0.370605	0.545654	0.784912	-1.412214	3.251908	-2.557252	9.112620
-0.367188	0.556396	0.804932	1.427481	2.732824	-1.152672	9.124222
-0.378906	0.576904	0.822021	1.687023	1.801527	-0.198473	9.136051
-0.386475	0.570312	0.825684	-1.007634	-0.099237	0.511450	9.147676
-0.378662	0.554932	0.815674	-4.580153	-1.213740	-1.083969	9.159092
-0.374023	0.551514	0.800293	-5.129771	-1.114504	-1.221374	9.170657
-0.353271	0.547852	0.783936	-4.656489	1.366412	-1.748092	9.182226
-0.362549	0.554932	0.794189	-5.633588	2.000000	-1.358779	9.193778
-0.371338	0.533203	0.813721	-2.572519	2.854962	-1.519084	9.205208
-0.384521	0.554199	0.845703	-1.541985	2.114504	-1.328244	9.216794
-0.378662	0.546631	0.849365	-3.244275	0.748092	-1.671756	9.227811
-0.395996	0.556396	0.848877	-3.587786	-0.221374	-1.664122	9.239682
-0.381104	0.562744	0.835938	-5.274809	-0.916031	-1.938931	9.251375
-0.373047	0.560059	0.835693	-6.305344	-1.557252	-2.328244	9.262928
-0.369629	0.568848	0.808105	-6.152672	-0.030534	-2.496183	9.272901
-0.382324	0.571289	0.810303	-4.870229	0.251908	-1.091603	9.283167
-0.380615	0.547607	0.810547	-2.625954	0.854962	-0.129771	9.293425
-0.384277	0.561279	0.810791	-2.648855	1.022901	-0.267176	9.302979
-0.380859	0.547119	0.816406	-2.114504	0.473282	0.389313	9.313442
-0.378418	0.548096	0.826172	-1.610687	0.213740	1.000000	9.323621
-0.377930	0.526367	0.831787	-1.541985	-0.137405	1.297710	9.333530
-0.384033	0.521729	0.828613	-1.473282	-0.480916	0.374046	9.343711
-0.402344	0.533936	0.835693	-2.061069	0.007634	-0.656489	9.353801
-0.372070	0.524414	0.795898	-1.801527	-1.076336	-1.290076	9.363828
-0.378662	0.522949	0.805908	-4.198473	-0.641221	-3.122137	9.373876
-0.377441	0.529053	0.806152	-4.610687	-0.465649	-4.595420	9.384038
-0.380371	0.549072	0.807617	-4.839695	-0.908397	-4.748092	9.394447
-0.376709	0.554443	0.808105	-4.519084	-0.969466	-4.297710	9.404586
-0.375977	0.578369	0.811035	-4.068702	-0.900763	-3.152672	9.414741
-0.381348	0.550537	0.789307	-4.709924	-0.618321	-2.160305	9.424703
-0.364502	0.546387	0.775391	-1.480916	-0.068702	-1.725191	9.435238
-0.384033	0.565674	0.819580	-1.488550	0.755725	-1.885496	9.445364
-0.383057	0.564941	0.819580	-1.480916	0.290076	-1.015267	9.455832
-0.381592	0.557129	0.829346	-2.801527	-1.137405	-0.618321	9.466000
-0.377441	0.551758	0.810059	-4.458015	-1.816794	-1.656489	9.475975
-0.384277	0.540771	0.822998	-2.709924	-1.633588	-2.030534	9.486176
-0.372314	0.548584	0.795898	-3.091603	-1.374046	-2.244275	9.496387
-0.359131	0.534912	0.778809	-3.900763	-0.190840	-2.251908	9.506345
-0.363770	0.539307	0.776855	0.114504	1.152672	-3.213740	9.516348
-0.365479	0.563477	0.786621	0.198473	1.839695	-3.404580	9.526211
-0.373535	0.564941	0.786377	-1.282443	2.496183	-3.274809	9.536607
-0.382324	0.582520	0.814941	-1.251908	2.832061	-3.755725	9.546725
-0.397217	0.608154	0.857178	-1.114504	1.641221	-1.984733	9.557265
-0.385010	0.628906	0.851074	1.022901	1.946565	2.099237	9.567483
-0.369629	0.672852	0.812500	5.618321	0.290076	7.557252	9.577351
-0.392334	0.600098	0.810791	-0.877863	-1.030534	9.625954	9.587755
-0.388428	0.532227	0.797607	-1.992366	-1.259542	8.129771	9.597973
-0.383789	0.513184	0.780273	-3.083969	-0.328244	4.007634	9.608123
-0.360840	0.544189	0.758789	-3.458015	1.030534	1.587786	9.618498
-0.388428	0.530762	0.784180	-4.786260	-0.137405	0.175573	9.628651
-0.382324	0.553955	0.817627	-5.648855	1.328244	-2.549618	9.639418
-0.393799	0.589355	0.838135	-5.839695	1.931298	-1.603053	9.649390
-0.389404	0.582520	0.844238	-7.946565	-2.893130	-0.076336	9.659489
-0.383301	0.565430	0.815674	-7.045802	-3.114504	0.129771	9.669481
-0.377930	0.571777	0.791504	-5.435115	-2.503817	0.312977	9.679787
-0.373779	0.572754	0.787109	-5.045802	-1.885496	0.748092	9.690117
-0.374512	0.557373	0.784180	-4.511450	-0.480916	-0.015267	9.700158
-0.376465	0.574951	0.788818	-4.022901	0.862595	-0.641221	9.710043
-0.374512	0.575439	0.804688	-4.770992	1.549618	-0.251908	9.720224
-0.387451	0.557373	0.823975	-5.099237	0.145038	-0.213740	9.730519
-0.381836	0.553711	0.830811	-4.610687	-1.251908	-0.519084	9.740814
-0.372559	0.563721	0.815186	-5.198473	-1.748092	-0.412214	9.750877
-0.366211	0.574707	0.822510	-4.572519	-1.832061	0.679389	9.760974
-0.376221	0.552246	0.830811	-7.114504	-1.954198	0.465649	9.770992
-0.373535	0.533447	0.808105	-5.625954	-1.870229	-0.290076	9.781049
-0.363525	0.550781	0.786377	-6.106870	-1.748092	-1.007634	9.791434
-0.357910	0.558105	0.773438	-5.984733	-0.725191	-0.473282	9.801379
-0.368652	0.539307	0.772705	-5.412214	0.519084	-0.099237	9.811505
-0.366211	0.531006	0.771484	-5.732824	1.412214	-1.274809	9.821415
-0.381104	0.535889	0.813477	-3.778626	1.114504	-1.534351	9.831437
-0.377930	0.557129	0.832031	-3.709924	0.221374	-1.938931	9.842040
-0.383545	0.557861	0.833496	-4.748092	-0.717557	-1.549618	9.852037
-0.374023	0.548340	0.821045	-3.969466	-1.755725	-0.740458	9.862030
-0.377441	0.542969	0.804688	-2.839695	-1.190840	-0.679389	9.871923
-0.362793	0.551025	0.805176	-1.977099	-0.419847	-0.671756	9.881968
-0.369873	0.545898	0.784180	-3.068702	-0.389313	-0.763359	9.892075
-0.377686	0.542969	0.788574	-2.618321	0.984733	-1.763359	9.902176
-0.372803	0.559814	0.802979	-1.969466	0.557252	-1.977099	9.912216
-0.363037	0.560791	0.784912	-4.763359	1.145038	-1.702290	9.922324
-0.378906	0.551514	0.800781	-5.099237	1.061069	-2.129771	9.932518
-0.384766	0.544922	0.831299	-4.763359	0.809160	-2.366412	9.942688
-0.375488	0.555664	0.818115	-3.832061	0.259542	-1.610687	9.952625
-0.374023	0.553467	0.834717	-3.809160	-0.755725	-0.908397	9.963000
-0.381104	0.534424	0.820557	-3.427481	-1.694656	-0.809160	9.973139
-0.372803	0.539551	0.817139	-1.755725	-1.519084	-0.519084	9.983338
-0.371094	0.548584	0.807373	-3.610687	-1.572519	-0.625954	9.993544
-0.367920	0.518311	0.788574	-3.969466	-0.625954	-2.213740	10.003633
-0.375244	0.532227	0.791992	-1.389313	1.206107	-3.572519	10.014009
-0.373291	0.552246	0.812988	-1.496183	2.740458	-4.305344	10.024405
-0.378174	0.550293	0.802979	-0.526718	2.488550	-3.954198	10.034546
-0.385742	0.566162	0.833740	-0.412214	1.832061	-3.557252	10.044898
-0.389404	0.572266	0.839111	-1.335878	0.488550	-2.801527	10.054879
-0.392334	0.561523	0.836182	-2.145038	-3.900763	-2.610687	10.065359
-0.385742	0.550537	0.840576	-3.343511	-1.824427	-3.068702	10.075843
-0.382324	0.565430	0.797852	-3.694656	-1.358779	-4.175573	10.086064
-0.385010	0.580566	0.822754	-4.763359	-2.229008	-2.969466	10.096329
-0.373291	0.556641	0.781982	-4.625954	-1.351145	-2.404580	10.106483
-0.382080	0.568115	0.797363	-3.137405	-0.137405	-2.213740	10.116356
-0.378418	0.566650	0.811523	-3.984733	-0.374046	-1.488550	10.126435
-0.381836	0.562256	0.803223	-3.648855	0.229008	-1.389313	10.136766
-0.381348	0.552734	0.808838	-3.221374	0.671756	-1.770992	10.147084
-0.391113	0.554932	0.815674	-3.496183	0.656489	-1.923664	10.156867
-0.386963	0.559326	0.819824	-3.358779	0.465649	-2.068702	10.167011
-0.380615	0.552979	0.816162	-3.557252	0.053435	-2.167939	10.177109
-0.386719	0.554932	0.812256	-3.221374	-0.450382	-1.786260	10.187463
-0.386230	0.567871	0.804199	-2.038168	-0.328244	-1.488550	10.197633
-0.381592	0.569580	0.788574	-4.137405	-0.557252	-1.473282	10.207688
-0.379150	0.546875	0.793701	-4.442748	-0.839695	-1.251908	10.217541
-0.385986	0.547607	0.811768	-4.961832	-0.541985	-2.091603	10.227655
-0.383789	0.565186	0.796875	-4.748092	0.061069	-2.335878	10.237952
-0.385498	0.566895	0.813477	-4.045802	0.198473	-1.442748	10.248935
-0.378662	0.549805	0.801270	-3.312977	-0.061069	-0.526718	10.258792
-0.381348	0.544922	0.811523	-2.221374	-0.503817	-0.320611	10.269282
-0.376953	0.550049	0.788818	-2.473282	-0.702290	-0.114504	10.279601
-0.367432	0.538330	0.785400	-3.961832	-0.274809	-1.351145	10.289853
-0.369141	0.517578	0.778076	-3.854962	0.908397	-2.396947	10.300075
-0.382812	0.544678	0.813721	-3.328244	1.862595	-2.893130	10.310057
-0.393066	0.552246	0.829346	-3.045802	1.236641	-2.480916	10.320185
-0.387207	0.569336	0.840576	-1.190840	0.152672	-0.992366	10.330707
-0.387939	0.563721	0.830811	-1.343511	-1.603053	0.351145	10.340946
-0.380371	0.551025	0.801025	-3.129771	-1.877863	0.251908	10.351215
-0.369873	0.533447	0.775146	-4.351145	-1.106870	-0.786260	10.364167
-0.372314	0.532227	0.769287	-4.877863	0.282443	-2.389313	10.374319
-0.375977	0.538818	0.792236	-5.343511	0.671756	-2.977099	10.384430
-0.389648	0.534424	0.804443	-4.381679	1.473282	-3.572519	10.394795
-0.398193	0.533936	0.818359	-3.320611	1.442748	-4.366412	10.404806
-0.401123	0.560791	0.831055	-3.488550	0.862595	-4.381679	10.414895
-0.402588	0.566162	0.839355	-3.816794	-1.045802	-3.206107	10.424924
-0.398926	0.561035	0.814209	-3.442748	-1.725191	-2.648855	10.435388
-0.388428	0.567139	0.780273	-3.206107	-1.961832	-1.511450	10.444922
-0.380127	0.550781	0.747803	-0.435115	-0.496183	-1.404580	10.454468
-0.385742	0.563965	0.769531	0.801527	0.694656	-1.267176	10.464000
-0.388672	0.565674	0.790527	-0.603053	0.870229	-1.198473	10.473613
-0.392334	0.548584	0.794189	-2.198473	0.679389	-2.473282	10.484102
-0.433105	0.580811	0.810547	-2.435115	-1.236641	-3.954198	10.494509
-0.387695	0.570801	0.791260	-4.145038	1.099237	-4.458015	10.504593
-0.378662	0.593262	0.798340	-2.885496	2.259542	-4.587786	10.514685
-0.385010	0.602051	0.825439	-2.419847	1.557252	-2.145038	10.524570
-0.401123	0.584717	0.846191	-2.954198	1.068702	-1.381679	10.534556
-0.386230	0.605957	0.838623	-2.702290	0.488550	-0.664122	10.545242
-0.399658	0.622070	0.864258	-3.328244	-1.572519	3.160305	10.555415
-0.397705	0.562012	0.843994	-4.664122	-2.213740	4.625954	10.565553
-0.390625	0.538330	0.812256	-3.419847	-1.931298	3.786260	10.575554
-0.390381	0.516357	0.803467	-4.625954	-1.534351	2.183206	10.585937
-0.375244	0.504883	0.790771	-4.290076	-0.679389	0.534351	10.595961
-0.377686	0.514160	0.786865	-4.198473	0.557252	-1.297710	10.605905
-0.379639	0.522949	0.810303	-2.770992	0.709924	-1.496183	10.615935
-0.388916	0.547852	0.824951	-2.114504	0.511450	-1.480916	10.626109
-0.388428	0.548584	0.811035	-1.656489	0.297710	-0.748092	10.636235
-0.403564	0.541016	0.824219	-1.160305	-0.564885	-0.229008	10.646292
-0.399170	0.544189	0.799072	-1.473282	-0.633588	-1.152672	10.656469
-0.382080	0.559570	0.789062	-0.748092	-0.183206	-1.022901	10.666774
-0.389648	0.564941	0.797607	-2.206107	-0.633588	0.083969	10.677449
-0.392578	0.551514	0.784424	-3.916031	-0.992366	0.061069	10.687656
-0.377441	0.545410	0.770752	-2.702290	-0.557252	0.320611	10.698072
-0.375244	0.535156	0.768555	-4.083969	0.114504	0.267176	10.708099
-0.378662	0.517822	0.762939	-2.969466	1.282443	-0.206107	10.718171
-0.383545	0.515625	0.800781	-2.312977	1.152672	0.213740	10.728323
-0.380859	0.527100	0.801025	-2.870229	1.519084	-2.167939	10.738596
-0.385498	0.551758	0.791992	-1.389313	0.854962	-1.396947	10.748661
-0.383301	0.549805	0.800537	-2.099237	0.664122	-0.412214	10.758592
-0.380615	0.537109	0.796387	-3.870229	-0.061069	-0.923664	10.768587
-0.381348	0.532715	0.792725	-4.206107	0.152672	-1.832061	10.778786
-0.377686	0.526611	0.795166	-4.091603	1.190840	-2.664122	10.788917
-0.375244	0.540283	0.808105	-2.908397	1.137405	-2.694656	10.799085
-0.393066	0.546387	0.812988	-3.580153	0.938931	-3.755725	10.808776
-0.401611	0.557861	0.835449	-3.450382	0.603053	-4.290076	10.818962
-0.393066	0.562500	0.812012	-3.839695	-0.389313	-4.038168	10.828869
-0.394775	0.562988	0.798340	-2.702290	-0.206107	-3.763359	10.839042
-0.389160	0.568115	0.809326	-3.488550	-0.465649	-3.000000	10.849155
-0.390625	0.562744	0.784912	-4.152672	-0.564885	-2.618321	10.859205
-0.384033	0.566650	0.797363	-3.328244	0.030534	-2.374046	10.869431
-0.399902	0.578613	0.810791	-3.870229	0.549618	-1.923664	10.879865
-0.404053	0.559082	0.810791	-3.946565	0.496183	-1.366412	10.890266
-0.398193	0.551025	0.796875	-3.320611	0.335878	-1.549618	10.900579
-0.395996	0.565918	0.787842	-3.816794	0.786260	-2.106870	10.910509
-0.394287	0.565674	0.807129	-5.625954	1.877863	-2.450382	10.920788
-0.396729	0.569092	0.824951	-4.458015	0.931298	-2.129771	10.930759
-0.412354	0.553223	0.826660	-6.099237	-0.038168	-2.099237	10.941188
-0.403564	0.531738	0.806641	-4.625954	-0.015267	-2.175573	10.951179
-0.406494	0.559570	0.822021	-2.824427	-0.595420	-1.282443	10.961470
-0.416260	0.562988	0.814941	-3.610687	-1.534351	-1.190840	10.971478
-0.401367	0.548584	0.800537	-1.312977	-1.702290	-0.687023	10.981564
-0.408936	0.561279	0.791748	-2.061069	-1.603053	-1.664122	10.991885
-0.391846	0.557129	0.776611	-3.931298	-1.106870	-2.083969	11.001924
-0.388184	0.561523	0.785156	-3.335878	-0.839695	-1.396947	11.012172
-0.384766	0.545410	0.762207	-3.458015	0.251908	-1.458015	11.022242
-0.382324	0.558594	0.766846	-2.091603	0.969466	-0.854962	11.032143
-0.398926	0.561768	0.795166	-2.000000	1.435115	-0.770992	11.042573
-0.405273	0.544678	0.810791	-4.007634	1.320611	-1.145038	11.052528
-0.407471	0.551758	0.826172	-2.679389	0.053435	-0.900763	11.062560
-0.393799	0.550293	0.808594	-3.473282	-1.557252	-0.465649	11.072716
-0.385010	0.553711	0.793945	-2.213740	-1.679389	-1.954198	11.082650
-0.375488	0.552002	0.769287	-2.396947	-0.603053	-0.442748	11.092967
-0.373291	0.545410	0.750732	-2.427481	0.236641	-0.923664	11.103224
-0.381836	0.551025	0.772705	-3.152672	0.916031	-1.152672	11.113277
-0.389893	0.540771	0.795410	-4.129771	1.190840	-1.763359	11.123290
-0.389893	0.536133	0.788086	-4.236641	1.763359	-2.511450	11.133391
-0.400879	0.545898	0.816650	-4.190840	1.282443	-3.015267	11.143587
-0.398193	0.540283	0.815674	-4.389313	0.519084	-2.954198	11.153787
-0.399902	0.557129	0.818359	-2.022901	-0.519084	-2.541985	11.163796
-0.401367	0.572510	0.818115	-3.061069	-1.503817	-1.786260	11.173774
-0.397461	0.565430	0.794434	-2.732824	-1.961832	-1.335878	11.183949
-0.399170	0.569580	0.800537	-2.396947	-1.511450	-0.961832	11.194164
-0.394287	0.564941	0.789795	-3.351145	-0.435115	-0.977099	11.204493
-0.398926	0.560791	0.808350	-3.801527	-0.625954	-0.503817	11.214509
-0.410156	0.558350	0.816895	-5.351145	-1.572519	-0.786260	11.224510
-0.377441	0.548096	0.786377	-5.541985	-0.923664	-1.358779	11.234534
-0.406494	0.563232	0.789795	-5.229008	-0.343511	-1.091603	11.245168
-0.402100	0.549805	0.821533	-4.236641	0.137405	-0.938931	11.255246
-0.396729	0.547852	0.818604	-4.374046	-0.106870	-1.221374	11.265062
-0.398682	0.551758	0.805664	-2.167939	0.496183	-1.167939	11.275339
-0.395020	0.566895	0.832275	-1.091603	0.312977	-0.015267	11.285584
-0.401123	0.553711	0.843262	-1.679389	-0.519084	0.282443	11.295883
-0.405762	0.550293	0.837646	-3.564885	-1.541985	0.183206	11.306186
-0.409668	0.540771	0.831055	-3.748092	-2.465649	-0.122137	11.316542
-0.398438	0.541748	0.808838	-4.114504	-3.030534	-0.435115	11.326481
-0.385498	0.527832	0.770020	-2.954198	-1.786260	-0.480916	11.337060
-0.383057	0.537354	0.752686	0.251908	-0.167939	-0.465649	11.346970
-0.386475	0.539795	0.761475	2.389313	1.893130	-0.358779	11.357140
-0.387939	0.550293	0.781982	3.786260	2.312977	0.160305	11.366618
-0.398926	0.565674	0.803955	4.061069	2.450382	0.709924	11.376414
-0.403564	0.556396	0.825684	2.022901	0.694656	1.175573	11.386344
-0.408203	0.546387	0.823242	-1.076336	-0.977099	0.198473	11.396999
-0.405273	0.540771	0.804443	-4.083969	-2.358779	-1.137405	11.407187
-0.395752	0.542480	0.789307	-4.618321	-2.900763	-1.679389	11.417307
-0.392334	0.546143	0.780518	-4.152672	-2.450382	-2.114504	11.427218
-0.371338	0.545410	0.749268	-3.656489	-1.732824	-1.664122	11.437448
-0.365967	0.538330	0.743408	-2.442748	-0.061069	-1.465649	11.447488
-0.382324	0.532471	0.766602	-1.488550	1.305344	-2.061069	11.457163
-0.384766	0.541016	0.772949	-1.931298	2.083969	-3.251908	11.467296
-0.402344	0.564209	0.802246	-2.442748	1.809160	-3.648855	11.477556
-0.406738	0.576172	0.830811	-3.145038	0.740458	-3.320611	11.487581
-0.419922	0.571045	0.814941	-3.900763	-0.839695	-2.587786	11.497649
-0.397705	0.571289	0.807861	-2.175573	-1.725191	-1.015267	11.507946
-0.388428	0.558838	0.791504	-2.687023	-1.954198	-0.145038	11.517846
-0.392578	0.527100	0.763428	-1.541985	-1.290076	-0.557252	11.528215
-0.384033	0.520264	0.771973	-0.893130	0.396947	-2.389313	11.538717
-0.383057	0.544678	0.768066	-0.435115	1.557252	-3.862595	11.548728
-0.391113	0.565430	0.789795	-1.274809	2.694656	-4.442748	11.559329
-0.399414	0.568848	0.797119	-2.091603	3.076336	-4.534351	11.569558
-0.406006	0.572754	0.812744	-0.946565	2.549618	-3.488550	11.579752
-0.422607	0.597168	0.855225	-2.587786	-0.297710	-2.656489	11.590064
-0.412598	0.601807	0.811768	-3.503817	-2.244275	-1.030534	11.602540
-0.404297	0.595459	0.805420	-2.992366	-3.244275	0.763359	11.614169
-0.396240	0.566406	0.778320	-3.526718	-2.442748	1.129771	11.625662
-0.394775	0.555420	0.775879	-2.687023	-0.969466	-0.236641	11.637236
-0.398193	0.550781	0.764893	-1.664122	0.564885	-1.099237	11.648299
-0.399414	0.591797	0.785156	-1.267176	1.725191	-1.145038	11.659506
-0.412598	0.602539	0.810059	-1.022901	1.000000	1.122137	11.670625
-0.427734	0.582764	0.839355	-3.465649	-1.099237	1.435115	11.680835
-0.421143	0.577881	0.823486	-4.511450	-3.190840	1.503817	11.692395
-0.397949	0.561768	0.800781	-5.664122	-3.305344	1.106870	11.703979
-0.389404	0.537109	0.769287	-4.526718	-1.847328	0.801527	11.715831
-0.393799	0.526367	0.765869	-2.938931	-0.488550	-0.160305	11.727257
-0.391602	0.548584	0.773438	-3.320611	-0.549618	-0.625954	11.738698
-0.389648	0.558350	0.782227	-3.007634	-0.145038	-0.419847	11.748723
-0.394287	0.551514	0.788086	-4.961832	0.213740	-0.862595	11.758868
-0.401367	0.543701	0.787354	-3.045802	0.832061	-0.992366	11.768705
-0.402344	0.546875	0.802979	-0.923664	1.236641	-1.038168	11.778851
-0.396484	0.546631	0.781250	0.374046	1.061069	-0.854962	11.789121
-0.396973	0.565918	0.783936	-0.610687	1.076336	-1.213740	11.799022
-0.405273	0.563232	0.813477	-2.412214	-0.549618	-0.412214	11.809078
-0.404053	0.564941	0.819580	-4.427481	-2.229008	-1.045802	11.819153
-0.387695	0.559326	0.795898	-5.977099	-3.244275	-0.793893	11.829245
-0.377686	0.557129	0.766113	-5.709924	-2.641221	-0.389313	11.839466
-0.384766	0.544922	0.757324	-4.877863	-1.251908	-0.679389	11.849572
-0.373779	0.548828	0.754395	-3.137405	0.328244	-0.893130	11.859519
-0.384277	0.565674	0.764893	-1.778626	1.106870	-0.679389	11.869741
-0.390869	0.550049	0.756836	-1.916031	2.198473	-0.564885	11.880003
-0.397217	0.546875	0.775879	-2.022901	2.984733	-2.190840	11.889870
-0.402832	0.572510	0.810303	-4.473282	2.175573	-3.091603	11.900182
-0.408691	0.583252	0.824463	-7.526718	0.396947	-2.748092	11.910196
-0.428711	0.569824	0.826660	-5.832061	0.030534	-2.389313	11.920309
-0.427246	0.579590	0.815674	-6.251908	-1.450382	-2.290076	11.930592
-0.404053	0.581055	0.788574	-4.526718	-1.580153	-0.923664	11.940725
-0.399414	0.572510	0.763428	-2.900763	-0.335878	0.328244	11.951198
-0.396729	0.552246	0.745850	-0.572519	1.068702	0.801527	11.960754
-0.389160	0.559814	0.717041	1.442748	2.297710	0.687023	11.970266
-0.405273	0.600586	0.804443	3.465649	2.816794	0.519084	11.979946
-0.398926	0.587158	0.793213	-3.175573	1.572519	1.755725	11.990779
-0.402100	0.557373	0.779785	-3.549618	0.786260	1.755725	12.000876
-0.412598	0.544189	0.811523	-6.007634	0.541985	0.099237	12.010940
-0.398926	0.552490	0.791992	-7.603053	-0.267176	-0.832061	12.021028
-0.399658	0.562500	0.787598	-6.412214	-0.297710	-0.702290	12.030982
-0.395752	0.564941	0.786865	-6.793893	-0.335878	-0.305344	12.041519
-0.395752	0.557129	0.789062	-5.511450	-0.358779	0.603053	12.051443
-0.397461	0.539062	0.789551	-3.648855	-0.190840	1.320611	12.061272
-0.396973	0.539062	0.786865	-3.435115	0.038168	0.969466	12.071486
-0.382812	0.532715	0.784668	-2.671756	-0.206107	0.984733	12.081420
-0.382324	0.511475	0.750488	-4.900763	1.740458	1.030534	12.091969
-0.388916	0.549561	0.777832	-1.908397	3.541985	0.351145	12.101960
-0.401855	0.557373	0.818115	-4.312977	1.083969	-1.083969	12.111875
-0.411865	0.556396	0.824463	-3.961832	-0.022901	-0.801527	12.121960
-0.403564	0.564453	0.810303	-3.893130	-0.320611	-0.679389	12.131917
-0.402344	0.564453	0.797363	-4.290076	-1.129771	-0.114504	12.142108
-0.392822	0.554443	0.779297	-4.473282	-1.152672	0.206107	12.152414
-0.407227	0.559326	0.790527	-3.633588	-0.900763	0.229008	12.162484
-0.400391	0.563965	0.792969	-4.061069	-0.992366	0.419847	12.172820
-0.391357	0.561768	0.761719	-3.465649	-0.312977	0.839695	12.182870
-0.391846	0.562012	0.761719	-2.442748	0.877863	1.389313	12.193417
-0.392822	0.552979	0.774414	-2.847328	1.694656	0.786260	12.203358
-0.407471	0.546875	0.802734	-2.389313	1.465649	0.427481	12.213416
-0.415527	0.560303	0.829346	-3.816794	0.526718	-0.564885	12.223543
-0.406006	0.553955	0.820312	-5.541985	-1.351145	-0.564885	12.233715
-0.400146	0.555664	0.804932	-6.870229	-2.465649	-0.763359	12.243782
-0.396973	0.553467	0.790039	-7.129771	-2.740458	-0.938931	12.253338
-0.400879	0.548096	0.799072	-7.450382	-2.740458	-0.992366	12.263201
-0.394531	0.563965	0.800293	-6.343511	-2.992366	-0.045802	12.272640
-0.386963	0.548584	0.776611	-5.145038	-2.190840	0.053435	12.282597
-0.378174	0.556396	0.773193	-3.343511	-1.480916	0.618321	12.293072
-0.401611	0.569092	0.794189	-3.725191	-0.984733	1.030534	12.303021
-0.408936	0.559326	0.820557	-4.488550	-1.473282	1.328244	12.312920
-0.417725	0.556641	0.820068	-6.221374	-2.923664	0.618321	12.323297
-0.397217	0.547119	0.800293	-7.564885	-3.679389	-0.358779	12.333098
-0.396484	0.544922	0.790527	-6.419847	-3.396947	-0.419847	12.343659
-0.391846	0.532959	0.775879	-5.870229	-2.488550	-0.480916	12.353785
-0.389648	0.520264	0.759766	-4.732824	-1.351145	-1.297710	12.366431
-0.379883	0.532715	0.775635	-3.305344	0.122137	-1.648855	12.376566
-0.385010	0.541748	0.772461	-3.259542	0.694656	-1.633588	12.387067
-0.395020	0.535156	0.788086	-4.076336	0.900763	-2.618321	12.397018
-0.407715	0.555420	0.829590	-4.625954	0.030534	-3.267176	12.406910
-0.405029	0.576172	0.845215	-4.900763	-1.541985	-2.282443	12.416932
-0.395996	0.564941	0.799805	-5.206107	-1.755725	-1.297710	12.426917
-0.396240	0.543457	0.800537	-3.870229	-1.641221	-0.709924	12.437033
-0.388672	0.534424	0.776367	-3.175573	-1.488550	-1.045802	12.447126
-0.389648	0.536377	0.775391	-2.862595	-0.290076	-1.488550	12.457437
-0.381592	0.524658	0.779785	-2.175573	0.580153	-2.229008	12.467258
-0.393311	0.537109	0.787842	-2.870229	0.977099	-3.267176	12.477211
-0.393066	0.555908	0.790527	-3.633588	0.961832	-3.282443	12.487722
-0.407959	0.550049	0.814453	-3.358779	0.618321	-3.122137	12.497955
-0.408936	0.563477	0.824463	-2.938931	-0.458015	-2.648855	12.508134
-0.401123	0.579346	0.811035	-2.328244	-1.816794	-1.183206	12.518279
-0.404053	0.560059	0.825195	-1.358779	-1.381679	-0.427481	12.528593
-0.407959	0.548340	0.816650	-6.030534	-2.053435	-2.274809	12.538813
-0.384033	0.537598	0.771484	-6.305344	-2.763359	-3.068702	12.549108
-0.388428	0.540039	0.763184	-4.351145	-0.618321	-3.519084	12.558866
-0.400391	0.548828	0.787109	-3.725191	0.511450	-3.564885	12.568772
-0.413330	0.550293	0.800781	-2.625954	0.129771	-3.396947	12.578867
-0.409180	0.555176	0.802246	-1.358779	-0.030534	-2.687023	12.588660
-0.396484	0.560791	0.784180	1.091603	0.145038	-1.396947	12.599227
-0.389893	0.573242	0.778320	1.458015	0.244275	-0.335878	12.609464
-0.404297	0.573730	0.790771	-1.076336	-0.152672	-0.557252	12.619495
-0.396240	0.543213	0.771240	-3.030534	-0.351145	-1.557252	12.629747
-0.393311	0.549072	0.791504	-3.122137	0.396947	-2.946565	12.640435
-0.407471	0.573486	0.814209	-5.015267	-0.671756	-3.358779	12.650448
-0.406738	0.571045	0.816406	-6.618321	-1.778626	-3.007634	12.660750
-0.404297	0.555420	0.797119	-5.465649	-1.755725	-2.496183	12.670739
-0.408203	0.546631	0.809814	-4.213740	-1.564885	-2.267176	12.680775
-0.396973	0.547607	0.782715	-2.541985	-1.328244	-2.160305	12.690629
-0.396484	0.549805	0.777588	-2.083969	-0.893130	-3.022901	12.701160
-0.404297	0.576416	0.781738	-1.625954	0.167939	-3.519084	12.711456
-0.412842	0.596191	0.799316	-2.564885	-0.412214	-2.908397	12.721546
-0.410400	0.600586	0.805664	-3.519084	-0.732824	-1.206107	12.731552
-0.409912	0.577148	0.793945	-3.312977	-0.503817	-0.656489	12.741829
-0.401855	0.581543	0.789062	-3.862595	-1.106870	-0.129771	12.751682
-0.397461	0.576904	0.805420	-4.251908	-0.900763	0.992366	12.761883
-0.407227	0.558350	0.832031	-2.977099	-1.106870	1.374046	12.772378
-0.404053	0.541504	0.835938	-2.007634	-1.992366	1.725191	12.782511
-0.401123	0.527344	0.805420	-2.564885	-2.511450	0.061069	12.792866
-0.391113	0.531006	0.797119	-2.236641	-1.580153	-1.511450	12.803310
-0.394775	0.538330	0.787109	-4.572519	-1.328244	-2.824427	12.813397
-0.393311	0.535156	0.775146	-6.061069	-1.083969	-4.007634	12.823614
-0.402588	0.548096	0.792236	-4.908397	-0.251908	-4.061069	12.833553
-0.405029	0.574219	0.814453	-4.068702	-0.526718	-2.870229	12.843760
-0.403809	0.592285	0.809570	-4.045802	-1.725191	-1.022901	12.853399
-0.406494	0.562500	0.789307	-3.496183	-1.900763	0.167939	12.863354
-0.399414	0.543213	0.794678	-2.908397	-2.145038	0.290076	12.873205
-0.402100	0.531738	0.775146	-4.320611	-2.229008	-1.076336	12.883711
-0.398193	0.530762	0.766357	-3.824427	-1.526718	-1.916031	12.894441
-0.395752	0.546143	0.778809	-2.366412	-0.679389	-2.229008	12.904543
-0.395752	0.564209	0.769531	-1.992366	0.488550	-1.480916	12.914872
-0.397705	0.559326	0.774414	-1.305344	0.900763	-1.083969	12.925067
-0.405762	0.562256	0.791748	-0.740458	1.221374	-1.068702	12.935295
-0.412109	0.580811	0.827637	-2.587786	-0.809160	-0.832061	12.945443
-0.407471	0.583008	0.791992	-4.099237	-1.931298	-0.190840	12.955626
-0.399902	0.563477	0.800781	-3.893130	-2.755725	0.946565	12.965733
-0.389648	0.536377	0.771973	-4.664122	-2.633588	0.610687	12.975743
-0.380615	0.538330	0.755371	-1.969466	-1.396947	1.946565	12.985802
-0.380127	0.531250	0.758057	-3.198473	-0.045802	-0.267176	12.995962
-0.406006	0.529053	0.772949	-2.427481	0.748092	-0.732824	13.005802
-0.389648	0.543945	0.783203	-2.297710	1.137405	-1.175573	13.016001
-0.395264	0.548096	0.787842	-3.282443	0.870229	-1.389313	13.026067
-0.395996	0.543457	0.816162	-2.732824	0.877863	-1.625954	13.036147
-0.408203	0.543945	0.818604	-3.435115	0.541985	-2.213740	13.046481
-0.405518	0.552979	0.812988	-2.916031	-0.412214	-2.152672	13.056574
-0.399414	0.554443	0.813477	-2.931298	-0.885496	-1.946565	13.066784
-0.396729	0.542236	0.787109	-3.122137	-1.045802	-1.854962	13.077047
-0.393799	0.542480	0.779785	-3.030534	-1.480916	-2.000000	13.087308
-0.392822	0.546387	0.775391	-2.809160	-0.809160	-2.229008	13.097530
-0.392578	0.552734	0.782715	-3.160305	-0.412214	-2.473282	13.107929
-0.397217	0.557617	0.793213	-2.519084	0.267176	-2.160305	13.118072
-0.403809	0.561279	0.786621	-1.877863	0.580153	-1.954198	13.127934
-0.406982	0.552734	0.786377	-2.305344	0.992366	-1.946565	13.138302
-0.408691	0.567871	0.804932	-1.816794	1.038168	-1.793893	13.148456
-0.416748	0.570801	0.816406	-2.809160	0.282443	-1.358779	13.158765
-0.404785	0.562256	0.812500	-2.969466	-0.412214	-0.763359	13.168520
-0.408203	0.557129	0.810547	-4.526718	-1.358779	-1.229008	13.178503
-0.406250	0.551270	0.810547	-4.389313	-1.229008	-1.641221	13.189200
-0.406006	0.565918	0.832031	-4.870229	-2.038168	-1.435115	13.199499
-0.405762	0.553223	0.818848	-5.114504	-1.625954	-1.267176	13.209700
-0.410645	0.544434	0.828125	-4.450382	-1.679389	-1.175573	13.219992
-0.405273	0.544189	0.807861	-5.717557	-1.755725	-1.893130	13.229920
-0.401367	0.536621	0.807373	-5.610687	-1.259542	-2.183206	13.240350
-0.418701	0.523926	0.822510	-5.221374	-1.267176	-2.694656	13.250610
-0.427002	0.530762	0.834229	-4.534351	-2.381679	-2.656489	13.260803
-0.409424	0.530029	0.802002	-4.610687	-2.664122	-3.167939	13.270887
-0.406494	0.527832	0.784668	-3.389313	-2.251908	-4.145038	13.281189
-0.401611	0.541016	0.766846	-3.000000	-2.183206	-3.900763	13.291462
-0.404541	0.548096	0.767578	-1.740458	-1.801527	-3.137405	13.301695
-0.400146	0.553467	0.751953	-1.572519	-1.725191	-3.198473	13.311751
-0.388672	0.550781	0.737305	-2.305344	-0.801527	-3.511450	13.322127
-0.394775	0.580322	0.766357	-3.847328	0.259542	-3.709924	13.331950
-0.402344	0.590332	0.780762	-3.480916	0.282443	-2.320611	13.342439
-0.405029	0.578125	0.794189	-2.717557	-1.480916	0.091603	13.352693
-0.383545	0.566650	0.771729	-1.938931	-1.664122	1.442748	13.362796
-0.384033	0.543457	0.751709	-1.687023	-1.541985	2.160305	13.372819
-0.374512	0.514893	0.745117	-1.251908	-0.587786	1.656489	13.382995
