-0.109619	0.205811	0.908691	-2.129771	3.671756	1.625954	0.008529
-0.111084	0.208740	0.906006	-1.564885	3.694656	1.526718	0.018307
-0.108643	0.200928	0.927002	-1.053435	3.320611	0.786260	0.028391
-0.112793	0.204590	0.922119	-0.854962	3.282443	0.160305	0.037599
-0.109131	0.220215	0.916992	-2.015267	3.122137	0.061069	0.047303
-0.109131	0.215820	0.923096	-2.625954	2.755725	0.190840	0.056482
-0.111084	0.220459	0.912109	-3.274809	2.564885	0.603053	0.065886
-0.111572	0.224854	0.931885	-3.801527	1.946565	1.343511	0.075652
-0.102783	0.213623	0.919189	-3.923664	1.442748	2.511450	0.087227
-0.106689	0.205811	0.910645	-2.961832	1.610687	2.366412	0.099824
-0.108887	0.208008	0.919189	-1.450382	1.312977	0.984733	0.111775
-0.113770	0.215088	0.923828	-0.603053	0.419847	1.381679	0.128426
-0.096924	0.217529	0.914795	-0.984733	0.343511	0.778626	0.140418
-0.100830	0.222656	0.915527	-0.740458	1.450382	0.236641	0.152199
-0.110840	0.247314	0.922119	-1.480916	1.511450	1.938931	0.164126
-0.098633	0.226318	0.925049	-3.122137	1.328244	3.793893	0.176248
-0.102539	0.211426	0.920654	-3.282443	1.396947	3.305344	0.188237
-0.112305	0.202148	0.938232	-1.893130	1.351145	2.305344	0.199848
-0.115723	0.211426	0.924561	-1.946565	-0.145038	2.458015	0.211812
-0.111572	0.201660	0.914062	-3.900763	-0.427481	1.877863	0.223085
-0.110352	0.200439	0.903076	-1.595420	-0.015267	0.076336	0.236428
-0.101318	0.224609	0.894775	-0.030534	1.343511	0.229008	0.248192
-0.102539	0.215820	0.917236	-4.099237	2.030534	0.687023	0.259715
-0.107422	0.200195	0.918213	-3.206107	2.137405	0.251908	0.271457
-0.112305	0.225342	0.910645	-0.847328	2.038168	0.526718	0.283922
-0.097900	0.235107	0.926025	-0.480916	0.977099	1.885496	0.295509
-0.108887	0.214111	0.927490	-2.015267	-0.694656	3.083969	0.307699
-0.100586	0.197021	0.920898	-1.198473	-0.770992	2.435115	0.319607
-0.105713	0.218262	0.905518	-0.656489	-0.595420	1.595420	0.331913
-0.108398	0.215088	0.900879	-0.007634	0.480916	1.793893	0.343682
-0.108643	0.216797	0.897217	-3.083969	1.259542	1.526718	0.355569
-0.100830	0.209717	0.916748	-3.145038	1.633588	1.236641	0.367507
-0.110107	0.208740	0.906250	-2.824427	1.183206	1.251908	0.379216
-0.109131	0.201904	0.896484	-1.419847	1.625954	0.587786	0.390823
-0.106689	0.221924	0.908691	-0.374046	1.633588	0.679389	0.402620
-0.093994	0.231445	0.908936	-1.076336	0.007634	1.580153	0.414666
-0.105225	0.220703	0.927734	-2.000000	1.412214	2.442748	0.426885
-0.103760	0.217529	0.919678	-2.099237	1.389313	2.870229	0.438748
-0.106689	0.212158	0.910156	-3.083969	0.534351	3.076336	0.450767
-0.102051	0.201660	0.921875	-2.923664	0.000000	2.664122	0.462341
-0.110352	0.190918	0.910889	-2.122137	-0.274809	1.419847	0.474414
-0.110840	0.199951	0.900146	-1.221374	-0.145038	0.557252	0.486623
-0.097900	0.226074	0.904297	-0.374046	0.572519	0.954198	0.498086
-0.098877	0.225342	0.911133	-1.267176	0.595420	2.198473	0.510587
-0.103516	0.215088	0.900146	-1.587786	1.854962	2.557252	0.522372
-0.103027	0.208984	0.902588	-3.022901	2.129771	2.419847	0.534440
-0.103027	0.194336	0.907715	-3.068702	2.305344	1.679389	0.546425
-0.107666	0.201904	0.915771	-2.503817	2.954198	1.038168	0.558383
-0.112793	0.198242	0.898926	-1.801527	3.358779	0.755725	0.569463
-0.106689	0.201172	0.910889	-1.610687	3.656489	0.580153	0.580151
-0.107178	0.213379	0.916992	-0.770992	3.595420	0.595420	0.590677
-0.110840	0.225830	0.923096	-0.274809	2.412214	1.290076	0.601414
-0.109131	0.234131	0.928955	-0.793893	1.496183	2.541985	0.611969
-0.111816	0.213135	0.920166	-1.251908	-0.099237	3.244275	0.623795
-0.109619	0.208740	0.924805	-0.374046	-0.267176	2.595420	0.636008
-0.107422	0.212402	0.901123	-0.992366	-0.122137	2.480916	0.648061
-0.106201	0.205811	0.885254	-2.167939	0.908397	2.251908	0.659876
-0.106689	0.190430	0.899902	-1.419847	1.763359	0.801527	0.671819
-0.102539	0.212646	0.895508	-1.473282	2.992366	-0.183206	0.683689
-0.109375	0.217529	0.906250	-2.923664	3.641221	-0.259542	0.695744
-0.104004	0.226074	0.921875	-2.244275	3.687023	0.381679	0.707411
-0.108154	0.220947	0.927734	-1.763359	2.458015	0.977099	0.720341
-0.103027	0.221680	0.920410	-0.610687	1.328244	1.549618	0.732843
-0.106934	0.204102	0.915283	0.068702	0.435115	2.061069	0.745703
-0.105469	0.205566	0.878174	1.167939	0.931298	1.488550	0.757153
-0.102295	0.205078	0.878662	0.221374	2.664122	1.206107	0.769468
-0.099365	0.194092	0.875977	-1.946565	4.167939	0.198473	0.781179
-0.100830	0.217041	0.908691	1.679389	4.977099	0.061069	0.792997
-0.107910	0.242432	0.919678	1.778626	4.809160	0.755725	0.804674
-0.111572	0.246094	0.924805	-0.274809	3.160305	3.190840	0.816943
-0.104736	0.218750	0.940186	-0.816794	1.465649	4.564885	0.828584
-0.110107	0.214355	0.923340	0.175573	0.709924	3.961832	0.840586
-0.118652	0.229736	0.907471	1.061069	3.358779	4.206107	0.852509
-0.110596	0.194092	0.863525	-2.625954	1.603053	3.503817	0.864749
-0.110107	0.198730	0.926514	-0.816794	2.503817	0.603053	0.876210
-0.110352	0.232422	0.903076	-1.328244	2.366412	1.251908	0.887279
-0.121826	0.210693	0.918213	-3.122137	1.595420	1.610687	0.898630
-0.121338	0.205322	0.922119	-0.992366	1.412214	0.305344	0.909159
-0.113037	0.232422	0.907471	0.068702	1.343511	0.412214	0.919702
-0.112793	0.237793	0.920654	-2.137405	0.587786	1.793893	0.931831
-0.113281	0.220215	0.917969	-2.267176	-0.832061	1.916031	0.943691
-0.105225	0.211670	0.879883	-1.870229	-0.290076	1.732824	0.955937
-0.125000	0.214355	0.875000	-2.458015	0.885496	0.984733	0.967223
-0.108154	0.218262	0.885742	-3.122137	2.015267	0.442748	0.978841
-0.106201	0.211182	0.888184	-4.038168	3.122137	0.000000	0.990831
-0.115479	0.234131	0.910400	-3.206107	4.328244	-0.221374	1.002667
-0.119141	0.227539	0.931641	-2.557252	3.106870	0.564885	1.014261
-0.122559	0.222656	0.928223	-3.610687	1.977099	1.114504	1.024828
-0.122070	0.205078	0.929932	-4.374046	1.763359	0.213740	1.036940
-0.117432	0.224609	0.939697	-4.648855	1.427481	-0.167939	1.048973
-0.122803	0.225342	0.924316	-5.717557	0.106870	0.740458	1.060706
-0.117676	0.211670	0.914062	-6.938931	0.099237	0.877863	1.072066
-0.109619	0.204834	0.901367	-7.748092	0.030534	0.671756	1.083002
-0.112061	0.198486	0.909424	-2.519084	0.916031	0.755725	1.095348
-0.106201	0.221680	0.905029	-0.679389	0.755725	1.122137	1.107530
-0.108398	0.228271	0.908447	-1.351145	1.381679	2.122137	1.119842
-0.096436	0.214844	0.934814	-0.496183	0.732824	2.580153	1.131558
-0.111328	0.229004	0.925049	-0.595420	-0.496183	2.557252	1.143986
-0.106201	0.220459	0.910400	-2.580153	-0.465649	2.641221	1.155942
-0.110107	0.212646	0.896729	-3.091603	0.580153	2.175573	1.167222
-0.109375	0.216797	0.886230	-3.900763	1.381679	2.129771	1.178620
-0.118408	0.202393	0.896240	-3.778626	2.908397	1.786260	1.190423
-0.110107	0.196289	0.901123	-1.053435	1.954198	0.908397	1.202400
-0.109863	0.217773	0.920410	0.229008	3.854962	0.351145	1.214182
-0.114502	0.231445	0.907715	-0.030534	2.671756	1.618321	1.226026
-0.114990	0.232178	0.921387	-1.931298	2.000000	2.748092	1.238358
-0.116943	0.212646	0.926025	-3.244275	1.351145	2.671756	1.250134
-0.111328	0.209717	0.937256	-3.076336	0.007634	2.122137	1.262132
-0.114990	0.217285	0.938721	-2.633588	-1.022901	2.564885	1.274311
-0.106934	0.219727	0.916748	-1.694656	-1.580153	2.221374	1.286586
-0.110596	0.222900	0.898682	-2.435115	-0.954198	2.206107	1.298168
-0.110352	0.212646	0.901123	-3.824427	0.366412	2.381679	1.310383
-0.109863	0.217285	0.912598	-3.221374	1.290076	2.282443	1.321726
-0.100342	0.205811	0.903320	-2.633588	1.160305	2.526718	1.334428
-0.117188	0.205322	0.900879	-0.671756	1.687023	2.305344	1.346277
-0.112549	0.203857	0.905762	0.572519	0.961832	1.374046	1.358107
-0.110107	0.210693	0.901367	-0.366412	1.770992	0.770992	1.369965
-0.113770	0.218750	0.913818	-1.305344	2.022901	0.748092	1.381783
-0.119141	0.212402	0.905273	-1.870229	2.335878	0.954198	1.394020
-0.109863	0.219971	0.907715	0.290076	1.870229	0.847328	1.406205
-0.100830	0.240723	0.899902	-0.740458	1.938931	2.091603	1.417735
-0.103271	0.232422	0.922852	-3.770992	1.854962	4.145038	1.429594
-0.102783	0.202393	0.890869	-4.183206	1.198473	3.709924	1.441700
-0.111328	0.204590	0.935547	-1.740458	1.625954	2.038168	1.453997
-0.106689	0.244873	0.921875	-1.610687	0.404580	3.404580	1.466957
-0.115234	0.219971	0.902832	-3.954198	0.267176	5.618321	1.478791
-0.140137	0.187500	0.904053	-2.480916	0.832061	4.236641	1.490711
-0.114014	0.209473	0.916992	-1.984733	1.404580	3.022901	1.502140
-0.121094	0.197266	0.921631	-2.694656	1.931298	3.053435	1.514356
-0.128174	0.196289	0.913818	-0.679389	2.221374	1.793893	1.526053
-0.126953	0.204102	0.927734	-0.687023	1.725191	1.358779	1.538388
-0.121338	0.215332	0.936523	-0.442748	0.816794	1.641221	1.550112
-0.126465	0.209229	0.908936	-0.618321	0.389313	1.587786	1.562132
-0.118164	0.201416	0.908447	0.786260	0.984733	0.572519	1.574115
-0.121094	0.232666	0.923340	0.000000	1.045802	0.908397	1.586173
-0.122070	0.227051	0.924805	-1.824427	0.809160	2.458015	1.597761
-0.116943	0.205078	0.922119	-1.702290	0.427481	2.129771	1.609831
-0.120605	0.205322	0.910889	-1.297710	0.541985	1.244275	1.621506
-0.116211	0.211426	0.908203	-1.740458	0.595420	1.259542	1.633722
-0.115479	0.214600	0.895996	-1.816794	1.259542	1.206107	1.645468
-0.093994	0.209229	0.890137	-2.305344	1.809160	1.000000	1.657192
-0.104736	0.210205	0.918457	-2.221374	1.549618	0.870229	1.668412
-0.110107	0.218994	0.916260	-2.167939	1.030534	0.809160	1.678642
-0.110840	0.218994	0.907959	-1.946565	0.923664	1.244275	1.690899
-0.105957	0.214111	0.914551	-2.053435	0.923664	1.541985	1.702900
-0.107178	0.217529	0.892090	-1.244275	0.885496	1.809160	1.714719
-0.110352	0.213379	0.914551	-1.366412	0.732824	2.213740	1.726346
-0.109863	0.213867	0.919678	-1.022901	0.725191	2.152672	1.737626
-0.110107	0.207275	0.906494	-1.946565	0.740458	1.732824	1.750080
-0.115723	0.208252	0.910156	-2.946565	1.488550	0.557252	1.761881
-0.118896	0.215088	0.923096	-2.625954	1.488550	0.038168	1.773989
-0.124023	0.225830	0.927246	-1.824427	1.259542	0.503817	1.785049
-0.120117	0.220459	0.912598	-3.183206	0.725191	1.022901	1.795947
-0.114014	0.205078	0.924561	-3.465649	0.396947	0.969466	1.807100
-0.110840	0.197998	0.911133	-2.045802	0.732824	0.297710	1.819229
-0.117676	0.230225	0.918457	0.854962	0.572519	0.396947	1.830867
-0.108154	0.242188	0.925049	-1.328244	-0.145038	2.862595	1.842900
-0.105957	0.221680	0.920410	-1.625954	-0.816794	3.396947	1.855024
-0.109375	0.220703	0.910156	-1.488550	-0.870229	2.786260	1.866921
-0.104492	0.222168	0.898438	-3.732824	-0.312977	2.832061	1.878519
-0.110840	0.202393	0.900635	-4.519084	0.847328	1.961832	1.890915
-0.108887	0.207520	0.905762	-3.015267	2.083969	0.908397	1.902715
-0.106934	0.219482	0.903076	-1.656489	2.519084	0.954198	1.914704
-0.109863	0.208984	0.913086	-1.190840	2.412214	1.106870	1.926582
-0.110352	0.207520	0.908447	-0.229008	2.786260	0.404580	1.938729
-0.105713	0.228027	0.918457	0.389313	2.610687	0.564885	1.950555
-0.112305	0.233887	0.915771	-1.465649	2.580153	1.160305	1.962679
-0.110840	0.222168	0.921631	-1.541985	2.091603	1.648855	1.974853
-0.117188	0.218994	0.920410	-1.038168	1.977099	1.717557	1.987073
-0.115479	0.233398	0.929932	-2.007634	0.374046	3.251908	1.998702
-0.119629	0.206055	0.922363	-4.053435	-0.480916	3.587786	2.010349
-0.139893	0.203125	0.940918	-0.396947	-2.465649	2.511450	2.022309
-0.113281	0.218750	0.905762	-0.885496	-1.473282	2.068702	2.033898
-0.116455	0.200195	0.894043	-2.839695	0.374046	2.007634	2.046105
-0.112549	0.193115	0.899170	-2.648855	1.328244	0.267176	2.057932
-0.117920	0.215576	0.917969	-1.351145	1.412214	-0.106870	2.070014
-0.116455	0.216309	0.908936	-1.748092	1.267176	0.496183	2.081542
-0.110107	0.208252	0.918701	-0.824427	0.450382	0.511450	2.093174
-0.112305	0.221191	0.914062	0.656489	-0.473282	0.938931	2.107384
-0.104004	0.218018	0.904053	-0.099237	0.061069	1.526718	2.119146
-0.109375	0.213135	0.884277	-0.045802	1.160305	0.679389	2.131193
-0.106689	0.225342	0.894775	-1.488550	1.671756	0.839695	2.143555
-0.109863	0.220459	0.911621	-3.534351	1.618321	1.122137	2.155448
-0.117676	0.204346	0.914551	-3.137405	1.511450	0.786260	2.167389
-0.117188	0.212646	0.916260	-1.496183	0.938931	0.511450	2.179308
-0.112305	0.218994	0.906006	-1.068702	1.152672	0.458015	2.192405
-0.110107	0.215088	0.905029	-0.526718	1.603053	0.267176	2.204461
-0.106201	0.220215	0.909180	-0.587786	1.908397	0.305344	2.216090
-0.103027	0.221924	0.910156	-0.984733	2.053435	0.458015	2.228090
-0.103027	0.220459	0.905029	-0.381679	2.374046	0.335878	2.240667
-0.110596	0.222656	0.910889	-0.984733	2.366412	0.992366	2.252570
-0.107178	0.223633	0.918457	-1.717557	1.877863	1.648855	2.264393
-0.111084	0.213867	0.906494	-2.015267	1.358779	1.786260	2.276208
-0.105957	0.225342	0.916748	-2.106870	0.755725	1.809160	2.287789
-0.111084	0.213867	0.900391	-1.946565	0.572519	2.007634	2.299592
-0.105469	0.213135	0.890137	-1.068702	0.931298	1.854962	2.309943
-0.112061	0.215088	0.911621	-1.137405	1.061069	1.465649	2.319855
-0.115234	0.216797	0.910400	-0.770992	1.259542	1.343511	2.329756
-0.110840	0.224121	0.903076	-0.847328	1.114504	1.519084	2.339243
-0.114502	0.220215	0.902344	-1.175573	1.335878	1.480916	2.348571
-0.115479	0.214111	0.912354	-0.656489	1.824427	0.984733	2.359527
-0.113281	0.223633	0.910400	-0.152672	1.709924	1.053435	2.369735
-0.102051	0.230713	0.923096	-1.389313	1.419847	1.473282	2.379596
-0.110840	0.219971	0.920410	-1.679389	1.419847	1.984733	2.389150
-0.113037	0.211182	0.904541	-1.938931	0.893130	1.687023	2.399296
-0.107666	0.201660	0.901855	-1.664122	0.900763	1.000000	2.408889
-0.110352	0.207031	0.891113	-0.442748	1.687023	0.045802	2.419412
-0.113037	0.220947	0.901611	-1.381679	2.664122	-0.091603	2.429555
-0.114502	0.221924	0.903076	-1.885496	2.610687	0.160305	2.440166
-0.116455	0.225342	0.916260	-1.351145	2.595420	0.152672	2.450527
-0.121094	0.234863	0.931885	-0.267176	1.877863	0.587786	2.461094
-0.119141	0.235840	0.924805	-0.877863	1.503817	1.847328	2.470696
-0.115479	0.219482	0.907471	-2.022901	0.984733	2.206107	2.481049
-0.112061	0.211914	0.879883	-2.671756	1.916031	1.305344	2.491658
-0.111572	0.215576	0.902832	-3.656489	2.496183	0.709924	2.501763
-0.116211	0.212646	0.915527	-3.694656	2.541985	0.732824	2.511689
-0.116943	0.211182	0.914307	-1.877863	2.236641	0.625954	2.522372
-0.108154	0.212891	0.906982	-1.862595	2.229008	0.435115	2.532584
-0.124023	0.207031	0.922363	-1.618321	2.038168	0.312977	2.542834
-0.116211	0.218994	0.930176	-0.183206	1.450382	0.068702	2.552445
-0.116943	0.235840	0.929199	-0.114504	1.145038	0.442748	2.561984
-0.118164	0.238770	0.921631	0.137405	1.045802	1.000000	2.572881
-0.115234	0.238281	0.923096	-1.038168	0.832061	1.854962	2.582973
-0.112793	0.235107	0.933594	-2.786260	0.633588	2.748092	2.593485
-0.111084	0.220703	0.916992	-4.442748	0.625954	3.030534	2.603678
-0.116455	0.206055	0.907471	-3.664122	0.786260	2.541985	2.613290
-0.121094	0.207520	0.923828	-3.297710	0.358779	2.244275	2.623695
-0.124268	0.197754	0.911133	-2.938931	0.083969	1.229008	2.633721
-0.125244	0.205078	0.924316	-1.671756	0.251908	0.687023	2.644033
-0.121094	0.215820	0.919678	-1.618321	-0.137405	0.908397	2.654534
-0.117920	0.213867	0.926270	-1.496183	-0.244275	0.816794	2.664920
-0.120850	0.216064	0.911377	-2.122137	-0.221374	0.656489	2.675197
-0.116943	0.210449	0.917480	-2.053435	-0.244275	0.496183	2.685937
-0.121826	0.218994	0.916260	-1.671756	-1.145038	0.374046	2.696061
-0.114502	0.224609	0.913330	-1.809160	-1.458015	0.770992	2.706613
-0.111572	0.224854	0.906982	-2.557252	-1.648855	1.175573	2.716637
-0.111328	0.227295	0.910400	-2.870229	-1.282443	1.679389	2.726393
-0.114990	0.219482	0.903809	-2.458015	-0.954198	1.664122	2.737510
-0.096680	0.217041	0.891602	-1.916031	-0.580153	1.442748	2.747542
-0.108398	0.213379	0.892822	-2.213740	-0.030534	0.694656	2.757911
-0.116943	0.204590	0.902588	-1.854962	0.259542	0.916031	2.768176
-0.123779	0.220459	0.908936	-0.053435	0.167939	1.022901	2.778359
-0.111572	0.231201	0.909180	-0.748092	-0.045802	1.633588	2.788972
-0.110107	0.209717	0.901855	-0.961832	-0.801527	1.908397	2.798911
-0.101807	0.222900	0.904053	0.320611	-0.557252	0.977099	2.809331
-0.106689	0.237305	0.895508	0.007634	0.267176	1.229008	2.819718
-0.105957	0.235352	0.890869	-1.091603	0.961832	1.931298	2.830204
-0.105225	0.227295	0.895020	-2.465649	1.679389	2.213740	2.840848
-0.105225	0.221191	0.903320	-2.526718	2.351145	1.885496	2.851298
-0.111816	0.221680	0.907715	-2.458015	2.312977	1.404580	2.861735
-0.111816	0.216797	0.904785	-2.106870	2.458015	1.274809	2.871825
-0.118408	0.203369	0.908691	-1.137405	1.511450	1.022901	2.881982
-0.104004	0.224121	0.912354	-1.114504	1.236641	1.358779	2.892712
-0.112549	0.217041	0.912354	-0.022901	0.946565	1.305344	2.902757
-0.113525	0.239746	0.913330	0.213740	0.725191	1.503817	2.913064
-0.104736	0.243652	0.905273	-1.450382	0.931298	2.519084	2.923054
-0.116211	0.218750	0.899902	-3.083969	1.893130	2.099237	2.933132
-0.118652	0.206787	0.892578	-3.335878	3.099237	1.671756	2.942589
-0.122803	0.201416	0.906006	-4.015267	3.305344	0.763359	2.951838
-0.130859	0.200195	0.919434	-2.412214	3.038168	0.129771	2.962324
-0.125977	0.187988	0.904541	-0.877863	2.587786	-0.778626	2.972811
-0.119873	0.191895	0.900879	0.091603	3.160305	-1.816794	2.983148
-0.123779	0.211914	0.906006	0.213740	3.717557	-2.236641	2.993624
-0.121094	0.220703	0.922363	0.671756	3.900763	-2.190840	3.003923
-0.110840	0.229980	0.924805	1.305344	3.251908	-2.045802	3.014373
-0.112549	0.245850	0.931641	0.648855	2.717557	-1.473282	3.024262
-0.116699	0.242188	0.951416	-0.809160	0.740458	1.091603	3.034885
-0.114258	0.229248	0.949463	-0.503817	-0.603053	1.755725	3.045225
-0.104980	0.225342	0.897461	-0.450382	-1.114504	1.610687	3.055399
-0.105469	0.220215	0.900879	-1.595420	0.083969	0.847328	3.065817
-0.106689	0.232666	0.917236	-2.206107	0.893130	0.267176	3.076261
-0.107666	0.242920	0.907227	-3.305344	1.694656	0.748092	3.086575
-0.110352	0.247314	0.920410	-5.145038	1.839695	1.641221	3.097170
-0.110352	0.228760	0.923096	-5.541985	1.435115	2.519084	3.107390
-0.119141	0.227539	0.919678	-4.503817	0.778626	2.832061	3.117751
-0.118164	0.219238	0.915527	-3.229008	-0.038168	2.679389	3.127718
-0.112793	0.219482	0.921631	-2.702290	0.145038	2.221374	3.138145
-0.110596	0.215576	0.907227	-2.603053	0.389313	1.778626	3.148683
-0.117920	0.228027	0.904541	-3.229008	0.503817	1.435115	3.158827
-0.107910	0.216064	0.892578	-4.015267	1.511450	1.412214	3.169237
-0.121094	0.220947	0.919678	-4.061069	1.687023	1.183206	3.179646
-0.118164	0.223389	0.920410	-3.625954	1.526718	1.503817	3.189872
-0.140381	0.212891	0.910645	-3.305344	1.404580	1.671756	3.200593
-0.121338	0.203857	0.901855	-2.969466	1.755725	1.282443	3.210536
-0.119141	0.206787	0.910645	-2.938931	2.244275	0.404580	3.221021
-0.118164	0.211670	0.918701	-3.450382	1.549618	0.129771	3.231308
-0.116455	0.222412	0.902344	-3.618321	1.748092	0.175573	3.241514
-0.116211	0.210938	0.911133	-4.305344	1.671756	-0.404580	3.252128
-0.112793	0.227051	0.910645	-5.404580	1.404580	-0.198473	3.262129
-0.118164	0.233643	0.916992	-5.549618	1.129771	0.610687	3.271982
-0.119629	0.233887	0.919678	-6.145038	0.664122	1.847328	3.281351
-0.109131	0.223145	0.907959	-4.778626	0.236641	2.465649	3.290702
-0.110596	0.220703	0.918945	-3.809160	-0.038168	2.503817	3.300180
-0.102539	0.223389	0.898926	-4.236641	-0.022901	2.763359	3.311446
-0.103027	0.218506	0.893066	-4.961832	0.694656	2.893130	3.321652
-0.107666	0.212402	0.887207	-4.885496	1.305344	2.603053	3.331748
-0.111572	0.213379	0.887695	-5.473282	2.206107	2.656489	3.342134
-0.105225	0.210938	0.886963	-5.877863	2.717557	2.610687	3.352343
-0.110352	0.215332	0.898926	-6.282443	3.145038	2.908397	3.362697
-0.108643	0.217773	0.911377	-6.328244	2.610687	3.106870	3.372992
-0.112549	0.193848	0.916260	-4.267176	2.458015	2.152672	3.383445
-0.116943	0.198730	0.913818	-0.900763	2.305344	0.885496	3.393676
-0.111328	0.231201	0.919434	-1.381679	2.374046	0.954198	3.404151
-0.116211	0.231445	0.909424	-3.664122	2.328244	2.419847	3.413671
-0.124756	0.210938	0.920410	-4.633588	1.877863	2.854962	3.424407
-0.120117	0.198242	0.918457	-4.755725	1.717557	2.045802	3.434228
-0.117676	0.206055	0.924072	-4.793893	1.152672	1.404580	3.444239
-0.122070	0.208008	0.932861	-5.114504	0.236641	1.778626	3.454989
-0.120361	0.196289	0.909912	-4.946565	0.328244	2.053435	3.465536
-0.117676	0.191650	0.889648	-3.496183	0.824427	1.175573	3.476127
-0.123047	0.203613	0.899658	-1.938931	1.740458	0.419847	3.487667
-0.119629	0.201660	0.896484	-2.862595	2.000000	1.076336	3.499676
-0.116943	0.191895	0.900635	-3.022901	1.770992	0.832061	3.510325
-0.118896	0.196777	0.918945	-1.534351	1.854962	0.267176	3.520440
-0.118164	0.198486	0.917725	-0.763359	1.511450	0.473282	3.530765
-0.108398	0.202637	0.906982	-1.106870	0.885496	0.709924	3.541094
-0.117432	0.198486	0.906494	-1.030534	0.954198	0.587786	3.551207
-0.123291	0.216309	0.916992	-0.770992	1.305344	0.541985	3.562154
-0.117432	0.225098	0.913574	-2.122137	1.389313	1.496183	3.571692
-0.109863	0.206543	0.911377	-3.366412	1.068702	1.679389	3.581498
-0.118164	0.194824	0.911133	-2.900763	1.015267	1.061069	3.591833
-0.117920	0.211670	0.927246	-2.160305	1.061069	1.015267	3.601933
-0.117676	0.210205	0.924561	-2.465649	0.778626	2.175573	3.612446
-0.116699	0.201172	0.906738	-2.114504	0.580153	2.335878	3.622793
-0.116699	0.195557	0.903076	-1.404580	0.603053	1.511450	3.632990
-0.109619	0.208252	0.908447	-1.755725	1.290076	1.320611	3.642765
-0.115967	0.204590	0.899902	-1.923664	1.114504	1.297710	3.653338
-0.112793	0.200928	0.895996	-2.167939	1.503817	1.290076	3.664046
-0.117432	0.208740	0.911621	-0.068702	1.610687	1.450382	3.673854
-0.117676	0.215576	0.923584	0.404580	1.137405	2.137405	3.684554
-0.116699	0.214111	0.927246	-1.099237	1.145038	2.465649	3.694830
-0.116943	0.200684	0.916748	-1.854962	1.580153	2.435115	3.705300
-0.117188	0.208252	0.924805	-1.114504	2.053435	1.854962	3.715481
-0.114502	0.202393	0.905029	-1.732824	1.732824	2.160305	3.725823
-0.115234	0.195801	0.908447	-2.519084	1.992366	1.801527	3.735930
-0.119629	0.191650	0.897949	-2.549618	2.557252	1.099237	3.746122
-0.120605	0.178955	0.905029	-0.839695	2.603053	-0.053435	3.756654
-0.110352	0.204102	0.904053	0.328244	2.748092	-0.641221	3.766979
-0.111328	0.213623	0.898926	0.152672	2.900763	-0.885496	3.777004
-0.102051	0.225098	0.901123	1.061069	3.832061	-0.595420	3.787558
-0.106934	0.242188	0.924805	0.625954	3.969466	0.732824	3.798073
-0.113281	0.238037	0.915771	-3.610687	3.122137	2.625954	3.808537
-0.113281	0.218750	0.927734	-1.045802	1.977099	3.473282	3.818459
-0.116943	0.216553	0.936523	-0.007634	1.427481	3.305344	3.828941
-0.117432	0.203613	0.909180	-0.625954	0.312977	4.167939	3.838926
-0.111328	0.209961	0.906006	-1.595420	0.412214	4.129771	3.848945
-0.114990	0.204346	0.901611	-1.473282	1.351145	2.977099	3.859626
-0.114990	0.211670	0.899414	-1.679389	2.068702	2.694656	3.869981
-0.130371	0.220215	0.904785	-2.099237	2.442748	2.374046	3.879814
-0.124023	0.211182	0.915771	-1.961832	2.954198	2.900763	3.890326
-0.123535	0.207520	0.916748	-0.954198	2.465649	2.290076	3.900658
-0.127686	0.218750	0.922852	-1.633588	2.099237	3.312977	3.911247
-0.128174	0.195801	0.923584	-2.145038	1.274809	3.847328	3.921495
-0.116943	0.179199	0.916504	-0.358779	1.007634	2.679389	3.931762
-0.117432	0.187988	0.918701	0.885496	0.786260	1.259542	3.941919
-0.118408	0.195557	0.907715	0.374046	1.450382	0.274809	3.952311
-0.117920	0.209717	0.910889	-0.870229	1.297710	0.030534	3.963091
-0.120361	0.212646	0.909424	-1.305344	2.175573	-0.312977	3.973496
-0.122070	0.206299	0.907959	-0.961832	2.473282	-0.045802	3.983533
-0.125000	0.203125	0.921875	0.305344	2.259542	-0.511450	3.994042
-0.122559	0.209473	0.923584	0.687023	1.389313	-0.412214	4.004436
-0.129395	0.213135	0.912109	0.656489	0.984733	0.152672	4.014693
-0.128174	0.207520	0.918945	2.480916	0.977099	-0.053435	4.024677
-0.130615	0.214355	0.920654	2.480916	1.305344	-0.122137	4.035173
-0.134033	0.221924	0.914062	1.603053	0.916031	0.137405	4.045160
-0.127441	0.221191	0.905762	0.305344	1.259542	-0.145038	4.054813
-0.130127	0.220947	0.893555	-0.282443	1.328244	-0.129771	4.064202
-0.134033	0.215820	0.912842	-0.931298	1.664122	0.145038	4.073549
-0.125977	0.211914	0.917969	-1.954198	1.259542	0.351145	4.083597
-0.127441	0.211914	0.905518	-3.374046	0.152672	0.519084	4.095454
-0.123047	0.200195	0.903320	-1.648855	0.274809	0.549618	4.108553
-0.126465	0.213379	0.913818	-0.015267	0.618321	0.404580	4.118848
-0.118896	0.219971	0.904053	-0.335878	0.213740	1.045802	4.129294
-0.120361	0.212646	0.893799	-0.900763	1.030534	1.526718	4.139902
-0.126221	0.220947	0.892334	-0.961832	1.832061	1.274809	4.149743
-0.125244	0.231201	0.895020	-1.633588	2.198473	1.114504	4.160481
-0.129883	0.221680	0.894775	-2.572519	2.259542	1.435115	4.170764
-0.120605	0.202393	0.895508	-2.061069	2.274809	1.160305	4.180899
-0.117676	0.200684	0.895264	-1.282443	2.694656	-0.053435	4.190677
-0.114502	0.217041	0.891602	0.053435	2.870229	-0.603053	4.200772
-0.117920	0.217285	0.914062	0.175573	3.007634	-0.282443	4.211650
-0.124023	0.225830	0.905518	-0.328244	2.969466	0.114504	4.221480
-0.121338	0.216064	0.898682	-0.366412	3.236641	0.053435	4.231295
-0.126221	0.232422	0.912109	0.458015	3.343511	0.404580	4.241109
-0.117920	0.227783	0.916260	-0.061069	3.137405	1.229008	4.251506
-0.121826	0.217041	0.909912	0.190840	3.114504	1.259542	4.262251
-0.112549	0.219727	0.908447	-1.282443	3.496183	0.587786	4.272558
-0.124023	0.214844	0.920898	-2.122137	2.587786	0.290076	4.283015
-0.127441	0.224609	0.928223	-1.358779	1.656489	0.183206	4.293473
-0.121338	0.224121	0.909668	-2.679389	2.106870	0.152672	4.303964
-0.129150	0.238770	0.902588	-4.763359	2.007634	1.061069	4.314203
-0.122070	0.230469	0.903076	-6.137405	2.580153	1.885496	4.324321
-0.129639	0.209961	0.893066	-5.656489	2.809160	2.175573	4.334511
-0.135986	0.215576	0.906982	-2.580153	2.877863	1.618321	4.344932
-0.122803	0.212646	0.913574	-1.091603	2.473282	1.832061	4.354840
-0.131836	0.208008	0.912109	-1.885496	1.679389	1.664122	4.365314
-0.130127	0.208252	0.918945	-1.877863	1.267176	0.648855	4.375292
-0.131104	0.227539	0.936279	-1.832061	0.992366	0.580153	4.385287
-0.132324	0.225098	0.927002	-2.664122	0.694656	1.076336	4.395869
-0.125000	0.209229	0.914307	-3.442748	0.167939	0.801527	4.406581
-0.120850	0.216064	0.914795	-2.282443	0.358779	0.274809	4.416793
-0.124512	0.221191	0.914795	-2.496183	0.526718	0.519084	4.427121
-0.127197	0.220703	0.923340	-3.732824	0.816794	-0.167939	4.437539
-0.127197	0.223633	0.925781	-3.404580	0.809160	0.175573	4.447821
-0.133545	0.231445	0.937012	-3.030534	-0.122137	0.374046	4.458103
-0.127197	0.228760	0.926758	-2.221374	-0.496183	1.465649	4.468547
-0.126709	0.218262	0.915771	-2.572519	-0.992366	1.885496	4.478955
-0.126221	0.216064	0.897705	-1.770992	-0.114504	1.412214	4.489004
-0.117188	0.234131	0.897705	-2.893130	0.633588	1.656489	4.499362
-0.117676	0.232666	0.900391	-4.366412	1.374046	2.167939	4.509094
-0.122559	0.214600	0.906250	-4.076336	1.282443	2.488550	4.519876
-0.124023	0.200928	0.912109	-3.961832	1.564885	2.473282	4.530207
-0.127441	0.200928	0.901367	-4.045802	1.473282	2.251908	4.540664
-0.129883	0.184814	0.905518	-3.702290	1.916031	1.221374	4.550386
-0.135986	0.200195	0.910889	-2.351145	1.534351	0.549618	4.560670
-0.140137	0.207275	0.914062	-0.839695	1.503817	0.343511	4.571338
-0.138428	0.214355	0.926270	-0.671756	1.167939	0.938931	4.581349
-0.131592	0.219971	0.915771	-0.465649	1.190840	0.763359	4.591404
-0.126465	0.219482	0.923584	-1.541985	1.259542	1.442748	4.601721
-0.127930	0.220947	0.918457	-2.160305	1.312977	1.587786	4.612336
-0.128418	0.212158	0.916016	-2.442748	0.954198	1.061069	4.622673
-0.124023	0.211670	0.916504	-2.030534	1.488550	0.381679	4.633054
-0.119629	0.216797	0.920166	-1.641221	1.305344	0.435115	4.643485
-0.122559	0.223145	0.906250	-2.351145	1.045802	0.694656	4.653785
-0.123047	0.224609	0.911377	-2.549618	1.137405	0.671756	4.663861
-0.138184	0.221680	0.918457	-1.717557	1.251908	0.923664	4.674282
-0.123291	0.226318	0.903320	-1.603053	1.038168	1.374046	4.684452
-0.122559	0.215088	0.901123	-1.763359	0.786260	1.335878	4.694502
-0.118164	0.219482	0.928223	-1.877863	0.671756	1.419847	4.704972
-0.128662	0.234619	0.931396	-2.541985	0.236641	2.297710	4.715102
-0.121826	0.221436	0.931641	-3.190840	-0.404580	3.160305	4.725529
-0.128906	0.211914	0.911133	-3.190840	-0.435115	2.793893	4.735984
-0.123535	0.208984	0.911133	-2.206107	-0.061069	1.824427	4.746512
-0.128906	0.212891	0.908691	-3.022901	0.404580	1.755725	4.757219
-0.122314	0.206543	0.909668	-3.366412	0.755725	1.854962	4.767484
-0.127197	0.208008	0.913818	-2.824427	1.122137	1.206107	4.777954
-0.135010	0.218750	0.937744	-2.160305	0.702290	1.458015	4.788474
-0.133057	0.219971	0.920166	-2.137405	0.045802	1.732824	4.798578
-0.127197	0.210449	0.922363	-1.610687	-0.114504	1.862595	4.809184
-0.127197	0.210205	0.920410	-1.419847	-0.778626	1.900763	4.819590
-0.117676	0.212402	0.902344	-1.488550	-0.702290	2.129771	4.830065
-0.124023	0.214111	0.906250	-0.938931	-0.274809	1.992366	4.840452
-0.125000	0.217529	0.893799	-1.587786	0.290076	2.206107	4.850897
-0.119141	0.201904	0.895264	-2.801527	0.893130	2.229008	4.860989
-0.140381	0.197021	0.906982	-2.404580	0.717557	1.587786	4.870715
-0.125732	0.194092	0.907715	-1.450382	0.267176	0.862595	4.880152
-0.123291	0.208008	0.914551	-0.664122	0.038168	0.175573	4.891197
-0.126953	0.221191	0.910889	-1.000000	-0.213740	0.564885	4.901348
-0.122559	0.215820	0.905762	-1.992366	-0.038168	1.122137	4.912014
-0.122070	0.211670	0.904053	-2.175573	0.312977	1.183206	4.922109
-0.124268	0.214600	0.914795	-1.923664	0.358779	1.465649	4.932495
-0.120605	0.210205	0.921387	-1.923664	-0.160305	1.954198	4.942829
-0.126221	0.212646	0.900879	-1.030534	0.175573	1.503817	4.953062
-0.128662	0.216309	0.891602	-1.259542	0.290076	1.839695	4.963560
-0.126953	0.220947	0.909180	-1.931298	1.099237	2.190840	4.973872
-0.124756	0.208496	0.908447	-2.885496	0.992366	2.458015	4.983921
-0.125244	0.193359	0.909180	-3.152672	0.755725	1.702290	4.994245
-0.128418	0.198486	0.908691	-2.145038	0.587786	0.870229	5.004350
-0.122803	0.192383	0.896240	-1.786260	0.389313	0.282443	5.014896
-0.119629	0.213623	0.903076	-0.473282	0.564885	-0.236641	5.025010
-0.121338	0.218018	0.905273	-1.221374	0.442748	0.145038	5.034992
-0.124512	0.219971	0.898926	-1.946565	1.030534	0.572519	5.045426
-0.119873	0.222656	0.895752	-1.213740	1.885496	0.847328	5.056244
-0.119385	0.237793	0.907471	-0.870229	2.183206	1.175573	5.066630
-0.118408	0.230225	0.891602	-1.786260	1.732824	2.335878	5.076909
-0.119629	0.212891	0.904053	-1.748092	1.404580	2.381679	5.086969
-0.116943	0.208740	0.906250	-1.152672	1.442748	1.702290	5.097375
-0.121338	0.213623	0.900391	-1.160305	1.671756	1.366412	5.107084
-0.117920	0.221191	0.901123	-1.549618	2.099237	1.061069	5.117907
-0.122314	0.220703	0.910889	-2.366412	2.412214	1.297710	5.128233
-0.122559	0.220215	0.909180	-2.053435	2.412214	1.450382	5.138703
-0.121582	0.219971	0.899902	-1.480916	2.145038	1.893130	5.148893
-0.123779	0.219727	0.902344	-1.412214	1.687023	2.015267	5.159313
-0.122559	0.209717	0.913818	-1.099237	1.793893	1.656489	5.169497
-0.121582	0.213379	0.920898	-0.595420	1.816794	1.534351	5.179448
-0.122314	0.230225	0.917480	-0.427481	1.549618	1.778626	5.189974
-0.120117	0.211182	0.908203	-0.664122	1.564885	1.900763	5.200222
-0.122559	0.221436	0.899902	-0.732824	1.534351	1.748092	5.210476
-0.113525	0.220215	0.911865	-1.053435	1.526718	1.862595	5.221169
-0.127197	0.216553	0.906982	-1.900763	1.106870	1.732824	5.231416
-0.114990	0.203613	0.914307	-1.732824	1.236641	1.236641	5.241953
-0.119385	0.213623	0.928467	-0.969466	1.305344	0.694656	5.252345
-0.116455	0.231201	0.913574	-0.320611	1.412214	1.396947	5.262830
-0.121582	0.231201	0.910400	-1.297710	1.595420	3.122137	5.273070
-0.119385	0.220947	0.909668	-2.198473	1.885496	3.671756	5.283212
-0.118896	0.201416	0.917480	-1.870229	2.229008	3.175573	5.293598
-0.130859	0.206055	0.919922	-1.152672	1.961832	2.549618	5.304180
-0.129639	0.203369	0.925537	-0.954198	1.526718	2.160305	5.314156
-0.126953	0.203125	0.915771	-0.893130	1.007634	1.984733	5.324640
-0.131348	0.217529	0.923340	-0.083969	1.374046	1.755725	5.334708
-0.126953	0.233398	0.933838	0.274809	0.374046	2.480916	5.344979
-0.128662	0.213867	0.917725	-0.633588	0.038168	3.129771	5.355789
-0.123779	0.207031	0.911133	-0.534351	0.748092	2.870229	5.366313
-0.126709	0.210449	0.901123	-0.755725	0.969466	2.068702	5.376519
-0.124023	0.211182	0.904785	-1.687023	0.900763	1.931298	5.386957
-0.130371	0.204346	0.910889	-2.000000	0.832061	1.412214	5.397427
-0.130127	0.203369	0.903564	-0.534351	1.251908	0.534351	5.407814
-0.140137	0.218750	0.902588	-0.427481	1.412214	0.854962	5.418591
-0.126221	0.227783	0.900391	-0.511450	1.328244	1.832061	5.428872
-0.123535	0.214600	0.902832	-0.770992	1.274809	2.358779	5.439043
-0.121582	0.207031	0.903320	0.137405	1.091603	2.236641	5.449197
-0.124512	0.209229	0.898926	1.190840	0.923664	2.145038	5.459547
-0.122314	0.209473	0.886475	1.366412	1.351145	1.832061	5.469552
-0.123779	0.212891	0.899170	1.198473	1.549618	1.748092	5.479751
-0.118408	0.210938	0.896729	0.885496	2.648855	1.030534	5.490301
-0.117920	0.231689	0.898682	0.206107	5.618321	0.488550	5.500127
-0.123291	0.221680	0.882324	-3.793893	3.534351	1.458015	5.510301
-0.132080	0.206543	0.912109	-1.343511	3.984733	0.038168	5.520616
-0.134277	0.258545	0.933350	1.786260	2.732824	0.526718	5.531408
-0.123047	0.255615	0.905762	-1.786260	2.580153	3.893130	5.541665
-0.128662	0.204346	0.924072	-2.587786	1.519084	4.206107	5.551865
-0.135254	0.207520	0.905518	-0.633588	1.610687	2.030534	5.562277
-0.123779	0.218994	0.903320	-0.099237	1.541985	1.213740	5.572528
-0.132324	0.222656	0.897705	-0.893130	1.603053	1.229008	5.582502
-0.132324	0.220947	0.890869	-1.809160	2.366412	0.664122	5.592671
-0.124512	0.231934	0.912354	-1.732824	2.595420	0.351145	5.602722
-0.124756	0.235352	0.910645	-1.435115	2.595420	0.595420	5.613162
-0.123535	0.231445	0.924561	-1.633588	3.061069	1.343511	5.623556
-0.129150	0.229736	0.905029	-1.305344	2.610687	1.564885	5.633658
-0.129395	0.222412	0.905029	-0.908397	3.221374	1.099237	5.643692
-0.130615	0.233643	0.914551	-0.564885	2.916031	0.984733	5.654150
-0.130371	0.244141	0.927246	-1.488550	2.603053	1.725191	5.664601
-0.129883	0.219971	0.910400	-1.763359	1.885496	2.061069	5.674854
-0.128174	0.216797	0.910645	-0.641221	1.862595	1.274809	5.684907
-0.123779	0.228760	0.912842	-1.022901	1.694656	0.702290	5.695068
-0.122559	0.242432	0.928467	-2.282443	1.503817	0.503817	5.705563
-0.118896	0.241211	0.936768	-3.114504	1.221374	0.908397	5.715782
-0.123047	0.236816	0.924316	-3.045802	0.396947	1.610687	5.726070
-0.122803	0.238525	0.912109	-2.763359	0.160305	2.068702	5.736353
-0.130615	0.229736	0.905518	-2.603053	0.145038	2.343511	5.746641
-0.131836	0.221924	0.904541	-2.427481	0.061069	2.732824	5.757300
-0.127441	0.214355	0.891602	-2.603053	0.267176	2.587786	5.767373
-0.129150	0.216064	0.904541	-1.274809	0.541985	2.045802	5.777723
-0.129150	0.219238	0.904541	-0.862595	0.244275	1.992366	5.787805
-0.126953	0.228027	0.904541	-1.106870	0.244275	0.000000	5.798309
-0.134033	0.222656	0.911621	-1.564885	-0.061069	2.427481	5.808956
-0.135498	0.221191	0.910645	-1.854962	0.213740	2.480916	5.819123
-0.134033	0.225830	0.917725	-1.832061	0.412214	2.709924	5.829105
-0.134766	0.206299	0.909180	-1.862595	0.213740	2.694656	5.839632
-0.135742	0.210449	0.896240	-1.633588	0.893130	1.381679	5.849721
-0.132080	0.217285	0.900146	-2.137405	1.305344	0.885496	5.860307
-0.137207	0.228271	0.907227	-1.961832	0.893130	1.282443	5.870485
-0.134033	0.219482	0.911133	-1.824427	0.465649	1.877863	5.880585
-0.133301	0.209229	0.902344	-2.343511	0.297710	1.412214	5.890388
-0.134521	0.204834	0.903809	-1.977099	0.396947	0.251908	5.900819
-0.131104	0.202393	0.900391	-1.198473	0.267176	-0.198473	5.911394
-0.132080	0.220215	0.895508	-1.114504	0.389313	-0.106870	5.921559
-0.134766	0.215332	0.885254	-1.427481	0.816794	-1.946565	5.931926
-0.125732	0.216553	0.901123	-0.748092	1.488550	-0.450382	5.942030
-0.125977	0.236816	0.898682	-0.748092	1.916031	0.106870	5.952228
-0.124756	0.240234	0.911621	-2.435115	1.664122	1.221374	5.962656
-0.128662	0.232910	0.895508	-3.519084	1.076336	1.694656	5.972931
-0.119629	0.219238	0.908447	-3.160305	0.458015	0.931298	5.983582
-0.119629	0.220703	0.900146	-3.198473	0.236641	1.099237	5.993684
-0.114990	0.209717	0.887695	-2.770992	0.656489	1.305344	6.004019
-0.122314	0.203613	0.880371	-1.106870	1.625954	0.343511	6.014391
-0.122070	0.223145	0.890137	-0.198473	2.847328	-0.351145	6.024834
-0.128662	0.242676	0.916260	-0.526718	3.236641	0.290076	6.035224
-0.124023	0.240967	0.929199	-1.473282	2.786260	1.511450	6.045400
-0.133545	0.227051	0.926270	-1.618321	2.259542	1.526718	6.055877
-0.133789	0.240723	0.933594	-0.343511	1.648855	1.503817	6.066439
-0.136230	0.239990	0.933594	-0.839695	0.503817	2.030534	6.076787
-0.131104	0.228027	0.915527	-1.900763	0.076336	2.183206	6.087112
-0.134766	0.223877	0.920654	-2.267176	0.221374	1.541985	6.098785
-0.140381	0.232666	0.909668	-2.763359	0.977099	1.053435	6.109681
-0.131836	0.228271	0.918213	-2.885496	1.045802	1.312977	6.120187
-0.137451	0.225098	0.914062	-2.702290	1.175573	1.167939	6.130114
-0.130615	0.224609	0.916016	-2.664122	0.541985	1.106870	6.139967
-0.132568	0.224365	0.908936	-1.206107	0.511450	0.893130	6.150044
-0.131836	0.247803	0.933350	-1.251908	-0.061069	1.702290	6.159825
-0.130615	0.241455	0.910156	-2.389313	-0.534351	2.366412	6.171253
-0.126465	0.225586	0.909424	-2.946565	-0.305344	2.618321	6.181525
-0.123535	0.222412	0.893799	-3.030534	0.251908	2.213740	6.191877
-0.125732	0.215820	0.891357	-3.923664	0.564885	1.923664	6.201662
-0.126465	0.206787	0.895020	-3.801527	0.847328	1.221374	6.212492
-0.127441	0.209229	0.902344	-2.717557	1.152672	0.358779	6.222795
-0.133789	0.210938	0.907959	-1.977099	0.725191	0.038168	6.232711
-0.135010	0.223633	0.905273	-1.282443	0.694656	-0.145038	6.243218
-0.122314	0.230469	0.909668	-1.458015	0.648855	0.549618	6.253855
-0.128662	0.241699	0.901855	-2.290076	0.519084	1.099237	6.264280
-0.123047	0.237793	0.913818	-2.961832	0.419847	1.679389	6.274713
-0.124023	0.224609	0.911133	-2.801527	0.053435	2.297710	6.285039
-0.128174	0.222656	0.902100	-1.954198	0.007634	2.572519	6.295121
-0.119873	0.219971	0.900879	-1.740458	0.000000	2.473282	6.305411
-0.126465	0.220459	0.886475	-1.786260	0.465649	2.366412	6.315597
-0.125732	0.218506	0.886963	-1.381679	1.610687	2.366412	6.326279
-0.128174	0.218750	0.902344	-1.305344	2.412214	1.954198	6.336081
-0.137939	0.220215	0.913086	-2.129771	2.549618	2.000000	6.346755
-0.137939	0.223145	0.924316	-1.694656	1.778626	1.931298	6.356983
-0.132324	0.223145	0.920166	-0.839695	1.221374	2.381679	6.367221
-0.133545	0.215088	0.903564	-1.183206	0.442748	2.221374	6.377495
-0.128174	0.213135	0.903076	-1.648855	1.083969	1.435115	6.387840
-0.130371	0.220215	0.910400	-2.129771	0.641221	0.847328	6.398350
-0.136230	0.222168	0.910645	-2.618321	0.717557	0.816794	6.408892
-0.134033	0.225586	0.914307	-2.480916	0.755725	0.893130	6.418961
-0.126221	0.225342	0.906982	-2.465649	0.358779	0.832061	6.429402
-0.119629	0.223633	0.902100	-2.625954	0.671756	1.030534	6.440633
-0.128418	0.226562	0.902832	-2.152672	0.419847	1.465649	6.452783
-0.121826	0.217773	0.893799	-1.045802	0.732824	1.526718	6.465424
-0.122803	0.223389	0.899902	-0.427481	1.236641	1.404580	6.477555
-0.122314	0.223389	0.901611	-1.183206	1.404580	1.282443	6.489567
-0.121826	0.229248	0.903809	-2.290076	2.114504	1.221374	6.501361
-0.125732	0.218750	0.916260	-3.305344	2.160305	1.122137	6.513074
-0.134521	0.216553	0.919922	-2.618321	1.854962	0.709924	6.525043
-0.133301	0.210449	0.910400	-2.870229	1.213740	0.854962	6.536950
-0.126709	0.217285	0.903809	-2.083969	1.213740	0.541985	6.548970
-0.124512	0.220459	0.900146	-1.053435	1.366412	-0.083969	6.560812
-0.129639	0.234619	0.922119	-1.427481	1.091603	0.916031	6.572082
-0.120850	0.232666	0.922363	-1.679389	0.374046	1.778626	6.583085
-0.117676	0.219238	0.894287	-1.854962	0.389313	2.068702	6.594523
-0.122070	0.222168	0.900879	-1.320611	0.908397	1.473282	6.606202
-0.127930	0.223389	0.898438	-1.954198	1.427481	1.335878	6.619310
-0.129639	0.217773	0.896973	-2.206107	2.076336	1.244275	6.631272
-0.131592	0.225342	0.908691	-2.190840	1.618321	0.854962	6.642640
-0.130615	0.224365	0.907227	-2.183206	1.198473	0.419847	6.655257
-0.127686	0.232666	0.913086	-2.167939	1.175573	0.656489	6.667839
-0.122070	0.232422	0.907471	-2.152672	0.732824	1.465649	6.679682
-0.127930	0.240479	0.902832	-1.312977	0.870229	2.312977	6.691812
-0.126953	0.224121	0.887207	-1.648855	0.633588	2.854962	6.703841
-0.121582	0.219482	0.882568	-1.068702	1.374046	2.381679	6.715872
-0.125244	0.200439	0.898682	-2.282443	2.053435	3.900763	6.727572
-0.125977	0.207764	0.892334	-0.885496	2.725191	0.450382	6.739767
-0.124512	0.217773	0.900391	-0.931298	2.366412	-0.022901	6.751870
-0.126953	0.221191	0.912842	-1.587786	1.954198	0.557252	6.764103
-0.127930	0.221680	0.898682	-1.297710	1.732824	1.251908	6.775904
-0.136230	0.218994	0.884521	-0.847328	2.167939	1.740458	6.786934
-0.137451	0.214600	0.881592	0.488550	2.954198	1.282443	6.798646
-0.136230	0.216064	0.895752	1.091603	3.938931	0.595420	6.810595
-0.141846	0.217041	0.906738	0.007634	4.213740	0.557252	6.822348
-0.143799	0.190918	0.917236	0.664122	3.763359	-0.877863	6.834629
-0.136963	0.086182	0.874023	12.442748	11.908397	-12.229008	6.846580
-0.137695	0.298340	0.970215	9.198473	5.557252	-11.893130	6.858887
-0.134766	0.349609	0.953613	-5.320611	2.618321	3.267176	6.871101
-0.125244	0.166748	0.912842	-5.374046	1.190840	4.038168	6.883084
-0.126709	0.205078	0.893799	1.748092	1.503817	-2.213740	6.895104
-0.123291	0.277588	0.924316	-0.091603	1.625954	-1.206107	6.907123
-0.126709	0.267578	0.906738	-5.083969	0.488550	2.786260	6.918828
-0.128418	0.236084	0.913086	-5.557252	0.106870	4.061069	6.930607
-0.128906	0.249512	0.936035	-4.778626	-0.961832	4.427481	6.942830
-0.130615	0.244629	0.911865	-6.320611	-1.824427	6.145038	6.955073
-0.131836	0.215576	0.898926	-6.458015	-1.580153	5.702290	6.967579
-0.131836	0.213379	0.904541	-4.900763	-1.083969	4.465649	6.979516
-0.136719	0.255127	0.946289	-5.633588	-2.106870	5.267176	6.991505
-0.134033	0.281006	0.939697	-8.763359	-4.083969	10.160305	7.003444
-0.117920	0.236572	0.905273	-18.931298	-5.832061	16.038168	7.015624
-0.119873	0.134277	0.849854	-14.152672	-2.839695	10.893130	7.026756
-0.113037	0.131104	0.856689	-2.679389	0.656489	1.129771	7.038063
-0.116455	0.242188	0.902100	0.061069	2.290076	-0.519084	7.049694
-0.125977	0.228271	0.907227	-2.122137	2.206107	2.717557	7.062105
-0.131348	0.188477	0.899902	1.152672	2.328244	1.511450	7.074062
-0.133545	0.210449	0.905762	3.206107	2.076336	-0.145038	7.085741
-0.130127	0.233154	0.915039	2.541985	1.786260	0.198473	7.097929
-0.130127	0.225098	0.923584	2.106870	1.305344	-0.091603	7.110124
-0.132568	0.244629	0.915527	1.122137	0.541985	0.534351	7.122077
-0.129883	0.238770	0.921631	-0.938931	-0.709924	2.198473	7.133944
-0.130615	0.220459	0.906494	-1.526718	-0.854962	2.778626	7.145819
-0.135254	0.210449	0.902832	-0.572519	-0.633588	2.068702	7.157516
-0.120850	0.214111	0.895996	-0.374046	-0.091603	1.641221	7.169710
-0.121094	0.207520	0.891602	0.374046	1.419847	0.923664	7.181576
-0.127197	0.216553	0.900391	0.893130	2.335878	0.267176	7.193473
-0.124512	0.225586	0.901855	0.557252	2.938931	-0.152672	7.205513
-0.132324	0.246338	0.929443	0.664122	2.687023	0.137405	7.217126
-0.135254	0.246826	0.930176	-0.923664	2.190840	0.992366	7.228247
-0.129883	0.241699	0.946045	-2.526718	0.648855	2.114504	7.240584
-0.128906	0.236328	0.927734	-3.664122	-0.603053	3.633588	7.252783
-0.126709	0.222168	0.897705	-4.122137	-0.893130	3.656489	7.264903
-0.125977	0.211670	0.877197	-3.404580	-0.129771	2.572519	7.277070
-0.124023	0.211670	0.887939	-3.450382	0.732824	1.603053	7.288990
-0.118896	0.222656	0.901123	-3.213740	1.793893	1.068702	7.300884
-0.121826	0.235352	0.913818	-2.450382	2.022901	1.244275	7.312818
-0.128662	0.244385	0.929688	-3.748092	1.114504	2.488550	7.324989
-0.124023	0.229980	0.938721	-5.740458	0.129771	3.717557	7.337097
-0.121338	0.214355	0.939453	-3.755725	-1.206107	2.961832	7.348783
-0.126221	0.219971	0.935547	-2.671756	-1.587786	2.389313	7.360659
-0.124023	0.218750	0.908691	-2.679389	-1.381679	2.312977	7.372638
-0.120605	0.210205	0.913818	-1.908397	-0.557252	1.557252	7.385123
-0.139648	0.224609	0.891602	-2.748092	0.442748	0.885496	7.397190
-0.130859	0.223145	0.920654	-2.244275	1.068702	1.160305	7.409573
-0.131592	0.229736	0.908203	-2.183206	0.458015	1.442748	7.421451
-0.135010	0.215088	0.909424	-2.450382	-0.450382	1.496183	7.432682
-0.127441	0.208252	0.918457	-1.572519	-0.648855	1.038168	7.443743
-0.128662	0.209961	0.891846	-1.396947	-0.557252	0.557252	7.454100
-0.125244	0.209961	0.893555	-1.458015	-0.236641	-0.045802	7.467031
-0.128418	0.214844	0.895752	-0.824427	0.946565	-0.595420	7.479231
-0.129150	0.229492	0.910645	-0.541985	1.038168	-0.793893	7.490519
-0.129395	0.233643	0.905762	-1.824427	0.381679	0.274809	7.502832
-0.136475	0.242676	0.931641	-2.274809	-0.442748	1.687023	7.515332
-0.123291	0.229004	0.927002	-3.351145	-2.526718	2.618321	7.527334
-0.123535	0.217529	0.905762	-2.877863	-3.305344	2.389313	7.538928
-0.120361	0.208740	0.886230	-2.977099	-3.099237	1.946565	7.551003
-0.119629	0.209473	0.880371	-2.725191	-2.000000	1.259542	7.562649
-0.117676	0.199951	0.877197	-2.229008	-0.305344	0.053435	7.575152
-0.115723	0.222412	0.902100	-1.290076	0.885496	-0.503817	7.587435
-0.110352	0.228760	0.904541	-1.328244	0.748092	0.061069	7.599230
-0.118408	0.226318	0.915283	-0.473282	0.267176	0.801527	7.611240
-0.120117	0.221191	0.911865	-0.610687	-0.404580	1.083969	7.622286
-0.113037	0.223389	0.903809	-1.091603	-0.801527	1.114504	7.632446
-0.117432	0.224121	0.907227	-1.458015	-0.503817	1.061069	7.642896
-0.117676	0.218262	0.892822	-1.893130	-0.427481	1.229008	7.653011
-0.110596	0.220459	0.884521	-1.167939	0.511450	0.977099	7.662975
-0.116943	0.219238	0.885742	-1.183206	1.236641	0.778626	7.673458
-0.120117	0.225098	0.896484	-1.297710	1.931298	0.763359	7.683727
-0.126465	0.230957	0.903564	-1.473282	2.580153	0.946565	7.693869
-0.117432	0.238037	0.895264	-2.984733	2.320611	1.236641	7.704204
-0.116943	0.221680	0.899658	-3.877863	2.992366	1.587786	7.714950
-0.110352	0.228027	0.907959	-1.862595	2.664122	1.305344	7.725145
-0.119873	0.235596	0.908203	-1.824427	2.015267	2.335878	7.735038
-0.115234	0.216797	0.916260	-1.282443	1.015267	2.893130	7.745242
-0.115967	0.213379	0.903076	-0.969466	1.053435	2.450382	7.755715
-0.113037	0.214355	0.899170	-0.847328	2.137405	1.541985	7.765975
-0.119385	0.220459	0.904785	-1.908397	2.610687	1.274809	7.776417
-0.122559	0.217041	0.920166	-1.702290	2.916031	1.122137	7.786791
-0.116455	0.221191	0.923096	-0.938931	2.961832	1.045802	7.796840
-0.117432	0.230713	0.933350	-0.793893	2.526718	1.412214	7.806891
-0.125977	0.234131	0.933105	-0.625954	2.267176	2.236641	7.817518
-0.131592	0.232910	0.934570	-1.351145	0.893130	2.496183	7.828000
-0.126221	0.217041	0.925293	-2.465649	0.885496	2.458015	7.838108
-0.127441	0.216064	0.907959	-3.022901	0.206107	2.450382	7.848028
-0.124512	0.216064	0.913086	-3.244275	0.114504	2.496183	7.858840
-0.125244	0.200928	0.907959	-2.709924	0.015267	1.580153	7.869054
-0.131104	0.198242	0.917480	-1.694656	0.435115	0.595420	7.879595
-0.120850	0.233398	0.927490	1.160305	0.458015	0.351145	7.889917
-0.123291	0.241943	0.921875	0.198473	0.099237	1.992366	7.900055
-0.119873	0.237549	0.914062	-0.954198	-0.335878	2.885496	7.910450
-0.114014	0.229004	0.922852	-1.603053	-0.687023	3.061069	7.920834
-0.119141	0.226318	0.920410	-1.297710	-0.732824	2.916031	7.931219
-0.114258	0.223633	0.913086	-1.809160	-1.183206	3.213740	7.941457
-0.116699	0.219971	0.913818	-0.832061	-1.045802	2.992366	7.951530
-0.119141	0.216553	0.909424	-0.236641	-0.916031	2.328244	7.961753
-0.115234	0.225830	0.918945	2.450382	-1.145038	2.129771	7.971846
-0.110352	0.226807	0.912842	-1.213740	-1.862595	1.213740	7.982468
-0.110840	0.227051	0.909180	-0.519084	-1.465649	1.206107	7.992664
-0.109619	0.225830	0.891113	-1.435115	-1.572519	0.748092	8.002797
-0.108154	0.245361	0.901123	-1.694656	-0.854962	0.625954	8.013219
-0.110840	0.241211	0.920898	-1.778626	-0.793893	1.801527	8.023685
-0.095459	0.238037	0.917480	-2.717557	-0.725191	3.045802	8.033771
-0.115967	0.217041	0.911377	-3.061069	-1.061069	2.961832	8.043215
-0.116943	0.200928	0.914062	-2.053435	-1.343511	1.610687	8.054039
-0.115479	0.214600	0.902588	-1.427481	-1.007634	0.870229	8.064230
-0.121582	0.219727	0.898926	-1.954198	-0.412214	0.854962	8.073560
-0.123779	0.216309	0.905029	-2.358779	0.244275	0.748092	8.083332
-0.115234	0.213623	0.895996	-2.442748	0.694656	0.687023	8.094709
-0.121094	0.214844	0.912109	-1.954198	0.083969	0.221374	8.107203
-0.120850	0.228516	0.919189	-2.091603	-0.328244	0.427481	8.117735
-0.118896	0.222656	0.918213	-1.450382	-1.068702	0.702290	8.128192
-0.115234	0.223633	0.916260	-0.946565	-0.847328	0.404580	8.138745
-0.113770	0.217773	0.905762	-2.328244	-0.618321	0.106870	8.149270
-0.121338	0.222412	0.907959	-2.809160	0.427481	0.221374	8.159216
-0.119629	0.206543	0.888672	-3.946565	1.251908	-0.412214	8.169632
-0.115479	0.196777	0.904785	-4.206107	1.221374	-1.213740	8.179518
-0.121826	0.212158	0.904541	-2.267176	1.045802	-2.099237	8.190037
-0.117920	0.215820	0.904785	-0.717557	0.534351	-2.251908	8.200321
-0.114502	0.241455	0.925781	0.274809	-0.335878	-1.603053	8.210584
-0.111084	0.256592	0.931885	-0.404580	-0.824427	-0.061069	8.221000
-0.107666	0.243164	0.905762	-2.648855	-1.473282	1.992366	8.231358
-0.106689	0.218506	0.900146	-3.183206	-1.267176	2.320611	8.241700
-0.099121	0.208496	0.879395	-2.145038	-0.564885	1.396947	8.252021
-0.100586	0.222900	0.887695	-2.389313	0.229008	0.679389	8.262066
-0.108887	0.220459	0.904297	-3.213740	0.938931	1.282443	8.272472
-0.103027	0.222168	0.897461	-3.145038	1.603053	1.320611	8.282560
-0.109375	0.221436	0.902344	-2.732824	1.694656	1.007634	8.293204
-0.106201	0.223389	0.902344	-2.641221	1.534351	1.152672	8.303441
-0.111328	0.223389	0.899170	-2.274809	1.671756	1.419847	8.313812
-0.114990	0.220947	0.904541	-1.557252	1.564885	1.259542	8.324092
-0.118408	0.225830	0.904297	-0.763359	1.480916	1.183206	8.334380
-0.118408	0.234131	0.923340	-1.557252	0.908397	1.641221	8.344509
-0.118652	0.226074	0.910889	-1.541985	1.190840	1.320611	8.354780
-0.114014	0.225342	0.930908	-0.580153	0.618321	1.694656	8.364874
-0.115479	0.210938	0.935791	0.129771	0.320611	2.007634	8.375364
-0.115479	0.213623	0.903076	0.671756	-0.076336	1.190840	8.385507
-0.119385	0.223633	0.924316	1.931298	-0.351145	0.503817	8.396275
-0.128662	0.213379	0.928223	-0.427481	-0.229008	0.000000	8.406334
-0.118408	0.219238	0.946289	0.251908	-1.221374	-0.358779	8.416884
-0.110596	0.221436	0.940674	0.511450	-1.870229	-0.778626	8.427330
-0.103271	0.233887	0.925049	0.519084	-1.923664	-1.404580	8.437581
-0.107178	0.243164	0.914551	0.091603	-1.816794	-1.114504	8.447501
-0.101807	0.256592	0.922119	-0.290076	-1.312977	-0.473282	8.457683
-0.093018	0.266357	0.911865	-1.488550	-1.030534	0.984733	8.468093
-0.107910	0.242920	0.917236	-2.755725	-0.526718	1.786260	8.478728
-0.094727	0.244385	0.917480	-2.954198	-0.374046	2.190840	8.488721
-0.101807	0.244873	0.922607	-3.854962	-0.702290	2.748092	8.499017
-0.108887	0.230469	0.902100	-5.419847	-0.549618	3.312977	8.509326
-0.100098	0.218018	0.912842	-5.320611	-0.740458	3.358779	8.519751
-0.106445	0.203613	0.902344	-4.061069	-0.465649	2.137405	8.530145
-0.104736	0.187988	0.892578	-2.244275	-0.618321	1.389313	8.540557
-0.101562	0.221924	0.895264	-0.297710	-0.167939	1.183206	8.550797
-0.105957	0.231445	0.892578	0.557252	0.396947	1.816794	8.560907
-0.104492	0.237549	0.905518	0.259542	0.778626	2.572519	8.571279
-0.099854	0.232422	0.894043	-0.167939	0.519084	3.030534	8.581681
-0.106201	0.235352	0.895264	-0.099237	0.877863	3.122137	8.591367
-0.099609	0.235840	0.901611	-1.076336	1.038168	3.625954	8.602092
-0.105225	0.232422	0.894775	-1.374046	1.251908	3.541985	8.612238
-0.097168	0.206787	0.903076	-2.358779	3.053435	2.519084	8.622757
-0.109375	0.224365	0.869629	-4.106870	0.526718	2.755725	8.633059
-0.104736	0.193604	0.848877	-1.374046	3.458015	2.145038	8.643092
-0.121338	0.208496	0.921875	-1.587786	4.015267	-0.396947	8.653445
-0.119385	0.252930	0.946533	-0.305344	2.717557	-0.923664	8.663746
-0.118652	0.258545	0.918213	-3.061069	-0.564885	2.839695	8.673969
-0.106689	0.202393	0.886963	-3.274809	0.190840	2.251908	8.684686
-0.103027	0.214355	0.893066	-1.351145	1.122137	-0.656489	8.695832
-0.111328	0.244141	0.915039	-0.954198	1.000000	0.198473	8.705497
-0.099121	0.249512	0.895264	-1.824427	0.580153	1.877863	8.715969
-0.104004	0.215820	0.905273	-2.702290	1.183206	1.435115	8.726488
-0.108643	0.229004	0.914062	-0.519084	1.572519	0.221374	8.736917
-0.111328	0.246826	0.916260	-0.549618	1.404580	1.160305	8.747132
-0.106934	0.244141	0.905273	-2.106870	1.061069	2.305344	8.756952
-0.114990	0.215332	0.905029	-2.061069	1.358779	2.030534	8.767264
-0.114502	0.213379	0.890869	-0.183206	1.656489	1.068702	8.778359
-0.106445	0.207520	0.877197	-0.809160	2.335878	-0.053435	8.788773
-0.101807	0.220215	0.905273	0.236641	4.328244	-0.618321	8.798939
-0.109863	0.216553	0.889160	-1.458015	2.587786	-0.335878	8.809346
-0.115967	0.208496	0.917969	0.641221	3.519084	-2.167939	8.819661
-0.106201	0.238770	0.925049	1.679389	3.343511	-2.870229	8.830132
-0.107666	0.250732	0.916748	-1.442748	3.480916	-1.717557	8.840355
-0.111084	0.263184	0.965332	-5.091603	1.709924	0.389313	8.850869
-0.111328	0.279297	0.966553	-8.480916	-0.862595	3.480916	8.860628
-0.103271	0.296631	0.962891	-14.175573	-3.541985	8.725191	8.871558
-0.105225	0.223145	0.921875	-14.770992	-4.167939	10.984733	8.881784
-0.103516	0.189941	0.916016	-10.122137	-3.832061	7.893130	8.892168
-0.093506	0.202148	0.877441	-7.129771	-2.488550	4.854962	8.902739
-0.093994	0.204834	0.873535	-6.618321	-0.610687	3.549618	8.912728
-0.094971	0.203857	0.883789	-6.412214	0.916031	2.015267	8.923126
-0.098633	0.203613	0.897705	-4.198473	2.534351	0.656489	8.934070
-0.096191	0.225586	0.907715	-1.366412	3.000000	0.160305	8.944005
-0.100830	0.233398	0.903320	-1.511450	2.648855	0.694656	8.954179
-0.094971	0.210938	0.904053	-0.893130	2.519084	0.870229	8.964416
-0.100586	0.215576	0.898682	1.129771	2.564885	0.099237	8.974925
-0.100586	0.220703	0.906006	2.015267	2.923664	0.198473	8.985293
-0.099121	0.232666	0.905029	1.358779	2.526718	1.213740	8.995428
-0.104004	0.221436	0.907471	1.419847	2.083969	1.709924	9.005740
-0.104004	0.217529	0.908447	2.351145	2.687023	1.335878	9.016115
-0.104736	0.225342	0.919434	3.282443	2.763359	1.328244	9.026234
-0.108398	0.227783	0.908691	1.870229	1.908397	2.152672	9.036682
-0.110840	0.225342	0.908691	0.770992	1.435115	2.305344	9.047004
-0.093994	0.224365	0.916992	0.435115	1.190840	2.129771	9.057358
-0.110107	0.218262	0.917725	-0.770992	0.832061	2.045802	9.067762
-0.109375	0.208252	0.927002	-0.122137	0.473282	1.564885	9.078002
-0.117920	0.224121	0.925537	-0.022901	0.473282	1.206107	9.088193
-0.113525	0.242920	0.919678	-0.175573	0.702290	1.465649	9.098054
-0.104736	0.232422	0.931152	-1.778626	1.007634	2.190840	9.108374
-0.105713	0.222168	0.920898	-1.290076	0.557252	3.465649	9.119091
-0.102295	0.227783	0.915771	-2.877863	-0.496183	3.480916	9.129254
-0.099121	0.217773	0.897949	-3.870229	0.068702	2.618321	9.139509
-0.108154	0.199707	0.899902	-3.801527	0.404580	2.091603	9.149937
-0.108154	0.199219	0.906738	-0.251908	0.519084	0.770992	9.160172
-0.106201	0.229004	0.881592	-0.763359	1.015267	1.015267	9.170522
-0.107666	0.208008	0.896240	-1.557252	1.961832	1.396947	9.180636
-0.115723	0.197266	0.910400	0.435115	2.534351	0.114504	9.190910
-0.110107	0.227051	0.905029	1.305344	2.480916	-0.488550	9.201010
-0.106934	0.237549	0.915039	-0.908397	2.557252	0.312977	9.211489
-0.097412	0.230957	0.925049	-1.045802	2.259542	0.519084	9.222108
-0.105469	0.235596	0.922852	-2.091603	1.480916	0.580153	9.232485
-0.103760	0.239014	0.921631	-3.267176	0.541985	1.083969	9.242965
-0.104004	0.228516	0.915771	-3.534351	0.526718	1.007634	9.253466
-0.102295	0.218994	0.908936	-2.938931	0.885496	0.862595	9.263697
-0.109131	0.222412	0.895264	-2.664122	1.396947	0.687023	9.273962
-0.112793	0.218994	0.905029	-2.664122	1.671756	0.435115	9.284055
-0.108154	0.221436	0.920898	-1.770992	1.877863	0.267176	9.294398
-0.108643	0.227295	0.915283	-1.297710	1.404580	0.419847	9.304186
-0.106445	0.228027	0.923340	-1.610687	0.717557	0.595420	9.315090
-0.106689	0.227539	0.926514	-0.984733	0.618321	0.137405	9.325630
-0.104248	0.248535	0.929443	-1.664122	0.473282	0.755725	9.335952
-0.111328	0.243652	0.915039	-2.000000	0.045802	1.442748	9.345856
-0.100342	0.235840	0.923340	-2.435115	-0.419847	1.931298	9.356224
-0.112061	0.231689	0.918701	-2.312977	-1.122137	2.145038	9.366872
-0.107910	0.225098	0.907959	-1.770992	-1.152672	2.221374	9.376819
-0.103760	0.226562	0.896240	-0.885496	-0.801527	1.740458	9.386940
-0.108154	0.228516	0.885254	-1.519084	0.129771	1.549618	9.397425
-0.102539	0.228271	0.876953	-2.656489	0.732824	1.938931	9.407291
-0.105957	0.212158	0.896240	-0.015267	1.519084	1.389313	9.418237
-0.109863	0.218994	0.899414	-0.923664	2.137405	0.427481	9.428779
-0.109619	0.231934	0.919678	-1.908397	1.625954	0.595420	9.439153
-0.101562	0.229736	0.902100	-2.427481	1.603053	0.854962	9.449498
-0.112549	0.231445	0.906006	-2.274809	1.450382	0.625954	9.459713
-0.104980	0.232178	0.908203	-1.816794	1.167939	1.183206	9.470289
-0.104980	0.229736	0.910156	-2.480916	0.435115	1.786260	9.480611
-0.097656	0.219238	0.900391	-2.213740	0.351145	1.938931	9.490660
-0.093750	0.223877	0.895996	-0.977099	0.862595	1.496183	9.500718
-0.098389	0.225586	0.893555	-0.847328	2.297710	1.763359	9.510723
-0.102783	0.219238	0.898438	-0.954198	2.442748	1.366412	9.521526
-0.101074	0.230957	0.908203	-1.847328	2.862595	1.267176	9.531943
-0.115723	0.236328	0.899170	-2.122137	2.526718	1.427481	9.542479
-0.119385	0.232666	0.919434	-2.000000	2.580153	2.229008	9.552857
-0.114502	0.229004	0.906982	-1.679389	2.152672	1.961832	9.563126
-0.110107	0.233887	0.902832	-1.587786	2.511450	2.129771	9.573667
-0.108887	0.228760	0.922607	-1.412214	2.022901	2.641221	9.583418
-0.115723	0.216553	0.916504	-1.091603	1.671756	2.656489	9.593858
-0.111572	0.210693	0.902588	-0.786260	1.152672	2.290076	9.604145
-0.095459	0.218506	0.908936	-0.572519	1.335878	1.809160	9.614396
-0.108398	0.220459	0.894287	-0.030534	1.732824	1.496183	9.624774
-0.112061	0.227539	0.906982	-0.450382	2.137405	1.572519	9.634860
-0.106689	0.223877	0.908447	-0.809160	2.183206	1.442748	9.645046
-0.108643	0.233398	0.908691	-0.854962	2.572519	1.343511	9.655387
-0.112793	0.231201	0.917236	-1.412214	2.480916	1.244275	9.665731
-0.112549	0.239502	0.916748	-1.633588	2.412214	1.900763	9.675785
-0.114258	0.240479	0.919922	-1.541985	1.511450	2.259542	9.685727
-0.112793	0.233398	0.916992	-2.534351	0.717557	2.832061	9.695869
-0.109619	0.220947	0.918701	-3.885496	0.473282	3.114504	9.706096
-0.119141	0.208740	0.909424	-4.274809	-1.946565	2.404580	9.716117
-0.120605	0.216553	0.905762	-3.450382	-0.297710	1.572519	9.726583
-0.116211	0.224365	0.898682	-3.633588	-0.366412	1.633588	9.736848
-0.105469	0.220215	0.898682	-2.969466	0.045802	1.725191	9.746924
-0.099854	0.213379	0.886719	-1.885496	0.572519	1.267176	9.757288
-0.104492	0.227539	0.889404	-1.099237	1.541985	0.564885	9.767686
-0.104736	0.238525	0.900146	-0.778626	2.282443	0.633588	9.778021
-0.106445	0.239746	0.911377	-1.786260	2.610687	0.946565	9.788263
-0.104004	0.230225	0.931152	-2.007634	2.427481	1.038168	9.798406
-0.107178	0.224121	0.917969	-1.839695	1.885496	0.801527	9.808914
-0.109375	0.224609	0.920166	-1.114504	1.358779	0.480916	9.819059
-0.106934	0.231934	0.907227	-1.091603	1.702290	0.297710	9.829403
-0.105957	0.230469	0.911865	-1.076336	1.893130	0.152672	9.839765
-0.107178	0.224854	0.913818	-1.572519	2.244275	0.312977	9.850193
-0.109863	0.216064	0.913330	-1.664122	2.007634	-0.366412	9.860627
-0.107178	0.226318	0.915527	0.145038	1.641221	-0.465649	9.870520
-0.110596	0.228027	0.923584	1.083969	0.694656	-0.167939	9.879824
-0.106689	0.246826	0.925049	0.824427	-0.625954	1.145038	9.889106
-0.109863	0.243408	0.917480	-0.816794	-0.641221	2.053435	9.898991
-0.111572	0.230713	0.901367	-0.900763	0.198473	2.236641	9.909754
-0.110840	0.225830	0.908691	-1.908397	0.938931	1.458015	9.919694
-0.109619	0.226318	0.917725	-2.671756	0.610687	1.396947	9.930250
-0.116455	0.223633	0.924561	-2.236641	0.519084	1.145038	9.940424
-0.116211	0.233398	0.908691	-2.076336	0.312977	1.290076	9.950868
-0.103760	0.222656	0.912842	-2.229008	0.236641	1.480916	9.961853
-0.106201	0.213623	0.883057	-1.801527	0.648855	1.106870	9.972145
-0.112061	0.218262	0.905518	-1.083969	1.259542	0.419847	9.982407
-0.104980	0.233154	0.909180	-0.916031	1.633588	0.473282	9.991877
-0.115723	0.233643	0.915039	-2.511450	1.206107	1.465649	10.001333
-0.113770	0.229736	0.928467	-2.595420	0.603053	1.442748	10.011730
-0.111328	0.233887	0.924805	-2.519084	-0.641221	1.847328	10.021784
-0.116455	0.228027	0.907227	-2.595420	-1.190840	2.435115	10.032664
-0.103760	0.225342	0.896729	-2.763359	-1.366412	2.832061	10.043097
-0.104004	0.218506	0.898438	-2.862595	-0.534351	2.427481	10.053339
-0.106201	0.221436	0.892578	-2.916031	0.244275	1.847328	10.064030
-0.107178	0.224854	0.903809	-2.923664	1.030534	1.534351	10.074696
-0.108643	0.220703	0.911865	-2.618321	0.946565	0.755725	10.084973
-0.110107	0.236816	0.917480	-2.129771	0.503817	0.725191	10.096444
-0.105957	0.236572	0.905029	-2.122137	-0.511450	1.832061	10.108046
-0.101807	0.228760	0.901611	-1.152672	-0.320611	1.580153	10.118227
-0.104736	0.229248	0.890137	-0.587786	0.366412	1.450382	10.128670
-0.104004	0.236572	0.896973	-1.076336	1.106870	1.221374	10.138792
-0.101318	0.230957	0.911865	-2.091603	1.190840	1.343511	10.149153
-0.103516	0.238525	0.920166	-2.374046	1.061069	1.625954	10.159601
-0.103271	0.227783	0.918701	-1.053435	0.221374	1.938931	10.169673
-0.105469	0.227539	0.903076	1.122137	0.251908	1.213740	10.180447
-0.104492	0.245117	0.914795	-0.076336	0.839695	1.351145	10.190636
-0.097168	0.247559	0.900879	-2.190840	1.122137	1.511450	10.200864
-0.107666	0.236084	0.918945	-2.282443	1.541985	1.564885	10.211327
-0.109863	0.240967	0.916504	-3.007634	1.259542	1.671756	10.221429
-0.107666	0.232666	0.900391	-3.198473	0.511450	1.633588	10.231632
-0.117432	0.229492	0.919678	-3.145038	0.419847	1.106870	10.242338
-0.110107	0.240723	0.901855	-2.473282	0.687023	0.969466	10.252586
-0.106689	0.236572	0.896240	-3.030534	1.145038	1.198473	10.262806
-0.102051	0.229248	0.894287	-3.778626	1.152672	1.412214	10.273172
-0.104004	0.228760	0.891357	-3.267176	1.526718	1.229008	10.283668
-0.100830	0.229736	0.900879	-2.557252	2.099237	1.145038	10.293491
-0.107910	0.218750	0.901611	-2.267176	2.229008	1.519084	10.303207
-0.103516	0.233398	0.902588	-2.893130	1.893130	1.786260	10.314031
-0.109375	0.227539	0.902588	-2.862595	1.938931	1.824427	10.324149
-0.106689	0.227539	0.911133	-1.992366	1.938931	1.610687	10.334739
-0.100098	0.223389	0.889648	-1.687023	2.137405	1.396947	10.345040
-0.104736	0.222900	0.901123	-1.671756	2.664122	1.068702	10.355109
-0.084229	0.225342	0.898926	-2.519084	2.748092	1.038168	10.365497
-0.100586	0.228271	0.922119	-3.099237	2.923664	1.534351	10.375891
-0.105225	0.226074	0.909668	-3.671756	2.213740	1.900763	10.386158
-0.106445	0.217529	0.918457	-3.679389	1.435115	1.725191	10.396274
-0.107910	0.228516	0.925049	-3.610687	0.931298	1.641221	10.406259
-0.106934	0.232178	0.927246	-3.473282	-0.198473	1.893130	10.416776
-0.111816	0.220703	0.916016	-3.396947	-0.877863	3.030534	10.426843
-0.105469	0.214355	0.896484	-3.007634	-1.022901	3.290076	10.437431
-0.108398	0.216553	0.886719	-2.717557	0.389313	2.732824	10.447705
-0.112305	0.221924	0.882324	-3.610687	1.694656	2.961832	10.457900
-0.114258	0.219238	0.895020	-5.404580	3.183206	2.908397	10.468343
-0.119141	0.205078	0.921143	-5.435115	3.465649	2.305344	10.478702
-0.112549	0.206787	0.918213	-3.954198	3.297710	1.610687	10.488978
-0.122559	0.227051	0.925781	-2.549618	3.053435	1.335878	10.498963
-0.120361	0.239258	0.920410	-3.847328	2.000000	2.610687	10.509204
-0.107910	0.217041	0.903564	-4.992366	1.580153	3.267176	10.519489
-0.105713	0.209961	0.918701	-3.290076	1.862595	2.351145	10.529726
-0.107422	0.233643	0.921387	-2.816794	2.068702	2.122137	10.540173
-0.104492	0.221680	0.911621	-4.488550	2.061069	2.801527	10.550399
-0.110107	0.213135	0.916504	-4.610687	2.435115	2.312977	10.560842
-0.100830	0.221680	0.924805	-4.862595	0.007634	2.076336	10.571190
-0.103516	0.222900	0.927246	-4.435115	1.595420	2.297710	10.582024
-0.107422	0.220947	0.905518	-3.809160	0.862595	1.885496	10.592622
-0.100342	0.223877	0.905762	-3.938931	0.977099	1.870229	10.602052
-0.100342	0.219238	0.888184	-4.076336	0.007634	1.641221	10.612846
-0.100830	0.221924	0.900391	-5.038168	2.748092	1.748092	10.623560
-0.110107	0.223877	0.902832	-6.175573	3.442748	1.900763	10.633122
-0.123291	0.218262	0.906982	-5.755725	3.000000	2.198473	10.642526
-0.114990	0.235596	0.928223	-2.076336	2.580153	2.679389	10.653016
-0.112305	0.220215	0.920898	-2.938931	1.488550	3.793893	10.662895
-0.100586	0.202637	0.891113	-2.923664	1.389313	3.503817	10.673758
-0.115479	0.193604	0.896484	-2.267176	1.885496	2.038168	10.684098
-0.110352	0.214111	0.897217	-1.832061	2.595420	1.312977	10.694476
-0.116943	0.208252	0.907715	-2.335878	2.618321	1.435115	10.704478
-0.114990	0.215576	0.920898	-2.190840	2.755725	1.068702	10.714856
-0.114258	0.207520	0.900879	-1.870229	2.236641	0.129771	10.724849
-0.111816	0.214600	0.914307	-2.541985	1.748092	-0.045802	10.735403
-0.111572	0.207764	0.920166	-2.122137	1.152672	-0.106870	10.744928
-0.119141	0.220947	0.922363	-2.038168	1.167939	-0.778626	10.755645
-0.102295	0.237061	0.895508	-2.778626	2.427481	0.740458	10.765973
-0.103271	0.216309	0.922607	-2.335878	2.381679	1.251908	10.776653
-0.111816	0.217041	0.919434	-1.656489	2.503817	1.122137	10.786571
-0.101318	0.232666	0.927979	-1.946565	1.763359	1.870229	10.796573
-0.109375	0.230957	0.934814	-2.244275	0.877863	2.572519	10.806009
-0.109375	0.207764	0.921631	-1.519084	-0.419847	2.366412	10.816712
-0.102783	0.217041	0.900391	-1.015267	0.290076	1.725191	10.827530
-0.113770	0.218750	0.912109	-1.137405	1.122137	1.732824	10.837694
-0.108887	0.234131	0.921875	-2.053435	1.916031	1.725191	10.847845
-0.111084	0.220703	0.923340	-2.854962	1.770992	1.954198	10.858145
-0.121094	0.233643	0.934814	-4.236641	1.519084	2.305344	10.868331
-0.121582	0.229248	0.943359	-4.381679	0.748092	3.435115	10.878621
-0.123291	0.223877	0.930908	-3.404580	0.099237	4.358779	10.889050
-0.115967	0.206055	0.919678	-3.900763	-0.603053	4.488550	10.899366
-0.110352	0.206543	0.924805	-4.099237	-0.648855	3.862595	10.909061
-0.108887	0.210693	0.909912	-4.282443	-0.366412	3.664122	10.919634
-0.112793	0.207764	0.919189	-4.030534	0.541985	3.290076	10.929582
-0.100586	0.200684	0.910889	-3.358779	1.297710	3.091603	10.939893
-0.110840	0.200439	0.914795	-2.221374	1.206107	3.297710	10.950376
-0.110352	0.192871	0.929688	0.366412	1.076336	3.229008	10.960548
-0.114990	0.194092	0.907715	1.557252	0.419847	2.290076	10.970702
-0.115723	0.204102	0.911133	0.114504	0.267176	1.503817	10.981411
-0.116455	0.208252	0.931152	-1.045802	0.358779	0.916031	10.991764
-0.117920	0.212646	0.944092	-0.748092	-0.519084	0.748092	11.001979
-0.111084	0.226807	0.924561	-1.213740	-1.641221	1.419847	11.011976
-0.111572	0.212402	0.918457	-2.664122	-1.854962	1.389313	11.022210
-0.108398	0.200928	0.917969	-1.786260	-1.931298	0.473282	11.032315
-0.112061	0.216553	0.898682	-1.557252	-1.580153	0.068702	11.042341
-0.108154	0.213623	0.888428	-2.755725	-0.480916	-0.198473	11.052592
-0.101807	0.210449	0.891602	-2.534351	0.755725	-0.511450	11.062828
-0.105713	0.212646	0.902344	-1.854962	1.358779	-0.801527	11.072266
-0.105713	0.227783	0.905518	-2.343511	1.007634	-0.274809	11.081968
-0.099121	0.209473	0.921631	-2.312977	1.022901	0.053435	11.092071
-0.102051	0.221191	0.904785	-0.618321	0.801527	-0.328244	11.102874
-0.102783	0.230713	0.904541	-0.511450	0.786260	-0.038168	11.112914
-0.105957	0.231445	0.909912	-2.068702	0.427481	0.977099	11.123614
-0.105957	0.224365	0.901855	-2.053435	0.236641	1.580153	11.133896
-0.097900	0.204102	0.899658	-1.671756	0.473282	1.679389	11.144234
-0.101074	0.224609	0.891602	-1.854962	1.152672	1.435115	11.154414
-0.105957	0.227051	0.908203	-2.145038	1.648855	1.396947	11.164741
-0.110352	0.230469	0.909180	-3.167939	1.832061	1.450382	11.175242
-0.102539	0.220947	0.913574	-3.900763	1.381679	1.358779	11.185500
-0.105713	0.222412	0.921875	-2.977099	1.061069	1.198473	11.196086
-0.111328	0.231445	0.926025	-2.480916	0.267176	1.900763	11.206640
-0.106934	0.228027	0.905518	-2.954198	-0.396947	3.290076	11.216753
-0.111572	0.201416	0.896484	-3.259542	0.099237	2.595420	11.227049
-0.105469	0.209717	0.889648	-2.595420	1.190840	1.595420	11.237646
-0.110107	0.218018	0.919434	-2.938931	1.435115	1.809160	11.248048
-0.112793	0.220215	0.921631	-2.381679	1.427481	1.770992	11.257864
-0.111572	0.212402	0.915283	-2.725191	0.969466	2.541985	11.268177
-0.112061	0.198486	0.902344	-2.740458	0.786260	2.068702	11.278318
-0.110840	0.199219	0.902588	-1.816794	0.885496	1.511450	11.288019
-0.110840	0.213867	0.918701	-0.770992	0.854962	1.099237	11.298583
-0.102783	0.219482	0.914795	-1.442748	0.374046	1.442748	11.308682
-0.112549	0.212891	0.916992	-1.603053	0.221374	1.755725	11.318800
-0.105957	0.216064	0.911133	-1.564885	0.526718	1.847328	11.329612
-0.108398	0.208740	0.916260	-1.702290	1.076336	1.679389	11.339926
-0.111328	0.206055	0.915039	-1.343511	1.480916	1.740458	11.350042
-0.112549	0.210205	0.913330	-1.244275	1.732824	1.473282	11.360627
-0.110352	0.204346	0.913818	-1.183206	2.007634	1.305344	11.371081
-0.105225	0.197510	0.906250	-1.244275	2.137405	0.404580	11.380683
-0.109131	0.211670	0.898926	-1.541985	2.488550	-0.343511	11.390052
-0.105469	0.222412	0.927979	-1.099237	2.412214	-0.374046	11.401004
-0.102783	0.227783	0.931152	-1.251908	1.832061	0.396947	11.410950
-0.105713	0.231445	0.933350	-1.572519	1.000000	1.503817	11.421331
-0.106934	0.218750	0.925049	-2.152672	0.312977	2.427481	11.431765
-0.110352	0.205322	0.926270	-2.038168	-0.053435	2.450382	11.441568
-0.107666	0.199219	0.905762	-1.267176	-0.045802	1.526718	11.452357
-0.111572	0.208008	0.918701	-0.534351	0.412214	0.984733	11.462756
-0.105957	0.203369	0.916016	-1.526718	1.106870	1.198473	11.472584
-0.110352	0.210938	0.902588	-2.366412	1.122137	1.198473	11.483211
-0.105225	0.204346	0.902588	-1.625954	1.236641	0.740458	11.493643
-0.111816	0.216064	0.915771	-1.343511	0.755725	0.824427	11.503633
-0.117920	0.207764	0.913818	-1.763359	0.656489	0.908397	11.514032
-0.115723	0.201904	0.917480	-1.442748	0.053435	0.343511	11.524029
-0.114502	0.213867	0.922607	-1.389313	-0.030534	0.190840	11.534169
-0.105469	0.228516	0.909424	-2.236641	0.137405	0.961832	11.544566
-0.109375	0.214844	0.915283	-1.786260	-0.114504	0.778626	11.554600
-0.109863	0.221436	0.904053	-1.519084	-0.259542	0.679389	11.564644
-0.099365	0.223389	0.903076	-2.328244	0.251908	0.923664	11.575123
-0.103271	0.215576	0.896484	-2.671756	1.000000	1.137405	11.585373
-0.096191	0.215332	0.909668	-2.572519	1.412214	1.290076	11.595627
-0.100830	0.210693	0.895264	-2.511450	1.748092	0.946565	11.606168
-0.101562	0.208496	0.894531	-2.473282	2.366412	0.687023	11.616383
-0.100830	0.209229	0.911865	-2.427481	2.572519	0.267176	11.626245
-0.105957	0.211914	0.902832	-2.320611	2.541985	0.259542	11.637126
-0.111328	0.214844	0.914551	-1.587786	2.679389	-1.954198	11.646564
-0.104004	0.233887	0.914307	-0.916031	2.748092	0.312977	11.656810
-0.104248	0.233887	0.918945	-1.099237	2.969466	1.206107	11.666558
-0.107422	0.231934	0.918945	-0.931298	2.564885	1.412214	11.675864
-0.101562	0.232422	0.909668	-0.832061	2.923664	2.000000	11.685407
-0.106934	0.221191	0.905273	-1.320611	2.702290	2.458015	11.695499
-0.110352	0.208984	0.906982	-1.320611	2.435115	2.152672	11.706083
-0.103271	0.204102	0.902344	-0.351145	2.900763	1.541985	11.716342
-0.107422	0.216553	0.918213	-0.404580	2.114504	0.832061	11.726283
-0.117188	0.210938	0.895996	-1.580153	1.923664	1.312977	11.736738
-0.110840	0.212402	0.914551	-1.022901	1.641221	1.122137	11.746861
-0.115234	0.213867	0.913330	0.015267	1.572519	0.938931	11.757293
-0.114258	0.236572	0.913574	0.022901	1.549618	0.961832	11.767426
-0.117432	0.240234	0.923584	-1.465649	1.519084	1.618321	11.777982
-0.121826	0.224365	0.924561	-1.557252	1.381679	2.358779	11.788348
-0.114746	0.216797	0.919434	-1.160305	0.709924	2.580153	11.798292
-0.107422	0.210449	0.911621	-0.931298	0.740458	2.541985	11.808822
-0.108154	0.206543	0.915039	-0.343511	0.251908	1.824427	11.819363
-0.109863	0.208984	0.901367	-0.236641	0.671756	1.145038	11.829336
-0.104736	0.222900	0.903564	-0.465649	1.511450	1.045802	11.840311
-0.100342	0.224854	0.909912	-1.045802	1.992366	1.198473	11.850436
-0.104980	0.216553	0.922607	-0.519084	1.969466	1.198473	11.860416
-0.101807	0.227539	0.911377	0.603053	1.847328	1.427481	11.871081
-0.103760	0.236328	0.914307	0.893130	1.664122	2.030534	11.881143
-0.109619	0.227539	0.919922	0.442748	1.053435	2.534351	11.891365
-0.094971	0.224365	0.905518	-0.030534	0.595420	2.580153	11.901823
-0.105713	0.227295	0.896240	-0.717557	0.832061	2.740458	11.911405
-0.114258	0.215576	0.903320	-0.183206	0.503817	2.564885	11.921514
-0.103760	0.208252	0.901611	1.572519	0.824427	1.564885	11.931928
-0.096924	0.216553	0.899414	1.984733	1.343511	1.068702	11.942960
-0.107178	0.222656	0.900146	1.992366	1.793893	1.221374	11.953166
-0.107666	0.228027	0.900635	0.732824	2.419847	1.587786	11.962741
-0.105225	0.217529	0.917236	0.480916	2.534351	1.328244	11.973906
-0.107666	0.231934	0.913330	0.610687	2.381679	1.221374	11.983935
-0.114502	0.249512	0.926270	-0.137405	1.793893	2.396947	11.993922
-0.114502	0.236084	0.927979	-2.435115	0.458015	4.206107	12.004546
-0.109131	0.209717	0.910156	-2.076336	0.297710	3.931298	12.014852
-0.109131	0.209473	0.906494	-1.160305	0.580153	3.427481	12.025068
-0.114990	0.213867	0.898193	-1.022901	1.389313	3.129771	12.035367
-0.109619	0.209961	0.887451	-0.839695	2.503817	3.000000	12.045316
-0.114990	0.213867	0.906494	-1.328244	3.343511	2.312977	12.055627
-0.126709	0.215332	0.916748	-1.786260	3.572519	2.274809	12.065846
-0.129883	0.199707	0.935303	-1.564885	3.030534	1.587786	12.076084
-0.126465	0.218994	0.926270	-1.229008	1.755725	1.122137	12.086815
-0.120117	0.214844	0.919434	-2.244275	0.725191	1.801527	12.099568
-0.119141	0.201416	0.906982	-1.824427	0.114504	1.419847	12.110434
-0.116211	0.198242	0.896240	-0.931298	0.297710	0.511450	12.120667
-0.114502	0.213135	0.881592	-0.061069	0.786260	1.938931	12.130922
-0.112305	0.214355	0.895508	-0.106870	2.091603	-0.152672	12.141034
-0.117432	0.216797	0.902832	0.030534	2.885496	-0.351145	12.151288
-0.111328	0.218262	0.913818	0.473282	2.877863	-0.389313	12.161009
-0.117920	0.218994	0.924316	0.099237	2.503817	0.083969	12.171357
-0.114746	0.216064	0.924316	0.450382	2.030534	-0.030534	12.181712
-0.112793	0.232666	0.933594	0.916031	1.335878	-0.190840	12.192297
-0.114990	0.237061	0.917969	0.412214	1.175573	-0.190840	12.202634
-0.109131	0.235840	0.916260	-1.190840	1.305344	0.030534	12.212608
-0.116455	0.224365	0.908936	-2.343511	0.793893	0.061069	12.223328
-0.112061	0.213135	0.922363	-2.015267	0.312977	-0.511450	12.233888
-0.111816	0.212891	0.891357	-0.633588	1.129771	-1.404580	12.243646
-0.112793	0.242676	0.918701	-0.167939	1.709924	-1.526718	12.254187
-0.120605	0.255127	0.922607	-1.702290	0.832061	0.129771	12.264725
-0.113281	0.241455	0.913086	-2.832061	0.587786	1.343511	12.274532
-0.114014	0.229004	0.913330	-1.862595	0.290076	0.946565	12.283951
-0.113037	0.242188	0.884766	-1.931298	0.435115	0.809160	12.294992
-0.125000	0.239258	0.874023	-4.106870	1.358779	0.312977	12.304847
-0.114258	0.240723	0.866211	-5.389313	2.068702	-0.068702	12.315265
-0.114014	0.235840	0.868164	-5.396947	3.603053	-0.358779	12.325417
-0.110840	0.242432	0.874268	-6.641221	4.450382	0.007634	12.335866
-0.113770	0.234375	0.890625	-4.847328	5.137405	-0.129771	12.346230
-0.118164	0.239014	0.905029	-5.717557	4.801527	1.557252	12.356569
-0.111328	0.232910	0.906006	-4.091603	4.526718	2.175573	12.366559
-0.119629	0.219238	0.877441	-4.114504	4.564885	3.877863	12.376356
-0.121582	0.211670	0.887695	-2.893130	5.236641	1.099237	12.387362
-0.126465	0.216797	0.903809	-0.076336	5.106870	0.053435	12.397702
-0.118652	0.237061	0.895996	-0.038168	5.618321	-0.305344	12.407652
-0.115723	0.251709	0.911133	-3.068702	5.625954	0.580153	12.418054
-0.112061	0.243408	0.927979	-5.816794	5.221374	1.343511	12.428381
-0.113281	0.240234	0.926514	-5.809160	4.358779	1.778626	12.438848
-0.117676	0.236816	0.922119	-7.167939	3.923664	2.755725	12.449222
-0.120605	0.219238	0.920898	-7.091603	3.618321	3.511450	12.459031
-0.124512	0.206543	0.924316	-4.801527	3.358779	3.221374	12.469250
-0.119873	0.209961	0.909424	-2.213740	3.534351	2.770992	12.479025
-0.127930	0.212402	0.913086	-1.816794	3.671756	3.083969	12.489786
-0.134766	0.197021	0.915039	-1.114504	3.526718	2.022901	12.500313
-0.127930	0.207520	0.929443	0.419847	3.664122	0.458015	12.510462
-0.129639	0.232910	0.937256	-0.770992	3.312977	0.358779	12.520831
-0.138672	0.231934	0.926514	-2.648855	2.748092	0.732824	12.530720
-0.138672	0.214111	0.947998	-2.870229	1.694656	1.091603	12.540833
-0.129883	0.214844	0.950684	-1.458015	0.557252	1.206107	12.550259
-0.123291	0.212158	0.920166	0.045802	-0.740458	1.007634	12.559507
-0.126221	0.213623	0.913330	0.419847	-0.419847	0.900763	12.568945
-0.136719	0.225830	0.908447	0.022901	0.099237	0.114504	12.578329
-0.127686	0.227051	0.905762	0.419847	0.877863	0.412214	12.587747
-0.122070	0.225098	0.920410	-1.916031	1.038168	0.206107	12.597006
-0.117188	0.216309	0.910889	-1.664122	0.786260	-0.435115	12.607850
-0.123291	0.251221	0.932861	-0.908397	0.343511	-0.641221	12.618536
-0.118896	0.259766	0.929932	-3.160305	-0.496183	1.206107	12.628753
-0.118164	0.242432	0.902344	-5.106870	-1.251908	2.961832	12.639204
-0.124023	0.202881	0.913330	-4.938931	-1.091603	2.465649	12.649305
-0.117432	0.198730	0.912109	-2.900763	-0.877863	1.183206	12.659043
-0.120605	0.227051	0.907471	-1.503817	-1.068702	1.045802	12.669632
-0.118164	0.219238	0.899170	-1.374046	-1.198473	1.740458	12.679858
-0.114258	0.212158	0.895508	-0.961832	-0.290076	1.526718	12.689737
-0.113525	0.213135	0.896729	-0.030534	0.389313	0.877863	12.700322
-0.118896	0.233154	0.900635	0.419847	1.145038	0.740458	12.710431
-0.114258	0.253174	0.919678	-0.832061	0.770992	1.961832	12.721025
-0.122070	0.238770	0.930908	-2.961832	0.190840	3.061069	12.731204
-0.120605	0.216553	0.922607	-2.725191	-0.557252	3.320611	12.741632
-0.124756	0.208252	0.910889	-1.694656	-0.839695	2.946565	12.751814
-0.139893	0.209229	0.896973	-1.343511	-0.389313	2.381679	12.762039
-0.121094	0.209473	0.895264	-1.496183	0.259542	1.961832	12.772068
-0.121582	0.212646	0.884521	-0.938931	0.732824	1.480916	12.782320
-0.110840	0.222656	0.885254	-0.870229	1.862595	1.083969	12.792129
-0.119385	0.235840	0.888428	-0.763359	3.152672	1.061069	12.802919
-0.123779	0.237549	0.898193	-2.580153	3.648855	1.343511	12.813141
-0.130371	0.247803	0.898682	-5.557252	4.450382	2.083969	12.823614
-0.136475	0.220703	0.916260	-7.488550	3.198473	3.137405	12.833758
-0.139160	0.202148	0.903564	-6.572519	3.015267	2.427481	12.844176
-0.124268	0.191895	0.913086	-4.618321	2.335878	1.396947	12.854337
-0.122559	0.206543	0.897705	-1.839695	2.816794	0.564885	12.864577
-0.147705	0.251709	0.909180	0.458015	9.641221	2.519084	12.874970
-0.116211	0.176025	0.841553	-5.099237	4.305344	2.679389	12.884980
-0.131592	0.165283	0.938721	-1.549618	5.358779	-0.763359	12.894862
-0.125244	0.241211	0.929199	1.236641	3.465649	-0.625954	12.905632
-0.126709	0.247803	0.927002	-2.648855	2.916031	2.244275	12.915780
-0.130859	0.196533	0.938965	-2.572519	-0.045802	1.946565	12.926099
-0.128662	0.221680	0.917725	0.091603	0.198473	0.969466	12.936427
-0.126953	0.240479	0.890137	-1.503817	1.106870	1.755725	12.946885
-0.122070	0.217285	0.916016	-3.480916	1.664122	2.244275	12.956840
-0.128662	0.210205	0.919922	-2.122137	1.916031	1.564885	12.967091
-0.138672	0.217285	0.917725	-2.206107	2.312977	1.564885	12.977464
-0.135010	0.217285	0.929688	-2.687023	2.213740	1.549618	12.987505
-0.135498	0.211914	0.925537	-2.427481	1.442748	1.534351	12.997951
-0.133789	0.210205	0.924316	-1.580153	0.465649	1.015267	13.008026
-0.131592	0.214355	0.918457	-1.854962	0.015267	1.076336	13.018372
-0.125732	0.212402	0.901855	-2.000000	0.007634	0.870229	13.028737
-0.123291	0.211914	0.891357	-2.022901	0.427481	0.603053	13.039252
-0.114258	0.212402	0.885254	-1.900763	1.450382	-0.007634	13.049551
-0.118408	0.215820	0.882324	-2.259542	2.862595	-0.167939	13.059915
-0.118896	0.216553	0.897217	-1.702290	3.496183	0.122137	13.070445
-0.125977	0.219482	0.878906	-0.679389	3.862595	0.297710	13.080748
-0.131104	0.228027	0.899170	0.870229	4.038168	0.618321	13.090667
-0.130371	0.219727	0.895996	0.816794	3.679389	0.946565	13.101090
-0.131348	0.223633	0.900146	-0.312977	3.160305	1.038168	13.111709
-0.140137	0.215332	0.917480	-0.969466	2.427481	1.213740	13.122148
-0.135010	0.221436	0.909180	-0.503817	1.832061	1.221374	13.132553
-0.135254	0.227539	0.901855	-1.312977	1.160305	2.045802	13.142934
-0.136719	0.221924	0.901855	-1.251908	0.938931	2.381679	13.153501
-0.135254	0.223389	0.890869	-0.961832	1.351145	2.022901	13.162962
-0.117432	0.226807	0.890625	-1.320611	2.076336	1.801527	13.172223
-0.128418	0.224121	0.909912	-1.931298	2.465649	1.694656	13.181579
-0.121582	0.227051	0.911133	-2.290076	2.778626	1.282443	13.191029
-0.123779	0.230225	0.913818	-2.251908	2.801527	1.702290	13.200969
-0.124756	0.231201	0.919678	-1.236641	2.793893	1.885496	13.211812
-0.131104	0.241943	0.923828	-1.519084	2.061069	2.068702	13.222124
-0.130859	0.235107	0.912842	-1.923664	2.175573	2.877863	13.232279
-0.132324	0.213623	0.897461	-2.160305	2.419847	2.946565	13.242638
-0.138916	0.217041	0.917725	-0.145038	2.763359	2.000000	13.253325
-0.138428	0.226807	0.921143	0.282443	2.404580	2.206107	13.263310
-0.137207	0.221924	0.905762	-1.099237	2.175573	2.229008	13.273465
-0.131104	0.209717	0.908691	-0.671756	2.351145	1.687023	13.283979
-0.133545	0.220459	0.921631	1.038168	2.076336	0.870229	13.294312
-0.133545	0.240967	0.922852	1.114504	2.229008	1.229008	13.304743
-0.133789	0.240967	0.927979	-0.396947	2.030534	2.297710	13.314978
-0.127197	0.231689	0.921387	-1.519084	1.984733	2.503817	13.325077
-0.130371	0.221191	0.921631	-1.282443	1.709924	2.511450	13.335322
-0.136963	0.218750	0.928223	-1.198473	1.229008	2.030534	13.345663
-0.132080	0.219238	0.920166	-1.137405	1.106870	1.893130	13.356551
-0.136963	0.228027	0.913086	-1.145038	1.015267	1.480916	13.366625
-0.137451	0.236084	0.915039	-1.709924	1.343511	1.580153	13.376965
-0.137207	0.234619	0.930664	-2.877863	0.839695	2.259542	13.387701
-0.138672	0.227783	0.922363	-2.190840	0.152672	1.984733	13.398006
-0.127441	0.237549	0.933594	-3.374046	-0.404580	3.083969	13.408543
-0.144775	0.216553	0.924561	-2.862595	-1.381679	3.648855	13.418844
-0.126709	0.218506	0.895264	-2.091603	-1.801527	3.503817	13.429158
-0.121826	0.214355	0.884033	-2.083969	-1.198473	3.458015	13.439955
-0.111328	0.210205	0.879883	-2.351145	0.366412	2.572519	13.450557
-0.117676	0.220215	0.883057	-2.664122	1.587786	2.557252	13.460695
-0.124023	0.210205	0.897949	-2.007634	3.083969	2.045802	13.470858
-0.130615	0.226562	0.911133	-2.083969	3.198473	2.122137	13.481125
-0.126465	0.229980	0.929199	-2.862595	1.824427	3.267176	13.491377
-0.133301	0.223145	0.931396	-1.549618	0.030534	3.816794	13.502841
-0.132324	0.214355	0.911133	-1.923664	-1.297710	3.595420	13.513787
-0.130615	0.222412	0.904297	0.053435	-1.419847	3.305344	13.524010
-0.123047	0.220215	0.900879	-1.061069	-0.755725	2.549618	13.534563
-0.114990	0.230225	0.900879	-3.038168	0.748092	2.633588	13.545327
-0.127686	0.222900	0.911133	-4.213740	1.725191	2.190840	13.555977
-0.137207	0.217041	0.916016	-4.458015	2.374046	1.870229	13.566325
-0.138184	0.215332	0.913818	-3.717557	1.908397	1.603053	13.577192
-0.139648	0.209717	0.905273	-2.206107	1.938931	0.923664	13.587383
-0.143799	0.213379	0.907227	-1.534351	1.488550	0.732824	13.597849
-0.136230	0.222900	0.927246	-0.679389	0.740458	1.030534	13.607750
-0.135986	0.226807	0.891357	-0.312977	0.106870	1.328244	13.618540
-0.123779	0.220947	0.896729	-0.068702	0.129771	0.992366	13.628705
-0.125244	0.227783	0.904297	-0.503817	1.931298	0.885496	13.638975
-0.130371	0.227295	0.909668	-0.419847	0.435115	0.862595	13.649511
-0.129639	0.231689	0.885742	-1.236641	0.885496	1.419847	13.659668
-0.136475	0.229492	0.887451	-2.511450	1.312977	1.274809	13.669865
-0.138428	0.217773	0.912354	-3.580153	1.625954	0.992366	13.679865
-0.129150	0.223877	0.917969	-3.160305	1.183206	0.824427	13.690482
-0.131348	0.240967	0.925537	-1.244275	0.465649	1.122137	13.701518
-0.127686	0.249268	0.921387	-2.541985	-1.954198	2.381679	13.711846
-0.124268	0.234863	0.914307	-3.259542	-0.641221	2.961832	13.722030
-0.129150	0.234375	0.886963	-4.053435	-0.473282	2.664122	13.732098
-0.116699	0.236084	0.888428	-4.885496	1.068702	2.244275	13.742436
-0.112305	0.226318	0.878906	-7.587786	2.526718	2.656489	13.753052
-0.116699	0.214355	0.889648	-7.450382	3.839695	1.954198	13.763443
-0.116943	0.221191	0.893799	-6.022901	4.045802	1.893130	13.773481
-0.123779	0.219238	0.900635	-5.381679	3.931298	2.206107	13.783978
-0.124756	0.219238	0.894043	-3.503817	3.526718	2.022901	13.794450
-0.134033	0.213867	0.910156	-2.549618	2.709924	2.679389	13.804875
-0.144775	0.209473	0.901367	-0.832061	2.694656	2.496183	13.815246
-0.143555	0.209473	0.897949	-0.427481	2.412214	2.366412	13.825369
-0.143311	0.214844	0.901367	-1.198473	2.633588	1.633588	13.835019
-0.142090	0.219238	0.932617	-1.610687	1.740458	1.732824	13.845763
-0.136963	0.221191	0.918945	-1.992366	1.503817	2.000000	13.856674
-0.134766	0.218262	0.925293	-3.282443	0.793893	1.786260	13.867105
-0.136475	0.223877	0.921143	-3.282443	0.755725	1.442748	13.876981
-0.139404	0.216309	0.900391	-3.297710	0.801527	1.435115	13.887230
-0.135986	0.210693	0.887939	-1.717557	0.885496	1.297710	13.897824
-0.132568	0.203369	0.885254	-1.496183	1.931298	1.267176	13.908020
-0.132324	0.210205	0.890137	-1.717557	2.694656	1.129771	13.918462
-0.130615	0.215576	0.919434	-1.625954	3.022901	0.694656	13.928854
-0.126709	0.227051	0.907715	-2.099237	3.687023	0.687023	13.939207
-0.131592	0.229492	0.930908	-3.328244	2.916031	1.145038	13.949443
-0.133545	0.221191	0.929688	-2.824427	2.244275	1.381679	13.959926
-0.133301	0.213135	0.925293	-2.580153	1.053435	1.305344	13.970314
-0.128418	0.216553	0.895508	-2.923664	1.045802	1.030534	13.980400
-0.135986	0.219238	0.894531	-2.786260	1.427481	0.893130	13.990642
-0.132568	0.217285	0.897705	-2.442748	2.038168	0.908397	14.001539
-0.133789	0.210449	0.902832	-2.625954	2.480916	1.282443	14.011894
-0.126709	0.213379	0.906982	-0.954198	2.839695	1.076336	14.022097
-0.133545	0.239990	0.906738	-0.870229	2.053435	1.625954	14.032551
-0.135010	0.221924	0.921631	-1.259542	1.595420	2.480916	14.042446
-0.133057	0.221191	0.918701	-2.732824	0.969466	2.549618	14.052821
-0.134277	0.201904	0.910889	-2.679389	0.763359	2.404580	14.063237
-0.139648	0.198242	0.909668	-1.580153	0.770992	1.007634	14.072722
-0.137939	0.211914	0.911621	-0.572519	0.503817	0.687023	14.081992
-0.139404	0.215576	0.910400	-0.870229	1.076336	0.694656	14.091592
-0.134277	0.220947	0.898438	-1.832061	1.625954	0.740458	14.105406
-0.136230	0.208496	0.893066	-1.557252	2.129771	0.664122	14.115375
-0.142578	0.220703	0.911133	-0.549618	1.740458	0.664122	14.125729
-0.139160	0.231445	0.927734	0.274809	1.213740	0.870229	14.136245
-0.138916	0.233398	0.921875	-1.290076	0.251908	2.053435	14.146541
-0.136230	0.222656	0.910645	-2.687023	-0.580153	2.687023	14.156988
-0.126953	0.221191	0.900391	-2.145038	-0.381679	2.351145	14.167216
-0.132324	0.210938	0.900879	-1.725191	0.770992	1.534351	14.177534
-0.134766	0.211426	0.881104	-1.870229	1.549618	1.015267	14.187496
-0.136719	0.211914	0.897949	-2.129771	2.190840	0.748092	14.198342
-0.139893	0.215820	0.915283	-1.488550	2.145038	0.671756	14.208591
-0.133301	0.219727	0.915039	-0.816794	1.595420	0.870229	14.218626
-0.142822	0.215088	0.913818	0.282443	1.595420	0.603053	14.229093
-0.134766	0.222168	0.909668	0.801527	1.175573	0.312977	14.239626
-0.130859	0.247559	0.911621	0.152672	1.702290	0.984733	14.249866
-0.128662	0.245361	0.940186	-1.412214	1.114504	2.114504	14.260385
-0.129883	0.235596	0.935791	-2.916031	0.419847	3.152672	14.270759
-0.142090	0.203613	0.908936	-3.007634	-0.022901	2.778626	14.281096
-0.135010	0.221680	0.909668	-3.236641	0.038168	2.091603	14.291214
-0.141602	0.207275	0.895264	-3.412214	0.832061	1.717557	14.301497
-0.134521	0.202393	0.878174	-2.832061	1.748092	0.740458	14.311901
-0.138428	0.220215	0.895996	-1.893130	0.007634	0.282443	14.322081
-0.130615	0.223145	0.916992	-1.770992	1.664122	-0.007634	14.332732
-0.130127	0.233643	0.910645	-0.786260	0.984733	0.404580	14.342581
-0.126221	0.239746	0.916504	-0.900763	0.267176	1.343511	14.352269
-0.125488	0.224609	0.917969	-1.045802	-0.160305	2.274809	14.363135
-0.123535	0.219482	0.907715	-0.259542	0.358779	1.931298	14.373472
-0.125000	0.219482	0.896729	-0.404580	0.755725	2.251908	14.383846
-0.128906	0.238525	0.900635	-2.435115	1.045802	2.824427	14.394060
-0.139404	0.217773	0.920166	-2.786260	1.076336	2.946565	14.404139
-0.144287	0.215576	0.908203	-1.961832	0.877863	2.778626	14.414390
-0.148682	0.211182	0.910400	-1.801527	0.404580	2.709924	14.424497
-0.149170	0.210693	0.908936	-1.511450	0.389313	1.824427	14.435057
-0.144531	0.210938	0.907959	-2.358779	0.229008	1.335878	14.445414
-0.139893	0.212646	0.913086	-2.343511	0.305344	1.083969	14.455791
-0.138672	0.225342	0.900391	-1.587786	0.717557	1.061069	14.466465
-0.130859	0.234375	0.899902	-3.282443	0.641221	1.679389	14.476143
-0.131348	0.212891	0.900391	-4.114504	0.786260	1.801527	14.486507
-0.129150	0.204346	0.889160	-2.946565	1.351145	1.213740	14.497247
-0.135254	0.211426	0.894287	-1.946565	1.854962	1.167939	14.507357
-0.134277	0.210938	0.891846	-1.351145	1.847328	0.778626	14.517515
-0.136230	0.206299	0.901123	-0.969466	2.351145	0.358779	14.527189
-0.130615	0.219727	0.902588	-1.244275	2.541985	0.068702	14.537906
-0.131592	0.220703	0.917480	-2.664122	2.442748	0.381679	14.548354
-0.127930	0.229736	0.927979	-2.725191	2.503817	0.557252	14.558820
-0.134521	0.223389	0.928467	-2.175573	1.694656	1.091603	14.569266
-0.131104	0.226562	0.914307	-1.145038	1.511450	1.129771	14.579691
-0.136230	0.223633	0.920166	-1.259542	1.580153	1.251908	14.589869
-0.144287	0.218994	0.917236	-1.549618	1.290076	1.381679	14.600312
-0.135742	0.221680	0.914795	-1.801527	0.633588	1.587786	14.610558
-0.131348	0.218262	0.900635	-1.992366	0.870229	1.763359	14.620736
-0.129639	0.217529	0.902588	-2.045802	1.503817	1.312977	14.630212
-0.138916	0.227539	0.905762	-2.557252	3.893130	1.221374	14.641253
-0.132568	0.226074	0.916992	-3.900763	1.778626	1.541985	14.651300
-0.135986	0.218506	0.914795	-4.893130	1.725191	1.648855	14.661697
-0.140137	0.210205	0.924316	-4.167939	1.038168	1.503817	14.672284
-0.142090	0.214600	0.929688	-1.954198	-1.946565	1.259542	14.682771
-0.137451	0.218018	0.897217	-1.320611	-0.687023	1.389313	14.692875
-0.138672	0.208740	0.895508	-1.137405	-0.343511	1.198473	14.703279
-0.137451	0.221191	0.900879	-1.251908	0.290076	0.694656	14.714017
-0.138428	0.227783	0.910889	-2.480916	0.809160	0.984733	14.724481
-0.132812	0.230469	0.906006	-2.641221	0.854962	1.267176	14.734536
-0.142334	0.231689	0.907227	-2.061069	0.687023	1.335878	14.745106
-0.137207	0.224365	0.910889	-1.267176	0.374046	1.427481	14.755604
-0.133789	0.220703	0.902588	-1.893130	0.404580	1.152672	14.765741
-0.131104	0.207764	0.907715	-1.694656	0.442748	0.664122	14.776068
-0.127441	0.226318	0.916016	-0.763359	0.244275	0.541985	14.786258
-0.127930	0.230957	0.905762	-1.152672	0.564885	1.015267	14.796410
-0.134521	0.217773	0.900146	-0.816794	0.618321	1.595420	14.807069
-0.126709	0.223145	0.907227	-0.389313	0.839695	1.404580	14.817415
-0.132080	0.230713	0.921143	-0.595420	0.793893	1.801527	14.827674
-0.135010	0.220703	0.894043	-1.190840	0.877863	1.877863	14.837164
-0.136230	0.219727	0.910889	-1.053435	0.458015	1.526718	14.848062
-0.129883	0.226318	0.904541	-1.633588	0.618321	1.595420	14.858680
-0.143311	0.219482	0.910156	-2.885496	1.007634	1.618321	14.869041
-0.130615	0.214844	0.908203	-2.038168	1.007634	1.305344	14.879413
-0.139648	0.224121	0.909180	-1.328244	1.106870	1.175573	14.889762
-0.138184	0.223877	0.919678	-2.274809	0.618321	1.641221	14.899736
-0.133789	0.218506	0.906006	-2.793893	0.259542	1.900763	14.910633
-0.129883	0.212402	0.898438	-2.091603	0.419847	2.076336	14.921020
-0.130859	0.210205	0.893799	-1.442748	0.732824	1.847328	14.931267
-0.133301	0.212158	0.888916	-1.687023	1.465649	1.648855	14.941568
-0.139648	0.221680	0.904053	-1.396947	2.267176	1.038168	14.952126
-0.133057	0.220459	0.900146	-2.000000	2.992366	1.038168	14.962940
-0.129883	0.217529	0.899170	-2.480916	3.396947	0.854962	14.973160
-0.129150	0.206787	0.909180	-1.885496	3.328244	0.526718	14.983233
-0.132568	0.219727	0.905762	-1.312977	2.870229	0.137405	14.992694
-0.123291	0.234863	0.909668	-0.496183	2.908397	1.045802	15.003785
-0.135254	0.232666	0.904053	-1.335878	2.351145	1.648855	15.014275
-0.128906	0.221680	0.902588	-2.000000	2.534351	1.931298	15.024722
-0.136230	0.226074	0.907471	-1.816794	2.190840	1.358779	15.034896
-0.130371	0.233643	0.904053	-1.259542	2.015267	1.580153	15.044613
-0.126709	0.229736	0.918701	-0.702290	3.900763	2.473282	15.055514
-0.142334	0.236084	0.928955	-2.717557	0.083969	2.984733	15.066056
-0.136475	0.228027	0.905273	-3.748092	-0.229008	3.389313	15.076239
-0.141357	0.211914	0.905518	-3.221374	-0.099237	3.007634	15.086812
-0.143311	0.211426	0.901855	-2.503817	0.251908	2.190840	15.097056
-0.139893	0.212891	0.905518	-3.435115	1.129771	1.160305	15.107695
-0.136963	0.209473	0.900391	-2.625954	1.954198	1.183206	15.117284
-0.140137	0.213379	0.898926	-3.167939	2.541985	0.801527	15.127045
-0.139648	0.220215	0.917725	-2.297710	2.427481	1.045802	15.137562
-0.147461	0.223389	0.915039	-1.809160	1.977099	1.473282	15.147717
-0.147217	0.220947	0.892822	-1.458015	1.511450	1.793893	15.158013
-0.142334	0.229736	0.912598	-1.419847	1.167939	1.549618	15.168084
-0.136230	0.237793	0.902344	-2.954198	1.099237	2.229008	15.178551
-0.137695	0.225586	0.894531	-4.053435	1.061069	2.847328	15.188614
-0.132812	0.226807	0.901611	-3.893130	1.778626	2.625954	15.199329
-0.139648	0.215820	0.898438	-3.839695	1.877863	2.519084	15.209690
-0.135010	0.215820	0.890381	-4.923664	2.541985	1.946565	15.220173
-0.136475	0.204102	0.903320	-4.748092	2.862595	1.610687	15.230531
-0.138428	0.229980	0.920898	-4.114504	2.282443	1.297710	15.240558
-0.133545	0.231934	0.898926	-3.076336	2.190840	1.931298	15.250994
-0.131104	0.222900	0.897705	-3.396947	1.877863	2.885496	15.261699
-0.134766	0.209473	0.895020	-1.816794	1.435115	2.435115	15.271802
-0.135986	0.223633	0.898682	-1.343511	1.717557	2.526718	15.282516
-0.128906	0.206299	0.907227	-1.297710	1.641221	3.221374	15.292743
-0.156006	0.207275	0.897217	-0.435115	1.687023	3.129771	15.302991
-0.138184	0.207275	0.904785	0.335878	1.580153	2.977099	15.313635
-0.135254	0.206055	0.909424	0.679389	1.969466	2.549618	15.323621
-0.139648	0.207520	0.906982	1.061069	2.007634	0.000000	15.333938
-0.155518	0.217529	0.916260	0.496183	2.152672	1.694656	15.343918
-0.141602	0.225830	0.921143	-0.641221	2.404580	1.786260	15.354499
-0.143799	0.226807	0.918213	-1.786260	2.267176	1.763359	15.364856
-0.139404	0.220215	0.926758	-2.496183	1.824427	1.961832	15.375132
-0.135498	0.210449	0.927734	-2.496183	0.725191	1.343511	15.385424
-0.152344	0.217041	0.905029	-2.671756	0.854962	1.885496	15.395745
-0.141357	0.202881	0.913818	-1.893130	0.770992	1.603053	15.406392
-0.141113	0.210205	0.910400	-1.183206	0.832061	0.984733	15.416211
-0.139160	0.216553	0.906250	-1.015267	0.671756	1.190840	15.426550
-0.139160	0.208252	0.921387	-0.717557	0.847328	0.488550	15.437006
-0.139404	0.226318	0.917725	-0.122137	0.557252	0.381679	15.447282
-0.135742	0.230713	0.930908	-0.137405	0.267176	0.809160	15.457812
-0.130615	0.225342	0.917480	-1.595420	0.068702	0.786260	15.468126
-0.137695	0.226074	0.904785	-1.572519	0.480916	0.633588	15.478469
-0.134766	0.231201	0.919678	-1.702290	0.206107	0.320611	15.488866
-0.130859	0.243164	0.921143	-2.473282	-0.244275	1.442748	15.498887
-0.137939	0.241211	0.912354	-3.854962	-0.229008	2.480916	15.509770
-0.136719	0.227295	0.895752	-4.549618	0.076336	2.396947	15.519916
-0.133545	0.212402	0.891602	-4.854962	-0.152672	2.343511	15.529805
-0.130127	0.188477	0.894775	-3.534351	0.137405	1.854962	15.540182
-0.136230	0.196533	0.903076	-1.786260	0.679389	1.244275	15.549991
-0.137451	0.204346	0.886230	0.305344	0.770992	0.694656	15.560741
-0.140137	0.225342	0.897461	0.190840	0.969466	0.862595	15.571638
-0.134521	0.229492	0.908447	-0.572519	0.877863	0.992366	15.582001
-0.152344	0.230225	0.916504	-1.068702	0.572519	1.526718	15.592355
-0.146240	0.224609	0.915771	-2.419847	-0.297710	1.908397	15.602745
-0.136963	0.215088	0.902344	-2.793893	-0.580153	2.198473	15.613102
-0.132568	0.207031	0.899414	-1.946565	-1.015267	1.328244	15.623595
-0.135498	0.216064	0.887207	-1.664122	-0.824427	1.648855	15.633760
-0.127930	0.219482	0.884277	-2.480916	-0.137405	1.480916	15.644258
-0.132568	0.209473	0.874023	-2.152672	0.908397	1.229008	15.654346
-0.137207	0.221436	0.891846	-1.145038	1.954198	0.259542	15.665080
-0.135498	0.234131	0.896729	-1.274809	3.190840	0.503817	15.675324
-0.133301	0.238037	0.908447	-3.450382	3.015267	1.335878	15.685485
-0.141113	0.214844	0.920410	-3.251908	2.473282	1.717557	15.695945
-0.149170	0.219971	0.923340	-3.206107	1.190840	1.618321	15.706404
-0.149902	0.218506	0.910889	-3.106870	0.099237	1.572519	15.716751
-0.148926	0.215820	0.902588	-2.259542	-0.442748	1.519084	15.726726
-0.137451	0.198975	0.888916	-0.610687	-0.267176	0.832061	15.737311
-0.135986	0.207764	0.888916	0.412214	0.625954	0.435115	15.747978
-0.136230	0.220703	0.882080	1.061069	1.847328	-0.335878	15.757899
-0.128418	0.239746	0.901855	-0.045802	2.595420	-0.290076	15.768223
-0.134033	0.244629	0.896729	-1.931298	2.977099	0.702290	15.778912
-0.131836	0.242188	0.911377	-2.351145	2.694656	1.595420	15.789218
-0.127441	0.228027	0.905273	-2.167939	1.992366	2.236641	15.799485
-0.129150	0.225342	0.896729	-1.358779	0.961832	2.129771	15.809862
-0.137939	0.212891	0.897217	-0.396947	0.931298	1.832061	15.820128
-0.134766	0.220703	0.877197	-1.038168	1.687023	2.053435	15.830725
-0.129883	0.220215	0.889893	-1.114504	2.183206	1.877863	15.840933
-0.137451	0.217041	0.902588	-1.091603	2.259542	1.419847	15.851276
-0.136230	0.223633	0.913330	-0.389313	2.366412	1.267176	15.861390
-0.140381	0.226807	0.920654	-0.549618	1.396947	1.396947	15.872016
-0.137939	0.219971	0.916992	-0.763359	0.809160	1.809160	15.882288
-0.137939	0.221191	0.897217	-0.503817	1.114504	1.748092	15.892027
-0.142334	0.229248	0.900391	-0.557252	1.923664	1.931298	15.902851
-0.141357	0.215576	0.908691	-1.656489	2.366412	2.160305	15.913287
-0.147217	0.202148	0.911377	-1.480916	2.099237	1.389313	15.923670
-0.136230	0.202393	0.918457	0.129771	1.282443	0.908397	15.934023
-0.148193	0.219238	0.924316	1.946565	0.526718	0.549618	15.944063
-0.134766	0.226074	0.914062	1.641221	-0.290076	0.893130	15.954638
-0.135742	0.231934	0.890137	0.000000	-0.076336	1.145038	15.964819
-0.137939	0.228271	0.904541	-0.709924	1.427481	0.862595	15.975356
-0.137695	0.234619	0.907471	-0.648855	2.343511	0.870229	15.985710
-0.146973	0.240479	0.906982	-3.251908	3.061069	1.557252	15.995888
