-0.177490	1.613281	1.155273	-204.290076	-179.557252	-6.992366	0.005125
-0.066895	1.180420	0.912598	-238.206107	-214.770992	43.801527	0.015573
-0.109375	0.694824	0.705322	-208.679389	-177.404580	89.786260	0.026252
-0.110107	0.428223	0.418457	-197.954198	-152.198473	90.000000	0.036442
-0.063477	0.100342	0.210449	-138.229008	-117.389313	47.038168	0.046591
0.047363	0.050293	0.045654	-61.664122	-73.000000	3.992366	0.056631
-0.023682	0.041016	0.047119	-19.503817	-6.992366	-34.328244	0.066722
0.004883	0.063721	0.076660	67.541985	37.656489	-61.213740	0.076869
0.002197	0.245361	0.199463	109.175573	70.419847	-77.000000	0.086125
-0.046875	0.299805	0.414551	151.839695	109.679389	-91.145038	0.095316
-0.171387	0.499023	0.783447	129.114504	128.801527	-92.312977	0.104511
-0.322266	0.407959	1.342285	47.519084	102.511450	-82.267176	0.113710
-0.150635	0.352295	1.918457	-73.450382	60.923664	-86.793893	0.122877
-0.101562	0.524658	1.999939	-140.511450	0.763359	-80.351145	0.132021
-0.008301	1.144287	1.999939	-183.854962	-95.992366	-49.076336	0.141272
0.082520	1.599854	1.708740	-250.137405	-172.572519	50.534351	0.150524
0.161621	1.443604	1.190918	-250.137405	-195.656489	133.152672	0.159739
0.045166	1.009766	0.851562	-250.137405	-190.351145	204.931298	0.168970
0.011963	0.429199	0.533203	-250.137405	-193.000000	226.862595	0.178332
0.130371	0.079834	0.222412	-250.137405	-146.572519	214.977099	0.187518
0.113281	-0.194580	0.169434	-250.137405	-92.564885	198.992366	0.196694
0.082520	-0.496582	0.098389	-250.137405	-43.175573	158.740458	0.205894
0.069824	-0.605469	0.132568	-250.137405	3.534351	130.916031	0.215102
0.057129	-0.832275	0.305176	-250.137405	50.541985	86.496183	0.224249
-0.028076	-0.934814	0.606201	-250.137405	66.534351	34.816794	0.233419
0.137207	-0.979736	0.846680	-212.061069	58.190840	-9.412214	0.242881
0.183350	-0.949951	1.047852	-127.167939	51.473282	-68.114504	0.252203
0.107422	-0.640137	1.074707	-66.511450	42.961832	-107.916031	0.261399
0.004639	-0.282959	0.962646	-16.465649	22.114504	-120.236641	0.270641
0.028320	0.099609	0.792969	47.412214	8.519084	-113.366412	0.280016
0.118164	0.267334	0.701172	103.641221	30.580153	-81.534351	0.289183
0.035156	0.337891	0.693115	167.450382	32.832061	-37.679389	0.298621
0.095459	0.089111	0.816162	178.320611	37.259542	-15.198473	0.307778
0.096191	-0.163086	0.882324	237.312977	36.709924	-14.465649	0.316944
0.102783	-0.166504	0.931396	250.129771	32.877863	-24.389313	0.326101
0.068115	-0.130859	0.911865	250.129771	17.900763	-50.083969	0.335297
0.086914	0.027832	0.790771	250.129771	24.679389	-49.916031	0.343655
-0.004395	0.246582	0.692383	250.129771	33.633588	-46.541985	0.351196
0.055176	0.384033	0.537842	250.129771	64.526718	-41.267176	0.358770
0.035156	0.475586	0.338623	250.129771	87.931298	-31.137405	0.366309
0.002197	0.760254	0.287354	250.129771	150.190840	-28.549618	0.373830
-0.105225	0.584717	0.345459	250.129771	135.198473	-30.335878	0.381324
0.097656	0.777100	0.383545	250.129771	133.694656	2.694656	0.388863
-0.027344	0.601562	0.521973	250.129771	147.572519	-8.061069	0.396396
0.075684	0.654053	0.714600	250.129771	201.213740	11.061069	0.403948
-0.192627	0.520996	0.930420	250.129771	207.221374	-5.984733	0.411463
-0.025635	0.567139	1.134033	250.129771	221.534351	-30.641221	0.419020
-0.077148	-0.296875	1.378174	250.129771	215.694656	34.748092	0.427867
-0.235840	0.593018	1.465332	250.129771	181.511450	-44.251908	0.437148
-0.163330	0.501465	1.368896	250.129771	104.244275	-43.488550	0.447429
-0.169189	0.622559	1.339600	250.129771	107.282443	-62.312977	0.456420
-0.182617	0.737061	1.339844	201.816794	65.679389	-54.946565	0.464750
-0.235596	0.834229	1.375000	114.633588	17.366412	-35.061069	0.473570
-0.280762	0.797852	1.448486	17.404580	-22.022901	-25.618321	0.482442
-0.313477	0.774414	1.509766	-75.091603	-86.709924	-2.801527	0.490955
-0.223389	0.784668	1.503174	-174.832061	-111.564885	5.282443	0.499216
-0.226562	0.843506	1.531982	-250.137405	-154.290076	9.633588	0.507865
-0.375732	0.918457	1.416748	-250.137405	-224.870229	14.328244	0.516499
-0.156494	0.979248	1.200439	-250.137405	-250.137405	26.687023	0.525441
-0.181396	1.026367	1.010254	-250.137405	-250.137405	48.748092	0.534373
-0.071045	1.067627	0.814453	-250.137405	-250.137405	85.312977	0.543022
-0.027100	1.095215	0.615234	-250.137405	-250.137405	114.259542	0.551552
0.154541	0.922607	0.361816	-250.137405	-241.931298	164.435115	0.559940
0.096680	0.901855	0.199219	-250.137405	-213.916031	180.648855	0.568406
0.181885	0.598877	-0.025146	-250.137405	-184.870229	216.786260	0.576889
0.127930	0.381104	-0.204346	-250.137405	-171.786260	188.549618	0.585401
0.084717	0.077393	-0.264160	-250.137405	-125.099237	186.938931	0.594001
0.072266	-0.226318	-0.073730	-250.137405	-77.526718	161.190840	0.602299
0.318115	-0.379150	0.182373	-250.137405	-88.076336	102.893130	0.610901
0.094482	-1.053711	0.340332	-250.137405	-82.633588	82.419847	0.619156
-0.074707	-1.244141	0.478760	-250.137405	-53.061069	64.206107	0.627852
0.123291	-1.094971	0.479980	-133.480916	0.610687	29.900763	0.636359
0.042480	-0.994629	0.502686	-59.076336	34.229008	-9.129771	0.645031
0.022461	-0.918701	0.583740	37.534351	74.099237	-55.862595	0.653507
0.114990	-0.570312	0.632324	108.809160	100.480916	-96.175573	0.661714
0.321533	-0.250732	0.676514	250.129771	94.381679	-82.900763	0.670351
-0.055664	0.177979	0.819824	250.129771	78.305344	-48.473282	0.678848
0.003906	-0.446045	0.964111	250.129771	60.145038	-71.290076	0.687453
0.241455	-0.358887	1.070312	250.129771	63.778626	-114.625954	0.695913
0.155762	-0.349609	1.197510	250.129771	62.557252	-140.603053	0.704430
0.150879	0.070312	1.045654	250.129771	46.198473	-161.114504	0.712986
0.164795	0.350342	0.927246	250.129771	48.870229	-144.129771	0.721007
0.012207	0.544434	0.776855	250.129771	42.793893	-107.374046	0.729053
0.235352	0.665527	0.556152	250.129771	75.763359	-92.549618	0.737021
0.166748	0.615479	0.374756	250.129771	112.381679	-61.969466	0.745264
0.152344	0.825928	0.109619	250.129771	176.213740	-107.557252	0.753063
-0.032959	0.541260	0.038086	250.129771	132.633588	-55.541985	0.761262
0.099365	0.714600	-0.003906	250.129771	145.282443	-31.496183	0.770222
0.333984	0.967773	0.006836	250.129771	239.862595	-100.190840	0.778701
-0.137695	0.489990	0.526855	250.129771	250.129771	-51.854962	0.787954
-0.393799	0.458740	1.196777	250.129771	250.129771	-78.435115	0.796395
-0.525391	0.168213	1.928223	250.129771	235.786260	-74.877863	0.804888
-0.348633	-0.145264	1.999939	193.129771	128.839695	-113.793893	0.813346
-0.232666	0.850586	1.999939	-30.679389	36.190840	-107.290076	0.821685
-0.216553	0.935303	1.999939	-137.374046	-88.916031	-83.862595	0.830188
-0.138184	1.461426	1.999939	-206.259542	-227.412214	-17.091603	0.838449
-0.099854	1.647705	1.303467	-250.137405	-250.137405	77.290076	0.848819
-0.204590	1.457031	0.916016	-250.137405	-250.137405	154.893130	0.858360
-0.166992	0.946533	0.859619	-250.137405	-250.137405	197.648855	0.868546
0.020020	0.445312	0.747314	-250.137405	-242.587786	203.427481	0.879836
0.052490	0.201660	0.653564	-250.137405	-215.206107	188.282443	0.889961
0.239014	-0.030029	0.636475	-250.137405	-203.259542	182.251908	0.900197
0.219727	-0.324951	0.500000	-250.137405	-227.305344	121.908397	0.910851
0.298828	-0.195801	0.306152	-250.137405	-199.832061	91.458015	0.920983
-0.060547	-0.576904	0.310547	-250.137405	-223.664122	55.809160	0.931538
0.162842	-0.427979	-0.222412	-250.137405	-132.740458	43.022901	0.941790
0.147705	-0.334717	-0.404297	-169.564885	-58.267176	29.954198	0.952290
0.214844	-0.367676	-0.451416	-16.351145	32.076336	5.564885	0.962485
0.111572	-0.373779	-0.300049	177.282443	153.740458	-17.938931	0.972279
0.034668	-0.362061	0.099365	250.129771	208.122137	-64.709924	0.983232
0.010498	-0.249268	0.321045	250.129771	250.129771	-134.740458	0.993532
0.123779	0.190674	0.563477	250.129771	250.129771	-193.526718	1.003934
0.012451	1.219971	0.729248	250.129771	250.129771	-217.374046	1.013511
0.661865	1.999939	0.751221	250.129771	250.129771	-239.343511	1.023424
-0.331787	1.794922	1.006592	250.129771	228.343511	-37.954198	1.032900
0.064697	1.426270	0.792969	250.129771	178.465649	5.160305	1.042643
0.306152	0.243896	0.762939	250.129771	250.129771	-46.099237	1.054734
-0.697998	0.592041	1.527100	250.129771	230.534351	-205.717557	1.065353
-0.257324	0.728760	1.926758	250.129771	242.526718	-75.488550	1.075241
-0.370605	0.684570	1.999939	9.885496	133.511450	-43.503817	1.085982
0.079590	0.933105	1.999939	-248.488550	-101.297710	-15.030534	1.096430
-0.059570	0.868652	1.999939	-250.137405	-237.137405	6.824427	1.106580
-0.298096	1.223145	1.823486	-250.137405	-250.137405	61.511450	1.117487
-0.344971	1.025879	1.175781	-250.137405	-250.137405	82.916031	1.127968
-0.426514	0.760986	0.909668	-250.137405	-250.137405	91.770992	1.138155
-0.052490	0.458984	0.671387	-250.137405	-250.137405	63.732824	1.148851
0.004395	0.495605	0.420898	-250.137405	-250.137405	64.396947	1.159344
0.210449	0.725586	0.052979	-250.137405	-250.137405	55.259542	1.169470
0.246094	0.562012	-0.216553	-250.137405	-235.015267	81.793893	1.179356
0.397217	0.353516	-0.220215	-250.137405	-172.229008	114.610687	1.190283
0.610352	0.099854	-0.131592	-250.137405	-135.992366	117.091603	1.200565
0.336670	-0.558105	0.043945	-250.137405	-63.412214	104.740458	1.210958
0.352295	-0.833008	0.046875	-250.137405	-32.229008	56.885496	1.221232
0.269287	-0.748291	0.036621	-118.458015	28.633588	15.160305	1.231696
0.232910	-0.431641	0.041016	18.229008	87.404580	-20.335878	1.242222
0.179443	-0.106689	0.070557	172.969466	127.916031	-43.877863	1.252747
0.028320	0.040771	0.162109	250.129771	171.389313	-29.091603	1.263114
0.015137	0.021240	0.232178	250.129771	212.381679	-51.000000	1.273011
-0.035645	0.240479	0.422363	250.129771	250.129771	-80.015267	1.282501
-0.125732	0.475098	0.681885	250.129771	250.129771	-89.625954	1.292224
-0.140869	0.827881	1.068604	250.129771	250.129771	-89.061069	1.302128
-0.081055	1.056396	1.338379	250.129771	250.129771	-42.099237	1.313686
0.036377	1.102783	1.291748	250.129771	250.129771	-9.534351	1.323927
-0.281982	1.020264	1.165283	250.129771	250.129771	35.580153	1.333409
-0.133789	0.892334	0.958252	250.129771	207.816794	19.160305	1.343450
-0.249268	0.122314	1.286377	250.129771	250.129771	83.122137	1.354427
-0.311768	-0.169434	1.979492	250.129771	250.129771	-130.938931	1.364763
-0.138184	-0.675537	1.999939	8.847328	114.229008	-119.213740	1.374676
-0.097656	-0.055420	1.999939	-129.488550	65.274809	-199.442748	1.384146
-0.032715	0.813232	1.999939	-175.465649	-137.229008	-174.732824	1.393878
-0.137695	1.211426	1.999939	-250.137405	-250.137405	-87.755725	1.404775
-0.149902	1.331543	1.899414	-250.137405	-250.137405	-14.839695	1.415095
-0.275635	1.217285	1.314697	-250.137405	-250.137405	37.328244	1.425460
-0.327393	0.928955	0.902100	-250.137405	-250.137405	63.893130	1.435788
-0.293213	0.651123	0.530762	-250.137405	-250.137405	72.961832	1.445901
-0.047607	0.549561	0.106934	-250.137405	-250.137405	68.412214	1.455698
-0.081787	0.721436	-0.339355	-210.862595	-216.374046	86.396947	1.466136
-0.053467	0.733643	-0.710693	-94.763359	-151.557252	116.297710	1.476050
0.010986	0.635254	-0.892578	37.687023	-47.343511	139.740458	1.485557
-0.061768	0.461182	-0.871338	163.022901	57.572519	135.984733	1.495043
-0.211426	0.142822	-0.553711	250.129771	197.595420	97.358779	1.506917
-1.001709	0.193848	0.078125	250.129771	250.129771	-170.801527	1.516923
-0.259521	0.205078	0.410889	250.129771	250.129771	-50.320611	1.527886
-0.716064	0.898193	1.146729	250.129771	250.129771	-87.206107	1.538059
-0.241211	1.394531	1.477051	250.129771	250.129771	-64.923664	1.547880
-0.130615	0.692871	1.999939	250.129771	250.129771	13.282443	1.558687
-0.249023	-0.249756	1.999939	116.687023	189.549618	-10.847328	1.568761
0.085205	-0.563965	1.999939	-90.717557	6.091603	-63.229008	1.579152
0.496094	0.557861	1.999939	-63.061069	-132.175573	-154.473282	1.589056
0.063232	1.450195	1.999939	-250.137405	-225.740458	-141.534351	1.599804
0.058838	1.547119	1.999939	-250.137405	-250.137405	-14.091603	1.609394
-0.018555	1.033691	1.776855	-250.137405	-250.137405	92.679389	1.618882
-0.326416	0.230225	1.272705	-250.137405	-250.137405	118.801527	1.628641
-0.880859	-1.548340	1.519531	-250.137405	-250.137405	7.549618	1.638673
-0.184326	0.425049	1.214600	-250.137405	-250.137405	-0.320611	1.648711
-0.160645	0.528076	0.450195	-250.137405	-250.137405	-81.389313	1.660827
0.177246	0.948975	0.059326	-250.137405	-248.725191	-59.587786	1.671467
0.143311	0.906006	0.078369	-250.137405	-216.541985	4.770992	1.681823
0.337646	0.821045	0.234619	-250.137405	-176.396947	76.694656	1.692401
0.325928	0.672119	0.171875	-250.137405	-151.412214	108.366412	1.702532
0.250977	0.518799	-0.149414	-248.183206	-119.694656	143.435115	1.712698
0.137451	0.400635	-0.452881	-116.885496	-84.091603	179.549618	1.723367
-0.008789	0.135986	-0.554199	6.267176	-36.145038	188.870229	1.733460
0.021484	-0.227539	-0.522705	173.870229	61.923664	158.541985	1.743859
-0.097900	-0.263916	-0.275146	250.129771	164.549618	104.213740	1.754087
-0.135498	0.028564	0.006836	250.129771	250.129771	59.877863	1.764139
-0.281494	-0.158447	0.771973	250.129771	250.129771	0.045802	1.775318
-0.144775	-0.211426	1.342529	250.129771	250.129771	-73.442748	1.785325
-0.140381	0.142578	1.429199	250.129771	250.129771	-151.534351	1.795169
-0.305420	0.596191	1.682373	250.129771	250.129771	-104.534351	1.805567
-0.015625	0.860107	1.527344	250.129771	175.847328	-54.954198	1.816220
0.066650	0.646973	1.328857	250.129771	202.893130	-44.114504	1.826846
-0.007324	0.606445	1.287842	250.129771	191.618321	-71.007634	1.837083
0.357178	0.818359	1.284180	250.129771	120.847328	-132.755725	1.847601
0.391357	0.893066	1.604492	250.129771	164.198473	-129.931298	1.857766
0.126221	0.773438	1.904785	5.045802	59.038168	-110.236641	1.868126
0.243408	0.946777	1.706543	104.229008	-16.007634	-141.580153	1.878819
-0.017334	1.240723	1.530029	-43.931298	-90.541985	-106.732824	1.888858
-0.005615	1.665771	1.393799	-87.343511	-120.076336	-45.580153	1.898922
-0.161133	1.580322	0.817383	-113.572519	-99.954198	54.175573	1.909137
-0.184326	1.208252	0.545654	-68.931298	-65.091603	102.954198	1.919548
-0.195068	0.907959	0.538330	-7.022901	-29.534351	123.137405	1.929290
-0.007324	0.310303	0.537598	52.106870	-74.687023	97.862595	1.939621
-0.184082	0.024414	0.543213	-26.152672	-77.564885	79.603053	1.950474
-0.246094	0.002197	0.734375	-219.954198	-15.190840	25.091603	1.960480
-0.044678	0.574219	1.273193	-250.137405	-67.503817	3.778626	1.970638
0.015625	0.622803	1.331787	-250.137405	-115.213740	34.198473	1.980904
0.079346	0.818359	1.198975	-250.137405	-134.832061	51.740458	1.991184
0.069824	0.801514	1.170898	-250.137405	-138.137405	45.961832	2.001235
0.217041	0.556396	1.129150	-250.137405	-131.870229	76.809160	2.011717
0.166260	0.267090	1.071533	-250.137405	-137.274809	93.099237	2.022302
0.140137	0.044922	0.862549	-250.137405	-141.893130	74.442748	2.032902
0.090576	-0.009033	0.670654	-250.137405	-128.885496	66.000000	2.043117
0.272949	0.052002	0.577393	-250.137405	-119.465649	35.732824	2.053192
0.251709	-0.113770	0.250732	-250.137405	-73.832061	104.000000	2.063469
0.066406	-0.181396	0.113770	-250.137405	-45.832061	113.427481	2.074303
-0.006104	-0.301025	0.088135	-138.580153	-17.916031	121.206107	2.084108
-0.955566	-0.632568	0.134766	-57.847328	-126.847328	145.290076	2.094384
1.656006	-0.184814	0.457764	179.091603	-250.137405	-14.160305	2.104740
0.331543	-0.509277	0.173096	-156.404580	24.458015	66.282443	2.114734
-0.087402	-0.479492	0.018555	-148.946565	106.412214	12.732824	2.124587
-0.052490	-0.572998	0.019531	-114.793893	120.366412	18.389313	2.134642
-0.057129	-0.437500	0.207275	23.045802	184.167939	20.488550	2.145391
-0.124268	-0.075195	0.527832	145.816794	214.755725	-1.198473	2.155901
-0.203125	0.157959	0.690674	216.564885	205.274809	12.343511	2.166127
-0.240234	0.033691	0.934814	250.129771	185.648855	39.847328	2.176593
-0.189209	0.005371	1.208252	250.129771	191.870229	29.580153	2.187156
-0.155273	0.127686	1.689209	250.129771	180.564885	15.244275	2.197138
-0.010742	0.359375	1.999939	250.129771	124.007634	24.038168	2.206965
0.015381	0.495361	1.999939	250.129771	47.755725	40.152672	2.216403
0.132812	0.345459	1.575684	250.129771	-8.801527	66.885496	2.225999
-0.114258	0.264893	1.162109	250.129771	-35.503817	88.549618	2.235838
0.125244	0.205078	0.718750	250.129771	-81.068702	53.908397	2.246856
0.208740	-0.030273	0.375000	250.129771	-51.404580	31.251908	2.257911
0.045166	0.124512	0.412354	250.129771	20.511450	-4.572519	2.268752
-0.042725	0.013428	0.730713	250.129771	20.312977	-35.442748	2.279127
-0.046143	0.041260	0.948730	250.129771	45.770992	-70.328244	2.289676
-0.211182	0.234863	1.168701	250.129771	74.885496	-68.480916	2.299795
-0.100098	0.336182	1.597900	249.839695	78.374046	-79.290076	2.309926
-0.281494	0.255615	1.999939	108.183206	-21.465649	-75.641221	2.320630
-0.172852	0.229248	1.999939	-37.381679	-95.618321	-58.656489	2.331095
-0.014648	0.539307	1.999939	-167.251908	-180.557252	-64.580153	2.341203
-0.072021	1.030762	1.591309	-250.137405	-241.648855	-30.717557	2.351775
-0.157959	1.215820	1.105713	-250.137405	-250.137405	33.427481	2.361909
-0.169922	1.018311	0.761475	-250.137405	-250.137405	91.938931	2.371954
0.040039	0.701660	0.477783	-250.137405	-248.343511	103.832061	2.382942
0.032471	0.423828	0.371338	-250.137405	-180.534351	121.229008	2.393122
0.066895	0.296631	0.260498	-250.137405	-146.603053	121.664122	2.403093
0.234619	0.305908	0.150146	-250.137405	-119.358779	107.305344	2.413825
0.295166	0.152100	-0.050781	-250.137405	-80.832061	114.152672	2.425535
0.279785	-0.065674	-0.173340	-250.137405	-64.541985	111.099237	2.437292
0.552490	-0.070068	-0.350586	-250.137405	-60.732824	86.106870	2.447504
0.249756	-0.417480	-0.369385	-77.206107	1.496183	81.045802	2.457822
0.024658	-0.507324	-0.177979	101.221374	56.633588	62.557252	2.468060
-0.014404	-0.285400	0.110840	250.129771	114.885496	-6.595420	2.478436
-0.058105	0.149658	0.600586	250.129771	173.000000	-46.076336	2.489171
-0.056885	0.062256	1.018555	250.129771	192.984733	-80.786260	2.499336
-0.052002	0.143066	1.379150	250.129771	196.099237	-130.480916	2.509182
0.309082	0.413574	1.622803	250.129771	191.694656	-162.236641	2.519841
-0.364990	0.658203	1.726318	250.129771	128.198473	-118.427481	2.529573
0.102539	0.700195	1.469482	250.129771	17.877863	-56.129771	2.539634
-0.008301	0.531982	1.016113	250.129771	68.549618	-7.564885	2.550305
-0.257568	0.240967	1.050049	177.549618	99.160305	2.381679	2.560513
-0.321289	-0.133057	1.399414	-2.511450	94.038168	-25.732824	2.570503
-0.123047	-0.414795	1.834961	-134.618321	89.465649	-31.465649	2.580517
0.063721	-0.215576	1.999939	-145.015267	10.793893	-105.229008	2.591130
0.321533	0.397949	1.999939	-169.030534	-95.549618	-92.251908	2.601769
0.223877	0.805664	1.999939	-250.137405	-154.679389	-35.198473	2.611516
-0.036133	0.695557	1.906250	-250.137405	-204.809160	25.007634	2.622831
-0.138428	0.489990	1.457031	-250.137405	-248.251908	25.381679	2.633253
-0.079834	0.506348	0.923828	-250.137405	-250.137405	23.717557	2.643724
0.052979	0.513428	0.440918	-250.137405	-250.137405	39.954198	2.653953
0.199707	0.351074	0.072266	-250.137405	-229.656489	70.282443	2.664439
0.271484	0.087891	-0.250000	-250.137405	-173.603053	89.801527	2.674938
0.273193	-0.141602	-0.459717	-222.587786	-111.038168	97.740458	2.685254
0.214111	-0.350586	-0.597412	-59.465649	-35.183206	84.022901	2.695636
0.062256	-0.622803	-0.601562	139.633588	42.862595	33.396947	2.706026
0.068604	-0.533447	-0.389893	250.129771	141.702290	-29.022901	2.715590
0.022949	-0.122070	0.031494	250.129771	250.129771	-84.694656	2.726298
-0.101562	0.319824	0.483398	250.129771	250.129771	-107.572519	2.736952
-0.161133	0.671875	0.980713	250.129771	250.129771	-127.106870	2.747161
0.187012	1.137207	1.214355	250.129771	250.129771	-168.160305	2.756780
-0.223633	0.958984	1.800049	250.129771	218.557252	-66.351145	2.766245
0.262939	1.001221	1.610352	250.129771	113.847328	-11.480916	2.776951
0.177002	0.896484	1.422852	250.129771	149.480916	19.740458	2.787927
-0.131104	0.714600	1.432373	163.160305	76.290076	38.916031	2.798306
-0.034668	0.373535	1.363525	123.748092	26.053435	73.442748	2.808403
-0.562500	0.510498	0.713623	248.419847	90.946565	-61.145038	2.817979
-0.253906	0.043213	1.618652	53.725191	29.106870	-17.442748	2.827504
0.049072	0.271973	1.790283	77.664122	-42.793893	-8.045802	2.837258
-0.050537	0.321777	1.360107	-40.076336	-87.557252	2.755725	2.849156
-0.065918	0.478516	1.205811	-103.908397	-112.770992	15.618321	2.860352
-0.111816	0.312500	1.097168	-183.839695	-116.740458	26.687023	2.870667
-0.159180	0.176025	0.907959	-250.137405	-121.885496	22.312977	2.881135
-0.138428	0.154541	0.910645	-250.137405	-99.961832	5.312977	2.891769
-0.045166	0.439209	0.946045	-250.137405	-89.160305	-9.290076	2.902214
0.078857	0.668945	1.053467	-250.137405	-85.824427	-5.175573	2.912338
0.213379	0.832275	1.170898	-250.137405	-81.809160	41.786260	2.923332
0.035645	0.685547	1.240479	-250.137405	-105.366412	67.198473	2.933398
-0.566406	-1.844482	0.985352	37.221374	-183.221374	-67.618321	2.944129
0.573486	0.812256	1.235107	-117.633588	-169.839695	65.358779	2.954380
-0.114746	0.678711	0.475098	-250.137405	-177.213740	83.099237	2.964609
0.309570	0.786133	-0.120850	-250.137405	-123.374046	112.778626	2.975365
0.226074	-0.077881	-0.118652	-250.137405	-64.328244	147.885496	2.985856
-0.080566	-0.551758	0.174072	-250.137405	-108.000000	144.229008	2.995996
0.239014	-0.592285	-0.124512	-250.137405	-25.931298	142.083969	3.006496
0.183594	-0.677979	0.003418	-250.137405	18.114504	108.671756	3.016413
0.154297	-0.742432	0.125000	-241.167939	34.595420	71.488550	3.026728
0.145020	-0.760254	0.222412	-172.068702	63.083969	52.496183	3.037177
0.117188	-0.662354	0.343750	-132.511450	96.641221	46.175573	3.047532
-0.010010	-0.783936	0.451660	-110.122137	117.358779	40.312977	3.057554
-0.127930	-0.875000	0.712158	-68.519084	148.618321	11.946565	3.068494
-0.044922	-0.971924	0.983154	-24.244275	168.564885	-7.786260	3.079039
-0.073975	-0.839111	1.198486	-10.732824	170.404580	-34.442748	3.089564
-0.061523	-0.704834	1.313721	2.129771	151.862595	-44.458015	3.099966
-0.054932	-0.479004	1.252686	-24.374046	132.709924	-39.465649	3.110509
0.085205	-0.416260	1.076904	-25.076336	107.641221	-20.076336	3.120317
0.099121	-0.376953	0.887451	-21.832061	96.335878	9.427481	3.131074
0.043213	-0.420410	0.728760	-45.160305	96.000000	19.221374	3.141244
-0.018555	-0.544922	0.606445	-37.290076	99.022901	29.297710	3.151710
-0.072510	-0.776611	0.628174	6.977099	100.709924	34.053435	3.162009
-0.150635	-0.701904	0.865723	55.702290	112.221374	21.847328	3.172786
-0.138184	-0.864746	1.081787	85.022901	96.175573	-20.664122	3.183086
-0.024902	-0.875977	1.413086	165.183206	69.854962	-63.572519	3.193620
0.096924	-0.683105	1.559570	250.129771	12.625954	-67.343511	3.204072
0.125488	-0.271484	1.357178	250.129771	-41.465649	-56.580153	3.214423
0.123535	-0.014404	1.091064	250.129771	-72.816794	-30.389313	3.224318
-0.002441	-0.016357	0.773438	250.129771	-84.122137	6.083969	3.234843
-0.037842	-0.285156	0.529297	250.129771	-81.229008	36.465649	3.245219
-0.074951	-0.476807	0.435791	250.129771	-60.923664	-6.183206	3.255651
0.209717	-0.457031	0.281250	250.129771	-32.702290	-57.801527	3.265935
-0.397949	-0.068848	0.358154	250.129771	30.496183	-97.236641	3.276376
0.013916	0.379883	0.442627	250.129771	30.633588	-106.190840	3.286844
0.085449	0.537598	0.521484	250.129771	45.129771	-49.961832	3.296968
0.148193	0.532227	0.559082	250.129771	81.290076	-37.351145	3.307320
0.217773	0.357910	0.580322	250.129771	93.923664	-35.984733	3.317863
0.209961	0.104248	0.719482	250.129771	93.251908	-49.717557	3.327511
0.194580	0.155518	0.911865	250.129771	88.603053	-38.717557	3.338321
-0.175293	0.099609	0.851074	250.129771	63.244275	-33.679389	3.348564
0.062744	0.163330	1.218994	250.129771	62.511450	-84.213740	3.358993
-0.240234	0.299316	1.526367	103.351145	37.038168	-88.732824	3.369068
-0.238281	0.519287	1.725342	-23.961832	-21.038168	-102.351145	3.379625
-0.186768	0.961182	1.706787	-146.419847	-94.770992	-80.389313	3.389937
-0.261475	1.380127	1.545410	-235.877863	-151.221374	-31.389313	3.399671
-0.184570	1.448486	1.338623	-250.137405	-179.870229	58.770992	3.409429
-0.169189	1.192383	1.200684	-250.137405	-205.595420	119.267176	3.419013
-0.055908	0.955078	1.009033	-250.137405	-225.282443	172.847328	3.428677
0.086914	0.646484	0.781982	-250.137405	-188.854962	226.717557	3.439208
-0.013672	0.587158	0.668457	-250.137405	-159.732824	250.129771	3.449343
0.135010	0.194580	0.654541	-250.137405	-161.412214	250.129771	3.460898
0.082275	-0.134277	0.796143	-250.137405	-196.572519	203.610687	3.471533
0.345947	-0.333252	0.766357	-250.137405	-169.679389	110.213740	3.482295
-0.165527	-0.470703	0.807617	-250.137405	-250.137405	71.366412	3.492713
0.083496	-0.485840	0.322998	-250.137405	-223.648855	122.519084	3.503275
-0.001465	-0.530762	0.068115	-250.137405	-202.671756	112.778626	3.513747
0.146973	-0.748047	-0.151611	-250.137405	-147.496183	92.122137	3.524112
0.168945	-0.893066	-0.150146	-206.381679	-61.961832	63.603053	3.534046
0.191162	-0.964600	0.033447	-111.824427	-11.282443	36.954198	3.544399
0.260498	-0.730469	0.219238	-14.641221	30.297710	23.488550	3.554807
0.167725	-0.912842	0.224854	66.618321	64.992366	5.435115	3.565221
0.185059	-1.158203	0.242188	173.473282	111.312977	-68.274809	3.575769
0.067139	-0.837402	0.486084	220.083969	137.106870	-83.404580	3.586215
0.181885	-0.493652	0.653809	250.129771	143.152672	-94.480916	3.596096
0.266113	-0.001709	0.871826	250.129771	139.152672	-113.763359	3.606597
0.227783	0.028076	0.984863	250.129771	131.351145	-97.877863	3.616828
0.335205	0.127686	0.920410	250.129771	117.396947	-93.015267	3.627229
0.247559	0.343994	0.876465	250.129771	127.832061	-73.022901	3.637030
0.109863	0.516846	0.913086	250.129771	127.221374	-57.442748	3.647717
0.086914	0.481689	0.949463	250.129771	137.961832	-28.129771	3.657995
-0.202637	0.298340	1.071533	250.129771	126.992366	-94.908397	3.668401
0.142334	0.181152	1.206299	250.129771	111.679389	-77.221374	3.678801
0.106934	0.233398	0.803955	250.129771	59.450382	-98.893130	3.689708
0.080322	0.434814	0.793213	250.129771	104.396947	-109.572519	3.699962
-0.083496	1.104492	0.925293	250.129771	127.702290	-109.580153	3.710274
-0.074707	0.541992	1.592041	250.129771	121.679389	-14.977099	3.720843
0.079102	0.471436	1.999939	162.526718	54.748092	-31.534351	3.731180
0.110107	0.639160	1.999939	-77.961832	-31.190840	-1.221374	3.741437
0.129639	0.647461	1.910156	-250.137405	-96.396947	10.809160	3.751891
0.230225	1.250000	1.649170	-250.137405	-140.076336	12.992366	3.762764
0.738281	0.913574	1.482178	-250.137405	-103.030534	37.946565	3.773585
0.010254	-0.428467	1.078857	-250.137405	-183.190840	108.358779	3.783903
0.048584	0.739746	1.242920	-250.137405	-201.221374	105.786260	3.794096
0.053711	0.199707	1.111084	-250.137405	-237.717557	139.236641	3.804932
0.222168	0.529785	0.769043	-250.137405	-250.137405	102.541985	3.815281
0.159912	0.565186	0.473877	-250.137405	-213.099237	125.580153	3.825730
0.209473	0.482666	0.212646	-250.137405	-198.625954	171.389313	3.835920
0.005371	-0.022705	0.228271	-250.137405	-217.473282	201.160305	3.846556
0.316162	-0.257080	0.041992	-250.137405	-201.251908	174.435115	3.856567
0.148926	-0.635742	-0.067139	-250.137405	-162.702290	147.786260	3.867216
0.189941	-0.761719	-0.169189	-250.137405	-123.244275	77.709924	3.877700
0.225098	-0.873779	-0.294922	-250.137405	-42.351145	52.625954	3.888119
0.155029	-0.845215	-0.259277	-151.045802	24.442748	8.221374	3.898303
0.187988	-0.831299	-0.106934	-38.000000	84.160305	-25.916031	3.908625
0.194336	-0.663574	0.109131	68.435115	138.824427	-61.709924	3.919075
0.203857	-0.406250	0.246582	159.396947	183.312977	-92.396947	3.929818
0.126221	-0.117920	0.450928	250.129771	193.519084	-89.274809	3.939645
0.164062	-0.076172	0.696777	250.129771	197.908397	-79.885496	3.950257
0.285156	0.186279	0.818115	250.129771	189.572519	-89.435115	3.960123
0.243408	0.291016	0.852783	250.129771	199.007634	-84.297710	3.970810
0.230469	0.446777	0.855469	250.129771	203.893130	-86.916031	3.981216
-0.010742	0.706787	0.998291	250.129771	211.030534	-79.259542	3.991607
0.209473	0.763184	1.188721	250.129771	209.427481	-67.580153	4.001567
0.212646	0.863770	1.173340	250.129771	209.854962	-48.763359	4.012104
0.216064	1.062012	1.116943	250.129771	250.129771	1.900763	4.022773
-0.092529	0.614014	1.293213	250.129771	179.274809	16.404580	4.033081
0.519775	0.159180	1.289795	250.129771	152.839695	57.694656	4.042775
0.013916	0.475830	1.319092	250.129771	227.480916	-28.221374	4.052344
-0.125000	0.125977	1.911133	250.129771	208.572519	-50.954198	4.063297
0.012695	-0.031494	1.999939	191.076336	111.961832	-53.061069	4.074080
0.106934	-0.190918	1.999939	-99.358779	-21.335878	-59.862595	4.084265
0.167236	0.301758	1.999939	-250.137405	-145.931298	-102.351145	4.095138
0.041504	1.564941	1.910400	-250.137405	-200.389313	-71.709924	4.105229
-0.129883	1.086670	1.582520	-250.137405	-172.137405	-36.183206	4.115826
-0.423828	1.424316	1.261475	-250.137405	-250.137405	26.763359	4.126374
-0.169678	0.927490	0.980713	-250.137405	-250.137405	56.374046	4.136817
-0.354980	0.859863	0.908447	-250.137405	-246.099237	26.656489	4.146742
-0.132568	0.712402	0.749756	-250.137405	-223.190840	44.793893	4.157461
0.030029	0.719238	0.678223	-250.137405	-227.259542	43.755725	4.167772
0.190674	0.851807	0.646240	-250.137405	-207.564885	86.664122	4.178398
0.301514	0.810059	0.547607	-250.137405	-188.396947	132.229008	4.188657
0.221436	0.559570	0.402588	-250.137405	-192.931298	176.190840	4.198989
0.288086	0.294189	0.195557	-250.137405	-205.465649	176.809160	4.209362
0.178711	-0.134766	-0.040527	-250.137405	-162.137405	229.251908	4.219910
0.140625	-0.457764	-0.233154	-164.755725	-122.259542	216.946565	4.230625
0.091064	-0.752930	-0.541992	-25.389313	-57.022901	163.816794	4.241069
0.043945	-1.255615	-0.560547	158.648855	12.259542	69.045802	4.251039
0.212158	-1.235352	-0.336182	250.129771	86.763359	-63.465649	4.261319
0.201660	-0.858398	-0.013672	250.129771	173.251908	-152.030534	4.271762
0.107666	-0.024902	0.311523	250.129771	228.007634	-229.229008	4.282533
-0.013184	0.685547	0.661133	250.129771	236.419847	-244.190840	4.293019
0.111084	1.048828	0.879639	250.129771	228.099237	-211.396947	4.303467
0.525391	1.245850	0.920898	250.129771	250.129771	-202.465649	4.313853
-0.142090	0.732666	1.136475	250.129771	193.450382	-105.152672	4.324105
0.231934	0.622803	1.000488	250.129771	165.290076	-73.274809	4.333932
-0.061768	0.625244	1.143799	250.129771	229.778626	-70.580153	4.343897
-0.202393	0.262451	1.756348	216.404580	201.717557	-27.908397	4.353652
0.053955	-0.188965	1.999939	28.862595	139.496183	-78.946565	4.364799
-0.035645	0.081543	1.999939	-154.160305	-9.603053	-73.786260	4.375302
0.219971	0.623291	1.999939	-244.190840	-168.763359	-73.916031	4.385909
0.027100	1.256104	1.999939	-250.137405	-250.137405	-17.854962	4.396297
-0.095703	1.377441	1.483643	-250.137405	-250.137405	51.511450	4.406377
-0.142822	1.220703	0.930176	-250.137405	-250.137405	103.106870	4.416903
-0.066162	0.659180	0.463379	-250.137405	-250.137405	144.412214	4.430582
0.013428	0.305420	0.360596	-250.137405	-243.961832	146.328244	4.441069
0.213623	0.032227	0.249512	-250.137405	-190.854962	130.290076	4.451187
0.169189	-0.005371	0.178711	-250.137405	-152.320611	104.664122	4.461664
0.315186	-0.084229	0.158447	-250.137405	-109.801527	96.068702	4.472311
0.316406	-0.173828	0.208740	-250.137405	-76.396947	91.862595	4.482716
0.324707	-0.225830	0.238281	-218.465649	-48.847328	89.351145	4.493210
0.283447	-0.269287	0.229004	-152.045802	-22.305344	85.564885	4.503229
0.287109	-0.237061	0.230225	-91.992366	10.320611	78.595420	4.513148
0.212891	-0.374268	0.339355	-62.068702	65.587786	80.374046	4.523871
0.150391	-0.452881	0.586182	-38.465649	91.519084	59.916031	4.534553
0.175781	-0.443359	0.834961	-32.496183	100.419847	38.694656	4.544806
0.197998	-0.424316	1.062500	-20.122137	99.374046	23.007634	4.554541
0.214355	-0.402344	1.254395	-23.129771	85.053435	22.625954	4.564310
0.185303	-0.412842	1.270020	-21.496183	49.419847	23.702290	4.575393
0.210938	-0.399658	1.111572	1.832061	24.534351	24.343511	4.586021
0.197754	-0.404541	0.928467	53.076336	11.145038	31.763359	4.595876
0.117188	-0.477295	0.798828	101.519084	10.374046	23.503817	4.606799
0.106201	-0.547607	0.678711	151.770992	37.030534	4.114504	4.616852
0.107910	-0.610840	0.718506	218.244275	53.351145	-34.068702	4.627396
0.177002	-0.567139	0.771973	250.129771	71.938931	-62.694656	4.637727
0.193604	-0.330811	0.804443	250.129771	75.458015	-98.099237	4.648539
0.152344	-0.170166	0.914062	250.129771	73.648855	-113.229008	4.658306
0.163574	-0.047363	0.908936	250.129771	69.557252	-125.870229	4.669003
0.155762	0.067139	0.878906	250.129771	69.091603	-119.603053	4.678922
0.110596	0.107666	0.950928	250.129771	77.541985	-104.961832	4.688904
0.121582	0.092285	0.812500	250.129771	34.122137	-141.740458	4.698460
0.163330	0.116699	0.481934	250.129771	67.625954	-114.618321	4.710215
0.286865	0.416748	0.319824	250.129771	62.000000	-134.870229	4.720413
0.198730	0.374023	0.376465	250.129771	124.038168	-158.076336	4.730946
-0.040283	0.673340	0.699463	250.129771	136.595420	-131.465649	4.741447
0.024658	0.720459	0.954834	250.129771	129.152672	-79.114504	4.751902
-0.088135	0.686279	1.296875	225.740458	109.763359	-71.587786	4.761658
-0.118896	0.368652	1.662598	99.099237	55.145038	-65.603053	4.771916
0.037354	0.798340	1.679443	-43.732824	-22.335878	-56.053435	4.782498
-0.021729	1.045654	1.512939	-154.396947	-80.717557	-3.091603	4.792704
0.376465	1.444092	1.350586	-103.671756	-15.473282	-46.748092	4.802915
-0.169678	0.976318	1.272217	-250.137405	-147.603053	27.137405	4.813394
-0.033447	0.802490	1.009766	-250.137405	-196.229008	84.740458	4.823736
-0.075684	0.545898	0.945801	-250.137405	-168.916031	112.488550	4.834452
0.040283	0.335938	0.884766	-250.137405	-157.007634	104.847328	4.844865
0.093018	0.431152	0.784668	-250.137405	-148.488550	103.595420	4.855293
0.073730	0.390869	0.782715	-250.137405	-142.763359	120.068702	4.865169
0.354248	0.426758	0.779785	-250.137405	-142.610687	135.175573	4.875225
0.187256	0.435791	0.811768	-250.137405	-152.946565	159.977099	4.886149
0.240723	0.364746	0.515869	-250.137405	-174.977099	178.748092	4.896522
0.242676	0.125977	0.260986	-250.137405	-176.656489	206.419847	4.907090
0.143311	-0.232422	0.030518	-250.137405	-157.389313	217.633588	4.917274
0.143799	-0.582031	-0.133301	-250.137405	-115.206107	197.977099	4.926789
0.009277	-1.010742	-0.157471	-250.137405	-58.908397	163.763359	4.936747
0.097900	-1.250488	-0.111084	-202.778626	17.610687	100.351145	4.947627
0.100342	-1.285645	0.136719	-75.473282	93.358779	14.412214	4.958373
0.114990	-1.091309	0.484619	45.572519	142.549618	-48.618321	4.968234
0.098145	-0.765625	0.697998	184.312977	145.183206	-102.900763	4.977803
0.062500	-0.243164	0.856445	250.129771	138.977099	-129.091603	4.989438
0.022705	-0.169189	1.018066	250.129771	147.702290	-158.961832	4.999788
0.114258	0.102783	1.043701	250.129771	159.213740	-181.770992	5.009971
0.172363	0.384033	1.133301	250.129771	158.503817	-177.740458	5.020326
0.187012	0.536621	1.240967	250.129771	136.076336	-140.167939	5.030577
0.154053	0.727295	1.212646	250.129771	125.167939	-118.816794	5.041121
0.005859	0.708740	1.072021	250.129771	73.045802	-82.793893	5.051661
0.180908	0.466797	0.088623	250.129771	14.854962	7.801527	5.061611
0.311523	0.852539	0.409424	250.129771	61.083969	-37.900763	5.071696
0.063232	0.597168	0.573486	250.129771	104.122137	-79.496183	5.082653
0.007568	0.891846	0.636475	250.129771	211.351145	-32.458015	5.093001
0.142090	1.110107	1.279297	250.129771	169.938931	27.923664	5.103404
0.009033	1.069336	1.174805	250.129771	137.435115	2.954198	5.113901
-0.085693	0.412598	1.374512	250.129771	110.824427	-11.381679	5.123977
-0.002197	0.366943	1.550537	158.526718	76.694656	-18.679389	5.133875
0.177002	0.458252	1.718994	-18.030534	41.595420	-30.465649	5.144601
-0.155029	0.661621	1.886963	-183.259542	-57.114504	-21.381679	5.155109
-0.094482	0.597656	1.746826	-250.137405	-151.938931	67.366412	5.165252
0.058594	0.963379	1.477051	-250.137405	-171.824427	53.030534	5.175128
-0.067139	1.058594	1.162598	-250.137405	-203.022901	83.198473	5.185605
0.042236	0.993408	0.918945	-250.137405	-230.251908	119.122137	5.196241
0.228027	0.772949	0.733643	-250.137405	-196.786260	150.251908	5.206743
0.060791	0.493652	0.704346	-250.137405	-193.893130	179.709924	5.217026
0.156494	0.236328	0.716553	-250.137405	-196.847328	181.038168	5.227218
0.216309	-0.104004	0.725586	-250.137405	-186.839695	162.122137	5.237781
0.248291	-0.177002	0.637207	-250.137405	-180.114504	123.603053	5.249017
0.242432	-0.175049	0.432129	-250.137405	-185.328244	101.022901	5.259717
0.374268	-0.151123	0.256104	-250.137405	-151.076336	88.900763	5.269843
0.611816	0.040283	0.073730	-250.137405	-144.221374	81.503817	5.280402
0.356201	-0.334717	0.019287	-250.137405	-102.099237	71.511450	5.290769
0.270996	-0.362549	0.019531	-250.137405	-79.175573	64.419847	5.301720
0.279297	-0.470459	-0.021729	-250.137405	-40.763359	51.832061	5.312330
0.257812	-0.622070	-0.021240	-223.175573	20.496183	39.259542	5.322263
0.261719	-0.532227	0.240234	-120.648855	69.770992	18.175573	5.331987
0.295410	-0.310791	0.583740	-40.511450	98.641221	16.145038	5.341770
0.244385	-0.335938	0.793701	3.793893	113.664122	22.900763	5.353395
0.282471	-0.620605	0.911133	49.648855	109.839695	9.412214	5.363899
0.240234	-0.684570	0.997803	111.175573	89.847328	-15.083969	5.374117
0.205322	-0.415283	0.972168	152.450382	62.030534	-36.496183	5.385054
0.242920	-0.315918	0.778076	219.679389	72.030534	-73.992366	5.395286
0.536377	0.254395	0.887695	250.129771	89.938931	-57.709924	5.405608
0.247314	0.003174	0.952148	250.129771	103.320611	-83.679389	5.415939
0.267334	0.083740	0.905518	250.129771	89.793893	-90.045802	5.425845
0.198486	0.106201	0.947266	250.129771	101.465649	-83.580153	5.436601
-0.141846	0.164795	0.989258	250.129771	53.931298	-65.137405	5.447070
0.207275	0.092285	0.851074	250.129771	68.656489	-95.022901	5.457449
0.065186	0.023193	1.107910	250.129771	58.198473	-111.587786	5.467681
0.471191	0.494141	0.778320	250.129771	72.694656	-69.702290	5.477617
0.248047	0.308105	0.801514	250.129771	88.137405	-87.229008	5.488052
0.422119	0.409424	0.924316	250.129771	90.717557	-76.725191	5.498537
0.236572	0.324219	1.114502	250.129771	86.740458	-68.587786	5.508877
0.296143	0.441406	1.057129	250.129771	73.206107	-47.435115	5.519323
0.254639	0.438232	1.118896	222.160305	56.022901	-38.679389	5.529529
0.737305	0.113525	0.887695	166.251908	65.000000	-75.282443	5.539948
0.166016	0.685547	0.860840	76.931298	126.122137	-93.748092	5.550177
-0.027344	0.583008	1.282715	52.412214	51.076336	-69.343511	5.560602
-0.000732	0.518799	1.346436	-30.442748	-14.251908	13.335878	5.570763
0.212158	0.810303	1.413086	-157.312977	-57.282443	22.519084	5.580508
0.062012	0.756348	1.430908	-250.137405	-95.343511	35.419847	5.591651
0.124268	1.016602	1.188965	-250.137405	-135.099237	68.053435	5.602094
0.148438	1.146240	1.083984	-250.137405	-137.320611	103.297710	5.612579
0.044678	0.722412	1.047852	-250.137405	-175.801527	137.297710	5.622901
0.173584	0.542725	0.913330	-250.137405	-197.549618	193.473282	5.633508
0.270996	0.381104	0.727295	-250.137405	-210.702290	198.114504	5.644098
0.382080	0.163330	0.561523	-250.137405	-186.251908	204.312977	5.654621
0.284180	0.017822	0.469238	-250.137405	-172.007634	187.519084	5.665154
0.283691	-0.069336	0.240234	-250.137405	-148.534351	191.442748	5.675627
0.267334	-0.279785	0.122070	-250.137405	-110.755725	184.236641	5.685799
0.177246	-0.639160	0.028564	-250.137405	-81.198473	161.229008	5.696203
0.124023	-0.944824	-0.165283	-148.679389	-44.007634	104.923664	5.706817
0.110840	-1.288330	-0.260742	34.870229	13.793893	7.854962	5.717260
0.218018	-1.444336	-0.058594	236.854962	109.022901	-160.847328	5.727433
0.254639	-0.895752	0.557617	250.129771	212.755725	-216.114504	5.737776
-0.211914	-0.342773	1.019531	250.129771	222.534351	-250.137405	5.748144
0.258301	0.049561	1.044434	250.129771	216.290076	-250.137405	5.758375
0.063965	0.723633	0.963379	250.129771	204.412214	-250.137405	5.768624
0.022949	1.128418	0.712891	250.129771	173.679389	-250.137405	5.778653
0.337402	1.007568	0.096191	250.129771	170.824427	-250.137405	5.788668
0.164795	0.636963	-0.142090	250.129771	221.091603	-216.709924	5.799384
-0.251709	0.995361	0.127686	250.129771	239.190840	-250.137405	5.809680
-0.064209	1.165527	0.327393	250.129771	250.129771	-203.877863	5.820190
-0.212158	1.357910	0.879395	250.129771	250.129771	-111.053435	5.830698
-0.094482	1.321777	0.972412	250.129771	250.129771	-107.045802	5.841122
-0.182861	1.742920	1.619873	250.129771	206.396947	-61.068702	5.851064
-0.206787	1.163086	1.717773	152.969466	99.748092	-55.694656	5.861853
-0.237549	1.064697	1.717285	-31.022901	12.854962	-25.519084	5.872524
-0.235840	1.438965	1.731445	-208.938931	-69.152672	7.664122	5.882701
-0.408203	1.641113	1.552979	-250.137405	-188.541985	109.259542	5.893571
-0.321533	1.681641	1.162354	-250.137405	-250.137405	192.160305	5.904022
-0.219971	1.568848	0.541748	-250.137405	-250.137405	250.129771	5.914757
-0.250000	1.381592	0.073242	-250.137405	-250.137405	250.129771	5.925241
0.037109	1.005127	-0.201416	-250.137405	-227.992366	250.129771	5.936024
0.056885	0.588623	-0.293457	-250.137405	-149.328244	250.129771	5.946298
0.112061	0.188232	-0.200439	-250.137405	-85.931298	250.129771	5.956772
0.147461	-0.558350	0.260254	-250.137405	-61.038168	250.129771	5.966296
0.042969	-1.026123	0.538818	-250.137405	-77.923664	250.129771	5.975699
0.273926	-1.190918	0.504395	-250.137405	-75.145038	213.763359	5.985428
0.166016	-1.038330	0.385742	-250.137405	-63.709924	117.442748	5.997292
0.270020	-0.718018	0.309326	-250.137405	-56.534351	44.465649	6.007762
0.378418	-0.873535	0.498047	-250.137405	-14.618321	50.290076	6.018159
0.241943	-0.785400	0.757568	-250.137405	16.366412	18.526718	6.028439
0.260986	-0.587646	0.760986	-250.137405	25.335878	-3.206107	6.038843
0.351318	-0.382812	0.610840	-250.137405	40.778626	-7.862595	6.049374
0.328369	-0.197754	0.472656	-211.778626	67.030534	14.244275	6.059900
0.215576	-0.214844	0.407471	-149.748092	82.656489	35.946565	6.070237
0.157471	-0.377441	0.364746	-100.106870	118.404580	39.625954	6.080309
0.033447	-0.554199	0.342529	-29.343511	153.000000	25.702290	6.090787
0.036621	-0.580078	0.380859	85.526718	191.908397	-0.091603	6.101301
-0.336182	-2.000000	1.335693	250.129771	199.694656	-167.488550	6.111581
0.283447	0.675537	0.838623	250.129771	201.549618	-90.503817	6.122130
-0.584229	-0.524170	1.137207	250.129771	184.244275	-172.366412	6.131996
0.140137	0.700439	1.268799	250.129771	186.229008	-115.763359	6.142747
-0.029053	0.378906	1.446289	250.129771	150.175573	-99.603053	6.152676
0.159180	0.487061	1.566162	250.129771	141.129771	-72.389313	6.163123
0.069092	0.400879	1.653564	250.129771	90.824427	-77.366412	6.173437
0.204590	0.062744	1.184326	250.129771	17.038168	-155.526718	6.183949
-0.153076	0.030029	0.869873	250.129771	27.893130	-96.534351	6.194049
0.210205	0.460449	0.431885	250.129771	-20.198473	-130.763359	6.204581
0.008057	0.672852	0.378418	250.129771	42.351145	-113.679389	6.214972
0.082275	0.739990	0.287354	250.129771	92.977099	-109.603053	6.225413
0.047119	0.526367	0.396973	250.129771	141.946565	-74.053435	6.235795
-0.126953	0.527588	1.159424	250.129771	155.526718	-80.770992	6.246447
0.104736	0.568848	1.798584	185.160305	76.061069	-63.908397	6.256767
0.095947	0.741211	1.911377	-23.076336	-7.282443	-63.366412	6.266968
0.184814	1.053223	1.782227	-189.312977	-85.442748	-3.992366	6.277834
0.083740	1.213867	1.480713	-250.137405	-151.305344	40.396947	6.288304
0.294678	0.672852	1.180176	-250.137405	-144.328244	62.610687	6.298206
-0.040283	0.966797	1.026367	-250.137405	-119.312977	125.984733	6.308898
-0.095215	0.971436	0.872803	-250.137405	-250.083969	134.923664	6.319381
0.092285	0.807617	0.551270	-250.137405	-224.312977	182.946565	6.329751
0.100342	0.419189	0.612549	-250.137405	-167.175573	202.480916	6.340040
0.058105	0.172607	0.589600	-250.137405	-178.167939	189.664122	6.350881
0.287598	0.079834	0.538086	-250.137405	-157.290076	188.656489	6.361047
0.279541	-0.053223	0.531738	-250.137405	-141.908397	182.847328	6.371721
0.399658	-0.038574	0.442139	-250.137405	-143.801527	165.679389	6.381932
0.331299	-0.160400	0.382324	-250.137405	-130.244275	150.923664	6.392541
0.245117	-0.204102	0.264160	-250.137405	-115.847328	138.938931	6.402811
0.271729	-0.269287	0.134033	-250.137405	-73.022901	114.404580	6.412898
0.168457	-0.480713	-0.086670	-250.137405	-59.267176	127.167939	6.424593
0.183594	-0.612061	-0.193359	-250.137405	29.832061	95.167939	6.436540
0.124023	-0.740479	-0.053223	-225.099237	104.229008	57.381679	6.447229
0.110352	-0.821045	0.276611	-153.351145	160.809160	12.152672	6.457732
0.013428	-0.735596	0.508057	-37.229008	186.290076	-46.526718	6.468264
0.020508	-0.493164	0.745850	88.763359	204.007634	-86.755725	6.478637
-0.015869	-0.104248	0.801758	241.572519	208.167939	-127.381679	6.488878
-0.070557	0.173584	0.815430	250.129771	219.954198	-149.610687	6.499203
-0.073730	0.344482	0.901611	250.129771	249.473282	-118.832061	6.509983
-0.098145	0.425049	0.907959	250.129771	247.000000	-120.167939	6.519946
-0.073242	0.695801	0.866211	250.129771	250.129771	-107.755725	6.531113
0.233643	0.766602	0.921387	250.129771	250.129771	-115.145038	6.541200
0.055664	0.733398	1.111816	250.129771	191.908397	-94.038168	6.551907
0.193848	0.886230	1.194336	250.129771	161.167939	-22.183206	6.562320
-0.092773	0.960449	1.568604	250.129771	166.206107	-66.778626	6.572506
-0.064453	0.395020	1.795410	250.129771	78.458015	29.053435	6.582530
-0.079102	-0.115234	1.984863	164.900763	44.694656	-4.847328	6.593177
-0.128662	-0.124268	1.999939	49.000000	-24.496183	-55.984733	6.602896
-0.317627	0.395508	1.966553	-13.740458	-78.595420	-66.519084	6.612551
0.406006	0.072754	1.900879	14.549618	-92.030534	-96.854962	6.622598
-0.202637	0.607422	1.660889	-62.488550	-177.419847	-57.114504	6.633415
0.023438	0.771240	1.284180	-194.908397	-225.366412	-4.473282	6.643412
-0.221680	0.787842	1.031250	-195.091603	-178.297710	55.374046	6.653950
-0.113037	0.587158	1.092773	-190.992366	-198.854962	56.839695	6.664139
-0.157715	0.635254	0.923584	-250.137405	-164.801527	100.366412	6.674886
-0.118652	0.638184	0.778076	-250.137405	-203.977099	89.229008	6.685536
0.070068	0.590088	0.577881	-250.137405	-205.427481	112.938931	6.695794
0.114014	0.463867	0.637207	-250.137405	-189.389313	122.977099	6.705796
0.335693	0.279297	0.724854	-250.137405	-174.793893	120.358779	6.715317
0.141113	0.154053	0.850342	-250.137405	-180.778626	123.786260	6.725322
0.321289	0.127441	0.733398	-250.137405	-179.198473	121.656489	6.735628
0.287109	0.266602	0.578857	-250.137405	-176.938931	116.480916	6.746321
0.248047	0.193604	0.301025	-250.137405	-167.290076	148.465649	6.756811
0.459229	0.247803	0.128662	-250.137405	-176.320611	117.900763	6.767018
0.372314	-0.068848	-0.045410	-250.137405	-135.679389	150.183206	6.777456
0.346680	-0.239990	-0.114990	-250.137405	-90.793893	165.656489	6.788183
0.300049	-0.408691	-0.158691	-250.137405	-55.809160	159.145038	6.798807
0.278564	-0.842041	-0.177246	-248.114504	-20.030534	148.885496	6.808574
0.196289	-1.238770	-0.152100	-177.702290	25.748092	109.122137	6.819170
0.125000	-1.307617	-0.043945	-58.114504	92.786260	31.778626	6.829698
0.597412	-1.895020	0.014160	250.129771	117.229008	-233.770992	6.840274
0.179688	-0.677002	0.127930	186.854962	233.473282	-139.282443	6.850936
0.416016	-0.151855	0.427979	250.129771	243.679389	-154.778626	6.861387
0.101562	-0.147705	0.803711	250.129771	250.129771	-133.702290	6.871909
0.291260	0.166748	0.958008	250.129771	217.007634	-133.206107	6.881976
0.258301	0.245605	0.992920	250.129771	199.893130	-122.282443	6.892393
0.236084	0.341309	1.086670	250.129771	170.679389	-112.167939	6.902942
0.181885	0.527344	1.061279	250.129771	157.839695	-90.984733	6.913345
0.086182	0.469727	1.151611	250.129771	133.496183	-64.496183	6.923503
0.123047	0.502930	1.112061	250.129771	109.503817	-58.557252	6.934213
0.325439	1.219238	1.119385	250.129771	49.412214	33.969466	6.944916
0.124756	0.519531	0.794922	250.129771	141.351145	-49.244275	6.955323
-0.063721	0.460693	1.125000	250.129771	121.511450	-19.847328	6.965533
0.073486	0.530273	1.211426	250.129771	114.129771	27.015267	6.975849
-0.248291	-0.066406	1.345703	250.129771	98.335878	25.740458	6.986244
0.048828	-0.180664	1.531982	250.129771	83.801527	5.328244	6.996677
-0.041748	-0.188232	1.625000	164.595420	51.343511	-49.877863	7.007075
-0.141846	0.148438	1.582520	88.290076	11.824427	-81.618321	7.017084
-0.158447	0.907227	1.564697	-15.442748	-29.389313	-45.679389	7.027476
0.066162	0.670898	1.606934	-109.038168	-82.702290	-17.595420	7.038270
0.002686	0.418701	1.596191	-220.381679	-118.114504	2.694656	7.048925
0.088867	0.343750	1.709717	-250.137405	-99.061069	-12.809160	7.059450
-0.140869	0.302979	1.718506	-250.137405	-156.335878	-34.259542	7.069756
-0.026367	0.494873	1.593750	-250.137405	-189.053435	-21.358779	7.079259
-0.197998	0.778320	1.505859	-250.137405	-213.053435	-16.221374	7.089973
-0.151123	0.977539	1.349609	-250.137405	-250.137405	9.656489	7.100426
0.001953	1.076904	1.291504	-250.137405	-250.137405	40.053435	7.111312
-0.437256	0.792725	1.185791	-250.137405	-250.137405	112.541985	7.121609
0.329590	1.167480	0.569092	-250.137405	-250.137405	129.954198	7.132376
0.216553	0.848633	0.141602	-250.137405	-250.137405	196.839695	7.143062
0.268066	0.494385	-0.155273	-250.137405	-250.137405	229.167939	7.153259
0.255127	0.113525	-0.474121	-250.137405	-250.137405	250.129771	7.163816
0.179199	-0.301270	-0.706787	-250.137405	-246.007634	250.129771	7.173954
0.177490	-0.776855	-0.873779	-250.137405	-158.580153	244.274809	7.184414
0.272705	-1.076660	-0.816162	-191.938931	-52.297710	180.900763	7.194957
0.283447	-0.968994	-0.558838	-94.091603	43.229008	128.183206	7.205354
0.262451	-0.701904	-0.597656	42.053435	105.015267	98.473282	7.215506
0.123779	-1.043945	-0.661621	194.702290	206.305344	70.221374	7.225827
0.008789	-1.142334	-0.430176	250.129771	250.129771	-7.900763	7.235775
-0.091553	-0.653564	-0.080078	250.129771	250.129771	-93.145038	7.246275
-0.070801	-0.238770	0.452148	250.129771	250.129771	-103.870229	7.255767
-0.120605	0.095459	0.944824	250.129771	250.129771	-110.786260	7.265482
-0.061279	0.373779	1.636963	250.129771	250.129771	-120.702290	7.276620
0.229248	0.459717	1.929932	250.129771	250.129771	-119.061069	7.287025
0.134277	0.490234	1.999939	250.129771	177.511450	-79.763359	7.297645
0.136475	0.525391	1.821777	250.129771	97.389313	-43.358779	7.307948
0.027832	0.378174	1.561279	250.129771	64.816794	-29.175573	7.318217
-0.122070	-0.437012	0.779297	250.129771	47.732824	-22.076336	7.328534
0.783447	-1.059570	0.467529	250.129771	-7.938931	14.793893	7.339041
-0.048584	0.234131	1.057373	250.129771	40.618321	-96.763359	7.349515
0.025391	0.502197	1.345215	250.129771	42.129771	-84.992366	7.359567
0.002441	0.635986	1.562988	250.129771	25.419847	-77.160305	7.370334
-0.007812	0.403076	1.801758	208.458015	7.908397	-33.061069	7.380486
-0.028564	0.127197	1.999939	0.473282	-54.358779	-33.358779	7.390877
0.050049	0.239990	1.999939	-185.763359	-142.076336	-53.190840	7.401611
-0.044678	0.061035	1.703125	-250.137405	-192.267176	-101.496183	7.412217
-1.316406	1.999939	1.273682	-250.137405	-141.190840	-48.526718	7.422124
-0.251221	1.169434	1.375488	-250.137405	-165.748092	51.175573	7.432712
-0.055664	1.429688	0.998047	-250.137405	-250.137405	103.603053	7.443285
0.106201	0.927734	0.545898	-250.137405	-250.137405	164.366412	7.453510
0.112305	0.723145	0.263428	-250.137405	-250.137405	188.297710	7.463834
0.142822	0.553955	0.088379	-250.137405	-240.083969	202.458015	7.474269
0.152832	0.296875	0.037109	-250.137405	-209.083969	221.885496	7.484602
0.264893	0.090820	-0.048584	-250.137405	-167.938931	226.694656	7.495326
0.294189	-0.096191	-0.059570	-242.320611	-127.114504	219.061069	7.505788
0.273438	-0.263184	-0.082275	-208.083969	-94.633588	200.832061	7.516127
0.272949	-0.446289	-0.033936	-172.236641	-62.114504	182.435115	7.525722
0.245850	-0.688477	0.115479	-118.778626	-38.435115	139.580153	7.536564
0.264648	-0.767578	0.215576	-84.030534	-10.740458	92.854962	7.547135
0.294678	-0.748535	0.446777	-60.221374	21.877863	48.969466	7.557400
0.316650	-0.664551	0.821289	-64.908397	48.022901	4.427481	7.567698
0.364746	-0.666260	1.028320	-90.610687	61.572519	-36.389313	7.577739
0.419678	-0.462402	1.053711	-80.167939	39.793893	-53.328244	7.587663
0.370361	-0.195557	1.023682	-81.480916	27.190840	-41.862595	7.598115
0.388184	0.002197	0.878906	-84.687023	0.427481	-19.908397	7.608465
0.434326	-0.047852	0.742676	-125.534351	6.870229	13.328244	7.618235
0.364746	-0.152832	0.635986	-128.419847	3.687023	34.595420	7.627646
0.340088	-0.404053	0.575195	-118.244275	13.198473	48.206107	7.637886
0.324707	-0.569580	0.593750	-79.076336	33.519084	38.564885	7.649174
0.340820	-0.589355	0.596191	-30.809160	66.740458	16.045802	7.659904
0.385254	-0.420898	0.639648	5.984733	101.335878	7.526718	7.670619
0.346436	-0.316162	0.709473	40.358779	118.854962	6.786260	7.680926
0.260010	-0.222656	0.769043	72.030534	119.198473	14.893130	7.691026
0.324707	-0.050537	0.703125	76.221374	129.312977	36.877863	7.702141
0.243896	-0.037354	0.747070	93.297710	137.183206	56.328244	7.712565
0.196289	-0.090088	0.917725	76.595420	135.992366	66.732824	7.723082
0.205322	-0.312256	1.112549	67.519084	125.541985	78.274809	7.732992
0.189209	-0.722168	1.151367	110.351145	98.061069	23.870229	7.744311
0.219238	-0.700195	1.126709	133.870229	81.832061	8.282443	7.754959
0.160645	-0.793457	1.025391	249.832061	54.198473	-81.793893	7.765436
0.167480	-0.780029	0.799072	250.129771	58.946565	-66.824427	7.775713
0.119873	-0.088135	0.706299	250.129771	98.305344	-94.465649	7.785823
0.178467	-0.161377	0.857178	250.129771	99.862595	-114.824427	7.796152
0.038086	0.072266	1.078857	151.908397	150.190840	-67.854962	7.806826
0.399902	0.104004	1.195312	250.129771	74.816794	-139.381679	7.817221
0.265381	0.139648	1.388184	250.129771	44.183206	-116.152672	7.827306
0.356445	0.287109	1.555664	250.129771	22.351145	-111.129771	7.836950
0.255127	0.124512	1.588867	218.045802	-27.389313	-122.709924	7.847998
0.279053	0.162109	1.355225	126.061069	-49.709924	-120.946565	7.858398
-0.006348	0.348633	1.051758	55.381679	-109.793893	-90.580153	7.869003
0.076904	0.391113	0.816406	115.480916	-78.908397	-79.618321	7.879355
0.094971	0.428955	0.655762	183.801527	-57.267176	-65.854962	7.888908
0.123291	0.406494	0.502686	228.366412	-27.778626	-50.755725	7.898620
0.137207	0.484375	0.469482	234.061069	5.473282	-44.206107	7.909190
0.136963	0.612793	0.512451	222.175573	28.419847	-35.137405	7.919261
0.190674	0.692383	0.642334	211.908397	34.656489	-33.977099	7.928898
0.155518	0.647461	0.770996	175.671756	36.847328	-9.458015	7.938682
0.128174	0.597412	1.034668	76.435115	23.488550	6.282443	7.950011
0.043213	0.516357	1.283691	-80.267176	-4.717557	19.908397	7.960465
0.064453	0.604980	1.397705	-250.137405	-37.870229	33.152672	7.970827
0.099609	0.802246	1.440430	-250.137405	-67.175573	50.083969	7.980388
0.188232	0.831543	1.538818	-224.114504	-86.358779	86.916031	7.990821
-0.089111	0.930908	1.560059	-250.137405	-140.282443	113.022901	8.000669
0.226807	0.876709	1.153320	-250.137405	-221.000000	160.022901	8.011479
0.144043	0.613281	0.752930	-250.137405	-207.503817	199.366412	8.022012
0.048096	0.310059	0.442139	-250.137405	-178.213740	224.381679	8.032112
0.222412	0.156494	0.053711	-250.137405	-163.984733	223.984733	8.041668
0.198975	0.044189	-0.155762	-250.137405	-115.938931	215.335878	8.052492
0.217773	-0.190186	-0.279541	-250.137405	-58.404580	231.664122	8.063074
0.219727	-0.548828	-0.264160	-250.137405	4.251908	209.076336	8.073399
-0.111572	-1.067871	-0.102783	-250.137405	32.519084	189.099237	8.083914
0.232910	-1.170166	0.085449	-250.137405	77.809160	111.381679	8.094381
0.216797	-1.161133	0.404297	-250.137405	91.450382	56.778626	8.104424
0.182617	-1.030518	0.761719	-164.404580	84.893130	16.862595	8.115145
0.242920	-0.750977	0.922119	-93.381679	80.015267	-0.877863	8.125493
0.217773	-0.529297	0.835693	-47.847328	71.030534	-12.961832	8.136023
0.083496	-0.559082	0.596924	-15.938931	64.091603	-28.534351	8.146763
0.013916	-0.621094	0.488037	65.053435	63.671756	-49.992366	8.157183
0.001709	-0.534424	0.432861	168.664122	82.755725	-98.396947	8.167665
0.636475	0.277832	0.274170	250.129771	127.206107	-42.366412	8.177981
0.062012	-0.028320	0.612305	250.129771	175.748092	-82.099237	8.188112
0.166992	0.207031	0.856201	250.129771	176.114504	-106.786260	8.198189
0.168701	0.253662	1.017822	250.129771	161.877863	-84.419847	8.208466
0.052979	0.290771	1.136475	250.129771	148.984733	-72.977099	8.219008
-0.078125	-0.062012	1.061523	250.129771	98.305344	-49.610687	8.229462
-0.013428	0.239258	1.119141	250.129771	107.022901	-66.083969	8.239602
0.258301	0.034424	1.157471	250.129771	83.679389	-110.412214	8.250080
0.072998	0.023193	1.202148	250.129771	37.564885	-149.541985	8.260658
0.028320	0.266113	0.704102	250.129771	56.251908	-137.160305	8.271395
0.141357	0.294922	0.480713	250.129771	148.374046	-167.557252	8.281721
0.100586	0.348633	0.695068	250.129771	142.282443	-151.343511	8.292132
-0.015869	0.315430	1.158203	250.129771	160.083969	-89.145038	8.302369
-0.106934	-0.050537	1.791016	155.541985	99.290076	-92.145038	8.312921
-0.007324	0.094727	1.999939	24.435115	16.343511	-112.618321	8.323508
-0.032471	0.438477	1.999939	-87.480916	-77.900763	-110.770992	8.334167
0.110840	0.900879	1.932861	-200.160305	-144.213740	-73.183206	8.344329
0.078369	1.075439	1.709961	-250.137405	-204.213740	-17.687023	8.355349
0.072021	1.041016	1.393311	-250.137405	-233.122137	54.305344	8.365480
-0.004150	0.802246	1.075439	-250.137405	-239.206107	95.496183	8.376007
-0.095947	0.699951	0.867676	-250.137405	-250.137405	117.282443	8.386197
0.110107	0.568359	0.580078	-250.137405	-250.137405	135.564885	8.396664
0.518066	-1.277588	0.573486	-2.000000	-150.992366	114.511450	8.406976
0.323486	0.502441	0.623779	-89.740458	-111.435115	150.083969	8.417254
0.258057	0.253174	0.645996	-250.137405	-196.351145	139.595420	8.430434
0.296631	0.093018	0.605957	-250.137405	-146.335878	183.549618	8.440633
0.197754	-0.135742	0.499756	-250.137405	-160.725191	183.404580	8.451172
0.127441	-0.022461	0.289551	-250.137405	-175.511450	188.465649	8.461376
0.128418	-0.253418	-0.065186	-250.137405	-143.381679	186.404580	8.472026
0.093262	-0.626953	-0.322510	-237.633588	-100.358779	157.305344	8.482521
0.058594	-0.908447	-0.425049	-118.793893	-41.847328	96.251908	8.492769
0.149170	-1.027832	-0.261230	62.312977	45.549618	13.328244	8.503145
0.188721	-0.828857	0.126465	250.129771	137.511450	-84.740458	8.513348
0.192871	-1.788330	0.417236	250.129771	199.625954	-91.488550	8.523531
-0.036133	0.586426	0.916504	250.129771	236.908397	-192.419847	8.533006
-0.053467	0.040283	1.127930	250.129771	215.221374	-214.633588	8.542546
0.402832	0.546143	1.285889	250.129771	219.297710	-194.587786	8.552021
0.140869	0.903320	1.495117	250.129771	203.160305	-127.984733	8.563680
0.283203	0.827393	1.395752	250.129771	70.122137	-135.000000	8.573712
0.327148	0.549561	1.076416	250.129771	76.129771	-55.297710	8.583811
-0.083984	0.714355	0.697754	250.129771	111.305344	-88.511450	8.594563
0.134521	0.516602	1.017822	250.129771	100.442748	-23.648855	8.604800
0.024414	0.308594	1.602783	250.129771	84.465649	-18.816794	8.614967
0.147461	0.217285	1.883301	173.129771	18.312977	-18.419847	8.625472
0.087646	0.570557	1.854248	12.442748	-50.366412	-25.748092	8.635861
0.127686	0.929932	1.688965	-131.633588	-136.190840	2.419847	8.646115
0.049805	0.851074	1.267090	-205.137405	-161.175573	35.007634	8.655556
0.018799	1.025146	0.832520	-250.137405	-175.656489	67.114504	8.666008
0.005615	0.900879	0.476807	-250.137405	-175.778626	110.496183	8.676698
0.121582	0.597656	0.358154	-250.137405	-153.442748	139.885496	8.687171
0.364014	0.556641	0.334717	-250.137405	-98.198473	153.839695	8.697549
0.234619	0.278320	0.656494	-250.137405	-101.244275	158.595420	8.707543
0.255859	0.064453	0.794434	-250.137405	-113.557252	150.427481	8.718325
0.462891	0.012207	0.777832	-250.137405	-102.091603	145.320611	8.728622
0.391357	-0.031006	0.735840	-250.137405	-99.862595	146.618321	8.738720
0.333740	0.032715	0.672852	-250.137405	-109.541985	141.274809	8.749287
0.377686	0.048584	0.474121	-250.137405	-105.664122	160.572519	8.759652
0.399414	-0.104736	0.311768	-250.137405	-95.022901	163.671756	8.769897
0.340576	-0.281250	0.300781	-250.137405	-85.725191	153.099237	8.780465
0.308594	-0.464355	0.292969	-250.137405	-59.145038	138.053435	8.790842
0.378906	-0.617676	0.199463	-250.137405	-42.259542	97.183206	8.801488
0.261963	-0.969482	0.094482	-250.137405	12.038168	95.389313	8.811636
0.232910	-1.091553	0.093506	-167.404580	70.625954	53.137405	8.822114
0.195801	-0.966797	0.163574	-33.885496	119.183206	3.000000	8.832496
0.132080	-0.674316	0.187988	110.564885	170.198473	-33.045802	8.843140
0.100586	-0.562500	0.253418	250.129771	219.389313	-76.877863	8.853210
0.104736	-0.708984	0.648193	250.129771	250.129771	-113.679389	8.863772
0.212402	-0.501221	0.982422	250.129771	250.129771	-157.190840	8.874128
0.305664	0.009766	1.184570	250.129771	237.343511	-204.725191	8.884558
0.202881	0.633057	1.124512	250.129771	194.931298	-189.122137	8.894860
0.080566	0.959961	1.111084	250.129771	166.221374	-135.641221	8.905529
0.051270	1.068604	1.234131	250.129771	139.832061	-96.847328	8.915663
0.097900	1.049805	1.344482	250.129771	137.648855	-35.290076	8.926299
-0.345703	0.921875	1.492920	250.129771	69.045802	-12.442748	8.937204
0.241943	0.847900	1.408691	250.129771	72.664122	67.938931	8.947522
0.153564	0.734375	1.484375	250.129771	36.969466	53.625954	8.957853
0.058594	0.391846	1.622314	250.129771	9.404580	58.198473	8.968436
0.013916	0.243896	1.421387	203.870229	-4.343511	67.152672	8.978922
0.065430	-0.165527	1.516357	66.740458	-39.083969	79.022901	8.989207
0.011230	-0.610107	1.319580	-151.847328	-81.068702	64.106870	8.999771
0.184082	-0.162354	1.427979	-247.908397	-80.709924	27.763359	9.010224
0.097900	-0.263916	1.397949	-231.282443	-119.870229	14.877863	9.020668
0.431641	0.271240	1.313721	-203.488550	-106.793893	25.473282	9.031025
0.205811	0.547119	1.246582	-250.137405	-133.717557	64.015267	9.041561
0.080078	0.552734	1.202148	-250.137405	-174.595420	70.992366	9.051969
0.225830	0.297363	1.109863	-250.137405	-170.145038	91.000000	9.062222
0.257812	0.160645	1.004150	-250.137405	-183.557252	110.419847	9.072826
0.250488	0.276367	0.787842	-250.137405	-189.679389	100.022901	9.083057
0.192627	0.429443	0.641602	-250.137405	-186.824427	79.549618	9.093683
0.302734	0.288086	0.234619	-250.137405	-195.022901	134.847328	9.104306
0.373779	-0.091309	0.005615	-250.137405	-154.129771	146.679389	9.114639
0.283936	-0.356201	-0.185547	-250.137405	-123.076336	151.007634	9.124841
0.188965	-0.692627	-0.340820	-190.038168	-70.824427	126.068702	9.135243
0.202393	-0.926758	-0.515137	-31.656489	-11.450382	69.068702	9.145720
0.160645	-1.134766	-0.502441	160.847328	69.671756	-11.809160	9.156447
0.232910	-1.019043	-0.288086	250.129771	180.145038	-84.083969	9.166118
0.158691	-0.878174	0.060547	250.129771	215.022901	-145.992366	9.175655
0.164062	-0.190918	0.401855	250.129771	230.160305	-202.671756	9.185179
0.130859	0.157959	0.796387	250.129771	230.839695	-220.801527	9.194772
0.180176	0.579102	1.052734	250.129771	210.946565	-219.717557	9.204015
0.281738	0.948242	1.244629	250.129771	162.786260	-146.022901	9.215772
0.255859	1.054688	1.341309	250.129771	132.381679	-74.709924	9.225881
0.278564	0.800537	1.320801	250.129771	107.244275	-13.312977	9.236243
0.201416	0.534668	1.234131	250.129771	93.030534	5.412214	9.246737
0.002686	0.347656	1.287354	248.389313	73.977099	17.954198	9.256995
0.287354	0.193115	1.441895	228.167939	27.770992	37.992366	9.267120
0.278564	0.084961	1.569336	227.000000	29.290076	28.679389	9.277571
0.226807	0.008301	1.638428	144.938931	-11.778626	39.916031	9.287632
0.235840	-0.199951	1.564941	46.763359	-65.206107	31.854962	9.298123
0.287842	-0.144287	1.383057	-16.488550	-92.671756	20.358779	9.308450
0.215820	-0.005859	1.179932	-106.152672	-101.259542	20.633588	9.318987
0.289062	-0.048096	1.070068	-207.656489	-111.198473	22.190840	9.329230
0.261475	0.027344	0.979492	-237.183206	-108.549618	21.977099	9.339684
0.369873	0.209717	0.907471	-250.137405	-98.305344	19.900763	9.350591
0.283691	0.297363	0.870361	-250.137405	-92.862595	32.587786	9.361138
0.315430	0.358398	0.833008	-250.137405	-97.687023	48.488550	9.370818
0.450195	0.355469	0.683594	-250.137405	-101.503817	70.267176	9.381438
0.443604	0.296631	0.573730	-250.137405	-86.152672	98.793893	9.391727
0.395508	0.161377	0.408691	-250.137405	-86.038168	124.839695	9.402481
0.444092	0.016357	0.229736	-250.137405	-75.137405	131.572519	9.413249
0.360107	-0.138672	0.084961	-250.137405	-46.709924	142.099237	9.423636
0.339600	-0.294678	-0.006592	-243.267176	-19.816794	143.091603	9.434045
0.360596	-0.373779	-0.068604	-189.557252	11.541985	125.473282	9.444454
0.284180	-0.572510	-0.109375	-120.076336	65.106870	127.435115	9.455012
0.151367	-0.647217	-0.028809	-55.229008	108.488550	113.122137	9.465867
0.109863	-0.666260	-0.033936	16.404580	149.274809	83.358779	9.476154
-0.034180	-0.676514	0.081055	116.526718	198.885496	50.496183	9.486122
-0.076172	-0.529541	0.426758	237.862595	250.129771	6.000000	9.496802
-0.086182	-0.569092	1.190430	250.129771	250.129771	-50.381679	9.507388
0.084473	-0.665283	1.976318	250.129771	229.740458	-134.755725	9.517625
0.310791	-0.407959	1.999939	250.129771	141.427481	-186.603053	9.527663
0.007080	0.068359	1.999939	250.129771	56.748092	-192.206107	9.538596
0.157715	0.578125	1.823730	249.137405	-38.671756	-155.717557	9.549177
0.108398	0.545654	1.632812	164.351145	-47.206107	-88.137405	9.559709
0.080566	0.230225	1.600830	59.702290	-82.931298	-65.366412	9.570487
0.041748	0.011475	1.431396	12.000000	-111.190840	-50.961832	9.580752
0.086670	-0.021729	1.187988	17.091603	-114.099237	-51.847328	9.590647
0.131592	0.261475	0.942139	21.381679	-108.641221	-48.809160	9.601505
0.096680	0.382812	0.821533	13.305344	-98.755725	-23.312977	9.611742
0.195312	0.356201	0.801025	29.076336	-87.702290	10.977099	9.622348
0.234863	0.349365	0.837158	11.053435	-68.511450	39.549618	9.631838
0.245605	0.215820	0.787598	5.488550	-57.778626	56.946565	9.642739
0.276367	0.194580	0.646240	26.564885	-40.603053	71.687023	9.653054
0.243652	0.164062	0.509033	55.541985	-21.595420	87.900763	9.663745
0.261719	0.062988	0.494873	72.198473	0.893130	91.053435	9.673788
0.221436	-0.046387	0.538574	96.824427	11.984733	89.793893	9.684477
0.243164	-0.051025	0.542480	106.511450	38.847328	86.618321	9.694649
0.167480	-0.604004	1.999939	250.129771	96.251908	-37.938931	9.705149
0.165527	-0.076660	0.596191	16.038168	56.984733	99.755725	9.715659
0.128418	-0.031250	1.067139	-113.267176	72.137405	36.343511	9.725890
0.367676	0.104248	1.226562	-32.839695	60.541985	78.236641	9.735892
0.336670	-0.187744	1.265381	-63.282443	13.351145	51.076336	9.746520
0.367432	-0.685059	1.273193	-61.381679	-38.183206	45.786260	9.756944
0.240967	-0.352539	1.138672	-84.793893	-54.381679	7.274809	9.767399
0.228760	-0.369385	1.062988	-83.511450	-60.183206	-16.725191	9.777431
0.240723	-0.304443	1.047119	-114.007634	-51.175573	-33.755725	9.787779
0.235352	-0.202393	1.019043	-131.458015	-39.206107	-49.770992	9.798593
0.251709	-0.058350	1.001709	-145.778626	-36.618321	-50.473282	9.808165
0.284180	0.101807	0.969482	-149.549618	-36.015267	-47.259542	9.817632
0.283691	0.349365	0.993164	-150.473282	-46.290076	-23.687023	9.827762
0.386719	0.617676	1.135742	-175.274809	-62.709924	31.412214	9.838692
0.340576	0.463867	1.140625	-221.274809	-91.213740	94.793893	9.849389
0.343018	0.175049	0.961914	-250.137405	-105.465649	128.778626	9.859630
0.296875	-0.112061	0.693359	-250.137405	-92.717557	142.534351	9.869922
0.266602	-0.310303	0.567139	-250.137405	-61.343511	128.557252	9.880178
0.272461	-0.367676	0.524414	-250.137405	-33.603053	120.175573	9.890246
0.317383	-0.453613	0.507080	-227.564885	-5.992366	111.893130	9.901162
0.315186	-0.530273	0.510010	-201.610687	9.358779	102.900763	9.911416
0.262207	-0.659668	0.587158	-185.106870	22.679389	93.916031	9.922224
0.296387	-0.736328	0.628174	-188.854962	49.679389	50.190840	9.932647
0.244873	-0.923340	0.680176	-158.664122	25.488550	53.458015	9.942966
0.305420	-0.840088	0.715088	-115.732824	31.824427	13.251908	9.953538
0.253174	-0.800537	0.749512	-85.068702	43.267176	-8.916031	9.963634
0.286133	-0.627686	0.765137	-62.610687	39.503817	-16.404580	9.974365
0.284668	-0.572754	0.724854	-57.167939	34.969466	-12.106870	9.984517
0.281250	-0.604248	0.620605	-53.839695	36.167939	-9.709924	9.994799
0.264648	-0.670898	0.520996	-56.541985	38.809160	-9.007634	10.005368
0.280273	-0.783203	0.444092	-62.923664	51.748092	-18.389313	10.015921
0.235840	-0.792969	0.426270	-51.916031	64.206107	-27.603053	10.026054
0.210205	-0.695312	0.522217	-32.038168	84.587786	-47.641221	10.036548
0.220215	-0.624268	0.722900	-4.687023	99.282443	-51.572519	10.046551
0.261475	-0.585693	0.938477	6.664122	98.465649	-50.603053	10.057658
0.230957	-0.590088	1.066895	10.587786	76.213740	-50.137405	10.068191
0.225586	-0.551514	1.034180	11.083969	43.106870	-49.992366	10.078746
0.197266	-0.545898	0.852539	25.870229	21.854962	-54.847328	10.088717
0.178711	-0.507568	0.681152	44.274809	19.038168	-54.374046	10.099246
0.179932	-0.583740	0.629883	83.000000	28.801527	-60.274809	10.109681
0.214844	-0.481201	0.672363	151.748092	41.145038	-78.442748	10.120215
0.263428	-0.458252	0.778320	215.694656	57.198473	-79.206107	10.130464
0.300537	-0.310059	0.885254	250.129771	59.305344	-81.564885	10.140794
0.355469	-0.231201	0.993408	250.129771	46.984733	-70.351145	10.151897
0.316406	-0.203857	0.957275	250.129771	20.038168	-56.496183	10.162406
0.333740	-0.218018	0.817627	250.129771	9.900763	-44.977099	10.172749
0.291260	-0.311768	0.811523	250.129771	-1.671756	-51.435115	10.183224
0.053223	-0.203125	0.689209	250.129771	-1.190840	-148.114504	10.193939
0.188721	-0.395264	0.511475	250.129771	29.251908	-129.206107	10.204374
0.124268	0.069580	0.450684	250.129771	47.603053	-156.053435	10.214839
0.347168	0.341797	0.361816	250.129771	122.595420	-175.572519	10.225083
0.222656	0.469238	0.688477	250.129771	82.755725	-146.778626	10.235488
0.604980	0.028320	0.621338	250.129771	82.152672	-215.083969	10.245814
0.160156	0.098145	0.532715	250.129771	92.664122	-143.465649	10.256207
0.155029	0.482910	0.585693	250.129771	91.091603	-166.183206	10.266666
0.211914	0.820068	0.571289	250.129771	100.442748	-143.145038	10.276963
0.112549	0.986572	0.746826	250.129771	100.793893	-109.786260	10.287329
0.026123	0.972412	0.859619	250.129771	81.778626	-80.603053	10.297155
0.102051	0.953613	0.798340	250.129771	60.900763	-46.648855	10.307810
0.043945	0.843994	0.692139	250.129771	46.709924	-26.351145	10.318314
-0.002197	0.934082	0.761475	225.885496	47.351145	-34.412214	10.328256
-0.095947	1.036621	0.755371	198.503817	46.679389	-25.305344	10.338576
-0.145508	1.027832	0.904053	123.122137	30.175573	-13.671756	10.348901
-0.078857	1.134521	1.171143	17.480916	-7.786260	-19.297710	10.359159
0.159424	1.823730	1.380371	-214.755725	31.702290	34.786260	10.369836
0.094482	1.860840	1.560303	-250.137405	-82.190840	22.206107	10.379742
-0.145508	1.999939	1.184570	-250.137405	-193.358779	178.984733	10.389391
-0.104980	1.440918	0.823486	-250.137405	-210.106870	197.366412	10.400296
-0.129395	0.687744	1.049805	-250.137405	-214.412214	244.671756	10.410849
0.002930	0.679932	1.010498	-250.137405	-250.137405	242.000000	10.421143
0.296631	0.010254	0.646240	-250.137405	-217.580153	250.129771	10.433867
0.215820	0.291260	0.463623	-250.137405	-197.221374	182.137405	10.444410
0.333252	0.417725	0.411865	-250.137405	-150.221374	198.557252	10.454059
0.320312	0.556641	0.331055	-250.137405	-138.633588	202.549618	10.463775
0.362305	0.352783	0.115479	-250.137405	-115.679389	228.358779	10.474820
0.355957	0.058350	-0.156982	-250.137405	-67.099237	223.503817	10.485059
-0.244629	-0.494141	-0.097656	-250.137405	-111.519084	250.129771	10.495111
0.265869	-0.645264	-0.305176	-250.137405	-26.519084	222.534351	10.505869
0.288086	-1.156494	-0.046387	-250.137405	24.076336	135.770992	10.516031
0.340332	-1.202881	0.303711	-250.137405	49.343511	55.824427	10.526360
0.415527	-0.875977	0.535889	-193.633588	54.465649	0.427481	10.536789
0.350342	-0.496094	0.639648	-107.770992	49.282443	-8.213740	10.547107
0.316406	-0.444336	0.726074	-82.648855	43.824427	-12.122137	10.557255
0.318359	-0.429688	0.834961	-66.610687	39.007634	-13.900763	10.567700
0.387939	-0.396240	0.808838	-57.648855	35.763359	-5.862595	10.578048
0.332275	-0.392090	0.811279	-24.404580	38.832061	-6.251908	10.588526
0.250000	-0.359375	0.764160	13.061069	14.511450	-6.801527	10.598952
0.303467	-0.295166	0.731445	29.221374	26.648855	9.633588	10.609216
0.278809	-0.407227	0.789062	60.595420	34.809160	11.458015	10.619812
0.283691	-0.526855	0.828125	108.259542	33.099237	-8.801527	10.630286
0.564941	-0.032227	0.672119	227.282443	31.847328	29.763359	10.641017
0.217529	-0.175293	0.666016	250.129771	45.519084	-29.000000	10.651432
0.499756	-0.045410	0.525391	250.129771	69.167939	-30.175573	10.662251
0.319580	-0.093262	0.545654	250.129771	88.587786	-20.862595	10.673750
0.285889	-0.144043	0.626709	250.129771	100.366412	-24.893130	10.684582
0.066650	-0.014160	0.659180	250.129771	103.816794	-72.335878	10.695028
0.372070	-0.010742	0.597168	250.129771	121.854962	-27.213740	10.705210
0.060059	0.116943	0.901855	250.129771	115.267176	-53.854962	10.715436
0.428467	0.283691	1.032227	250.129771	117.816794	-122.938931	10.726086
0.165283	-0.186035	1.219727	250.129771	107.267176	-116.061069	10.736231
0.351318	0.257568	1.246582	250.129771	64.282443	-98.076336	10.746627
0.171387	0.260986	1.049072	250.129771	36.145038	-130.236641	10.757282
0.158447	0.557129	0.844238	250.129771	97.511450	-159.755725	10.767753
0.240234	0.671387	0.845703	250.129771	110.190840	-146.129771	10.777977
0.116699	0.542480	0.993408	250.129771	66.465649	-104.847328	10.788312
0.273926	0.317627	1.153076	219.633588	96.648855	-121.396947	10.799104
0.032227	0.688721	1.448242	50.419847	18.007634	-99.664122	10.810070
0.074463	0.855225	1.456299	-59.076336	-30.259542	-59.145038	10.820542
0.070312	0.908203	1.591064	-180.351145	-68.625954	-36.694656	10.830913
0.207520	1.119629	1.473633	-250.137405	-106.198473	-1.045802	10.841411
0.061768	1.175049	1.360107	-250.137405	-131.229008	46.656489	10.851967
0.218994	1.158936	1.051025	-250.137405	-185.992366	117.870229	10.861976
0.223145	0.920166	0.620361	-250.137405	-175.717557	163.236641	10.872749
0.221436	0.443359	0.843750	-250.137405	-150.778626	186.129771	10.882754
-0.068604	0.820801	-0.283447	-250.137405	-160.580153	225.198473	10.893503
-0.039795	-0.148193	0.004150	-250.137405	-159.038168	164.694656	10.903729
0.415283	-0.999512	0.306396	-203.603053	-136.297710	172.870229	10.913239
0.563721	-1.637939	0.536865	17.519084	-16.885496	48.534351	10.923183
0.349609	0.149414	0.785645	-59.603053	-33.938931	18.816794	10.932704
0.148438	0.168945	0.445557	-250.137405	-63.045802	69.755725	10.942284
0.410400	0.239014	0.253174	-250.137405	-5.839695	130.526718	10.953942
0.186523	-0.249268	0.469727	-250.137405	-1.870229	171.954198	10.964037
0.148682	-0.700195	0.509033	-250.137405	-15.755725	150.030534	10.974006
0.197021	-1.030518	0.490967	-250.137405	-18.190840	67.099237	10.983443
0.073730	-1.570801	0.449463	-212.122137	17.877863	25.610687	10.994740
0.093506	-1.408203	0.562012	-95.900763	48.961832	-41.748092	11.004711
0.198242	-1.008545	0.618896	-33.030534	86.534351	-77.091603	11.014759
0.146973	-0.865479	0.670898	19.816794	110.809160	-101.503817	11.025698
0.177002	-0.856934	0.700684	58.404580	118.977099	-127.038168	11.035996
0.163330	-0.628174	0.613770	117.297710	119.778626	-154.862595	11.046587
0.140625	-0.295166	0.520508	179.343511	134.030534	-172.030534	11.057157
0.152100	-0.029053	0.553467	250.129771	160.755725	-178.954198	11.066823
0.082275	0.203125	0.718750	250.129771	173.564885	-166.137405	11.077717
0.033203	-1.197510	0.936279	250.129771	136.694656	-115.900763	11.087592
0.061768	1.319824	1.210938	250.129771	196.213740	-192.740458	11.097796
-0.273193	-0.333496	1.234619	250.129771	127.885496	-193.564885	11.107220
0.204834	0.372803	0.633545	250.129771	153.450382	-131.053435	11.117488
-0.984863	0.891602	0.742188	250.129771	102.435115	-64.824427	11.128184
0.342529	0.950684	0.299072	250.129771	105.664122	-133.541985	11.138625
0.092285	0.866211	0.454590	250.129771	156.801527	-128.175573	11.149126
-0.237793	1.030273	0.746582	250.129771	177.198473	-117.450382	11.159570
-0.167480	1.122559	0.971436	250.129771	164.099237	-100.770992	11.169204
-0.206055	1.240967	1.167480	250.129771	157.038168	-44.366412	11.179765
-0.280029	0.937256	1.562500	250.129771	134.618321	-27.557252	11.189925
-0.068115	0.947754	1.628418	160.977099	44.961832	-21.633588	11.200624
-0.091553	0.807129	1.448975	96.145038	17.847328	-6.015267	11.210932
0.044922	1.234863	1.269775	-25.694656	-52.870229	43.374046	11.221003
-0.059082	1.095703	1.083252	-56.022901	-75.549618	91.763359	11.230689
0.006348	1.013428	0.947266	-89.648855	-79.206107	141.488550	11.241497
-0.118896	0.996094	0.916748	-212.603053	-110.389313	169.351145	11.251998
-0.024170	0.877686	0.764893	-250.137405	-121.320611	187.137405	11.262325
-0.067383	1.330322	0.857910	-250.137405	-104.259542	224.473282	11.272992
-0.094971	0.672119	0.489502	-250.137405	-98.961832	218.106870	11.282877
0.106201	0.066650	0.681152	-250.137405	-72.580153	218.427481	11.293333
0.230957	0.369873	0.967041	-250.137405	-77.030534	239.839695	11.303866
0.270996	0.332275	0.875488	-250.137405	-111.679389	217.343511	11.314283
0.354736	0.334473	0.645264	-250.137405	-126.450382	244.427481	11.324392
0.222900	0.329346	0.379883	-250.137405	-130.610687	250.129771	11.334969
0.151855	0.103516	0.148193	-250.137405	-121.503817	250.129771	11.345455
0.112305	-0.384521	-0.005127	-250.137405	-98.732824	250.129771	11.356020
0.357422	-0.753906	-0.162354	-250.137405	-46.687023	232.862595	11.366405
0.167725	-1.234619	-0.061279	-250.137405	8.221374	177.167939	11.376582
0.046387	-1.408936	0.300781	-250.137405	48.832061	84.885496	11.387534
0.099609	-1.470459	0.670898	-250.137405	79.190840	3.297710	11.397939
0.242676	-1.148682	1.059326	-173.282443	68.427481	-60.839695	11.408520
0.235107	-1.004639	1.193359	-102.717557	57.870229	-106.145038	11.418321
0.159180	-0.743164	1.205078	-51.625954	43.580153	-127.160305	11.428682
0.240479	-0.320068	1.200684	-4.793893	31.595420	-130.969466	11.439387
0.245605	-0.062988	1.092773	0.251908	16.282443	-114.656489	11.449894
0.268066	0.137695	0.969971	9.343511	5.030534	-73.183206	11.459985
0.302002	0.083740	0.855957	4.625954	-0.587786	-28.175573	11.470337
0.313232	-0.069336	0.807129	20.610687	1.167939	0.106870	11.480527
0.227051	-0.303955	0.789062	68.068702	-0.862595	13.129771	11.491169
0.239014	-0.410889	0.703125	129.328244	-3.961832	-4.778626	11.501572
0.290283	-0.421875	0.664551	211.580153	16.061069	-18.763359	11.511365
0.310547	-0.385254	0.689941	250.129771	39.534351	-39.045802	11.521021
0.258057	-0.322754	0.728760	250.129771	50.213740	-65.755725	11.530477
0.292236	-0.199463	0.714600	250.129771	71.580153	-78.519084	11.540617
0.238037	-0.050537	0.798096	250.129771	81.328244	-76.503817	11.550590
0.190918	0.038818	0.784668	250.129771	95.526718	-85.114504	11.562594
0.168213	0.067383	0.869873	250.129771	107.435115	-104.007634	11.572484
-0.493408	-1.277832	0.981934	250.129771	96.572519	-31.068702	11.582645
0.570068	0.179932	0.746582	250.129771	47.793893	-145.213740	11.593469
0.113525	0.235352	0.754395	250.129771	89.045802	-141.000000	11.603499
0.179932	0.447998	0.644775	250.129771	107.824427	-164.656489	11.613913
0.233643	0.506592	0.803711	250.129771	123.809160	-145.793893	11.623639
0.139160	0.572754	0.890869	250.129771	102.129771	-134.862595	11.633880
-0.127197	0.532715	1.653809	64.816794	169.213740	-120.267176	11.644668
0.103027	1.624756	1.885254	6.503817	1.038168	-65.404580	11.654882
0.119629	1.557129	1.703125	-83.526718	-93.786260	-27.061069	11.665001
0.100586	1.582764	1.681885	-155.160305	-130.244275	51.244275	11.675314
0.110352	1.306396	1.483887	-250.137405	-169.618321	113.809160	11.685461
-0.569336	0.930908	1.053223	-250.137405	-239.480916	195.076336	11.696271
0.031982	0.887451	0.518799	-250.137405	-184.465649	199.740458	11.706373
-0.217529	-0.207764	0.588379	-250.137405	-247.335878	192.961832	11.716642
0.484131	0.689453	0.534424	-119.259542	-244.030534	190.236641	11.726821
0.181641	0.436279	0.238770	-250.137405	-186.496183	194.564885	11.736678
0.161377	0.681152	-0.013184	-250.137405	-155.404580	161.083969	11.746409
0.352295	0.219482	-0.100830	-250.137405	-104.694656	213.480916	11.757724
0.421875	0.122070	-0.084229	-250.137405	-55.916031	224.061069	11.768098
0.309814	-0.072998	0.061035	-250.137405	-13.274809	235.030534	11.778428
0.261719	-0.508545	0.247314	-250.137405	6.366412	233.106870	11.788631
0.377686	-0.995361	0.560059	-250.137405	-27.152672	197.404580	11.799106
0.284180	-1.278564	0.536133	-250.137405	-43.832061	148.580153	11.808603
0.211182	-1.365967	0.652344	-250.137405	-12.648855	78.389313	11.818100
0.256104	-1.509766	0.614502	-250.137405	15.206107	1.702290	11.827585
0.267822	-1.379639	0.633057	-250.137405	34.000000	-67.618321	11.837000
0.336914	-0.887939	0.613525	-182.091603	49.862595	-118.816794	11.847200
0.291260	-0.593506	0.604980	-112.549618	83.580153	-118.923664	11.857428
0.204102	-0.254395	0.584717	-15.977099	63.206107	-121.656489	11.869501
0.275146	-0.325684	0.479248	66.229008	73.839695	-150.381679	11.879839
0.177002	-0.844482	0.516113	149.916031	105.717557	-146.030534	11.889577
0.251465	0.113525	0.490967	241.206107	133.106870	-113.763359	11.900310
0.177002	0.177002	0.544434	250.129771	166.679389	-112.770992	11.910705
-0.070068	-0.800293	0.700684	250.129771	165.267176	-122.145038	11.921067
0.141113	0.328369	0.847168	250.129771	215.847328	-165.213740	11.931094
-0.027588	0.570068	0.851562	250.129771	199.916031	-152.603053	11.941449
0.064941	0.727783	0.802979	250.129771	135.618321	-18.519084	11.952515
0.382080	1.176514	0.986572	250.129771	176.603053	-96.312977	11.962790
-0.071045	0.875244	1.077637	250.129771	169.427481	-48.450382	11.972996
0.207764	0.782715	1.085449	250.129771	150.045802	-81.916031	11.983712
0.140869	0.784912	1.094727	250.129771	160.641221	-56.633588	11.993637
0.006836	0.456543	1.031006	250.129771	136.099237	-41.885496	12.003289
0.195801	0.148682	1.368896	250.129771	133.374046	-37.030534	12.014269
0.073730	0.340576	1.697510	199.549618	43.809160	-79.442748	12.024431
0.102051	0.506104	1.947510	-30.961832	-20.427481	-64.786260	12.034306
0.134521	0.817627	1.784912	-222.664122	-107.595420	-35.213740	12.044792
0.163574	1.097900	1.522217	-250.137405	-180.564885	-26.564885	12.055440
0.154053	1.505859	1.283936	-250.137405	-204.702290	54.526718	12.065897
0.206787	1.104492	1.058594	-250.137405	-133.969466	28.106870	12.076103
-0.206055	0.896484	1.014404	-250.137405	-193.297710	145.908397	12.086400
0.069824	0.807373	0.603516	-250.137405	-250.137405	144.610687	12.097013
0.132568	0.532715	0.389160	-250.137405	-244.908397	169.839695	12.107328
0.281738	0.402100	0.162354	-250.137405	-197.328244	173.992366	12.116803
0.224365	0.480713	-0.037842	-250.137405	-156.923664	190.137405	12.126274
0.286377	0.299072	-0.126221	-250.137405	-124.992366	199.221374	12.135950
0.363770	0.065674	-0.084717	-250.137405	-72.465649	208.496183	12.146321
0.316406	-0.197510	0.010742	-250.137405	-33.244275	203.595420	12.157822
0.302979	-0.470947	-0.033203	-250.137405	-2.183206	190.229008	12.168111
0.292480	-0.487793	-0.012451	-250.137405	33.618321	168.030534	12.178068
0.293701	-0.482666	0.235840	-239.908397	55.656489	150.160305	12.187573
0.075439	-2.000000	0.688965	-216.267176	51.961832	53.229008	12.198371
0.381348	-1.134277	0.643555	-48.938931	66.549618	25.580153	12.208631
-0.022949	-1.138428	0.606201	-14.595420	72.687023	-91.244275	12.219205
0.335449	-0.160645	0.419922	5.427481	125.022901	-56.480916	12.229497
0.390625	-0.303223	0.515625	179.977099	137.473282	-101.145038	12.239777
0.122803	0.093018	0.748291	212.748092	183.007634	-111.145038	12.250391
0.238281	0.159424	0.837646	250.129771	199.870229	-151.221374	12.260983
-0.244141	0.292725	1.167480	250.129771	176.122137	-120.725191	12.271072
0.361084	0.703613	0.976562	250.129771	191.297710	-138.816794	12.281707
0.120605	0.686768	1.203857	250.129771	165.099237	-103.877863	12.291791
0.668457	0.570801	1.107178	250.129771	186.106870	-159.435115	12.301724
0.100342	0.793945	1.621094	250.129771	48.083969	-125.786260	12.312608
0.283203	0.483398	1.131836	250.129771	29.778626	-44.687023	12.322810
0.140137	0.664062	0.911621	250.129771	30.175573	-50.267176	12.332995
0.402100	0.344238	0.913330	250.129771	96.870229	-109.725191	12.343309
0.015381	0.578369	0.993164	250.129771	89.282443	-96.190840	12.353650
-0.021484	0.615234	1.095215	152.145038	42.450382	-35.213740	12.363704
0.066650	0.454346	1.478516	60.007634	24.961832	-25.679389	12.373088
0.047363	0.537598	1.786377	-90.427481	-29.480916	-37.572519	12.382517
0.060303	1.012939	1.765137	-250.137405	-107.717557	-17.847328	12.392501
0.139160	1.546631	1.374756	-250.137405	-172.885496	51.206107	12.404007
0.082031	1.639160	0.901367	-250.137405	-183.687023	144.190840	12.414506
-0.038818	1.438232	0.596436	-250.137405	-193.839695	155.839695	12.426252
0.190430	0.856201	0.849121	-250.137405	-233.572519	172.618321	12.437696
-0.046631	0.199219	0.473877	-250.137405	-209.824427	220.320611	12.448785
0.213623	0.195068	0.250732	-250.137405	-164.450382	167.969466	12.458838
0.359131	-0.027100	0.194092	-250.137405	-123.061069	176.664122	12.469320
0.332031	0.002686	0.223145	-250.137405	-102.526718	169.618321	12.479395
0.355469	0.122559	0.138428	-250.137405	-71.038168	175.282443	12.489144
0.278320	-0.143066	-0.043945	-250.137405	-48.763359	186.465649	12.499465
0.303467	-0.297607	-0.046875	-250.137405	-6.045802	194.526718	12.510219
0.175293	-0.496826	0.151367	-227.465649	12.793893	181.320611	12.520444
0.115234	-0.880615	0.531982	-205.267176	-4.366412	148.648855	12.531053
0.173340	-0.932617	0.687256	-141.282443	-13.175573	114.076336	12.541101
0.651855	-1.871094	0.966553	65.603053	-20.190840	139.396947	12.551808
-0.570068	-1.242432	0.986328	-48.381679	47.030534	-16.969466	12.562933
0.409180	-0.814941	0.939209	55.946565	43.603053	-89.580153	12.573170
0.264648	-0.660889	0.916016	224.786260	48.969466	-113.099237	12.584045
0.572998	0.712158	0.735352	250.129771	90.938931	-161.007634	12.594617
-0.916016	-0.067627	0.732910	250.129771	87.709924	-250.137405	12.604716
0.063477	-0.205566	0.760986	250.129771	81.633588	-211.541985	12.615150
0.302246	0.302734	0.854248	250.129771	84.274809	-195.908397	12.625389
0.201660	0.375000	1.007568	250.129771	75.732824	-209.488550	12.635564
-0.146729	1.131836	1.647217	250.129771	173.763359	-75.549618	12.645501
1.000244	0.806641	0.570801	250.129771	57.793893	-203.312977	12.656126
0.139160	0.608398	0.683105	250.129771	103.351145	-132.618321	12.666725
0.027344	0.687256	0.862549	250.129771	93.229008	-148.534351	12.677064
0.049805	0.723145	1.053711	241.526718	95.992366	-115.022901	12.687515
0.066895	0.833984	1.424805	103.412214	95.358779	-82.931298	12.698141
0.112549	1.190674	1.802490	-82.725191	35.259542	-13.625954	12.707850
0.266113	0.984131	1.964111	-192.526718	-38.862595	19.809160	12.717327
0.038086	1.606689	1.507080	-250.137405	-137.625954	153.030534	12.726768
0.212891	1.320068	1.347656	-250.137405	-179.992366	165.213740	12.736926
0.162109	1.116211	0.456055	-250.137405	-124.725191	239.221374	12.746786
0.128662	0.512695	0.424805	-250.137405	-102.145038	210.167939	12.758245
0.158936	0.149170	0.167480	-250.137405	-75.473282	203.007634	12.768661
0.157471	-0.118896	0.066895	-250.137405	-39.160305	188.854962	12.779054
0.218506	-0.310059	0.117676	-250.137405	-7.167939	163.603053	12.789415
0.245850	-0.425781	0.187744	-185.854962	22.816794	138.183206	12.799770
0.270752	-0.433838	0.197754	-135.320611	51.122137	132.267176	12.810100
0.252441	-0.478516	0.250732	-104.717557	88.282443	116.114504	12.820497
0.280762	-0.567627	0.385742	-104.625954	116.793893	104.618321	12.830883
0.266846	-0.643066	0.554688	-109.763359	124.335878	81.816794	12.841158
0.169189	-0.786865	0.593506	-165.076336	132.404580	43.946565	12.851219
0.131592	-1.054932	0.699219	-209.954198	132.458015	3.229008	12.861510
-0.017578	-0.927002	0.786865	-250.137405	136.465649	0.633588	12.872011
0.096191	-0.847656	0.758057	-250.137405	136.862595	-56.022901	12.882611
0.088379	-0.911133	0.790039	-250.137405	141.793893	-76.412214	12.893419
-0.000977	-0.877197	0.703125	-250.137405	149.366412	-104.587786	12.903783
0.000000	-0.820312	0.561279	-250.137405	162.061069	-131.083969	12.914158
-0.082520	-0.748291	0.461914	-250.137405	176.770992	-141.984733	12.924700
-0.154053	-0.519043	0.434814	-250.137405	190.022901	-159.198473	12.935023
-0.260498	-0.409668	0.701904	-250.137405	203.648855	-145.366412	12.945464
-0.222412	-0.319824	1.304443	-214.549618	196.152672	-102.763359	12.955565
-0.157227	-0.398438	1.704102	-112.572519	167.312977	-55.160305	12.966136
-0.089111	-0.692627	1.999939	-64.473282	114.458015	-29.488550	12.976549
-0.165771	-0.895020	1.832031	-73.603053	48.419847	-37.366412	12.987050
-0.186523	-0.740479	1.411621	-80.030534	4.022901	-45.419847	12.997774
-0.192139	-0.640625	1.122070	-75.687023	-9.022901	-33.977099	13.007396
-0.151123	-0.648193	0.948975	-74.900763	-10.595420	-21.839695	13.017021
-0.093750	-0.691895	0.840332	-81.091603	-6.641221	-15.931298	13.027142
-0.060547	-0.789551	0.791748	-95.145038	-15.015267	-17.763359	13.037989
-0.051514	-0.798584	0.714600	-79.931298	-22.786260	-14.290076	13.048798
-0.026611	-0.786865	0.627686	-55.167939	-23.793893	-10.068702	13.058792
0.013672	-0.791504	0.544922	-29.793893	-18.885496	2.160305	13.069019
0.019775	-0.864746	0.529053	-12.091603	-11.251908	-9.122137	13.079219
-0.028564	-0.862793	0.528076	13.442748	-6.534351	0.000000	13.089477
0.028076	-0.903320	0.541016	91.274809	2.114504	10.351145	13.099760
-0.039795	-0.922363	0.624756	161.534351	-1.618321	-10.236641	13.110291
-0.094482	-0.969238	0.814941	207.824427	-16.748092	-24.381679	13.120126
-0.016357	-0.899658	0.944336	250.129771	-33.496183	-44.694656	13.129674
0.031738	-0.833008	1.021729	250.129771	-42.778626	-42.083969	13.141119
0.066162	-0.813721	0.991943	250.129771	-58.816794	-36.908397	13.151843
0.106934	-0.577881	0.869873	250.129771	-72.114504	-36.274809	13.162368
0.133545	-0.444580	0.689697	250.129771	-76.221374	-38.656489	13.172770
0.034912	-0.433105	0.605957	250.129771	-71.610687	-52.564885	13.184053
0.132080	-0.217529	0.427734	250.129771	-59.427481	-35.847328	13.194370
0.171387	-0.164551	0.497070	250.129771	-42.740458	-61.251908	13.204660
0.168213	-0.245850	0.599121	250.129771	-39.167939	-67.305344	13.214819
0.186768	-0.112549	0.568848	250.129771	-30.160305	-78.900763	13.225326
0.172363	0.007568	0.562256	250.129771	-19.885496	-88.564885	13.235690
0.208740	0.088379	0.570801	250.129771	-9.595420	-85.946565	13.246093
0.254150	0.226807	0.421143	250.129771	6.183206	-83.137405	13.256531
0.234375	0.399658	0.254639	250.129771	21.480916	-81.450382	13.266678
0.221924	0.592041	0.216797	250.129771	46.717557	-61.900763	13.276973
0.199707	0.618896	0.248291	250.129771	72.977099	-42.961832	13.287267
0.259766	0.656250	0.349121	250.129771	89.061069	-18.618321	13.297688
0.156982	0.606689	0.436768	250.129771	105.946565	-26.251908	13.308323
0.111816	0.627197	0.479980	250.129771	119.091603	-17.977099	13.318102
0.010254	0.733643	0.514404	250.129771	134.557252	-4.129771	13.328788
-0.081055	0.884033	0.587891	197.694656	151.549618	17.656489	13.339205
-0.207520	0.787598	0.841064	138.007634	174.969466	30.618321	13.349835
-0.321533	0.678467	1.060547	21.381679	169.961832	41.137405	13.360027
-0.154053	0.593750	1.166504	-44.061069	183.213740	25.625954	13.370491
-0.296387	0.567871	1.486084	-106.229008	111.732824	42.282443	13.380951
-0.234375	0.737793	1.577148	-146.748092	46.992366	68.229008	13.391051
-0.209717	0.424072	1.592041	-250.137405	-34.656489	112.022901	13.401775
0.027100	0.663818	1.406494	-250.137405	-82.236641	115.549618	13.411807
-0.036377	0.605225	1.235352	-250.137405	-102.801527	127.374046	13.421812
-0.074219	0.683838	1.117920	-250.137405	-115.977099	147.801527	13.432151
-0.062256	0.378906	0.976074	-250.137405	-105.106870	187.312977	13.442815
0.198975	-0.002686	0.952393	-250.137405	-86.099237	200.351145	13.453303
0.012695	-0.239746	0.941895	-250.137405	-110.038168	188.083969	13.463388
0.080566	-0.584473	0.766602	-250.137405	-107.977099	154.381679	13.474177
0.057129	-0.768311	0.515625	-250.137405	-84.954198	105.557252	13.484699
0.095947	-0.856201	0.385498	-250.137405	-58.213740	47.480916	13.495276
0.109863	-0.989014	0.353271	-250.137405	-8.160305	4.923664	13.505733
0.098633	-1.043945	0.531982	-250.137405	34.702290	-49.847328	13.516054
0.120361	-1.091064	0.756592	-167.725191	67.587786	-106.175573	13.526091
0.120605	-0.777832	0.924316	-52.282443	84.656489	-145.893130	13.536771
0.090820	-0.360352	0.943848	17.427481	85.213740	-157.404580	13.547356
0.062012	-0.070801	0.874268	59.816794	83.549618	-140.030534	13.557798
0.006592	0.118896	0.806152	74.267176	75.152672	-114.106870	13.567772
-0.019531	0.201172	0.783691	80.984733	66.809160	-88.961832	13.577408
0.046631	0.286133	0.832031	66.755725	43.030534	-68.877863	13.588118
0.097656	0.301025	0.911133	37.450382	32.206107	-32.755725	13.598877
0.096924	0.194580	0.928711	5.557252	8.229008	-3.251908	13.609318
0.098145	-0.007324	0.841553	-26.366412	-8.778626	8.045802	13.619733
-0.771240	-0.256348	0.646729	250.129771	26.923664	-209.374046	13.630211
0.106201	-0.170898	0.781494	101.206107	15.381679	-19.305344	13.640763
0.215088	0.120117	0.769287	52.396947	-8.633588	-31.885496	13.650793
0.141113	-0.137451	0.719238	74.083969	21.122137	-11.664122	13.660642
0.141113	-0.367920	0.800781	82.221374	13.465649	-22.045802	13.670123
0.205322	-0.309082	0.819824	-11.633588	22.137405	-24.969466	13.681237
0.182373	-0.387451	0.820068	-42.358779	39.328244	-36.709924	13.691544
0.206543	-0.361816	0.874756	-27.862595	42.984733	-43.213740	13.702019
0.223877	-0.453125	0.858398	1.679389	32.458015	-56.801527	13.712728
0.176758	-0.368896	0.792725	41.564885	26.740458	-73.923664	13.723000
0.146729	-0.251709	0.637695	60.442748	32.587786	-77.854962	13.733215
0.016357	-0.165527	0.557129	91.328244	55.786260	-80.587786	13.743762
-0.061523	-0.072021	0.718750	135.244275	88.267176	-81.984733	13.754857
-0.037598	-0.206299	1.558838	200.038168	111.175573	-98.511450	13.765862
