-0.352051	0.685303	0.707275	95.656489	-6.274809	-19.328244	0.006509
-0.329834	0.804199	0.678711	82.511450	0.969466	-9.045802	0.016371
-0.315674	0.896973	0.642822	58.839695	9.030534	-1.656489	0.026187
-0.347412	0.938721	0.666016	25.847328	11.732824	2.221374	0.035497
-0.389893	0.910889	0.683594	-10.198473	13.641221	5.511450	0.045175
-0.394043	0.803223	0.716309	-36.603053	14.480916	7.946565	0.054725
-0.399902	0.666260	0.746338	-48.717557	17.183206	10.496183	0.064253
-0.399170	0.666504	0.762207	-56.900763	18.916031	19.465649	0.073685
-0.415283	0.567871	0.820068	-65.702290	18.076336	29.870229	0.083454
-0.435059	0.434326	0.892822	-76.167939	16.511450	34.496183	0.092900
-0.489258	0.291992	0.984375	-81.793893	13.351145	33.259542	0.102418
-0.507080	0.181396	1.057617	-85.984733	7.709924	29.519084	0.112010
-0.511719	0.079346	1.105225	-81.015267	3.969466	25.190840	0.121502
-0.513184	-0.017090	1.144287	-73.801527	1.206107	18.167939	0.131014
-0.543457	-0.100586	1.180176	-64.206107	-3.229008	8.374046	0.139941
-0.542236	-0.159668	1.187988	-51.122137	-10.267176	-4.274809	0.148696
-0.520996	-0.192627	1.169189	-35.870229	-18.152672	-17.267176	0.157057
-0.489258	-0.178467	1.130371	-18.068702	-24.374046	-28.404580	0.165372
-0.447021	-0.134277	1.064941	3.297710	-27.656489	-36.526718	0.173646
-0.389893	-0.011475	0.960449	30.778626	-27.389313	-40.480916	0.183970
-0.350342	0.093506	0.885742	55.923664	-23.290076	-40.442748	0.193615
-0.342529	0.224365	0.832764	76.068702	-16.511450	-39.099237	0.203112
-0.347656	0.348633	0.790283	89.000000	-11.480916	-36.847328	0.212860
-0.341553	0.491455	0.764404	95.961832	-6.282443	-32.786260	0.222432
-0.344482	0.632568	0.729492	94.541985	-2.954198	-25.267176	0.232085
-0.336914	0.756592	0.700195	85.175573	0.641221	-15.328244	0.241345
-0.327881	0.868652	0.668945	70.129771	4.312977	-3.244275	0.251070
-0.344482	0.922607	0.660400	41.984733	8.847328	7.732824	0.260638
-0.391113	0.904053	0.689697	11.106870	11.877863	14.870229	0.270358
-0.426025	0.831055	0.724854	-16.984733	11.671756	18.137405	0.280112
-0.430176	0.717773	0.742676	-36.877863	11.679389	19.610687	0.289821
-0.422119	0.609619	0.767822	-48.595420	12.389313	22.534351	0.299032
-0.463379	0.579834	0.845947	-59.748092	11.633588	28.038168	0.308616
-0.474365	0.449463	0.909180	-68.473282	8.725191	30.633588	0.318320
-0.457275	0.343750	0.949707	-78.328244	5.664122	29.015267	0.327961
-0.439697	0.242676	0.983643	-84.664122	4.541985	26.312977	0.337638
-0.436035	0.151611	1.031982	-86.412214	4.000000	24.450382	0.347037
-0.449707	0.031494	1.085938	-83.580153	4.671756	21.732824	0.356414
-0.483154	-0.060059	1.135498	-74.061069	3.793893	15.992366	0.366033
-0.497314	-0.157471	1.179932	-59.778626	0.969466	5.488550	0.375733
-0.515869	-0.210205	1.183838	-41.007634	-4.603053	-8.633588	0.385352
-0.503174	-0.221191	1.145508	-15.778626	-10.343511	-22.610687	0.394880
-0.475830	-0.168457	1.089844	8.129771	-15.679389	-33.961832	0.404550
-0.420166	0.007568	1.008545	31.015267	-19.328244	-40.068702	0.413904
-0.383301	0.081787	0.928955	51.610687	-16.496183	-42.236641	0.423668
-0.368652	0.208496	0.872559	65.503817	-14.007634	-42.549618	0.433336
-0.382080	0.315918	0.843018	76.450382	-10.664122	-41.282443	0.442800
-0.381836	0.448242	0.805420	82.297710	-8.213740	-38.541985	0.452258
-0.371582	0.560059	0.754883	84.877863	-5.045802	-33.641221	0.461783
-0.353760	0.700195	0.712402	82.221374	-1.137405	-24.854962	0.471423
-0.349365	0.802246	0.679932	73.404580	2.694656	-14.068702	0.480860
-0.346680	0.906006	0.668945	51.076336	7.564885	0.969466	0.492528
-0.351562	0.915771	0.667480	24.580153	11.450382	10.732824	0.502004
-0.359619	0.884521	0.680664	-2.671756	13.854962	16.519084	0.511523
-0.367432	0.784180	0.684326	-28.053435	15.671756	19.412214	0.521227
-0.386230	0.676514	0.717285	-42.267176	18.137405	21.587786	0.531019
-0.437500	0.646240	0.811523	-55.244275	18.595420	25.633588	0.540340
-0.443604	0.522949	0.856445	-67.412214	18.206107	29.244275	0.549473
-0.450439	0.404541	0.914551	-75.381679	18.580153	30.641221	0.559307
-0.472412	0.282227	0.991943	-78.732824	16.816794	30.229008	0.569149
-0.484375	0.187988	1.040283	-76.465649	13.923664	30.709924	0.578508
-0.508057	0.091064	1.094727	-71.725191	10.679389	29.213740	0.588369
-0.543945	-0.045898	1.174316	-60.938931	6.251908	22.312977	0.598551
-0.573730	-0.114746	1.213867	-47.496183	-1.068702	11.015267	0.607685
-0.561035	-0.149658	1.205566	-30.648855	-9.671756	-3.633588	0.617559
-0.516846	-0.145264	1.135254	-9.053435	-19.290076	-19.396947	0.628516
-0.476807	-0.085449	1.082031	13.992366	-24.824427	-30.702290	0.638682
-0.419922	0.078613	0.990967	31.374046	-27.244275	-35.190840	0.648993
-0.363525	0.140625	0.891357	48.725191	-22.862595	-36.374046	0.659762
-0.352051	0.224609	0.836670	61.236641	-17.801527	-36.664122	0.669845
-0.362549	0.337891	0.792480	74.854962	-12.496183	-35.610687	0.680596
-0.365234	0.487305	0.749268	88.076336	-7.236641	-32.068702	0.691212
-0.373535	0.660889	0.704102	95.038168	-4.015267	-24.458015	0.701463
-0.345215	0.837891	0.668457	89.893130	0.213740	-11.091603	0.712136
-0.317627	0.967773	0.622070	70.061069	4.870229	4.366412	0.722255
-0.326172	1.012695	0.614746	31.351145	10.564885	16.335878	0.732807
-0.334717	0.961914	0.622803	-9.679389	15.106870	23.053435	0.743031
-0.350830	0.802979	0.654785	-37.320611	17.541985	25.580153	0.752634
-0.409424	0.710449	0.748535	-58.030534	21.290076	27.839695	0.763601
-0.436279	0.585449	0.807373	-72.541985	20.007634	33.702290	0.773335
-0.465820	0.441895	0.885498	-85.816794	18.900763	36.908397	0.783073
-0.477051	0.303467	0.937744	-94.969466	16.885496	34.381679	0.792465
-0.504395	0.150391	1.040527	-98.717557	13.648855	29.175573	0.803574
-0.543457	0.014893	1.156250	-97.419847	8.832061	25.061069	0.814060
-0.568848	-0.109131	1.210693	-83.061069	1.786260	21.435115	0.824370
-0.574219	-0.222656	1.238281	-62.977099	-4.511450	7.893130	0.834913
-0.552979	-0.294434	1.218750	-41.610687	-11.938931	-8.885496	0.845731
-0.522705	-0.323242	1.165039	-15.038168	-18.977099	-27.732824	0.855830
-0.478271	-0.259521	1.102051	18.625954	-22.977099	-42.175573	0.866110
-0.425049	-0.098389	0.977539	48.091603	-26.458015	-48.267176	0.875727
-0.375977	0.030518	0.875977	77.832061	-22.175573	-50.183206	0.886058
-0.361816	0.169922	0.798096	99.343511	-16.694656	-51.893130	0.895880
-0.381348	0.369629	0.767822	119.221374	-8.526718	-51.389313	0.907317
-0.395020	0.575195	0.724854	130.885496	-3.618321	-45.358779	0.917102
-0.372803	0.807129	0.668945	130.465649	1.954198	-30.564885	0.927776
-0.344971	1.000977	0.611084	113.022901	6.160305	-12.770992	0.938404
-0.326660	1.107910	0.570801	74.954198	10.167939	2.114504	0.948711
-0.349854	1.119629	0.581055	31.389313	13.389313	10.549618	0.958815
-0.370117	1.055908	0.617920	-16.412214	13.778626	15.847328	0.969149
-0.359619	0.852295	0.601807	-49.167939	14.335878	18.282443	0.979599
-0.362305	0.807373	0.633545	-66.625954	19.931298	21.496183	0.989851
-0.396973	0.639404	0.710449	-90.167939	21.534351	31.290076	1.000099
-0.453857	0.457275	0.809814	-100.839695	21.709924	33.282443	1.010374
-0.468750	0.318115	0.916748	-107.328244	19.870229	32.229008	1.020383
-0.482666	0.185059	1.010742	-104.770992	16.435115	31.809160	1.030857
-0.506592	0.044678	1.095703	-97.236641	13.320611	31.007634	1.041631
-0.531006	-0.068115	1.168945	-85.312977	8.854962	26.755725	1.051335
-0.561768	-0.178711	1.236572	-70.580153	4.190840	17.152672	1.061605
-0.579102	-0.258057	1.284180	-47.946565	-4.435115	0.954198	1.072222
-0.568359	-0.283691	1.236572	-19.770992	-15.610687	-17.160305	1.083237
-0.507324	-0.239990	1.145020	10.740458	-22.625954	-31.717557	1.093143
-0.444580	-0.018555	1.041504	38.770992	-25.946565	-38.877863	1.103730
-0.392578	0.052490	0.906494	64.061069	-23.961832	-41.183206	1.114240
-0.387939	0.186035	0.841797	82.473282	-19.862595	-43.381679	1.124173
-0.392334	0.338867	0.790283	93.908397	-14.129771	-43.969466	1.135095
-0.394043	0.503418	0.745605	103.824427	-9.488550	-42.625954	1.145637
-0.366455	0.681885	0.677246	104.480916	-4.679389	-37.076336	1.155404
-0.339355	0.843018	0.623291	94.824427	0.389313	-23.488550	1.165129
-0.307373	0.952148	0.578125	75.847328	5.946565	-9.839695	1.174681
-0.322754	1.009766	0.557861	39.961832	14.595420	4.519084	1.186463
-0.365967	0.967773	0.610107	3.389313	20.725191	12.809160	1.197195
-0.441406	0.847656	0.684570	-27.694656	22.900763	17.030534	1.208049
-0.463867	0.735107	0.718018	-43.282443	23.961832	19.610687	1.218070
-0.479248	0.636719	0.765137	-54.961832	23.961832	25.847328	1.229032
-0.507080	0.587646	0.871094	-70.320611	22.870229	31.961832	1.239540
-0.526123	0.428223	0.951660	-86.458015	18.015267	32.625954	1.249950
-0.522217	0.304688	1.015625	-98.106870	11.656489	29.839695	1.260515
-0.516602	0.189453	1.062500	-100.572519	5.038168	28.473282	1.270727
-0.505615	0.060547	1.095459	-97.732824	-0.114504	27.297710	1.281364
-0.500000	-0.062500	1.125977	-87.946565	-3.083969	22.549618	1.291846
-0.512451	-0.156738	1.151855	-72.366412	-6.335878	13.641221	1.302108
-0.520996	-0.242676	1.147949	-49.358779	-11.450382	-3.259542	1.312323
-0.514648	-0.256836	1.131348	-16.664122	-18.129771	-17.725191	1.322764
-0.476318	-0.094971	1.072021	16.015267	-22.984733	-31.801527	1.333602
-0.416992	0.018799	0.961182	38.809160	-26.526718	-33.267176	1.343782
-0.377930	0.152100	0.889160	58.931298	-23.541985	-36.908397	1.353918
-0.353271	0.289307	0.816895	72.618321	-19.282443	-36.366412	1.364124
-0.343018	0.429443	0.766113	80.442748	-12.412214	-32.709924	1.373961
-0.359131	0.563721	0.738281	80.893130	-5.778626	-26.732824	1.384234
-0.377197	0.678711	0.715820	72.465649	-0.564885	-19.236641	1.395135
-0.383301	0.771729	0.709229	58.351145	2.137405	-13.190840	1.405087
-0.374512	0.825195	0.688965	40.885496	3.648855	-7.083969	1.414545
-0.373779	0.864502	0.672119	15.526718	5.366412	0.442748	1.424274
-0.369385	0.855713	0.684814	-6.137405	11.488550	7.923664	1.434628
-0.407227	0.701416	0.693604	-29.496183	14.877863	11.862595	1.445028
-0.425293	0.619141	0.714355	-35.801527	18.435115	14.664122	1.455136
-0.450684	0.574463	0.759033	-38.809160	20.656489	20.427481	1.465311
-0.469482	0.461914	0.824951	-41.007634	21.809160	26.152672	1.475182
-0.503906	0.369141	0.936035	-40.496183	20.366412	26.335878	1.484630
-0.528076	0.313721	1.018066	-39.541985	14.488550	25.328244	1.495981
-0.517578	0.304932	1.071289	-45.320611	8.358779	27.664122	1.506245
-0.500977	0.204834	1.095215	-54.274809	3.221374	26.618321	1.516728
-0.516846	0.088623	1.153564	-60.114504	-0.870229	19.748092	1.527054
-0.532227	-0.035400	1.203125	-60.534351	-6.251908	7.992366	1.537880
-0.543213	-0.105957	1.209473	-45.244275	-14.091603	-3.053435	1.548286
-0.517578	-0.122314	1.167236	-22.343511	-22.709924	-11.938931	1.558677
-0.460205	-0.096924	1.102295	3.251908	-27.435115	-18.969466	1.568739
-0.422363	-0.013184	1.000732	28.312977	-28.091603	-23.824427	1.579094
-0.392822	0.196289	0.940674	46.290076	-28.137405	-24.473282	1.589580
-0.364258	0.240234	0.843262	61.977099	-25.381679	-24.900763	1.599790
-0.355225	0.376221	0.782959	73.595420	-20.740458	-24.511450	1.610396
-0.337402	0.522949	0.725098	76.702290	-16.030534	-21.045802	1.620796
-0.334717	0.632812	0.673340	69.916031	-10.931298	-16.847328	1.631052
-0.346680	0.705811	0.667725	54.061069	-5.114504	-12.900763	1.641688
-0.374512	0.757812	0.701904	38.992366	-2.122137	-10.198473	1.651366
-0.373779	0.800049	0.675537	14.450382	-1.251908	-4.534351	1.662099
-0.363037	0.782715	0.657959	-5.748092	2.580153	3.297710	1.672208
-0.379883	0.677002	0.683838	-19.106870	6.740458	9.687023	1.683097
-0.419434	0.631104	0.742676	-24.534351	9.755725	14.633588	1.693171
-0.446777	0.615234	0.799316	-30.916031	9.587786	21.763359	1.703238
-0.423584	0.556396	0.825439	-37.412214	9.900763	28.236641	1.714020
-0.425781	0.486084	0.866699	-45.190840	11.244275	32.038168	1.724265
-0.448730	0.378418	0.940674	-52.221374	11.450382	33.969466	1.734615
-0.475830	0.282959	1.000977	-52.839695	9.465649	34.198473	1.745371
-0.488770	0.176270	1.050781	-52.152672	5.862595	31.809160	1.755801
-0.493408	0.097168	1.067871	-45.992366	1.687023	26.000000	1.765604
-0.507080	0.023193	1.098145	-39.832061	-1.687023	16.908397	1.775279
-0.502686	-0.013184	1.119629	-27.618321	-8.083969	5.160305	1.785481
-0.471436	-0.016602	1.105469	-12.610687	-14.656489	-6.847328	1.796663
-0.419434	0.026611	1.023438	3.870229	-18.977099	-14.832061	1.807508
-0.361572	0.091309	0.968994	14.702290	-18.083969	-18.977099	1.817934
-0.344482	0.168945	0.934082	23.656489	-14.015267	-21.786260	1.829101
-0.347656	0.227051	0.895020	28.129771	-10.916031	-24.740458	1.839382
-0.352051	0.261230	0.870605	33.236641	-8.923664	-28.526718	1.849690
-0.356934	0.311279	0.834229	43.198473	-5.770992	-33.381679	1.859942
-0.378662	0.418701	0.806885	53.625954	-3.809160	-34.511450	1.870711
-0.403564	0.544678	0.775146	65.068702	-1.992366	-32.015267	1.881008
-0.409180	0.690674	0.759521	71.358779	-0.984733	-26.770992	1.890979
-0.392334	0.881104	0.710205	68.748092	0.549618	-17.496183	1.901640
-0.341064	1.051758	0.648926	49.916031	3.442748	0.450382	1.912110
-0.283936	1.096924	0.608398	16.190840	8.541985	16.221374	1.922191
-0.279785	1.038818	0.603760	-29.259542	15.916031	28.083969	1.932966
-0.306641	0.798096	0.633545	-67.137405	23.809160	31.793893	1.943297
-0.363037	0.679443	0.721924	-88.160305	31.740458	33.923664	1.953727
-0.461670	0.501465	0.883545	-105.099237	31.816794	37.236641	1.964053
-0.542969	0.356934	1.011230	-114.312977	26.343511	39.106870	1.974266
-0.574219	0.189453	1.107178	-119.213740	16.557252	37.183206	1.984613
-0.563965	0.038574	1.147705	-117.297710	4.923664	33.183206	1.995159
-0.550537	-0.083984	1.168457	-106.946565	-6.335878	28.656489	2.005511
-0.517334	-0.195068	1.157959	-92.938931	-13.190840	21.022901	2.015399
-0.475098	-0.281250	1.111572	-69.641221	-14.786260	11.137405	2.026183
-0.427246	-0.328125	1.060791	-38.526718	-12.961832	-5.503817	2.036467
-0.414307	-0.317871	1.035156	-4.671756	-9.175573	-18.870229	2.046084
-0.432129	-0.147217	1.016846	25.748092	-8.404580	-29.320611	2.055653
-0.381348	-0.072510	0.931885	46.045802	-7.038168	-35.717557	2.064853
-0.389404	0.069336	0.886475	67.290076	-2.366412	-41.312977	2.074233
-0.416748	0.207031	0.859863	81.984733	1.343511	-42.519084	2.083548
-0.425537	0.380859	0.837646	93.725191	3.167939	-38.488550	2.093791
-0.433105	0.543945	0.801514	97.534351	5.061069	-31.633588	2.104873
-0.407227	0.669678	0.752930	90.015267	6.251908	-24.679389	2.115036
-0.384521	0.773438	0.707520	70.824427	7.320611	-18.832061	2.125856
-0.392090	0.849121	0.726807	45.900763	9.251908	-12.984733	2.136420
-0.394531	0.891357	0.716064	21.633588	7.763359	-4.755725	2.146080
-0.372803	0.875977	0.702881	-4.145038	8.404580	5.007634	2.156722
-0.375488	0.744873	0.718750	-26.206107	11.435115	13.610687	2.167106
-0.382324	0.642578	0.756348	-34.015267	14.732824	18.564885	2.177261
-0.402832	0.630859	0.816895	-42.854962	17.549618	27.152672	2.187823
-0.410889	0.525635	0.876221	-57.465649	18.358779	34.404580	2.198026
-0.427734	0.392822	0.931885	-73.320611	19.610687	35.923664	2.208355
-0.474121	0.227295	1.035889	-84.458015	18.229008	32.053435	2.218851
-0.508301	0.091064	1.111816	-87.610687	13.175573	27.259542	2.229325
-0.544189	-0.045410	1.166748	-81.206107	4.977099	20.496183	2.239760
-0.558350	-0.144287	1.207764	-69.480916	-2.938931	9.862595	2.249794
-0.552246	-0.222168	1.191895	-49.099237	-12.534351	-5.465649	2.260482
-0.509521	-0.240723	1.114746	-23.503817	-20.106870	-20.572519	2.270992
-0.451416	-0.198975	1.037109	8.297710	-20.793893	-31.045802	2.280852
-0.427002	0.024658	0.981934	38.541985	-18.740458	-32.938931	2.291673
-0.401123	0.077637	0.893311	65.541985	-14.122137	-32.374046	2.301969
-0.408203	0.191895	0.853516	86.244275	-9.526718	-33.503817	2.312369
-0.437500	0.380615	0.813232	106.610687	-6.916031	-33.442748	2.322589
-0.417480	0.579590	0.754150	114.557252	-4.755725	-28.175573	2.333006
-0.378662	0.770264	0.692139	110.656489	-1.351145	-16.412214	2.343434
-0.359619	0.919189	0.655273	91.267176	2.885496	-3.984733	2.353283
-0.348145	0.983154	0.631592	60.572519	5.541985	5.503817	2.362762
-0.360840	0.953613	0.638184	20.412214	8.450382	9.206107	2.372117
-0.389160	0.888428	0.664062	-13.763359	10.190840	10.435115	2.381436
-0.404053	0.730713	0.682129	-38.213740	10.267176	10.541985	2.390852
-0.387695	0.646484	0.693359	-47.312977	14.175573	13.374046	2.401960
-0.378662	0.599854	0.755859	-54.900763	18.091603	23.877863	2.412210
-0.402832	0.506348	0.827393	-65.099237	20.152672	32.900763	2.422849
-0.429932	0.368164	0.906494	-80.190840	20.961832	35.335878	2.433082
-0.487061	0.193115	1.010742	-93.259542	19.099237	31.847328	2.444302
-0.525635	0.048828	1.113770	-93.557252	15.458015	25.603053	2.454413
-0.565430	-0.086426	1.146484	-82.251908	9.389313	17.496183	2.465236
-0.591797	-0.187256	1.190674	-66.351145	3.076336	6.015267	2.474916
-0.595947	-0.242676	1.209717	-40.122137	-7.671756	-10.748092	2.486428
-0.504150	-0.218262	1.071045	3.877863	-20.610687	-35.801527	2.501448
-0.437744	-0.046631	0.976318	32.755725	-22.022901	-44.366412	2.512032
-0.366455	0.064697	0.854736	59.106870	-18.175573	-44.916031	2.522000
-0.358154	0.236572	0.784180	85.396947	-10.786260	-41.969466	2.532505
-0.375977	0.383301	0.755859	102.343511	-4.213740	-36.450382	2.542268
-0.403076	0.571045	0.761963	109.946565	0.053435	-29.442748	2.552811
-0.415039	0.753174	0.719238	103.404580	2.236641	-20.488550	2.563284
-0.416016	0.904053	0.717041	80.251908	2.641221	-9.526718	2.573859
-0.408691	0.973389	0.689453	46.381679	3.610687	-0.152672	2.584186
-0.412842	0.953613	0.689697	8.900763	4.625954	5.770992	2.594178
-0.403320	0.831787	0.676758	-23.473282	6.366412	8.786260	2.603900
-0.395264	0.697510	0.682617	-40.137405	10.419847	9.961832	2.614023
-0.404297	0.666504	0.742188	-51.297710	13.129771	18.083969	2.624822
-0.412354	0.554932	0.779053	-61.702290	14.679389	26.473282	2.635585
-0.430420	0.422852	0.867188	-74.496183	14.916031	29.549618	2.645995
-0.462891	0.286133	0.951904	-86.809160	13.969466	28.343511	2.655594
-0.511475	0.149658	1.041992	-90.572519	11.030534	25.198473	2.665981
-0.561279	0.023926	1.121094	-86.572519	7.030534	21.305344	2.676079
-0.571045	-0.128174	1.161621	-71.343511	2.091603	13.083969	2.686685
-0.586426	-0.204346	1.182617	-49.450382	-2.740458	0.213740	2.696287
-0.588623	-0.231201	1.148926	-20.557252	-11.587786	-14.656489	2.705818
-0.523438	-0.171875	1.077393	9.167939	-17.755725	-27.595420	2.715409
-0.439941	0.029053	0.927734	36.152672	-21.725191	-33.427481	2.726762
-0.394287	0.130859	0.849365	58.526718	-17.717557	-35.625954	2.736919
-0.389404	0.248047	0.812744	75.122137	-12.473282	-36.335878	2.746643
-0.419678	0.401367	0.797607	87.809160	-7.801527	-35.175573	2.756507
-0.449463	0.580811	0.798096	93.435115	-5.404580	-30.625954	2.767484
-0.456787	0.735840	0.757812	89.091603	-5.091603	-22.931298	2.777243
-0.430664	0.896240	0.729248	69.839695	-5.503817	-11.770992	2.787794
-0.400391	0.982910	0.687256	37.274809	-5.412214	-0.511450	2.798200
-0.351562	0.986328	0.674072	-2.938931	-3.068702	8.549618	2.807967
-0.328857	0.771973	0.658936	-42.603053	3.694656	13.748092	2.818777
-0.379395	0.681885	0.759521	-57.954198	10.885496	15.893130	2.828833
-0.401611	0.529297	0.826172	-74.412214	12.923664	22.564885	2.839202
-0.427002	0.393555	0.901123	-79.832061	14.480916	26.442748	2.849698
-0.473633	0.243652	0.974854	-85.045802	14.541985	25.175573	2.859784
-0.511475	0.123779	1.056885	-82.351145	10.320611	20.916031	2.869783
-0.536133	0.012207	1.111572	-74.374046	3.427481	15.442748	2.880650
-0.548828	-0.074219	1.135742	-58.854962	-3.320611	9.145038	2.890664
-0.539551	-0.145020	1.121582	-36.702290	-9.603053	-0.480916	2.901295
-0.514648	-0.158203	1.079102	-12.160305	-14.801527	-13.022901	2.911723
-0.474854	-0.079834	1.018799	11.969466	-17.236641	-25.381679	2.921948
-0.425293	0.082520	0.939209	30.167939	-18.015267	-31.633588	2.932089
-0.400146	0.169189	0.831543	51.106870	-12.167939	-34.732824	2.942778
-0.385742	0.294922	0.787109	68.610687	-6.244275	-32.916031	2.953272
-0.406250	0.428223	0.770508	85.381679	-2.572519	-26.862595	2.962742
-0.411133	0.583740	0.742188	91.068702	0.290076	-18.435115	2.972367
-0.395752	0.718994	0.697266	84.969466	2.328244	-9.877863	2.982287
-0.384277	0.848877	0.683350	63.786260	6.267176	-1.427481	2.993380
-0.381592	0.906982	0.662598	36.717557	9.931298	6.442748	3.003525
-0.390625	0.903809	0.692139	3.236641	12.809160	13.305344	3.013188
-0.405029	0.742676	0.696045	-28.511450	14.106870	17.656489	3.023571
-0.415527	0.587158	0.743408	-43.618321	16.839695	16.480916	3.033852
-0.429199	0.569336	0.837402	-60.221374	16.900763	20.954198	3.044383
-0.447021	0.425293	0.886230	-74.992366	15.343511	26.267176	3.055148
-0.462402	0.256592	0.961426	-85.351145	14.755725	25.671756	3.066353
-0.512695	0.089844	1.049561	-87.297710	12.656489	21.366412	3.077189
-0.560303	-0.053955	1.145752	-77.305344	6.595420	14.061069	3.087804
-0.600342	-0.156494	1.199707	-58.045802	-1.656489	3.824427	3.098371
-0.607422	-0.205322	1.194580	-31.045802	-9.870229	-12.442748	3.108559
-0.549316	-0.175537	1.101318	-0.038168	-20.282443	-26.488550	3.118947
-0.495850	0.021729	1.012939	25.083969	-23.229008	-33.190840	3.129285
-0.405273	0.094238	0.880127	46.633588	-21.908397	-33.717557	3.139816
-0.396240	0.227051	0.831787	65.725191	-15.725191	-32.732824	3.149396
-0.411621	0.360840	0.800781	81.290076	-10.870229	-30.152672	3.160269
-0.420898	0.538330	0.761230	89.557252	-6.076336	-23.961832	3.170499
-0.410156	0.664062	0.736572	87.045802	-2.404580	-15.068702	3.180479
-0.390137	0.801025	0.699463	73.419847	2.022901	-4.526718	3.191241
-0.387207	0.876465	0.695801	47.152672	6.045802	5.320611	3.201762
-0.402344	0.875977	0.691406	14.526718	8.603053	10.977099	3.211748
-0.412109	0.800049	0.712158	-16.282443	9.938931	13.572519	3.221578
-0.389648	0.624756	0.728760	-36.511450	11.122137	13.229008	3.233067
-0.399414	0.602051	0.785156	-46.213740	14.580153	16.404580	3.243716
-0.412598	0.505859	0.857910	-60.358779	14.885496	22.923664	3.254037
-0.436768	0.348633	0.924561	-74.122137	14.091603	23.435115	3.264438
-0.482422	0.199463	1.012939	-83.175573	12.541985	18.465649	3.274978
-0.527832	0.066406	1.102539	-81.984733	8.099237	12.503817	3.285827
-0.578125	-0.033691	1.166504	-69.068702	1.732824	7.740458	3.296164
-0.595215	-0.112793	1.174072	-48.419847	-6.000000	-3.022901	3.306535
-0.564209	-0.152832	1.131348	-21.328244	-14.213740	-14.885496	3.316834
-0.517578	-0.100586	1.050049	6.045802	-19.167939	-24.328244	3.326499
-0.480957	0.074219	0.996094	27.816794	-21.190840	-28.740458	3.336241
-0.428955	0.113770	0.894531	44.458015	-21.213740	-29.725191	3.345658
-0.426025	0.239014	0.846680	60.961832	-16.648855	-31.213740	3.355231
-0.425781	0.387207	0.815430	78.061069	-13.549618	-30.015267	3.366513
-0.410889	0.559326	0.755859	85.687023	-10.473282	-23.503817	3.376406
-0.384766	0.710938	0.685059	82.519084	-6.351145	-12.809160	3.387087
-0.355469	0.834961	0.647949	65.725191	-0.877863	-1.572519	3.397397
-0.348633	0.891846	0.621582	36.175573	4.809160	7.083969	3.408109
-0.363770	0.881348	0.645996	2.152672	9.366412	12.038168	3.417706
-0.397705	0.760498	0.680908	-28.198473	12.259542	14.625954	3.428261
-0.420166	0.587402	0.733643	-43.213740	16.221374	15.366412	3.438762
-0.457764	0.565674	0.822266	-53.061069	16.045802	20.839695	3.449130
-0.461914	0.474854	0.866455	-60.259542	14.374046	26.167939	3.459692
-0.463135	0.341797	0.906494	-70.648855	13.580153	27.778626	3.470384
-0.485840	0.204102	0.968018	-76.229008	10.832061	25.145038	3.480822
-0.523682	0.037109	1.076416	-75.282443	7.641221	18.709924	3.492301
-0.557373	-0.048340	1.109375	-61.763359	2.534351	11.297710	3.502527
-0.568115	-0.126221	1.122314	-43.839695	-3.374046	1.076336	3.512929
-0.571289	-0.165527	1.134521	-21.473282	-9.595420	-12.389313	3.523227
-0.556152	-0.132812	1.092041	7.358779	-16.641221	-27.152672	3.533604
-0.496582	0.039551	1.006348	28.374046	-22.213740	-34.916031	3.544422
-0.428223	0.116943	0.904541	44.633588	-23.290076	-36.931298	3.554465
-0.392578	0.253662	0.822998	62.450382	-19.687023	-36.328244	3.564812
-0.384521	0.394531	0.762451	76.000000	-15.450382	-32.832061	3.574988
-0.371094	0.526855	0.729980	81.885496	-9.114504	-26.893130	3.585776
-0.364502	0.662842	0.685547	80.137405	-2.129771	-19.282443	3.595806
-0.357666	0.801270	0.634521	67.618321	4.839695	-9.923664	3.606375
-0.367432	0.888916	0.631836	44.885496	10.412214	-0.557252	3.616533
-0.388184	0.905762	0.652100	13.755725	14.137405	7.694656	3.627470
-0.404541	0.835205	0.666260	-18.259542	16.083969	13.305344	3.638058
-0.399902	0.661621	0.697266	-38.175573	18.564885	14.748092	3.648015
-0.420898	0.602783	0.775879	-47.786260	22.038168	17.236641	3.658420
-0.442627	0.515625	0.837646	-62.389313	21.633588	23.312977	3.669245
-0.482666	0.366455	0.920166	-73.633588	20.175573	24.282443	3.679158
-0.526611	0.246338	1.013916	-80.877863	15.702290	20.381679	3.689749
-0.556152	0.116699	1.078613	-79.954198	8.511450	15.984733	3.700566
-0.573242	-0.011719	1.123779	-70.832061	1.854962	10.908397	3.711001
-0.581543	-0.109619	1.161133	-54.366412	-4.541985	2.022901	3.721261
-0.580078	-0.152832	1.146240	-30.618321	-12.427481	-11.335878	3.731841
-0.527344	-0.139404	1.076904	-5.541985	-18.099237	-24.114504	3.742285
-0.473633	0.011230	1.012207	21.687023	-19.442748	-30.679389	3.752673
-0.406494	0.138428	0.897461	40.305344	-19.320611	-28.839695	3.762905
-0.371094	0.255615	0.827637	61.267176	-11.908397	-25.503817	3.773042
-0.369141	0.398682	0.767822	75.122137	-4.755725	-18.412214	3.783819
-0.405762	0.515137	0.751221	80.702290	2.259542	-10.534351	3.793853
-0.437256	0.633057	0.740479	77.824427	6.793893	-5.137405	3.804286
-0.455811	0.737305	0.739014	68.320611	7.763359	-1.610687	3.814674
-0.445557	0.833740	0.707031	45.213740	6.000000	2.473282	3.824761
-0.401855	0.881836	0.670410	16.015267	4.358779	7.480916	3.835503
-0.367920	0.823242	0.635742	-18.725191	6.839695	12.412214	3.846172
-0.369385	0.644043	0.654541	-40.709924	12.648855	12.496183	3.856813
-0.417480	0.595703	0.767090	-51.145038	17.167939	13.564885	3.867131
-0.444824	0.506592	0.829590	-64.167939	18.122137	18.572519	3.876566
-0.483398	0.347656	0.892334	-71.931298	18.564885	20.145038	3.886971
-0.526855	0.210449	0.977051	-74.786260	17.251908	17.190840	3.898188
-0.577148	0.098633	1.079346	-71.183206	11.946565	13.030534	3.908464
-0.625000	-0.020264	1.170410	-60.595420	3.572519	6.503817	3.918770
-0.644287	-0.079834	1.209961	-44.442748	-7.809160	-3.030534	3.928880
-0.616211	-0.107422	1.192383	-26.114504	-19.488550	-15.083969	3.939523
-0.559326	-0.114746	1.089600	-7.984733	-25.328244	-26.213740	3.950138
-0.505615	-0.075928	1.037842	11.389313	-26.236641	-35.679389	3.960468
-0.489258	0.034424	0.998779	29.137405	-26.274809	-40.236641	3.970655
-0.447266	0.104004	0.897461	41.427481	-26.633588	-41.015267	3.980383
-0.443604	0.190918	0.872314	57.381679	-22.839695	-43.519084	3.990040
-0.492676	0.298828	0.790283	69.022901	-16.099237	-44.053435	4.000329
-0.405273	0.462891	0.761963	82.198473	-22.717557	-39.465649	4.011140
-0.355713	0.628662	0.645996	96.396947	-16.648855	-24.099237	4.022572
-0.298340	0.787354	0.554932	86.786260	-5.572519	-11.274809	4.033595
-0.301270	0.897705	0.542725	62.076336	5.916031	-3.221374	4.044831
-0.325928	0.959473	0.563232	23.694656	14.778626	2.259542	4.056235
-0.376953	0.918213	0.625244	-20.152672	21.748092	6.633588	4.067361
-0.405762	0.695557	0.660400	-47.145038	27.198473	8.251908	4.078478
-0.438965	0.653564	0.730957	-62.335878	28.358779	13.160305	4.089631
-0.489502	0.534668	0.836670	-71.213740	28.076336	21.038168	4.100780
-0.555664	0.393555	0.946777	-82.343511	23.152672	26.412214	4.111892
-0.617676	0.221924	1.038330	-86.778626	12.106870	26.648855	4.123005
-0.637451	0.077881	1.108398	-79.274809	2.312977	23.519084	4.133996
-0.641357	-0.034180	1.165771	-64.595420	-7.213740	17.160305	4.145170
-0.659668	-0.116699	1.226074	-44.290076	-18.229008	6.541985	4.156340
-0.672363	-0.143066	1.250000	-23.000000	-33.984733	-7.709924	4.167405
-0.655518	-0.101074	1.209473	-0.053435	-51.061069	-20.198473	4.178529
-0.541992	-0.017578	1.053711	22.793893	-61.351145	-29.183206	4.189716
-0.421387	0.117676	0.894531	45.763359	-60.000000	-31.977099	4.200735
-0.351318	0.245605	0.796143	64.717557	-54.419847	-28.961832	4.211845
-0.287842	0.380859	0.703369	77.641221	-43.396947	-22.106870	4.222986
-0.264404	0.526367	0.651367	84.450382	-24.992366	-15.885496	4.234011
-0.258057	0.644531	0.605469	80.259542	-5.900763	-11.908397	4.245363
-0.269043	0.773193	0.607422	67.129771	8.549618	-6.793893	4.256469
-0.317139	0.887451	0.642090	44.450382	15.488550	2.351145	4.267603
-0.371582	0.932617	0.707764	17.503817	18.839695	12.969466	4.278693
-0.393311	0.875977	0.723389	-19.870229	20.068702	20.328244	4.289823
-0.392822	0.667969	0.737305	-44.961832	21.152672	19.916031	4.300806
-0.403320	0.602783	0.788086	-67.969466	17.381679	23.435115	4.312073
-0.431641	0.474365	0.845703	-77.938931	16.709924	30.954198	4.323160
-0.469971	0.299316	0.937012	-84.251908	13.137405	34.854962	4.334387
-0.497314	0.145508	1.029297	-77.992366	12.061069	32.977099	4.346056
-0.534912	0.026611	1.088379	-65.916031	7.381679	26.786260	4.357183
-0.559814	-0.065674	1.145508	-49.595420	2.045802	17.152672	4.368292
-0.551025	-0.127686	1.144287	-27.923664	-5.961832	4.183206	4.379406
-0.531006	-0.117920	1.146240	-2.190840	-13.198473	-7.946565	4.390598
-0.514893	0.024902	1.083496	19.259542	-22.213740	-19.038168	4.401653
-0.416260	0.121826	0.937256	33.603053	-23.320611	-22.664122	4.412787
-0.385986	0.208740	0.868896	45.106870	-20.564885	-25.763359	4.423859
-0.380859	0.298340	0.842041	54.404580	-15.938931	-28.198473	4.434834
-0.352051	0.423096	0.762207	63.908397	-10.106870	-27.282443	4.446567
-0.323486	0.551270	0.701416	70.145038	-2.908397	-20.633588	4.457880
-0.316650	0.687256	0.667725	71.404580	6.114504	-8.816794	4.469009
-0.341064	0.792725	0.660156	64.267176	12.748092	5.175573	4.479883
-0.382324	0.857910	0.660156	42.801527	15.839695	16.022901	4.492016
-0.408936	0.857666	0.671387	11.725191	16.312977	19.473282	4.503071
-0.411133	0.830811	0.678223	-17.587786	16.564885	20.847328	4.514071
-0.388916	0.719971	0.682861	-41.648855	16.381679	24.030534	4.525096
-0.381592	0.575195	0.704346	-55.183206	20.007634	26.038168	4.536215
-0.423096	0.530762	0.807617	-71.045802	23.770992	30.297710	4.547141
-0.470459	0.354736	0.932861	-85.717557	22.229008	31.129771	4.558203
-0.473389	0.185059	1.018066	-94.496183	21.374046	27.916031	4.569295
-0.518799	0.043213	1.110107	-92.900763	17.564885	22.893130	4.580552
-0.574219	-0.095459	1.193604	-81.977099	11.099237	15.862595	4.591835
-0.608398	-0.205566	1.253906	-60.503817	1.175573	3.587786	4.602891
-0.596191	-0.244141	1.242432	-31.816794	-10.419847	-11.320611	4.612930
-0.537598	-0.223633	1.153320	-3.404580	-19.167939	-25.755725	4.623047
-0.482422	-0.034668	1.043457	22.312977	-22.961832	-34.679389	4.632675
-0.404053	0.054443	0.919678	43.396947	-22.503817	-36.809160	4.643266
-0.393799	0.190674	0.853516	65.450382	-16.832061	-36.900763	4.654238
-0.401855	0.325684	0.798828	82.755725	-13.106870	-35.824427	4.664649
-0.397461	0.494873	0.768066	92.984733	-9.557252	-31.587786	4.675303
-0.365967	0.664307	0.708740	93.931298	-6.435115	-23.801527	4.685638
-0.334717	0.825684	0.648682	81.526718	-2.343511	-12.458015	4.696107
-0.322754	0.910645	0.614014	58.396947	2.030534	-2.083969	4.706689
-0.353027	0.944824	0.647949	22.717557	11.068702	5.564885	4.716769
-0.418701	0.878906	0.692383	-10.251908	14.427481	9.954198	4.727331
-0.470703	0.714355	0.727539	-31.099237	15.274809	10.366412	4.737915
-0.490967	0.651855	0.791016	-36.320611	14.137405	12.305344	4.747936
-0.475586	0.610352	0.810059	-42.106870	11.251908	18.083969	4.758210
-0.464111	0.566895	0.861816	-56.633588	10.328244	24.442748	4.768949
-0.453369	0.458740	0.896973	-83.335878	10.076336	21.091603	4.779147
-0.473389	0.317383	0.964111	-83.152672	11.198473	24.977099	4.789658
-0.528809	0.158691	1.074219	-86.061069	6.328244	23.229008	4.800122
-0.562988	0.012939	1.161621	-75.236641	0.847328	20.030534	4.810240
-0.607666	-0.093750	1.216553	-62.381679	-9.114504	8.977099	4.820797
-0.612061	-0.148682	1.223633	-44.114504	-20.374046	-4.045802	4.831203
-0.577637	-0.137939	1.185059	-22.045802	-28.236641	-21.213740	4.842049
-0.519531	-0.068359	1.117188	3.145038	-33.190840	-30.282443	4.852118
-0.456787	0.015381	1.037842	30.664122	-34.473282	-32.786260	4.862329
-0.389160	0.145264	0.922363	52.908397	-34.748092	-31.679389	4.872833
-0.328369	0.272461	0.832520	74.687023	-31.702290	-28.167939	4.883230
-0.302490	0.395752	0.744141	84.305344	-26.717557	-25.091603	4.893754
-0.268311	0.541504	0.691406	87.587786	-21.770992	-20.908397	4.904128
-0.261475	0.666016	0.638184	81.038168	-14.961832	-16.129771	4.914099
-0.239746	0.775391	0.597656	68.038168	-9.763359	-11.656489	4.924591
-0.268066	0.867676	0.607178	49.618321	1.213740	-2.717557	4.935338
-0.290771	0.944824	0.605225	24.717557	9.946565	7.465649	4.945716
-0.301270	0.928955	0.598145	-5.145038	16.053435	17.068702	4.956468
-0.317627	0.812988	0.602783	-34.366412	22.992366	20.671756	4.966806
-0.385010	0.680176	0.698486	-56.847328	28.610687	19.877863	4.977413
-0.438965	0.570068	0.782715	-78.099237	26.488550	20.435115	4.988606
-0.471436	0.433350	0.866699	-87.282443	23.862595	22.366412	4.999318
-0.483643	0.320312	0.948242	-90.106870	19.969466	24.519084	5.009539
-0.474609	0.190430	0.979004	-86.832061	17.335878	28.442748	5.020253
-0.477295	0.069092	1.029785	-81.045802	16.282443	27.519084	5.030385
-0.525391	-0.059082	1.124756	-72.755725	14.343511	20.854962	5.040968
-0.577393	-0.149170	1.211426	-59.290076	7.893130	8.969466	5.051201
-0.606689	-0.214844	1.266357	-41.221374	-2.152672	-6.694656	5.061694
-0.594238	-0.228760	1.226074	-16.847328	-12.969466	-22.671756	5.072226
-0.552979	-0.190430	1.136719	10.633588	-21.343511	-35.343511	5.082545
-0.471680	-0.001953	1.052979	33.290076	-25.351145	-43.129771	5.093130
-0.403076	0.096191	0.925293	56.473282	-24.946565	-43.717557	5.103481
-0.395020	0.249512	0.853271	75.251908	-21.328244	-39.114504	5.113913
-0.390625	0.374756	0.810059	89.458015	-18.900763	-33.931298	5.124320
-0.394043	0.505127	0.771240	98.946565	-15.511450	-28.900763	5.134341
-0.395752	0.668701	0.726318	96.648855	-11.748092	-24.732824	5.144388
-0.365967	0.824463	0.696777	85.938931	-13.022901	-16.519084	5.155043
-0.337402	0.920898	0.627686	57.603053	-9.381679	-9.488550	5.165211
-0.301025	0.956299	0.585205	27.007634	-3.404580	-2.748092	5.175612
-0.313232	0.892822	0.602051	-9.022901	2.580153	4.740458	5.186338
-0.344482	0.849609	0.624023	-42.595420	7.931298	4.236641	5.196147
-0.374756	0.752686	0.661133	-55.534351	17.977099	14.656489	5.206700
-0.403809	0.659912	0.718994	-66.320611	22.244275	23.732824	5.217007
-0.441162	0.521484	0.793701	-74.931298	21.007634	31.068702	5.227480
-0.439453	0.392334	0.865723	-77.900763	24.114504	33.412214	5.237767
-0.474365	0.279541	0.959473	-80.748092	24.465649	34.435115	5.248258
-0.482422	0.172852	1.024170	-81.374046	22.045802	35.343511	5.257757
-0.498535	0.054443	1.071045	-79.366412	21.450382	35.122137	5.267311
-0.559082	-0.062988	1.176270	-71.709924	18.274809	25.595420	5.276700
-0.628906	-0.165527	1.294922	-53.045802	5.984733	13.961832	5.288078
-0.622070	-0.172363	1.297852	-31.282443	-11.381679	-3.145038	5.298529
-0.524658	-0.126221	1.183105	-10.083969	-22.030534	-15.564885	5.308956
-0.412842	0.000977	1.026123	11.366412	-24.450382	-20.671756	5.318686
-0.341309	0.081299	0.923584	26.809160	-19.175573	-21.702290	5.328790
-0.334717	0.145508	0.866943	41.969466	-13.358779	-21.190840	5.338784
-0.334229	0.216309	0.827148	49.053435	-9.381679	-24.511450	5.349498
-0.351807	0.300293	0.808350	59.335878	-4.786260	-28.198473	5.359515
-0.351562	0.423340	0.770264	65.114504	-2.221374	-29.847328	5.369923
-0.342041	0.540039	0.726807	66.335878	0.030534	-29.297710	5.380324
-0.341064	0.655273	0.700195	61.954198	3.259542	-21.854962	5.390027
-0.358643	0.752930	0.705322	49.793893	6.809160	-14.312977	5.400677
-0.395752	0.834473	0.721680	31.549618	13.167939	-5.305344	5.410961
-0.468750	0.855469	0.790283	8.625954	16.954198	5.229008	5.421399
-0.516602	0.805664	0.837891	-14.503817	14.931298	12.946565	5.431567
-0.533936	0.700684	0.840576	-30.152672	11.572519	18.312977	5.442362
-0.506104	0.588623	0.828369	-36.931298	9.755725	21.595420	5.452681
-0.454102	0.568115	0.836182	-39.244275	10.045802	26.603053	5.462915
-0.432617	0.500244	0.847900	-48.809160	10.793893	32.145038	5.473399
-0.427002	0.387451	0.881104	-59.419847	12.061069	34.106870	5.483506
-0.427734	0.261230	0.930420	-64.259542	13.076336	31.839695	5.494130
-0.463135	0.165527	1.004639	-61.358779	12.290076	29.221374	5.504507
-0.493652	0.077148	1.067139	-54.824427	9.328244	27.305344	5.515104
-0.529785	-0.018311	1.121826	-46.167939	4.389313	17.702290	5.524738
-0.539062	-0.071777	1.162598	-35.068702	-3.633588	7.664122	5.534286
-0.515137	-0.083008	1.115723	-19.595420	-12.213740	-9.305344	5.545372
-0.459961	-0.056396	1.031494	-3.809160	-17.114504	-19.870229	5.556157
-0.441162	0.035400	0.989014	16.000000	-17.923664	-23.954198	5.566224
-0.434326	0.137451	0.970215	28.717557	-17.832061	-25.068702	5.575991
-0.421875	0.211182	0.911133	41.870229	-18.145038	-26.366412	5.586872
-0.416016	0.299561	0.855957	56.374046	-15.793893	-28.427481	5.597009
-0.411621	0.420654	0.808350	68.335878	-13.587786	-26.625954	5.607939
-0.396973	0.573975	0.772461	75.984733	-10.923664	-19.366412	5.618670
-0.371338	0.733887	0.708008	71.259542	-7.862595	-9.305344	5.629012
-0.338867	0.815918	0.667236	54.045802	-2.114504	0.572519	5.639618
-0.335693	0.844482	0.665039	27.633588	3.503817	6.244275	5.649307
-0.361084	0.806396	0.689209	-3.106870	9.061069	10.290076	5.660311
-0.382568	0.658936	0.715088	-23.885496	10.908397	11.259542	5.670580
-0.392334	0.547852	0.730713	-29.633588	12.740458	12.419847	5.680748
-0.403320	0.527832	0.776855	-30.839695	15.122137	16.778626	5.691534
-0.418701	0.498535	0.848145	-39.229008	16.099237	21.786260	5.701630
-0.451660	0.402100	0.907959	-51.725191	16.000000	21.725191	5.711881
-0.466797	0.302490	0.957764	-59.961832	14.969466	18.694656	5.721280
-0.486328	0.187744	1.027344	-63.862595	12.870229	14.862595	5.732135
-0.520996	0.097412	1.087158	-58.908397	9.671756	13.610687	5.742170
-0.553711	0.003418	1.148193	-46.603053	3.175573	6.488550	5.752706
-0.555908	-0.045166	1.156494	-30.129771	-5.229008	-2.435115	5.763349
-0.519531	-0.050781	1.104004	-11.938931	-12.770992	-11.610687	5.772963
-0.479492	-0.001953	1.038574	6.832061	-16.206107	-20.519084	5.783405
-0.437744	0.140869	0.980469	20.625954	-16.832061	-24.709924	5.794414
-0.416748	0.218018	0.934326	27.610687	-17.305344	-25.938931	5.804874
-0.406250	0.250000	0.878418	37.847328	-16.633588	-28.137405	5.815345
-0.398926	0.337402	0.831787	47.114504	-14.694656	-30.175573	5.825620
-0.386230	0.429443	0.788330	56.877863	-12.648855	-28.923664	5.835254
-0.366455	0.554932	0.749756	61.480916	-10.442748	-24.664122	5.845999
-0.359131	0.657959	0.713135	56.152672	-7.900763	-20.129771	5.856429
-0.337402	0.761719	0.685791	42.389313	-3.213740	-14.007634	5.867045
-0.337402	0.826416	0.672607	22.648855	3.473282	-5.587786	5.877533
-0.368164	0.827148	0.692383	0.572519	11.030534	5.847328	5.888127
-0.403320	0.731201	0.711182	-18.625954	15.236641	13.068702	5.897735
-0.424072	0.593262	0.753662	-27.877863	17.549618	14.351145	5.907570
-0.417236	0.539307	0.781982	-34.030534	18.557252	15.183206	5.918382
-0.429443	0.546875	0.836670	-44.106870	18.633588	18.732824	5.928528
-0.447021	0.438721	0.908447	-58.801527	17.694656	22.496183	5.939572
-0.472412	0.289307	0.956787	-71.595420	16.137405	20.809160	5.949856
-0.512695	0.156738	1.017822	-75.526718	15.435115	16.687023	5.959948
-0.558350	0.043457	1.078613	-69.412214	11.022901	11.839695	5.969559
-0.583496	-0.049805	1.145752	-52.809160	4.061069	7.793893	5.978988
-0.578613	-0.098389	1.149902	-31.748092	-4.908397	-2.572519	5.989396
-0.545654	-0.107666	1.123779	-10.862595	-12.748092	-12.435115	5.998662
-0.479004	-0.010498	1.048340	10.503817	-16.503817	-21.664122	6.009619
-0.467529	0.144287	0.988037	21.503817	-18.770992	-24.290076	6.020340
-0.420898	0.179932	0.928223	31.503817	-19.022901	-24.595420	6.030592
-0.409424	0.219727	0.877930	41.129771	-16.679389	-27.488550	6.040382
-0.396240	0.314941	0.818359	54.702290	-13.587786	-29.442748	6.051227
-0.385986	0.441895	0.781494	65.923664	-10.618321	-27.389313	6.061427
-0.372559	0.585205	0.721680	68.267176	-9.717557	-22.564885	6.071682
-0.353271	0.709717	0.682617	62.145038	-3.396947	-16.198473	6.082034
-0.337402	0.810791	0.661133	45.389313	1.297710	-8.366412	6.092371
-0.325195	0.851807	0.642334	21.519084	7.541985	-1.839695	6.102647
-0.361572	0.828613	0.663086	-3.320611	15.106870	8.106870	6.112805
-0.414307	0.731201	0.714355	-19.801527	19.251908	12.969466	6.122782
-0.435303	0.640137	0.762695	-27.290076	20.290076	17.030534	6.133460
-0.424805	0.578125	0.782959	-31.778626	21.198473	22.450382	6.143334
-0.445557	0.546631	0.857422	-40.221374	23.290076	26.236641	6.152807
-0.461914	0.427490	0.931396	-59.839695	20.679389	28.740458	6.163311
-0.495605	0.279541	0.989990	-73.076336	18.870229	25.801527	6.173924
-0.518066	0.156982	1.047363	-75.572519	17.519084	21.732824	6.184242
-0.550049	0.019775	1.125000	-67.358779	11.809160	18.396947	6.195042
-0.597900	-0.095459	1.202637	-51.343511	6.167939	11.061069	6.205256
-0.622559	-0.158447	1.240234	-28.961832	-3.106870	-2.885496	6.215683
-0.602783	-0.154053	1.202881	-3.160305	-15.603053	-18.885496	6.226690
-0.529541	-0.014893	1.090576	18.236641	-24.519084	-28.389313	6.236953
-0.432617	0.104492	0.941406	32.664122	-26.404580	-30.687023	6.247833
-0.416016	0.175537	0.876953	50.290076	-22.900763	-32.259542	6.258100
-0.426025	0.264404	0.854736	64.389313	-21.450382	-33.427481	6.268461
-0.433105	0.403564	0.830078	76.549618	-20.206107	-33.496183	6.278609
-0.408447	0.558350	0.766113	80.931298	-19.572519	-30.366412	6.288614
-0.365234	0.725342	0.688477	74.816794	-17.106870	-22.687023	6.299401
-0.315430	0.821533	0.645020	58.045802	-10.908397	-13.587786	6.308982
-0.299805	0.868164	0.614502	34.870229	-2.748092	-4.900763	6.318587
-0.334961	0.862793	0.630371	7.305344	6.000000	3.328244	6.329346
-0.388184	0.798096	0.656494	-14.763359	11.206107	10.717557	6.339918
-0.418213	0.686523	0.674805	-25.038168	13.748092	15.083969	6.350508
-0.426270	0.648926	0.693848	-28.152672	15.480916	18.977099	6.360776
-0.419189	0.613770	0.727539	-35.129771	17.442748	24.076336	6.371116
-0.441650	0.525391	0.779053	-44.694656	19.129771	26.396947	6.381472
-0.456299	0.454834	0.859375	-61.595420	17.793893	27.541985	6.391613
-0.454834	0.357178	0.935303	-72.496183	17.549618	26.870229	6.402146
-0.472900	0.209717	0.997803	-79.137405	16.862595	26.229008	6.412662
-0.508789	0.077148	1.082520	-77.755725	15.404580	25.106870	6.422666
-0.561035	-0.056396	1.176270	-68.106870	11.809160	19.099237	6.433105
-0.607910	-0.164307	1.244385	-51.404580	2.832061	7.946565	6.443727
-0.591064	-0.208008	1.221924	-28.106870	-7.824427	-6.335878	6.453954
-0.538086	-0.199951	1.136475	1.442748	-19.763359	-20.167939	6.464425
-0.472412	-0.049805	1.026611	24.091603	-23.541985	-29.099237	6.474688
-0.422363	0.063965	0.916504	40.664122	-24.450382	-30.763359	6.485363
-0.408203	0.189697	0.852295	65.114504	-19.129771	-34.038168	6.498449
-0.412354	0.321045	0.796387	82.030534	-17.587786	-33.648855	6.508037
-0.414062	0.493408	0.758545	92.984733	-12.145038	-29.106870	6.518454
-0.398682	0.647217	0.706055	93.145038	-9.236641	-22.206107	6.529177
-0.375732	0.798340	0.646484	82.832061	-5.931298	-14.458015	6.539097
-0.352783	0.934814	0.623779	60.656489	-2.183206	-5.129771	6.548864
-0.346191	0.980713	0.601562	28.954198	0.641221	4.694656	6.559547
-0.362305	0.898438	0.596680	-13.984733	9.190840	10.183206	6.569948
-0.385010	0.699219	0.614990	-37.076336	15.778626	10.328244	6.580361
-0.408936	0.649902	0.686523	-41.595420	19.984733	13.458015	6.590923
-0.405029	0.638428	0.708984	-47.770992	21.152672	22.992366	6.601033
-0.395996	0.568604	0.731201	-56.480916	23.625954	29.572519	6.610741
-0.412598	0.437988	0.792480	-75.984733	26.290076	29.786260	6.621700
-0.470215	0.286377	0.922607	-90.984733	26.732824	24.969466	6.631998
-0.529541	0.166016	1.033447	-95.709924	23.908397	21.129771	6.642700
-0.578369	0.025391	1.119385	-87.702290	17.511450	19.053435	6.652993
-0.601807	-0.099854	1.165039	-70.427481	12.221374	13.824427	6.663492
-0.613525	-0.171631	1.190918	-48.122137	5.633588	2.450382	6.673918
-0.631104	-0.197998	1.213867	-23.511450	-4.442748	-12.015267	6.684393
-0.602051	-0.150391	1.166504	3.160305	-15.068702	-24.305344	6.694430
-0.535156	0.021240	1.085205	22.847328	-21.259542	-29.381679	6.704984
-0.455322	0.075439	0.943115	39.259542	-20.007634	-29.816794	6.715723
-0.427490	0.181152	0.878662	58.343511	-16.396947	-29.854962	6.725943
-0.436768	0.282471	0.843750	72.335878	-12.061069	-29.778626	6.736525
-0.447266	0.428467	0.794922	83.099237	-10.366412	-28.625954	6.747110
-0.416748	0.577148	0.746582	85.427481	-6.992366	-24.534351	6.757406
-0.385010	0.704346	0.688965	76.877863	-5.358779	-17.488550	6.767787
-0.355469	0.816650	0.625244	57.526718	-1.877863	-11.694656	6.778353
-0.364502	0.846924	0.622803	31.145038	2.541985	-4.396947	6.788735
-0.399658	0.835693	0.645752	3.885496	6.389313	-1.557252	6.798565
-0.427490	0.762939	0.668945	-19.763359	9.167939	0.847328	6.808918
-0.424805	0.683838	0.669189	-28.786260	12.312977	4.229008	6.819818
-0.402832	0.668701	0.682373	-32.458015	15.992366	11.557252	6.829822
-0.401123	0.612549	0.703613	-38.961832	20.687023	20.076336	6.840604
-0.429443	0.514160	0.780273	-48.129771	24.877863	24.106870	6.851298
-0.470947	0.438965	0.886475	-68.625954	25.213740	26.099237	6.862172
-0.512451	0.316162	0.973145	-81.633588	22.244275	24.648855	6.872785
-0.547852	0.172852	1.046875	-85.106870	17.496183	21.908397	6.882315
-0.562744	0.077148	1.125488	-79.106870	10.000000	17.854962	6.893016
-0.576904	-0.010742	1.141357	-68.877863	3.091603	12.625954	6.903724
-0.577881	-0.093018	1.162354	-55.145038	-2.015267	4.534351	6.913901
-0.558105	-0.146973	1.148926	-34.343511	-11.580153	-7.099237	6.924730
-0.520020	-0.145752	1.086914	-10.503817	-17.297710	-17.587786	6.934640
-0.497559	-0.060059	1.045166	13.687023	-19.335878	-25.129771	6.945594
-0.482422	0.088867	0.996582	32.450382	-20.687023	-28.030534	6.955657
-0.441650	0.108887	0.918701	48.618321	-19.793893	-31.160305	6.966212
-0.446045	0.229492	0.862793	65.656489	-17.015267	-34.480916	6.976738
-0.442139	0.391113	0.813965	79.557252	-15.656489	-33.610687	6.987323
-0.429443	0.546631	0.747559	87.106870	-13.732824	-27.580153	6.997079
-0.400879	0.690918	0.696289	84.618321	-11.236641	-18.755725	7.007372
-0.375488	0.826172	0.640625	70.938931	-5.297710	-8.625954	7.018201
-0.377686	0.899902	0.630127	47.496183	3.106870	1.099237	7.028588
-0.394531	0.919434	0.633545	19.229008	10.519084	10.190840	7.039077
-0.429688	0.889404	0.657471	-6.557252	16.534351	15.740458	7.049447
-0.469482	0.793213	0.688965	-24.725191	18.824427	23.824427	7.059806
-0.480469	0.706055	0.693848	-36.977099	18.503817	28.534351	7.070264
-0.459717	0.619629	0.729004	-48.625954	17.801527	31.641221	7.080676
-0.456055	0.516846	0.779297	-59.618321	17.732824	33.106870	7.091082
-0.438477	0.435547	0.822510	-68.839695	17.725191	33.519084	7.101170
-0.457275	0.324219	0.903320	-78.122137	17.908397	33.984733	7.111573
-0.474365	0.181396	0.981934	-85.244275	17.160305	31.519084	7.122029
-0.506104	0.050049	1.064941	-87.694656	13.900763	24.809160	7.132323
-0.527100	-0.074463	1.113281	-84.564885	9.755725	13.824427	7.142839
-0.563721	-0.173584	1.183838	-71.679389	-0.122137	1.297710	7.153358
-0.569336	-0.248291	1.182373	-49.954198	-9.671756	-11.175573	7.163614
-0.531006	-0.259521	1.130859	-18.885496	-16.824427	-22.702290	7.173552
-0.496582	-0.204346	1.055908	12.946565	-18.854962	-30.175573	7.183590
-0.479004	-0.016846	1.010986	38.137405	-20.297710	-32.404580	7.193348
-0.427734	0.043945	0.898926	61.244275	-18.732824	-33.641221	7.204178
-0.444092	0.165039	0.833008	79.603053	-15.709924	-36.893130	7.214686
-0.443848	0.331787	0.778320	95.984733	-13.664122	-37.740458	7.225205
-0.443115	0.516357	0.734863	105.450382	-11.541985	-35.152672	7.235699
-0.399414	0.710205	0.667480	104.908397	-6.755725	-24.160305	7.246010
-0.381836	0.868652	0.626221	89.419847	-4.603053	-9.259542	7.256366
-0.375000	0.950684	0.599365	64.206107	4.763359	3.992366	7.266875
-0.397461	0.948242	0.620850	26.045802	10.862595	10.702290	7.277338
-0.452881	0.853516	0.670166	-9.083969	14.389313	11.862595	7.287747
-0.456055	0.726562	0.669189	-29.732824	13.282443	11.106870	7.297908
-0.456543	0.650391	0.685547	-37.709924	13.671756	14.251908	7.307653
-0.448486	0.608398	0.708740	-42.641221	15.664122	21.450382	7.318209
-0.454834	0.554932	0.766113	-49.687023	18.213740	27.641221	7.328617
-0.486084	0.472656	0.842041	-60.335878	21.145038	31.893130	7.339517
-0.515869	0.334961	0.932861	-72.274809	22.007634	31.282443	7.349719
-0.536621	0.188232	0.993164	-77.106870	20.183206	27.633588	7.360008
-0.556152	0.083740	1.061768	-75.343511	16.137405	22.396947	7.370322
-0.583496	-0.022705	1.132324	-67.389313	9.412214	15.251908	7.380646
-0.600830	-0.114502	1.153320	-56.519084	0.328244	4.396947	7.391320
-0.595459	-0.146729	1.161377	-35.870229	-9.977099	-8.358779	7.401881
-0.568604	-0.141846	1.128906	-12.259542	-19.000000	-19.709924	7.412300
-0.522461	-0.094482	1.050537	9.954198	-23.732824	-27.030534	7.422311
-0.482178	0.041260	0.981934	32.694656	-23.984733	-29.786260	7.433318
-0.453369	0.158203	0.936279	44.885496	-23.862595	-31.374046	7.443741
-0.428955	0.228271	0.865967	57.427481	-20.854962	-35.778626	7.454198
-0.408691	0.342773	0.795898	67.969466	-15.618321	-37.091603	7.464514
-0.392822	0.499268	0.727783	77.488550	-11.793893	-32.267176	7.475516
-0.397461	0.657715	0.674316	81.312977	-4.389313	-25.389313	7.486388
-0.383545	0.772217	0.629639	74.175573	-9.961832	-11.099237	7.497130
-0.380127	0.853271	0.608398	56.206107	-1.145038	-3.442748	7.507252
-0.385986	0.889893	0.604492	32.122137	4.893130	0.061069	7.516896
-0.399170	0.900146	0.598389	5.786260	9.839695	4.145038	7.527789
-0.410645	0.850830	0.612305	-24.374046	16.847328	8.664122	7.538221
-0.427979	0.718994	0.629639	-39.282443	20.572519	12.916031	7.548453
-0.434326	0.624756	0.669922	-46.206107	22.175573	17.854962	7.558701
-0.446533	0.564209	0.750244	-52.557252	23.015267	23.175573	7.569049
-0.468994	0.496338	0.832764	-67.106870	22.312977	28.435115	7.578732
-0.514160	0.362549	0.927979	-81.893130	19.610687	28.374046	7.588929
-0.529541	0.221191	1.023926	-94.335878	17.198473	23.946565	7.599491
-0.570068	0.089844	1.095703	-98.503817	13.908397	19.473282	7.609833
-0.615967	-0.039062	1.170166	-94.083969	9.633588	13.824427	7.619403
-0.643555	-0.149902	1.221436	-81.091603	2.839695	4.984733	7.628961
-0.627441	-0.252930	1.219238	-56.694656	-8.320611	-10.099237	7.640373
-0.582520	-0.271729	1.129883	-29.152672	-14.870229	-22.190840	7.650373
-0.514893	-0.242920	1.042480	9.442748	-19.129771	-30.770992	7.661035
-0.496338	-0.057617	0.972656	41.114504	-18.786260	-33.427481	7.671226
-0.442139	0.009277	0.884521	68.916031	-16.152672	-34.145038	7.681303
-0.442627	0.163330	0.828613	93.389313	-12.877863	-37.091603	7.690974
-0.448242	0.327881	0.782959	110.312977	-10.465649	-37.854962	7.700403
-0.379639	0.574463	0.729736	122.374046	-5.702290	-32.198473	7.711556
-0.410645	0.780762	0.652344	117.259542	-16.908397	-14.549618	7.721986
-0.367920	0.919922	0.595215	102.137405	-7.076336	0.412214	7.732371
-0.345703	0.993164	0.551025	66.778626	2.992366	6.267176	7.742699
-0.359131	1.018799	0.564453	20.473282	12.435115	5.938931	7.753070
-0.421387	0.926025	0.601807	-24.633588	18.595420	5.801527	7.763413
-0.437256	0.727783	0.614502	-47.190840	19.564885	6.160305	7.773749
-0.449707	0.730957	0.673584	-54.190840	18.480916	14.595420	7.784441
-0.454346	0.629639	0.726074	-63.519084	19.534351	25.847328	7.795323
-0.473633	0.491211	0.792969	-76.015267	16.832061	29.816794	7.805602
-0.507080	0.359131	0.875244	-89.099237	15.824427	27.908397	7.815454
-0.542236	0.232910	0.993408	-94.129771	13.969466	24.877863	7.825647
-0.566162	0.122559	1.056885	-90.862595	12.045802	23.519084	7.835405
-0.588623	-0.009766	1.117188	-81.641221	9.076336	19.717557	7.847018
-0.608887	-0.119385	1.150391	-69.480916	4.198473	11.610687	7.857335
-0.631592	-0.198242	1.187256	-51.526718	-4.389313	-1.274809	7.867709
-0.622314	-0.241211	1.173584	-25.717557	-13.763359	-14.389313	7.878141
-0.553711	-0.203369	1.096436	7.038168	-24.137405	-24.923664	7.888740
-0.493164	-0.008545	0.999756	35.198473	-26.343511	-27.572519	7.899226
-0.431885	0.080811	0.893066	59.778626	-25.137405	-25.625954	7.909763
-0.424805	0.196533	0.817871	76.557252	-19.801527	-25.618321	7.919691
-0.419434	0.318848	0.777100	88.534351	-15.778626	-26.122137	7.930204
-0.427979	0.478516	0.749023	94.687023	-12.770992	-25.083969	7.940837
-0.414307	0.608398	0.714355	95.450382	-11.053435	-21.015267	7.950720
-0.395264	0.781494	0.653564	86.648855	-8.732824	-14.541985	7.961024
-0.360107	0.890869	0.597656	68.793893	-9.045802	-2.435115	7.971534
-0.347656	0.947754	0.548340	44.977099	-0.007634	4.465649	7.981606
-0.343506	0.961670	0.529053	13.641221	11.106870	8.480916	7.992484
-0.377930	0.931885	0.551025	-20.564885	19.458015	11.900763	8.002856
-0.424316	0.794434	0.623779	-46.068702	24.541985	15.351145	8.013078
-0.464844	0.661377	0.692627	-57.427481	24.778626	18.175573	8.022909
-0.494141	0.612549	0.792236	-74.015267	22.885496	25.267176	8.033435
-0.511719	0.476562	0.864990	-89.229008	20.541985	29.175573	8.044190
-0.543945	0.317383	0.969482	-99.839695	18.167939	28.213740	8.054756
-0.569092	0.173096	1.035645	-108.732824	15.007634	26.106870	8.065195
-0.597168	0.034180	1.113281	-104.908397	11.091603	23.129771	8.075598
-0.635498	-0.113037	1.171631	-94.022901	5.396947	16.816794	8.085962
-0.637451	-0.228271	1.199707	-74.129771	-2.244275	6.335878	8.096445
-0.608398	-0.286865	1.162598	-45.412214	-11.931298	-7.320611	8.107314
-0.575439	-0.298096	1.104248	-13.824427	-18.954198	-20.129771	8.117883
-0.541992	-0.205078	1.051025	20.709924	-22.221374	-28.786260	8.128029
-0.497803	-0.041748	0.941406	45.648855	-25.068702	-32.236641	8.138683
-0.480469	0.051758	0.884521	72.106870	-20.206107	-36.145038	8.149320
-0.481934	0.215332	0.844482	90.129771	-17.900763	-37.419847	8.159579
-0.470215	0.390869	0.796387	103.229008	-16.328244	-33.763359	8.170154
-0.474365	0.544434	0.728516	105.091603	-16.946565	-27.465649	8.180572
-0.427246	0.699707	0.685303	94.839695	-26.122137	-17.450382	8.191190
-0.391846	0.780273	0.614502	83.916031	-16.969466	-8.068702	8.201573
-0.350342	0.869141	0.557861	59.213740	-11.633588	-4.221374	8.211888
-0.332520	0.920898	0.532959	34.496183	1.198473	0.717557	8.222325
-0.354004	0.927490	0.538330	2.534351	7.816794	5.167939	8.232426
-0.379883	0.859619	0.554688	-27.106870	17.473282	9.458015	8.242930
-0.401123	0.691895	0.592773	-43.793893	24.213740	11.709924	8.253475
-0.421875	0.641113	0.652588	-50.358779	30.595420	15.923664	8.263687
-0.462646	0.563477	0.753174	-68.603053	28.244275	23.160305	8.274535
-0.503174	0.428711	0.843262	-86.801527	27.015267	24.816794	8.284867
-0.536377	0.285400	0.952637	-103.259542	21.145038	21.465649	8.295398
-0.583740	0.133789	1.048340	-108.778626	16.946565	18.977099	8.306157
-0.619629	-0.009521	1.120361	-105.893130	12.083969	15.389313	8.316578
-0.651367	-0.159180	1.158691	-91.229008	6.793893	8.259542	8.326888
-0.655518	-0.261475	1.192871	-68.557252	-1.641221	-3.503817	8.337153
-0.616699	-0.312744	1.145020	-39.015267	-12.351145	-17.114504	8.347407
-0.565430	-0.297119	1.065186	-5.748092	-17.763359	-27.984733	8.356819
-0.523193	-0.155029	1.011475	32.496183	-20.374046	-33.977099	8.366294
-0.470703	-0.038818	0.895020	57.534351	-21.190840	-33.770992	8.375582
-0.478271	0.101074	0.822510	83.366412	-10.916031	-34.946565	8.385631
-0.441895	0.246826	0.825684	100.961832	-19.183206	-33.961832	8.395799
-0.434326	0.427490	0.770020	116.595420	-14.541985	-30.259542	8.407468
-0.420898	0.610596	0.700684	114.305344	-13.603053	-23.839695	8.417938
-0.356689	0.762695	0.629639	103.015267	-4.030534	-17.045802	8.428348
-0.372070	0.864990	0.621338	74.847328	1.412214	-11.786260	8.438827
-0.404785	0.926514	0.655518	41.480916	4.038168	-8.763359	8.448962
-0.442383	0.930908	0.682129	7.022901	5.099237	-6.267176	8.458801
-0.417236	0.881348	0.633057	-23.526718	8.328244	-2.610687	8.468630
-0.397949	0.730225	0.620850	-41.854962	16.389313	-0.381679	8.479185
-0.458008	0.691406	0.725830	-52.603053	24.694656	11.328244	8.493500
-0.488037	0.594727	0.818848	-63.297710	23.534351	24.274809	8.504592
-0.503662	0.451416	0.885498	-76.412214	21.068702	27.801527	8.515707
-0.549561	0.319336	0.959229	-86.259542	18.083969	26.396947	8.526287
-0.586426	0.186279	1.057373	-90.969466	14.343511	22.206107	8.536200
-0.616211	0.051758	1.133789	-86.419847	6.992366	18.083969	8.546730
-0.633545	-0.036377	1.161621	-75.458015	-0.160305	13.595420	8.556682
-0.615479	-0.125000	1.154297	-57.832061	-7.427481	0.946565	8.567536
-0.579834	-0.165039	1.109619	-34.816794	-14.435115	-10.816794	8.577859
-0.537354	-0.146729	1.052246	-7.328244	-18.160305	-19.763359	8.588291
-0.514648	-0.008789	1.010010	19.511450	-20.389313	-23.061069	8.598612
-0.481445	0.111328	0.926514	34.977099	-21.083969	-21.557252	8.609002
-0.445068	0.165771	0.813232	53.938931	-9.801527	-24.755725	8.619501
-0.422363	0.286377	0.807373	68.374046	-19.007634	-21.244275	8.629929
-0.425537	0.412354	0.753174	84.519084	-13.137405	-12.923664	8.639957
-0.407959	0.550049	0.676514	87.503817	-5.618321	-6.366412	8.650614
-0.414551	0.639160	0.637451	71.740458	0.832061	-4.251908	8.661116
-0.440674	0.716064	0.619141	54.648855	3.824427	-4.358779	8.671756
-0.457520	0.763428	0.625732	31.000000	6.694656	-5.839695	8.682451
-0.458984	0.801514	0.639160	5.931298	7.854962	0.625954	8.692957
-0.453857	0.780518	0.645508	-20.274809	14.213740	5.137405	8.703303
-0.476074	0.648193	0.693115	-37.732824	16.664122	8.328244	8.713821
-0.511719	0.561279	0.765625	-48.740458	18.236641	10.106870	8.724248
-0.521240	0.547119	0.849365	-57.992366	19.198473	16.717557	8.734864
-0.530273	0.417725	0.909912	-71.549618	14.541985	20.030534	8.745231
-0.531982	0.268066	0.964111	-84.320611	10.916031	18.839695	8.755763
-0.532959	0.138184	1.012207	-88.824427	6.755725	15.480916	8.766325
-0.541016	0.009766	1.048828	-83.137405	4.519084	11.786260	8.776831
-0.567627	-0.102295	1.104492	-67.198473	1.007634	6.343511	8.787621
-0.593994	-0.197754	1.141846	-45.687023	-3.725191	-4.442748	8.797713
-0.611572	-0.235352	1.131348	-19.625954	-11.442748	-19.900763	8.808225
-0.619385	-0.171143	1.040283	8.992366	-11.992366	-32.687023	8.818618
-0.556152	0.047119	1.004150	30.969466	-33.832061	-32.328244	8.829095
-0.494629	0.100098	0.901367	58.900763	-32.473282	-29.328244	8.839562
-0.464844	0.238525	0.822754	80.343511	-23.053435	-27.305344	8.849688
-0.440918	0.394043	0.747314	98.549618	-15.137405	-22.816794	8.859703
-0.460205	0.576416	0.718262	107.297710	-11.442748	-13.152672	8.870394
-0.447266	0.724121	0.674561	107.854962	-4.328244	-5.351145	8.880364
-0.431641	0.859131	0.662598	88.755725	-3.549618	5.496183	8.891205
-0.399170	0.933838	0.623047	57.389313	-3.526718	11.099237	8.901081
-0.383789	0.943115	0.612305	13.862595	4.122137	11.763359	8.911624
-0.390381	0.827148	0.598145	-25.938931	10.374046	9.916031	8.922232
-0.407715	0.666504	0.642578	-50.740458	14.297710	3.946565	8.932666
-0.429688	0.659668	0.702393	-62.793893	17.603053	14.160305	8.943132
-0.461670	0.504883	0.799072	-74.824427	16.885496	22.992366	8.953947
-0.490967	0.355957	0.873779	-84.587786	13.618321	22.931298	8.964059
-0.519287	0.208740	0.945068	-87.870229	12.984733	18.900763	8.974688
-0.552246	0.088135	1.028076	-87.442748	11.450382	14.053435	8.984992
-0.587646	-0.020752	1.093262	-75.519084	6.832061	9.748092	8.995823
-0.610107	-0.103271	1.133301	-59.450382	-0.496183	2.801527	9.006071
-0.593506	-0.153076	1.116211	-37.580153	-9.595420	-6.786260	9.016594
-0.560791	-0.165527	1.071289	-12.419847	-16.854962	-16.633588	9.027263
-0.527344	-0.089355	0.998291	17.977099	-25.770992	-20.587786	9.037805
-0.476807	0.057129	0.937744	41.160305	-27.175573	-19.786260	9.047673
-0.427490	0.119141	0.829590	63.984733	-24.923664	-20.572519	9.057925
-0.399170	0.250732	0.755859	79.190840	-15.549618	-25.396947	9.068396
-0.401123	0.426514	0.712646	89.076336	-9.312977	-25.908397	9.078783
-0.419189	0.604980	0.693359	91.251908	-5.900763	-17.763359	9.089026
-0.406738	0.751221	0.667480	83.732824	-2.916031	-5.541985	9.099105
-0.408936	0.849121	0.660400	65.442748	0.770992	3.419847	9.108577
-0.407715	0.885254	0.632324	36.381679	5.770992	8.030534	9.118490
-0.405029	0.869629	0.640381	-6.847328	13.381679	7.496183	9.129880
-0.420898	0.745117	0.647217	-37.045802	18.877863	6.969466	9.140355
-0.436768	0.622314	0.691650	-49.183206	23.687023	8.450382	9.150252
-0.489258	0.592041	0.791504	-59.160305	23.351145	17.946565	9.160724
-0.522217	0.461426	0.889160	-71.679389	17.679389	25.770992	9.171601
-0.548584	0.307373	0.941895	-81.610687	13.244275	25.404580	9.181712
-0.572021	0.158691	1.012451	-87.541985	7.496183	20.358779	9.192502
-0.583740	0.041992	1.068848	-83.702290	5.038168	15.755725	9.202628
-0.597900	-0.063721	1.116211	-72.442748	1.221374	9.366412	9.212808
-0.600098	-0.151123	1.141113	-55.297710	-3.580153	-0.671756	9.223294
-0.582764	-0.192383	1.109619	-33.877863	-10.167939	-12.618321	9.233492
-0.540283	-0.176270	1.046387	-6.022901	-14.473282	-23.007634	9.244173
-0.514160	-0.069824	1.002930	20.587786	-16.190840	-27.251908	9.253845
-0.489502	0.072021	0.937012	38.916031	-17.511450	-26.641221	9.263363
-0.467773	0.109131	0.867432	57.725191	-14.068702	-28.030534	9.272931
-0.495361	0.230469	0.797852	74.229008	-5.832061	-30.992366	9.283308
-0.482666	0.400146	0.793945	84.954198	-15.702290	-26.801527	9.294057
-0.475342	0.546143	0.738770	92.511450	-16.000000	-18.648855	9.304702
-0.424072	0.685059	0.674805	87.167939	-11.839695	-11.366412	9.315121
-0.398193	0.791260	0.627441	67.503817	-5.732824	-6.419847	9.325598
-0.382812	0.858643	0.610840	36.862595	-0.099237	-2.961832	9.335906
-0.414795	0.871094	0.625488	0.557252	7.954198	0.427481	9.346796
-0.446289	0.744873	0.642090	-27.267176	10.969466	3.381679	9.356626
-0.459229	0.605469	0.665527	-37.076336	15.221374	4.083969	9.367424
-0.441895	0.604248	0.700928	-38.412214	19.458015	10.183206	9.377880
-0.455322	0.589355	0.759277	-44.931298	18.862595	22.190840	9.388723
-0.494385	0.485107	0.834229	-60.450382	18.412214	28.801527	9.398989
-0.538574	0.333740	0.944824	-76.000000	16.671756	25.664122	9.409527
-0.572754	0.197021	1.025391	-83.091603	14.664122	20.251908	9.420052
-0.599609	0.088623	1.106689	-81.572519	10.419847	16.603053	9.430601
-0.607422	-0.030029	1.147217	-74.000000	4.740458	12.045802	9.441077
-0.614746	-0.122314	1.178467	-63.877863	-2.671756	2.618321	9.451070
-0.614746	-0.199951	1.182617	-50.022901	-11.526718	-9.244275	9.461033
-0.590332	-0.231201	1.142334	-24.847328	-20.816794	-22.488550	9.471749
-0.563965	-0.193848	1.078369	7.221374	-26.396947	-31.122137	9.482490
-0.478027	-0.018066	1.018066	39.572519	-28.687023	-35.557252	9.492958
-0.456055	0.071045	0.903809	67.335878	-33.465649	-33.137405	9.503368
-0.448975	0.236328	0.835205	93.778626	-28.664122	-29.740458	9.513756
-0.419434	0.417969	0.766602	111.885496	-24.038168	-24.625954	9.524261
-0.375244	0.609619	0.685791	117.992366	-18.763359	-15.038168	9.534426
-0.344971	0.783691	0.630371	104.007634	-12.618321	-6.610687	9.545027
-0.353271	0.893555	0.591309	75.961832	-6.213740	-0.938931	9.555232
-0.373535	0.926025	0.615967	36.511450	2.312977	0.496183	9.565526
-0.435303	0.905518	0.645996	-1.427481	6.503817	0.473282	9.576122
-0.449463	0.773926	0.650635	-32.793893	9.748092	0.893130	9.586950
-0.440918	0.663330	0.651855	-46.511450	10.183206	2.709924	9.597379
-0.450684	0.662842	0.700439	-48.687023	16.160305	10.961832	9.607985
-0.455566	0.595215	0.768311	-60.641221	12.770992	21.709924	9.618249
-0.483398	0.458252	0.860840	-74.862595	11.496183	28.610687	9.628513
-0.512939	0.299805	0.943359	-86.938931	9.259542	29.946565	9.638990
-0.552734	0.159180	1.037842	-89.358779	9.030534	28.977099	9.649199
-0.591064	0.030518	1.128906	-86.526718	6.015267	23.687023	9.659514
-0.636230	-0.100586	1.222168	-81.664122	-0.625954	12.381679	9.670013
-0.662354	-0.202637	1.273193	-74.068702	-12.809160	-3.709924	9.680254
-0.654785	-0.276611	1.241943	-57.679389	-28.541985	-22.641221	9.690928
-0.610107	-0.296143	1.176025	-29.946565	-40.335878	-37.809160	9.701055
-0.528809	-0.210938	1.070557	7.297710	-45.839695	-46.732824	9.711408
-0.471436	-0.007812	0.975586	39.480916	-46.946565	-46.534351	9.721500
-0.415771	0.087891	0.886719	71.351145	-42.908397	-44.519084	9.732090
-0.411621	0.253906	0.789307	89.618321	-41.511450	-40.847328	9.742037
-0.356934	0.431885	0.709961	106.832061	-33.473282	-33.946565	9.751622
-0.306641	0.608887	0.633789	113.595420	-26.900763	-22.229008	9.761114
-0.278320	0.748291	0.554688	104.893130	-16.442748	-11.503817	9.770405
-0.265381	0.849365	0.510254	83.305344	-5.061069	-3.893130	9.779679
-0.289062	0.922607	0.515869	39.748092	6.954198	-0.320611	9.791595
-0.346436	0.902832	0.563721	1.061069	15.122137	0.839695	9.801778
-0.388184	0.781006	0.602295	-31.503817	19.595420	0.198473	9.811994
-0.402100	0.660645	0.616943	-49.893130	24.633588	-0.167939	9.822429
-0.422119	0.675781	0.704102	-60.129771	28.320611	7.083969	9.833110
-0.466553	0.572754	0.791992	-73.885496	28.641221	18.969466	9.843728
-0.496582	0.426270	0.882812	-89.893130	28.000000	24.259542	9.854057
-0.522461	0.257812	0.972168	-106.770992	26.641221	22.664122	9.864281
-0.541748	0.095215	1.045166	-110.381679	21.251908	20.717557	9.874692
-0.546143	-0.039062	1.105713	-100.412214	16.000000	21.435115	9.885446
-0.550049	-0.182129	1.132568	-82.900763	11.839695	19.206107	9.895878
-0.556152	-0.278076	1.145752	-61.236641	8.358779	9.992366	9.905594
-0.543213	-0.360840	1.155518	-33.083969	4.389313	-7.580153	9.916378
-0.577637	-0.354492	1.141846	1.129771	-11.167939	-21.969466	9.926793
-0.554199	-0.186279	1.095947	38.320611	-20.732824	-30.183206	9.937462
-0.476562	-0.099609	0.964600	65.412214	-21.114504	-36.274809	9.948026
-0.424805	0.098877	0.857422	90.503817	-14.740458	-39.473282	9.958429
-0.426514	0.286865	0.797119	109.152672	-9.465649	-37.488550	9.968528
-0.430908	0.488037	0.738281	121.885496	-5.580153	-26.900763	9.979260
-0.435791	0.667725	0.699707	126.229008	0.641221	-13.763359	9.990059
-0.446045	0.823975	0.682373	115.221374	5.755725	-5.236641	10.000156
-0.438721	0.961670	0.656738	81.221374	8.229008	1.312977	10.011359
-0.451660	1.020264	0.655029	39.229008	9.320611	6.366412	10.022045
-0.453125	0.990234	0.665283	-6.442748	10.847328	7.534351	10.032336
-0.453857	0.796387	0.662842	-39.106870	15.053435	6.793893	10.042945
-0.473389	0.764160	0.714844	-57.664122	16.175573	10.633588	10.053444
-0.438721	0.624268	0.732178	-73.274809	17.099237	19.183206	10.063590
-0.440186	0.497803	0.754639	-81.152672	15.099237	28.351145	10.073477
-0.456787	0.369385	0.857666	-88.641221	16.328244	31.114504	10.084033
-0.492188	0.209229	0.956055	-90.908397	19.038168	29.893130	10.094753
-0.533447	0.097168	1.028809	-86.931298	16.450382	30.053435	10.105097
-0.546631	-0.032227	1.066162	-74.809160	14.908397	29.190840	10.115509
-0.590332	-0.137695	1.129639	-60.206107	11.557252	21.068702	10.125972
-0.640625	-0.206055	1.196289	-42.877863	2.961832	6.236641	10.136485
-0.622559	-0.222656	1.172852	-15.862595	-10.473282	-11.206107	10.147132
-0.546387	-0.123047	1.077881	7.832061	-18.061069	-23.053435	10.157422
-0.489746	0.066650	0.966553	26.854962	-19.748092	-25.068702	10.167887
-0.439209	0.108887	0.887939	42.809160	-14.870229	-24.366412	10.177580
-0.429199	0.197021	0.833984	57.465649	-9.526718	-23.541985	10.188029
-0.456055	0.297363	0.824951	73.061069	-8.152672	-19.305344	10.198924
-0.442627	0.432617	0.796631	77.763359	-8.824427	-15.969466	10.209313
-0.428955	0.555420	0.744873	81.076336	-4.473282	-10.557252	10.220107
-0.409668	0.686035	0.708252	70.022901	-1.129771	-5.175573	10.230427
-0.413574	0.778564	0.691162	52.213740	3.679389	0.923664	10.240790
-0.436768	0.812744	0.710938	21.923664	6.259542	5.862595	10.251280
-0.458740	0.789307	0.725342	-9.312977	9.015267	8.839695	10.261740
-0.445801	0.649170	0.711182	-30.030534	12.396947	9.786260	10.272082
-0.450684	0.552490	0.732666	-35.641221	14.320611	13.175573	10.282580
-0.459961	0.543945	0.777832	-36.106870	14.267176	22.297710	10.292782
-0.467041	0.496826	0.830078	-42.000000	14.442748	32.015267	10.303124
-0.493164	0.380127	0.914795	-56.900763	14.343511	34.687023	10.313578
-0.529053	0.264404	0.997559	-73.022901	13.603053	29.519084	10.323936
-0.589844	0.065674	1.080078	-82.480916	10.801527	20.625954	10.334184
-0.637451	-0.060059	1.156982	-75.396947	3.236641	11.648855	10.344757
-0.656738	-0.134521	1.196777	-54.946565	-9.335878	-1.709924	10.355637
-0.606689	-0.165283	1.126221	-29.732824	-20.778626	-11.618321	10.365674
-0.526367	-0.139160	1.025635	-2.305344	-25.473282	-19.748092	10.375903
-0.467041	-0.024414	0.956299	20.992366	-25.145038	-23.419847	10.385504
-0.429932	0.117432	0.877441	37.114504	-22.534351	-21.641221	10.395557
-0.398193	0.157471	0.810303	56.351145	-15.274809	-22.954198	10.406568
-0.411133	0.285156	0.775635	73.763359	-10.091603	-24.419847	10.417094
-0.407959	0.428223	0.749756	85.549618	-7.099237	-22.236641	10.427477
-0.396973	0.601318	0.717041	85.832061	-5.091603	-15.587786	10.438076
-0.380615	0.737549	0.680664	76.015267	-2.160305	-6.893130	10.448731
-0.384033	0.816650	0.666748	49.503817	1.595420	1.351145	10.459104
-0.405518	0.856445	0.681885	14.328244	6.229008	6.824427	10.469486
-0.430176	0.763916	0.699463	-20.251908	10.038168	9.061069	10.479960
-0.447021	0.555908	0.747803	-40.274809	15.374046	6.572519	10.493356
-0.479248	0.543457	0.812744	-50.549618	15.877863	11.564885	10.504435
-0.512451	0.395508	0.882080	-59.099237	14.786260	15.389313	10.514661
-0.529053	0.274170	0.938232	-64.885496	12.496183	13.923664	10.525033
-0.546875	0.161377	1.007812	-62.786260	7.450382	10.022901	10.535394
-0.573486	0.077637	1.063965	-55.809160	0.709924	6.511450	10.545823
-0.586670	0.016846	1.098389	-44.167939	-5.236641	1.748092	10.556030
-0.572021	-0.022949	1.096191	-28.961832	-10.938931	-5.549618	10.566653
-0.547607	-0.034424	1.054688	-10.465649	-13.007634	-11.809160	10.576858
-0.523682	0.021973	1.003418	7.595420	-15.389313	-19.541985	10.586579
-0.474365	0.152100	0.945068	22.717557	-16.198473	-20.007634	10.597734
-0.446533	0.219727	0.862793	33.770992	-16.297710	-18.549618	10.608728
-0.432129	0.279785	0.817871	45.916031	-12.549618	-20.389313	10.619008
-0.434814	0.386963	0.799805	56.824427	-9.389313	-21.480916	10.629752
-0.427979	0.514893	0.763672	64.160305	-7.419847	-14.175573	10.640221
-0.400391	0.646484	0.716553	60.755725	-4.251908	-5.687023	10.650857
-0.380859	0.724854	0.672119	47.778626	0.801527	1.656489	10.660696
-0.380615	0.766846	0.655762	23.977099	6.977099	7.404580	10.671335
-0.404053	0.750977	0.672119	-0.480916	11.114504	10.885496	10.681538
-0.417969	0.672607	0.689453	-17.694656	12.862595	13.129771	10.691997
-0.436768	0.568848	0.719238	-28.564885	14.748092	13.687023	10.702334
-0.433838	0.504395	0.757568	-31.465649	16.007634	19.374046	10.712599
-0.457520	0.463867	0.824219	-38.625954	14.648855	22.580153	10.722904
-0.506348	0.357910	0.934082	-55.648855	12.358779	22.656489	10.733417
-0.544189	0.253174	0.999023	-66.755725	9.389313	17.183206	10.743785
-0.565918	0.135498	1.059082	-69.557252	6.244275	11.022901	10.754200
-0.574463	0.048584	1.076660	-62.435115	3.167939	6.374046	10.763688
-0.578125	-0.026611	1.095703	-48.030534	-1.465649	1.122137	10.773181
-0.560059	-0.073975	1.076660	-26.419847	-6.832061	-4.954198	10.783041
-0.534668	-0.061035	1.026855	-3.145038	-11.900763	-11.030534	10.793137
-0.505615	0.078857	0.979980	19.923664	-15.992366	-16.450382	10.805188
-0.461182	0.199951	0.924072	28.335878	-17.511450	-17.404580	10.815310
-0.431641	0.228027	0.838623	39.725191	-13.763359	-20.038168	10.825927
-0.408936	0.325439	0.798584	49.099237	-9.076336	-20.068702	10.836323
-0.421631	0.427002	0.772949	56.198473	-4.595420	-16.534351	10.847263
-0.420410	0.535645	0.743164	56.068702	-1.992366	-12.320611	10.857672
-0.418213	0.626465	0.731445	48.297710	0.801527	-7.977099	10.868031
-0.426025	0.695557	0.705811	32.129771	2.679389	-3.145038	10.878656
-0.425781	0.728760	0.720703	13.427481	4.007634	1.809160	10.888474
-0.430664	0.667480	0.728760	-11.282443	5.770992	7.473282	10.899682
-0.447266	0.537354	0.752441	-23.190840	7.664122	9.419847	10.909822
-0.476074	0.453125	0.797363	-26.083969	10.091603	9.465649	10.919915
-0.490967	0.419922	0.828125	-25.358779	12.251908	11.954198	10.930445
-0.501221	0.393066	0.897217	-30.312977	12.061069	14.992366	10.940955
-0.523438	0.313232	0.944336	-34.977099	11.519084	13.206107	10.951255
-0.542725	0.253418	0.996094	-40.404580	8.664122	8.137405	10.960775
-0.564697	0.189453	1.047119	-42.442748	2.549618	3.374046	10.971796
-0.573975	0.131348	1.072266	-37.251908	-1.984733	0.595420	10.982080
-0.574951	0.081055	1.066895	-27.442748	-10.022901	-3.374046	10.992063
-0.540039	0.048584	1.021973	-12.190840	-15.389313	-8.549618	11.002834
-0.513428	0.081055	0.973877	2.557252	-15.992366	-13.076336	11.012517
-0.494629	0.164307	0.947754	15.450382	-16.885496	-15.572519	11.023021
-0.471680	0.249023	0.918213	21.633588	-16.801527	-16.000000	11.032517
-0.442871	0.303955	0.839355	25.862595	-16.282443	-16.061069	11.041981
-0.407471	0.335938	0.770020	37.458015	-12.061069	-16.389313	11.053750
-0.391602	0.446289	0.743408	44.801527	-8.450382	-12.366412	11.064254
-0.416992	0.547119	0.732178	37.183206	-3.427481	-9.488550	11.074556
-0.424072	0.627930	0.729248	42.312977	1.786260	0.435115	11.084627
-0.450928	0.666748	0.743896	27.854962	3.091603	5.389313	11.094897
-0.462402	0.665039	0.769775	8.923664	4.068702	7.450382	11.105598
-0.454102	0.630127	0.743408	-11.244275	3.824427	5.847328	11.116133
-0.433838	0.534180	0.739502	-23.244275	5.259542	6.022901	11.126832
-0.423584	0.454590	0.754395	-26.648855	7.679389	8.297710	11.136950
-0.432861	0.402100	0.810303	-24.603053	10.870229	12.000000	11.147451
-0.456787	0.369629	0.879395	-28.580153	11.824427	14.809160	11.157943
-0.472656	0.294922	0.939209	-33.648855	10.564885	13.702290	11.167835
-0.504150	0.221436	0.986084	-40.015267	7.687023	7.885496	11.177506
-0.551270	0.153076	1.059326	-41.526718	3.580153	0.290076	11.188246
-0.584229	0.101074	1.091309	-35.832061	-3.114504	-7.404580	11.198612
-0.568848	0.068604	1.060059	-23.099237	-10.236641	-14.030534	11.208542
-0.524902	0.092773	0.986816	-6.015267	-14.358779	-18.282443	11.218603
-0.468750	0.190918	0.933105	9.549618	-12.824427	-19.381679	11.229670
-0.452393	0.291260	0.893555	17.412214	-11.396947	-17.038168	11.239409
-0.435547	0.357178	0.847168	23.007634	-8.229008	-14.755725	11.250195
-0.421875	0.363525	0.805908	28.595420	-5.503817	-14.419847	11.260047
-0.429199	0.449707	0.791016	35.129771	-1.984733	-11.251908	11.269909
-0.438232	0.543213	0.780273	37.480916	1.923664	-3.809160	11.280722
-0.438232	0.600586	0.785156	34.404580	4.045802	2.916031	11.291088
-0.455322	0.630615	0.758789	23.114504	4.854962	5.709924	11.301135
-0.444336	0.642578	0.748535	9.755725	6.427481	5.595420	11.311416
-0.436523	0.638184	0.738037	-8.099237	8.045802	6.435115	11.321895
-0.435547	0.576904	0.745850	-21.381679	9.824427	8.198473	11.332126
-0.458252	0.472900	0.794434	-25.702290	11.267176	10.305344	11.342329
-0.486572	0.395020	0.870605	-26.671756	10.687023	11.916031	11.352875
-0.518066	0.373047	0.940918	-28.030534	8.412214	11.931298	11.363058
-0.531006	0.320801	0.990723	-36.091603	4.358779	12.404580	11.372571
-0.518066	0.233887	1.010254	-41.854962	0.641221	8.656489	11.382672
-0.534424	0.164551	1.023438	-43.931298	-2.755725	2.656489	11.392506
-0.523438	0.076172	1.009033	-35.732824	-6.519084	-3.664122	11.403659
-0.505127	0.044434	0.988525	-21.305344	-11.312977	-8.587786	11.413997
-0.485840	0.064209	0.951904	2.236641	-11.824427	-12.480916	11.424168
-0.468262	0.207520	0.919922	18.633588	-11.236641	-12.206107	11.434384
-0.459229	0.307373	0.870605	22.160305	-12.053435	-11.809160	11.444338
-0.443604	0.298096	0.829102	27.267176	-9.641221	-14.732824	11.455428
-0.435303	0.393066	0.794922	33.412214	-7.122137	-16.282443	11.465238
-0.435059	0.514160	0.755615	38.931298	-4.480916	-10.679389	11.475328
-0.426270	0.597168	0.747559	37.564885	-0.251908	0.809160	11.485795
-0.424316	0.632568	0.737061	25.984733	3.519084	7.801527	11.496198
-0.431641	0.636719	0.745361	8.412214	6.412214	8.786260	11.505764
-0.463135	0.591309	0.765381	-10.419847	7.648855	6.908397	11.516322
-0.468994	0.515625	0.786865	-20.931298	8.458015	5.488550	11.526504
-0.461182	0.435547	0.810791	-24.442748	9.007634	6.061069	11.536989
-0.458984	0.384277	0.839844	-21.977099	10.091603	9.473282	11.547442
-0.462402	0.351807	0.900635	-23.793893	10.366412	10.343511	11.557154
-0.482666	0.305664	0.947266	-31.175573	8.297710	9.923664	11.566965
-0.511963	0.239990	0.997803	-37.442748	6.129771	5.190840	11.577887
-0.548584	0.160645	1.037598	-39.190840	1.778626	-1.045802	11.587776
-0.580811	0.104736	1.060303	-34.412214	-3.137405	-6.908397	11.598144
-0.584229	0.074707	1.055664	-17.946565	-11.106870	-12.007634	11.608160
-0.534424	0.104248	0.972656	1.137405	-15.862595	-16.404580	11.618509
-0.488525	0.215332	0.916748	14.106870	-15.412214	-17.015267	11.628410
-0.460938	0.344482	0.875488	20.167939	-14.274809	-14.335878	11.639483
-0.446533	0.375488	0.829346	19.580153	-12.885496	-12.122137	11.649214
-0.417969	0.394287	0.781494	29.358779	-9.099237	-11.053435	11.658727
-0.417969	0.463135	0.758545	32.946565	-5.633588	-7.480916	11.668225
-0.417969	0.521729	0.738281	33.450382	-1.839695	-2.656489	11.677771
-0.417480	0.588135	0.744141	27.748092	2.068702	1.213740	11.688019
-0.414307	0.621582	0.727783	12.961832	4.412214	3.694656	11.699712
-0.423584	0.610840	0.747314	-2.328244	8.541985	4.091603	11.709759
-0.426270	0.556641	0.738770	-16.740458	9.740458	2.114504	11.720247
-0.429443	0.482422	0.739502	-23.229008	11.801527	0.763359	11.730617
-0.423096	0.454590	0.750244	-23.580153	14.404580	3.198473	11.740914
-0.430176	0.410889	0.778076	-22.175573	16.190840	7.900763	11.751619
-0.450928	0.353027	0.821777	-20.564885	18.732824	11.122137	11.762131
-0.483643	0.354736	0.927246	-24.633588	18.328244	9.106870	11.772675
-0.514893	0.302490	0.973877	-35.167939	14.725191	7.068702	11.783051
-0.548096	0.224121	1.006348	-41.793893	10.740458	3.580153	11.793347
-0.579102	0.134277	1.052490	-39.335878	5.366412	-0.992366	11.803720
-0.610840	0.076172	1.093750	-29.000000	-1.091603	-5.129771	11.813533
-0.590088	0.054199	1.045410	-9.129771	-9.671756	-9.648855	11.824123
-0.533447	0.139404	0.993652	8.984733	-13.633588	-12.641221	11.834911
-0.481445	0.258789	0.922119	16.053435	-15.145038	-12.221374	11.845440
-0.455078	0.318848	0.873779	15.595420	-13.267176	-13.061069	11.855428
-0.443115	0.339355	0.833008	14.274809	-10.236641	-14.893130	11.865597
-0.443359	0.348633	0.803467	16.290076	-6.412214	-16.312977	11.875688
-0.473145	0.397217	0.803955	23.076336	-3.083969	-14.305344	11.886243
-0.489990	0.480225	0.807129	30.763359	-2.213740	-9.396947	11.896888
-0.481445	0.561279	0.791260	32.145038	-2.038168	-2.847328	11.907348
-0.469971	0.625000	0.769043	25.312977	-2.175573	0.977099	11.917259
-0.449463	0.652344	0.733887	6.847328	0.007634	3.473282	11.927899
-0.429199	0.642822	0.744629	-11.229008	3.305344	6.152672	11.937769
-0.437256	0.525391	0.763916	-23.778626	7.931298	7.809160	11.948655
-0.448486	0.447998	0.819092	-24.167939	11.664122	10.656489	11.959147
-0.460693	0.423096	0.842041	-23.206107	14.183206	15.045802	11.968889
-0.466064	0.366211	0.893799	-22.106870	16.648855	19.450382	11.978639
-0.520508	0.330566	0.960693	-24.419847	17.671756	20.625954	11.989780
-0.580078	0.226318	1.046143	-35.549618	12.824427	17.206107	12.000116
-0.630859	0.116943	1.104736	-37.763359	3.534351	6.961832	12.010617
-0.622314	0.073242	1.093506	-28.229008	-6.473282	-2.259542	12.020687
-0.577881	0.056152	1.043945	-15.809160	-21.030534	-8.412214	12.030594
-0.497559	0.123535	0.964844	1.641221	-22.488550	-11.832061	12.041654
-0.447266	0.203857	0.886963	9.824427	-20.374046	-12.503817	12.051955
-0.436768	0.259277	0.860352	17.503817	-16.595420	-12.717557	12.062225
-0.428711	0.319336	0.845947	20.106870	-12.648855	-13.748092	12.072690
-0.421143	0.316162	0.784424	25.236641	-7.038168	-16.038168	12.083133
-0.436279	0.410645	0.775146	31.488550	-3.282443	-13.893130	12.093192
-0.454834	0.504639	0.776855	33.809160	-2.679389	-8.488550	12.103942
-0.457520	0.571533	0.757568	28.770992	-3.732824	-2.992366	12.114662
-0.443115	0.619141	0.718018	19.091603	-2.954198	0.015267	12.124681
-0.427246	0.633057	0.717285	4.610687	-1.106870	1.809160	12.135356
-0.432617	0.604736	0.706787	-9.274809	2.229008	3.374046	12.145867
-0.422363	0.542236	0.712891	-19.763359	5.793893	4.748092	12.156080
-0.433594	0.462891	0.751953	-23.435115	10.381679	5.717557	12.166332
-0.450195	0.409180	0.805420	-23.083969	13.206107	7.694656	12.176896
-0.480225	0.350342	0.864502	-23.877863	15.030534	9.198473	12.187225
-0.531738	0.355957	0.953613	-30.015267	12.366412	9.709924	12.197698
-0.555420	0.270020	1.014648	-37.870229	7.839695	5.748092	12.208101
-0.564209	0.184814	1.045410	-43.709924	2.229008	-0.564885	12.218442
-0.556641	0.111084	1.057373	-41.221374	-4.122137	-6.137405	12.228825
-0.545654	0.069824	1.039795	-30.106870	-9.877863	-10.343511	12.239368
-0.522949	0.020752	1.005615	-11.839695	-12.351145	-14.030534	12.249933
-0.520020	0.021729	0.988525	8.954198	-13.725191	-18.106870	12.259640
-0.503906	0.159912	0.949219	24.435115	-14.870229	-20.022901	12.269257
-0.483398	0.281738	0.906982	31.595420	-16.007634	-20.076336	12.278774
-0.445557	0.296631	0.817627	36.068702	-15.557252	-20.335878	12.288288
-0.425537	0.432617	0.766602	44.893130	-10.664122	-20.190840	12.299942
-0.408936	0.545166	0.727783	46.900763	-7.122137	-14.000000	12.309749
-0.403076	0.639160	0.702148	48.404580	-1.633588	-3.862595	12.319365
-0.395508	0.703125	0.687256	36.656489	3.068702	3.603053	12.330107
-0.421631	0.722168	0.665527	13.206107	8.335878	6.992366	12.340463
-0.432373	0.692383	0.692383	-10.274809	10.816794	7.053435	12.350948
-0.445801	0.599365	0.711182	-24.709924	12.572519	6.961832	12.361388
-0.453369	0.499512	0.746094	-31.152672	14.427481	8.549618	12.371797
-0.475830	0.436279	0.803955	-31.984733	15.862595	11.809160	12.382122
-0.506836	0.410645	0.885742	-35.358779	16.633588	12.877863	12.392535
-0.535645	0.333008	0.955566	-45.290076	14.351145	12.786260	12.403575
-0.552734	0.238037	1.012939	-51.709924	11.030534	11.687023	12.413618
-0.575684	0.144531	1.075195	-53.122137	6.305344	5.717557	12.423920
-0.591797	0.040039	1.080566	-46.641221	0.114504	1.206107	12.434238
-0.586670	-0.038574	1.080322	-30.816794	-6.564885	-4.755725	12.444336
-0.551270	-0.045898	1.019287	-4.938931	-11.832061	-12.809160	12.455013
-0.513672	0.088135	0.955078	13.694656	-13.488550	-16.877863	12.465481
-0.480713	0.262207	0.906006	27.954198	-12.786260	-14.251908	12.475693
-0.445801	0.272949	0.832764	36.595420	-10.389313	-14.114504	12.487009
-0.448242	0.366943	0.799805	45.625954	-7.000000	-13.900763	12.499571
-0.446289	0.473633	0.775146	48.534351	-5.778626	-10.717557	12.509428
-0.438721	0.564209	0.746094	44.702290	-5.862595	-6.488550	12.519876
-0.421143	0.637939	0.735352	32.778626	-1.908397	-3.503817	12.530241
-0.413574	0.685547	0.730957	12.557252	1.061069	-1.160305	12.540628
-0.424805	0.650146	0.708984	-11.381679	4.603053	1.351145	12.551106
-0.428467	0.533203	0.725098	-23.114504	7.664122	1.557252	12.561553
-0.448242	0.472168	0.749512	-23.503817	9.977099	4.000000	12.571967
-0.469727	0.448730	0.802979	-21.396947	11.427481	9.213740	12.582342
-0.495850	0.407959	0.852295	-21.389313	12.175573	12.809160	12.592620
-0.532227	0.368652	0.937988	-27.496183	10.687023	11.748092	12.602998
-0.553467	0.303467	0.994385	-38.106870	6.038168	8.687023	12.613647
-0.562988	0.226807	1.032715	-43.358779	1.664122	5.083969	12.623899
-0.558594	0.166748	1.055176	-44.198473	-2.847328	1.106870	12.633895
-0.549316	0.074463	1.058594	-39.015267	-7.755725	-3.442748	12.644198
-0.540039	0.017090	1.043213	-25.977099	-12.007634	-8.770992	12.654853
-0.528809	-0.008057	1.003662	-7.816794	-17.572519	-15.236641	12.665284
-0.516357	0.102051	0.975098	15.213740	-19.213740	-18.862595	12.675486
-0.475098	0.260498	0.898926	25.992366	-20.374046	-17.419847	12.685923
-0.432617	0.268311	0.797119	31.259542	-18.580153	-16.160305	12.696313
-0.425781	0.344482	0.771240	38.251908	-12.450382	-18.992366	12.706904
-0.427246	0.462891	0.745605	43.068702	-8.610687	-17.213740	12.717155
-0.415283	0.589111	0.712891	46.236641	-4.916031	-11.633588	12.727537
-0.389893	0.683838	0.682129	36.633588	-0.603053	-1.213740	12.737510
-0.389160	0.698242	0.679932	12.984733	5.511450	3.442748	12.748543
-0.420654	0.618408	0.702393	-12.221374	11.083969	2.984733	12.759148
-0.468750	0.505615	0.755615	-23.603053	14.099237	1.015267	12.769372
-0.522705	0.434570	0.822266	-23.854962	13.832061	1.580153	12.780003
-0.555420	0.400391	0.878906	-18.389313	10.190840	4.564885	12.790101
-0.553223	0.392578	0.906982	-17.763359	7.755725	5.702290	12.800507
-0.526123	0.366211	0.898193	-22.015267	3.152672	4.938931	12.810954
-0.516357	0.372803	0.927734	-29.984733	2.076336	5.206107	12.821292
-0.519531	0.281494	0.935791	-36.122137	0.740458	5.679389	12.831619
-0.521484	0.186523	0.959229	-34.022901	0.221374	4.427481	12.842042
-0.526611	0.126221	0.992432	-24.503817	-1.175573	1.328244	12.852370
-0.520264	0.097900	0.981201	-8.580153	-2.740458	-2.709924	12.862875
-0.515869	0.141602	0.965820	5.778626	-4.000000	-6.045802	12.872868
-0.501953	0.227295	0.950928	12.763359	-5.557252	-8.259542	12.883596
-0.491943	0.280762	0.935303	12.389313	-7.053435	-10.404580	12.893739
-0.479248	0.286865	0.882324	10.641221	-8.229008	-14.206107	12.904223
-0.452881	0.353027	0.851074	12.595420	-8.725191	-15.816794	12.914677
-0.439453	0.417236	0.800537	14.580153	-7.320611	-13.977099	12.924867
-0.432373	0.411133	0.776123	18.137405	-4.671756	-10.564885	12.935078
-0.456055	0.477051	0.769043	22.908397	-1.389313	-7.847328	12.944775
-0.458008	0.556396	0.778809	23.053435	0.694656	-2.992366	12.955387
-0.448730	0.605957	0.743164	14.854962	2.419847	2.312977	12.966109
-0.441162	0.613037	0.739502	-0.396947	4.740458	5.740458	12.976614
-0.439697	0.560303	0.728760	-14.793893	6.969466	7.404580	12.987095
-0.449219	0.473877	0.750977	-22.190840	9.687023	8.106870	12.997311
-0.462646	0.425537	0.801025	-22.534351	12.106870	9.931298	13.008194
-0.472656	0.367432	0.813232	-21.610687	14.167939	12.251908	13.018874
-0.501953	0.292969	0.879639	-21.351145	15.206107	11.282443	13.029258
-0.526611	0.262207	0.945557	-22.412214	14.648855	7.748092	13.039148
-0.549561	0.253418	1.002197	-26.732824	10.022901	5.740458	13.049672
-0.576904	0.199707	1.031982	-27.916031	4.038168	3.610687	13.059745
-0.572998	0.140869	1.039062	-25.190840	-3.229008	-0.992366	13.070447
-0.551514	0.100342	1.007812	-15.969466	-9.068702	-6.396947	13.080955
-0.520264	0.104248	0.960205	-1.709924	-12.412214	-11.320611	13.091268
-0.482666	0.199707	0.902832	10.351145	-11.503817	-13.160305	13.102295
-0.475342	0.287109	0.859619	15.015267	-9.274809	-12.259542	13.112749
-0.469482	0.334473	0.841309	15.190840	-6.564885	-13.122137	13.123343
-0.477051	0.378418	0.821289	15.839695	-5.259542	-14.343511	13.133485
-0.476562	0.437012	0.797119	16.679389	-4.557252	-13.564885	13.143515
-0.463623	0.447754	0.768311	23.557252	-2.954198	-13.648855	13.154524
-0.447754	0.537842	0.750732	27.244275	-1.022901	-6.465649	13.164908
-0.434814	0.618652	0.720459	25.648855	2.557252	1.603053	13.175127
-0.419678	0.685547	0.712402	12.763359	6.305344	8.496183	13.185239
-0.418701	0.673340	0.722412	-10.633588	10.847328	13.160305	13.195821
-0.434082	0.527100	0.759766	-28.923664	14.587786	12.992366	13.206236
-0.447266	0.397949	0.803223	-35.015267	17.091603	12.030534	13.216328
-0.489746	0.375244	0.897217	-35.251908	17.389313	12.587786	13.227003
-0.527100	0.264648	0.957031	-43.511450	13.992366	13.083969	13.237072
-0.561523	0.172607	1.009033	-46.480916	10.786260	7.267176	13.247319
-0.579834	0.086426	1.040771	-43.335878	5.534351	-1.610687	13.257957
-0.595703	0.031982	1.054688	-31.625954	-0.435115	-8.694656	13.268412
-0.582764	0.031006	1.037598	-11.587786	-6.564885	-10.664122	13.278888
-0.541748	0.095215	0.986328	5.595420	-9.854962	-10.603053	13.289108
-0.504883	0.184082	0.925781	16.702290	-9.152672	-10.213740	13.299548
-0.505127	0.253906	0.891357	19.129771	-8.282443	-12.717557	13.309898
-0.519043	0.316895	0.886963	20.427481	-8.541985	-14.610687	13.320283
-0.498535	0.325195	0.811035	24.045802	-9.709924	-15.709924	13.330551
-0.479248	0.399170	0.762939	33.480916	-8.488550	-15.236641	13.340856
-0.455566	0.498291	0.726318	37.862595	-6.534351	-11.931298	13.351142
-0.432373	0.603516	0.710205	33.908397	-3.488550	-7.755725	13.361566
-0.412109	0.663330	0.680908	21.145038	1.923664	0.648855	13.371872
-0.415771	0.671143	0.675537	-1.931298	7.946565	4.709924	13.382432
-0.440430	0.568115	0.708740	-17.839695	11.274809	7.030534	13.393053
-0.460449	0.471680	0.746826	-22.404580	13.229008	8.992366	13.403513
-0.478516	0.420410	0.773438	-21.480916	14.152672	11.526718	13.414005
-0.492188	0.385498	0.823975	-22.740458	14.992366	13.175573	13.424160
-0.524658	0.319336	0.900635	-27.717557	14.297710	10.458015	13.434736
-0.560303	0.287598	0.973389	-38.610687	11.931298	7.183206	13.445408
-0.568848	0.211670	1.004883	-43.000000	7.251908	2.557252	13.455833
-0.575439	0.147949	1.017090	-40.160305	2.763359	-0.900763	13.465937
-0.564209	0.087158	1.008057	-28.328244	-1.458015	-2.679389	13.476640
-0.539795	0.044922	0.981934	-11.412214	-5.213740	-5.122137	13.486908
-0.545410	0.069092	0.974609	6.526718	-7.183206	-8.000000	13.497578
-0.542725	0.185791	0.946777	17.793893	-9.641221	-10.786260	13.508069
-0.540039	0.270508	0.932861	18.900763	-12.732824	-13.022901	13.519479
-0.524170	0.317139	0.890137	15.534351	-14.396947	-16.839695	13.530819
-0.491455	0.356445	0.829590	15.977099	-13.793893	-18.549618	13.541804
-0.454834	0.377441	0.777588	22.030534	-11.427481	-15.740458	13.552873
-0.430420	0.431396	0.735840	27.725191	-7.061069	-10.984733	13.563140
-0.429932	0.504150	0.718262	30.992366	-1.358779	-5.221374	13.574160
-0.441895	0.562256	0.722412	27.183206	2.923664	-1.213740	13.583902
-0.459961	0.595459	0.729004	18.305344	5.526718	2.114504	13.593361
-0.472168	0.623535	0.741943	3.427481	6.480916	4.603053	13.603410
-0.486328	0.572754	0.743164	-13.908397	7.114504	6.290076	13.614878
-0.477051	0.479980	0.761475	-21.167939	8.595420	6.290076	13.625609
-0.493652	0.429199	0.779785	-22.267176	10.664122	8.618321	13.636020
-0.513916	0.385498	0.833008	-20.923664	11.740458	12.282443	13.646648
-0.535156	0.328613	0.859619	-21.778626	11.511450	13.709924	13.656746
