0.052002	0.895020	0.283936	1.671756	-22.946565	-1.763359	0.007926
0.084961	0.919922	0.239014	-2.221374	-20.374046	-3.450382	0.015619
0.052734	0.951660	0.208008	-1.099237	-13.687023	-2.503817	0.023208
0.055908	0.937500	0.195557	4.312977	-9.282443	-0.480916	0.030875
0.073242	0.933350	0.191406	-7.099237	1.343511	-0.664122	0.038460
0.071045	0.950684	0.191406	-14.076336	9.625954	1.511450	0.046022
0.083008	0.939209	0.228027	2.580153	14.763359	3.106870	0.053607
0.062256	0.907715	0.269287	-7.648855	19.679389	2.954198	0.061173
0.072998	0.909180	0.307373	-10.351145	20.732824	1.503817	0.068848
0.062988	0.912109	0.332031	-15.190840	18.137405	0.541985	0.076446
0.016602	0.916748	0.295410	-14.526718	19.992366	-0.519084	0.084068
0.065430	0.910156	0.308838	-6.122137	11.732824	0.106870	0.091726
0.093750	0.919922	0.298096	-23.091603	17.893130	-0.419847	0.099300
0.072754	0.918457	0.295166	-8.946565	19.038168	1.496183	0.106899
0.119629	0.894775	0.303711	-7.832061	13.786260	0.587786	0.114477
0.094971	0.908447	0.323242	-18.778626	23.419847	-0.908397	0.122050
0.059326	0.909668	0.316895	-12.404580	17.709924	-1.297710	0.129630
0.075439	0.895020	0.325928	-9.305344	17.091603	-3.244275	0.137194
0.052002	0.897705	0.312988	-19.183206	17.198473	-4.580153	0.144741
0.072021	0.915039	0.328613	-12.694656	15.312977	-4.351145	0.152338
0.063965	0.913574	0.352051	-9.877863	13.770992	-4.022901	0.159892
0.059082	0.910400	0.364990	-4.809160	10.603053	-4.183206	0.167499
0.055176	0.912354	0.379883	-7.167939	6.389313	-4.832061	0.175089
0.054932	0.915039	0.390137	-6.580153	-0.396947	-4.564885	0.182717
0.054443	0.934326	0.382080	-1.923664	-7.641221	-3.061069	0.190259
0.048096	0.923096	0.352051	0.854962	-12.305344	-1.274809	0.197847
0.060791	0.935059	0.321777	3.389313	-14.267176	1.213740	0.205394
0.057861	0.939941	0.300049	6.274809	-13.755725	3.381679	0.212989
0.051758	0.916504	0.302979	12.793893	-10.763359	3.893130	0.220828
0.029053	0.900635	0.302979	7.854962	-12.129771	3.954198	0.228734
0.065186	0.877441	0.333496	14.526718	-13.519084	1.809160	0.236349
0.049072	0.881104	0.340820	3.992366	-15.229008	-1.328244	0.244009
0.078125	0.887939	0.336914	5.908397	-17.969466	-3.419847	0.251587
0.020996	0.918213	0.283203	-10.847328	-19.458015	-4.961832	0.259210
0.083984	0.939453	0.314209	10.664122	-19.541985	-2.427481	0.266821
0.088135	0.941650	0.294434	8.870229	-19.068702	-0.305344	0.274822
0.067871	0.944092	0.278320	8.122137	-18.160305	1.129771	0.282846
0.062988	0.952881	0.248779	-0.045802	-15.412214	3.755725	0.290786
0.057861	0.958740	0.225586	9.916031	-15.007634	7.366412	0.298741
0.069580	0.933838	0.209717	10.061069	-7.091603	8.618321	0.306663
0.062500	0.917725	0.214844	-1.267176	1.335878	8.687023	0.314528
0.072510	0.900635	0.221924	3.450382	7.732824	9.160305	0.322534
0.069336	0.873291	0.252686	-0.083969	13.664122	5.885496	0.330461
0.063232	0.865967	0.278320	-9.725191	16.198473	1.702290	0.338429
0.054688	0.886719	0.286133	-16.778626	15.877863	-1.259542	0.346250
0.094971	0.909180	0.307129	-17.015267	15.068702	-3.000000	0.353962
0.060547	0.902588	0.292725	-8.206107	17.236641	-4.122137	0.361879
0.061768	0.919922	0.302246	-27.541985	20.305344	-4.198473	0.369773
0.062012	0.938477	0.287354	-14.045802	18.167939	-1.824427	0.377746
0.053467	0.926758	0.300781	-7.358779	19.396947	-0.748092	0.385607
0.077637	0.914307	0.319580	-8.137405	17.167939	-0.381679	0.393541
0.079346	0.910156	0.359863	-14.381679	17.725191	-0.793893	0.401549
0.071777	0.914062	0.374268	-6.946565	9.694656	-0.114504	0.409444
0.059326	0.900879	0.367676	-3.000000	6.213740	-1.190840	0.417354
0.059082	0.897705	0.369385	-7.076336	0.496183	-2.175573	0.425261
0.062744	0.903564	0.364502	-1.534351	-3.809160	-2.923664	0.433182
0.061523	0.907471	0.350342	-2.083969	-8.396947	-3.259542	0.440945
0.056152	0.916016	0.333008	-0.259542	-11.862595	-3.000000	0.448576
0.054932	0.925293	0.311523	3.709924	-13.748092	-2.145038	0.456156
0.040039	0.930420	0.290527	8.351145	-12.267176	-1.755725	0.464028
0.047363	0.906494	0.313477	9.236641	-16.229008	-0.671756	0.472099
0.076904	0.911377	0.342285	3.847328	-13.885496	-2.137405	0.480013
0.043701	0.918457	0.355713	11.923664	-20.717557	-1.358779	0.487661
0.021484	0.918457	0.353760	8.259542	-28.389313	-1.847328	0.495391
0.086914	0.932861	0.286621	15.335878	-42.916031	-2.977099	0.503043
0.085449	0.961914	0.290527	10.167939	-29.229008	1.503817	0.510631
0.078857	0.968018	0.269043	23.312977	-32.938931	7.358779	0.518305
0.084473	0.931152	0.258057	23.274809	-31.564885	7.297710	0.525866
0.068604	0.927979	0.202148	-0.022901	-23.343511	6.816794	0.533468
0.082764	0.948242	0.161621	10.572519	-15.839695	9.595420	0.541099
0.079590	0.921875	0.146973	9.442748	-2.725191	9.992366	0.548636
0.075684	0.881836	0.186279	6.618321	6.717557	7.938931	0.556163
0.066406	0.873047	0.215088	-0.045802	12.732824	3.305344	0.563745
0.099365	0.873779	0.257324	-7.404580	18.251908	-0.358779	0.571322
0.073242	0.866211	0.296875	-10.358779	19.969466	-4.801527	0.579319
0.078857	0.896729	0.323242	-17.358779	17.274809	-7.549618	0.587376
0.064697	0.932617	0.317627	-18.496183	15.137405	-8.053435	0.595310
0.074951	0.948730	0.328369	-12.587786	11.068702	-6.496183	0.603272
0.073730	0.974121	0.331543	-13.900763	6.488550	-2.282443	0.611248
0.088623	0.978516	0.310547	-3.389313	0.167939	4.480916	0.619372
0.039062	0.967285	0.290771	-5.908397	10.564885	7.167939	0.627269
0.058105	0.958252	0.276123	-2.160305	4.839695	10.618321	0.635267
0.071045	0.924805	0.269287	6.022901	9.137405	12.893130	0.643242
0.062988	0.885010	0.290527	-0.618321	9.854962	10.145038	0.651181
0.055908	0.861084	0.291992	-1.580153	9.511450	6.137405	0.659146
0.073975	0.860107	0.332031	-3.106870	7.664122	1.221374	0.667136
0.068604	0.856201	0.335449	-4.572519	4.190840	-4.175573	0.675663
0.067871	0.873779	0.339600	-11.595420	-0.076336	-9.893130	0.685497
0.088379	0.910156	0.314209	-12.503817	-2.488550	-12.389313	0.695243
0.075684	0.947021	0.307129	-6.061069	-5.076336	-11.335878	0.704951
0.076416	0.943359	0.324951	2.099237	-6.931298	-8.503817	0.714651
0.071289	0.938477	0.353027	4.992366	-10.610687	-5.648855	0.724489
0.050781	0.936279	0.339355	6.694656	-15.244275	-3.091603	0.734165
0.002930	0.959229	0.319336	-2.106870	-24.687023	-0.404580	0.743934
0.014893	0.970947	0.323730	12.450382	-24.870229	4.847328	0.753753
0.081787	0.937256	0.329590	28.503817	-30.908397	8.770992	0.763459
0.051758	0.937012	0.267334	9.664122	-32.916031	8.328244	0.773305
-0.050781	1.001709	0.151367	15.854962	-54.992366	6.809160	0.783121
0.042969	0.983398	0.132812	24.374046	-21.954198	11.816794	0.792862
0.113037	0.938232	0.137939	19.389313	-7.557252	15.076336	0.802307
0.095703	0.871338	0.116699	8.511450	5.961832	13.038168	0.811673
0.207031	0.837891	0.202881	-5.809160	26.419847	4.099237	0.821216
0.054443	0.832520	0.262207	-14.450382	27.954198	-2.045802	0.830977
0.063477	0.869629	0.292480	-28.251908	25.496183	-11.412214	0.840669
0.035889	0.907227	0.256592	-24.717557	24.778626	-15.511450	0.850355
0.096924	0.972412	0.270996	-35.335878	31.290076	-14.931298	0.859909
0.085205	0.987793	0.253174	-17.465649	30.122137	-5.839695	0.869717
0.109863	0.968018	0.320312	-12.213740	33.755725	0.633588	0.879421
0.044922	0.955811	0.313965	-13.473282	26.145038	4.458015	0.889162
0.026855	0.928711	0.298096	-14.511450	26.603053	6.312977	0.898845
0.051270	0.919922	0.315430	-10.099237	26.076336	6.664122	0.908547
0.073730	0.882568	0.343994	2.435115	19.625954	6.244275	0.918300
0.039551	0.868164	0.349854	-9.412214	13.152672	1.450382	0.928029
0.064697	0.885498	0.362549	-8.213740	7.167939	-2.809160	0.937798
0.062744	0.897949	0.352783	-6.267176	0.236641	-4.396947	0.947531
0.084961	0.919922	0.356689	-5.389313	-3.755725	-4.282443	0.957247
0.067627	0.934814	0.343506	2.114504	-8.717557	-2.648855	0.966877
0.068359	0.951660	0.327637	-1.549618	-10.977099	-1.305344	0.976748
0.065674	0.936035	0.319092	12.488550	-11.748092	2.732824	0.986783
0.055908	0.916992	0.336426	12.297710	-16.763359	3.427481	0.996486
0.067627	0.913086	0.356689	6.603053	-24.412214	1.969466	1.006685
0.083984	0.901367	0.340820	15.122137	-34.061069	0.541985	1.016744
0.068604	0.918701	0.257568	13.664122	-30.465649	-1.267176	1.026649
0.068604	0.924805	0.233398	16.488550	-30.694656	-0.137405	1.035941
0.076904	0.916504	0.284912	14.282443	-25.488550	-0.763359	1.045423
-0.001221	0.923584	0.196777	-11.458015	-22.679389	-3.236641	1.054973
0.114502	0.940918	0.245850	0.580153	-20.473282	-1.389313	1.064326
0.049316	0.934082	0.178711	4.473282	-11.839695	-0.778626	1.073815
0.090332	0.925537	0.195068	-2.923664	-2.809160	-1.809160	1.083670
0.068359	0.922852	0.200928	-4.633588	6.656489	-2.358779	1.093129
0.087646	0.919189	0.264404	-6.816794	11.007634	-2.435115	1.102436
0.075195	0.926758	0.259521	-11.526718	12.251908	-2.839695	1.111675
0.119385	0.929199	0.284180	-8.206107	15.541985	-1.709924	1.121478
0.095459	0.919678	0.297363	-11.427481	14.007634	-2.618321	1.131274
0.083496	0.930664	0.302002	-15.053435	14.358779	-3.969466	1.140993
0.094971	0.947266	0.302002	-10.824427	11.282443	-1.511450	1.150775
0.060547	0.947021	0.264160	-14.175573	8.320611	0.129771	1.160506
0.059570	0.951904	0.227295	-2.099237	12.610687	3.687023	1.170385
0.057373	0.922363	0.256592	-3.076336	18.198473	5.931298	1.180108
0.068115	0.903320	0.307617	-4.595420	20.152672	4.870229	1.189844
0.075684	0.888672	0.347168	-6.465649	16.992366	1.244275	1.199545
0.085449	0.881348	0.381836	-3.343511	7.847328	-1.786260	1.209278
0.069824	0.887939	0.374756	-3.992366	-2.274809	-5.503817	1.219698
0.063965	0.915283	0.323730	-5.595420	-9.854962	-7.763359	1.230947
0.004639	0.933350	0.258545	8.900763	-21.015267	-4.267176	1.242532
0.090820	0.941650	0.308105	0.541985	-9.832061	-6.259542	1.253120
0.083496	0.954346	0.340576	15.572519	-12.190840	-3.091603	1.263982
0.089355	0.924316	0.378662	20.274809	-21.977099	-0.496183	1.274570
0.027832	0.949707	0.297607	5.625954	-19.877863	2.152672	1.284755
-0.084961	1.032715	0.174805	-25.564885	-44.160305	1.061069	1.295049
0.091797	1.007080	0.177734	30.587786	-21.885496	18.740458	1.307506
0.122070	0.932617	0.170654	26.458015	-11.450382	23.740458	1.319658
0.218506	0.868164	0.159424	28.557252	6.702290	20.732824	1.331602
0.085693	0.805176	0.306396	2.297710	18.419847	8.213740	1.343373
0.069580	0.826416	0.300049	-23.221374	10.885496	-7.541985	1.355712
0.059570	0.906738	0.284180	-15.389313	12.381679	-11.412214	1.367776
0.078613	0.926025	0.296143	-10.603053	7.038168	-13.824427	1.379177
0.053467	0.991211	0.254639	-28.251908	7.465649	-7.290076	1.389689
0.126465	0.999512	0.229736	-7.236641	7.763359	1.389313	1.400385
0.092041	0.984863	0.200439	-7.106870	17.541985	4.801527	1.411032
0.059082	0.947998	0.233398	4.412214	23.725191	11.480916	1.423265
0.081787	0.878174	0.332031	2.030534	23.053435	9.549618	1.435062
0.064453	0.844971	0.384521	-0.152672	11.412214	1.251908	1.446126
0.074707	0.850586	0.400391	-5.801527	-2.763359	-7.625954	1.456762
0.075928	0.908936	0.348389	-9.458015	-14.137405	-12.160305	1.466932
0.062256	0.932129	0.294189	-1.389313	-17.549618	-12.404580	1.477824
0.069092	0.962158	0.235107	5.137405	-15.374046	-7.519084	1.490637
0.047119	1.013428	0.278809	-3.007634	-1.190840	0.748092	1.507028
0.082764	0.967529	0.314453	16.656489	-18.618321	4.870229	1.519145
0.063721	0.954590	0.306396	13.274809	-15.923664	7.839695	1.531123
-0.002441	0.979492	0.259766	22.305344	-37.824427	9.053435	1.543449
0.155762	0.952148	0.214111	18.145038	-10.152672	16.473282	1.555702
0.090820	0.915283	0.187012	9.488550	-2.145038	15.297710	1.567696
0.085449	0.901123	0.201416	-5.702290	10.053435	10.893130	1.579761
0.083984	0.910645	0.216797	-16.473282	18.717557	8.114504	1.591937
0.136230	0.905762	0.210693	0.954198	22.022901	9.709924	1.603999
0.067627	0.891602	0.171143	-9.236641	29.488550	3.541985	1.615872
0.092041	0.894043	0.267578	-17.351145	39.106870	0.946565	1.628221
0.057129	0.881348	0.270752	-20.778626	36.190840	-2.671756	1.640057
0.082764	0.902832	0.319580	-26.725191	37.732824	-7.946565	1.652459
0.077637	0.922607	0.348877	-20.595420	29.251908	-9.618321	1.664713
0.066406	0.933105	0.388672	-10.396947	16.923664	-8.213740	1.677497
0.075684	0.939453	0.408691	-5.343511	1.129771	-5.793893	1.689324
0.074707	0.963135	0.360840	-0.030534	-11.984733	-0.938931	1.701046
0.068359	0.974609	0.294189	10.183206	-19.267176	5.900763	1.712073
0.045410	0.940430	0.281250	13.229008	-22.687023	8.992366	1.724707
0.108398	0.913574	0.290527	15.748092	-15.763359	8.770992	1.736567
0.079346	0.895508	0.260254	14.824427	-23.603053	7.732824	1.748897
0.085449	0.899658	0.240234	5.893130	-13.748092	1.946565	1.759959
0.087158	0.916992	0.212891	4.282443	-5.183206	-0.236641	1.772620
0.081787	0.932617	0.194580	-3.526718	3.717557	-1.053435	1.784168
0.087158	0.932617	0.214600	-10.740458	11.862595	-0.557252	1.796371
0.083496	0.931641	0.255859	-8.396947	18.045802	1.473282	1.808765
0.063232	0.927979	0.268311	-14.748092	17.664122	0.847328	1.820383
0.112305	0.983398	0.268555	-11.778626	21.740458	7.396947	1.832699
0.085938	0.944336	0.241211	-10.221374	25.541985	9.969466	1.844521
0.048340	0.905518	0.292480	-7.664122	32.312977	10.641221	1.857111
0.072021	0.855469	0.304688	-3.656489	28.969466	3.687023	1.869534
0.079102	0.852295	0.316895	-17.458015	22.137405	-7.221374	1.881294
0.075684	0.884521	0.343262	-19.580153	18.625954	-12.167939	1.892550
0.067871	0.944092	0.272705	-24.099237	16.381679	-10.503817	1.904833
0.077637	0.897217	0.470703	-36.045802	4.656489	-13.587786	1.916904
0.072754	0.941406	0.415039	-3.099237	-13.190840	-13.106870	1.928650
0.039307	0.966309	0.342773	1.488550	-23.664122	-9.374046	1.940777
0.074951	1.005859	0.266846	2.244275	-26.435115	-2.618321	1.953083
0.077881	0.982178	0.289795	20.198473	-20.251908	4.900763	1.965189
0.048828	0.967773	0.249268	11.748092	-21.580153	9.603053	1.976870
0.113770	0.928955	0.260254	19.992366	-25.244275	9.564885	1.987708
0.054199	0.923096	0.273193	10.198473	-22.061069	11.175573	1.998298
0.103271	0.895508	0.282959	16.633588	-20.389313	9.740458	2.008740
0.067383	0.897217	0.220947	4.961832	-15.305344	4.083969	2.020397
0.083496	0.903809	0.243652	3.847328	-8.916031	1.083969	2.032299
0.103516	0.920166	0.239014	-0.427481	-0.732824	-1.305344	2.044236
0.080566	0.935059	0.226562	-4.893130	5.137405	-0.938931	2.055903
0.085938	0.944092	0.242676	-6.389313	10.664122	1.328244	2.068240
0.091064	0.931641	0.266602	-7.358779	11.732824	2.984733	2.079544
0.063232	0.928711	0.271729	-13.206107	13.854962	3.633588	2.089895
0.092529	0.938965	0.247803	-11.145038	10.053435	6.358779	2.101078
0.102051	0.921387	0.211426	-9.290076	19.229008	4.793893	2.113534
0.068359	0.896240	0.240479	-11.213740	27.908397	3.083969	2.125304
0.077881	0.878174	0.286621	-14.007634	27.320611	-1.183206	2.137351
0.079590	0.886963	0.355713	-19.977099	26.633588	-6.595420	2.149490
0.074707	0.909424	0.365967	-16.099237	14.465649	-9.045802	2.161436
0.093262	0.939453	0.339111	-10.641221	2.931298	-8.061069	2.173410
0.058105	0.965576	0.326660	-4.839695	-0.129771	-3.320611	2.185098
0.073242	0.961670	0.325928	3.557252	-5.038168	2.229008	2.197667
0.070068	0.936768	0.295410	3.580153	-4.519084	5.137405	2.209873
0.079834	0.912354	0.305908	6.824427	-7.068702	6.053435	2.221979
0.074707	0.901123	0.296387	4.748092	-7.900763	4.152672	2.233889
0.077881	0.907471	0.295898	2.015267	-8.870229	1.656489	2.245970
0.077148	0.907715	0.288574	4.900763	-9.664122	-1.320611	2.257988
0.090576	0.909912	0.321045	2.465649	-12.786260	-1.961832	2.270172
0.090576	0.931885	0.311523	7.916031	-19.564885	-1.015267	2.282237
0.075439	0.949707	0.252197	-3.580153	-15.740458	0.351145	2.293753
0.088135	0.952881	0.226074	5.000000	-13.412214	4.320611	2.304905
0.089111	0.931396	0.190186	2.465649	-4.946565	6.160305	2.316500
0.096924	0.907471	0.203125	-0.328244	7.068702	5.702290	2.328785
0.082764	0.886475	0.247070	-6.641221	14.580153	1.870229	2.341211
0.092285	0.895020	0.296875	-16.183206	16.129771	-2.221374	2.353157
0.092529	0.925293	0.300537	-15.519084	11.366412	-2.572519	2.365054
0.077148	0.946289	0.239746	-18.396947	13.465649	-1.549618	2.377740
0.087646	0.956055	0.172852	-19.221374	29.396947	1.908397	2.389740
0.095947	0.806885	0.475830	-10.618321	43.335878	3.000000	2.402043
0.035889	0.853516	0.382568	-12.595420	11.206107	-14.748092	2.414204
0.050781	0.898682	0.394287	-16.167939	6.053435	-17.183206	2.426531
0.154541	0.997070	0.344727	-16.167939	-21.748092	-18.992366	2.438622
0.049561	1.028809	0.226074	6.564885	4.755725	-0.244275	2.450689
0.127930	0.951904	0.406250	13.404580	-5.305344	4.748092	2.462875
0.031006	0.924561	0.326172	17.702290	-11.297710	6.656489	2.475112
0.133789	0.874268	0.333008	13.053435	-17.267176	-0.038168	2.487583
0.052002	0.921875	0.225342	-0.473282	-17.725191	-3.595420	2.499658
0.077881	0.939453	0.214600	1.236641	-6.129771	-0.916031	2.511547
0.053955	0.932617	0.254395	4.312977	4.893130	1.229008	2.523479
0.077393	0.902832	0.319824	3.320611	5.519084	0.549618	2.535462
0.062012	0.921631	0.335205	-7.801527	-2.961832	-1.648855	2.547968
0.075439	0.938232	0.296875	-3.045802	-4.832061	2.091603	2.560013
0.070312	0.921387	0.266846	-0.450382	-1.465649	3.137405	2.571937
0.066406	0.924072	0.263916	-10.083969	4.496183	2.870229	2.584040
0.092773	0.930176	0.256836	-11.725191	10.938931	4.908397	2.596171
0.083984	0.921143	0.299072	-8.564885	16.206107	5.335878	2.607744
0.055664	0.924072	0.278320	-2.122137	15.564885	5.274809	2.620005
0.042969	0.940186	0.277832	-10.488550	17.587786	6.954198	2.632172
0.059814	0.913086	0.318848	0.374046	16.977099	6.893130	2.644098
0.086426	0.887939	0.359619	-5.625954	11.312977	3.664122	2.655922
0.089600	0.891602	0.352051	-6.923664	3.259542	0.534351	2.668107
0.081055	0.896973	0.326172	0.099237	3.748092	-0.954198	2.680242
0.069824	0.889648	0.308105	-5.709924	-1.045802	-4.557252	2.692287
0.075439	0.913818	0.313965	-6.801527	-0.961832	-5.877863	2.704451
0.063232	0.924072	0.305176	-1.977099	-1.335878	-3.335878	2.716280
0.116943	0.882324	0.399414	-15.496183	-11.648855	-5.908397	2.728135
0.073975	0.916992	0.367676	-1.244275	-11.839695	-10.030534	2.739454
0.060059	0.931641	0.346191	2.664122	-21.519084	-8.122137	2.752029
0.075439	0.943115	0.316650	4.351145	-29.229008	-5.564885	2.763982
0.078857	0.949463	0.283691	8.450382	-31.366412	-2.786260	2.775666
0.080322	0.944824	0.231934	6.923664	-25.526718	3.366412	2.787817
0.113525	0.914062	0.248047	16.938931	-22.717557	6.526718	2.800181
0.069580	0.898438	0.247559	8.557252	-12.564885	3.931298	2.812154
0.064209	0.896240	0.252197	5.801527	-9.381679	2.587786	2.824026
0.089355	0.894531	0.193115	-2.961832	-2.618321	-1.541985	2.836214
0.085938	0.918945	0.204102	-17.885496	9.137405	-3.458015	2.848416
0.092285	0.910156	0.222412	-9.534351	19.053435	-3.549618	2.860456
0.084961	0.919678	0.276367	-16.442748	26.053435	-5.000000	2.872435
0.072510	0.938232	0.305420	-16.862595	26.229008	-3.755725	2.884346
0.075928	0.948975	0.279541	-12.427481	27.198473	-1.282443	2.896565
0.066406	0.950439	0.310547	-3.083969	27.587786	2.687023	2.908121
0.077881	0.919189	0.363770	-12.045802	24.625954	3.717557	2.920428
0.065674	0.913330	0.382080	-6.038168	14.702290	5.061069	2.932548
0.069824	0.905273	0.345703	-6.183206	4.458015	4.343511	2.944538
0.079102	0.907227	0.339355	-0.938931	-0.519084	5.778626	2.957122
0.093262	0.913574	0.301025	-2.297710	-3.824427	2.335878	2.969071
0.070801	0.918213	0.297607	-1.946565	-2.183206	1.366412	2.981145
0.068604	0.910889	0.292969	-0.137405	-0.465649	1.320611	2.993154
0.073730	0.912109	0.310059	-1.290076	0.038168	0.152672	3.005505
0.074219	0.903320	0.313721	-3.145038	-0.992366	-1.610687	3.017577
0.081543	0.901855	0.300781	-1.122137	-2.351145	-2.679389	3.029448
0.060059	0.918457	0.305176	-2.236641	-3.045802	-3.374046	3.041327
0.052246	0.905029	0.300781	4.694656	-13.595420	-4.641221	3.053783
0.079590	0.911865	0.300781	-0.618321	-9.664122	-5.175573	3.065912
0.080566	0.912109	0.347412	0.419847	-12.633588	-6.183206	3.077833
0.097900	0.926514	0.303467	-0.862595	-9.419847	-3.755725	3.089876
0.050049	0.943604	0.254639	-8.946565	-9.725191	-3.030534	3.102404
0.074951	0.950439	0.212646	0.099237	-4.061069	0.908397	3.114501
0.087402	0.922852	0.225830	3.564885	5.045802	2.290076	3.125888
0.078613	0.910645	0.291748	0.992366	6.954198	1.961832	3.138124
0.046143	0.889893	0.313477	-4.335878	10.358779	-0.931298	3.150284
0.060059	0.902100	0.343506	-9.412214	7.603053	-3.442748	3.162725
0.058105	0.937744	0.318359	-10.870229	2.725191	-2.511450	3.174718
0.081543	0.954590	0.301758	-6.091603	2.488550	3.106870	3.186618
0.076660	0.965820	0.270996	-1.778626	2.267176	8.213740	3.198979
0.069336	0.951416	0.262207	-4.015267	8.229008	12.709924	3.211086
0.034912	0.915771	0.239746	-1.076336	16.488550	14.259542	3.222805
0.090820	0.864990	0.297119	-1.091603	15.534351	10.030534	3.234785
0.060303	0.857422	0.305176	-12.450382	17.465649	1.404580	3.247652
0.065186	0.871338	0.309570	-15.106870	16.152672	-5.801527	3.259606
0.062256	0.890625	0.350830	-11.931298	12.832061	-9.641221	3.272062
0.067139	0.929688	0.355713	-13.977099	6.198473	-10.305344	3.283961
0.064209	0.955078	0.340576	-6.717557	-2.236641	-6.717557	3.295795
0.072266	0.956055	0.316650	-1.106870	-3.725191	-1.442748	3.308162
0.064209	0.936768	0.317383	3.656489	-4.007634	1.992366	3.319953
0.063477	0.899902	0.330322	5.717557	-4.954198	2.335878	3.332209
0.072754	0.874023	0.331543	2.687023	-15.488550	-2.625954	3.344233
0.084473	0.884033	0.360352	6.122137	-11.557252	-6.473282	3.355049
0.036377	0.894531	0.355957	-3.671756	-18.793893	-10.618321	3.364619
0.101318	0.917725	0.374268	8.900763	-28.167939	-10.595420	3.374380
0.097412	0.955322	0.350098	8.549618	-31.419847	-7.832061	3.384827
0.053711	0.974365	0.293945	17.366412	-37.030534	-2.694656	3.395472
0.097900	0.976562	0.250977	15.236641	-28.099237	4.274809	3.406086
0.046875	0.954102	0.203369	11.351145	-22.076336	8.870229	3.416610
0.088379	0.931152	0.200195	12.229008	-14.015267	11.076336	3.426633
0.072266	0.893799	0.160400	8.778626	-1.870229	10.832061	3.436311
0.084717	0.869385	0.207275	-4.114504	11.763359	6.687023	3.445797
0.060303	0.871094	0.228271	-8.374046	17.335878	1.526718	3.455197
0.088379	0.880615	0.272705	-14.366412	21.244275	-3.709924	3.464604
0.075928	0.899170	0.303467	-21.068702	21.503817	-7.038168	3.475190
0.067139	0.937012	0.303467	-20.778626	21.045802	-6.664122	3.488119
0.084717	0.942383	0.330566	-8.526718	17.824427	-3.473282	3.497803
0.065674	0.934082	0.328125	-13.404580	13.068702	-1.702290	3.509416
0.063477	0.937988	0.313477	-11.862595	9.488550	0.396947	3.519851
0.060547	0.918701	0.325195	-4.114504	9.648855	2.076336	3.530296
0.058594	0.890869	0.344238	-0.114504	4.969466	0.740458	3.540262
0.068604	0.885742	0.359619	-4.351145	-0.610687	-2.519084	3.550950
0.060547	0.898438	0.341797	-3.274809	-6.862595	-5.030534	3.561522
0.042480	0.900635	0.318115	-2.450382	-9.061069	-6.511450	3.571977
0.084473	0.912109	0.328613	1.793893	-11.740458	-6.717557	3.582516
0.070312	0.922852	0.318359	3.778626	-13.977099	-7.145038	3.592539
0.072754	0.939941	0.345947	6.427481	-14.748092	-4.671756	3.603325
0.056152	0.950684	0.321289	2.000000	-20.229008	-2.641221	3.613445
0.046143	0.964600	0.341797	13.297710	-24.916031	2.572519	3.623832
0.046387	0.950195	0.336670	13.106870	-24.862595	5.824427	3.634077
0.023926	0.953857	0.287842	14.702290	-28.076336	7.992366	3.644167
-0.025146	0.987549	0.145020	19.969466	-38.625954	8.725191	3.654682
0.121338	0.945801	0.094482	19.290076	-8.007634	15.389313	3.664902
0.095703	0.894775	0.179199	7.137405	7.083969	14.793893	3.675297
0.130615	0.860840	0.169922	2.000000	16.328244	12.748092	3.685789
0.109131	0.839111	0.211914	-12.099237	32.297710	4.450382	3.696058
0.033936	0.841064	0.310791	-25.297710	34.129771	-4.114504	3.706975
0.056152	0.882812	0.370361	-32.320611	31.816794	-12.114504	3.717548
0.067627	0.924561	0.365234	-21.007634	21.854962	-11.061069	3.727461
0.068359	0.986084	0.314941	-22.412214	17.793893	-5.740458	3.738051
0.057129	0.994141	0.279053	-9.893130	12.213740	1.442748	3.748713
0.060547	0.983887	0.273438	-3.076336	13.442748	10.427481	3.759585
0.076660	0.946533	0.273438	0.389313	16.145038	14.961832	3.769920
0.074463	0.901855	0.302979	-0.740458	16.351145	15.320611	3.780649
0.118652	0.874268	0.317627	-5.152672	16.534351	12.190840	3.790793
0.052734	0.849854	0.288818	-3.335878	16.274809	7.053435	3.801624
0.058105	0.814209	0.368896	-26.557252	14.206107	-1.984733	3.812099
0.050293	0.843750	0.392090	1.770992	6.496183	-7.007634	3.822479
0.106689	0.897461	0.348145	-29.809160	-12.671756	-15.328244	3.832631
0.084961	0.974609	0.293701	-2.320611	-11.923664	-13.717557	3.843013
0.081055	1.002441	0.242676	-5.366412	-7.778626	-6.061069	3.853001
0.083984	1.018311	0.275391	6.564885	-4.381679	5.908397	3.863599
0.068604	0.980713	0.301025	14.007634	-5.748092	13.572519	3.873932
0.054199	0.927490	0.366211	20.175573	-4.458015	17.030534	3.884402
0.093506	0.870605	0.419678	28.793893	-23.328244	15.572519	3.894420
0.087402	0.860596	0.383057	27.190840	-35.450382	8.244275	3.905600
0.062744	0.876465	0.327881	17.137405	-42.274809	0.374046	3.916134
0.097656	0.928467	0.256836	14.541985	-44.946565	0.244275	3.926604
0.099121	0.931152	0.192383	16.045802	-41.557252	-0.572519	3.936289
0.081055	0.956787	0.145508	10.587786	-24.122137	1.427481	3.947350
0.108643	0.947021	0.154053	5.526718	-13.618321	4.374046	3.957810
0.102539	0.945068	0.145752	0.709924	3.870229	6.435115	3.968069
0.095459	0.937256	0.209961	-2.625954	16.152672	7.053435	3.978685
0.095703	0.898926	0.260254	-6.198473	20.900763	4.488550	3.988973
0.096436	0.892822	0.281982	-16.328244	17.358779	0.893130	3.999040
0.072266	0.910400	0.274414	-18.137405	19.297710	-1.938931	4.009444
0.072510	0.920654	0.265869	-17.893130	20.977099	-2.625954	4.018993
0.090820	0.930664	0.256348	-17.366412	21.305344	-2.366412	4.029995
0.050049	0.945801	0.247314	-19.137405	25.618321	-2.740458	4.039896
0.082275	0.929688	0.266357	-10.206107	26.015267	-0.938931	4.050427
0.086670	0.914795	0.340332	-9.160305	24.679389	-0.030534	4.061027
0.089844	0.897461	0.346680	-15.992366	18.671756	-2.083969	4.071341
0.101807	0.900879	0.357666	-9.419847	10.984733	-4.053435	4.082010
0.065674	0.902344	0.357178	-3.801527	5.000000	-5.839695	4.092235
0.078125	0.908691	0.346436	-5.328244	-3.000000	-7.755725	4.102715
0.067627	0.922363	0.331299	-3.992366	-7.480916	-6.702290	4.113058
0.070068	0.937500	0.320557	5.961832	-9.938931	-3.274809	4.123289
0.104980	0.906982	0.368652	8.938931	-8.038168	-3.832061	4.132777
0.115234	0.901611	0.397217	6.763359	-22.190840	-8.412214	4.143417
0.062988	0.920898	0.353760	10.160305	-35.259542	-7.648855	4.153948
0.127686	0.948486	0.359619	2.671756	-38.778626	-4.297710	4.164417
0.158936	0.949707	0.342529	21.938931	-44.213740	-0.786260	4.174674
0.082031	0.946533	0.272949	18.633588	-44.679389	0.435115	4.184289
-0.004639	0.952148	0.290771	20.320611	-58.419847	-0.656489	4.195364
0.052979	1.000977	0.142578	28.557252	-41.954198	8.587786	4.205767
0.003174	0.983398	0.152588	25.862595	-27.427481	15.435115	4.215912
0.101318	0.926514	0.121582	17.618321	-11.061069	18.122137	4.226137
0.152344	0.897949	0.180420	17.358779	4.534351	14.656489	4.236688
0.133057	0.858887	0.193359	6.595420	15.687023	9.190840	4.246515
0.186035	0.847412	0.213623	-13.290076	25.076336	0.671756	4.257362
0.088867	0.880371	0.242676	-26.251908	29.312977	-3.954198	4.268275
0.114258	0.928467	0.239258	-23.992366	27.564885	-7.969466	4.278593
0.105713	0.958008	0.281250	-10.870229	33.519084	-5.557252	4.288437
0.056152	0.960205	0.252197	-25.786260	36.297710	-4.167939	4.299208
0.087402	0.971436	0.286621	-14.641221	28.893130	2.221374	4.309372
0.123291	0.959229	0.314453	-7.656489	28.274809	8.389313	4.320258
0.101562	0.922852	0.306641	-2.946565	23.893130	8.961832	4.330601
0.060303	0.909668	0.322998	-7.931298	20.938931	8.931298	4.340972
0.095459	0.891602	0.343750	-9.328244	14.374046	5.717557	4.351568
0.078613	0.893066	0.334473	-2.221374	7.366412	3.129771	4.361715
0.089600	0.880615	0.335449	-6.847328	2.488550	-1.488550	4.372297
0.081055	0.899658	0.322266	-4.290076	-1.977099	-4.625954	4.383043
0.074463	0.916260	0.326904	-4.427481	-8.213740	-6.740458	4.393619
0.068604	0.924561	0.294434	-3.015267	-11.412214	-6.748092	4.403590
0.095215	0.923340	0.289795	-0.519084	-14.786260	-5.450382	4.413711
0.087646	0.921875	0.300049	-1.160305	-12.274809	-5.648855	4.424732
0.062012	0.909912	0.328857	6.442748	-16.908397	-7.297710	4.435241
0.078857	0.917725	0.332764	6.312977	-29.816794	-10.183206	4.445504
0.064941	0.935303	0.294678	6.847328	-28.870229	-8.381679	4.456058
0.060547	0.940186	0.271973	9.748092	-32.954198	-7.435115	4.466519
0.091797	0.953369	0.240479	16.007634	-33.274809	-4.061069	4.477042
0.085205	0.950439	0.226562	6.320611	-28.030534	-1.969466	4.487164
0.102539	0.939941	0.171875	16.152672	-28.389313	1.656489	4.497708
0.069824	0.936279	0.136963	4.152672	-14.343511	3.511450	4.508057
0.096924	0.907471	0.135498	3.335878	4.862595	1.717557	4.518661
0.095947	0.905273	0.191162	-5.511450	16.587786	-0.916031	4.528688
0.082275	0.904053	0.249268	-11.343511	17.740458	-2.961832	4.539208
0.030518	0.937012	0.238037	-23.290076	14.099237	-7.198473	4.549719
0.175049	0.937988	0.239990	-8.297710	27.534351	-0.129771	4.560251
0.119141	0.924561	0.292969	-14.160305	30.473282	-0.709924	4.570751
0.087402	0.914795	0.356934	-10.984733	21.519084	-0.618321	4.580946
0.029297	0.906250	0.347412	-17.671756	15.160305	-3.534351	4.591081
0.063721	0.934326	0.305420	-5.442748	9.053435	-1.511450	4.602131
0.058350	0.927734	0.290039	-8.030534	8.022901	-2.969466	4.612310
0.086670	0.934326	0.302490	-4.259542	3.442748	-1.343511	4.622569
0.079102	0.938965	0.304688	-4.709924	1.702290	-0.923664	4.633043
0.075684	0.934082	0.297852	-1.862595	-0.106870	0.717557	4.642826
0.071045	0.923340	0.303711	0.274809	-2.083969	1.198473	4.652842
0.080078	0.924316	0.304443	0.709924	-5.870229	0.786260	4.663499
0.082031	0.924805	0.275146	1.167939	-8.572519	0.748092	4.674150
0.082520	0.926025	0.263184	2.022901	-7.946565	0.809160	4.684387
0.058350	0.918457	0.280518	2.648855	-3.030534	-0.511450	4.694543
0.084717	0.906738	0.307861	7.732824	-6.954198	-0.923664	4.705238
0.068115	0.906738	0.329590	10.908397	-14.732824	-3.564885	4.715472
0.012695	0.916748	0.363281	9.206107	-25.312977	-6.664122	4.725850
-0.036133	0.991211	0.143066	14.458015	-32.709924	-3.251908	4.736354
0.058838	0.969971	0.149170	8.549618	-17.282443	7.648855	4.747150
0.120850	0.949707	0.204346	-3.931298	1.702290	8.305344	4.757062
0.123291	0.918945	0.224609	12.687023	7.099237	11.129771	4.767068
0.191895	0.869141	0.221924	5.534351	19.244275	7.389313	4.777932
0.065430	0.872559	0.317139	-14.648855	22.083969	0.809160	4.788246
0.085449	0.895264	0.312012	-19.633588	11.671756	-1.992366	4.799184
0.072754	0.916504	0.264404	-17.473282	12.007634	-5.557252	4.809541
0.074707	0.938477	0.235596	-16.213740	14.358779	-4.480916	4.819697
0.085693	0.946045	0.246338	-9.435115	18.519084	-2.053435	4.830004
0.072510	0.945068	0.260498	-13.748092	21.694656	-0.885496	4.840476
0.089355	0.936768	0.301758	-8.877863	20.694656	0.839695	4.850850
0.055664	0.919922	0.324219	-10.664122	17.603053	0.778626	4.861317
0.100098	0.918457	0.327148	-7.427481	9.183206	0.503817	4.871377
0.058838	0.908936	0.324219	-4.580153	4.992366	-0.969466	4.881962
0.072266	0.910400	0.318848	-3.717557	-0.229008	-2.450382	4.892383
0.076416	0.918945	0.300049	-5.717557	-4.251908	-3.282443	4.902657
0.073975	0.929932	0.275879	-3.328244	-5.175573	-2.664122	4.913288
0.070557	0.917725	0.266113	-0.900763	-2.816794	-2.572519	4.923412
0.066406	0.918213	0.282959	-1.198473	-1.251908	-3.282443	4.933998
0.078613	0.916504	0.307617	0.427481	-3.541985	-4.671756	4.944808
0.080078	0.924316	0.324951	-3.213740	-2.717557	-5.122137	4.955189
0.107910	0.939697	0.384521	8.114504	-12.992366	-4.244275	4.965583
0.072998	0.952393	0.295410	2.076336	-17.045802	-0.946565	4.975868
0.077637	0.966797	0.298584	3.358779	-17.916031	2.984733	4.986504
0.064941	0.958740	0.266357	12.274809	-19.312977	6.625954	4.997021
0.097412	0.946289	0.262451	16.335878	-21.984733	7.832061	5.007544
0.066895	0.937744	0.203369	11.083969	-14.076336	11.000000	5.018107
0.083496	0.915039	0.190674	7.748092	-5.427481	10.961832	5.028716
0.084473	0.887939	0.175781	-0.465649	6.152672	7.068702	5.039262
0.081299	0.878174	0.217285	-9.221374	13.977099	2.007634	5.050182
0.090576	0.893555	0.263184	-12.145038	17.122137	-2.000000	5.060209
0.059570	0.920654	0.258057	-19.343511	15.824427	-3.488550	5.070714
0.087402	0.947998	0.273682	-17.580153	16.358779	-2.931298	5.081053
0.079346	0.952881	0.260010	-11.381679	18.274809	0.427481	5.091625
0.076416	0.948730	0.278809	-12.206107	18.328244	2.610687	5.102349
0.084961	0.924316	0.309570	-5.198473	14.587786	3.725191	5.112825
0.056885	0.912842	0.315918	-5.351145	11.885496	2.931298	5.122849
0.075439	0.914062	0.317139	-5.854962	7.297710	1.366412	5.133142
0.080322	0.900879	0.316162	-4.557252	1.328244	-1.229008	5.143570
0.078857	0.904785	0.299072	-4.236641	-3.488550	-4.030534	5.154146
0.075928	0.923096	0.275391	-6.541985	-4.068702	-5.839695	5.164111
0.081787	0.930908	0.271484	-5.190840	-1.732824	-5.251908	5.174693
0.073730	0.920166	0.274414	-1.511450	-0.091603	-4.167939	5.184882
0.094727	0.915771	0.327881	1.122137	-1.625954	-4.938931	5.195467
0.079590	0.921143	0.306152	0.923664	-6.671756	-6.091603	5.206126
0.073486	0.937744	0.353271	0.465649	-5.854962	-5.152672	5.216915
0.061523	0.940674	0.328125	7.335878	-21.992366	-4.297710	5.227189
0.105713	0.947754	0.347168	18.053435	-23.931298	-1.664122	5.237476
0.097900	0.950195	0.301758	13.862595	-32.320611	0.076336	5.247841
0.087891	0.957764	0.274170	11.198473	-28.954198	3.770992	5.258539
0.098633	0.936279	0.277344	21.183206	-28.557252	6.137405	5.268860
0.091553	0.945557	0.214600	14.572519	-27.664122	7.870229	5.278789
0.086426	0.936768	0.169922	3.854962	-19.129771	8.587786	5.288594
0.111816	0.952148	0.159180	3.091603	-8.969466	9.076336	5.298253
0.101807	0.927979	0.156250	9.007634	7.236641	10.221374	5.309454
0.068604	0.893799	0.205566	-1.862595	15.824427	6.916031	5.319589
0.082764	0.889160	0.239258	-14.885496	19.900763	3.183206	5.329695
0.091553	0.904785	0.234619	-17.015267	21.694656	-0.114504	5.340302
0.105713	0.919434	0.254883	-23.748092	33.061069	-1.786260	5.350710
0.086670	0.923096	0.237061	-21.068702	29.694656	-3.435115	5.361422
0.073486	0.937256	0.266846	-23.221374	34.106870	-4.312977	5.371869
0.062012	0.925293	0.304932	-16.931298	30.206107	-3.763359	5.381925
0.083984	0.925293	0.337402	-17.435115	26.618321	-3.335878	5.390506
0.086182	0.920654	0.368408	-11.366412	18.175573	-3.740458	5.399068
0.065674	0.929443	0.355713	-9.389313	9.442748	-2.648855	5.407720
0.069580	0.949219	0.352783	-7.740458	3.320611	-1.045802	5.416195
0.078857	0.945312	0.347412	2.366412	-5.221374	1.145038	5.424700
0.063965	0.937012	0.319824	4.671756	-10.969466	3.137405	5.433069
0.078369	0.939209	0.294678	6.648855	-14.251908	4.847328	5.441672
0.083984	0.928955	0.278320	11.312977	-14.824427	5.190840	5.450248
0.081787	0.906006	0.260254	8.854962	-13.122137	4.083969	5.458806
0.078369	0.906494	0.305176	5.618321	-8.770992	0.832061	5.467288
0.074707	0.908447	0.318115	10.748092	-16.877863	-1.427481	5.475426
0.052734	0.919434	0.321045	3.427481	-18.351145	-2.000000	5.485674
0.076660	0.949951	0.311279	5.900763	-25.839695	-0.549618	5.494349
0.132324	0.958252	0.291992	16.061069	-31.244275	2.427481	5.502489
0.103027	0.958252	0.222656	10.641221	-27.511450	4.526718	5.511193
0.083252	0.963867	0.213135	14.969466	-24.877863	7.961832	5.519847
0.075928	0.951904	0.210205	15.259542	-19.763359	10.473282	5.528615
0.079346	0.929199	0.188965	8.801527	-12.335878	9.839695	5.536893
0.086182	0.924561	0.172119	5.000000	-5.541985	8.923664	5.545414
0.096680	0.916748	0.175537	2.847328	1.664122	8.580153	5.553943
0.097168	0.896240	0.190674	1.435115	8.977099	6.122137	5.562525
0.100098	0.891602	0.233887	-2.022901	13.167939	2.221374	5.570973
0.107910	0.893555	0.265869	-11.274809	14.664122	-1.549618	5.579473
0.081055	0.934570	0.271729	-13.404580	17.190840	-2.412214	5.588006
0.082520	0.936035	0.269775	-15.389313	12.862595	-2.198473	5.596863
0.096924	0.951416	0.280029	-7.618321	9.587786	-1.152672	5.605308
0.099854	0.950195	0.269287	-8.916031	8.442748	0.885496	5.613843
0.099365	0.952881	0.235352	-10.389313	7.267176	1.740458	5.622476
0.101807	0.947510	0.207031	-7.816794	12.129771	3.740458	5.630959
0.104004	0.931152	0.230957	-2.145038	15.580153	5.206107	5.639137
0.085449	0.900635	0.264404	-5.648855	19.671756	3.633588	5.647801
0.084229	0.876465	0.289062	-8.343511	19.091603	-0.114504	5.656342
0.103027	0.880371	0.336914	-10.122137	12.068702	-4.709924	5.665372
0.081055	0.896484	0.327637	-11.335878	4.793893	-8.854962	5.673864
0.086426	0.923584	0.305908	-13.603053	0.007634	-10.122137	5.681952
0.083252	0.953369	0.312012	-9.221374	-3.748092	-8.877863	5.690721
0.093994	0.965820	0.288574	-2.954198	-5.702290	-5.709924	5.699296
0.089600	0.950684	0.266846	1.694656	-6.312977	-3.389313	5.707926
0.071777	0.936523	0.270508	4.656489	-6.419847	-2.290076	5.716657
0.067139	0.927734	0.257568	-3.572519	-11.480916	-2.610687	5.725267
0.094238	0.925049	0.272461	5.763359	-5.206107	-2.114504	5.733744
0.081543	0.913086	0.324463	7.267176	-11.725191	-3.076336	5.742088
0.073486	0.917480	0.324463	1.671756	-14.290076	-4.923664	5.750600
0.059082	0.932129	0.319580	5.274809	-16.526718	-5.122137	5.759381
0.066650	0.929688	0.307129	13.068702	-29.129771	-5.122137	5.768148
0.107422	0.944336	0.291504	8.496183	-31.236641	-2.564885	5.776553
0.091797	0.961182	0.248047	10.267176	-30.511450	-0.786260	5.785248
-0.053467	1.015625	0.131348	-12.809160	-27.259542	2.809160	5.793721
0.035156	1.022949	0.153809	17.412214	-26.580153	10.671756	5.802537
0.052734	1.002197	0.053467	8.893130	-15.832061	11.526718	5.811011
0.103027	0.927002	0.083008	12.656489	9.931298	15.816794	5.819531
0.187012	0.889648	0.172119	-5.419847	21.412214	13.717557	5.828048
0.163086	0.859619	0.184082	-6.625954	30.809160	8.236641	5.836469
0.094727	0.838379	0.247559	-12.687023	34.717557	2.137405	5.844371
0.082275	0.841553	0.294678	-19.839695	34.580153	-6.648855	5.853128
0.093994	0.880859	0.323486	-28.938931	30.076336	-12.641221	5.861740
0.080811	0.926025	0.319336	-29.526718	27.587786	-13.206107	5.870388
0.116943	0.967773	0.329346	-21.839695	19.450382	-11.809160	5.878810
0.097412	0.994629	0.312012	-17.900763	14.083969	-7.045802	5.887239
0.069824	1.000977	0.282715	-10.503817	10.274809	-0.190840	5.895664
0.107178	0.992188	0.263428	-10.091603	7.145038	6.114504	5.903978
0.093262	0.971436	0.243652	-1.068702	6.480916	11.229008	5.912879
0.109619	0.936279	0.262451	7.106870	7.809160	12.885496	5.920757
0.086670	0.896973	0.283447	1.068702	9.793893	11.259542	5.928859
0.106201	0.875244	0.318604	2.610687	6.198473	7.396947	5.936481
0.086182	0.860107	0.310303	-1.816794	2.664122	0.938931	5.944865
0.082275	0.869873	0.296631	-8.633588	-0.877863	-5.198473	5.953600
0.083984	0.895508	0.285645	-9.832061	-2.755725	-9.335878	5.962445
0.078369	0.933838	0.276367	-11.083969	-3.114504	-10.167939	5.971061
0.068115	0.949219	0.275391	-4.458015	-2.816794	-9.328244	5.979513
0.075684	0.949463	0.285156	-2.335878	-4.633588	-6.496183	5.987847
0.080566	0.949219	0.299072	0.564885	-6.068702	-4.610687	5.996301
0.091309	0.949219	0.309082	4.465649	-10.664122	-2.465649	6.004811
0.091064	0.951660	0.312256	3.694656	-15.167939	-1.519084	6.013653
0.110840	0.961426	0.291504	9.236641	-21.839695	0.679389	6.021997
0.064209	0.955078	0.240967	13.534351	-22.229008	2.625954	6.030615
0.072998	0.957764	0.271729	9.732824	-17.862595	6.137405	6.039340
0.110840	0.939209	0.291992	22.969466	-23.969466	7.511450	6.047375
0.095215	0.912109	0.281738	18.793893	-22.992366	7.038168	6.055992
0.042725	0.919922	0.241455	4.702290	-21.832061	6.213740	6.064880
0.098633	0.937988	0.220459	7.572519	-22.167939	6.297710	6.073425
0.092529	0.943115	0.157959	5.816794	-14.954198	7.129771	6.081993
0.101807	0.953613	0.129639	0.877863	-5.694656	7.931298	6.090373
0.087402	0.947998	0.166748	-0.641221	11.053435	9.977099	6.098909
0.092773	0.933350	0.205811	-5.755725	17.885496	11.763359	6.107577
0.125000	0.917725	0.231445	-7.068702	16.267176	11.572519	6.116277
0.105713	0.901367	0.216309	-3.167939	23.297710	8.312977	6.124690
0.086426	0.907715	0.228271	-20.122137	26.351145	5.755725	6.133208
0.096191	0.916504	0.216064	-12.045802	27.557252	3.832061	6.141874
0.075684	0.906494	0.260742	-17.923664	36.190840	1.511450	6.150284
0.098145	0.895752	0.263428	-16.099237	30.541985	-1.687023	6.158730
0.072266	0.901855	0.270996	-27.740458	31.809160	-4.099237	6.167309
0.103027	0.921143	0.300049	-23.732824	27.106870	-4.473282	6.175730
0.089355	0.928711	0.288330	-20.229008	25.167939	-4.671756	6.184279
0.076904	0.928223	0.283691	-17.824427	22.465649	-3.702290	6.192910
0.052246	0.870850	0.414551	19.137405	31.648855	3.824427	6.201323
0.083984	0.883301	0.404785	-33.396947	1.618321	-8.358779	6.209927
0.091797	0.900146	0.374756	7.984733	3.603053	-5.328244	6.218527
0.056885	0.892822	0.382080	-5.572519	-11.305344	-10.679389	6.227069
0.091064	0.939453	0.300293	-10.251908	-19.809160	-9.236641	6.235419
0.078857	0.985107	0.231445	-8.954198	-22.969466	-7.335878	6.243848
0.067139	0.985840	0.212158	8.992366	-8.961832	1.358779	6.251914
0.098145	0.973145	0.262451	4.038168	-15.381679	0.946565	6.259732
0.099854	0.954834	0.197998	5.381679	-14.290076	0.007634	6.268113
0.088379	0.950439	0.180420	3.541985	-5.473282	3.786260	6.276642
0.069824	0.928711	0.212402	4.221374	2.748092	4.129771	6.285010
0.113037	0.899658	0.267578	15.213740	-7.534351	1.778626	6.293358
0.074951	0.893555	0.292725	3.648855	2.167939	-0.419847	6.301985
0.077148	0.904785	0.341797	1.412214	-6.557252	-2.770992	6.310389
0.085938	0.915283	0.347168	4.549618	-13.206107	-3.694656	6.318966
0.104248	0.934814	0.347412	6.282443	-20.534351	-3.038168	6.327389
0.103027	0.944336	0.312500	11.809160	-25.816794	-1.893130	6.335804
0.098877	0.963135	0.265381	1.854962	-31.809160	-0.198473	6.344321
0.092041	0.975830	0.229980	17.076336	-31.267176	3.839695	6.352926
0.096924	0.970459	0.171143	11.732824	-24.732824	7.717557	6.361443
0.104736	0.949463	0.163818	12.061069	-15.374046	10.549618	6.370112
0.096436	0.933350	0.142822	5.053435	-3.389313	10.251908	6.378547
0.101318	0.910156	0.174316	-1.068702	5.992366	9.610687	6.387121
0.092773	0.895264	0.191406	1.877863	12.267176	6.923664	6.395392
0.091553	0.877686	0.234619	-5.786260	16.694656	2.106870	6.403937
0.093994	0.890625	0.264648	-15.427481	15.877863	-2.801527	6.412231
0.054443	0.916016	0.245361	-14.534351	14.862595	-4.114504	6.420909
0.112793	0.947510	0.273682	-20.435115	16.633588	-3.305344	6.429472
0.089111	0.947266	0.261963	-6.778626	14.557252	-2.412214	6.437347
0.094727	0.950684	0.261719	-17.641221	15.687023	-1.656489	6.444959
0.082031	0.947266	0.243652	-7.389313	13.625954	-0.488550	6.452648
0.075195	0.946533	0.253906	-13.496183	15.755725	1.236641	6.460405
0.088867	0.937256	0.263184	-5.633588	14.763359	1.564885	6.467998
0.075684	0.923340	0.276123	-11.503817	15.435115	1.526718	6.475520
0.082520	0.921875	0.278076	-5.671756	12.160305	1.038168	6.483068
0.103027	0.915283	0.281006	-8.175573	10.145038	0.030534	6.490683
0.091064	0.917725	0.291504	-8.847328	8.992366	-0.946565	6.498555
0.086670	0.918701	0.290527	-2.854962	5.633588	-1.633588	6.507423
0.082031	0.915771	0.281250	-5.412214	4.923664	-2.893130	6.515907
0.095947	0.931885	0.320312	-4.519084	0.900763	-3.137405	6.524537
0.085449	0.933838	0.313232	-1.152672	-3.282443	-2.564885	6.532941
0.083984	0.926514	0.306152	1.106870	-7.564885	-1.702290	6.541626
0.089355	0.934326	0.303467	4.984733	-10.832061	-0.893130	6.550173
0.079834	0.921387	0.285889	7.038168	-12.916031	-0.793893	6.558441
0.104492	0.927002	0.298340	4.526718	-15.625954	-1.793893	6.566050
0.052734	0.933350	0.283447	8.480916	-17.320611	-1.664122	6.573635
0.116699	0.932373	0.337158	14.770992	-22.587786	-0.893130	6.581312
0.077637	0.940674	0.302734	2.793893	-21.610687	-0.832061	6.589960
0.118408	0.956299	0.291260	14.664122	-30.664122	1.702290	6.597888
0.084717	0.963379	0.258789	11.152672	-27.824427	4.274809	6.606368
0.104004	0.947510	0.204834	20.694656	-29.793893	5.717557	6.615073
0.080811	0.940186	0.181396	4.549618	-21.572519	6.114504	6.623534
0.118164	0.947998	0.169434	13.145038	-19.908397	8.183206	6.632090
0.128906	0.921387	0.158203	15.587786	-13.694656	8.374046	6.640712
0.090332	0.906494	0.141357	-2.305344	0.786260	5.572519	6.649268
0.084961	0.905029	0.146240	-10.580153	10.793893	3.061069	6.658040
0.113037	0.907227	0.177734	-12.328244	19.801527	0.557252	6.666638
0.101562	0.907715	0.217285	-13.328244	25.885496	-1.763359	6.675132
0.081543	0.914307	0.227539	-17.419847	27.832061	-3.534351	6.683673
0.104980	0.928223	0.250000	-24.679389	26.618321	-4.358779	6.692354
0.094727	0.947754	0.253174	-23.931298	30.450382	-3.000000	6.700255
0.083252	0.928467	0.254395	-9.503817	28.938931	-2.412214	6.707953
0.079102	0.925049	0.273682	-18.358779	27.931298	-2.267176	6.716733
0.093994	0.941162	0.322266	-15.816794	24.580153	-2.137405	6.725304
0.112793	0.943359	0.329590	-9.595420	19.396947	-1.045802	6.733775
0.077148	0.936523	0.295898	-8.770992	10.610687	0.167939	6.742518
0.072021	0.933838	0.257812	-9.778626	9.908397	1.748092	6.750935
0.079590	0.930420	0.270996	-8.702290	7.824427	2.603053	6.759563
0.080322	0.919678	0.286133	1.541985	8.335878	2.160305	6.768082
0.077393	0.899902	0.299072	-2.450382	5.931298	0.122137	6.776401
0.081787	0.903320	0.322998	-3.770992	1.167939	-2.183206	6.784218
0.089111	0.908203	0.313965	-1.977099	-3.732824	-3.679389	6.791799
0.092041	0.913330	0.314453	-1.374046	-7.900763	-4.587786	6.799383
0.088379	0.930664	0.299316	1.152672	-11.641221	-4.618321	6.807796
0.085205	0.936523	0.286621	3.236641	-13.061069	-4.259542	6.816081
0.144775	0.927734	0.307861	6.190840	-14.847328	-4.366412	6.824868
0.079346	0.951904	0.301758	7.633588	-15.816794	-4.091603	6.833257
0.059814	0.955322	0.296875	12.229008	-25.290076	-0.381679	6.841598
0.124512	0.951172	0.329346	20.213740	-29.480916	1.816794	6.850087
0.112305	0.960693	0.314697	15.534351	-33.893130	4.221374	6.858740
0.097900	0.951904	0.280762	22.061069	-35.763359	7.099237	6.867155
0.060059	0.944092	0.215576	17.419847	-35.167939	8.648855	6.875641
0.119385	0.932129	0.225586	19.694656	-31.083969	8.961832	6.884629
0.118652	0.927979	0.175781	15.480916	-26.274809	8.305344	6.895028
0.125732	0.919189	0.153564	12.351145	-16.610687	7.290076	6.905086
0.108154	0.922607	0.121094	-5.213740	-0.908397	4.496183	6.915922
0.107178	0.930664	0.138428	-9.664122	12.740458	3.557252	6.926246
0.118896	0.931396	0.196045	-9.648855	21.832061	2.717557	6.936519
0.154541	0.943848	0.250244	-14.610687	25.297710	3.381679	6.946606
0.107422	0.941406	0.251221	-9.603053	23.213740	2.297710	6.957389
0.088623	0.942627	0.243408	-11.595420	23.740458	3.625954	6.967673
0.119385	0.931152	0.251709	-12.984733	23.778626	4.389313	6.978125
0.103271	0.906250	0.263184	-14.236641	23.931298	1.274809	6.988532
0.102051	0.922119	0.292725	-11.068702	20.946565	-1.465649	6.998805
0.089844	0.917969	0.289795	-11.297710	15.740458	-3.374046	7.009136
0.089600	0.940674	0.291260	-10.656489	10.694656	-3.267176	7.019954
0.140381	0.952881	0.312256	-7.137405	4.358779	-1.488550	7.030645
0.093506	0.954834	0.306885	0.244275	-1.541985	1.114504	7.040815
0.086914	0.945801	0.311768	2.656489	-6.381679	2.694656	7.051094
0.106934	0.940430	0.288086	6.534351	-12.053435	4.519084	7.061713
0.104980	0.933105	0.269531	9.923664	-15.282443	5.106870	7.072067
0.069580	0.918457	0.263672	12.839695	-16.053435	3.274809	7.082665
0.117432	0.920898	0.311279	16.870229	-23.503817	2.000000	7.092907
0.107422	0.928223	0.256836	12.267176	-29.709924	-0.419847	7.103206
0.123047	0.965820	0.243164	11.206107	-29.503817	2.229008	7.113849
0.080078	0.963623	0.217773	13.610687	-25.847328	4.954198	7.124034
0.109131	0.958496	0.176270	11.000000	-22.732824	7.206107	7.134430
0.111816	0.947510	0.169189	13.435115	-13.519084	9.916031	7.144422
0.104248	0.919189	0.156006	6.511450	-8.595420	8.664122	7.154527
0.115479	0.916748	0.148193	-2.106870	4.374046	5.396947	7.165678
0.119873	0.906494	0.176025	-1.748092	12.198473	2.496183	7.175960
0.134521	0.919189	0.210449	-15.587786	16.099237	-0.114504	7.186702
0.133789	0.958252	0.220215	-16.145038	18.129771	-1.007634	7.197075
0.121826	0.950195	0.239746	-6.534351	18.076336	0.908397	7.206967
0.124512	0.940430	0.260986	-8.610687	15.923664	2.000000	7.217086
0.103516	0.936768	0.236084	-12.824427	14.984733	2.488550	7.227829
0.131348	0.927734	0.227539	-6.679389	12.801527	2.045802	7.238332
0.096680	0.928223	0.233154	-7.549618	14.633588	0.671756	7.248399
0.117432	0.905762	0.284912	-6.755725	11.755725	-1.816794	7.259330
0.130615	0.917725	0.298584	-13.381679	6.190840	-3.786260	7.269602
0.115234	0.926758	0.286621	-6.847328	1.503817	-4.068702	7.280024
0.103271	0.942627	0.285889	-2.969466	-3.908397	-3.641221	7.290686
0.112793	0.948730	0.269775	-2.740458	-7.832061	-2.320611	7.300771
0.122070	0.954346	0.264893	3.145038	-9.511450	0.503817	7.311220
0.163086	0.926514	0.291748	10.038168	-13.671756	1.007634	7.321578
0.107178	0.925537	0.279785	3.992366	-16.534351	-1.656489	7.331721
0.102539	0.928467	0.260742	13.656489	-27.183206	-3.389313	7.342563
0.145020	0.951416	0.246094	9.908397	-32.488550	-3.145038	7.352983
0.124023	0.969482	0.248535	12.389313	-25.854962	1.007634	7.363595
0.112549	0.964355	0.232666	9.740458	-30.916031	3.366412	7.373704
0.162109	0.959961	0.209229	22.511450	-33.396947	6.129771	7.384048
0.105225	0.959961	0.163330	16.984733	-26.557252	8.412214	7.394444
0.163818	0.948975	0.191162	20.541985	-21.091603	10.496183	7.404993
0.095215	0.927002	0.098389	8.251908	-14.458015	9.305344	7.415345
0.148193	0.925781	0.062012	-5.847328	0.167939	6.824427	7.425967
0.106201	0.904297	0.059570	-5.664122	25.893130	5.748092	7.436548
0.124268	0.880371	0.108398	-22.610687	39.358779	-0.954198	7.446897
0.126709	0.876953	0.168701	-28.969466	52.412214	-6.236641	7.457500
0.106201	0.891113	0.233643	-34.648855	56.290076	-12.229008	7.468106
0.093994	0.905029	0.309570	-29.320611	49.885496	-15.839695	7.479683
0.096191	0.931396	0.325684	-39.946565	40.595420	-18.122137	7.491130
0.109863	0.966797	0.356934	-25.351145	27.610687	-15.083969	7.501365
0.086182	0.994629	0.331299	-16.152672	16.206107	-9.862595	7.511760
0.110352	1.000732	0.330322	-5.053435	6.068702	-2.152672	7.521489
0.091797	0.985840	0.317383	-1.236641	-0.770992	4.435115	7.532381
0.102783	0.959473	0.307617	10.374046	-8.572519	9.267176	7.542741
0.108398	0.925781	0.294189	12.809160	-14.167939	10.236641	7.552921
0.108154	0.916748	0.250488	10.007634	-16.916031	8.488550	7.563796
0.103271	0.904785	0.213867	8.374046	-14.786260	5.740458	7.573950
0.102539	0.917480	0.203613	6.549618	-10.763359	2.389313	7.584225
0.133789	0.906738	0.282959	6.770992	-6.030534	0.931298	7.594668
0.140137	0.905762	0.304932	10.534351	-13.267176	-3.312977	7.605327
0.074219	0.927490	0.272705	4.816794	-19.152672	-5.587786	7.615858
0.114990	0.970947	0.284668	3.068702	-22.038168	-2.618321	7.625524
0.114502	0.979736	0.242676	9.580153	-28.030534	2.679389	7.636395
0.097168	0.992432	0.203369	15.099237	-25.961832	9.137405	7.646919
0.088135	0.956543	0.152344	16.404580	-25.244275	12.725191	7.656833
0.113281	0.946289	0.122314	7.961832	-11.068702	13.908397	7.667816
0.119141	0.916504	0.112793	6.740458	3.480916	12.618321	7.678299
0.116943	0.875488	0.146973	-1.786260	16.030534	7.236641	7.688086
0.119629	0.885742	0.176514	-14.618321	22.877863	1.610687	7.697619
0.113525	0.898193	0.233643	-18.152672	26.076336	-3.725191	7.708064
0.135254	0.914795	0.244385	-20.404580	24.954198	-7.687023	7.718959
0.102783	0.935303	0.220459	-23.473282	25.908397	-8.885496	7.729054
0.112549	0.963135	0.228271	-22.977099	26.908397	-7.282443	7.739177
0.134521	0.967041	0.238281	-13.458015	25.053435	-3.748092	7.749990
0.127197	0.958252	0.262451	-12.450382	22.656489	-0.290076	7.760107
0.118652	0.947998	0.280518	-14.755725	22.740458	1.755725	7.770971
0.125488	0.924316	0.286865	-6.114504	15.679389	2.358779	7.781288
0.093018	0.909668	0.282471	-6.175573	12.022901	0.366412	7.791818
0.117676	0.907227	0.303223	-7.282443	4.160305	-2.007634	7.802642
0.106201	0.922852	0.279053	-7.091603	-0.076336	-4.198473	7.813333
0.105713	0.942627	0.275146	-3.221374	-2.687023	-4.427481	7.823992
0.107910	0.943359	0.270508	-0.969466	-4.251908	-3.122137	7.834444
0.111084	0.946045	0.265625	2.015267	-6.648855	-1.076336	7.844450
0.110107	0.942627	0.274902	6.122137	-9.656489	-0.267176	7.854609
0.101807	0.938965	0.255859	6.038168	-7.618321	1.213740	7.865174
0.114502	0.911865	0.289551	7.824427	-10.923664	-0.801527	7.875113
0.105225	0.914062	0.300049	6.274809	-17.557252	-3.045802	7.885487
0.126221	0.930664	0.270996	4.137405	-22.305344	-2.137405	7.895592
0.124023	0.949219	0.237305	0.885496	-19.396947	-1.381679	7.906024
0.108154	0.960693	0.216309	5.389313	-25.267176	-0.091603	7.917076
0.123779	0.963135	0.186279	12.083969	-15.938931	2.702290	7.927337
0.109375	0.951172	0.151611	2.358779	-4.748092	4.709924	7.937512
0.128174	0.960449	0.154297	-9.190840	7.152672	6.221374	7.947941
0.122070	0.931396	0.188965	-9.274809	15.671756	8.206107	7.958823
0.108154	0.918945	0.226318	-9.526718	19.335878	6.992366	7.969222
0.101807	0.910156	0.253906	-7.213740	19.656489	3.473282	7.979814
0.114502	0.906006	0.246582	-16.832061	16.824427	-0.244275	7.990044
0.094971	0.911377	0.230713	-13.648855	21.931298	-1.572519	8.000306
0.101074	0.920898	0.225830	-19.496183	22.259542	-3.656489	8.011104
0.087891	0.948975	0.239014	-24.778626	24.732824	-4.664122	8.021634
0.091064	0.946777	0.272461	-19.244275	24.610687	-5.145038	8.031576
0.104004	0.934814	0.290039	-12.778626	19.610687	-4.374046	8.042096
0.115967	0.933105	0.304199	-14.931298	18.038168	-3.641221	8.052483
0.076172	0.933105	0.313965	-10.129771	9.992366	-3.274809	8.062945
0.095459	0.926758	0.328613	-4.992366	1.541985	-3.427481	8.073272
0.103516	0.935303	0.315186	-0.541985	-6.290076	-3.000000	8.083973
0.109619	0.942383	0.285645	2.778626	-9.885496	-1.618321	8.094239
0.081299	0.932373	0.266846	8.786260	-10.648855	0.145038	8.104672
0.135498	0.920166	0.292236	1.725191	-10.259542	0.473282	8.115110
0.102051	0.936768	0.279053	4.007634	-16.175573	-0.007634	8.125608
0.091064	0.949463	0.266113	7.793893	-20.267176	0.404580	8.135477
0.099121	0.947754	0.278076	16.572519	-23.763359	2.442748	8.146102
0.107178	0.944092	0.274902	10.053435	-27.099237	2.442748	8.156837
0.086670	0.970459	0.254150	7.748092	-24.816794	5.625954	8.167071
0.088135	0.959473	0.219727	18.587786	-26.435115	8.984733	8.177568
0.100586	0.950684	0.198730	15.053435	-21.854962	10.862595	8.188018
0.105469	0.932129	0.150146	9.465649	-13.053435	11.083969	8.198150
0.111084	0.916016	0.131104	3.503817	-0.641221	9.305344	8.209105
0.123779	0.889160	0.158936	-1.114504	7.832061	5.580153	8.219239
0.135742	0.899902	0.196533	-12.396947	16.427481	1.404580	8.229471
0.134033	0.920654	0.223633	-14.633588	22.045802	-1.587786	8.239782
0.109375	0.936035	0.229736	-16.419847	24.786260	-2.404580	8.249925
0.121826	0.944092	0.246826	-16.778626	25.244275	-0.984733	8.260831
0.102051	0.942627	0.251465	-13.618321	25.419847	0.450382	8.271035
0.132324	0.941650	0.280518	-10.786260	20.213740	2.015267	8.281459
0.119385	0.930908	0.295654	-10.992366	15.832061	2.213740	8.292043
0.122314	0.914795	0.278809	-9.671756	10.381679	1.244275	8.302200
0.087891	0.916992	0.253418	-8.839695	11.419847	-0.816794	8.313327
0.123047	0.921875	0.271240	-9.671756	10.351145	-1.358779	8.323825
0.109131	0.913574	0.292725	-6.450382	7.526718	-2.984733	8.334216
0.108154	0.916992	0.314697	-4.770992	1.526718	-4.572519	8.344573
0.105469	0.925781	0.302734	-1.954198	-5.786260	-5.213740	8.354970
0.100342	0.937012	0.268311	1.083969	-10.870229	-5.442748	8.365811
0.123047	0.923828	0.300049	2.335878	-16.396947	-6.282443	8.376103
0.088379	0.956543	0.265137	7.083969	-15.694656	-4.664122	8.386734
0.120605	0.947021	0.290039	11.152672	-20.946565	-2.083969	8.397158
0.106445	0.939453	0.267822	9.931298	-28.465649	-0.908397	8.407911
0.113281	0.931152	0.241455	18.297710	-36.091603	-0.496183	8.418196
0.097168	0.938721	0.210449	19.022901	-28.534351	0.152672	8.428387
0.134277	0.946289	0.248535	16.450382	-25.450382	1.824427	8.438874
0.115479	0.951660	0.204346	14.671756	-22.961832	4.068702	8.449987
0.088867	0.945801	0.166260	3.473282	-15.465649	5.404580	8.460790
0.124512	0.951416	0.153809	3.473282	-8.480916	6.450382	8.471040
0.121826	0.929932	0.143799	4.633588	2.389313	6.473282	8.482204
0.114746	0.899902	0.183350	-4.526718	13.854962	2.458015	8.494229
0.130371	0.905518	0.229736	-13.633588	16.320611	-2.045802	8.505169
0.115967	0.934082	0.234131	-16.091603	16.114504	-5.045802	8.516902
0.097900	0.949951	0.251953	-12.725191	14.595420	-4.358779	8.527497
0.125488	0.947266	0.279297	-7.442748	10.923664	-1.847328	8.537999
0.085449	0.956787	0.269287	-10.946565	8.572519	-0.091603	8.548182
0.099365	0.951172	0.240234	-3.374046	3.465649	2.175573	8.558926
0.115967	0.946289	0.214111	-3.961832	3.358779	3.526718	8.569626
0.108398	0.936279	0.206543	-5.832061	8.038168	3.908397	8.579806
0.112549	0.912109	0.235352	-1.931298	10.572519	2.198473	8.590184
0.118408	0.891602	0.274902	-3.396947	9.343511	-2.114504	8.600680
0.107422	0.896240	0.304443	-6.068702	3.496183	-6.465649	8.610916
0.112305	0.911621	0.298584	-6.145038	-6.198473	-9.427481	8.620620
0.094971	0.949951	0.264404	2.022901	-8.885496	-8.923664	8.631391
0.115234	0.965088	0.266846	-0.931298	-13.221374	-5.541985	8.641398
0.107178	0.981934	0.265869	5.290076	-13.725191	-0.679389	8.651957
0.093018	0.973145	0.284180	14.885496	-19.259542	4.297710	8.662210
0.081299	0.947998	0.252197	12.351145	-21.870229	6.183206	8.672626
0.109619	0.955811	0.210938	14.061069	-25.900763	9.068702	8.683114
0.138428	0.933594	0.195312	18.442748	-22.664122	10.229008	8.693491
0.114258	0.917236	0.160400	6.320611	-14.862595	7.740458	8.703616
0.113770	0.921631	0.124512	-2.396947	-2.648855	4.595420	8.714232
0.116455	0.914062	0.126465	-7.687023	9.908397	2.290076	8.724596
0.125488	0.923340	0.175537	-17.770992	20.832061	-1.221374	8.734987
0.147949	0.925781	0.230469	-11.862595	23.702290	-1.793893	8.745601
0.118652	0.941406	0.243408	-19.633588	24.778626	-4.427481	8.756215
0.106934	0.952637	0.245850	-14.183206	19.091603	-2.687023	8.767110
0.123535	0.960449	0.268311	-11.312977	17.236641	-0.687023	8.777508
0.106689	0.941406	0.278320	-9.519084	13.167939	-0.061069	8.787731
0.113281	0.928711	0.273193	-5.129771	8.541985	-0.198473	8.798225
0.111328	0.925781	0.266113	-6.198473	5.076336	-1.083969	8.808486
0.115479	0.920654	0.267334	-4.312977	2.526718	-1.931298	8.819172
0.115479	0.915527	0.266113	-2.145038	-0.221374	-3.709924	8.829749
0.101074	0.920654	0.255127	-2.351145	-5.259542	-5.763359	8.840059
0.108398	0.942383	0.245361	-2.564885	-6.610687	-5.984733	8.850005
0.120605	0.951416	0.279297	0.809160	-9.198473	-5.351145	8.860557
0.143555	0.944092	0.292236	15.068702	-22.450382	-4.404580	8.871050
0.135254	0.958008	0.303467	4.534351	-17.221374	-2.114504	8.881270
0.134766	0.963379	0.297363	13.259542	-33.381679	-0.335878	8.891676
0.129150	0.971680	0.257568	18.931298	-33.694656	4.358779	8.901691
0.121338	0.977539	0.207520	17.549618	-33.099237	8.564885	8.912189
0.085693	0.958252	0.129883	13.793893	-28.557252	10.862595	8.922675
0.148438	0.956055	0.079346	5.946565	-17.564885	11.717557	8.932871
0.129150	0.926025	0.068359	4.259542	6.442748	11.862595	8.943711
0.131348	0.893066	0.122070	-7.175573	20.160305	7.312977	8.953611
0.115234	0.899414	0.188232	-15.519084	24.969466	2.351145	8.964445
0.128662	0.918945	0.242432	-21.076336	26.740458	-3.312977	8.974748
0.129150	0.921631	0.269287	-10.900763	19.496183	-6.213740	8.985202
0.127441	0.930908	0.258057	-18.297710	18.152672	-7.198473	8.995254
0.108643	0.946777	0.259277	-15.580153	12.923664	-6.259542	9.006034
0.125977	0.961670	0.245361	-11.541985	9.748092	-4.038168	9.016251
0.109619	0.961182	0.231201	-7.106870	6.664122	-1.099237	9.026678
0.116699	0.951172	0.245361	-4.519084	6.709924	0.572519	9.037275
0.124512	0.933105	0.268311	4.183206	3.549618	1.091603	9.047568
0.108643	0.924072	0.284180	0.595420	-3.526718	-0.740458	9.057911
0.117188	0.937256	0.250977	0.763359	-7.778626	-1.557252	9.068636
0.123291	0.947266	0.239258	3.236641	-8.580153	-1.419847	9.079179
0.111572	0.943604	0.236816	5.969466	-9.870229	-0.694656	9.089976
0.138184	0.943604	0.276855	5.786260	-11.877863	0.000000	9.100567
0.105713	0.947510	0.296143	10.343511	-13.152672	0.885496	9.111058
0.135010	0.962402	0.297607	12.160305	-24.625954	2.251908	9.121391
0.171875	0.962891	0.234131	26.564885	-36.755725	3.526718	9.130845
0.138184	0.979248	0.175781	15.358779	-28.763359	8.122137	9.141169
0.110840	0.974609	0.114990	12.190840	-18.167939	12.015267	9.151866
0.119873	0.940430	0.101807	9.305344	-4.633588	14.091603	9.161690
0.140137	0.920898	0.137939	-1.450382	6.351145	12.351145	9.172325
0.132812	0.900879	0.157715	-3.648855	13.931298	8.015267	9.182773
0.101318	0.898438	0.157471	-5.244275	19.557252	3.862595	9.193134
0.120850	0.910400	0.179688	-19.992366	26.587786	-0.977099	9.203962
0.126465	0.934570	0.203613	-11.900763	25.076336	-2.458015	9.214570
0.134521	0.932617	0.229248	-15.412214	27.022901	-2.916031	9.224874
0.120117	0.941406	0.241699	-19.557252	26.404580	-3.045802	9.235228
0.105225	0.933838	0.232422	-21.488550	26.412214	-3.473282	9.245834
0.114502	0.929199	0.242920	-17.366412	23.480916	-3.748092	9.256064
0.135010	0.922119	0.294678	-13.213740	20.160305	-4.641221	9.266703
0.122559	0.927246	0.306396	-11.427481	10.732824	-6.442748	9.276964
0.114258	0.949219	0.317627	-9.412214	-0.335878	-5.847328	9.287374
0.121582	0.974609	0.287354	-1.702290	-9.335878	-2.793893	9.297752
0.115967	0.980225	0.247314	4.984733	-14.167939	1.679389	9.308303
0.115234	0.960693	0.222412	10.122137	-14.709924	4.931298	9.318019
0.155273	0.919189	0.243652	11.007634	-13.610687	4.984733	9.328659
0.121826	0.900879	0.216797	6.885496	-15.076336	-0.160305	9.338865
0.125244	0.909668	0.219727	2.351145	-10.473282	-3.053435	9.349595
0.137695	0.916260	0.244385	5.160305	-15.877863	-5.412214	9.360021
0.114014	0.943848	0.258789	-5.702290	-15.152672	-6.595420	9.370582
0.124268	0.968994	0.225098	-0.564885	-17.061069	-4.435115	9.380898
0.131348	0.975342	0.187988	2.381679	-17.045802	-0.740458	9.391799
0.122803	0.979004	0.177002	0.549618	-9.969466	2.893130	9.401983
0.118164	0.961670	0.160889	2.404580	-4.000000	6.183206	9.412777
0.119141	0.929932	0.161133	0.160305	4.778626	6.931298	9.422988
0.130371	0.907959	0.187988	-3.236641	10.541985	4.335878	9.433353
0.108154	0.900635	0.204346	-8.832061	13.893130	0.221374	9.443761
0.119385	0.910645	0.233154	-13.946565	14.839695	-3.610687	9.454015
0.121826	0.918457	0.245361	-16.083969	14.572519	-6.633588	9.464255
0.127930	0.934570	0.236328	-12.351145	11.114504	-7.244275	9.474655
0.133789	0.959961	0.234863	-11.351145	10.534351	-5.625954	9.488128
0.126221	0.958496	0.247070	-12.129771	10.068702	-3.618321	9.498331
0.122070	0.951904	0.237305	-7.229008	8.702290	-0.755725	9.508963
0.117920	0.943115	0.256348	-4.320611	8.015267	0.435115	9.519265
0.111816	0.923584	0.268311	-2.022901	5.167939	0.068702	9.529640
0.118408	0.915039	0.268311	-4.641221	1.221374	-1.839695	9.539862
0.112549	0.918945	0.271484	-2.893130	-3.595420	-3.877863	9.550044
0.105713	0.921875	0.262939	3.938931	-10.236641	-6.190840	9.560768
0.099854	0.935791	0.226562	1.389313	-12.870229	-7.816794	9.571164
0.144531	0.943359	0.293701	5.183206	-17.877863	-7.557252	9.581739
0.117188	0.961670	0.277588	7.274809	-19.160305	-6.603053	9.592199
0.091553	0.957764	0.307129	13.183206	-27.916031	-3.083969	9.602478
0.138428	0.963867	0.288818	12.603053	-35.190840	-1.816794	9.612995
-0.067139	1.071045	0.093262	-8.450382	-61.389313	-1.664122	9.623129
0.081055	1.060059	-0.047607	31.541985	-24.641221	13.809160	9.633427
0.133301	0.968262	0.033447	2.343511	1.572519	15.618321	9.643928
0.145508	0.901611	0.069580	13.122137	28.312977	10.312977	9.654166
0.176514	0.854492	0.087646	-10.847328	42.015267	1.839695	9.664785
0.148682	0.833984	0.188965	-19.480916	48.480916	-4.053435	9.675243
0.186279	0.846191	0.333984	-27.763359	56.129771	-16.534351	9.685705
0.128418	0.884277	0.456543	-27.122137	42.931298	-22.282443	9.696516
0.128174	0.948486	0.428467	-33.946565	10.885496	-24.450382	9.706845
0.113037	1.044922	0.341064	-17.847328	-1.832061	-13.496183	9.718033
0.103027	1.064453	0.230957	-8.206107	-9.748092	-1.908397	9.728356
0.096924	1.028076	0.142334	7.404580	-3.496183	12.648855	9.738875
0.098633	0.965820	0.109131	-0.053435	10.763359	18.946565	9.749211
0.118896	0.913818	0.148926	5.801527	26.099237	18.099237	9.759769
0.093262	0.834473	0.235596	4.687023	32.748092	10.374046	9.769459
0.086182	0.806885	0.309082	-12.190840	29.190840	-1.778626	9.778738
0.101318	0.845215	0.341553	-22.564885	17.778626	-13.488550	9.788353
0.101318	0.937012	0.329346	-23.679389	5.725191	-18.496183	9.799156
0.103516	1.010498	0.291992	-14.946565	-1.648855	-13.297710	9.809766
0.103516	1.064453	0.267578	-4.312977	-3.954198	-0.793893	9.820105
0.099854	1.055664	0.253418	13.114504	-7.412214	13.557252	9.830660
0.107910	0.975830	0.274170	24.465649	-10.000000	22.648855	9.841295
0.100586	0.915771	0.262695	20.526718	-12.763359	23.977099	9.851601
0.110840	0.886230	0.251709	14.900763	-13.824427	19.351145	9.862182
0.102051	0.869873	0.205322	13.511450	-12.717557	12.267176	9.872232
0.110840	0.885986	0.184814	2.580153	-6.557252	5.396947	9.882559
0.123291	0.919434	0.153564	-6.335878	3.503817	1.229008	9.892575
0.118164	0.933838	0.159912	-7.862595	12.312977	0.030534	9.903056
0.120850	0.948730	0.196777	-18.717557	21.267176	0.351145	9.913105
0.112793	0.946777	0.152588	-10.106870	25.656489	2.366412	9.923964
0.106689	0.937500	0.118896	-21.053435	40.923664	3.969466	9.934031
0.150879	0.816406	0.540283	-33.824427	37.633588	-0.061069	9.944427
0.109131	0.875732	0.382568	-10.778626	10.687023	-13.671756	9.954830
0.119141	0.896484	0.412109	-18.404580	9.580153	-12.549618	9.965420
0.109619	0.941895	0.374756	-23.847328	-11.503817	-13.877863	9.975744
0.084961	1.002686	0.273438	-10.122137	-21.427481	-8.534351	9.986294
0.050049	0.989746	0.258545	-0.770992	-20.000000	-0.450382	9.996510
0.102539	0.980469	0.215088	-4.396947	-20.954198	1.916031	10.007183
0.140869	0.913330	0.250732	7.221374	-15.549618	5.786260	10.017482
0.059082	0.938965	0.112061	12.206107	-18.206107	1.801527	10.028036
0.135986	0.893066	0.185303	-4.610687	-9.038168	-2.503817	10.038500
0.090820	0.926270	0.116455	-7.595420	-6.748092	-7.267176	10.048863
0.159668	0.940674	0.170166	-5.862595	5.175573	-8.320611	10.059879
0.105957	0.946289	0.211426	-8.061069	11.236641	-8.694656	10.070160
0.104980	0.946289	0.272217	-5.366412	11.648855	-6.167939	10.079636
0.086182	0.950439	0.339844	-3.106870	8.419847	-5.267176	10.089089
0.113770	0.947510	0.410156	4.167939	-5.541985	-2.091603	10.098404
0.099121	0.943848	0.413574	12.183206	-24.656489	-1.091603	10.108466
0.108643	0.961914	0.357910	17.809160	-43.992366	0.748092	10.117719
0.085205	1.000732	0.236816	23.297710	-49.038168	6.412214	10.128913
0.100342	0.980469	0.159180	32.732824	-45.709924	12.038168	10.139104
0.100098	0.971924	0.125732	20.717557	-30.664122	17.984733	10.149506
0.118896	0.931641	0.115234	16.923664	-18.564885	18.068702	10.160119
0.120361	0.898193	0.129883	14.641221	-6.687023	14.526718	10.170410
0.119873	0.879883	0.152832	3.129771	4.610687	8.458015	10.180574
0.121094	0.877197	0.190430	-3.923664	9.351145	1.045802	10.191281
0.117676	0.902100	0.210693	-13.580153	12.366412	-5.213740	10.201724
0.129150	0.928223	0.232422	-14.206107	13.396947	-6.664122	10.212218
0.095459	0.976807	0.201904	-15.427481	9.984733	-4.648855	10.222532
0.132324	0.989502	0.200439	-15.076336	9.946565	-0.480916	10.233034
0.124512	0.973145	0.197754	-5.847328	14.740458	4.572519	10.243472
0.144287	0.939453	0.219727	-5.290076	17.717557	6.152672	10.253744
0.134033	0.895020	0.239502	-3.572519	19.427481	3.160305	10.264067
0.106445	0.867432	0.289062	-8.320611	11.106870	-3.816794	10.274550
0.116699	0.883301	0.272949	-12.603053	7.610687	-10.198473	10.284768
0.119629	0.919678	0.271484	-15.236641	3.717557	-14.244275	10.295271
0.129150	0.956299	0.244873	-16.305344	2.297710	-13.206107	10.305597
0.115479	0.969971	0.256104	-5.213740	1.961832	-10.305344	10.316192
0.097412	0.962891	0.264648	-6.099237	-2.045802	-7.282443	10.326706
0.096436	0.966309	0.241943	5.580153	-10.625954	-3.748092	10.337533
0.118896	0.946533	0.259277	7.709924	-9.106870	-2.427481	10.348271
0.116211	0.932617	0.323242	7.190840	-9.122137	-0.854962	10.358760
0.102783	0.924316	0.294678	12.458015	-22.236641	-1.969466	10.368430
0.015625	1.012451	0.149170	-32.458015	-29.221374	-6.977099	10.379007
0.094727	1.020020	0.148438	19.419847	-19.145038	5.305344	10.388858
0.089600	0.989746	0.122070	33.000000	-13.137405	12.717557	10.399769
0.175537	0.949707	0.159668	7.938931	3.786260	12.595420	10.409415
0.134033	0.940918	0.224854	9.770992	3.954198	13.648855	10.419203
0.145020	0.917236	0.193359	12.145038	11.328244	12.213740	10.429545
0.127930	0.881592	0.293213	7.068702	10.977099	9.877863	10.439713
0.112305	0.891357	0.285400	-4.358779	-1.946565	2.412214	10.450069
0.163818	0.910156	0.229004	-3.458015	3.183206	1.328244	10.460303
0.123779	0.928711	0.242432	-8.656489	3.824427	-0.389313	10.470820
0.124023	0.948730	0.187500	-9.274809	1.396947	-0.099237	10.481152
0.117432	0.975098	0.149902	-14.000000	9.541985	2.297710	10.491065
0.112793	0.972656	0.160156	-7.534351	20.435115	5.755725	10.501493
0.122314	0.945068	0.208252	-3.251908	25.152672	7.435115	10.512078
0.119629	0.909180	0.259033	-5.366412	23.610687	5.374046	10.522446
0.113770	0.905273	0.275391	-13.496183	18.541985	0.977099	10.533119
0.109375	0.915039	0.259766	-12.549618	14.885496	-2.618321	10.543478
0.119385	0.913574	0.263184	-15.282443	14.862595	-4.557252	10.553698
0.112305	0.935303	0.241211	-16.335878	7.519084	-6.480916	10.564468
0.125000	0.950684	0.250244	-10.366412	6.603053	-4.931298	10.574158
0.111328	0.953613	0.261475	-2.129771	3.496183	-3.083969	10.584809
0.098877	0.947021	0.281982	1.007634	0.053435	-1.152672	10.595257
0.116943	0.949463	0.276123	1.106870	-4.007634	0.305344	10.605365
0.111328	0.945801	0.267578	6.114504	-12.137405	1.175573	10.616097
0.117676	0.952148	0.239014	6.106870	-15.106870	1.145038	10.626060
0.111816	0.949707	0.260986	10.091603	-13.206107	3.496183	10.636817
0.083984	0.913574	0.278564	22.419847	-22.534351	2.549618	10.646958
0.096191	0.929932	0.266846	8.923664	-29.587786	0.732824	10.657697
0.134277	0.962891	0.212891	22.030534	-35.129771	3.679389	10.668162
0.115479	0.959717	0.211182	18.206107	-29.625954	6.152672	10.678476
0.123047	0.963379	0.207275	23.106870	-32.435115	6.152672	10.688892
0.130859	0.962891	0.137451	13.335878	-30.809160	8.320611	10.698884
0.150391	0.961670	0.099609	12.343511	-22.832061	9.091603	10.708716
0.152100	0.957031	0.125244	5.259542	-9.381679	9.679389	10.718379
0.112061	0.929199	0.156494	13.106870	-0.106870	11.519084	10.727682
0.143555	0.897217	0.172852	4.450382	3.419847	8.908397	10.738376
0.119141	0.886230	0.174561	-8.274809	7.732824	2.656489	10.748867
0.118408	0.895020	0.210938	-14.931298	9.351145	-2.908397	10.758837
0.126221	0.935547	0.212158	-16.969466	5.687023	-6.091603	10.768954
0.237305	0.973145	0.183594	-11.877863	0.526718	-5.656489	10.779269
0.136475	0.964111	0.109863	-10.824427	21.396947	-2.183206	10.789562
0.124512	0.961182	0.107178	-26.557252	27.519084	-1.732824	10.799724
0.132324	0.935791	0.189209	-21.786260	38.572519	-1.938931	10.810377
0.130371	0.898438	0.252930	-13.687023	36.694656	-4.458015	10.820892
0.112305	0.906494	0.322510	-27.259542	30.114504	-10.236641	10.831033
0.133789	0.935059	0.323242	-14.900763	13.061069	-11.572519	10.841621
0.112305	0.957520	0.265625	-13.992366	9.717557	-12.854962	10.851990
0.115479	0.984375	0.269775	-13.122137	3.442748	-9.137405	10.862102
0.118164	0.977051	0.264160	-3.946565	-0.007634	-2.977099	10.872099
0.113281	0.967041	0.243164	0.145038	-4.000000	0.236641	10.881578
0.118164	0.954102	0.235352	2.015267	-5.488550	1.977099	10.892645
0.108643	0.930420	0.223633	5.549618	-8.480916	1.068702	10.902474
0.134277	0.906738	0.272949	6.893130	-8.198473	-1.908397	10.912145
0.090576	0.920410	0.308350	0.175573	-12.465649	-5.274809	10.922095
0.089355	0.938721	0.275146	3.114504	-24.114504	-5.488550	10.932946
0.076904	0.940674	0.252930	15.931298	-34.748092	-6.167939	10.943214
0.125244	0.981689	0.250244	9.824427	-39.076336	-4.839695	10.954036
0.147949	1.000732	0.218506	23.274809	-41.190840	0.992366	10.964353
0.017578	1.048828	0.127197	10.381679	-59.587786	4.221374	10.975066
0.035889	1.042969	0.031250	25.618321	-29.320611	14.244275	10.985362
0.096924	0.965088	-0.001709	37.854962	-20.946565	20.847328	10.995372
0.121582	0.897949	-0.046387	18.427481	6.351145	18.916031	11.004850
0.184570	0.841797	0.058838	4.549618	22.992366	14.007634	11.014552
0.172363	0.824219	0.085693	-23.816794	44.175573	0.160305	11.025802
0.171875	0.804932	0.193359	-30.763359	57.503817	-9.450382	11.035833
0.123779	0.838623	0.342773	-35.610687	54.312977	-21.770992	11.045921
0.135742	0.906982	0.363770	-47.908397	39.038168	-29.038168	11.055399
0.096924	1.009277	0.300293	-43.679389	25.824427	-24.648855	11.065154
0.148682	1.060303	0.290527	-19.633588	19.297710	-11.015267	11.074700
0.101807	1.063477	0.212158	-13.152672	15.450382	2.870229	11.085578
0.118164	1.007568	0.177979	-3.190840	18.893130	13.778626	11.096018
0.120850	0.922607	0.285156	22.931298	26.053435	19.145038	11.106135
0.128662	0.837402	0.315430	4.099237	16.015267	10.488550	11.116744
0.099365	0.806396	0.316162	-21.740458	6.480916	-6.152672	11.127088
0.085693	0.875244	0.304688	-16.755725	-5.824427	-15.931298	11.137421
0.095459	0.959473	0.226074	-22.251908	-9.572519	-20.297710	11.147945
0.109131	1.017578	0.177979	-11.534351	-3.022901	-14.641221	11.158536
0.116455	1.036377	0.178467	-9.671756	-0.343511	-5.267176	11.168672
0.108887	1.022705	0.220703	6.465649	4.480916	4.717557	11.178945
0.125244	0.960205	0.307617	14.221374	-2.755725	9.793893	11.189286
0.120361	0.926025	0.292969	16.480916	-9.877863	9.122137	11.199565
0.040771	0.906494	0.283936	10.824427	-13.946565	5.809160	11.210212
0.158691	0.907471	0.354248	21.938931	-36.007634	0.763359	11.220431
0.067383	0.933594	0.249512	14.786260	-37.549618	1.656489	11.230877
0.087891	0.974121	0.203125	16.946565	-39.442748	3.282443	11.241069
0.100342	0.967041	0.130615	17.068702	-35.190840	6.916031	11.251535
0.129150	0.956787	0.124512	8.038168	-22.465649	8.839695	11.262178
0.127441	0.956299	0.124756	3.557252	-11.603053	8.603053	11.272463
0.129150	0.940918	0.131836	4.167939	-2.450382	8.145038	11.282976
0.120117	0.918213	0.153564	3.236641	6.900763	6.030534	11.292773
0.127930	0.912109	0.184814	-5.541985	7.824427	2.824427	11.302341
0.125977	0.920410	0.192383	-5.641221	12.503817	-0.137405	11.312161
0.125977	0.940918	0.194824	-11.503817	13.389313	-1.282443	11.322750
0.115234	0.968018	0.203369	-10.557252	16.175573	-0.274809	11.333824
0.108398	0.963623	0.203857	-16.435115	16.229008	1.236641	11.344243
0.112793	0.958008	0.201904	-10.435115	19.839695	3.053435	11.354437
0.139404	0.950195	0.219482	-15.793893	16.053435	3.167939	11.364424
0.117432	0.948486	0.211182	-12.465649	15.717557	3.145038	11.374999
0.126465	0.927246	0.216064	-12.465649	20.534351	1.900763	11.385225
0.116943	0.922363	0.229736	-4.954198	18.954198	-1.083969	11.395960
0.080566	0.918701	0.251221	-10.244275	19.305344	-4.748092	11.406517
0.123291	0.934570	0.277344	-11.877863	10.938931	-6.351145	11.416584
0.108887	0.946777	0.284668	-10.015267	5.068702	-6.267176	11.426710
0.114990	0.948730	0.251465	-2.351145	-1.320611	-4.045802	11.437542
0.123779	0.947266	0.232178	-5.671756	-4.778626	-2.824427	11.447726
0.107422	0.945312	0.211670	-0.977099	-4.618321	-2.343511	11.458273
0.114990	0.931885	0.205811	3.007634	-2.618321	-1.786260	11.468425
0.103027	0.911377	0.194580	0.282443	-5.229008	-4.282443	11.480400
0.123291	0.918213	0.234375	0.000000	-7.053435	-7.496183	11.491631
0.116211	0.926758	0.257080	-2.396947	-7.801527	-9.015267	11.502072
0.176025	0.934814	0.238770	4.000000	-24.946565	-8.137405	11.512308
0.107178	0.972412	0.256348	-2.488550	-13.236641	-8.519084	11.522768
0.102051	0.986328	0.278076	14.022901	-25.099237	-4.145038	11.533204
0.128418	0.975098	0.242676	17.480916	-31.045802	1.366412	11.543889
0.091064	0.988770	0.300537	17.450382	-35.320611	3.580153	11.554357
0.069580	1.023438	0.075439	29.091603	-32.106870	12.389313	11.565061
0.157227	0.963135	0.073242	20.267176	-13.465649	16.305344	11.575475
0.133789	0.934570	0.094727	6.900763	-4.885496	15.435115	11.584919
0.128418	0.910400	0.117676	7.412214	6.679389	13.580153	11.594344
0.133301	0.875977	0.125000	-2.870229	20.633588	9.129771	11.604158
0.146240	0.849121	0.238525	-7.648855	26.725191	1.320611	11.614412
0.137695	0.855957	0.251465	-23.312977	21.748092	-10.625954	11.625831
0.127441	0.921631	0.237549	-26.946565	15.786260	-16.167939	11.636141
0.118652	0.979736	0.221924	-26.381679	12.908397	-14.206107	11.646494
0.119385	1.004395	0.210938	-14.351145	13.870229	-7.549618	11.656919
0.095947	1.013672	0.207275	-17.312977	14.854962	-1.167939	11.666376
0.119141	0.999023	0.185303	-5.274809	13.580153	6.267176	11.676914
0.091309	0.950928	0.215332	-3.412214	17.870229	9.534351	11.687244
0.105713	0.907715	0.249023	-0.885496	14.358779	7.702290	11.696984
0.120117	0.895264	0.250732	-5.946565	10.389313	3.251908	11.706484
0.107910	0.892334	0.243896	-10.488550	7.847328	-3.633588	11.717963
0.116699	0.913574	0.234863	-12.183206	7.603053	-7.885496	11.728146
0.101807	0.939941	0.248535	-12.618321	5.442748	-9.450382	11.738575
0.097412	0.971924	0.247803	-10.458015	2.603053	-6.946565	11.748971
0.101074	0.982910	0.242188	-5.458015	-0.152672	-2.358779	11.759578
0.104248	0.978760	0.251953	3.954198	-2.541985	2.618321	11.769709
0.117188	0.948486	0.238281	8.458015	-5.343511	5.755725	11.780086
0.109863	0.925293	0.228271	8.465649	-7.412214	5.152672	11.790152
0.097168	0.927002	0.203857	5.740458	-8.992366	3.190840	11.800190
0.106445	0.936035	0.182617	1.061069	-4.427481	1.603053	11.811061
0.120605	0.938721	0.187012	-0.641221	-4.816794	0.312977	11.820943
0.142090	0.935059	0.253174	-0.633588	-1.076336	-1.374046	11.831523
0.109131	0.941650	0.268799	5.687023	-5.809160	-1.839695	11.841864
0.101318	0.951904	0.263428	7.786260	-12.038168	-2.961832	11.852222
0.086670	0.978027	0.200439	3.297710	-23.335878	-0.305344	11.862987
0.102539	0.982666	0.193848	14.358779	-18.167939	5.694656	11.873361
0.152588	0.960693	0.198242	11.488550	-17.465649	9.923664	11.883265
0.096924	0.967773	0.122559	1.267176	-11.122137	11.114504	11.893478
0.102783	0.962891	0.110352	-1.351145	2.221374	14.526718	11.903447
0.150635	0.913086	0.166260	11.625954	11.755725	15.824427	11.913504
0.125244	0.893066	0.199219	-1.503817	15.969466	8.374046	11.923972
0.083496	0.893311	0.145020	-8.198473	19.847328	4.450382	11.935041
0.120117	0.874512	0.145020	-13.580153	25.206107	-2.450382	11.945447
0.133057	0.888428	0.155273	-21.328244	31.946565	-9.961832	11.955379
0.069580	0.918213	0.160889	-39.244275	41.625954	-14.938931	11.966270
0.090820	0.944824	0.225098	-33.572519	46.473282	-14.839695	11.976777
0.130371	0.971924	0.288086	-29.213740	35.969466	-13.236641	11.986738
0.081787	0.984863	0.304443	-36.083969	25.755725	-10.801527	11.997198
0.107666	0.999756	0.337646	-12.809160	16.580153	-3.984733	12.007933
0.102783	0.976562	0.305420	-2.114504	3.488550	-0.763359	12.018023
0.089600	0.957275	0.254883	7.259542	-7.984733	6.068702	12.027914
0.095703	0.952393	0.232422	-5.778626	-2.099237	6.061069	12.038512
0.114990	0.936768	0.212402	4.954198	-0.625954	5.862595	12.048404
0.097168	0.898926	0.224365	1.465649	0.519084	1.824427	12.059197
0.097412	0.891113	0.237793	-5.351145	0.511450	-3.213740	12.069778
0.095459	0.931152	0.246582	-4.259542	-1.969466	-5.916031	12.080115
0.110840	0.942627	0.259766	-0.641221	-7.274809	-6.213740	12.090533
0.097168	0.958984	0.264160	-1.458015	-7.893130	-5.526718	12.101153
0.138428	0.968262	0.282715	6.732824	-15.320611	-1.244275	12.111561
0.104004	0.984131	0.265625	6.083969	-12.389313	-1.236641	12.121729
0.137451	0.952637	0.308838	19.549618	-28.175573	1.374046	12.131412
0.123779	0.960205	0.311279	17.923664	-34.595420	3.465649	12.142060
0.108643	0.967529	0.240479	26.877863	-43.664122	8.198473	12.153086
0.090820	0.975586	0.169922	14.519084	-37.213740	12.748092	12.163483
0.110352	0.952148	0.103516	19.786260	-35.702290	15.580153	12.173559
0.102295	0.933594	0.081787	17.519084	-18.625954	15.106870	12.183355
0.117188	0.906006	0.069336	6.595420	-6.328244	12.328244	12.193042
0.124512	0.887939	0.102539	-1.908397	9.282443	6.442748	12.202852
0.111572	0.897217	0.138672	-11.320611	21.030534	0.732824	12.212955
0.110840	0.917480	0.176514	-18.206107	26.404580	-3.847328	12.224544
0.112793	0.930176	0.243164	-17.564885	24.389313	-6.122137	12.234469
0.112549	0.955322	0.241211	-17.129771	18.893130	-4.480916	12.244913
0.124512	0.965820	0.250244	-16.572519	18.305344	-1.832061	12.255317
0.119141	0.957764	0.191650	-13.664122	17.366412	-0.832061	12.265353
0.113525	0.957520	0.199463	-11.793893	20.763359	-0.786260	12.275895
0.118408	0.936279	0.215088	-10.335878	19.984733	0.022901	12.286283
0.114258	0.927979	0.247070	-12.022901	22.671756	-0.931298	12.296399
0.118652	0.919189	0.289307	-12.022901	16.580153	-3.290076	12.306803
0.102783	0.930420	0.279297	-9.274809	7.175573	-5.725191	12.317226
0.110596	0.950439	0.282471	-7.969466	1.580153	-4.832061	12.327322
0.109619	0.965820	0.258057	-3.541985	-3.717557	-2.274809	12.337030
0.105469	0.965576	0.238770	-0.656489	-6.511450	-0.503817	12.346496
0.101318	0.957031	0.232422	4.000000	-9.786260	2.137405	12.357780
0.106689	0.953857	0.203613	4.183206	-8.435115	2.854962	12.367885
0.115234	0.934082	0.229004	4.740458	-7.427481	1.793893	12.378465
0.131592	0.925049	0.251953	2.854962	-9.167939	0.641221	12.388701
0.108887	0.925537	0.273438	7.511450	-10.404580	-1.030534	12.399083
0.113525	0.943848	0.286377	6.770992	-18.992366	-0.725191	12.409583
0.105225	0.975830	0.256592	2.526718	-24.625954	-0.900763	12.420098
0.104492	0.984131	0.190430	13.832061	-25.465649	3.595420	12.430241
0.109863	0.975586	0.143311	11.625954	-22.664122	8.595420	12.440415
0.107910	0.962158	0.139404	9.832061	-13.213740	11.526718	12.450767
0.120850	0.935791	0.134033	7.198473	-2.389313	11.977099	12.461716
0.122803	0.910889	0.168945	1.396947	7.656489	8.954198	12.471812
0.129150	0.910156	0.191895	-8.854962	10.015267	5.664122	12.482327
0.109375	0.906738	0.193359	-5.137405	15.793893	2.312977	12.492697
0.103516	0.925049	0.203369	-14.221374	16.641221	-1.183206	12.502206
0.106445	0.940674	0.195068	-12.183206	19.145038	-3.137405	12.511847
0.108887	0.950684	0.203857	-15.068702	20.503817	-2.954198	12.523038
0.113770	0.958008	0.209473	-14.885496	21.488550	-0.748092	12.533417
0.131348	0.943359	0.238281	-11.122137	17.916031	-0.114504	12.543464
0.087402	0.930420	0.230713	-15.053435	15.961832	-1.175573	12.553810
0.116943	0.932129	0.258545	-15.633588	14.274809	-4.488550	12.563733
0.107910	0.934814	0.265381	-6.671756	6.587786	-5.732824	12.574463
0.117432	0.937744	0.270752	-7.969466	2.076336	-6.687023	12.584978
0.116943	0.937744	0.255615	-4.832061	-3.015267	-6.389313	12.595222
0.094727	0.949463	0.237793	-1.404580	-5.022901	-5.847328	12.605732
0.111084	0.951416	0.235352	1.053435	-8.671756	-6.198473	12.616515
0.109131	0.951904	0.230713	3.580153	-8.297710	-7.496183	12.626932
0.063477	0.941895	0.221680	2.259542	-6.374046	-5.725191	12.636971
0.100830	0.944336	0.294678	3.328244	-9.351145	-3.572519	12.647098
0.137695	0.944580	0.283936	9.335878	-24.122137	-2.847328	12.657612
0.113281	0.963867	0.243896	4.847328	-31.389313	-1.442748	12.668396
0.102051	0.983643	0.194580	11.351145	-29.732824	2.404580	12.678691
0.106689	0.979248	0.120361	10.587786	-23.068702	6.312977	12.689069
0.107910	0.963135	0.093994	4.251908	-8.977099	9.458015	12.699241
0.101318	0.935791	0.098877	-0.419847	6.496183	10.122137	12.709950
0.110596	0.917480	0.119873	-9.725191	15.702290	9.290076	12.720464
0.103516	0.909668	0.153564	-11.366412	27.335878	5.236641	12.730905
0.119629	0.908691	0.195557	-23.198473	34.862595	0.656489	12.740914
0.111084	0.914307	0.244629	-20.572519	34.381679	-4.198473	12.751502
0.112549	0.942627	0.283936	-22.511450	31.633588	-5.587786	12.762021
0.119629	0.958252	0.302246	-20.167939	24.793893	-3.389313	12.772718
0.123779	0.973389	0.277832	-17.106870	16.435115	-0.641221	12.783109
0.058838	0.981201	0.219971	-16.335878	15.404580	1.969466	12.793850
0.140137	0.911865	0.384521	17.160305	19.503817	6.900763	12.804188
0.106934	0.856934	0.350586	9.175573	1.900763	-0.358779	12.815220
0.099121	0.864990	0.292236	-12.534351	-11.320611	-8.893130	12.825586
0.082520	0.935547	0.223389	-18.496183	-21.404580	-14.671756	12.836076
0.081299	0.955078	0.253906	5.847328	-15.465649	-14.366412	12.846253
0.121582	1.016357	0.168945	-3.664122	-22.175573	-12.763359	12.856864
0.107178	1.026123	0.177002	5.190840	-14.244275	-2.549618	12.867385
0.108643	1.000000	0.208984	10.374046	-8.152672	4.809160	12.877533
0.133057	0.952393	0.278809	21.007634	-16.137405	8.862595	12.888321
0.073975	0.913330	0.242188	10.725191	-11.801527	8.106870	12.898492
0.106201	0.901123	0.272949	13.312977	-23.748092	3.183206	12.908534
0.170166	0.892090	0.284180	15.641221	-31.419847	-4.091603	12.918974
0.089844	0.926270	0.177246	7.343511	-20.916031	-6.152672	12.929529
0.121582	0.947510	0.174072	3.816794	-21.038168	-5.854962	12.939965
0.125244	0.973145	0.151123	-0.465649	-13.587786	-3.442748	12.950152
0.125488	0.981689	0.123779	-5.030534	-5.206107	-0.022901	12.961061
0.115723	0.980469	0.124268	-2.923664	6.687023	4.404580	12.970928
0.094482	0.959961	0.163574	-1.969466	13.954198	6.595420	12.981072
0.116211	0.917236	0.208740	-0.854962	15.923664	4.664122	12.991137
0.104004	0.896240	0.221924	-4.381679	15.374046	1.900763	13.001738
0.101318	0.923584	0.224854	-20.145038	14.274809	-5.198473	13.012157
