-0.727783	0.620117	0.936279	15.603053	36.412214	-36.068702	0.005232
-0.805664	0.678711	1.019531	15.564885	35.809160	-18.923664	0.013110
-0.888916	0.693848	1.083740	17.564885	32.045802	-1.572519	0.020704
-0.983643	0.661865	1.167725	10.580153	21.763359	12.824427	0.028351
-1.076660	0.593506	1.264648	6.679389	6.351145	20.160305	0.035932
-1.111328	0.542725	1.288330	-0.969466	-12.877863	21.656489	0.043517
-1.086182	0.502686	1.269287	-9.450382	-31.839695	17.290076	0.051102
-1.034668	0.514404	1.206055	-14.221374	-49.396947	13.610687	0.058663
-0.928223	0.527832	1.114990	-24.114504	-66.007634	12.465649	0.066268
-0.833008	0.543945	1.011719	-32.786260	-74.969466	13.267176	0.073913
-0.738525	0.525146	0.950439	-36.900763	-80.267176	18.923664	0.081559
-0.667725	0.490723	0.877441	-38.076336	-79.435115	26.618321	0.089201
-0.582764	0.451660	0.795898	-35.068702	-78.725191	34.145038	0.096779
-0.507568	0.375000	0.725342	-32.190840	-74.412214	40.030534	0.104334
-0.445068	0.315674	0.669189	-28.000000	-66.893130	42.625954	0.111959
-0.373291	0.249756	0.603760	-22.572519	-59.404580	42.160305	0.119547
-0.327637	0.213623	0.569092	-17.198473	-49.465649	38.809160	0.127114
-0.304199	0.207031	0.541260	-10.984733	-40.381679	34.503817	0.134665
-0.279297	0.195068	0.517578	-7.083969	-32.541985	29.511450	0.142239
-0.237305	0.189209	0.490234	-0.625954	-23.641221	24.465649	0.149828
-0.205566	0.202881	0.465576	2.236641	-12.687023	18.541985	0.157379
-0.160889	0.214355	0.412598	4.809160	-0.145038	11.938931	0.164929
-0.170898	0.218262	0.393799	3.656489	11.885496	4.404580	0.172579
-0.200439	0.200439	0.451416	1.786260	22.007634	-4.236641	0.180213
-0.248047	0.219238	0.507080	-0.236641	25.595420	-12.977099	0.187751
-0.263916	0.217041	0.527588	-4.610687	28.030534	-19.603053	0.195274
-0.260254	0.198730	0.499512	-9.526718	30.374046	-30.099237	0.202894
-0.287109	0.209717	0.524170	-9.496183	35.732824	-39.045802	0.210471
-0.335449	0.254395	0.574463	-7.412214	40.488550	-44.068702	0.218151
-0.406982	0.306396	0.642578	-4.290076	44.633588	-45.145038	0.226143
-0.453369	0.344238	0.677734	-1.106870	45.610687	-44.458015	0.233823
-0.503174	0.392822	0.743164	1.908397	48.511450	-41.709924	0.241496
-0.552979	0.439453	0.793945	6.122137	50.473282	-36.381679	0.249076
-0.634521	0.489746	0.885498	1.824427	51.229008	-33.091603	0.256667
-0.718506	0.525879	0.982910	1.916031	50.877863	-25.603053	0.264239
-0.832764	0.554688	1.085938	-1.122137	48.366412	-16.580153	0.272162
-0.954834	0.527832	1.221436	-4.809160	38.641221	-8.824427	0.280236
-1.036865	0.481689	1.314697	-5.694656	21.824427	-2.625954	0.288142
-1.068115	0.427002	1.327637	-4.625954	7.244275	-0.816794	0.296068
-1.043213	0.404053	1.306885	-3.793893	-6.068702	-1.641221	0.304031
-0.988037	0.421875	1.265869	1.358779	-18.709924	-1.221374	0.311913
-0.928955	0.463623	1.195557	4.854962	-28.618321	1.816794	0.319904
-0.863281	0.466553	1.145264	5.541985	-37.496183	8.122137	0.327793
-0.799561	0.487305	1.089844	3.633588	-46.290076	14.106870	0.335723
-0.732178	0.466553	0.994873	3.419847	-51.206107	20.419847	0.343677
-0.666504	0.440674	0.912109	3.129771	-53.496183	23.709924	0.351448
-0.600098	0.421387	0.834717	1.183206	-52.442748	24.282443	0.359206
-0.543945	0.395508	0.791260	0.900763	-50.671756	23.587786	0.367133
-0.468994	0.376221	0.684570	0.503817	-48.732824	23.206107	0.375062
-0.403809	0.383301	0.615479	-0.557252	-45.572519	22.206107	0.382993
-0.332520	0.363525	0.563477	2.572519	-40.312977	23.145038	0.390927
-0.270996	0.377930	0.502930	4.152672	-33.297710	23.633588	0.398907
-0.216797	0.374512	0.453369	5.557252	-25.167939	25.137405	0.406814
-0.170410	0.356445	0.416992	6.175573	-15.251908	24.992366	0.414695
-0.138672	0.348877	0.386963	5.091603	-4.160305	22.480916	0.422656
-0.129883	0.319092	0.365234	0.572519	7.633588	17.259542	0.430589
-0.139404	0.260986	0.371582	-4.335878	20.282443	8.877863	0.438409
-0.176025	0.243652	0.399414	-8.587786	30.061069	-1.427481	0.445981
-0.223389	0.223633	0.446533	-13.389313	37.465649	-9.938931	0.453648
-0.264648	0.183105	0.488037	-17.488550	41.160305	-22.717557	0.461504
-0.287109	0.160889	0.527588	-16.717557	49.503817	-33.374046	0.469357
-0.290039	0.182617	0.529541	-12.190840	61.099237	-42.648855	0.477416
-0.328369	0.251221	0.553711	-5.206107	72.961832	-45.541985	0.485091
-0.381348	0.281494	0.574951	2.618321	85.702290	-43.206107	0.492885
-0.471924	0.332520	0.638428	17.167939	96.587786	-36.213740	0.500535
-0.640869	0.388672	0.792236	22.854962	95.633588	-30.106870	0.508122
-0.787109	0.443848	0.974609	34.320611	95.954198	-21.931298	0.515660
-0.971924	0.491455	1.159424	38.755725	85.045802	-15.221374	0.523362
-1.066162	0.543457	1.246338	34.770992	64.007634	-9.320611	0.530956
-1.086914	0.575195	1.282959	33.000000	45.190840	-3.770992	0.538589
-1.099365	0.587646	1.271729	25.564885	25.045802	0.083969	0.546111
-1.089844	0.585693	1.242920	15.122137	4.076336	3.732824	0.553651
-1.041992	0.572021	1.204590	3.129771	-12.908397	3.725191	0.561239
-1.010986	0.562988	1.163086	-5.633588	-29.221374	3.625954	0.568791
-0.962891	0.566406	1.132324	-18.022901	-46.213740	4.656489	0.576660
-0.886963	0.562500	1.063965	-28.221374	-56.946565	6.923664	0.584669
-0.795410	0.542236	0.987305	-33.519084	-63.129771	12.541985	0.592686
-0.708984	0.487549	0.891113	-34.557252	-65.679389	19.709924	0.600618
-0.645508	0.430664	0.834473	-34.992366	-68.335878	26.511450	0.608609
-0.590088	0.352539	0.787354	-32.312977	-67.755725	30.022901	0.616650
-0.512939	0.297607	0.724854	-25.839695	-64.572519	29.343511	0.624599
-0.454834	0.270996	0.669678	-17.083969	-58.778626	28.015267	0.632630
-0.408936	0.278809	0.644775	-8.763359	-52.778626	26.931298	0.640591
-0.378906	0.283203	0.619629	-1.732824	-47.702290	25.473282	0.648566
-0.341064	0.337158	0.581299	3.809160	-40.229008	25.091603	0.656506
-0.299561	0.355469	0.554443	3.732824	-32.557252	24.175573	0.664412
-0.253906	0.342773	0.506104	2.664122	-24.297710	21.290076	0.672429
-0.211182	0.304199	0.428955	-1.534351	-11.244275	13.900763	0.682246
-0.170166	0.256836	0.400635	-7.633588	2.564885	2.282443	0.692029
-0.166016	0.258057	0.382324	-11.732824	13.694656	-10.038168	0.701692
-0.197021	0.241943	0.397461	-18.305344	26.725191	-19.053435	0.711444
-0.222412	0.195068	0.385986	-20.435115	40.091603	-29.099237	0.721295
-0.256836	0.141113	0.379150	-17.977099	61.229008	-39.030534	0.731022
-0.328857	0.080322	0.408691	-2.137405	88.580153	-48.061069	0.740728
-0.468506	0.083008	0.551270	2.473282	93.480916	-60.893130	0.750480
-0.658203	0.212402	0.779053	23.251908	97.854962	-66.526718	0.760232
-0.856689	0.352783	1.000732	40.549618	90.114504	-61.740458	0.770108
-0.953369	0.527100	1.166504	53.389313	71.519084	-48.053435	0.779867
-1.037109	0.639404	1.245850	62.610687	50.488550	-28.175573	0.789649
-1.099609	0.763672	1.308594	65.694656	32.900763	-5.740458	0.799226
-1.127197	0.790527	1.311035	53.877863	14.549618	17.206107	0.808505
-1.151367	0.755127	1.294434	30.916031	-5.893130	30.160305	0.818039
-1.132324	0.675781	1.252441	2.862595	-31.045802	32.083969	0.827736
-1.064453	0.613037	1.173340	-24.022901	-51.816794	27.473282	0.837472
-0.980469	0.546631	1.080566	-45.519084	-73.381679	23.618321	0.847180
-0.843750	0.494629	0.972168	-55.007634	-86.618321	24.343511	0.856698
-0.714355	0.421143	0.838867	-55.053435	-92.129771	28.007634	0.866366
-0.588867	0.341553	0.753662	-44.832061	-86.946565	32.213740	0.876160
-0.496582	0.263184	0.669434	-24.671756	-73.793893	37.282443	0.885959
-0.438965	0.223877	0.630127	-4.778626	-64.229008	40.442748	0.895620
-0.392578	0.201172	0.592041	12.152672	-56.572519	39.320611	0.905266
-0.332275	0.231445	0.541260	23.358779	-45.320611	32.206107	0.915018
-0.280762	0.299072	0.479492	25.801527	-34.335878	24.068702	0.924695
-0.212158	0.317627	0.400879	19.236641	-22.916031	14.511450	0.934533
-0.179932	0.314209	0.376953	12.908397	-7.435115	5.854962	0.944246
-0.199951	0.309814	0.385498	3.969466	5.183206	-6.198473	0.954003
-0.215088	0.246338	0.404541	-1.343511	16.282443	-17.557252	0.963596
-0.224121	0.227295	0.410156	-2.236641	25.396947	-28.358779	0.973447
-0.237305	0.214844	0.420898	-0.709924	37.916031	-37.251908	0.983509
-0.266602	0.205078	0.463379	1.061069	51.099237	-43.916031	0.993252
-0.407959	0.202393	0.572754	-4.465649	50.320611	-53.786260	1.003220
-0.522949	0.263428	0.695312	4.572519	48.526718	-61.603053	1.013233
-0.560303	0.382080	0.720215	7.480916	42.862595	-63.335878	1.023373
-0.585449	0.476318	0.733398	7.770992	42.404580	-59.221374	1.032880
-0.617676	0.564209	0.785156	7.549618	43.099237	-50.045802	1.042238
-0.669922	0.647461	0.841309	7.549618	46.343511	-31.358779	1.051906
-0.798096	0.684570	0.960449	7.801527	47.549618	-9.129771	1.061272
-0.936035	0.649170	1.092773	8.053435	43.511450	10.251908	1.070669
-1.067627	0.579102	1.214600	5.732824	31.167939	20.786260	1.080460
-1.114258	0.525146	1.240967	2.923664	11.465649	23.312977	1.090045
-1.095947	0.516113	1.246094	-2.847328	-14.664122	19.709924	1.099376
-1.001465	0.567383	1.170654	-9.480916	-37.297710	18.045802	1.108613
-0.884521	0.601807	1.072998	-19.977099	-52.083969	21.610687	1.118254
-0.762939	0.571777	0.942627	-29.549618	-60.488550	30.297710	1.128014
-0.689941	0.480225	0.851074	-31.992366	-64.030534	38.366412	1.137777
-0.614746	0.442627	0.799316	-31.068702	-61.839695	43.091603	1.147504
-0.548340	0.359375	0.718018	-26.992366	-55.534351	44.862595	1.157241
-0.482178	0.290283	0.639893	-23.297710	-51.374046	41.977099	1.167127
-0.397461	0.248779	0.579102	-13.007634	-43.854962	38.267176	1.176851
-0.314209	0.215088	0.529785	-7.793893	-33.740458	30.984733	1.186580
-0.277832	0.202393	0.468750	1.312977	-20.664122	21.793893	1.196274
-0.219238	0.225342	0.456055	5.404580	-9.145038	11.381679	1.205943
-0.166748	0.255615	0.396973	4.213740	-0.977099	1.007634	1.215704
-0.127197	0.263916	0.347656	0.236641	15.572519	-10.045802	1.227006
-0.165527	0.245605	0.379395	-7.053435	33.091603	-22.832061	1.238664
-0.245361	0.196533	0.440186	-12.961832	45.312977	-35.503817	1.249718
-0.319580	0.179443	0.489990	-10.687023	56.923664	-47.343511	1.260232
-0.479248	0.274414	0.631836	-1.625954	67.977099	-53.297710	1.271195
-0.630859	0.399170	0.816162	6.000000	69.259542	-50.015267	1.281431
-0.768066	0.478516	0.930420	18.564885	67.549618	-41.480916	1.291574
-0.883789	0.618408	1.038574	24.427481	56.129771	-22.549618	1.303509
-0.990234	0.638428	1.133301	25.267176	43.938931	-3.267176	1.315420
-1.077148	0.598877	1.195557	20.557252	22.396947	8.687023	1.327723
-1.068115	0.587402	1.192627	11.564885	-6.946565	11.404580	1.339713
-0.939453	0.612549	1.068359	-2.717557	-30.984733	11.366412	1.351724
-0.762451	0.551270	0.899414	-19.442748	-44.320611	13.145038	1.363808
-0.696045	0.484619	0.847900	-26.297710	-47.000000	15.793893	1.375361
-0.649902	0.451904	0.823486	-23.786260	-50.824427	20.923664	1.386101
-0.582031	0.411133	0.758545	-19.290076	-54.419847	24.000000	1.396967
-0.472900	0.367920	0.661133	-11.229008	-48.816794	24.198473	1.407572
-0.355957	0.357422	0.531982	-7.282443	-44.198473	23.374046	1.419302
-0.251953	0.350098	0.451660	-11.877863	-35.763359	17.916031	1.431235
-0.150146	0.299561	0.363770	-25.977099	-24.984733	7.900763	1.442637
-0.074951	0.207275	0.271484	-36.656489	-8.770992	-4.893130	1.453293
-0.061523	0.120117	0.237305	-38.435115	14.145038	-20.526718	1.463513
-0.107422	0.082031	0.268066	-28.351145	39.633588	-35.458015	1.473637
-0.247559	0.100098	0.377686	-9.877863	67.251908	-47.885496	1.486726
-0.462891	0.152344	0.577393	5.877863	84.045802	-58.122137	1.500513
-0.715820	0.311035	0.882812	27.412214	89.000000	-59.137405	1.515054
-0.871826	0.529785	1.040039	42.335878	80.145038	-52.496183	1.527219
-1.003418	0.775879	1.118652	41.778626	74.526718	-25.824427	1.539476
-1.118652	0.806152	1.211670	42.419847	55.015267	17.908397	1.551873
-1.253418	0.688232	1.291260	23.557252	29.267176	39.328244	1.563944
-1.276367	0.577148	1.292236	0.511450	-7.801527	35.030534	1.575740
-1.087891	0.551025	1.112549	-19.954198	-41.870229	29.206107	1.587938
-0.838135	0.523193	0.875488	-30.160305	-62.320611	32.946565	1.600006
-0.653564	0.463867	0.702881	-34.847328	-69.900763	39.847328	1.612007
-0.507080	0.357178	0.602539	-40.244275	-62.335878	37.534351	1.624299
-0.389160	0.264893	0.518311	-36.312977	-47.664122	30.015267	1.636043
-0.295166	0.200684	0.437988	-20.893130	-34.122137	24.992366	1.648403
-0.214600	0.173340	0.378418	-8.106870	-22.763359	16.389313	1.660837
-0.162109	0.177734	0.334229	-0.816794	0.954198	-0.320611	1.672699
-0.205322	0.197510	0.349609	1.503817	25.305344	-17.297710	1.685299
-0.298340	0.240234	0.420654	2.267176	38.702290	-30.587786	1.697296
-0.385254	0.257812	0.513916	-1.404580	48.213740	-41.129771	1.708188
-0.565186	0.264648	0.649902	-2.984733	50.244275	-49.145038	1.720714
-0.673096	0.353271	0.801270	4.480916	52.610687	-52.175573	1.732440
-0.756836	0.509277	0.884033	16.473282	50.106870	-42.213740	1.744748
-0.773682	0.620850	0.889160	27.664122	54.748092	-19.763359	1.756233
-0.869629	0.664062	0.964355	24.244275	45.580153	13.007634	1.768642
-1.024414	0.557861	1.110352	15.969466	33.717557	28.786260	1.780376
-1.166016	0.422119	1.231445	4.961832	11.213740	27.946565	1.791998
-1.155029	0.378662	1.178467	-2.366412	-26.183206	15.694656	1.804720
-0.959717	0.439209	0.986084	-5.442748	-52.877863	10.931298	1.816668
-0.770264	0.498291	0.816406	-6.282443	-67.259542	16.106870	1.828669
-0.659912	0.458984	0.723633	-8.374046	-65.183206	22.106870	1.840825
-0.585938	0.419678	0.668213	-6.717557	-59.984733	23.282443	1.852848
-0.515381	0.421875	0.609131	2.236641	-55.183206	26.152672	1.865024
-0.417236	0.419434	0.523193	3.770992	-51.045802	25.908397	1.877418
-0.343994	0.425293	0.458252	2.083969	-37.664122	21.778626	1.888851
-0.294434	0.399414	0.417236	-4.206107	-25.450382	16.801527	1.900820
-0.251221	0.355957	0.390869	-8.366412	-10.961832	10.778626	1.912662
-0.232178	0.315186	0.368408	-11.450382	6.610687	2.015267	1.924935
-0.261719	0.270996	0.403809	-15.236641	20.992366	-7.702290	1.936834
-0.326660	0.196045	0.484375	-16.511450	30.236641	-17.923664	1.949240
-0.380615	0.165039	0.519775	-18.603053	33.274809	-35.152672	1.961199
-0.413574	0.167236	0.565918	-14.137405	38.687023	-51.511450	1.973179
-0.496338	0.269287	0.659912	-9.213740	43.351145	-59.404580	1.984224
-0.586182	0.391846	0.752686	2.908397	44.587786	-54.625954	1.994460
-0.674316	0.516602	0.804688	8.740458	50.488550	-38.755725	2.005322
-0.817383	0.549805	0.887451	14.564885	54.564885	-19.809160	2.016043
-1.033447	0.523193	1.062500	13.412214	48.557252	-5.503817	2.028572
-1.195312	0.509766	1.220459	13.648855	33.061069	-5.312977	2.040186
-1.233154	0.582520	1.255371	5.351145	-13.351145	-2.435115	2.052285
-1.063232	0.629639	1.125000	-1.801527	-43.167939	4.007634	2.064330
-0.887451	0.658203	0.955078	-10.030534	-53.717557	13.679389	2.075830
-0.751465	0.588135	0.846680	-19.656489	-54.648855	26.091603	2.086509
-0.699707	0.478271	0.797852	-23.259542	-55.213740	32.221374	2.097139
-0.637939	0.415527	0.775635	-18.244275	-58.503817	37.770992	2.109308
-0.563965	0.364258	0.711914	-12.458015	-61.633588	36.839695	2.121476
-0.478027	0.364258	0.625244	-8.625954	-57.717557	33.167939	2.132988
-0.413330	0.376709	0.557617	-3.946565	-51.061069	31.732824	2.145105
-0.369385	0.367920	0.497070	-5.412214	-43.564885	29.488550	2.157338
-0.303711	0.351807	0.467041	-10.862595	-33.893130	22.244275	2.169328
-0.256836	0.296143	0.410156	-23.465649	-24.045802	11.641221	2.181432
-0.187988	0.218262	0.347168	-33.404580	-6.763359	-3.091603	2.193064
-0.209717	0.149658	0.369873	-36.816794	15.877863	-19.740458	2.205888
-0.260254	0.092529	0.411621	-30.717557	32.198473	-32.488550	2.217965
-0.365479	0.075439	0.529785	-18.114504	43.076336	-43.038168	2.229710
-0.500732	0.101807	0.646729	-6.389313	49.900763	-58.503817	2.242044
-0.593994	0.177246	0.746338	9.259542	46.572519	-70.458015	2.254036
-0.607666	0.319336	0.780762	17.435115	44.244275	-76.687023	2.266033
-0.639404	0.528076	0.820068	28.656489	49.038168	-66.511450	2.278178
-0.737549	0.687500	0.914795	36.511450	58.343511	-40.007634	2.290109
-0.917480	0.699219	1.067139	31.541985	53.274809	-12.908397	2.301399
-1.024414	0.656738	1.147705	24.076336	36.786260	5.297710	2.312421
-1.072266	0.559082	1.151611	6.801527	11.015267	11.335878	2.324588
-1.039551	0.500000	1.115723	-5.145038	-15.045802	5.259542	2.337026
-0.950195	0.546875	1.040039	-13.671756	-33.435115	3.633588	2.349489
-0.830566	0.554443	0.933838	-17.633588	-46.404580	13.656489	2.360959
-0.712891	0.468994	0.814453	-12.633588	-49.839695	26.633588	2.373470
-0.640137	0.420166	0.737793	-8.572519	-47.083969	33.809160	2.385717
-0.571045	0.366211	0.677490	-4.824427	-46.290076	35.175573	2.398005
-0.500977	0.328613	0.627441	-4.251908	-43.374046	35.022901	2.410354
-0.448486	0.300537	0.568115	-8.549618	-38.160305	26.526718	2.422395
-0.369141	0.288086	0.514893	-8.297710	-31.969466	18.885496	2.434548
-0.306641	0.282959	0.451660	-11.702290	-22.305344	9.931298	2.446364
-0.251953	0.264648	0.397949	-15.786260	-8.404580	-0.282443	2.458884
-0.238770	0.239014	0.404053	-17.854962	10.206107	-10.290076	2.471263
-0.275146	0.224121	0.436768	-16.893130	23.511450	-19.984733	2.483392
-0.342285	0.240479	0.485596	-12.877863	36.656489	-28.152672	2.495516
-0.433838	0.277588	0.573975	-9.358779	43.160305	-33.419847	2.507685
-0.501953	0.290771	0.625244	-9.458015	49.954198	-36.114504	2.519568
-0.607910	0.325684	0.760986	-7.564885	55.541985	-40.374046	2.531677
-0.706787	0.417969	0.873047	0.984733	56.251908	-36.603053	2.543243
-0.815186	0.566650	0.963379	12.389313	51.938931	-15.786260	2.556021
-0.984863	0.600342	1.146729	20.175573	41.969466	11.587786	2.567975
-1.123047	0.542725	1.254883	18.206107	26.633588	26.053435	2.580061
-1.161133	0.487793	1.274902	13.160305	0.267176	25.206107	2.592041
-1.080811	0.525391	1.148682	3.694656	-30.854962	22.465649	2.604055
-0.889160	0.561768	0.977051	-13.335878	-54.549618	22.435115	2.616051
-0.704102	0.513184	0.811279	-27.534351	-60.770992	28.854962	2.628297
-0.595703	0.434326	0.707031	-31.137405	-56.671756	34.778626	2.640240
-0.533447	0.342529	0.654297	-22.076336	-48.145038	39.312977	2.652295
-0.473145	0.283203	0.583740	-7.595420	-44.083969	41.282443	2.664157
-0.396484	0.259766	0.534180	6.839695	-36.038168	38.961832	2.676169
-0.338867	0.293213	0.481445	11.740458	-26.190840	28.259542	2.688296
-0.270020	0.283203	0.445557	7.259542	-15.106870	17.480916	2.700612
-0.255615	0.291748	0.422119	-1.564885	-0.587786	0.488550	2.712517
-0.283936	0.263672	0.444580	-10.832061	12.145038	-13.244275	2.723805
-0.301270	0.248779	0.441162	-16.061069	21.580153	-23.801527	2.735516
-0.357422	0.204590	0.484619	-15.175573	32.832061	-31.916031	2.747899
-0.439209	0.180176	0.562500	-11.374046	41.916031	-40.633588	2.760124
-0.538086	0.158203	0.642334	-10.503817	41.145038	-49.786260	2.771847
-0.555420	0.137451	0.657471	-9.824427	39.221374	-62.954198	2.783744
-0.578125	0.244873	0.722900	8.664122	44.305344	-69.717557	2.795869
-0.682129	0.439697	0.854492	31.022901	54.786260	-59.900763	2.807990
-0.829102	0.695312	0.991699	59.572519	61.274809	-23.580153	2.820215
-0.968262	0.790771	1.085693	69.221374	58.572519	19.480916	2.832200
-1.104980	0.672607	1.142334	57.786260	41.763359	41.206107	2.844121
-1.144775	0.642090	1.157471	32.022901	15.908397	39.664122	2.856106
-1.084229	0.648682	1.102783	1.114504	-16.961832	27.664122	2.868400
-0.919922	0.609619	0.969482	-31.167939	-44.633588	19.137405	2.880453
-0.741699	0.535400	0.810791	-46.755725	-58.267176	18.458015	2.892408
-0.630859	0.458740	0.714111	-47.167939	-56.083969	24.519084	2.904208
-0.576904	0.383789	0.687012	-35.534351	-47.274809	31.587786	2.915772
-0.548584	0.288086	0.684326	-11.839695	-41.870229	39.419847	2.928481
-0.519531	0.255127	0.652832	6.694656	-39.473282	38.610687	2.940630
-0.469238	0.274170	0.603516	11.312977	-34.282443	27.099237	2.953092
-0.431641	0.303223	0.582764	4.778626	-31.335878	14.641221	2.965087
-0.378174	0.292480	0.541748	-4.206107	-26.946565	3.160305	2.976935
-0.334473	0.290527	0.485840	-12.603053	-20.099237	-6.793893	2.989097
-0.300293	0.235352	0.466553	-15.496183	-7.068702	-17.213740	3.001542
-0.273193	0.202393	0.451904	-13.190840	5.236641	-25.923664	3.013330
-0.275879	0.200439	0.458252	-7.671756	17.152672	-31.351145	3.025532
-0.302490	0.304688	0.500977	5.717557	31.404580	-36.755725	3.037266
-0.401123	0.377930	0.566650	15.977099	48.145038	-29.427481	3.049916
-0.445557	0.423096	0.561523	23.839695	64.007634	-21.221374	3.062021
-0.579102	0.427979	0.602539	22.328244	77.038168	-15.717557	3.073908
-0.784180	0.382080	0.819092	11.801527	75.129771	-19.366412	3.085743
-0.996338	0.368652	0.996338	5.229008	49.122137	-30.198473	3.098244
-0.935791	0.425781	0.931152	2.977099	18.206107	-38.366412	3.110731
-0.884033	0.488525	0.874512	9.152672	4.908397	-39.206107	3.122039
-0.853516	0.608643	0.862305	17.274809	-0.419847	-30.877863	3.133556
-0.850342	0.735840	0.865234	25.671756	0.099237	-6.786260	3.146042
-0.856934	0.838623	0.876465	29.809160	-1.984733	23.458015	3.158452
-0.903564	0.820312	0.921387	11.290076	-14.923664	49.343511	3.170882
-0.958008	0.714600	0.970947	-7.854962	-28.114504	63.167939	3.182493
-0.964844	0.558594	0.970215	-31.862595	-51.961832	61.885496	3.194660
-0.845459	0.464600	0.874512	-47.740458	-75.816794	53.320611	3.207038
-0.719971	0.382080	0.769287	-57.351145	-85.198473	43.412214	3.218786
-0.574951	0.351562	0.658447	-55.770992	-84.564885	36.625954	3.230893
-0.470947	0.317627	0.596191	-47.977099	-78.664122	36.496183	3.243263
-0.383545	0.253906	0.544189	-41.137405	-71.618321	35.625954	3.255628
-0.282227	0.201416	0.479736	-32.030534	-54.946565	28.496183	3.267909
-0.200928	0.169434	0.409424	-26.099237	-37.473282	17.221374	3.279939
-0.148682	0.133789	0.364014	-19.099237	-17.312977	5.412214	3.291980
-0.113525	0.120117	0.315674	-11.190840	5.793893	-8.770992	3.304097
-0.147705	0.097412	0.324219	-2.267176	31.847328	-25.519084	3.316143
-0.202881	0.126465	0.361816	6.900763	53.381679	-44.778626	3.328100
-0.302490	0.197266	0.413574	7.778626	68.267176	-59.923664	3.340236
-0.400635	0.174316	0.522217	-1.412214	83.030534	-74.595420	3.351742
-0.536621	0.195801	0.633545	-0.221374	87.358779	-84.160305	3.361478
-0.693848	0.333984	0.823730	8.328244	88.297710	-90.541985	3.371339
-0.825928	0.520508	0.977783	22.526718	81.419847	-80.664122	3.381279
-0.894531	0.661133	1.044434	42.328244	68.015267	-50.167939	3.392123
-0.948975	0.759033	1.081299	46.786260	61.351145	-18.351145	3.402777
-1.044922	0.735352	1.150635	43.358779	52.007634	8.122137	3.413329
-1.161865	0.656738	1.229980	30.564885	34.458015	19.854962	3.423088
-1.251953	0.605957	1.271240	14.152672	8.961832	16.366412	3.433119
-1.218506	0.605225	1.201172	-3.893130	-26.534351	14.053435	3.442750
-1.081055	0.547852	1.060303	-13.007634	-56.503817	18.732824	3.452173
-0.870117	0.490479	0.837402	-20.290076	-75.648855	16.282443	3.461585
-0.705566	0.498779	0.705078	-33.625954	-74.122137	11.916031	3.471980
-0.560547	0.471436	0.646729	-36.236641	-57.152672	14.885496	3.484777
-0.503418	0.424316	0.621338	-27.961832	-48.106870	23.977099	3.494271
-0.446045	0.376953	0.595947	-14.557252	-42.374046	35.992366	3.505954
-0.387207	0.325684	0.549072	-6.946565	-35.885496	40.351145	3.516491
-0.336182	0.279541	0.507568	-5.213740	-25.221374	36.190840	3.526607
-0.298584	0.245361	0.468994	-6.106870	-14.160305	26.396947	3.536902
-0.278076	0.232666	0.430176	-8.458015	-5.786260	14.435115	3.547578
-0.267578	0.205566	0.430908	-10.251908	8.885496	1.389313	3.557963
-0.287842	0.189941	0.452148	-9.847328	19.893130	-11.534351	3.568512
-0.301025	0.199463	0.447021	-9.549618	28.083969	-21.557252	3.578967
-0.313721	0.160645	0.434570	-11.549618	37.938931	-36.213740	3.589381
-0.335205	0.148438	0.437256	-13.145038	53.419847	-48.610687	3.599708
-0.425293	0.138916	0.487061	-6.160305	73.870229	-62.244275	3.610182
-0.626953	0.309814	0.688721	5.801527	85.366412	-63.671756	3.620543
-0.788086	0.360107	0.839111	19.534351	79.564885	-58.450382	3.630373
-0.888184	0.452637	0.918213	39.786260	72.763359	-47.717557	3.640828
-0.959717	0.574707	0.955566	53.832061	69.809160	-34.022901	3.651261
-1.051270	0.671387	1.014160	53.633588	54.633588	-17.129771	3.661411
-1.161377	0.715332	1.108154	46.687023	34.496183	0.312977	3.671568
-1.237793	0.682129	1.176758	34.076336	9.931298	12.343511	3.682458
-1.204590	0.663330	1.138184	24.671756	-16.358779	16.717557	3.692713
-1.069580	0.675781	1.023193	0.984733	-42.358779	17.709924	3.703464
-0.912842	0.666260	0.855469	-20.702290	-60.114504	23.183206	3.713927
-0.774658	0.548584	0.763184	-35.748092	-67.015267	29.221374	3.724333
-0.686768	0.495117	0.698730	-41.358779	-64.312977	36.564885	3.734419
-0.655762	0.399902	0.699951	-40.580153	-57.000000	39.496183	3.744691
-0.644287	0.327393	0.705811	-26.427481	-52.885496	44.641221	3.755869
-0.605225	0.259521	0.683105	-8.969466	-55.633588	46.129771	3.766595
-0.533447	0.242920	0.631104	3.351145	-56.480916	40.244275	3.777039
-0.449951	0.328613	0.560059	7.977099	-50.297710	29.778626	3.787602
-0.384521	0.406006	0.508057	4.480916	-41.503817	23.351145	3.798043
-0.326660	0.387695	0.457031	-3.702290	-32.877863	19.473282	3.808735
-0.275391	0.325439	0.397705	-10.954198	-21.618321	12.618321	3.819123
-0.242188	0.282959	0.374023	-12.633588	-6.847328	2.763359	3.829244
-0.233154	0.259766	0.366699	-11.900763	8.030534	-5.809160	3.839665
-0.258789	0.253662	0.380127	-10.396947	21.740458	-13.137405	3.849838
-0.292725	0.213867	0.405029	-9.091603	32.633588	-21.671756	3.859492
-0.330566	0.199463	0.427490	-6.030534	44.099237	-33.648855	3.870786
-0.383545	0.226074	0.459961	-3.045802	55.557252	-45.152672	3.881026
-0.472656	0.349121	0.536865	1.992366	67.648855	-48.564885	3.891286
-0.598633	0.380371	0.644287	2.068702	71.541985	-47.916031	3.902305
-0.717041	0.427734	0.750977	5.190840	68.000000	-44.610687	3.912794
-0.805420	0.489502	0.830078	10.870229	58.847328	-36.335878	3.923088
-0.905029	0.587402	0.934082	16.114504	49.320611	-24.320611	3.933175
-0.989014	0.677734	1.022217	13.152672	34.664122	-9.458015	3.943664
-1.111084	0.725342	1.097900	10.908397	18.854962	12.770992	3.954224
-1.184082	0.670166	1.153076	4.977099	-6.870229	30.221374	3.964743
-1.206787	0.607178	1.173584	-3.847328	-33.633588	35.580153	3.975208
-1.162354	0.576904	1.146729	-13.969466	-59.557252	34.587786	3.985451
-1.072998	0.564209	1.076904	-26.389313	-86.328244	35.557252	3.995663
-0.915039	0.545410	0.931396	-37.946565	-99.480916	35.885496	4.005456
-0.751465	0.487305	0.792480	-41.824427	-102.320611	41.480916	4.015744
-0.623291	0.416016	0.672607	-34.297710	-93.473282	47.038168	4.026633
-0.536377	0.345947	0.625732	-22.809160	-82.015267	51.580153	4.036514
-0.493408	0.284668	0.618896	-2.511450	-65.022901	54.977099	4.047092
-0.472656	0.317139	0.632324	15.145038	-56.442748	56.206107	4.057663
-0.410156	0.366211	0.604248	22.190840	-50.083969	55.885496	4.068162
-0.328613	0.373291	0.524170	19.541985	-41.656489	50.564885	4.078376
-0.239990	0.366455	0.469727	14.916031	-20.618321	39.847328	4.088839
-0.204102	0.379639	0.479736	3.114504	-21.160305	31.229008	4.099039
-0.124756	0.330811	0.386963	-6.923664	-10.801527	18.877863	4.109777
-0.083008	0.303955	0.338867	-12.969466	7.145038	7.167939	4.120143
-0.101807	0.256836	0.362549	-18.656489	23.824427	-4.473282	4.129618
-0.145508	0.218506	0.380615	-17.755725	35.755725	-13.656489	4.139731
-0.192627	0.168213	0.423340	-14.534351	46.877863	-25.580153	4.150776
-0.220215	0.133301	0.420410	-10.312977	61.091603	-40.435115	4.161094
-0.239990	0.126709	0.427002	-6.404580	77.374046	-55.900763	4.171496
-0.382324	0.224121	0.559814	0.290076	88.427481	-66.274809	4.181162
-0.651123	0.329102	0.840576	10.335878	86.351145	-64.068702	4.191555
-0.919189	0.483398	1.121826	19.007634	66.595420	-56.900763	4.202362
-1.065186	0.620605	1.192139	23.854962	36.473282	-42.717557	4.212548
-1.052246	0.706543	1.145020	27.740458	22.671756	-27.366412	4.222838
-1.036865	0.781006	1.086182	22.809160	5.801527	-9.221374	4.233275
-1.018799	0.816650	1.034912	13.488550	-6.374046	7.328244	4.243168
-1.031738	0.791016	1.044189	-8.916031	-18.687023	20.641221	4.253858
-1.022949	0.673340	1.030029	-30.702290	-35.213740	28.145038	4.264570
-0.935059	0.584473	0.951904	-37.480916	-49.671756	29.358779	4.275053
-0.831787	0.537109	0.899414	-42.580153	-57.267176	33.412214	4.285088
-0.741699	0.489746	0.847412	-39.656489	-60.511450	35.854962	4.295491
-0.689453	0.443848	0.832520	-36.229008	-61.625954	38.717557	4.305975
-0.653320	0.408936	0.819092	-27.610687	-65.809160	41.885496	4.316777
-0.573730	0.375488	0.775391	-19.106870	-72.343511	46.129771	4.327048
-0.443115	0.325195	0.665771	-17.511450	-71.213740	39.801527	4.337624
-0.322754	0.288818	0.546387	-16.404580	-58.320611	29.984733	4.348074
-0.232178	0.266846	0.467529	-16.404580	-47.564885	20.358779	4.358391
-0.172607	0.246094	0.438232	-13.389313	-33.778626	10.633588	4.368886
-0.139404	0.217529	0.407959	-9.854962	-15.679389	0.351145	4.379346
-0.118896	0.197998	0.387451	-1.633588	5.664122	-9.251908	4.390143
-0.136475	0.195312	0.383545	7.503817	23.381679	-18.419847	4.400183
-0.174805	0.234619	0.406250	10.374046	36.000000	-27.541985	4.410228
-0.238281	0.237549	0.447510	7.526718	46.687023	-37.145038	4.421335
-0.298340	0.218506	0.494141	3.473282	57.259542	-49.938931	4.431642
-0.397217	0.306396	0.563965	7.496183	68.671756	-59.229008	4.442358
-0.490723	0.383057	0.661377	12.534351	71.496183	-54.587786	4.452529
-0.603516	0.446045	0.763184	28.977099	73.648855	-48.045802	4.463024
-0.753418	0.598145	0.890625	47.274809	75.259542	-31.664122	4.473426
-0.907227	0.707275	1.019287	53.480916	68.778626	-11.519084	4.483826
-1.033203	0.741699	1.114502	50.679389	52.000000	9.541985	4.494164
-1.106689	0.711670	1.170410	37.251908	31.114504	17.816794	4.504667
-1.097168	0.689453	1.155762	17.480916	3.274809	15.984733	4.515043
-0.997070	0.677490	1.057617	-12.190840	-21.312977	9.740458	4.525183
-0.862549	0.605225	0.918457	-35.145038	-38.091603	7.351145	4.535557
-0.747559	0.539551	0.853271	-40.977099	-42.396947	9.732824	4.546267
-0.661133	0.522217	0.783691	-38.526718	-42.404580	17.931298	4.556955
-0.598877	0.458008	0.739258	-30.007634	-36.511450	28.618321	4.567147
-0.549805	0.371094	0.694092	-16.656489	-30.473282	36.000000	4.577648
-0.517822	0.317383	0.677734	-4.412214	-27.083969	35.236641	4.587916
-0.490479	0.312256	0.666992	3.396947	-26.389313	28.458015	4.598589
-0.442383	0.361816	0.612061	5.740458	-24.175573	20.320611	4.608749
-0.372070	0.393066	0.556152	3.725191	-19.351145	13.778626	4.619315
-0.302979	0.373047	0.508545	-2.938931	-12.351145	6.595420	4.629738
-0.270752	0.339111	0.456543	-7.503817	-3.893130	-2.832061	4.639655
-0.266602	0.317627	0.471191	-10.740458	9.511450	-13.870229	4.649691
-0.263428	0.309814	0.465332	-13.083969	18.061069	-21.053435	4.659565
-0.278076	0.274170	0.468018	-12.687023	28.030534	-29.969466	4.670514
-0.314697	0.266846	0.498535	-11.923664	36.236641	-38.480916	4.681017
-0.416504	0.260498	0.557129	-8.473282	40.366412	-45.259542	4.691232
-0.549316	0.290527	0.704346	-4.335878	42.648855	-53.916031	4.701752
-0.630127	0.369629	0.792969	0.900763	39.045802	-57.511450	4.712182
-0.675781	0.476318	0.815918	9.427481	36.175573	-55.770992	4.722357
-0.726807	0.637939	0.861816	18.694656	37.931298	-39.106870	4.732858
-0.824463	0.730225	0.921387	19.679389	39.290076	-15.954198	4.743280
-0.929199	0.692383	0.991943	16.656489	36.137405	3.267176	4.753534
-1.062500	0.632324	1.099854	11.503817	24.297710	12.381679	4.763921
-1.111572	0.632080	1.138672	3.435115	2.870229	14.603053	4.774471
-1.053467	0.636963	1.098145	-8.648855	-18.297710	13.687023	4.784886
-0.924805	0.610352	0.970215	-13.190840	-38.503817	22.969466	4.795102
-0.782471	0.557373	0.856445	-12.389313	-47.358779	30.923664	4.805915
-0.705811	0.514648	0.806152	-15.083969	-47.167939	32.587786	4.816207
-0.631836	0.506836	0.762695	-14.977099	-42.335878	34.809160	4.826680
-0.592285	0.459717	0.737549	-10.839695	-41.992366	38.854962	4.836974
-0.542236	0.420410	0.697510	-9.580153	-47.671756	40.770992	4.847412
-0.447021	0.388184	0.625977	-7.977099	-50.465649	39.709924	4.857453
-0.362305	0.383545	0.540039	-11.580153	-42.786260	32.198473	4.868237
-0.301270	0.344238	0.500732	-14.213740	-32.145038	25.603053	4.878614
-0.259521	0.312256	0.474365	-13.213740	-22.587786	19.793893	4.888930
-0.237793	0.264160	0.464355	-12.511450	-11.091603	11.763359	4.899286
-0.219482	0.219727	0.444092	-10.061069	2.473282	1.007634	4.909872
-0.267578	0.207520	0.472656	-6.977099	13.305344	-10.175573	4.920247
-0.297852	0.197510	0.499268	-4.832061	19.839695	-21.541985	4.930425
-0.340820	0.196533	0.506836	-1.931298	26.526718	-33.358779	4.941302
-0.382568	0.210938	0.538086	-0.557252	35.091603	-47.213740	4.951613
-0.437500	0.241211	0.594971	0.328244	40.175573	-54.793893	4.961883
-0.513184	0.321533	0.646484	8.916031	44.755725	-62.450382	4.972637
-0.593750	0.414551	0.715088	14.625954	48.809160	-59.702290	4.982916
-0.698242	0.529053	0.823486	26.022901	50.183206	-50.068702	4.993128
-0.849121	0.685059	0.931885	37.900763	48.725191	-30.183206	5.003866
-0.958496	0.783936	1.035400	40.083969	38.748092	-5.015267	5.014718
-1.065186	0.792725	1.101318	27.923664	21.389313	13.519084	5.025142
-1.091309	0.735107	1.110840	8.160305	-4.717557	19.770992	5.035634
-1.020996	0.665527	1.074707	-12.053435	-25.587786	16.801527	5.046144
-0.884277	0.628906	0.940674	-29.267176	-47.412214	13.221374	5.057036
-0.774658	0.650879	0.854736	-38.832061	-57.412214	16.969466	5.067103
-0.689941	0.598633	0.811768	-43.610687	-60.488550	28.458015	5.077664
-0.626953	0.508545	0.767578	-38.801527	-58.770992	38.213740	5.088319
-0.528076	0.429932	0.692871	-29.442748	-54.465649	44.938931	5.099057
-0.459961	0.385742	0.634033	-20.816794	-54.083969	47.190840	5.109110
-0.385254	0.366455	0.567627	-18.396947	-46.312977	42.312977	5.119682
-0.347900	0.347168	0.550049	-17.610687	-36.992366	35.351145	5.129576
-0.322510	0.314209	0.543213	-21.183206	-26.748092	26.740458	5.140231
-0.292480	0.284180	0.524170	-20.938931	-19.534351	17.671756	5.150631
-0.253662	0.247559	0.481689	-18.061069	-5.412214	8.458015	5.160913
-0.225586	0.229492	0.464111	-14.061069	7.519084	0.404580	5.171447
-0.238770	0.205811	0.475586	-7.931298	20.893130	-7.618321	5.181523
-0.268311	0.186035	0.475098	-3.335878	31.534351	-17.290076	5.192134
-0.289551	0.171875	0.491699	1.778626	42.374046	-29.427481	5.202678
-0.333252	0.199951	0.493408	4.267176	57.839695	-42.740458	5.213487
-0.367432	0.188965	0.510498	9.778626	66.916031	-50.648855	5.223671
-0.486816	0.199707	0.597900	10.458015	75.427481	-62.221374	5.233969
-0.631104	0.329102	0.742432	20.839695	79.190840	-66.679389	5.244307
-0.797363	0.428711	0.917236	32.801527	75.419847	-63.229008	5.254776
-0.955078	0.554443	1.048096	50.717557	59.702290	-49.221374	5.265335
-1.062012	0.729492	1.125488	58.541985	48.778626	-35.198473	5.275611
-1.103760	0.818359	1.148926	50.137405	25.274809	-16.839695	5.285117
-1.119385	0.892578	1.123047	39.015267	0.511450	2.961832	5.294854
-1.062256	0.887207	1.065674	20.435115	-16.061069	21.000000	5.305448
-1.017822	0.855957	1.036377	-2.412214	-27.419847	31.351145	5.315973
-0.925537	0.758545	0.965332	-25.755725	-45.198473	37.045802	5.326458
-0.790039	0.665527	0.838379	-41.160305	-57.984733	42.274809	5.336767
-0.669922	0.567871	0.737549	-49.778626	-61.351145	51.832061	5.347253
-0.586670	0.458740	0.684082	-51.351145	-54.152672	54.977099	5.357932
-0.525146	0.356445	0.645996	-41.969466	-45.259542	55.656489	5.368177
-0.487061	0.264160	0.626221	-26.358779	-40.877863	53.580153	5.378779
-0.470459	0.234375	0.634521	-14.740458	-44.381679	48.862595	5.387556
-0.409912	0.227539	0.581543	-4.778626	-47.717557	40.297710	5.396209
-0.324219	0.238281	0.500244	1.198473	-45.328244	30.267176	5.404707
-0.223145	0.283447	0.418945	-0.320611	-36.870229	17.809160	5.413410
-0.155518	0.325928	0.346436	-5.748092	-23.045802	5.954198	5.421842
-0.127686	0.312988	0.334229	-11.908397	-6.381679	-4.297710	5.430373
-0.131348	0.291748	0.351562	-15.732824	10.061069	-12.595420	5.438846
-0.197998	0.245117	0.403320	-17.801527	25.396947	-21.137405	5.447409
-0.267822	0.197021	0.472412	-18.763359	34.832061	-30.167939	5.455777
-0.351074	0.163086	0.560791	-10.053435	38.732824	-38.335878	5.464461
-0.414795	0.174072	0.625000	-1.145038	43.526718	-47.305344	5.472688
-0.513672	0.303467	0.700684	15.083969	50.870229	-51.877863	5.483062
-0.607178	0.407715	0.798340	24.419847	53.946565	-46.160305	5.491515
-0.694580	0.504639	0.858887	35.328244	52.229008	-39.465649	5.499865
-0.759277	0.572266	0.902832	41.839695	50.763359	-28.251908	5.508532
-0.824463	0.640625	0.933350	42.763359	46.633588	-16.862595	5.516964
-0.886475	0.654785	0.966797	37.152672	38.022901	-6.687023	5.525733
-0.915039	0.655518	0.998291	24.251908	26.206107	-3.854962	5.534173
-0.932617	0.645752	0.996826	5.992366	13.213740	-4.923664	5.542607
-0.902588	0.612793	0.947510	-8.778626	-1.809160	-4.595420	5.551010
-0.846680	0.610840	0.913574	-15.900763	-12.526718	-2.137405	5.559674
-0.814209	0.622314	0.873291	-16.549618	-20.778626	5.022901	5.568222
-0.783447	0.602783	0.868164	-15.488550	-25.694656	13.992366	5.576551
-0.784424	0.568359	0.879150	-13.259542	-30.763359	21.465649	5.585155
-0.761963	0.542969	0.871094	-11.770992	-35.022901	25.045802	5.593853
-0.705566	0.490967	0.824951	-12.725191	-36.412214	28.396947	5.602516
-0.654785	0.461670	0.768066	-4.053435	-34.206107	31.633588	5.610957
-0.611084	0.468750	0.732910	-1.038168	-37.633588	33.022901	5.619643
-0.562256	0.474854	0.708252	-3.877863	-43.511450	32.267176	5.628202
-0.503662	0.468994	0.645020	-8.221374	-43.839695	29.343511	5.636214
-0.445068	0.452393	0.602051	-13.564885	-39.946565	24.938931	5.644891
-0.397705	0.437744	0.540527	-19.641221	-34.030534	19.374046	5.653496
-0.362793	0.416748	0.535400	-18.564885	-28.045802	18.007634	5.662576
-0.325928	0.375244	0.491943	-18.503817	-18.557252	15.824427	5.671073
-0.301758	0.355713	0.483887	-16.557252	-9.366412	12.519084	5.679203
-0.281982	0.314209	0.461182	-15.480916	-0.297710	8.343511	5.687954
-0.262207	0.271240	0.458496	-13.145038	9.007634	2.068702	5.696472
-0.265381	0.252930	0.464111	-10.206107	17.557252	-6.595420	5.705013
-0.286133	0.235352	0.479492	-7.587786	25.152672	-16.312977	5.713993
-0.300293	0.216064	0.488281	-7.671756	30.816794	-26.442748	5.722511
-0.309570	0.191162	0.488770	-6.671756	36.145038	-38.160305	5.731001
-0.318848	0.197021	0.480225	-3.557252	42.870229	-48.099237	5.739449
-0.360840	0.202881	0.511963	-2.167939	51.122137	-57.396947	5.747760
-0.443115	0.221680	0.588623	0.404580	56.267176	-64.541985	5.756346
-0.564453	0.331543	0.694092	9.557252	59.549618	-70.664122	5.765327
-0.693604	0.435303	0.831543	16.816794	61.419847	-65.816794	5.773811
-0.804199	0.528809	0.910400	21.839695	55.816794	-60.580153	5.782369
-0.901855	0.610107	1.010010	31.351145	47.091603	-46.427481	5.790955
-0.981689	0.746094	1.030762	42.954198	44.770992	-32.961832	5.799648
-1.048340	0.862793	1.084473	45.893130	33.053435	-9.114504	5.808286
-1.137451	0.892578	1.140869	41.938931	19.083969	11.877863	5.816741
-1.171875	0.871338	1.174072	30.122137	-0.152672	26.503817	5.825235
-1.157959	0.840576	1.158936	13.786260	-21.183206	33.709924	5.833721
-1.089111	0.772217	1.089600	-5.328244	-39.183206	35.343511	5.841802
-0.984131	0.693115	0.990234	-23.114504	-59.603053	34.793893	5.850276
-0.905762	0.670654	0.950439	-33.740458	-74.244275	34.473282	5.859091
-0.823975	0.650391	0.878418	-42.801527	-87.297710	39.984733	5.867522
-0.719971	0.582520	0.804688	-53.061069	-88.099237	40.175573	5.876047
-0.623779	0.496826	0.726562	-55.244275	-87.931298	41.908397	5.884174
-0.510986	0.399902	0.640381	-46.809160	-77.709924	45.328244	5.893034
-0.439941	0.327148	0.577881	-34.839695	-70.900763	47.122137	5.901128
-0.367432	0.271484	0.538086	-22.954198	-65.381679	46.526718	5.910120
-0.307373	0.247559	0.504639	-13.679389	-58.145038	42.465649	5.918140
-0.269287	0.229980	0.467529	-2.946565	-51.000000	36.793893	5.926180
-0.204102	0.238770	0.412354	0.435115	-40.404580	28.038168	5.933959
-0.161865	0.266602	0.377441	1.335878	-28.534351	20.229008	5.942066
-0.098145	0.266602	0.328369	0.068702	-15.580153	11.091603	5.950780
-0.079834	0.257568	0.278320	-0.106870	4.297710	3.885496	5.959594
-0.109375	0.243896	0.323975	0.992366	22.320611	-7.045802	5.968112
-0.144775	0.226318	0.372314	-0.358779	35.381679	-16.145038	5.976734
-0.187012	0.210205	0.404785	0.091603	45.106870	-25.091603	5.984816
-0.250244	0.174805	0.475586	-0.931298	51.190840	-34.312977	5.993538
-0.338379	0.152588	0.531738	0.679389	50.816794	-44.832061	6.002104
-0.411133	0.172607	0.603027	-1.664122	53.450382	-57.862595	6.010848
-0.474609	0.202393	0.660645	1.740458	51.763359	-69.839695	6.019291
-0.527100	0.316650	0.726562	7.847328	53.473282	-76.916031	6.027741
-0.591553	0.474365	0.767090	15.824427	56.748092	-73.213740	6.036479
-0.670166	0.590088	0.822510	20.412214	58.442748	-61.175573	6.044758
-0.775391	0.689453	0.885986	26.114504	58.885496	-44.328244	6.052998
-0.899658	0.757812	0.967529	29.442748	60.282443	-22.641221	6.062157
-1.020508	0.750488	1.015137	26.839695	51.450382	-4.809160	6.070671
-1.075928	0.710938	1.066650	23.335878	50.870229	-0.717557	6.079246
-1.128662	0.681396	1.117188	0.198473	28.160305	-2.358779	6.087272
-1.154541	0.677734	1.155029	-8.702290	8.496183	-2.580153	6.096060
-1.127441	0.708252	1.139648	-12.603053	-9.839695	3.412214	6.104448
-1.003662	0.727783	1.043213	-11.427481	-26.206107	15.358779	6.113475
-0.913818	0.718750	0.974365	-13.534351	-36.198473	27.320611	6.121656
-0.834229	0.644043	0.908691	-18.541985	-45.664122	36.625954	6.130328
-0.760254	0.588135	0.857422	-24.129771	-49.740458	39.244275	6.139033
-0.696533	0.557373	0.812012	-28.045802	-47.648855	42.488550	6.147441
-0.650391	0.527344	0.772217	-25.526718	-42.343511	46.320611	6.155827
-0.612549	0.471436	0.741943	-22.732824	-42.519084	49.389313	6.164522
-0.563721	0.416260	0.701904	-19.694656	-47.938931	51.358779	6.172996
-0.506104	0.376953	0.663086	-17.183206	-48.786260	49.221374	6.181492
-0.449463	0.350830	0.615479	-17.389313	-48.526718	42.633588	6.189796
-0.393555	0.333008	0.574219	-17.732824	-43.519084	37.106870	6.198625
-0.339355	0.331787	0.545410	-18.549618	-37.183206	29.854962	6.207148
-0.299072	0.314453	0.498291	-17.503817	-34.778626	25.725191	6.215538
-0.249023	0.298584	0.473633	-17.435115	-26.137405	20.557252	6.224195
-0.210938	0.276855	0.436523	-18.427481	-15.908397	15.511450	6.232408
-0.184570	0.225342	0.434326	-20.152672	-4.778626	5.343511	6.240923
-0.190918	0.190430	0.424316	-19.694656	5.671756	-3.267176	6.249271
-0.232910	0.173584	0.468994	-17.190840	14.519084	-12.213740	6.257170
-0.275879	0.143066	0.498535	-14.137405	19.931298	-22.274809	6.265261
-0.300293	0.123779	0.518799	-9.824427	24.068702	-34.106870	6.273818
-0.327637	0.134033	0.532959	-2.793893	28.129771	-45.488550	6.282231
-0.377686	0.181641	0.564209	1.954198	32.740458	-55.427481	6.290594
-0.420410	0.199707	0.612305	3.465649	34.435115	-63.519084	6.299159
-0.479492	0.240234	0.652100	10.816794	33.488550	-72.198473	6.307631
-0.529297	0.341797	0.682373	21.664122	36.778626	-76.923664	6.315992
-0.620117	0.492432	0.754150	28.664122	37.595420	-72.862595	6.324414
-0.691650	0.642578	0.816406	34.000000	36.297710	-61.297710	6.332981
-0.739258	0.742432	0.840820	35.778626	36.503817	-44.381679	6.341533
-0.805908	0.811768	0.885986	32.587786	37.770992	-27.320611	6.349891
-0.890381	0.825195	0.964844	26.564885	35.870229	-8.679389	6.358689
-0.988037	0.794678	1.011475	17.221374	27.954198	3.183206	6.367253
-1.044434	0.743408	1.081543	7.007634	15.938931	8.893130	6.375708
-1.056152	0.708740	1.106201	-1.870229	0.595420	10.618321	6.384263
-1.012695	0.711914	1.069336	-10.114504	-14.198473	13.709924	6.392558
-0.930420	0.708252	1.002197	-17.786260	-27.030534	18.969466	6.401154
-0.825684	0.669678	0.915771	-23.862595	-35.259542	26.770992	6.409602
-0.726562	0.586914	0.835205	-27.122137	-37.648855	32.335878	6.418068
-0.663818	0.531982	0.794922	-28.022901	-34.770992	38.000000	6.426337
-0.642334	0.473633	0.807373	-24.213740	-33.916031	41.282443	6.434732
-0.641846	0.431885	0.814697	-20.992366	-35.335878	41.969466	6.442441
-0.619141	0.401123	0.807373	-16.656489	-38.770992	41.526718	6.450141
-0.572266	0.378418	0.755615	-14.419847	-42.290076	38.916031	6.457887
-0.512939	0.365234	0.703857	-13.954198	-43.709924	34.732824	6.465410
-0.441162	0.364990	0.632812	-13.793893	-41.503817	29.786260	6.472998
-0.386475	0.385010	0.574707	-15.984733	-37.648855	25.824427	6.480559
-0.325684	0.359131	0.512207	-17.770992	-33.129771	22.511450	6.488155
-0.290771	0.320312	0.467773	-18.137405	-23.496183	18.519084	6.495675
-0.254150	0.285156	0.437256	-17.931298	-14.343511	13.450382	6.504523
-0.206299	0.232910	0.392822	-16.183206	-3.748092	6.793893	6.513031
-0.192139	0.215332	0.382568	-12.427481	8.404580	-0.603053	6.521641
-0.208496	0.188232	0.409424	-8.702290	19.450382	-5.923664	6.530185
-0.232666	0.161621	0.438477	-4.809160	29.114504	-17.022901	6.538796
-0.259277	0.137939	0.457764	-1.259542	37.496183	-28.435115	6.547238
-0.291260	0.130615	0.478271	3.175573	45.549618	-40.389313	6.555706
-0.333984	0.141846	0.517090	4.900763	50.702290	-51.030534	6.563544
-0.388916	0.137451	0.562256	5.694656	54.244275	-61.679389	6.571143
-0.466064	0.208740	0.606689	10.816794	55.770992	-71.351145	6.578791
-0.558838	0.369385	0.695557	15.374046	60.206107	-73.335878	6.587383
-0.678711	0.407227	0.817139	22.946565	58.793893	-69.603053	6.595326
-0.747070	0.559814	0.860352	32.122137	56.465649	-62.351145	6.603178
-0.829590	0.726562	0.921875	45.954198	55.877863	-42.625954	6.612262
-0.920166	0.844971	0.959473	49.351145	54.000000	-14.206107	6.620621
-0.998291	0.857178	0.990723	43.290076	56.648855	6.625954	6.629402
-1.108643	0.813477	1.102051	25.885496	37.213740	17.847328	6.637842
-1.213379	0.791504	1.187256	11.450382	17.801527	23.587786	6.646389
-1.215332	0.753906	1.187744	-0.106870	-5.625954	28.167939	6.654982
-1.126221	0.775879	1.130371	-6.335878	-28.114504	36.206107	6.663686
-0.976318	0.787598	0.989746	-14.687023	-45.152672	45.374046	6.672336
-0.844727	0.754395	0.862793	-26.335878	-57.114504	55.694656	6.680858
-0.729492	0.675781	0.748779	-37.984733	-58.122137	61.916031	6.689389
-0.649170	0.574707	0.715576	-51.106870	-51.229008	61.664122	6.697655
-0.603516	0.490723	0.689941	-51.885496	-40.167939	61.534351	6.705290
-0.566406	0.387695	0.677979	-45.694656	-31.870229	62.259542	6.713780
-0.544678	0.320557	0.660400	-34.244275	-34.290076	62.992366	6.722556
-0.477539	0.250732	0.631104	-21.198473	-36.412214	60.068702	6.731133
-0.424316	0.212402	0.536377	-10.977099	-33.091603	52.633588	6.739707
-0.333984	0.203369	0.605713	1.664122	-15.511450	37.221374	6.748143
-0.298340	0.260254	0.539795	0.633588	-22.885496	28.458015	6.756679
-0.234375	0.267090	0.465088	4.496183	-16.557252	20.312977	6.765202
-0.195068	0.257324	0.435059	6.977099	-10.122137	15.572519	6.773721
-0.162598	0.234863	0.406006	4.839695	0.748092	1.694656	6.781710
-0.152832	0.253174	0.416260	2.832061	10.786260	-8.786260	6.789306
-0.158936	0.244629	0.413818	0.679389	18.656489	-18.259542	6.796836
-0.186279	0.202637	0.430908	-1.396947	23.786260	-27.259542	6.804711
-0.244141	0.158936	0.458984	0.198473	27.618321	-38.458015	6.813414
-0.303467	0.155273	0.512207	2.549618	32.442748	-51.801527	6.821991
-0.401367	0.230225	0.644287	5.954198	35.419847	-61.954198	6.830544
-0.489258	0.258301	0.668213	8.603053	31.274809	-69.847328	6.838709
-0.516602	0.362061	0.671631	19.343511	31.862595	-74.282443	6.847197
-0.557861	0.518311	0.696533	28.282443	36.633588	-68.290076	6.855691
-0.636719	0.644531	0.765137	30.862595	37.068702	-55.030534	6.864301
-0.747314	0.729248	0.835205	29.358779	37.908397	-40.824427	6.872809
-0.925781	0.769531	0.966309	25.519084	33.335878	-23.587786	6.881478
-1.085449	0.767090	1.063965	16.702290	27.282443	-12.885496	6.891621
-1.163330	0.746582	1.108643	0.290076	0.717557	-5.870229	6.901782
-1.152100	0.728271	1.090332	-8.022901	-19.580153	0.969466	6.912404
-1.070557	0.696777	1.050537	-10.656489	-40.427481	9.366412	6.922915
-0.941650	0.669922	0.964111	-15.732824	-53.099237	16.183206	6.933237
-0.821045	0.632080	0.888916	-25.221374	-58.671756	21.396947	6.943292
-0.728516	0.573730	0.827148	-30.603053	-64.404580	27.381679	6.953619
-0.617188	0.513428	0.745605	-34.488550	-61.541985	30.381679	6.964047
-0.544189	0.454834	0.693359	-24.717557	-51.305344	35.900763	6.974568
-0.493164	0.380859	0.645508	-14.793893	-46.885496	39.396947	6.984946
-0.416260	0.340332	0.597900	-8.648855	-45.763359	37.106870	6.995480
-0.347168	0.304199	0.541748	-6.404580	-39.450382	28.625954	7.005655
-0.289795	0.311279	0.494385	-6.274809	-30.664122	16.984733	7.016516
-0.228027	0.324463	0.457520	-6.053435	-21.343511	8.030534	7.027144
-0.189209	0.340088	0.412354	-4.755725	-8.312977	1.862595	7.037635
-0.169189	0.327881	0.394531	-4.435115	5.763359	-4.282443	7.047777
-0.199463	0.306396	0.436279	-6.488550	19.007634	-11.312977	7.058330
-0.245850	0.258789	0.475830	-8.190840	27.396947	-22.435115	7.068845
-0.366211	0.275391	0.584961	-10.396947	31.610687	-31.854962	7.079205
-0.473145	0.289062	0.703857	-9.358779	29.053435	-41.290076	7.089538
-0.535645	0.358154	0.766113	-1.381679	27.335878	-46.717557	7.099861
-0.593262	0.468750	0.813965	9.061069	25.580153	-44.076336	7.110277
-0.694092	0.612549	0.861328	16.877863	24.458015	-31.404580	7.120630
-0.802979	0.711182	0.971191	20.183206	20.488550	-12.122137	7.130974
-0.911865	0.734375	1.049072	17.312977	11.961832	4.770992	7.141306
-0.947510	0.701904	1.050537	7.633588	-1.435115	14.290076	7.151385
-0.909424	0.647949	0.987793	-5.740458	-14.801527	16.458015	7.161789
-0.845947	0.592285	0.941895	-16.564885	-26.343511	14.809160	7.172826
-0.753174	0.587646	0.880615	-21.198473	-33.282443	16.175573	7.183023
-0.683594	0.542969	0.822021	-20.045802	-36.603053	21.862595	7.193494
-0.603516	0.502197	0.772949	-14.374046	-35.679389	28.038168	7.203402
-0.551270	0.477295	0.751953	-9.755725	-33.618321	33.160305	7.213940
-0.518799	0.443359	0.737061	-4.442748	-32.748092	35.549618	7.224223
-0.457275	0.416748	0.675049	-4.625954	-33.274809	32.442748	7.234802
-0.379395	0.406738	0.629395	-8.671756	-32.610687	25.259542	7.245210
-0.311523	0.389404	0.560547	-15.305344	-27.610687	16.854962	7.255264
-0.250977	0.367920	0.498047	-23.778626	-20.030534	7.992366	7.266116
-0.176025	0.312744	0.439209	-28.816794	-9.091603	-1.244275	7.276610
-0.139404	0.248047	0.418945	-26.938931	6.045802	-10.503817	7.287025
-0.169434	0.224365	0.434082	-19.229008	24.106870	-19.267176	7.297401
-0.208740	0.204834	0.486816	-7.259542	36.984733	-25.992366	7.307943
-0.291016	0.238525	0.579102	2.480916	44.083969	-31.893130	7.317988
-0.410645	0.268799	0.683594	5.106870	45.351145	-38.603053	7.328352
-0.562500	0.279053	0.819092	-0.847328	38.641221	-48.167939	7.338996
-0.617188	0.262451	0.866699	-6.633588	26.702290	-63.656489	7.349476
-0.677979	0.403320	0.907227	-5.534351	21.122137	-71.961832	7.360093
-0.743896	0.527100	0.972412	-1.221374	17.450382	-68.343511	7.370453
-0.793457	0.642090	1.020020	11.534351	21.351145	-47.793893	7.380574
-0.894287	0.770264	1.066650	5.931298	15.541985	-25.916031	7.391156
-1.015137	0.786865	1.155273	4.954198	9.396947	-1.694656	7.401470
-1.063721	0.697021	1.157715	6.923664	-5.450382	22.221374	7.412061
-1.019531	0.612305	1.104980	7.213740	-16.877863	35.091603	7.422412
-0.916260	0.564453	1.023926	5.625954	-32.206107	39.862595	7.432990
-0.795898	0.524658	0.923584	-0.435115	-47.328244	40.374046	7.443482
-0.661621	0.509766	0.810547	-4.717557	-52.786260	41.267176	7.453795
-0.541260	0.479248	0.720947	-11.045802	-50.938931	37.595420	7.464390
-0.478516	0.468262	0.679688	-18.015267	-42.748092	32.603053	7.474829
-0.431396	0.399414	0.659668	-11.175573	-35.175573	33.366412	7.487623
-0.369629	0.342773	0.616943	-3.488550	-36.610687	32.557252	7.498129
-0.294922	0.307373	0.547852	2.244275	-32.694656	25.687023	7.508297
-0.212646	0.317871	0.477295	3.198473	-21.587786	13.404580	7.518334
-0.151611	0.336670	0.412109	-0.183206	-6.885496	3.145038	7.528934
-0.163818	0.340088	0.405762	-2.679389	9.091603	-4.778626	7.539435
-0.206055	0.301758	0.433105	-5.038168	21.931298	-11.954198	7.549800
-0.256836	0.252930	0.470947	-5.893130	32.725191	-22.297710	7.560210
-0.306885	0.241455	0.511475	-2.519084	39.015267	-34.679389	7.570676
-0.350830	0.261230	0.538818	-0.396947	44.450382	-45.519084	7.580988
-0.411865	0.285645	0.589844	0.374046	47.992366	-53.793893	7.591255
-0.521729	0.377686	0.731934	3.229008	48.877863	-57.656489	7.601788
-0.667725	0.487061	0.881104	7.465649	46.519084	-56.648855	7.612592
-0.747314	0.586914	0.970947	11.381679	38.977099	-45.519084	7.622400
-0.752686	0.669922	0.980469	12.641221	31.351145	-29.114504	7.633054
-0.800293	0.736328	0.959229	6.511450	28.412214	-10.541985	7.643541
-0.947510	0.684326	1.089600	-1.290076	20.900763	6.603053	7.653458
-1.002441	0.569580	1.136230	-5.251908	2.694656	13.328244	7.664220
-0.989502	0.531982	1.109131	-4.305344	-12.770992	13.259542	7.674762
-0.894287	0.549072	1.032227	-4.862595	-28.129771	15.748092	7.684843
-0.803467	0.557129	0.960205	-6.480916	-38.687023	20.564885	7.694541
-0.729980	0.519775	0.898926	-10.045802	-47.152672	25.458015	7.704071
-0.649414	0.481201	0.845703	-9.145038	-50.190840	28.312977	7.715316
-0.603516	0.468018	0.810547	-11.679389	-45.633588	28.435115	7.725318
-0.550781	0.460205	0.761475	-2.793893	-40.396947	32.763359	7.735953
-0.504639	0.455811	0.733887	5.595420	-39.038168	38.427481	7.746487
-0.455566	0.425781	0.674072	7.633588	-40.419847	39.648855	7.756915
-0.397217	0.413086	0.628662	4.320611	-37.389313	34.801527	7.767285
-0.323486	0.401367	0.545410	-3.038168	-31.427481	26.587786	7.778011
-0.260742	0.371826	0.481934	-9.969466	-22.740458	19.687023	7.788532
-0.195557	0.339111	0.424561	-12.549618	-13.587786	13.152672	7.798954
-0.150146	0.282959	0.381348	-16.122137	4.106870	5.030534	7.810030
-0.151611	0.218018	0.406250	-15.389313	20.580153	-4.893130	7.820410
-0.197998	0.176758	0.442383	-10.435115	32.923664	-16.511450	7.831052
-0.238037	0.166260	0.457520	-6.435115	41.992366	-28.587786	7.841223
-0.280518	0.166504	0.488281	-2.694656	51.603053	-41.427481	7.851484
-0.324463	0.199707	0.508301	-0.328244	62.229008	-53.198473	7.861214
-0.386230	0.289551	0.543945	4.366412	75.404580	-63.045802	7.871972
-0.500244	0.393555	0.643555	6.045802	84.015267	-62.160305	7.882214
-0.652344	0.425293	0.781250	11.167939	86.007634	-59.465649	7.892183
-0.850830	0.534180	0.956299	23.656489	83.335878	-50.946565	7.902672
-0.975342	0.679199	1.066650	38.229008	73.022901	-32.511450	7.913512
-1.086670	0.778564	1.103760	46.580153	53.740458	-6.786260	7.924005
-1.170166	0.779541	1.175293	43.267176	32.824427	10.145038	7.933770
-1.202881	0.776367	1.228760	30.664122	7.755725	16.610687	7.944197
-1.134277	0.806152	1.196289	11.839695	-19.496183	15.160305	7.955144
-1.006592	0.825439	1.081787	-11.900763	-44.183206	18.129771	7.965379
-0.845703	0.701172	0.920654	-36.984733	-60.030534	24.450382	7.976035
-0.750732	0.616699	0.854736	-44.748092	-65.603053	30.618321	7.986636
-0.660400	0.549561	0.795166	-48.259542	-66.091603	34.122137	7.996924
-0.556152	0.451904	0.712646	-41.106870	-60.122137	39.770992	8.007720
-0.500732	0.370850	0.655273	-23.244275	-52.343511	45.923664	8.018255
-0.446777	0.325439	0.619385	-6.564885	-50.366412	47.992366	8.028324
-0.387695	0.320801	0.572021	3.137405	-47.435115	42.564885	8.038601
-0.320068	0.370361	0.521484	3.015267	-40.229008	33.038168	8.048978
-0.240479	0.373291	0.441162	-4.717557	-29.633588	23.916031	8.059622
-0.185303	0.333252	0.414307	-11.610687	-17.984733	14.793893	8.070102
-0.173340	0.304199	0.418213	-15.297710	-3.183206	4.335878	8.080680
-0.182373	0.269775	0.430176	-18.648855	10.450382	-5.229008	8.090811
-0.229004	0.231445	0.450928	-18.549618	19.557252	-14.786260	8.101234
-0.260254	0.176514	0.469727	-18.969466	27.877863	-28.145038	8.111819
-0.296387	0.128174	0.487061	-15.083969	39.381679	-43.984733	8.122068
-0.366211	0.106201	0.528809	-10.114504	48.328244	-61.091603	8.132179
-0.487549	0.211182	0.635498	1.282443	52.480916	-76.412214	8.142701
-0.611816	0.419189	0.761963	9.488550	52.648855	-76.366412	8.153222
-0.702637	0.465332	0.859375	20.206107	49.709924	-70.198473	8.163764
-0.729248	0.564697	0.871582	30.458015	46.954198	-58.366412	8.174130
-0.781006	0.721680	0.928223	43.671756	47.778626	-38.755725	8.184387
-0.848877	0.826172	0.989746	47.480916	45.488550	-15.465649	8.194549
-1.011963	0.872803	1.077881	19.816794	25.251908	4.725191	8.205305
-1.057617	0.805176	1.103516	-5.000000	3.007634	16.473282	8.215777
-1.040527	0.682861	1.070557	-18.648855	-15.786260	23.312977	8.225983
-0.930908	0.618896	0.964600	-20.725191	-34.175573	29.511450	8.235928
-0.773438	0.566162	0.841553	-24.465649	-45.083969	32.984733	8.246279
-0.686523	0.541504	0.790771	-28.702290	-52.129771	37.458015	8.257439
-0.618896	0.491455	0.753418	-33.152672	-48.877863	39.519084	8.267892
-0.563965	0.426025	0.719971	-26.427481	-40.374046	44.847328	8.278204
-0.539551	0.343018	0.699219	-14.938931	-35.465649	48.854962	8.288687
-0.497803	0.302246	0.687500	-2.282443	-38.091603	50.801527	8.299066
-0.428711	0.295410	0.629883	4.305344	-36.488550	41.022901	8.310018
-0.362305	0.307373	0.571289	2.167939	-31.938931	29.366412	8.320166
-0.291748	0.311035	0.519043	-1.969466	-23.870229	17.099237	8.330822
-0.229492	0.289062	0.465088	-5.496183	-15.931298	6.946565	8.340605
-0.181396	0.262939	0.400391	-6.389313	-1.335878	-4.908397	8.351349
-0.194336	0.259277	0.395264	-5.137405	16.549618	-15.816794	8.362516
-0.243408	0.224854	0.432373	-2.664122	29.412214	-25.885496	8.372590
-0.309082	0.225098	0.496094	4.946565	37.206107	-36.519084	8.383206
-0.374512	0.313721	0.541992	11.137405	45.519084	-44.702290	8.393763
-0.472900	0.390381	0.616699	10.717557	52.717557	-47.259542	8.404058
-0.602295	0.463867	0.743896	10.839695	51.206107	-48.122137	8.414815
-0.722412	0.477295	0.841797	17.068702	50.106870	-44.427481	8.424775
-0.804688	0.583740	0.918701	19.366412	41.175573	-36.778626	8.435617
-0.862305	0.669678	0.962158	18.404580	34.251908	-27.687023	8.446225
-0.894531	0.708984	0.973145	12.900763	21.740458	-14.534351	8.456996
-0.901367	0.726318	0.967773	4.267176	7.458015	-1.671756	8.467546
-0.873047	0.671143	0.936035	-9.076336	-7.778626	7.381679	8.478234
-0.837158	0.595459	0.894043	-17.732824	-19.160305	11.160305	8.489851
-0.776123	0.537842	0.882812	-22.969466	-30.366412	16.175573	8.501586
-0.724365	0.514893	0.840820	-20.114504	-38.656489	22.511450	8.513526
-0.680908	0.474121	0.822754	-16.648855	-45.152672	27.618321	8.524153
-0.610107	0.444580	0.775879	-15.648855	-45.633588	26.496183	8.534350
-0.535400	0.414795	0.705078	-16.496183	-40.671756	23.755725	8.544315
-0.464111	0.385254	0.655029	-13.000000	-35.000000	21.541985	8.555274
-0.413574	0.355225	0.622314	-12.648855	-33.114504	17.389313	8.565937
-0.374268	0.338867	0.590576	-11.114504	-26.862595	12.213740	8.576196
-0.323242	0.329590	0.534424	-11.893130	-16.389313	4.519084	8.586745
-0.283203	0.312988	0.502197	-11.320611	-2.404580	-3.480916	8.597148
-0.292480	0.299316	0.491455	-7.923664	9.847328	-10.000000	8.607515
-0.334473	0.291260	0.521240	-3.541985	22.267176	-15.854962	8.617176
-0.367432	0.286133	0.528076	0.282443	30.893130	-23.709924	8.627802
-0.409424	0.294189	0.541016	1.229008	39.885496	-32.251908	8.638275
-0.486572	0.284180	0.599854	2.152672	45.351145	-42.267176	8.648213
-0.598389	0.378174	0.735596	4.564885	46.045802	-50.068702	8.658736
-0.679932	0.521484	0.800049	5.335878	43.053435	-46.282443	8.669294
-0.802979	0.574219	0.932373	10.801527	42.473282	-35.977099	8.679412
-0.925049	0.707520	1.044434	16.992366	30.297710	-13.740458	8.690011
-0.968018	0.738525	1.080078	22.496183	15.305344	10.244275	8.700513
-0.935059	0.752686	0.991943	19.755725	-3.786260	30.236641	8.710718
-0.935791	0.635986	1.001465	11.053435	-12.549618	39.122137	8.721243
-0.894043	0.583496	0.959473	-1.702290	-25.519084	37.618321	8.731550
-0.806152	0.536865	0.891602	-14.465649	-38.480916	35.358779	8.742322
-0.697754	0.491455	0.772705	-20.778626	-48.229008	34.122137	8.752486
-0.545654	0.447266	0.655029	-26.557252	-46.984733	30.801527	8.763393
-0.429443	0.397949	0.581299	-27.572519	-39.167939	27.664122	8.773928
-0.356934	0.342285	0.541992	-23.419847	-28.381679	24.877863	8.784202
-0.297852	0.298096	0.498291	-12.389313	-19.862595	20.847328	8.794621
-0.261719	0.270264	0.454834	-0.068702	-10.946565	15.129771	8.804944
-0.231934	0.301270	0.433105	8.824427	-0.061069	5.267176	8.815610
-0.215576	0.353271	0.416504	10.458015	11.977099	-4.404580	8.826057
-0.248535	0.346436	0.426025	6.748092	22.809160	-13.961832	8.836607
-0.326172	0.324951	0.489258	2.648855	28.664122	-26.152672	8.846617
-0.406494	0.379150	0.577881	0.175573	30.549618	-36.709924	8.857240
-0.473145	0.510742	0.639893	-3.778626	32.076336	-37.801527	8.867402
-0.573242	0.494629	0.756592	-6.984733	33.770992	-33.160305	8.878084
-0.678223	0.560791	0.827148	-5.053435	34.938931	-24.725191	8.887966
-0.771973	0.574707	0.916016	-3.213740	30.282443	-12.480916	8.898541
-0.864014	0.566895	0.945312	-2.137405	30.778626	-4.274809	8.908733
-0.962402	0.552490	1.019043	-6.603053	16.053435	1.152672	8.919246
-0.989502	0.547607	1.054199	-6.801527	-0.435115	4.709924	8.929446
-0.935059	0.557861	1.041992	-5.274809	-19.961832	11.664122	8.940237
-0.821533	0.530273	0.927246	-7.938931	-33.435115	17.129771	8.950477
-0.727783	0.482910	0.869873	-11.786260	-39.557252	18.816794	8.960591
-0.649414	0.455322	0.820068	-14.053435	-43.709924	18.877863	8.971201
-0.560059	0.427246	0.735352	-14.435115	-40.038168	16.396947	8.981952
-0.472168	0.402344	0.654297	-6.717557	-31.045802	16.183206	8.992093
-0.422119	0.408203	0.608398	0.809160	-25.709924	17.442748	9.002552
-0.378906	0.395752	0.568115	4.030534	-23.778626	16.221374	9.013038
-0.331787	0.399414	0.528564	2.335878	-17.007634	9.839695	9.023285
-0.298828	0.410889	0.480225	-3.709924	-6.946565	-0.503817	9.033784
-0.279053	0.399902	0.470947	-9.877863	5.488550	-9.625954	9.044206
-0.311035	0.389893	0.496094	-11.763359	13.870229	-15.099237	9.054399
-0.347412	0.343262	0.506836	-10.213740	24.053435	-20.251908	9.065034
-0.398193	0.322021	0.556152	-7.412214	31.183206	-26.595420	9.075769
-0.437256	0.289062	0.570312	-5.793893	38.954198	-35.557252	9.086166
-0.473633	0.264648	0.581055	-7.511450	48.305344	-45.045802	9.097062
-0.567383	0.254639	0.674316	-8.167939	51.923664	-56.801527	9.107578
-0.681641	0.397461	0.812012	-1.625954	54.748092	-65.839695	9.118069
-0.830322	0.513428	0.942139	4.038168	50.992366	-55.396947	9.127756
-0.896973	0.607422	1.017090	15.274809	35.564885	-37.778626	9.137982
-0.993408	0.714355	1.063965	24.137405	18.946565	-14.541985	9.148324
-1.040039	0.771240	1.092285	28.671756	5.717557	9.038168	9.158534
-1.021973	0.741211	1.042969	19.229008	-12.610687	23.961832	9.168950
-0.938232	0.704590	0.954102	2.740458	-25.320611	28.877863	9.179348
-0.832764	0.597656	0.828125	-18.610687	-37.587786	29.045802	9.189686
-0.680664	0.490967	0.697021	-28.343511	-44.198473	25.259542	9.200285
-0.596680	0.438477	0.638672	-31.053435	-42.473282	26.282443	9.210963
-0.537598	0.412842	0.636230	-26.526718	-37.977099	28.366412	9.221522
-0.506104	0.369385	0.623047	-21.221374	-29.809160	26.816794	9.231928
-0.472412	0.340820	0.630127	-15.526718	-22.893130	25.984733	9.242188
-0.447021	0.317139	0.622803	2.465649	-16.145038	27.244275	9.252931
-0.397461	0.315430	0.591797	9.450382	-17.595420	23.916031	9.263184
-0.337158	0.322754	0.532715	4.725191	-15.053435	13.793893	9.273485
-0.282959	0.313477	0.490479	-5.404580	-4.694656	-0.931298	9.283872
-0.286377	0.297363	0.479492	-14.587786	7.534351	-11.854962	9.294116
-0.320557	0.279785	0.520264	-15.946565	17.122137	-21.458015	9.304477
-0.360596	0.246094	0.542969	-12.511450	23.152672	-26.778626	9.314867
-0.425781	0.213623	0.585205	-7.328244	25.412214	-33.106870	9.324830
-0.485107	0.228271	0.627930	1.755725	31.389313	-42.946565	9.335477
-0.560303	0.336670	0.710938	11.045802	34.648855	-48.694656	9.346082
-0.663330	0.488770	0.802734	19.496183	33.702290	-44.458015	9.356773
-0.771729	0.595459	0.861328	20.549618	28.343511	-32.679389	9.367046
-0.833740	0.651611	0.887207	20.282443	26.488550	-21.335878	9.377320
-0.920410	0.685303	0.951904	12.526718	13.885496	-9.167939	9.388190
-0.969971	0.676270	0.977783	6.435115	-1.145038	0.175573	9.398454
-0.914062	0.634766	0.923828	1.389313	-16.541985	7.183206	9.409154
-0.831787	0.601807	0.852051	-1.763359	-25.732824	10.526718	9.419802
-0.755859	0.607666	0.787842	-6.061069	-31.900763	15.473282	9.430003
-0.687256	0.606445	0.759033	-9.572519	-33.694656	22.931298	9.440323
-0.653809	0.560303	0.747803	-10.450382	-33.511450	29.633588	9.450697
-0.631592	0.503906	0.758789	-11.190840	-31.206107	32.312977	9.460977
-0.604492	0.468750	0.726318	-5.419847	-28.847328	36.129771	9.471371
-0.519287	0.424561	0.680908	-2.175573	-30.000000	36.679389	9.484560
-0.470947	0.398682	0.650391	-5.786260	-29.297710	32.404580	9.494894
-0.413574	0.385498	0.591797	-11.740458	-25.282443	24.503817	9.505195
-0.353516	0.351807	0.572998	-20.358779	-18.549618	17.099237	9.515937
-0.317871	0.303711	0.534424	-22.717557	-10.358779	10.564885	9.525720
-0.293945	0.243164	0.511963	-19.969466	0.732824	2.381679	9.536516
-0.297852	0.208496	0.508789	-13.389313	11.534351	-5.938931	9.546756
-0.344482	0.187744	0.547852	-5.190840	20.687023	-14.618321	9.557226
-0.376953	0.159912	0.556152	2.641221	26.351145	-26.312977	9.567547
-0.437012	0.219482	0.597900	9.297710	33.015267	-38.564885	9.578408
-0.480957	0.260498	0.614990	10.473282	40.725191	-48.725191	9.588723
-0.563721	0.334717	0.681152	12.305344	44.389313	-56.312977	9.599195
-0.678711	0.465332	0.767822	16.007634	44.396947	-55.656489	9.609644
-0.795166	0.471436	0.874512	22.160305	42.114504	-53.358779	9.619825
-0.874268	0.630859	0.930664	30.862595	33.160305	-40.534351	9.630222
-0.928955	0.760010	0.961426	35.572519	19.000000	-18.282443	9.640612
-0.971436	0.802979	1.006836	33.412214	5.755725	4.679389	9.650889
-0.996094	0.808594	1.003662	23.427481	-12.091603	17.648855	9.661439
-0.943359	0.742920	0.960449	1.954198	-26.748092	25.351145	9.671374
-0.830566	0.648193	0.847900	-16.511450	-38.122137	26.473282	9.682241
-0.706055	0.560303	0.728516	-26.312977	-45.618321	27.129771	9.692988
-0.581299	0.527588	0.644287	-29.488550	-47.427481	30.091603	9.703412
-0.528809	0.454834	0.606201	-31.801527	-41.351145	30.740458	9.714357
-0.493652	0.397949	0.612793	-30.908397	-31.687023	28.687023	9.725106
-0.461182	0.347900	0.618408	-15.870229	-21.870229	30.404580	9.735233
-0.440186	0.322021	0.612793	-2.549618	-18.343511	29.603053	9.745650
-0.410156	0.324219	0.585449	3.129771	-18.122137	23.725191	9.756182
-0.363037	0.354248	0.564941	-1.801527	-11.702290	13.236641	9.766256
-0.336426	0.339355	0.569092	-11.694656	-2.977099	2.328244	9.775636
-0.361328	0.307617	0.578857	-17.244275	4.732824	-6.664122	9.784817
-0.394775	0.298096	0.621582	-16.908397	9.244275	-13.854962	9.795559
-0.400635	0.279053	0.606689	-13.389313	14.770992	-19.801527	9.805777
-0.407959	0.249023	0.597656	-8.007634	21.412214	-26.625954	9.816736
-0.439453	0.263428	0.601074	-3.854962	28.007634	-33.877863	9.827224
-0.474854	0.334473	0.626709	3.297710	34.526718	-38.587786	9.837780
-0.570068	0.443115	0.707031	5.435115	37.870229	-38.022901	9.848250
-0.677002	0.509521	0.778320	6.274809	37.213740	-33.106870	9.858867
-0.761475	0.570068	0.840576	9.503817	33.740458	-25.511450	9.869092
-0.852539	0.641846	0.904053	12.954198	29.656489	-13.312977	9.878993
-0.925781	0.676514	0.958496	13.374046	19.885496	0.656489	9.889116
-0.963867	0.661377	0.981689	9.641221	8.312977	9.625954	9.899622
-0.937988	0.645264	0.960205	4.671756	-6.526718	15.183206	9.909924
-0.869141	0.629395	0.896484	-1.793893	-18.702290	20.122137	9.920488
-0.788574	0.596436	0.840576	-3.954198	-24.129771	24.587786	9.930913
-0.722900	0.556641	0.784180	-15.916031	-28.763359	26.534351	9.941138
-0.651855	0.490479	0.742676	-18.351145	-30.091603	27.381679	9.951453
-0.611572	0.449463	0.711914	-13.503817	-29.076336	31.977099	9.962063
-0.556152	0.420166	0.697266	-7.206107	-27.793893	33.610687	9.972435
-0.503174	0.423828	0.669922	-0.839695	-24.725191	34.206107	9.982989
-0.461914	0.404297	0.614990	0.488550	-23.480916	32.045802	9.993048
-0.420898	0.392334	0.598633	-0.877863	-21.717557	27.030534	10.003647
-0.381836	0.395996	0.565918	-4.801527	-19.099237	21.160305	10.013976
-0.333740	0.372803	0.495361	-8.931298	-15.045802	15.061069	10.024492
-0.277832	0.333984	0.469727	-10.938931	-6.702290	7.450382	10.034966
-0.258301	0.299072	0.434814	-10.824427	3.572519	-0.732824	10.045484
-0.266602	0.292236	0.456299	-9.877863	13.580153	-8.938931	10.055833
-0.300293	0.238525	0.463867	-7.900763	22.564885	-19.328244	10.066745
-0.333984	0.214355	0.480713	-3.145038	28.282443	-31.503817	10.076467
-0.368164	0.234619	0.510742	-0.282443	32.625954	-42.625954	10.086000
-0.420654	0.280518	0.545654	-1.282443	36.335878	-51.160305	10.095229
-0.502930	0.341797	0.637451	0.106870	41.961832	-56.854962	10.104487
-0.606445	0.418457	0.727783	1.938931	42.664122	-57.832061	10.114680
-0.703125	0.496826	0.822021	5.916031	41.916031	-52.931298	10.125582
-0.816650	0.632080	0.893311	16.000000	40.076336	-37.893130	10.135770
-0.928955	0.721924	0.982178	19.183206	36.045802	-19.351145	10.145992
-1.042969	0.738281	1.087646	15.603053	26.740458	1.389313	10.156395
-1.073730	0.692383	1.110352	6.938931	10.969466	11.000000	10.166974
-1.029785	0.668945	1.008789	-3.366412	-4.267176	16.824427	10.177276
-0.981445	0.592773	0.987549	-9.198473	-22.625954	21.381679	10.187988
-0.884766	0.541504	0.909668	-10.473282	-38.473282	24.854962	10.198251
-0.751953	0.532959	0.819336	-14.694656	-43.488550	24.106870	10.208721
-0.653809	0.493164	0.734131	-16.229008	-40.267176	24.259542	10.219120
-0.593262	0.475098	0.712158	-13.229008	-34.694656	27.832061	10.229543
-0.559326	0.425049	0.691895	-8.427481	-34.824427	31.801527	10.239963
-0.520020	0.404541	0.663574	-1.259542	-35.610687	32.152672	10.250448
-0.471680	0.378662	0.614746	1.534351	-34.290076	28.534351	10.260533
-0.404053	0.389404	0.572998	1.916031	-29.946565	22.419847	10.271082
-0.355957	0.365234	0.525146	-0.496183	-24.053435	15.816794	10.281353
-0.309814	0.341064	0.479492	-3.198473	-17.167939	8.366412	10.291898
-0.309570	0.320801	0.471436	-4.236641	-9.694656	0.748092	10.302183
-0.279541	0.307617	0.462891	-5.656489	-1.427481	-8.213740	10.312673
-0.269531	0.305420	0.459229	-6.862595	7.931298	-17.175573	10.323200
-0.303467	0.292480	0.469482	-6.312977	15.190840	-25.045802	10.333639
-0.342041	0.303223	0.510742	-7.419847	20.312977	-33.633588	10.344612
-0.392334	0.285156	0.541504	-6.816794	25.923664	-42.503817	10.354971
-0.447266	0.332031	0.570068	-0.946565	34.114504	-50.610687	10.365271
-0.514893	0.425049	0.641113	5.274809	39.030534	-51.259542	10.375587
-0.575195	0.519043	0.681885	12.351145	42.870229	-44.557252	10.385594
-0.688721	0.617432	0.763428	16.740458	48.335878	-34.106870	10.396239
-0.853271	0.656982	0.900391	19.091603	49.221374	-22.748092	10.406073
-0.990967	0.680420	1.027344	15.740458	38.045802	-14.061069	10.415927
-1.021973	0.706543	1.052002	14.091603	24.129771	-7.801527	10.425371
-0.978516	0.794434	0.960693	5.954198	8.610687	2.244275	10.436481
-0.982910	0.783203	1.016357	-0.969466	-0.106870	19.206107	10.446211
-0.984619	0.744141	1.030762	-4.503817	-18.396947	34.679389	10.457125
-0.973145	0.661621	1.041504	-12.213740	-33.740458	40.541985	10.467243
-0.866211	0.562012	0.935547	-22.954198	-52.290076	41.618321	10.477653
-0.729004	0.504639	0.826416	-27.190840	-58.961832	41.786260	10.487679
-0.619873	0.484375	0.734131	-28.183206	-56.061069	42.511450	10.498055
-0.562256	0.443115	0.684326	-24.290076	-51.335878	45.396947	10.508578
-0.516602	0.375000	0.647217	-16.549618	-47.343511	47.190840	10.519225
-0.474854	0.325439	0.618408	-7.992366	-42.557252	45.778626	10.529798
-0.443359	0.327881	0.581787	-0.618321	-41.374046	41.175573	10.540017
-0.358887	0.340820	0.513184	0.717557	-38.297710	34.740458	10.550411
-0.295166	0.321289	0.447266	-1.648855	-29.328244	26.458015	10.560986
-0.252441	0.305176	0.422852	-4.900763	-19.389313	15.938931	10.570908
-0.224121	0.286865	0.412842	-7.580153	-7.183206	3.595420	10.581343
-0.219727	0.275879	0.409424	-9.564885	4.877863	-7.061069	10.591564
-0.229248	0.267578	0.416748	-8.740458	15.610687	-17.007634	10.602228
-0.267822	0.217285	0.443115	-7.603053	25.145038	-28.282443	10.612802
-0.290527	0.214111	0.489746	-2.389313	31.748092	-39.656489	10.622767
-0.335205	0.255371	0.510742	0.969466	37.526718	-49.503817	10.633313
-0.406494	0.268066	0.574463	-0.572519	41.740458	-58.351145	10.643770
-0.518555	0.289307	0.681885	-4.969466	39.946565	-65.832061	10.653695
-0.561035	0.290527	0.714844	-5.587786	37.221374	-77.083969	10.664352
-0.620850	0.406982	0.740234	1.099237	39.236641	-79.748092	10.674979
-0.695801	0.542480	0.804199	6.183206	41.465649	-73.167939	10.685519
-0.817383	0.635498	0.904053	11.137405	44.030534	-58.366412	10.695310
-0.962891	0.710938	1.026367	13.099237	34.534351	-39.770992	10.705339
-1.059082	0.764893	1.093506	14.984733	21.045802	-21.847328	10.715176
-1.046631	0.831055	1.027100	17.450382	6.725191	-2.274809	10.724527
-1.042480	0.808105	1.024658	6.251908	1.198473	17.503817	10.735143
-1.053955	0.736084	1.033203	0.572519	-11.328244	27.282443	10.745328
-1.013672	0.656738	1.008789	-8.633588	-25.564885	31.068702	10.755468
-0.946289	0.645020	0.955322	-16.251908	-41.076336	34.709924	10.765194
-0.823975	0.589111	0.857910	-19.465649	-53.625954	41.122137	10.775859
-0.727051	0.555908	0.790527	-18.664122	-58.396947	47.152672	10.785966
-0.638672	0.511963	0.754150	-16.832061	-59.809160	53.396947	10.796590
-0.597656	0.482910	0.742188	-20.770992	-55.549618	51.839695	10.807170
-0.520020	0.435303	0.688721	-17.091603	-48.259542	52.824427	10.817674
-0.484619	0.391602	0.639160	-8.450382	-45.244275	55.083969	10.827916
-0.415771	0.357178	0.598877	-6.702290	-49.977099	52.259542	10.838280
-0.364502	0.337891	0.551514	-9.732824	-45.198473	42.007634	10.848624
-0.293457	0.322754	0.509766	-13.687023	-35.335878	30.106870	10.858938
-0.262695	0.318115	0.468018	-16.274809	-28.328244	21.312977	10.868862
-0.185059	0.294922	0.436035	-16.183206	-19.916031	15.152672	10.878478
-0.134521	0.260498	0.382324	-15.030534	-3.862595	7.152672	10.889352
-0.113037	0.222168	0.383545	-14.015267	12.870229	-2.641221	10.899165
-0.142090	0.189941	0.419189	-10.648855	26.778626	-12.419847	10.909043
-0.199219	0.160400	0.460205	-7.496183	36.435115	-24.175573	10.918609
-0.250244	0.117676	0.493164	-1.702290	44.190840	-40.801527	10.929593
-0.272949	0.142822	0.463379	4.282443	55.603053	-56.816794	10.940117
-0.301270	0.180176	0.448975	6.274809	71.137405	-72.916031	10.950417
-0.369141	0.289795	0.471680	12.816794	89.549618	-82.167939	10.960986
-0.544922	0.370850	0.589355	23.923664	107.450382	-84.541985	10.971549
-0.845459	0.531738	0.827881	34.526718	116.404580	-78.687023	10.982122
-1.074219	0.699951	1.019775	47.175573	104.351145	-61.793893	10.992231
-1.183594	0.857422	1.119873	59.167939	84.015267	-35.389313	11.001728
-1.262939	0.944824	1.145508	61.618321	56.427481	-6.129771	11.011460
-1.304199	0.955078	1.207520	53.732824	26.694656	20.167939	11.022523
-1.257568	0.979248	1.192139	32.610687	-2.824427	30.809160	11.032583
-1.140625	0.978271	1.080566	3.664122	-26.519084	38.580153	11.042802
-1.031006	0.953613	0.978516	-29.297710	-44.595420	49.954198	11.052280
-0.915039	0.838379	0.860596	-54.450382	-61.572519	62.282443	11.062046
-0.812744	0.656494	0.769287	-69.091603	-69.801527	70.740458	11.071598
-0.730957	0.505371	0.722900	-71.351145	-75.198473	74.251908	11.081064
-0.639648	0.345215	0.673584	-61.961832	-76.854962	72.664122	11.092639
-0.542725	0.252441	0.627441	-43.946565	-75.404580	67.305344	11.102664
-0.428711	0.229736	0.572021	-29.496183	-64.778626	56.541985	11.113333
-0.322266	0.248047	0.489502	-8.847328	-50.083969	51.297710	11.123811
-0.247314	0.266846	0.428955	2.381679	-43.618321	46.557252	11.134080
-0.188232	0.292969	0.414062	5.717557	-32.641221	36.923664	11.144320
-0.163086	0.288574	0.410156	-0.022901	-17.709924	22.167939	11.154907
-0.151611	0.252197	0.398926	-7.381679	-1.923664	4.213740	11.164977
-0.150146	0.239502	0.400391	-11.832061	9.893130	-10.610687	11.175532
-0.185791	0.203369	0.428711	-14.664122	23.305344	-23.725191	11.185769
-0.233887	0.141357	0.453857	-11.129771	31.038168	-38.106870	11.196130
-0.276123	0.190186	0.486572	5.396947	44.145038	-51.946565	11.206268
-0.341797	0.418213	0.529297	16.954198	57.473282	-47.580153	11.217228
-0.426270	0.457275	0.550781	28.366412	72.679389	-43.442748	11.227465
-0.614502	0.518066	0.689941	32.732824	80.091603	-37.122137	11.237913
-0.803467	0.580566	0.830078	31.984733	76.290076	-30.022901	11.248036
-0.943359	0.583740	0.924805	20.770992	67.595420	-32.053435	11.258650
-0.988770	0.620605	0.957764	14.244275	43.229008	-28.404580	11.269334
-0.991211	0.741211	0.950439	16.083969	22.312977	-18.114504	11.279464
-0.957031	0.785156	0.932861	10.618321	1.412214	-5.129771	11.289598
-0.878906	0.744141	0.864990	-4.053435	-11.938931	1.229008	11.299176
-0.793457	0.679932	0.822754	-20.854962	-18.458015	0.954198	11.309067
-0.759033	0.670166	0.812744	-27.236641	-20.259542	3.557252	11.318828
-0.801025	0.680908	0.897461	-24.305344	-26.496183	15.702290	11.330329
-0.785645	0.642334	0.888916	-18.992366	-37.160305	31.549618	11.340795
-0.744873	0.589600	0.856201	-15.801527	-48.793893	40.603053	11.351165
-0.688232	0.560791	0.798584	-16.709924	-57.793893	42.824427	11.361285
-0.607422	0.518311	0.747559	-19.503817	-61.213740	42.030534	11.371109
-0.520996	0.489014	0.650635	-26.114504	-51.053435	34.862595	11.381845
-0.468750	0.450439	0.619385	-30.793893	-46.053435	30.152672	11.392438
-0.439209	0.388428	0.591553	-27.992366	-43.503817	29.824427	11.403193
-0.414307	0.343994	0.612305	-22.458015	-43.267176	27.167939	11.413001
-0.380859	0.318359	0.587158	-19.977099	-40.160305	21.679389	11.423293
-0.330322	0.303467	0.549316	-18.129771	-35.183206	13.435115	11.433873
-0.292969	0.276123	0.515869	-17.053435	-29.938931	4.312977	11.444222
-0.267578	0.269287	0.490479	-15.595420	-22.916031	-4.587786	11.454297
-0.238037	0.263428	0.453125	-12.824427	-11.450382	-14.679389	11.465161
-0.217041	0.252686	0.430176	-9.374046	2.412214	-24.137405	11.475400
-0.230713	0.247314	0.420654	-3.954198	19.679389	-34.641221	11.488276
-0.274902	0.248291	0.461182	0.351145	32.015267	-43.679389	11.498577
-0.334473	0.258301	0.511963	6.137405	39.862595	-53.625954	11.509142
-0.435791	0.351562	0.595459	13.816794	45.641221	-60.854962	11.519339
-0.537598	0.497559	0.671143	22.534351	49.442748	-59.534351	11.529694
-0.628662	0.638184	0.764404	27.839695	50.740458	-49.633588	11.540253
-0.731445	0.727051	0.838623	28.351145	56.625954	-36.839695	11.550625
-0.844238	0.791016	0.942871	17.404580	51.809160	-22.511450	11.561483
-0.955078	0.768066	1.037842	7.725191	42.541985	-10.137405	11.572171
-1.041504	0.685059	1.114990	-1.862595	27.534351	-3.221374	11.581836
-1.057373	0.642578	1.138672	-2.839695	12.526718	-0.656489	11.591251
-1.003662	0.646484	1.101318	-4.129771	-1.969466	0.977099	11.600693
-0.916748	0.680908	1.019775	-5.282443	-17.770992	5.931298	11.611038
-0.840088	0.666260	0.968262	-6.732824	-26.900763	17.290076	11.621587
-0.789307	0.613770	0.920410	-5.221374	-33.595420	26.129771	11.632467
-0.748291	0.596436	0.888428	-0.893130	-38.435115	33.106870	11.643069
-0.698242	0.562012	0.852295	1.106870	-44.335878	39.007634	11.653318
-0.624268	0.541260	0.782471	3.938931	-47.938931	42.450382	11.663287
-0.569336	0.514893	0.721924	4.740458	-50.427481	42.992366	11.673397
-0.506836	0.500244	0.651367	2.709924	-46.625954	39.679389	11.684078
-0.441406	0.476318	0.613525	-6.358779	-44.076336	33.923664	11.693600
-0.394531	0.465576	0.551758	-10.954198	-40.251908	29.908397	11.703313
-0.349121	0.416992	0.507080	-13.061069	-34.931298	27.091603	11.714595
-0.304932	0.384521	0.474121	-13.412214	-28.442748	23.458015	11.724491
-0.265625	0.337402	0.442383	-12.671756	-18.870229	18.763359	11.735000
-0.232422	0.291016	0.426514	-12.114504	-8.229008	12.961832	11.745563
-0.229980	0.246338	0.447021	-9.595420	1.351145	4.549618	11.756053
-0.237305	0.220459	0.453613	-7.839695	9.045802	-4.931298	11.766512
-0.249756	0.199219	0.466309	-6.167939	16.427481	-13.755725	11.776693
-0.264893	0.195557	0.474365	-5.923664	23.251908	-26.763359	11.786528
-0.282471	0.218262	0.488770	-4.725191	29.145038	-37.725191	11.797061
-0.341309	0.256348	0.543701	-3.473282	33.900763	-47.160305	11.807230
-0.403076	0.254395	0.578613	-4.740458	34.877863	-56.183206	11.817685
-0.441406	0.322021	0.592529	2.251908	38.190840	-64.664122	11.828249
-0.492432	0.450195	0.614258	11.633588	44.847328	-64.908397	11.838245
-0.567627	0.595215	0.645264	13.580153	58.221374	-59.740458	11.848726
-0.707031	0.671143	0.774658	9.167939	61.984733	-47.603053	11.859633
-0.866699	0.693115	0.915527	5.977099	59.793893	-36.877863	11.870053
-1.005371	0.714844	1.055664	8.687023	50.312977	-24.633588	11.879960
-1.077637	0.745117	1.124756	11.847328	35.351145	-12.458015	11.890239
-1.086670	0.781494	1.140869	10.137405	16.900763	-0.679389	11.900287
-1.028564	0.809570	1.092285	3.984733	-1.961832	10.419847	11.910397
-0.974121	0.799316	1.048096	-4.083969	-14.458015	23.160305	11.920835
-0.901367	0.733887	0.988770	-11.740458	-25.389313	33.442748	11.931737
-0.838135	0.652100	0.937256	-19.786260	-34.763359	38.740458	11.941976
-0.766846	0.574463	0.870850	-23.343511	-41.679389	42.030534	11.952215
-0.681885	0.502441	0.799072	-19.763359	-45.221374	45.183206	11.962930
-0.617188	0.458984	0.753418	-13.480916	-48.244275	46.946565	11.973237
-0.553467	0.416748	0.706543	-6.038168	-50.038168	46.809160	11.983258
-0.473633	0.407959	0.641357	-5.671756	-45.206107	39.267176	11.993319
-0.392090	0.400146	0.576416	-6.954198	-41.526718	33.458015	12.004193
-0.334473	0.367676	0.510498	-6.770992	-32.083969	27.893130	12.014625
-0.302734	0.337402	0.495117	-8.137405	-27.625954	21.541985	12.024681
-0.261963	0.289551	0.450439	-9.267176	-19.259542	11.877863	12.035114
-0.225098	0.271484	0.418701	-8.488550	-9.007634	0.656489	12.045250
-0.212646	0.258545	0.413330	-7.954198	3.122137	-9.328244	12.055688
-0.233398	0.248291	0.427002	-4.206107	14.045802	-17.725191	12.066101
-0.270264	0.230713	0.468018	-0.877863	19.595420	-28.167939	12.076706
-0.279053	0.237793	0.463379	1.572519	28.480916	-39.564885	12.087150
-0.296631	0.254639	0.465576	1.366412	37.549618	-51.366412	12.097211
-0.335693	0.261719	0.473877	-1.931298	48.625954	-65.068702	12.108381
-0.412842	0.273926	0.526611	-3.969466	56.526718	-77.198473	12.118572
-0.495117	0.388428	0.583740	3.145038	63.259542	-84.740458	12.128124
-0.615967	0.537109	0.679443	8.305344	72.977099	-84.022901	12.138941
-0.747559	0.688477	0.785889	15.000000	71.931298	-65.854962	12.149430
-0.909180	0.821289	0.925781	24.984733	64.435115	-37.328244	12.160185
-1.053223	0.864258	1.047607	26.656489	50.549618	-9.068702	12.170358
-1.131592	0.825439	1.090332	21.801527	31.625954	8.778626	12.180000
-1.149902	0.745361	1.087402	8.022901	12.816794	15.091603	12.189919
-1.113525	0.714600	1.065186	-5.770992	-6.954198	12.648855	12.199488
-1.019287	0.710449	1.020508	-19.755725	-25.748092	13.900763	12.209866
-0.897705	0.613281	0.891357	-30.320611	-43.969466	18.595420	12.221134
-0.780518	0.574951	0.822998	-31.458015	-53.404580	24.061069	12.231142
-0.711670	0.536377	0.768311	-31.198473	-57.145038	31.709924	12.241545
-0.656982	0.492188	0.739258	-23.679389	-57.725191	38.862595	12.252015
-0.600830	0.448730	0.708984	-15.206107	-57.114504	43.106870	12.262252
-0.550293	0.402344	0.669678	-9.236641	-56.152672	43.931298	12.271695
-0.474365	0.374512	0.606689	-4.946565	-54.687023	41.328244	12.282744
-0.392334	0.370361	0.533203	-4.534351	-44.251908	33.022901	12.293102
-0.338379	0.358643	0.486328	-10.748092	-35.480916	23.175573	12.303301
-0.291016	0.325195	0.448730	-13.511450	-26.671756	14.961832	12.313790
-0.241943	0.303711	0.411377	-14.297710	-15.977099	6.076336	12.324125
-0.207764	0.269287	0.376465	-13.664122	-1.809160	-1.778626	12.333833
-0.211670	0.251221	0.388428	-8.045802	13.198473	-9.007634	12.343376
-0.242432	0.225586	0.408691	-3.328244	26.763359	-17.297710	12.354245
-0.282471	0.210693	0.425049	-0.984733	37.923664	-27.847328	12.364513
-0.338867	0.197998	0.456543	0.702290	47.305344	-41.549618	12.374896
-0.407959	0.284668	0.510498	4.389313	57.709924	-54.687023	12.385319
-0.531494	0.412842	0.601074	4.045802	63.732824	-58.503817	12.395689
-0.640869	0.434082	0.688232	0.870229	69.175573	-60.274809	12.405986
-0.774658	0.484619	0.798096	5.877863	65.496183	-55.725191	12.416689
-0.901123	0.544189	0.907715	16.610687	55.343511	-48.076336	12.426902
-0.976562	0.637207	0.974365	26.351145	40.603053	-34.053435	12.436782
-1.019287	0.727783	0.994629	30.526718	25.916031	-18.541985	12.447343
-1.028564	0.800293	0.996582	23.015267	12.656489	-2.465649	12.458319
-1.002197	0.805420	0.989746	6.167939	-0.717557	8.816794	12.468236
-0.947754	0.711426	0.932373	-12.732824	-12.534351	16.297710	12.478978
-0.885986	0.603516	0.886719	-22.511450	-22.854962	19.236641	12.489511
-0.815918	0.544189	0.813965	-25.656489	-33.190840	20.381679	12.499069
-0.745850	0.495850	0.776611	-23.381679	-37.190840	24.106870	12.508758
-0.651123	0.459473	0.728271	-18.648855	-43.000000	28.106870	12.519673
-0.580811	0.444336	0.713135	-13.961832	-44.229008	30.977099	12.529917
-0.502686	0.431396	0.674805	-9.236641	-43.519084	34.755725	12.539791
-0.451904	0.415771	0.621338	-8.778626	-37.648855	35.007634	12.550371
-0.396729	0.381348	0.575439	-10.496183	-31.251908	32.198473	12.560549
-0.369385	0.338379	0.542969	-9.595420	-25.358779	28.038168	12.570964
-0.338135	0.305176	0.508545	-11.297710	-24.312977	18.694656	12.581568
-0.305908	0.291260	0.459229	-12.213740	-16.931298	6.877863	12.591665
-0.266357	0.270264	0.427490	-17.106870	-4.343511	-7.625954	12.602186
-0.295898	0.254883	0.430420	-17.244275	10.854962	-19.870229	12.613030
-0.344238	0.229736	0.474121	-13.740458	20.267176	-27.435115	12.623132
-0.403809	0.230957	0.495850	-9.778626	27.625954	-39.305344	12.633728
-0.482422	0.261230	0.548828	-1.137405	37.641221	-47.603053	12.643268
-0.590820	0.386475	0.640381	7.778626	47.465649	-51.809160	12.653781
-0.706055	0.463623	0.760742	11.114504	54.641221	-49.801527	12.664607
-0.816162	0.597412	0.844482	22.328244	49.732824	-40.977099	12.674996
-0.923340	0.740723	0.950439	34.961832	40.717557	-16.412214	12.685492
-1.023682	0.820312	1.021240	38.885496	25.916031	12.442748	12.695880
-1.062012	0.791748	1.056396	31.679389	10.633588	30.183206	12.705963
-1.066650	0.725586	1.049561	12.656489	-8.824427	34.541985	12.716601
-1.011719	0.679932	1.019287	-5.793893	-27.045802	31.175573	12.727255
-0.878418	0.632080	0.901855	-19.320611	-43.580153	32.167939	12.737534
-0.755615	0.542480	0.774170	-25.748092	-53.641221	35.587786	12.748123
-0.649902	0.487793	0.705322	-25.526718	-59.091603	37.595420	12.758391
-0.569336	0.464600	0.643311	-23.320611	-56.427481	39.885496	12.768888
-0.476807	0.428955	0.588135	-25.854962	-43.106870	36.106870	12.779453
-0.422363	0.387939	0.548340	-15.572519	-24.854962	38.442748	12.790078
-0.386230	0.350098	0.527588	-4.000000	-22.297710	40.167939	12.800599
-0.352295	0.319580	0.500244	1.488550	-20.969466	34.923664	12.811730
-0.298096	0.315186	0.472656	0.992366	-14.526718	22.335878	12.821996
-0.271729	0.312256	0.445312	-2.541985	-4.977099	8.267176	12.832585
-0.247070	0.308838	0.427734	-7.748092	4.893130	-3.511450	12.842699
-0.254883	0.296387	0.437500	-10.793893	13.312977	-13.022901	12.853454
-0.292969	0.242432	0.463867	-11.961832	20.480916	-23.450382	12.863450
-0.335449	0.201416	0.504150	-10.503817	24.519084	-36.839695	12.874147
-0.384766	0.204346	0.535156	-6.648855	30.236641	-48.633588	12.884751
-0.474121	0.260010	0.581299	-4.648855	34.870229	-57.969466	12.895144
-0.572998	0.277100	0.668213	-1.488550	35.801527	-64.603053	12.904952
-0.669189	0.399170	0.729980	9.885496	40.580153	-67.839695	12.915774
-0.756104	0.531494	0.786377	21.183206	41.145038	-59.122137	12.926008
-0.834229	0.665527	0.854736	29.458015	44.885496	-46.419847	12.936321
-0.922852	0.791992	0.915283	32.969466	34.213740	-25.083969	12.946636
-0.996338	0.838623	0.974365	27.778626	25.351145	2.725191	12.957800
-1.016357	0.781006	0.981934	20.122137	9.740458	17.061069	12.967727
-0.973389	0.694336	0.929443	5.687023	-4.152672	20.862595	12.977933
-0.900879	0.633789	0.878174	-12.045802	-14.977099	18.198473	12.987421
-0.823730	0.563477	0.812500	-26.358779	-25.122137	15.900763	12.998421
-0.733154	0.498535	0.776611	-29.854962	-31.358779	15.847328	13.008747
