-0.112305	0.027832	1.077393	-0.984733	0.503817	1.091603	0.002721
-0.121826	0.023682	1.087646	-1.541985	0.580153	0.862595	0.011206
-0.126953	0.028564	1.102051	-0.839695	0.435115	1.648855	0.019329
-0.126465	0.021240	1.100586	-1.534351	-0.465649	1.618321	0.028881
-0.117188	0.014160	1.094971	-1.900763	-0.931298	1.183206	0.038373
-0.113770	0.007080	1.076416	-1.725191	-0.480916	0.977099	0.048024
-0.111084	-0.000977	1.093994	-1.572519	-0.419847	0.488550	0.057640
-0.110840	-0.004883	1.090088	-0.702290	-0.167939	-0.198473	0.066892
-0.111572	0.009033	1.094971	0.343511	0.610687	-0.717557	0.076764
-0.119385	0.018799	1.097168	0.870229	1.068702	-1.206107	0.086110
-0.125244	0.021973	1.111328	2.083969	1.022901	-0.938931	0.095434
-0.118896	0.030029	1.106689	2.305344	0.022901	-0.732824	0.104898
-0.117432	0.031494	1.107910	1.496183	-0.114504	-0.656489	0.114200
-0.117432	0.036377	1.104736	0.870229	-0.183206	-0.519084	0.124012
-0.121826	0.041748	1.104248	0.282443	-0.152672	-0.175573	0.133264
-0.123291	0.031738	1.105713	-0.076336	-0.671756	-0.320611	0.142743
-0.124268	0.043457	1.098877	0.053435	-0.961832	0.389313	0.151989
-0.112305	0.036377	1.103516	0.061069	-1.343511	0.572519	0.161428
-0.112793	0.034424	1.089355	0.488550	-1.564885	0.908397	0.170821
-0.114502	0.030029	1.091797	-0.244275	-1.427481	0.862595	0.180261
-0.113281	0.022217	1.077148	-0.893130	-1.282443	0.633588	0.189649
-0.121338	0.025635	1.089111	-0.832061	-0.793893	0.847328	0.199011
-0.117432	0.025146	1.067871	-0.396947	-0.343511	0.839695	0.208742
-0.112793	0.020996	1.088135	0.396947	-0.129771	1.229008	0.217962
-0.114990	0.021729	1.082275	0.816794	0.213740	1.022901	0.227624
-0.117920	0.021973	1.070557	0.236641	0.824427	1.076336	0.237069
-0.125732	0.019775	1.082031	0.068702	0.854962	1.061069	0.246709
-0.125000	0.018311	1.097900	-0.961832	0.526718	0.526718	0.256296
-0.126953	0.009766	1.102539	-0.870229	0.045802	-0.137405	0.265507
-0.122803	0.023438	1.092529	0.496183	-1.946565	-0.534351	0.274995
-0.109375	0.041016	1.100586	1.488550	0.175573	-0.847328	0.284395
-0.118408	0.038330	1.090820	2.022901	0.931298	-0.145038	0.293843
-0.112549	0.039062	1.113770	4.954198	0.480916	0.229008	0.303151
-0.124512	0.070557	1.106934	3.580153	0.656489	0.618321	0.312663
-0.123047	0.012939	1.105225	1.610687	-0.648855	1.343511	0.322070
-0.124512	0.031494	1.126709	-0.557252	-0.603053	0.656489	0.331682
-0.123779	0.048340	1.118164	3.297710	-1.717557	2.076336	0.341188
-0.117920	0.046143	1.106689	2.305344	-1.832061	2.786260	0.350662
-0.110352	0.033203	1.092773	0.832061	-1.946565	2.870229	0.360368
-0.113281	0.029785	1.084717	-0.213740	-1.694656	2.587786	0.369784
-0.113770	0.027100	1.088135	-1.969466	-1.152672	2.290076	0.378956
-0.123779	0.028564	1.104004	-0.885496	-1.282443	2.969466	0.388559
-0.126221	0.016602	1.082520	-1.526718	-1.190840	3.015267	0.398107
-0.122803	-0.001221	1.105469	-1.114504	-1.206107	2.396947	0.407523
-0.121338	0.001465	1.099121	0.374046	-1.786260	1.877863	0.416845
-0.123291	-0.008545	1.120361	1.427481	-1.618321	1.824427	0.426363
-0.111328	0.009766	1.047607	-0.358779	-2.969466	0.984733	0.435696
-0.114990	0.009277	1.061279	-0.251908	-0.511450	1.160305	0.445284
-0.115479	0.018799	1.056885	0.618321	-0.328244	1.427481	0.454495
-0.113281	0.017334	1.060547	-0.290076	-0.801527	1.282443	0.464102
-0.105713	0.020020	1.010254	-0.328244	1.007634	1.511450	0.473406
-0.121094	0.021240	1.071289	-4.625954	2.221374	0.351145	0.482844
-0.117676	0.009521	1.084473	-2.442748	1.160305	0.893130	0.492265
-0.109863	0.010010	1.080811	-4.076336	1.748092	0.503817	0.501649
-0.115967	-0.016846	1.079590	-0.511450	1.488550	0.083969	0.511058
-0.114746	0.008057	1.093262	2.145038	1.938931	-0.541985	0.520508
-0.117188	0.011963	1.106689	0.984733	1.625954	-1.114504	0.529898
-0.124268	0.019043	1.120605	2.183206	1.343511	-1.000000	0.539095
-0.116455	0.026367	1.129883	2.190840	0.633588	-1.595420	0.548564
-0.119873	0.040283	1.121338	2.786260	-0.022901	-1.160305	0.557822
-0.125977	0.051514	1.127686	2.145038	-0.664122	0.053435	0.566438
-0.128662	0.048340	1.126221	0.648855	-1.595420	0.404580	0.574909
-0.125488	0.039795	1.110107	-1.328244	-2.007634	0.870229	0.584163
-0.128662	0.026123	1.102539	-1.061069	-2.251908	1.320611	0.594274
-0.117188	0.026611	1.096680	-1.419847	-1.687023	1.312977	0.604063
-0.113281	0.023193	1.095947	-0.465649	-1.274809	1.015267	0.613671
-0.116699	0.019043	1.077148	-0.519084	-1.068702	0.847328	0.623251
-0.118408	0.029053	1.081543	-1.282443	-0.801527	0.679389	0.632532
-0.116699	0.026855	1.077881	-2.091603	-0.740458	0.786260	0.641593
-0.123047	0.023193	1.084717	-3.206107	-0.427481	0.549618	0.650762
-0.116455	0.029785	1.095215	-3.435115	-0.358779	0.702290	0.659658
-0.124023	0.024170	1.079346	-3.832061	0.198473	0.694656	0.669210
-0.114746	0.011475	1.089600	-3.755725	0.580153	0.091603	0.679998
-0.124023	0.015381	1.083496	-1.946565	0.709924	0.374046	0.691948
-0.117676	0.028076	1.083496	-1.488550	0.488550	0.473282	0.703781
-0.113525	0.015625	1.085205	-1.236641	0.251908	0.847328	0.715869
-0.119873	0.016113	1.075684	-1.984733	0.473282	0.366412	0.727911
-0.121582	0.011719	1.069336	-2.816794	0.427481	-0.030534	0.739670
-0.119141	0.013916	1.079102	-2.793893	0.374046	-0.396947	0.751574
-0.118164	0.010498	1.079834	-1.816794	0.687023	-0.229008	0.763476
-0.123779	0.006836	1.081299	0.351145	0.931298	-0.221374	0.775660
-0.124756	0.015381	1.088867	1.618321	0.755725	-0.404580	0.787245
-0.118408	0.012939	1.089600	1.557252	1.022901	-0.503817	0.799769
-0.119629	0.020996	1.094727	1.824427	0.755725	-0.412214	0.811675
-0.123291	0.008057	1.089600	0.007634	1.213740	-1.015267	0.823708
-0.130127	0.012939	1.096924	0.725191	0.603053	-0.687023	0.835073
-0.123291	0.021729	1.106689	1.503817	0.320611	-0.534351	0.846439
-0.114746	0.020752	1.099854	1.549618	0.145038	-0.389313	0.858591
-0.116943	0.026855	1.105225	1.618321	0.389313	-0.091603	0.870676
-0.125244	0.024414	1.105469	1.000000	-0.007634	-0.167939	0.882308
-0.122803	0.021240	1.094482	1.442748	-0.335878	-0.206107	0.894146
-0.120117	0.020752	1.078857	0.549618	-0.114504	-0.328244	0.906093
-0.125000	0.023926	1.102295	1.221374	-0.160305	-0.244275	0.917962
-0.118164	0.026367	1.098633	1.603053	-0.473282	0.351145	0.929795
-0.113770	0.020752	1.083984	1.198473	-0.053435	0.259542	0.941445
-0.118164	0.016113	1.099609	1.175573	-0.015267	0.145038	0.953175
-0.121338	0.022461	1.100586	1.114504	-0.198473	0.213740	0.965099
-0.128174	0.017578	1.089600	1.007634	-0.442748	0.320611	0.977153
-0.118164	0.016602	1.095215	1.465649	-0.312977	-0.091603	0.989017
-0.115967	0.021973	1.083252	2.030534	-0.709924	0.099237	1.001053
-0.105469	0.034668	1.076172	1.221374	-0.274809	0.435115	1.012794
-0.118652	0.031250	1.093994	-0.595420	0.755725	0.152672	1.024957
-0.118896	0.035889	1.104980	-0.488550	0.625954	0.160305	1.036659
-0.129883	0.037842	1.111572	-0.213740	-0.038168	0.801527	1.048439
-0.131104	0.024658	1.108398	-0.465649	-0.687023	0.572519	1.060393
-0.121582	0.033203	1.097168	0.870229	-0.870229	0.580153	1.072400
-0.125000	0.035889	1.087158	0.832061	-0.984733	1.824427	1.084196
-0.124268	0.035156	1.083252	0.458015	-1.549618	2.007634	1.095920
-0.125244	0.029297	1.066650	0.091603	-1.183206	2.061069	1.107700
-0.119873	0.019775	1.076416	-1.366412	-0.442748	1.770992	1.119811
-0.126465	0.003662	1.073486	-0.656489	0.358779	1.671756	1.132052
-0.113281	0.015137	1.063965	-0.534351	0.839695	1.465649	1.143606
-0.115479	0.010498	1.090820	-1.572519	1.717557	0.366412	1.155362
-0.127197	0.010742	1.112793	-0.404580	1.572519	0.251908	1.166995
-0.128418	0.017822	1.124756	0.763359	0.946565	-0.374046	1.179132
-0.131104	0.024170	1.115723	0.847328	0.305344	-0.206107	1.190933
-0.123779	0.037354	1.109619	-0.076336	-0.114504	-0.435115	1.202754
-0.132324	0.042725	1.120117	-0.595420	-0.770992	0.687023	1.214631
-0.125488	0.031494	1.111816	-0.641221	-1.427481	1.450382	1.226742
-0.124023	0.034668	1.108154	-0.885496	-1.572519	2.030534	1.238717
-0.126709	0.030518	1.107910	-0.809160	-1.603053	2.335878	1.250309
-0.130859	0.026611	1.101562	-1.832061	-2.419847	2.511450	1.262080
-0.123291	0.019287	1.083252	-2.244275	-2.374046	2.381679	1.274876
-0.122314	-0.002686	1.083984	-2.175573	-2.030534	1.786260	1.286198
-0.116211	-0.005371	1.078857	-1.114504	-2.007634	1.732824	1.296980
-0.115967	-0.002930	1.058105	-0.694656	-1.206107	1.442748	1.309747
-0.115234	-0.002930	1.063477	-1.038168	-0.312977	1.427481	1.322020
-0.114258	-0.007812	1.084717	-1.435115	-0.099237	0.625954	1.333976
-0.117432	-0.011475	1.092529	-0.564885	-0.511450	0.129771	1.345960
-0.113525	-0.006348	1.084717	-0.007634	-0.083969	-1.076336	1.357673
-0.122559	0.002441	1.084229	0.900763	-0.061069	-1.190840	1.369629
-0.120117	0.031250	1.085449	1.824427	-0.137405	-1.022901	1.381878
-0.117432	0.029053	1.076172	2.427481	0.183206	-0.351145	1.393687
-0.113770	0.033203	1.069580	1.595420	0.954198	-0.282443	1.405786
-0.125977	0.039307	1.089844	1.908397	0.916031	1.190840	1.417512
-0.134521	0.032715	1.079102	1.083969	0.366412	1.694656	1.429710
-0.128174	0.030029	1.080566	-0.175573	-0.167939	1.664122	1.441622
-0.122314	0.017090	1.089111	0.022901	-0.129771	1.709924	1.453365
-0.118896	0.011719	1.096436	-0.122137	0.000000	1.229008	1.464980
-0.114014	0.004395	1.081787	0.160305	0.389313	1.206107	1.476716
-0.117432	-0.001465	1.087891	0.595420	0.809160	0.687023	1.487927
-0.127686	0.004395	1.085938	2.183206	0.366412	0.206107	1.499751
-0.123291	0.014404	1.094238	1.610687	0.610687	-0.297710	1.512753
-0.117920	0.023926	1.097656	1.465649	0.900763	-0.435115	1.524879
-0.115723	0.030029	1.092773	1.717557	1.305344	-0.496183	1.539638
-0.128174	0.036377	1.109375	1.809160	0.740458	-0.526718	1.551085
-0.126465	0.034668	1.117432	1.007634	0.167939	0.167939	1.562752
-0.123779	0.038574	1.124023	-0.213740	-0.267176	0.091603	1.575225
-0.130859	0.034912	1.109619	-0.381679	-1.160305	0.709924	1.587111
-0.127686	0.025146	1.108887	-0.885496	-1.366412	0.595420	1.598739
-0.124756	0.020264	1.093506	-0.526718	-0.931298	0.061069	1.610973
-0.123779	0.025635	1.101074	-0.633588	-0.167939	0.244275	1.623268
-0.127441	0.029785	1.110352	-0.977099	-0.511450	0.458015	1.635159
-0.128174	0.030029	1.107666	-2.694656	-0.809160	0.259542	1.647014
-0.127197	0.029297	1.124512	-3.038168	-1.312977	0.519084	1.658440
-0.132324	0.016357	1.125732	-4.038168	-1.763359	0.717557	1.670722
-0.134277	0.004883	1.126465	-2.450382	-3.198473	0.473282	1.682692
-0.119385	0.011475	1.107910	-1.038168	-3.496183	0.679389	1.694475
-0.127441	0.014893	1.095215	-0.015267	-2.900763	0.282443	1.706197
-0.117432	0.025391	1.081055	-0.564885	-2.709924	0.709924	1.718062
-0.122070	0.020752	1.070312	-0.938931	-2.236641	1.099237	1.730084
-0.117432	0.019775	1.080078	-2.625954	-1.381679	0.977099	1.742070
-0.125244	0.004150	1.093506	-2.709924	-1.404580	0.969466	1.753764
-0.119873	0.015137	1.078369	-2.114504	-1.435115	0.534351	1.765622
-0.124023	0.007568	1.077637	-1.083969	-1.946565	1.099237	1.778040
-0.106689	-0.006104	1.047607	-0.618321	-1.412214	0.832061	1.790124
-0.111816	0.001221	1.047607	-0.541985	-0.251908	0.923664	1.801273
-0.114990	-0.015137	1.061035	-0.496183	0.282443	0.175573	1.813392
-0.109863	-0.019287	1.075439	-0.885496	0.557252	-0.923664	1.824691
-0.117432	-0.015381	1.090820	-0.885496	1.137405	-1.603053	1.835164
-0.123779	-0.005859	1.094238	0.381679	1.038168	-1.900763	1.845386
-0.122559	0.006104	1.079346	1.511450	1.015267	-1.679389	1.855056
-0.118896	0.005859	1.077393	0.854962	1.076336	-1.786260	1.865563
-0.122314	0.038574	1.093506	-2.389313	1.366412	-2.137405	1.876323
-0.139648	0.036865	1.096924	-3.106870	0.778626	-1.656489	1.886561
-0.129150	0.024902	1.102539	-5.030534	0.572519	-1.358779	1.896952
-0.133057	0.001221	1.117920	-3.648855	-0.175573	-1.213740	1.907197
-0.126953	0.006836	1.114746	-0.778626	-0.977099	-0.862595	1.917874
-0.122803	0.002197	1.088867	1.007634	-1.450382	-0.931298	1.927616
-0.116699	0.007568	1.085449	1.709924	-0.900763	-1.137405	1.937675
-0.124023	0.012207	1.085205	1.335878	-0.396947	-1.671756	1.948040
-0.118164	0.026611	1.072998	0.870229	0.465649	-1.450382	1.957979
-0.121582	0.022461	1.081787	0.206107	0.954198	-1.030534	1.968467
-0.118896	0.022461	1.081543	0.145038	1.396947	-0.900763	1.979301
-0.120605	0.019531	1.101318	-0.320611	1.312977	-0.763359	1.990178
-0.139648	0.014160	1.113281	-0.320611	1.015267	-0.870229	2.000897
-0.120117	0.015869	1.110596	0.045802	0.389313	-0.717557	2.011194
-0.123291	0.022705	1.103271	-0.763359	0.000000	-0.778626	2.021904
-0.125000	0.018311	1.096191	-1.427481	-0.961832	-0.870229	2.032635
-0.117188	0.016602	1.097168	-0.206107	-0.740458	-0.282443	2.043115
-0.121826	0.020020	1.090332	0.725191	-0.572519	0.290076	2.053430
-0.125732	0.020996	1.090576	2.061069	-0.396947	0.389313	2.063696
-0.119873	0.017334	1.087891	0.954198	-0.305344	0.450382	2.074051
-0.116455	0.024902	1.085449	0.778626	0.030534	0.465649	2.084717
-0.124512	0.013916	1.082520	-0.877863	0.068702	0.213740	2.095038
-0.122314	0.011475	1.098633	-0.969466	0.106870	0.412214	2.105479
-0.119873	0.000977	1.081543	-0.297710	0.038168	0.221374	2.115553
-0.126465	0.010010	1.104004	0.572519	-0.259542	-0.045802	2.125844
-0.119385	0.010498	1.095703	1.145038	-0.442748	-0.152672	2.136359
-0.119873	0.015869	1.083252	1.534351	-0.564885	-0.137405	2.146560
-0.117676	0.024170	1.072998	1.221374	-0.404580	-0.122137	2.156909
-0.117676	0.023682	1.079590	0.412214	0.267176	-0.236641	2.167093
-0.120850	0.028809	1.088135	-0.251908	0.633588	0.129771	2.177520
-0.121338	0.023926	1.090820	-1.328244	0.740458	0.152672	2.188612
-0.128906	0.021484	1.104492	-2.175573	0.412214	0.320611	2.199144
-0.131592	0.020508	1.097168	-2.259542	0.236641	0.167939	2.209259
-0.130859	0.010254	1.119141	-2.045802	-0.404580	0.389313	2.219481
-0.123291	0.015869	1.111084	-0.183206	-1.030534	0.748092	2.230253
-0.121094	0.011475	1.101318	-0.114504	-1.114504	0.656489	2.240676
-0.126953	0.011475	1.096924	-0.839695	-1.442748	0.702290	2.250983
-0.123047	0.011963	1.087646	-1.358779	-0.984733	0.442748	2.261472
-0.118652	0.009521	1.086914	-1.419847	-0.755725	0.435115	2.271727
-0.121582	0.002197	1.082520	-1.045802	-0.564885	0.328244	2.281952
-0.120361	-0.000732	1.080078	-0.847328	-0.442748	0.030534	2.292276
-0.125488	-0.003418	1.090088	-0.511450	-0.305344	-0.297710	2.302723
-0.126221	0.016602	1.092285	0.557252	-0.709924	-0.465649	2.312814
-0.131592	0.033936	1.087402	1.122137	-0.595420	0.236641	2.323061
-0.121826	0.028320	1.101318	0.427481	-0.366412	0.938931	2.333458
-0.125244	0.020264	1.089844	-0.068702	-0.931298	0.740458	2.343927
-0.122314	0.012451	1.096924	-0.961832	-1.083969	1.030534	2.354179
-0.126953	0.004639	1.104248	-1.793893	-0.854962	0.564885	2.364553
-0.119385	0.013184	1.086182	0.007634	-1.152672	0.748092	2.374687
-0.126465	0.022217	1.092285	0.122137	-0.900763	0.809160	2.385091
-0.116699	0.011719	1.076416	-0.366412	-0.809160	0.709924	2.395051
-0.119873	0.008545	1.065918	-0.145038	-0.412214	0.595420	2.404793
-0.117676	0.009277	1.082764	-0.954198	0.015267	0.473282	2.415329
-0.116943	0.004150	1.090576	0.580153	0.099237	0.938931	2.425614
-0.124023	0.014160	1.083984	1.541985	-0.175573	1.320611	2.436281
-0.121826	0.003174	1.069580	0.946565	0.038168	0.916031	2.446642
-0.119385	0.000000	1.075928	0.015267	0.526718	0.396947	2.457252
-0.124512	0.002197	1.070801	0.076336	0.618321	0.343511	2.467400
-0.118896	0.005859	1.082520	0.648855	0.969466	0.557252	2.477849
-0.116943	-0.006592	1.088623	1.206107	1.534351	0.396947	2.488137
-0.124512	-0.001465	1.087402	1.862595	1.190840	0.061069	2.498450
-0.122070	0.012451	1.096924	1.473282	1.175573	0.038168	2.508724
-0.126221	0.016357	1.105469	0.832061	0.931298	-0.045802	2.519148
-0.127441	0.008301	1.096924	-0.290076	1.015267	0.267176	2.529317
-0.132568	0.018311	1.118408	-0.763359	-0.091603	0.015267	2.540021
-0.128418	0.014648	1.106201	-0.213740	-0.656489	0.450382	2.550291
-0.122070	0.002686	1.090332	0.145038	-0.778626	0.702290	2.560620
-0.118652	0.005127	1.092285	0.427481	-0.610687	0.580153	2.570083
-0.126709	0.003906	1.086182	0.610687	-0.213740	0.633588	2.579236
-0.127930	0.004639	1.073486	0.213740	-0.297710	0.763359	2.589747
-0.126465	-0.009766	1.090332	-0.061069	-0.213740	0.351145	2.600476
-0.122314	-0.008789	1.085938	0.007634	-0.335878	0.206107	2.610958
-0.116943	-0.005859	1.076904	-0.114504	0.122137	-0.320611	2.621280
-0.119873	0.006104	1.071045	0.656489	0.770992	-0.725191	2.632136
-0.122070	0.008301	1.081055	-0.114504	1.122137	-1.076336	2.642639
-0.123047	0.009033	1.083984	0.786260	1.427481	-0.862595	2.652996
-0.128174	0.012451	1.107178	0.480916	0.801527	-0.175573	2.663662
-0.134033	0.012207	1.117920	0.389313	0.236641	-0.190840	2.674063
-0.125977	0.017822	1.114014	0.244275	-0.022901	-0.282443	2.684939
-0.130371	0.014648	1.117188	-0.099237	-0.328244	-0.251908	2.694445
-0.130371	0.009766	1.104492	-0.114504	-0.610687	-0.427481	2.705399
-0.124268	0.022705	1.085449	0.236641	-0.870229	-0.396947	2.715637
-0.122559	0.015625	1.075928	-0.381679	-0.145038	-0.145038	2.726224
-0.125000	0.016602	1.094727	-0.229008	1.938931	0.175573	2.736997
-0.127441	0.020020	1.098877	0.091603	0.076336	0.587786	2.747175
-0.125000	0.011719	1.100098	0.022901	0.015267	0.610687	2.757590
-0.124023	0.011963	1.093750	-0.381679	-0.267176	0.106870	2.767860
-0.127197	0.010498	1.099854	-0.137405	-0.641221	0.175573	2.777963
-0.125488	0.008789	1.085938	0.221374	-0.633588	0.206107	2.788691
-0.128174	0.012695	1.087158	0.351145	-0.717557	0.312977	2.799057
-0.139648	0.012695	1.086670	0.083969	-0.183206	0.503817	2.809665
-0.127686	0.017334	1.083496	-0.244275	-0.526718	0.534351	2.819967
-0.125000	0.014648	1.084717	0.343511	-0.450382	0.641221	2.830188
-0.117188	0.006104	1.091797	0.679389	-0.152672	0.732824	2.840905
-0.122559	-0.001221	1.086670	1.099237	0.061069	0.648855	2.851309
-0.128906	-0.001465	1.078125	0.381679	-0.160305	0.015267	2.861510
-0.123779	0.000488	1.085938	-0.381679	0.251908	-0.206107	2.871871
-0.126709	0.006348	1.094238	0.198473	0.282443	-0.190840	2.882213
-0.124756	0.006104	1.092773	0.427481	0.419847	-0.114504	2.892531
-0.123535	0.009766	1.096924	1.137405	0.320611	-0.083969	2.903197
-0.122559	0.022461	1.088135	1.061069	0.412214	-0.137405	2.913432
-0.128662	0.026611	1.105225	0.885496	-0.190840	0.076336	2.923535
-0.133301	0.018066	1.111328	0.099237	-0.625954	0.328244	2.933906
-0.131592	0.017334	1.095703	-1.038168	-0.992366	0.473282	2.944594
-0.125000	0.009277	1.093506	-1.236641	-0.633588	0.610687	2.954844
-0.131104	0.013672	1.091309	-0.717557	-0.832061	0.847328	2.965152
-0.121826	0.006592	1.113525	-0.320611	-0.854962	0.801527	2.975462
-0.125732	0.007324	1.088867	0.145038	-0.679389	0.969466	2.985208
-0.119629	0.010742	1.091309	-0.030534	-0.091603	1.007634	2.994628
-0.130615	0.007080	1.098877	-0.022901	-0.213740	1.030534	3.003843
-0.130615	-0.002441	1.101807	-0.458015	-0.351145	0.351145	3.015361
-0.131836	0.003418	1.096924	1.236641	-1.091603	0.198473	3.025690
-0.129150	0.011963	1.093994	0.396947	-1.106870	-0.015267	3.036084
-0.124512	0.008301	1.090332	0.145038	-1.381679	0.099237	3.046259
-0.121582	0.008789	1.076904	0.030534	-1.564885	0.297710	3.056759
-0.128418	0.009033	1.095215	-0.053435	-1.366412	0.145038	3.067056
-0.125000	0.019775	1.082275	-0.725191	-1.595420	0.045802	3.077385
-0.110107	0.014404	1.059326	-1.267176	-0.938931	0.015267	3.087897
-0.110596	0.022949	1.068604	-1.122137	-0.251908	0.450382	3.097886
-0.116211	0.010010	1.063965	-1.374046	0.366412	0.549618	3.107526
-0.122559	0.002686	1.072510	-0.580153	0.984733	0.396947	3.117828
-0.126953	0.003662	1.083740	-0.839695	1.160305	0.129771	3.128681
-0.129150	-0.003906	1.103027	0.229008	0.809160	0.160305	3.139091
-0.127686	0.004150	1.103760	0.450382	0.290076	-0.114504	3.149706
-0.127197	-0.001221	1.107178	0.847328	-0.183206	-0.549618	3.159899
-0.123291	0.001709	1.097656	2.251908	-0.282443	-0.946565	3.170438
-0.129150	0.022705	1.091309	1.893130	-0.297710	-0.816794	3.180766
-0.129395	0.039062	1.088623	0.992366	-0.687023	-0.099237	3.191372
-0.124756	0.035645	1.083740	0.251908	-1.000000	0.709924	3.201338
-0.132812	0.034668	1.081055	-0.900763	-0.877863	0.908397	3.210832
-0.125732	0.017334	1.093262	-1.129771	-0.595420	1.503817	3.221174
-0.129883	0.005859	1.092041	-0.335878	-0.267176	1.473282	3.232169
-0.130127	0.011475	1.092041	0.832061	-0.206107	1.381679	3.241941
-0.127930	0.017334	1.079590	0.290076	-0.076336	1.206107	3.251542
-0.134277	0.011719	1.087402	-0.389313	-0.541985	1.167939	3.262041
-0.132080	0.013672	1.085449	-0.244275	-0.648855	1.374046	3.271731
-0.117920	0.005615	1.087158	-1.198473	-0.854962	0.839695	3.282292
-0.124756	0.009277	1.092285	-0.931298	-0.381679	1.099237	3.292424
-0.126953	-0.001221	1.096436	-0.740458	-0.267176	1.274809	3.302559
-0.123291	-0.014160	1.095947	-0.435115	-0.213740	1.442748	3.313158
-0.123291	0.002197	1.087646	-1.648855	-0.167939	0.931298	3.323708
-0.124023	0.004150	1.094238	-2.740458	0.061069	0.641221	3.334561
-0.123291	-0.003662	1.103760	-2.526718	-0.091603	0.412214	3.344782
-0.124756	-0.005127	1.101074	-1.740458	-0.595420	0.206107	3.355096
-0.125000	0.014160	1.097656	-0.992366	-0.931298	-0.137405	3.365448
-0.130615	0.003174	1.089600	-0.503817	-1.068702	-0.083969	3.376299
-0.125488	-0.000244	1.099365	-1.015267	-1.236641	-0.068702	3.387012
-0.130371	0.005127	1.088623	-0.832061	-1.473282	-0.458015	3.397365
-0.124268	0.010742	1.093506	-0.145038	-1.000000	-0.511450	3.407104
-0.119873	0.018799	1.080322	0.969466	-0.854962	-0.152672	3.417571
-0.131592	0.017334	1.092285	0.465649	-0.427481	0.229008	3.427862
-0.123047	0.014404	1.097656	0.404580	-0.488550	0.244275	3.438435
-0.127197	0.008789	1.102051	-0.763359	-0.618321	0.290076	3.448731
-0.130371	0.018555	1.094971	-1.160305	-1.137405	0.335878	3.458965
-0.129883	0.014404	1.099854	-0.694656	-1.900763	1.068702	3.469447
-0.122803	0.000000	1.076416	-0.770992	-1.671756	1.183206	3.479579
-0.115967	-0.003174	1.070068	-0.931298	-0.938931	0.786260	3.490249
-0.120117	0.003174	1.080078	-0.717557	-0.625954	0.748092	3.500514
-0.114990	-0.012207	1.077881	-0.160305	-0.190840	0.671756	3.511322
-0.122314	-0.005371	1.083496	0.625954	0.442748	0.122137	3.523743
-0.119629	0.006104	1.088623	0.068702	0.625954	-0.358779	3.534350
-0.120117	0.006592	1.083984	0.259542	0.732824	-0.221374	3.544565
-0.123291	0.008789	1.096680	-0.328244	0.992366	-0.206107	3.554691
-0.133789	0.010254	1.105713	0.534351	0.580153	0.389313	3.565122
-0.118896	0.001465	1.094971	0.541985	0.076336	0.603053	3.575467
-0.126465	0.010742	1.103027	1.015267	-0.068702	0.977099	3.585753
-0.128906	0.017822	1.093262	0.190840	-0.511450	0.801527	3.595839
-0.125000	0.008545	1.098389	-0.496183	-0.328244	0.900763	3.606453
-0.130859	0.010986	1.086182	-0.259542	-0.702290	0.862595	3.616780
-0.128906	0.010254	1.082275	-0.709924	-0.297710	0.923664	3.627040
-0.124512	0.000488	1.089844	-0.778626	0.099237	1.053435	3.637754
-0.121338	-0.004150	1.096680	-0.847328	0.656489	0.557252	3.647785
-0.128174	0.002930	1.097168	-0.488550	0.564885	0.183206	3.658179
-0.120117	0.005127	1.085205	0.030534	0.305344	0.305344	3.668689
-0.129639	0.011475	1.099121	0.633588	0.007634	0.290076	3.678942
-0.127197	0.014404	1.108398	1.618321	-0.587786	0.687023	3.689571
-0.123779	0.017822	1.090332	0.603053	-0.603053	1.137405	3.699625
-0.124756	0.010010	1.092041	-0.198473	-0.396947	1.473282	3.710141
-0.128906	0.011475	1.082031	-0.740458	-0.282443	1.190840	3.720321
-0.133545	0.006104	1.096680	0.404580	0.076336	1.267176	3.730995
-0.136475	0.014160	1.091064	1.450382	-0.129771	1.267176	3.741249
-0.129150	0.018311	1.088623	2.282443	-0.450382	1.664122	3.751423
-0.130615	0.022217	1.084717	3.022901	-0.190840	1.656489	3.762022
-0.129150	0.032715	1.092529	2.893130	0.000000	2.534351	3.772584
-0.130859	0.023926	1.090576	3.129771	-0.083969	3.175573	3.783268
-0.125732	0.016602	1.096680	2.549618	-0.114504	3.274809	3.793498
-0.131348	0.020020	1.105713	4.343511	-0.061069	3.175573	3.803687
-0.127686	0.014893	1.114990	3.450382	-0.709924	3.167939	3.813936
-0.129883	0.024902	1.099365	3.297710	-1.770992	3.221374	3.824432
-0.118652	0.015869	1.101318	0.236641	-1.679389	2.877863	3.835085
-0.123291	0.022217	1.091553	-0.786260	-1.977099	2.893130	3.844770
-0.131592	0.004150	1.090088	-1.312977	-2.274809	2.664122	3.855067
-0.124268	0.004395	1.078857	-0.557252	-1.946565	2.732824	3.864927
-0.126221	-0.008057	1.074219	-0.061069	-1.435115	2.809160	3.875979
-0.121094	-0.016113	1.073486	0.366412	-1.160305	2.328244	3.886981
-0.120117	-0.002930	1.063721	-0.526718	-0.977099	1.404580	3.897322
-0.122803	-0.007080	1.076660	-0.274809	-0.259542	1.419847	3.907059
-0.114990	0.012695	1.081299	-0.557252	-1.938931	1.259542	3.917635
-0.123291	0.000977	1.070557	-0.687023	0.351145	1.351145	3.928187
-0.121338	0.015137	1.073486	-0.908397	0.816794	1.320611	3.938646
-0.125000	0.030029	1.075195	-2.603053	0.404580	2.007634	3.948874
-0.117432	0.004639	1.080566	-4.259542	1.923664	2.603053	3.959479
-0.123535	-0.022949	1.071289	-4.335878	0.015267	2.053435	3.970171
-0.118408	-0.034424	1.095459	-2.282443	0.396947	1.053435	3.980643
-0.122803	-0.046387	1.103516	0.916031	0.236641	0.351145	3.989171
-0.138672	-0.025391	1.103271	3.038168	0.320611	-0.106870	3.997619
-0.127197	-0.030518	1.100342	4.045802	0.465649	-0.290076	4.005841
-0.128662	-0.014893	1.091797	5.007634	0.122137	-1.190840	4.014210
-0.128174	-0.002197	1.086914	5.450382	0.091603	-1.412214	4.022374
-0.128418	0.007080	1.075439	4.190840	-0.114504	-1.656489	4.031200
-0.117432	0.011719	1.068359	2.954198	0.778626	-3.908397	4.039681
-0.131348	0.024902	1.078613	1.977099	1.175573	-2.030534	4.048032
-0.132324	0.029541	1.080566	0.801527	1.595420	-1.465649	4.056170
-0.129883	0.020752	1.097900	-0.343511	1.351145	-1.198473	4.064445
-0.135742	0.015381	1.109619	-0.847328	1.053435	-1.648855	4.072933
-0.136963	0.018555	1.109619	-0.381679	0.755725	-1.381679	4.081316
-0.138672	0.027588	1.124023	-0.458015	0.404580	-1.152672	4.089663
-0.137207	0.028320	1.108154	-0.236641	0.335878	-1.083969	4.098040
-0.133057	0.026855	1.110107	0.465649	0.099237	-1.206107	4.106375
-0.135986	0.034668	1.121826	0.717557	-0.175573	-0.679389	4.114536
-0.137207	0.039062	1.116211	0.916031	-0.664122	-0.290076	4.122482
-0.135254	0.051025	1.109131	-0.206107	-1.183206	0.755725	4.131356
-0.137207	0.048584	1.105713	-1.625954	-1.404580	1.290076	4.139507
-0.135742	0.034180	1.098145	-3.206107	-1.633588	1.664122	4.147955
-0.132568	0.024658	1.092041	-3.793893	-1.748092	2.076336	4.156309
-0.124023	0.023193	1.080811	-4.885496	-1.862595	2.152672	4.164475
-0.121826	0.003174	1.081787	-5.526718	-1.671756	2.381679	4.172906
-0.119629	0.010498	1.076660	-5.229008	-1.396947	2.572519	4.181458
-0.122559	0.010010	1.083740	-5.106870	-1.190840	2.755725	4.189626
-0.120117	-0.013184	1.110352	-4.068702	-1.786260	2.022901	4.198007
-0.123779	-0.012695	1.105225	-2.152672	-2.251908	2.351145	4.206282
-0.123291	-0.010010	1.102783	-1.381679	-0.022901	1.801527	4.214489
-0.121338	-0.018311	1.107422	0.305344	-1.854962	1.541985	4.222882
-0.125977	-0.016357	1.093506	2.977099	-1.908397	1.557252	4.231508
-0.122314	-0.017090	1.087891	2.946565	-1.557252	1.114504	4.239813
-0.121826	-0.006348	1.079834	3.068702	-1.229008	0.374046	4.248160
-0.117432	0.004150	1.060791	1.954198	-0.503817	-0.236641	4.256459
-0.116211	0.008789	1.069336	0.709924	0.099237	-0.465649	4.264760
-0.122803	0.023682	1.069336	-0.152672	0.229008	-0.358779	4.273175
-0.124512	0.018555	1.086182	-0.900763	0.786260	-0.091603	4.281796
-0.128662	0.021729	1.085205	-0.809160	0.465649	0.068702	4.290021
-0.134033	0.020752	1.098389	-1.603053	-0.175573	0.351145	4.298521
-0.132324	0.015625	1.097168	-2.343511	-0.664122	0.709924	4.306861
-0.125244	0.012939	1.093750	-2.435115	-0.480916	0.610687	4.315087
-0.126709	0.001709	1.090576	-2.374046	-0.557252	0.404580	4.323516
-0.127197	-0.008789	1.096924	-2.053435	-0.763359	0.435115	4.332037
-0.131348	0.002686	1.105225	-0.267176	-0.725191	1.000000	4.340406
-0.130859	-0.002197	1.096680	-0.541985	-0.625954	0.709924	4.348675
-0.125977	-0.000977	1.086426	-0.511450	-0.549618	0.526718	4.356955
-0.118164	0.012207	1.084717	0.175573	-0.290076	0.893130	4.365143
-0.118652	0.015869	1.092773	-0.480916	0.229008	0.793893	4.373681
-0.139893	0.010986	1.084229	-1.725191	0.122137	0.702290	4.382025
-0.129395	0.002441	1.107910	-2.236641	0.083969	0.931298	4.390182
-0.126465	-0.000244	1.105225	-2.259542	0.389313	0.709924	4.398906
-0.133789	-0.006104	1.097900	-2.702290	-0.045802	0.137405	4.407401
-0.132324	-0.007568	1.100098	-2.106870	-0.625954	1.916031	4.415556
-0.124512	0.001221	1.078857	-1.091603	-1.496183	0.496183	4.424126
-0.122559	-0.004395	1.090576	-1.656489	-1.137405	0.297710	4.432499
-0.125000	-0.008545	1.049072	-1.328244	-0.793893	-0.114504	4.440852
-0.120605	-0.002686	1.072998	2.053435	-1.633588	2.175573	4.449316
-0.125000	-0.011719	1.079346	1.122137	0.061069	0.061069	4.457561
-0.117432	0.000000	1.077637	2.938931	0.290076	-0.122137	4.465938
-0.118652	-0.003906	1.084717	2.305344	0.427481	-0.648855	4.474170
-0.128418	0.008301	1.097412	2.778626	1.000000	-0.687023	4.482953
-0.125977	0.013428	1.094971	2.038168	0.770992	-0.267176	4.491083
-0.133301	0.014893	1.109131	1.610687	0.587786	-0.038168	4.498849
-0.135010	0.011230	1.109375	0.938931	-0.190840	0.442748	4.506416
-0.134521	0.010986	1.096191	0.824427	-0.190840	0.274809	4.514059
-0.128174	0.015625	1.102783	-0.564885	-0.572519	-0.114504	4.521565
-0.130859	0.009766	1.088867	-1.465649	-0.824427	-0.038168	4.529079
-0.128174	0.007812	1.094238	-1.442748	-1.167939	0.106870	4.537967
-0.131592	0.000488	1.094238	-1.549618	-1.290076	0.061069	4.546263
-0.128906	0.001221	1.083008	-0.595420	-1.274809	0.091603	4.555080
-0.127686	0.010986	1.085693	0.343511	-1.198473	0.335878	4.563341
-0.125000	0.011475	1.081299	0.770992	-0.740458	0.206107	4.571394
-0.122803	0.012939	1.066650	1.106870	-0.625954	0.442748	4.579924
-0.123047	0.006348	1.078125	0.908397	0.282443	0.763359	4.588374
-0.129639	0.013672	1.105957	0.488550	0.503817	0.526718	4.596724
-0.129883	0.008545	1.090088	0.007634	0.190840	0.564885	4.605253
-0.130615	0.011963	1.092529	-0.076336	0.145038	0.885496	4.613600
-0.130371	0.007080	1.094482	0.129771	0.297710	1.160305	4.621870
-0.123047	0.000000	1.102051	0.221374	1.946565	0.893130	4.630386
-0.123291	0.011963	1.096680	0.679389	0.145038	1.267176	4.638517
-0.125000	0.012207	1.101074	0.832061	0.015267	1.549618	4.646984
-0.126953	0.009033	1.102051	0.839695	-0.007634	1.465649	4.655467
-0.125977	0.002441	1.086670	1.129771	0.053435	1.541985	4.663813
-0.124512	0.004883	1.102783	1.000000	-0.076336	1.778626	4.671938
-0.125977	-0.000977	1.101074	0.923664	0.198473	1.687023	4.680375
-0.123291	-0.000977	1.081787	1.007634	0.167939	1.450382	4.688738
-0.127441	0.006104	1.077881	-0.633588	0.442748	0.984733	4.697170
-0.125977	0.002197	1.079590	-1.015267	0.282443	1.099237	4.705490
-0.124756	0.010498	1.090820	-1.786260	0.282443	0.916031	4.713838
-0.122314	0.003174	1.086914	-4.198473	0.206107	0.664122	4.722031
-0.124023	0.004639	1.110596	-4.152672	0.404580	0.809160	4.730485
-0.131592	-0.005859	1.128662	-1.908397	0.076336	1.526718	4.738399
-0.132812	-0.013672	1.126953	0.435115	-1.106870	1.786260	4.747275
-0.138916	-0.015869	1.129883	1.229008	-2.007634	0.977099	4.755606
-0.134521	-0.030518	1.117188	3.854962	-3.053435	0.381679	4.763487
-0.141602	-0.002197	1.099854	2.045802	-3.061069	0.854962	4.771230
-0.132080	-0.002197	1.068359	1.015267	-3.656489	-0.099237	4.778841
-0.124756	-0.007812	1.060791	0.763359	-2.809160	-0.007634	4.788938
-0.109863	0.002441	1.037354	0.549618	-1.809160	-0.320611	4.800151
-0.123047	0.012695	1.047363	0.244275	-1.030534	0.213740	4.810401
-0.117920	0.004395	1.034668	-0.381679	0.030534	0.236641	4.820631
-0.124756	-0.012695	1.067383	-2.206107	1.152672	-0.320611	4.830998
-0.125977	-0.005371	1.065918	-1.503817	1.648855	-0.198473	4.841462
-0.130371	-0.000977	1.070557	-0.793893	1.541985	-0.511450	4.851696
-0.132080	-0.002930	1.070557	0.702290	1.564885	-0.328244	4.861962
-0.119873	0.000977	1.051758	1.152672	2.480916	-0.900763	4.872201
-0.121338	0.013916	1.048584	1.954198	2.984733	-0.770992	4.882205
-0.121338	0.009277	1.082275	2.679389	3.274809	-0.297710	4.892848
-0.125488	0.009277	1.076660	3.183206	3.908397	0.335878	4.903042
-0.125977	0.000977	1.084229	3.297710	3.992366	0.763359	4.913538
-0.126709	0.021729	1.080078	2.740458	3.198473	0.709924	4.924256
-0.126221	0.031006	1.094971	2.229008	4.091603	1.664122	4.933968
-0.135254	0.031982	1.124023	1.358779	3.106870	2.389313	4.944807
-0.134277	-0.010742	1.131104	3.687023	0.305344	4.251908	4.955139
-0.127930	0.013672	1.135498	7.839695	-1.977099	2.450382	4.965707
-0.132568	0.006348	1.129395	4.633588	-0.106870	1.816794	4.976166
-0.124023	0.013672	1.100342	7.137405	-0.908397	2.000000	4.986256
-0.130127	0.019287	1.101318	5.404580	-0.076336	1.458015	4.996858
-0.134033	0.031982	1.091309	3.580153	0.335878	1.763359	5.007416
-0.131836	0.021240	1.097168	0.839695	0.076336	1.694656	5.017725
-0.125732	0.014160	1.095459	-0.687023	0.450382	1.496183	5.027795
-0.132324	0.011719	1.123535	-1.335878	0.480916	1.061069	5.038106
-0.135254	0.002197	1.134766	-1.320611	0.083969	1.145038	5.048597
-0.140625	0.000488	1.119873	-0.702290	-0.160305	0.076336	5.059042
-0.134521	0.008545	1.129150	-0.381679	-0.664122	0.198473	5.069579
-0.135498	0.006348	1.118896	0.709924	-0.725191	0.328244	5.079726
-0.143311	0.009521	1.118164	1.083969	-1.106870	0.129771	5.090242
-0.142578	0.023438	1.094971	1.015267	-2.015267	0.213740	5.100574
-0.131836	0.025635	1.093262	-0.335878	-1.984733	0.595420	5.110974
-0.132568	0.023193	1.081055	-2.015267	-1.351145	1.091603	5.121058
-0.132080	0.011963	1.093994	-1.603053	-0.816794	1.404580	5.131002
-0.135254	0.009766	1.094482	-0.961832	-0.984733	1.702290	5.141327
-0.134277	0.003906	1.092285	-1.282443	-1.160305	1.450382	5.151273
-0.137451	0.002930	1.095947	-1.839695	-1.603053	1.007634	5.161938
-0.134521	0.003174	1.097168	-1.442748	-2.099237	0.908397	5.172264
-0.132080	0.004639	1.083008	-1.007634	-2.160305	0.900763	5.182395
-0.131104	0.000732	1.077881	-0.977099	-1.893130	0.977099	5.193003
-0.116943	0.000244	1.074463	-1.412214	-1.603053	0.801527	5.203371
-0.120850	-0.004639	1.075684	-2.129771	-0.664122	0.694656	5.213461
-0.123047	-0.009033	1.100586	-2.167939	-0.595420	0.274809	5.223764
-0.135010	-0.015869	1.089355	-0.625954	-0.732824	0.305344	5.234192
-0.120361	-0.011230	1.087891	-0.664122	-0.725191	-0.045802	5.244681
-0.127441	-0.011230	1.094971	-0.954198	-0.839695	-0.694656	5.254933
-0.133057	-0.010254	1.084961	-0.083969	-0.427481	-0.847328	5.265431
-0.133545	-0.000244	1.092041	0.022901	-0.175573	-0.763359	5.275631
-0.138672	-0.001709	1.090576	1.946565	-0.862595	-1.328244	5.285676
-0.133789	0.001465	1.099365	-0.290076	-1.473282	-1.145038	5.296410
-0.126953	0.009277	1.081543	-0.946565	-1.549618	-1.419847	5.306726
-0.126953	-0.005615	1.082031	-0.801527	-0.877863	-1.687023	5.317073
-0.125244	0.007812	1.086914	0.083969	-0.564885	-2.038168	5.327301
-0.136230	0.020996	1.100098	1.251908	-0.679389	-0.877863	5.337419
-0.134277	0.012939	1.103760	1.725191	-1.465649	-0.389313	5.348034
-0.130615	0.016846	1.103271	-0.091603	-1.694656	-0.687023	5.358129
-0.131592	0.016113	1.085938	-0.328244	-1.473282	-0.916031	5.368453
-0.136475	0.018311	1.084473	-1.328244	-1.320611	-0.595420	5.378834
-0.125732	0.006836	1.079834	-1.450382	-1.000000	-0.572519	5.389103
-0.120850	0.004395	1.076660	-1.374046	-0.320611	-1.175573	5.399549
-0.123535	0.008301	1.082764	-0.625954	0.641221	-1.267176	5.409947
-0.134277	0.010254	1.091309	0.335878	0.984733	-1.221374	5.420016
-0.135986	0.012939	1.113037	0.648855	-0.122137	-0.564885	5.430432
-0.131836	0.027588	1.121094	2.099237	-1.572519	0.389313	5.440502
-0.137939	0.026855	1.090332	0.511450	-2.038168	0.656489	5.450915
-0.120117	0.008545	1.091309	0.282443	-1.496183	0.610687	5.461236
-0.124268	0.010986	1.089355	2.183206	-1.412214	0.900763	5.471501
-0.126953	0.000977	1.096191	3.763359	-1.297710	0.877863	5.481954
-0.127197	-0.002441	1.092285	5.984733	-1.229008	0.488550	5.492141
-0.130859	-0.010742	1.080322	10.045802	-1.221374	0.900763	5.502606
-0.123779	0.008789	1.068848	13.534351	-1.564885	0.557252	5.515096
-0.119873	0.023682	1.054199	13.587786	-0.900763	0.519084	5.525638
-0.116211	0.047119	1.048584	10.145038	0.114504	0.221374	5.536215
-0.118896	0.055176	1.057617	6.610687	1.000000	0.854962	5.546600
-0.131592	0.044189	1.090088	2.038168	0.984733	1.274809	5.556999
-0.130127	0.035645	1.098145	-0.099237	0.282443	1.595420	5.567335
-0.129150	0.017578	1.104004	-3.374046	0.664122	1.404580	5.577885
-0.120850	0.011719	1.086182	-2.213740	-0.526718	1.671756	5.588127
-0.119141	0.021973	1.074463	-0.358779	0.213740	1.679389	5.598663
-0.119141	0.013672	1.081055	-0.648855	0.977099	1.511450	5.609304
-0.110596	0.000732	1.099854	-1.198473	0.786260	1.267176	5.619532
-0.128662	0.009277	1.127686	1.931298	0.274809	1.450382	5.629925
-0.127441	0.008545	1.107422	2.114504	0.603053	1.206107	5.640554
-0.138916	0.008545	1.122803	1.992366	-0.129771	0.793893	5.651208
-0.136719	0.021973	1.128906	1.412214	-1.244275	0.946565	5.660944
-0.131104	0.014160	1.126953	1.763359	-1.610687	0.916031	5.671073
-0.138184	0.011963	1.119873	3.824427	-1.923664	0.793893	5.680849
-0.134033	0.021729	1.109131	4.045802	-2.480916	0.396947	5.691859
-0.133057	0.035156	1.118164	5.091603	-2.938931	0.664122	5.702043
-0.131836	0.034668	1.096191	7.244275	-2.923664	1.297710	5.711925
-0.134277	0.036377	1.100586	9.335878	-3.351145	2.358779	5.722715
-0.125732	0.051025	1.076904	7.419847	-3.198473	2.610687	5.733006
-0.124756	0.055420	1.074951	4.061069	-2.610687	2.656489	5.743661
-0.124268	0.048828	1.082764	-0.106870	-2.335878	2.816794	5.753875
-0.129150	0.034912	1.088135	-1.809160	-2.778626	2.946565	5.764068
-0.121582	0.020264	1.080322	-3.419847	-2.717557	3.000000	5.773758
-0.118164	0.010498	1.084961	-4.106870	-2.595420	2.251908	5.783969
-0.115234	0.017334	1.075439	-4.396947	-1.610687	1.847328	5.794309
-0.121094	0.017822	1.067383	-4.419847	-1.183206	1.854962	5.804568
-0.110596	0.001465	1.075195	-3.267176	-0.435115	1.648855	5.815141
-0.116211	0.006348	1.090576	-1.175573	-0.450382	1.381679	5.825286
-0.129883	0.011475	1.104492	0.526718	-1.221374	1.458015	5.835791
-0.138428	0.018799	1.093262	1.030534	-2.015267	1.396947	5.846306
-0.123779	0.022705	1.084961	0.847328	-2.022901	1.236641	5.856577
-0.122070	0.024902	1.065674	0.541985	-2.030534	1.366412	5.866713
-0.114502	0.022461	1.063477	-0.328244	-0.732824	1.488550	5.876948
-0.114258	0.018066	1.056152	-0.816794	0.587786	1.015267	5.887374
-0.110596	0.018555	1.060059	-1.633588	1.603053	0.618321	5.897739
-0.118164	0.010986	1.092529	-1.984733	2.198473	-0.091603	5.908035
-0.122803	0.017090	1.096680	-1.870229	2.526718	-0.244275	5.918392
-0.134033	0.018311	1.114014	-2.106870	1.480916	-0.335878	5.928687
-0.126709	0.013916	1.117432	-1.488550	0.717557	-0.022901	5.939032
-0.134033	0.019775	1.104980	-1.412214	-0.328244	0.106870	5.949687
-0.124756	0.027344	1.099609	-2.580153	-0.679389	0.114504	5.959834
-0.127930	0.025391	1.099365	-3.679389	-0.748092	1.938931	5.970152
-0.128418	0.027344	1.100830	-4.778626	-0.732824	-0.106870	5.980294
-0.133057	0.026855	1.091064	-4.748092	-0.656489	0.351145	5.989934
-0.129639	0.028809	1.105957	-3.358779	-0.740458	0.770992	5.999421
-0.122314	0.016357	1.095947	-2.068702	-0.526718	1.190840	6.009318
-0.125977	0.025391	1.092041	-1.587786	-0.015267	1.221374	6.020702
-0.128906	0.013184	1.110840	-2.038168	-0.564885	1.419847	6.030987
-0.131104	0.004883	1.110107	-1.946565	-0.854962	1.351145	6.041592
-0.125977	0.012695	1.117188	-1.160305	-1.480916	1.229008	6.051790
-0.124023	0.007568	1.104492	-1.114504	-1.854962	1.083969	6.062015
-0.124023	0.009766	1.097168	-1.603053	-1.832061	1.015267	6.072347
-0.116211	0.020020	1.086914	-2.343511	-1.679389	0.870229	6.082650
-0.112549	0.020020	1.084229	-2.099237	-1.381679	1.122137	6.093240
-0.119629	0.008789	1.093994	-2.847328	-1.442748	1.061069	6.103405
-0.116455	0.005371	1.082520	-3.335878	-0.816794	0.877863	6.113789
-0.115967	0.006104	1.098633	-4.450382	-0.977099	0.656489	6.124116
-0.122803	-0.004150	1.090820	-4.977099	-1.000000	0.419847	6.134528
-0.125488	0.000732	1.100342	-3.816794	-1.900763	-0.145038	6.145165
-0.123535	0.011719	1.083740	-3.946565	-2.984733	0.244275	6.155308
-0.122803	0.006104	1.089844	-4.656489	-1.480916	-0.770992	6.165639
-0.123779	0.015381	1.086182	-3.923664	-1.366412	-0.221374	6.176229
-0.116943	0.014404	1.080811	-4.503817	-1.267176	-0.015267	6.186522
-0.119629	0.009766	1.091064	-4.816794	-0.877863	0.152672	6.197268
-0.126221	0.002441	1.096191	-3.961832	-1.038168	0.152672	6.207415
-0.122803	0.000977	1.096680	-3.618321	-1.312977	0.282443	6.217578
-0.122559	-0.003906	1.078613	-2.809160	-0.938931	-0.145038	6.227931
-0.127441	-0.005371	1.098389	-2.404580	-1.007634	-0.618321	6.238491
-0.124023	-0.014404	1.100830	-0.557252	-1.786260	-0.908397	6.248890
-0.122314	0.002197	1.091309	1.206107	-2.022901	-0.625954	6.259152
-0.114258	0.009766	1.065430	1.137405	-1.557252	-0.763359	6.269310
-0.119141	0.023926	1.071289	1.007634	-0.541985	-0.297710	6.279845
-0.111328	0.024414	1.090820	0.129771	-1.145038	0.106870	6.290457
-0.116943	0.013672	1.073730	-0.778626	-0.206107	0.244275	6.301186
-0.112549	0.010498	1.075439	-1.122137	0.541985	0.213740	6.310751
-0.114746	0.003662	1.090332	-2.015267	0.732824	-0.053435	6.321510
-0.122803	0.010254	1.104980	-1.343511	-0.404580	0.435115	6.331971
-0.116455	0.006348	1.091797	-2.290076	-0.328244	0.412214	6.342707
-0.115967	0.002930	1.088379	-2.160305	0.404580	0.061069	6.352925
-0.131104	0.004639	1.123047	-1.366412	-0.114504	0.007634	6.363381
-0.127441	0.016113	1.115234	-0.328244	-0.893130	0.694656	6.373747
-0.125000	0.001465	1.093750	-1.068702	-1.374046	0.374046	6.384266
-0.119385	0.004639	1.097900	-0.129771	-1.519084	0.633588	6.394881
-0.126465	0.022949	1.088867	-0.732824	-1.427481	0.641221	6.405014
-0.126465	0.014893	1.091553	-0.198473	-1.465649	1.343511	6.414962
-0.114014	0.016113	1.078857	-0.603053	-1.427481	1.870229	6.425044
-0.119141	0.009033	1.078369	-1.053435	-0.687023	1.916031	6.435440
-0.113037	0.001221	1.092285	-1.099237	-0.557252	1.793893	6.446090
-0.126953	-0.000732	1.096436	-1.786260	-1.145038	1.664122	6.456244
-0.115723	-0.005127	1.093506	-2.198473	-1.465649	1.297710	6.466621
-0.110107	0.002197	1.085205	-2.671756	-0.992366	0.862595	6.477234
-0.115234	-0.007812	1.095703	-2.511450	-0.442748	1.022901	6.487655
-0.125488	-0.012207	1.102539	-1.618321	-1.030534	0.992366	6.498285
-0.114258	-0.011230	1.088379	-1.160305	-0.908397	0.755725	6.508881
-0.119385	-0.011719	1.104248	-1.038168	-0.847328	0.015267	6.519142
-0.115234	-0.006104	1.091797	-0.251908	-1.053435	0.106870	6.529609
-0.116455	0.005371	1.084717	-0.129771	-1.358779	0.358779	6.540057
-0.115479	0.000488	1.077881	-2.152672	-0.778626	1.022901	6.550408
-0.112061	-0.029785	1.098145	-3.931298	-0.435115	0.625954	6.560833
-0.116455	-0.011230	1.113525	-3.549618	-0.419847	0.458015	6.571067
-0.128662	-0.016602	1.114014	-3.778626	-0.847328	0.183206	6.581177
-0.116455	-0.023682	1.100830	-2.091603	-2.053435	0.213740	6.591600
-0.109619	-0.016602	1.085938	-2.656489	-1.793893	-0.755725	6.602174
-0.114746	-0.004639	1.083252	-3.236641	-0.847328	-0.564885	6.611904
-0.116455	-0.004639	1.083252	-3.572519	-0.488550	-0.664122	6.622586
-0.117432	-0.011475	1.086670	-3.312977	0.145038	-0.801527	6.633206
-0.121582	-0.014160	1.093750	-1.984733	0.213740	-0.977099	6.643372
-0.127686	-0.007812	1.104492	-0.091603	-0.267176	-0.908397	6.654073
-0.118408	-0.013916	1.107422	-0.221374	-0.732824	-1.160305	6.664258
-0.125000	-0.000977	1.106201	-1.267176	-1.190840	-1.312977	6.674737
-0.128418	0.001465	1.108643	-0.435115	-2.396947	-0.580153	6.684908
-0.122559	-0.003662	1.084229	-0.854962	-2.595420	-0.183206	6.695314
-0.114502	-0.008057	1.076660	-0.458015	-1.679389	-0.274809	6.705765
-0.116211	0.000488	1.072754	0.190840	-1.038168	0.221374	6.716206
-0.120850	0.002686	1.077393	0.961832	-0.801527	0.923664	6.726380
-0.111572	-0.008545	1.071289	-0.564885	-0.977099	0.312977	6.736720
-0.113281	-0.006348	1.060791	-1.122137	0.290076	0.190840	6.747257
-0.117432	-0.015381	1.081055	-2.687023	0.511450	-0.206107	6.757939
-0.117432	-0.015869	1.095459	-1.946565	0.526718	0.137405	6.768170
-0.115967	-0.016113	1.096680	-0.465649	0.534351	-0.175573	6.777725
-0.115723	-0.019043	1.099854	-0.770992	0.595420	-0.572519	6.788438
-0.116455	-0.011230	1.101074	0.381679	0.427481	-0.603053	6.799008
-0.115234	-0.010010	1.097656	-0.175573	-0.206107	-0.801527	6.809456
-0.124756	-0.007812	1.093750	-1.175573	-0.595420	-1.038168	6.819680
-0.116455	-0.010742	1.081299	-0.793893	-0.824427	-0.862595	6.830179
-0.112061	-0.003418	1.092529	-1.274809	-0.755725	-1.022901	6.840502
-0.115723	0.002197	1.097656	0.312977	-0.916031	-0.190840	6.850976
-0.117188	0.000488	1.091553	0.603053	-1.061069	0.519084	6.861451
-0.107666	-0.010742	1.091553	-0.725191	-0.564885	0.038168	6.871898
-0.099365	-0.014404	1.099854	0.038168	-0.274809	-0.297710	6.882343
-0.117432	-0.012207	1.106934	0.099237	-0.809160	-0.748092	6.892836
-0.116699	-0.012207	1.110107	0.251908	-1.145038	-0.526718	6.903351
-0.113525	0.000977	1.088135	0.664122	-0.725191	-0.610687	6.913896
-0.117676	0.006592	1.100098	0.244275	-0.671756	0.076336	6.924250
-0.123535	0.011719	1.092041	-0.488550	-0.740458	0.572519	6.934847
-0.115479	0.004395	1.086426	-0.916031	-0.755725	0.793893	6.944936
-0.108887	0.001221	1.086914	-1.809160	-0.404580	0.503817	6.955372
-0.112549	-0.026855	1.092285	-0.694656	0.900763	0.152672	6.966002
-0.130859	0.020752	1.125244	-1.442748	-0.916031	0.282443	6.976117
-0.124756	0.011230	1.083984	-1.007634	-2.251908	1.480916	6.986772
-0.108887	-0.010742	1.071045	-2.244275	-1.076336	1.473282	6.997310
-0.113281	-0.027832	1.092285	-1.137405	-0.213740	0.458015	7.007819
-0.119629	-0.012939	1.109619	0.290076	-0.709924	0.557252	7.018196
-0.123047	-0.004395	1.117920	0.236641	-0.969466	1.030534	7.028269
-0.110107	-0.012207	1.068848	0.274809	-1.671756	1.122137	7.038710
-0.119141	-0.034668	1.115479	0.633588	-0.152672	1.091603	7.049061
-0.100586	-0.002930	1.043457	-3.190840	-1.022901	0.198473	7.058717
-0.114502	-0.016602	1.107178	-2.381679	0.572519	0.648855	7.068856
-0.115479	-0.015625	1.098389	-1.687023	-0.473282	0.931298	7.078908
-0.110596	-0.030518	1.083008	-2.709924	-0.274809	0.603053	7.091167
-0.127441	-0.013916	1.106201	-1.625954	-0.061069	1.190840	7.103517
-0.122314	-0.025635	1.100830	-0.374046	-1.015267	1.312977	7.115427
-0.106934	-0.034668	1.077393	1.007634	-0.877863	0.908397	7.127490
-0.112305	-0.020508	1.080566	0.007634	-0.389313	0.022901	7.139079
-0.121338	-0.021973	1.083496	-0.152672	0.305344	0.061069	7.151643
-0.120850	-0.009033	1.092285	0.854962	0.259542	0.129771	7.163795
-0.125000	-0.012695	1.099365	-0.152672	0.267176	0.687023	7.175809
-0.118408	-0.017090	1.102539	0.679389	-0.129771	0.931298	7.186687
-0.119385	-0.017334	1.097656	-1.343511	-0.564885	-0.137405	7.197115
-0.124268	-0.022949	1.104004	-1.885496	-0.671756	-0.618321	7.207460
-0.121338	-0.021484	1.082520	0.106870	-1.053435	-0.519084	7.217891
-0.112061	-0.019531	1.063965	-0.038168	-0.572519	-0.183206	7.227868
-0.107422	-0.017334	1.071533	0.526718	0.160305	-0.061069	7.238213
-0.109131	-0.007568	1.072754	0.656489	0.916031	0.404580	7.248680
-0.105957	-0.018799	1.081299	-0.053435	1.259542	0.305344	7.259459
-0.114502	-0.029053	1.085205	-0.664122	1.709924	-0.015267	7.269790
-0.121338	-0.028320	1.105957	-0.687023	1.625954	-0.725191	7.280111
-0.120605	-0.025879	1.105713	-0.801527	1.152672	-1.145038	7.290505
-0.118896	-0.026367	1.108154	-0.870229	1.175573	-1.977099	7.300771
-0.126953	-0.010010	1.114014	-0.061069	0.328244	-1.358779	7.311493
-0.125244	-0.001953	1.097412	-0.374046	-0.404580	-0.992366	7.321588
-0.124023	-0.007812	1.114014	-1.099237	-0.870229	-0.816794	7.331852
-0.121826	-0.009521	1.104980	-0.557252	-1.053435	-0.549618	7.342178
-0.119385	0.002441	1.104248	-0.083969	-0.938931	-0.129771	7.352580
-0.119385	-0.005127	1.091797	-0.610687	-0.587786	0.007634	7.362897
-0.117188	-0.007812	1.095703	-0.137405	-0.175573	0.404580	7.373391
-0.119873	-0.006104	1.089355	-0.893130	-0.679389	0.366412	7.383479
-0.125244	-0.022461	1.106201	0.862595	-0.938931	0.503817	7.393873
-0.121094	-0.012695	1.093262	1.687023	-1.534351	0.587786	7.404320
-0.119873	-0.014893	1.079834	0.572519	-1.206107	0.580153	7.414632
-0.120361	-0.006104	1.085205	2.061069	-1.259542	0.977099	7.424987
-0.115967	-0.004150	1.098633	0.282443	-1.610687	0.740458	7.435198
-0.112793	-0.009033	1.086914	0.267176	-1.664122	1.129771	7.446055
-0.119629	-0.017822	1.078613	-1.183206	-1.351145	1.244275	7.456593
-0.117920	-0.020996	1.087891	-0.496183	-1.045802	1.015267	7.466971
-0.106445	-0.016357	1.083496	-1.160305	-0.687023	0.885496	7.477328
-0.112061	-0.018799	1.088867	-0.847328	-0.404580	0.732824	7.487449
-0.114746	-0.016113	1.075928	-1.618321	0.297710	0.587786	7.497907
-0.117432	-0.012207	1.083252	-1.381679	-0.458015	0.351145	7.507914
-0.114990	-0.018066	1.089844	-0.641221	-0.664122	0.809160	7.521171
-0.109375	-0.018311	1.069580	0.038168	-0.015267	0.679389	7.531748
-0.113770	-0.016113	1.075684	0.648855	0.312977	0.809160	7.542048
-0.112305	-0.021484	1.084473	1.007634	0.564885	1.312977	7.552484
-0.107178	-0.030029	1.090820	0.503817	0.893130	1.030534	7.562861
-0.117188	-0.030762	1.092285	-0.145038	1.274809	0.412214	7.573526
-0.125000	-0.072998	1.104004	0.480916	0.969466	0.366412	7.583970
-0.119385	-0.012939	1.107666	2.190840	-0.946565	0.503817	7.594224
-0.115479	-0.003174	1.065674	-0.687023	-0.267176	0.152672	7.604525
-0.105713	-0.016357	1.067383	0.251908	0.664122	0.435115	7.614938
-0.114502	-0.026367	1.087891	-0.984733	0.801527	0.198473	7.625372
-0.136475	-0.042236	1.120361	0.870229	-0.435115	-0.068702	7.635921
-0.124512	-0.027100	1.112061	3.893130	-0.862595	0.167939	7.646516
-0.117188	-0.017578	1.086182	-0.053435	-0.404580	-0.427481	7.657118
-0.111328	-0.027832	1.096924	-0.122137	0.389313	-0.419847	7.667538
-0.121338	-0.028564	1.109863	-0.923664	-0.045802	-0.984733	7.677941
-0.114258	-0.014160	1.096191	-0.190840	-0.549618	-0.442748	7.687885
-0.111816	-0.005859	1.099121	-0.564885	-0.465649	-0.007634	7.697843
-0.113770	-0.018311	1.108398	-1.503817	-0.015267	0.099237	7.708145
-0.125977	-0.024414	1.112793	-1.557252	-0.564885	-0.244275	7.718191
-0.125977	-0.032227	1.107178	-1.106870	-1.465649	-0.229008	7.728746
-0.114746	-0.024170	1.092285	-0.969466	-1.732824	-0.480916	7.739239
-0.106934	-0.023438	1.084717	-1.053435	-1.335878	-0.496183	7.749745
-0.110840	-0.010742	1.078613	-0.519084	-0.954198	-0.335878	7.760231
-0.109863	-0.014648	1.083740	-1.809160	-0.931298	-0.320611	7.770492
-0.112793	-0.017578	1.065430	-2.923664	-0.412214	-0.419847	7.780965
-0.115967	-0.022705	1.088623	-3.282443	0.106870	-0.725191	7.791684
-0.125977	-0.017822	1.102783	-3.259542	0.038168	-0.519084	7.802018
-0.118896	-0.024170	1.098389	-1.068702	-0.885496	-0.091603	7.812387
-0.108154	-0.029297	1.088379	-1.427481	-0.687023	-0.519084	7.822709
-0.109131	-0.023438	1.087646	-0.366412	-0.167939	-0.824427	7.833246
-0.116943	-0.016846	1.082275	0.725191	0.053435	-0.725191	7.843312
-0.111816	-0.009766	1.077637	1.091603	1.946565	-0.442748	7.853746
-0.113281	-0.013428	1.069336	2.748092	0.160305	0.778626	7.864039
-0.104248	-0.010986	1.072754	0.648855	0.824427	0.572519	7.874124
-0.111084	-0.016602	1.072266	-0.312977	1.587786	0.015267	7.884789
-0.117188	-0.014160	1.083008	-1.007634	1.389313	-0.152672	7.895006
-0.116699	-0.021240	1.084473	-0.587786	1.580153	-0.076336	7.905630
-0.121338	-0.022461	1.096680	-0.671756	1.145038	-0.236641	7.915571
-0.121338	-0.023193	1.095947	-0.213740	1.091603	-0.312977	7.926129
-0.114258	-0.022949	1.099121	-0.679389	1.465649	-0.221374	7.936556
-0.127197	-0.015137	1.104980	-1.503817	1.297710	-0.328244	7.946757
-0.132324	-0.019775	1.115479	-1.450382	0.259542	0.099237	7.957339
-0.112549	-0.016846	1.117188	-1.206107	-0.717557	-0.106870	7.967801
-0.122559	-0.010498	1.105225	-1.679389	-0.862595	-0.206107	7.978178
-0.122559	-0.012695	1.103760	-0.847328	-1.404580	0.442748	7.988698
-0.122070	-0.000732	1.085693	0.473282	-1.709924	1.488550	7.998900
-0.110840	-0.020996	1.090820	-0.732824	-1.633588	1.175573	8.009254
-0.115723	-0.029785	1.087158	-0.717557	-1.152672	1.389313	8.019652
-0.121582	-0.036865	1.092773	-0.839695	-0.824427	1.053435	8.030050
-0.125488	-0.032715	1.083740	-0.488550	-0.488550	0.603053	8.040633
-0.117676	-0.034668	1.095215	-0.900763	-0.229008	-0.122137	8.050789
-0.123291	-0.022705	1.090820	-0.526718	-0.458015	-0.083969	8.060217
-0.112793	-0.023682	1.085205	-0.916031	-0.564885	0.282443	8.070086
-0.118896	-0.025879	1.092529	-0.458015	0.099237	0.641221	8.079845
-0.120850	-0.028809	1.104004	-0.610687	-0.083969	0.748092	8.090150
-0.127686	-0.032471	1.114258	-0.877863	-1.099237	0.664122	8.101677
-0.118164	-0.031006	1.102051	-0.885496	-1.465649	0.541985	8.112061
-0.115234	-0.032959	1.081543	-1.793893	-1.488550	-0.160305	8.122284
-0.117432	-0.031006	1.078857	-1.183206	-0.824427	-0.213740	8.132710
-0.125000	-0.017578	1.088623	-1.099237	-0.572519	-0.221374	8.143283
-0.106934	-0.023926	1.077637	-1.877863	0.083969	-0.129771	8.153664
-0.115967	-0.025391	1.092285	-3.160305	0.984733	-0.633588	8.164156
-0.121826	-0.030762	1.130127	-2.358779	0.511450	-0.374046	8.174762
-0.133057	-0.030762	1.146729	0.519084	-1.175573	-0.068702	8.184826
-0.126953	-0.027344	1.117432	2.129771	-1.954198	-0.221374	8.195203
-0.119629	-0.009521	1.094971	0.778626	-2.351145	-0.351145	8.205811
-0.111084	-0.004395	1.095215	-1.381679	-1.450382	-0.404580	8.216374
-0.108398	0.001953	1.103027	-3.297710	-1.809160	-0.022901	8.226807
-0.116455	-0.006348	1.099365	-2.832061	-2.007634	0.801527	8.237121
-0.118652	-0.008301	1.099609	-2.229008	-2.190840	1.259542	8.247392
-0.113770	-0.010742	1.087891	-2.167939	-2.122137	2.076336	8.257477
-0.114746	-0.017578	1.084717	-1.450382	-1.770992	2.198473	8.267973
-0.113525	-0.021240	1.075439	-1.175573	-1.618321	2.442748	8.278487
-0.110596	-0.020508	1.072754	-2.259542	-1.473282	2.786260	8.289144
-0.113770	-0.043945	1.085205	-2.320611	-1.641221	2.442748	8.299692
-0.111084	-0.044189	1.084717	-1.480916	-1.358779	2.267176	8.309734
-0.115967	-0.045166	1.075439	-1.290076	-1.442748	1.633588	8.320117
-0.107666	-0.041260	1.073730	0.351145	-1.526718	1.564885	8.330638
-0.109375	-0.029297	1.070801	-0.122137	-0.984733	1.526718	8.340439
-0.102783	-0.034424	1.062988	-1.297710	-0.343511	1.198473	8.350683
-0.096680	-0.038818	1.060547	-2.381679	1.000000	0.343511	8.360884
-0.114014	-0.045898	1.078613	-1.694656	0.854962	0.511450	8.371277
-0.108154	-0.048828	1.088379	1.290076	0.274809	1.015267	8.381689
-0.107910	-0.045166	1.082520	2.183206	-0.061069	1.229008	8.392197
-0.107910	-0.047363	1.070557	1.832061	-0.076336	0.992366	8.402632
-0.110352	-0.043945	1.064697	0.755725	0.648855	0.702290	8.412871
-0.115967	-0.051025	1.074463	-0.083969	0.923664	0.083969	8.422963
-0.115234	-0.049072	1.071045	0.984733	1.305344	0.091603	8.433955
-0.113770	-0.035156	1.075195	1.145038	1.893130	-0.167939	8.444238
-0.117920	-0.035889	1.094482	0.763359	1.969466	-0.404580	8.454764
-0.113525	-0.034912	1.099609	1.145038	1.801527	-0.244275	8.465176
-0.128906	-0.033447	1.109863	0.465649	1.465649	-0.450382	8.475659
-0.135498	-0.033691	1.121094	1.213740	0.549618	-0.106870	8.486006
-0.128662	-0.033936	1.105469	3.030534	-0.305344	0.114504	8.496354
-0.119629	-0.034424	1.087891	2.671756	-0.038168	-0.106870	8.506482
-0.117432	-0.037842	1.091064	2.076336	0.473282	-0.496183	8.516654
-0.117188	-0.026855	1.077637	1.541985	0.984733	-1.091603	8.526744
-0.121338	-0.025879	1.088379	1.114504	1.526718	-1.000000	8.537281
-0.115479	-0.025146	1.103027	1.679389	1.854962	-1.083969	8.547770
-0.118408	-0.033936	1.114258	1.931298	2.038168	-1.198473	8.558255
-0.125977	-0.034180	1.135010	2.389313	1.419847	-1.816794	8.568478
-0.129150	-0.012939	1.125977	2.702290	0.412214	-1.847328	8.578853
-0.127441	-0.009033	1.129395	3.412214	-0.274809	-1.305344	8.589018
-0.122803	-0.001221	1.122803	3.053435	-0.954198	-0.870229	8.599213
-0.119141	0.009033	1.107666	2.557252	-1.061069	0.236641	8.609870
-0.125977	0.012695	1.100342	1.000000	-1.015267	1.129771	8.619974
-0.125977	0.010010	1.101074	-0.137405	-1.389313	2.167939	8.630439
-0.124512	-0.000732	1.109619	-1.000000	-1.824427	2.862595	8.640809
-0.116455	-0.010254	1.103271	-0.969466	-3.236641	2.809160	8.651421
-0.119629	-0.031738	1.085205	-2.755725	-2.167939	2.717557	8.661491
-0.113037	-0.033447	1.081055	-2.595420	-2.488550	2.564885	8.671975
-0.112305	-0.043945	1.077393	-1.916031	-2.229008	1.854962	8.682559
-0.105225	-0.047852	1.062256	0.007634	-1.564885	1.801527	8.693075
-0.111084	-0.037842	1.059326	0.213740	-0.755725	1.328244	8.703844
-0.103271	-0.043945	1.069092	0.396947	0.450382	1.190840	8.713927
-0.105225	-0.048828	1.069824	0.244275	0.984733	1.122137	8.724211
-0.111816	-0.037354	1.078125	-0.534351	1.709924	0.083969	8.734717
-0.111084	-0.036621	1.097656	-1.152672	1.251908	-0.122137	8.745061
-0.123779	-0.036621	1.099365	-1.648855	-0.083969	-0.480916	8.755463
-0.115723	-0.030029	1.092285	0.061069	-0.900763	-0.076336	8.765768
-0.117920	-0.030029	1.067627	0.068702	-0.923664	-0.038168	8.776106
-0.114990	-0.026123	1.059082	1.183206	-0.145038	0.274809	8.786320
-0.107422	-0.019043	1.070068	0.442748	0.335878	0.389313	8.797148
-0.117432	-0.025391	1.081543	-0.633588	0.572519	0.671756	8.807599
-0.117920	-0.031006	1.086670	-0.832061	0.770992	1.335878	8.817787
-0.121338	-0.040527	1.093750	-1.236641	0.946565	0.648855	8.828017
-0.121826	-0.047119	1.108643	1.022901	0.106870	0.580153	8.838244
-0.121094	-0.041992	1.091309	1.931298	-0.045802	0.129771	8.849209
-0.121338	-0.034668	1.083008	1.732824	-0.274809	0.022901	8.860240
-0.110107	-0.027832	1.076660	1.297710	0.099237	-0.236641	8.870428
-0.118164	-0.031250	1.084473	-0.114504	0.427481	-0.251908	8.880957
-0.128418	-0.030518	1.095703	-0.335878	0.374046	-0.183206	8.891308
-0.120850	-0.037109	1.084717	-0.809160	0.496183	-0.274809	8.901898
-0.124512	-0.036133	1.093262	-1.328244	0.748092	-0.679389	8.912088
-0.120605	-0.042969	1.101807	-0.572519	1.297710	-0.717557	8.922585
-0.122314	-0.042236	1.108154	0.694656	0.832061	-1.114504	8.933422
-0.116943	-0.033936	1.107422	2.038168	0.442748	-1.183206	8.943742
-0.116943	-0.026123	1.112061	2.251908	0.503817	-1.328244	8.954119
-0.114746	-0.010010	1.092773	1.221374	0.717557	-1.267176	8.964315
-0.128174	-0.011475	1.104980	-0.473282	0.206107	-1.259542	8.973790
-0.125488	-0.009277	1.119629	-0.740458	-0.854962	-0.687023	8.983478
-0.118164	-0.012451	1.097168	-1.030534	-1.473282	-0.015267	8.993239
-0.120361	-0.011963	1.085693	-1.167939	-1.389313	0.351145	9.004154
-0.116943	-0.015625	1.097412	-0.061069	-0.984733	0.114504	9.014557
-0.110596	-0.011230	1.085205	0.458015	-0.839695	0.587786	9.024606
-0.121582	-0.022461	1.086426	-0.580153	-0.633588	0.870229	9.035173
-0.115479	-0.027100	1.105469	-0.183206	-0.541985	1.145038	9.045467
-0.123291	-0.038574	1.078613	-0.374046	-0.503817	0.786260	9.056119
-0.119629	-0.026367	1.091309	0.206107	-0.557252	0.267176	9.066280
-0.122559	-0.015869	1.081787	2.282443	-0.839695	1.160305	9.076440
-0.120361	-0.028320	1.067627	1.305344	-0.320611	0.824427	9.087187
-0.104492	-0.029785	1.056641	0.061069	0.557252	0.137405	9.097400
-0.110596	-0.022949	1.073486	-2.053435	1.312977	-0.465649	9.108146
-0.123047	-0.036133	1.112061	-0.816794	0.412214	0.061069	9.118596
-0.126953	-0.025635	1.091553	1.038168	-0.618321	0.496183	9.128614
-0.122559	-0.027100	1.080566	-0.160305	-0.801527	0.511450	9.139198
-0.119385	-0.029541	1.069580	0.053435	-0.007634	0.312977	9.150101
-0.121338	-0.021729	1.073242	-1.541985	0.633588	-0.106870	9.160342
-0.116943	-0.030518	1.075439	-0.816794	1.015267	0.351145	9.170525
-0.117920	-0.035400	1.106934	-0.404580	1.580153	-0.106870	9.180946
-0.121826	-0.048096	1.119385	0.541985	1.450382	-0.488550	9.191443
-0.131592	-0.029053	1.117920	2.267176	0.610687	-0.290076	9.201869
-0.131592	-0.014648	1.121582	1.870229	0.213740	-0.251908	9.212276
-0.123535	-0.018066	1.116455	0.496183	-0.068702	0.167939	9.222479
-0.129150	-0.014160	1.113281	-0.190840	-0.648855	0.374046	9.232699
-0.131348	-0.006592	1.110596	-1.519084	-0.641221	0.381679	9.242675
-0.129395	-0.031250	1.100342	-1.641221	-0.572519	0.442748	9.253497
-0.130371	-0.021973	1.114258	-2.045802	-1.259542	0.610687	9.263889
-0.135254	-0.015869	1.104980	-0.290076	-1.870229	1.709924	9.274331
-0.124512	-0.021484	1.081787	-0.183206	-2.068702	1.442748	9.284646
-0.119141	-0.022705	1.075928	-1.007634	-1.206107	1.374046	9.295283
-0.110352	-0.024902	1.093262	-0.702290	-1.183206	1.305344	9.305855
-0.126953	-0.026855	1.099854	-1.091603	-1.519084	1.748092	9.315935
-0.123047	-0.032715	1.088135	-0.679389	-1.587786	1.572519	9.326561
-0.118408	-0.037354	1.077881	-0.587786	-1.450382	1.114504	9.336449
-0.118652	-0.024902	1.072021	-0.984733	-0.816794	1.129771	9.346985
-0.119629	-0.033936	1.073242	-0.557252	-0.633588	1.511450	9.357651
-0.109375	-0.025635	1.073730	-0.564885	-0.656489	1.854962	9.368013
-0.117432	-0.039307	1.071533	-1.389313	-0.618321	1.671756	9.378176
-0.118408	-0.045410	1.091553	-1.328244	-0.526718	1.083969	9.388135
-0.113525	-0.045654	1.092285	-1.160305	-0.305344	0.954198	9.398736
-0.114990	-0.053223	1.089844	0.091603	-0.129771	0.633588	9.409172
-0.111328	-0.049561	1.089844	0.748092	0.511450	0.015267	9.419571
-0.117432	-0.034424	1.084961	1.190840	0.862595	-0.312977	9.429910
-0.122070	-0.034912	1.104492	0.618321	0.190840	-0.702290	9.440662
-0.120850	-0.022461	1.099365	2.458015	-0.404580	-0.206107	9.451474
-0.116943	-0.021240	1.100098	1.374046	-0.396947	-0.320611	9.461785
-0.118408	-0.015625	1.090088	0.526718	-0.396947	-0.015267	9.472118
-0.120850	-0.020752	1.093750	-0.335878	-0.595420	0.793893	9.482677
-0.120117	-0.027100	1.089844	-1.809160	-0.870229	0.900763	9.493080
-0.111816	-0.036377	1.088135	-1.755725	-0.503817	0.541985	9.503622
-0.125000	-0.036133	1.095215	-0.854962	-0.412214	0.473282	9.516206
-0.128174	-0.045166	1.106689	0.656489	-1.022901	0.671756	9.526694
-0.121826	-0.041504	1.104004	1.175573	-1.320611	0.244275	9.536801
-0.119385	-0.033203	1.093262	1.129771	-1.145038	-0.076336	9.547260
-0.121582	-0.024414	1.093750	1.496183	-0.877863	0.045802	9.557458
-0.119629	-0.017822	1.085693	0.923664	-0.404580	0.267176	9.568103
-0.116699	-0.023926	1.091797	-0.618321	-0.274809	0.458015	9.578749
-0.125000	-0.026611	1.110107	-0.450382	-0.572519	0.442748	9.589114
-0.123291	-0.029541	1.099121	0.045802	-0.847328	0.770992	9.599538
-0.121582	-0.037109	1.087402	0.137405	-1.030534	0.473282	9.610017
-0.111084	-0.035400	1.072021	-0.045802	-0.267176	0.160305	9.619828
-0.118652	-0.027588	1.086182	-1.442748	-0.053435	-0.145038	9.629224
-0.127197	-0.024414	1.106201	-0.633588	-0.564885	0.458015	9.638836
-0.115479	-0.023193	1.092773	0.312977	-1.099237	0.877863	9.650353
-0.108887	-0.028320	1.077393	-0.572519	-0.633588	0.931298	9.661031
-0.120361	-0.030762	1.082520	-0.732824	-0.167939	0.679389	9.671278
-0.116455	-0.031738	1.088135	-1.030534	0.000000	0.793893	9.681412
-0.115967	-0.033447	1.090820	-1.145038	-0.099237	0.458015	9.691909
-0.112549	-0.035156	1.082520	-0.656489	0.114504	0.465649	9.702103
-0.112305	-0.036377	1.089355	-0.625954	0.587786	-0.251908	9.712756
-0.125244	-0.036621	1.106934	0.152672	0.396947	-0.137405	9.723149
-0.118896	-0.025391	1.097168	1.404580	-0.099237	0.152672	9.733400
-0.117188	-0.031494	1.102539	0.175573	-0.396947	0.335878	9.743957
-0.119629	-0.025635	1.095703	0.320611	-0.648855	0.549618	9.754357
-0.120361	-0.021484	1.109131	-0.435115	-0.343511	0.671756	9.764877
-0.128906	-0.033936	1.091553	-0.061069	-1.160305	0.549618	9.775354
-0.124756	-0.031250	1.092041	0.091603	-1.068702	0.503817	9.785644
-0.122314	-0.023438	1.076172	0.267176	-0.893130	0.557252	9.795946
-0.122070	-0.022705	1.078369	-0.091603	-0.374046	0.427481	9.806582
-0.119873	-0.020996	1.087158	0.778626	-0.030534	1.297710	9.816917
-0.119141	-0.022705	1.090088	0.580153	0.229008	1.320611	9.827161
-0.123535	-0.034668	1.092285	-0.053435	0.664122	1.190840	9.837717
-0.126953	-0.040771	1.116699	0.229008	0.427481	0.625954	9.847772
-0.128662	-0.037598	1.120117	0.480916	-0.206107	0.534351	9.857979
-0.124268	-0.035400	1.094727	1.068702	-0.824427	0.404580	9.868549
-0.123779	-0.032715	1.081055	0.274809	-0.557252	0.190840	9.878681
-0.123535	-0.027832	1.099121	-0.526718	-0.320611	0.229008	9.888984
-0.129883	-0.024170	1.097656	-1.221374	-0.511450	0.648855	9.899086
-0.129395	-0.029541	1.101318	-0.839695	-1.152672	0.908397	9.909552
-0.119873	-0.039307	1.093994	0.022901	-1.580153	0.969466	9.919742
-0.126465	-0.038086	1.094727	-0.236641	-1.465649	0.740458	9.930269
-0.122803	-0.028076	1.079590	-0.396947	-1.312977	0.793893	9.940509
-0.114502	-0.037109	1.068604	-0.625954	-1.343511	0.854962	9.950735
-0.109131	-0.037109	1.071533	-0.374046	-0.465649	0.709924	9.961447
-0.111816	-0.033936	1.068115	0.190840	0.221374	0.908397	9.971811
-0.115234	-0.038086	1.070557	0.038168	0.404580	0.816794	9.982158
-0.112305	-0.041504	1.083252	-0.396947	0.534351	0.740458	9.992569
-0.121826	-0.043701	1.102051	-0.587786	-0.083969	0.351145	10.002940
-0.121582	-0.045410	1.102539	-0.801527	-0.404580	0.206107	10.013390
-0.110352	-0.052002	1.093506	-0.259542	-0.687023	-0.396947	10.023617
-0.111084	-0.042969	1.084961	-0.793893	-0.175573	-0.496183	10.034168
-0.122070	-0.041260	1.090088	-0.557252	-0.267176	-0.702290	10.044502
-0.120850	-0.037109	1.085938	0.183206	0.206107	-0.679389	10.055123
-0.118408	-0.030518	1.080811	-0.351145	0.564885	-0.664122	10.065090
-0.117676	-0.028809	1.081787	0.343511	0.572519	-0.473282	10.075787
-0.121826	-0.025146	1.088623	-0.267176	0.648855	-0.725191	10.086067
-0.117432	-0.032227	1.080566	-0.549618	1.083969	-0.335878	10.096166
-0.131104	-0.020508	1.102783	0.786260	0.000000	-0.213740	10.106591
-0.118896	-0.024658	1.096436	0.641221	-0.564885	0.290076	10.117036
-0.122314	-0.034668	1.082275	-0.206107	-0.167939	0.328244	10.127396
-0.119873	-0.034424	1.085449	-0.519084	0.320611	0.083969	10.137816
-0.125488	-0.028809	1.086670	-0.404580	0.038168	-0.076336	10.148152
-0.122070	-0.029541	1.094971	0.610687	-0.519084	0.221374	10.158642
-0.119385	-0.030762	1.082031	0.213740	-0.137405	0.022901	10.169189
-0.121338	-0.039795	1.084961	-0.053435	0.229008	-0.045802	10.179527
-0.126465	-0.027588	1.100098	0.282443	0.152672	-0.053435	10.190047
-0.120850	-0.015869	1.089355	0.335878	-0.083969	0.419847	10.200626
-0.117432	-0.035889	1.085205	0.824427	0.221374	0.435115	10.211401
-0.117920	-0.032471	1.090088	0.091603	0.328244	-0.251908	10.221867
-0.122803	-0.025146	1.088867	1.946565	0.610687	-0.015267	10.232055
-0.114014	-0.029297	1.091797	0.618321	0.282443	0.473282	10.242523
-0.113525	-0.032959	1.090088	0.305344	0.343511	0.259542	10.252341
-0.119385	-0.035645	1.090332	0.000000	0.832061	-0.244275	10.262147
-0.116211	-0.016846	1.099121	-0.190840	0.946565	0.083969	10.272527
-0.112061	-0.037842	1.091797	0.595420	0.404580	0.198473	10.282674
-0.124023	-0.034668	1.098145	1.587786	-0.099237	0.419847	10.293015
-0.120361	-0.025146	1.093994	1.045802	-0.160305	0.198473	10.303061
-0.122314	-0.028320	1.080811	-0.015267	0.251908	-0.221374	10.313637
-0.124512	-0.023926	1.092529	0.427481	0.687023	0.229008	10.323968
-0.118896	-0.023438	1.083740	0.282443	0.587786	0.625954	10.334071
-0.122803	-0.027100	1.101807	0.198473	0.671756	1.000000	10.344590
-0.118408	-0.034668	1.097656	-0.404580	0.167939	0.961832	10.354549
-0.124512	-0.046875	1.114746	-1.160305	-0.190840	0.664122	10.364945
-0.124268	-0.041260	1.100830	-0.221374	-0.549618	0.366412	10.375158
-0.125244	-0.045166	1.099609	0.946565	-0.442748	0.511450	10.385986
-0.125732	-0.036377	1.084229	0.763359	-0.992366	0.419847	10.396430
-0.127686	-0.033447	1.093018	-0.083969	-0.885496	0.267176	10.406684
-0.123291	-0.030029	1.096680	-0.908397	-0.770992	0.114504	10.417192
-0.122314	-0.043701	1.091309	-0.862595	-0.572519	-0.259542	10.427270
-0.131836	-0.034180	1.092773	0.229008	-0.503817	-0.259542	10.437239
-0.123291	-0.029297	1.074463	0.496183	-0.221374	0.091603	10.447780
-0.123047	-0.030029	1.069092	-0.305344	0.083969	0.045802	10.457811
-0.122070	-0.030273	1.069824	-0.511450	0.328244	0.053435	10.468424
-0.128174	-0.034668	1.084229	-0.694656	0.541985	0.129771	10.478431
-0.134766	-0.036621	1.091797	0.083969	0.244275	0.335878	10.488877
-0.123047	-0.040527	1.098633	0.496183	-0.320611	0.396947	10.499080
-0.125244	-0.049316	1.093506	0.213740	-0.160305	-0.213740	10.509321
-0.126953	-0.036133	1.098145	-0.061069	-0.427481	-0.877863	10.519974
-0.127930	-0.028564	1.098877	-0.175573	-0.610687	-0.480916	10.530432
-0.128174	-0.027832	1.086670	-0.618321	-0.480916	-0.335878	10.540902
-0.127441	-0.018555	1.091553	-0.297710	-0.374046	-0.083969	10.551349
-0.119141	-0.018555	1.087402	0.267176	-0.816794	0.068702	10.561962
-0.123291	-0.028564	1.084961	-0.412214	-0.587786	0.656489	10.572661
-0.122070	-0.040527	1.085938	-0.946565	-0.396947	0.267176	10.583411
-0.126221	-0.041992	1.109619	-0.190840	-0.786260	0.114504	10.593649
-0.118896	-0.050293	1.107666	-0.305344	-1.396947	-0.175573	10.604163
-0.120605	-0.041992	1.092285	-0.083969	-1.740458	-0.954198	10.614658
-0.120605	-0.039307	1.076416	-0.496183	-1.328244	-1.396947	10.624726
-0.120117	-0.030762	1.072510	-0.946565	-0.519084	-1.030534	10.634929
-0.118652	-0.021973	1.072998	-0.687023	0.251908	-0.305344	10.645537
-0.117432	-0.023193	1.085449	-1.427481	0.412214	0.099237	10.656074
-0.132324	-0.032227	1.090820	-2.015267	0.839695	0.267176	10.666646
-0.128906	-0.036865	1.088135	-1.793893	0.755725	-0.068702	10.676777
-0.128174	-0.031494	1.103516	-2.374046	0.129771	-0.381679	10.687136
-0.127197	-0.033203	1.105225	-1.862595	-0.335878	-0.488550	10.697942
-0.126465	-0.027344	1.101318	-0.809160	-0.809160	-0.167939	10.708326
-0.123291	-0.021240	1.081299	0.175573	-0.610687	0.351145	10.718827
-0.117676	-0.012451	1.087402	-0.770992	-0.053435	0.786260	10.729392
-0.125977	-0.022217	1.088867	-0.198473	-0.007634	1.419847	10.739757
-0.139893	-0.027588	1.099121	-0.419847	-0.427481	1.679389	10.750259
-0.125000	-0.038086	1.100830	-0.198473	-1.045802	1.381679	10.761136
-0.116455	-0.035889	1.092529	-0.343511	-0.946565	1.442748	10.771245
-0.116699	-0.033447	1.089111	-0.687023	-0.786260	1.465649	10.781470
-0.121826	-0.034912	1.093506	1.931298	-0.702290	1.587786	10.792025
-0.118164	-0.044678	1.094971	-0.412214	-0.541985	1.473282	10.801935
-0.116943	-0.045898	1.097168	-0.580153	-0.473282	1.137405	10.812372
-0.121338	-0.045410	1.098877	-0.267176	-0.435115	0.916031	10.822360
-0.120850	-0.042725	1.087891	0.000000	-0.656489	1.251908	10.833474
-0.123291	-0.040771	1.075684	-0.259542	-0.877863	0.748092	10.843359
-0.123779	-0.060547	1.081787	-1.198473	-0.488550	0.519084	10.854272
-0.125977	-0.050049	1.089111	-0.549618	-0.694656	0.694656	10.864844
-0.138428	-0.052734	1.097656	1.083969	-0.984733	0.679389	10.875309
-0.123047	-0.046143	1.084717	0.793893	-0.755725	0.755725	10.885195
-0.120117	-0.043457	1.083252	0.389313	-0.641221	0.419847	10.895888
-0.123047	-0.050293	1.088867	0.129771	-0.427481	0.396947	10.905412
-0.125000	-0.044189	1.087402	0.221374	-0.274809	1.946565	10.915047
-0.124268	-0.043945	1.074951	0.633588	-0.038168	0.045802	10.925902
-0.123047	-0.043701	1.073730	0.534351	0.274809	-0.091603	10.936155
-0.139648	-0.042236	1.068359	0.541985	0.473282	-0.396947	10.946412
-0.130127	-0.041260	1.066650	0.526718	0.778626	-0.183206	10.956700
-0.132568	-0.036621	1.085693	1.328244	0.648855	-0.458015	10.967706
-0.129639	-0.044678	1.078857	1.977099	0.778626	-0.343511	10.978460
-0.118408	-0.021240	1.057617	2.259542	1.396947	0.030534	10.988900
-0.113770	-0.034180	1.078369	1.877863	2.007634	0.244275	10.999327
-0.120850	-0.025879	1.085938	2.282443	2.160305	0.335878	11.009833
-0.123779	-0.027588	1.087891	2.412214	2.129771	0.839695	11.020300
-0.129150	-0.034668	1.104248	1.320611	1.351145	0.832061	11.031262
-0.128418	-0.033203	1.100098	2.053435	0.748092	1.030534	11.041664
-0.131592	-0.037354	1.122803	3.496183	0.809160	1.511450	11.051881
-0.124512	-0.046143	1.069336	3.000000	-1.664122	1.778626	11.062450
-0.107666	-0.038330	1.060791	-1.244275	1.427481	0.251908	11.072761
-0.131104	-0.057617	1.120117	2.396947	1.061069	1.381679	11.083232
-0.120605	-0.061279	1.101562	2.908397	-0.717557	0.145038	11.093659
-0.115234	-0.037842	1.065186	2.595420	0.458015	0.045802	11.103942
-0.123779	-0.027832	1.080566	0.916031	1.343511	0.083969	11.114364
-0.120850	-0.046631	1.102051	0.778626	0.290076	-0.213740	11.125058
-0.122559	-0.041260	1.077393	0.847328	0.702290	-0.290076	11.135415
-0.131592	-0.037354	1.096436	0.045802	1.053435	-0.770992	11.145883
-0.127197	-0.037598	1.116211	0.885496	0.458015	-0.725191	11.156204
-0.121582	-0.028809	1.097656	0.396947	0.083969	-1.152672	11.166421
-0.127686	-0.030762	1.101074	0.053435	0.229008	-0.969466	11.176600
-0.133057	-0.027100	1.104980	0.129771	0.053435	-0.977099	11.187036
-0.128418	-0.024170	1.099365	-0.290076	-0.030534	-0.793893	11.197637
-0.127930	-0.020996	1.092773	0.114504	-0.053435	-0.366412	11.207980
-0.128174	-0.019287	1.105225	-0.122137	-0.297710	0.244275	11.218466
-0.137939	-0.025146	1.092529	-0.526718	-0.870229	0.534351	11.228908
-0.125977	-0.036133	1.081787	-0.893130	-0.694656	0.366412	11.239256
-0.125000	-0.040283	1.084229	-0.389313	-0.671756	0.282443	11.249636
-0.122314	-0.040039	1.098145	0.000000	-0.748092	0.038168	11.260001
-0.126953	-0.036133	1.086914	-0.091603	-0.633588	-0.221374	11.270725
-0.133301	-0.036133	1.084229	-0.702290	-0.541985	-0.595420	11.280688
-0.135498	-0.030762	1.106445	-0.045802	-0.870229	-0.404580	11.291333
-0.122314	-0.025146	1.091309	0.900763	-0.923664	-0.183206	11.301591
-0.123779	-0.026855	1.102051	1.709924	-0.862595	0.137405	11.311885
-0.126465	-0.022217	1.089111	1.847328	-0.580153	0.404580	11.322656
-0.128418	-0.023682	1.085693	0.381679	-0.305344	0.374046	11.332888
-0.129150	-0.030273	1.093262	-0.618321	-0.320611	0.480916	11.343365
-0.131592	-0.035156	1.106934	-0.854962	-0.648855	0.450382	11.353114
-0.130371	-0.039062	1.094238	-1.038168	-0.931298	-0.007634	11.362424
-0.128662	-0.041260	1.091064	-0.984733	-0.961832	-0.190840	11.372003
-0.127441	-0.032227	1.109131	-1.206107	-0.809160	-0.175573	11.381862
-0.129150	-0.032471	1.110596	-1.000000	-1.183206	-0.152672	11.393538
-0.130127	-0.026611	1.079102	-0.488550	-1.595420	0.007634	11.404114
-0.129395	-0.021973	1.096680	-0.442748	-1.618321	0.259542	11.414451
-0.125000	-0.035889	1.075684	-0.183206	-1.450382	0.290076	11.424932
-0.133057	-0.030762	1.079834	0.557252	-1.740458	0.458015	11.435078
-0.125244	-0.030518	1.082031	1.725191	-1.473282	0.610687	11.445422
-0.125000	-0.021973	1.066650	2.671756	-2.312977	1.389313	11.455555
-0.121582	-0.023193	1.065674	3.167939	-2.656489	1.610687	11.466283
-0.111328	-0.026367	1.059814	1.343511	-1.755725	1.099237	11.476843
-0.114014	-0.022461	1.064209	-0.328244	-0.923664	1.091603	11.487407
-0.119141	-0.028320	1.081055	-0.824427	-0.541985	1.290076	11.497722
-0.120361	-0.058350	1.080811	-0.236641	-0.603053	1.503817	11.507908
-0.114502	-0.043701	1.063721	0.465649	-0.099237	0.541985	11.521267
-0.120117	-0.042725	1.086426	1.816794	0.694656	0.488550	11.531309
-0.116211	-0.041992	1.090088	3.793893	0.664122	0.427481	11.541303
-0.125000	-0.031494	1.079102	4.610687	0.740458	0.702290	11.550736
-0.125977	-0.030762	1.070801	4.160305	1.099237	0.595420	11.560429
-0.123291	-0.026611	1.089844	2.465649	1.099237	0.366412	11.571551
-0.124756	-0.029541	1.093994	0.923664	1.335878	0.297710	11.581752
-0.127441	-0.030273	1.091797	0.236641	1.748092	-0.106870	11.591992
-0.128662	-0.033203	1.096924	0.106870	1.702290	-0.236641	11.602261
-0.130371	-0.031250	1.100098	0.664122	1.480916	-0.022901	11.612617
-0.133057	-0.026123	1.091553	0.893130	1.427481	-0.297710	11.623171
-0.135742	-0.021484	1.089844	0.580153	1.251908	-1.908397	11.633253
-0.131592	-0.025635	1.100342	0.572519	1.145038	0.328244	11.643707
-0.136719	-0.022217	1.126465	0.068702	0.496183	0.656489	11.653889
-0.132080	-0.027588	1.113037	0.572519	-0.312977	0.946565	11.664023
-0.131348	-0.021973	1.118408	0.137405	-0.534351	0.732824	11.674923
-0.130859	-0.021973	1.109131	0.343511	-0.984733	1.374046	11.685318
-0.125000	-0.029541	1.114258	-0.358779	-1.091603	1.450382	11.695501
-0.127197	-0.032227	1.100342	-0.824427	-1.656489	0.984733	11.705727
-0.123779	-0.031494	1.097168	-1.328244	-1.732824	1.083969	11.715749
-0.125488	-0.026855	1.104980	-2.557252	-1.366412	0.893130	11.725892
-0.129639	-0.028320	1.106689	-2.679389	-1.931298	1.488550	11.736331
-0.129395	-0.039795	1.112549	-1.854962	-2.366412	1.473282	11.746914
-0.130371	-0.044434	1.107910	-0.076336	-2.656489	1.213740	11.757153
-0.129639	-0.037598	1.081055	0.603053	-2.435115	0.793893	11.767402
-0.122559	-0.035400	1.072998	0.030534	-2.076336	0.320611	11.778001
-0.123047	-0.018066	1.075195	-0.717557	-1.648855	0.396947	11.788281
-0.120361	-0.015381	1.079346	-1.847328	-0.954198	0.694656	11.798725
-0.125244	-0.028564	1.084961	-3.038168	-0.618321	0.725191	11.808874
-0.130859	-0.030029	1.087402	-2.167939	-0.442748	1.076336	11.819978
-0.129883	-0.036621	1.096191	-1.030534	-0.725191	1.160305	11.830290
-0.135498	-0.041260	1.108154	-0.908397	-1.435115	1.122137	11.840762
-0.122314	-0.039062	1.088867	-1.198473	-1.480916	0.977099	11.851029
-0.125732	-0.034912	1.093750	-0.946565	-1.702290	0.702290	11.861525
-0.125977	-0.035645	1.093018	-1.030534	-1.778626	0.595420	11.872041
-0.125000	-0.034912	1.099121	0.114504	-1.595420	0.778626	11.882479
-0.119873	-0.029297	1.091553	-0.038168	-1.587786	0.572519	11.892447
-0.126221	-0.029297	1.088867	0.167939	-1.358779	0.931298	11.902484
-0.121582	-0.026367	1.081055	0.412214	-1.259542	1.007634	11.913168
-0.119629	-0.024414	1.084717	0.687023	-1.083969	1.167939	11.923468
-0.118164	-0.046875	1.085693	0.366412	-1.305344	1.534351	11.933903
-0.127197	-0.031250	1.094727	-0.328244	-1.282443	0.923664	11.944099
-0.125000	-0.029297	1.082031	-0.038168	-1.244275	1.091603	11.954741
-0.122559	-0.030273	1.073486	-0.129771	-1.045802	0.778626	11.965108
-0.127441	-0.028564	1.078857	0.290076	-1.312977	1.129771	11.975837
-0.130615	-0.024414	1.083252	0.320611	-1.519084	1.480916	11.986084
-0.127197	-0.033691	1.071533	-0.190840	-1.030534	1.297710	11.996238
-0.120850	-0.035400	1.081299	0.099237	-0.503817	1.244275	12.006640
-0.119141	-0.042236	1.090088	0.412214	-0.183206	1.312977	12.017308
-0.123535	-0.038818	1.080566	0.778626	-0.282443	1.305344	12.027806
-0.122559	-0.037109	1.082520	0.816794	0.106870	1.114504	12.038355
-0.120850	-0.038330	1.094482	1.091603	-0.091603	0.916031	12.048540
-0.124023	-0.033447	1.079590	1.572519	-0.267176	1.000000	12.058730
-0.116943	-0.027832	1.082275	0.763359	1.938931	0.984733	12.069113
-0.117676	-0.036621	1.093262	-1.923664	0.389313	0.816794	12.079843
-0.123291	-0.035400	1.095703	0.030534	0.625954	1.068702	12.090178
-0.132324	-0.040283	1.114014	0.641221	0.396947	0.893130	12.100978
-0.125000	-0.031006	1.105957	1.152672	0.000000	0.709924	12.111142
-0.123779	-0.026611	1.102539	1.702290	-0.595420	0.778626	12.121646
-0.128418	-0.020508	1.087158	0.366412	-0.664122	0.610687	12.132207
-0.130615	-0.021240	1.093506	-0.519084	-0.893130	1.045802	12.142864
-0.126953	-0.023193	1.094238	-0.328244	-1.022901	1.274809	12.153160
-0.122803	-0.028076	1.086670	-0.671756	-1.190840	1.541985	12.163528
-0.128662	-0.033447	1.089111	-0.282443	-1.061069	1.916031	12.173717
-0.121826	-0.034424	1.083496	-0.374046	-1.351145	1.427481	12.183868
-0.120605	-0.030762	1.070801	-0.290076	-1.106870	1.458015	12.194083
-0.125488	-0.034912	1.086182	-0.419847	-0.877863	1.396947	12.203651
-0.123291	-0.035400	1.086914	-0.458015	-0.977099	1.099237	12.214417
-0.123779	-0.047852	1.091309	0.022901	-0.793893	1.297710	12.224873
-0.134521	-0.042725	1.082275	0.465649	-0.687023	0.984733	12.235093
-0.120850	-0.038086	1.076904	0.847328	-0.129771	0.847328	12.245403
-0.118408	-0.038574	1.077148	0.839695	0.267176	0.954198	12.255904
-0.120117	-0.016602	1.071289	0.129771	0.900763	0.793893	12.266023
-0.119385	-0.033936	1.087402	-1.076336	1.465649	0.610687	12.275685
-0.124268	-0.040527	1.105225	-1.580153	1.450382	0.480916	12.285120
-0.125488	-0.042725	1.106445	-1.290076	0.633588	0.198473	12.294937
-0.126221	-0.038818	1.106689	-0.832061	0.129771	-0.015267	12.305977
-0.124512	-0.042480	1.105713	0.114504	-0.274809	-0.076336	12.316461
-0.133057	-0.031494	1.099121	0.801527	-0.381679	0.015267	12.327245
-0.125488	-0.027344	1.101562	0.946565	-0.519084	0.511450	12.337500
-0.125244	-0.025391	1.082520	0.763359	-0.847328	0.694656	12.347784
-0.121094	-0.027832	1.086914	-0.152672	-0.297710	0.435115	12.358067
-0.126953	-0.032959	1.092285	0.068702	-0.282443	0.366412	12.368630
-0.120850	-0.035400	1.090088	0.854962	-0.603053	0.740458	12.379003
-0.119873	-0.040771	1.092773	0.427481	-0.755725	0.496183	12.389774
-0.120605	-0.058105	1.080322	-0.717557	-0.755725	0.106870	12.400119
-0.138428	-0.051025	1.090820	-0.435115	-0.885496	-0.030534	12.410281
-0.118164	-0.043213	1.083252	-0.534351	-0.587786	-0.183206	12.421011
-0.122559	-0.042725	1.089355	-0.290076	-0.229008	-0.312977	12.431677
-0.128418	-0.044678	1.081787	-0.366412	-0.259542	-0.809160	12.441838
-0.123291	-0.047119	1.101074	0.603053	-0.679389	-0.938931	12.451743
-0.125244	-0.029053	1.094971	0.564885	-0.557252	-0.725191	12.462250
