0.159668	0.011719	0.944092	1.839695	8.969466	87.564885	0.007244
0.161865	0.012207	0.953125	-0.030534	3.633588	31.083969	0.015604
0.161865	0.015625	0.953857	-0.374046	3.282443	1.267176	0.025324
0.157715	0.021484	0.945312	-1.511450	3.083969	1.977099	0.034987
0.154785	0.035400	0.932617	-15.549618	7.603053	7.572519	0.044460
0.144043	-0.002930	1.020508	-4.755725	5.122137	3.916031	0.054151
0.167236	-0.050537	0.970947	-1.091603	0.465649	1.267176	0.063475
0.156006	0.007080	0.909668	0.526718	0.030534	-0.793893	0.072856
0.145752	0.034424	0.943359	-2.427481	0.198473	1.931298	0.082321
0.159424	0.005859	0.945557	-4.320611	-0.190840	3.206107	0.091773
0.162598	-0.012451	0.936523	-3.351145	-0.229008	1.870229	0.101153
0.156982	0.001221	0.940918	-2.564885	0.190840	1.206107	0.110719
0.165283	0.006592	0.941650	-3.419847	0.175573	2.038168	0.119701
0.164307	-0.007080	0.951904	-3.343511	0.244275	2.030534	0.128792
0.162842	-0.031250	0.946289	-2.435115	0.160305	1.122137	0.137178
0.158936	-0.014648	0.938965	-1.068702	0.343511	0.267176	0.147303
0.153076	-0.000244	0.953369	-1.229008	0.106870	0.000000	0.157131
0.156494	0.001709	0.945801	-1.748092	-0.778626	-0.183206	0.166329
0.158936	-0.000977	0.936279	-3.000000	-1.213740	-0.160305	0.175795
0.156982	0.007324	0.922363	-3.587786	-0.427481	-0.259542	0.184804
0.157471	0.010010	0.926514	-3.938931	0.839695	0.236641	0.193893
0.141846	0.005615	0.934570	-3.694656	2.122137	0.183206	0.203532
0.146729	0.002686	0.944336	-3.167939	2.870229	0.221374	0.212934
0.152344	0.007568	0.949707	-3.045802	2.770992	0.114504	0.222308
0.147949	0.010742	0.953369	-2.618321	2.801527	0.496183	0.231916
0.149658	0.012939	0.967041	-2.916031	2.083969	0.877863	0.241183
0.148193	0.010254	0.957764	-2.748092	0.885496	0.816794	0.250418
0.146973	0.005859	0.944092	-2.992366	0.320611	0.740458	0.259963
0.147949	0.009766	0.945801	-2.664122	0.167939	0.473282	0.269380
0.148193	0.013672	0.947998	-2.450382	0.259542	0.549618	0.279081
0.152100	0.016357	0.946777	-2.374046	0.496183	1.152672	0.288478
0.147705	0.019531	0.926514	-2.633588	0.984733	1.412214	0.297959
0.151855	0.017578	0.954102	-2.526718	1.030534	1.786260	0.307251
0.150635	0.015869	0.950439	-2.412214	0.877863	1.893130	0.316581
0.155029	0.008301	0.949707	-1.419847	0.763359	1.770992	0.325945
0.155518	0.005859	0.952393	-1.152672	0.671756	1.374046	0.335305
0.154297	0.028564	0.943848	-1.175573	0.595420	1.358779	0.344718
0.154541	0.026367	0.941406	-2.000000	1.458015	1.832061	0.354031
0.158447	0.021484	0.959717	-3.083969	1.221374	2.458015	0.363275
0.159424	0.015869	0.945068	-3.282443	0.916031	2.946565	0.372538
0.166504	0.017334	0.951660	-3.671756	0.320611	3.297710	0.382097
0.162598	0.009521	0.953369	-3.938931	0.183206	3.893130	0.391169
0.160400	-0.000488	0.962646	-2.786260	0.587786	3.328244	0.400791
0.160645	-0.007812	0.948242	-1.480916	0.679389	2.282443	0.410282
0.163818	-0.004395	0.946289	0.045802	1.007634	1.435115	0.419571
0.156982	0.009766	0.943848	-0.160305	1.572519	1.412214	0.429047
0.159424	0.012939	0.945557	-0.847328	1.343511	1.725191	0.438861
0.164062	0.017334	0.938965	-1.648855	3.900763	2.213740	0.448078
0.161377	0.009766	0.936035	-2.549618	1.740458	3.030534	0.457430
0.163818	0.008789	0.933838	-2.832061	2.618321	3.236641	0.466837
0.154541	0.002441	0.936035	-2.755725	2.946565	3.175573	0.476074
0.155518	-0.004883	0.944092	-3.259542	3.091603	3.274809	0.485512
0.159180	-0.004883	0.944824	-3.511450	2.343511	3.366412	0.494314
0.153809	-0.008789	0.966553	-3.610687	1.374046	2.938931	0.503885
0.162109	-0.019287	0.938965	-3.282443	0.885496	2.320611	0.513238
0.156982	-0.011230	0.925293	-1.755725	1.488550	1.236641	0.522447
0.151855	-0.012939	0.939941	-1.526718	1.610687	0.862595	0.532210
0.158691	-0.000977	0.949463	-1.412214	1.183206	1.152672	0.541452
0.155518	-0.004639	0.933838	-1.977099	1.000000	1.038168	0.550187
0.153564	0.007324	0.937256	-2.717557	0.732824	1.137405	0.558983
0.151855	0.014404	0.924561	-3.190840	1.083969	1.870229	0.567252
0.153320	0.011719	0.931641	-1.969466	2.282443	2.465649	0.576168
0.155762	-0.008545	0.922363	-3.099237	2.206107	2.580153	0.586089
0.155273	0.001465	0.938721	-2.152672	3.557252	1.671756	0.595632
0.164551	0.005615	0.952637	-1.793893	3.061069	1.984733	0.605477
0.153564	-0.000488	0.964111	-3.847328	1.374046	2.137405	0.614926
0.157227	0.013672	0.917969	-3.946565	1.801527	2.312977	0.624277
0.145508	0.013428	0.942871	-8.854962	4.435115	5.427481	0.633655
0.158447	-0.038818	0.992920	-3.709924	2.015267	2.648855	0.645014
0.154785	0.001465	0.943604	-0.763359	-0.083969	-1.274809	0.657079
0.152344	0.026611	0.949463	-3.908397	1.366412	1.351145	0.668880
0.154785	-0.014893	0.955078	-4.717557	0.893130	2.061069	0.680531
0.148438	-0.004639	0.939209	-2.236641	1.015267	0.687023	0.692373
0.151367	0.015869	0.937012	-2.328244	2.183206	1.839695	0.704157
0.156982	-0.011475	0.965332	-2.809160	1.167939	1.832061	0.716008
0.153320	0.003906	0.982178	-2.816794	-1.076336	0.488550	0.727703
0.157471	0.011475	0.954102	-4.152672	-1.770992	1.526718	0.739444
0.156982	-0.003906	0.944824	-4.190840	-2.152672	1.519084	0.751444
0.154785	-0.005371	0.930176	-2.763359	-1.847328	0.961832	0.762355
0.160156	0.003906	0.930420	-2.053435	-0.053435	1.458015	0.773551
0.153076	0.003906	0.946777	-2.732824	0.511450	1.709924	0.784655
0.151855	-0.005371	0.938232	-2.519084	0.366412	1.389313	0.797969
0.156494	-0.003174	0.927002	-2.793893	0.687023	1.496183	0.809737
0.141113	-0.011230	0.941162	-2.030534	0.534351	0.900763	0.821863
0.144775	0.000977	0.924561	-2.000000	0.671756	0.687023	0.833673
0.149902	-0.013428	0.933350	-1.923664	1.167939	0.687023	0.845726
0.152588	0.003174	0.922607	-2.083969	1.335878	0.740458	0.857237
0.153564	0.008301	0.929688	-3.274809	1.702290	1.389313	0.869008
0.150879	-0.003418	0.940918	-3.374046	2.099237	1.473282	0.881156
0.152100	0.003662	0.955078	-3.274809	2.557252	1.282443	0.892789
0.158203	-0.005371	0.937988	-3.572519	2.473282	1.320611	0.904318
0.155273	-0.003174	0.962158	-3.251908	2.221374	1.038168	0.916262
0.169434	-0.003174	0.958984	-3.305344	1.793893	1.427481	0.928094
0.149658	-0.015625	0.960449	-1.549618	0.847328	0.816794	0.939791
0.153564	-0.006592	0.955078	-0.099237	1.076336	0.450382	0.951599
0.152100	-0.009521	0.947998	-1.290076	0.213740	0.580153	0.963385
0.151855	-0.008789	0.952148	-0.442748	1.282443	0.725191	0.975024
0.148682	0.009521	0.954346	-1.297710	1.290076	1.091603	0.987327
0.151123	0.005859	0.954346	-3.213740	0.450382	2.877863	0.999072
0.151855	-0.011475	0.948730	-2.725191	0.572519	1.893130	1.010970
0.155029	-0.003174	0.964600	-2.320611	-0.335878	1.061069	1.022981
0.151367	0.003906	0.943848	-2.206107	0.068702	1.389313	1.035179
0.166992	-0.000488	0.931152	-3.251908	0.366412	1.839695	1.047214
0.158203	-0.002441	0.935059	-2.824427	0.656489	2.190840	1.059002
0.154541	-0.008789	0.956299	-1.992366	1.679389	1.648855	1.070481
0.164795	-0.006348	0.959473	-1.007634	0.679389	0.908397	1.082462
0.158447	-0.006592	0.964111	-1.022901	0.488550	1.435115	1.093689
0.157959	-0.006104	0.951416	-1.480916	-0.160305	1.312977	1.104595
0.153076	0.004639	0.924561	-1.038168	0.244275	1.145038	1.117111
0.152100	-0.001709	0.918213	-0.725191	1.786260	1.442748	1.129319
0.156494	-0.002930	0.934326	-0.709924	2.984733	1.885496	1.140931
0.158447	-0.001953	0.955322	-1.923664	2.618321	2.251908	1.153237
0.151855	0.005371	0.968506	-2.328244	0.580153	2.229008	1.164943
0.156494	0.006592	0.956543	-1.969466	-0.526718	2.381679	1.177160
0.156250	0.008789	0.946045	-0.572519	0.061069	2.519084	1.188903
0.150391	0.010498	0.947266	1.038168	0.251908	2.709924	1.200649
0.148926	0.009766	0.948730	1.366412	0.664122	3.343511	1.212157
0.153076	0.011230	0.969482	0.702290	-0.229008	3.633588	1.224008
0.151611	0.013672	0.969971	-0.656489	-1.213740	4.404580	1.236131
0.158936	0.024902	0.957031	-0.740458	-1.190840	4.809160	1.248054
0.162354	-0.005127	0.949219	-1.664122	-2.129771	4.412214	1.260084
0.156494	0.000732	0.927246	-0.877863	-0.572519	1.977099	1.271694
0.158447	-0.010986	0.948975	-0.427481	0.450382	3.541985	1.284409
0.159180	-0.016357	0.953369	-1.946565	-0.610687	2.702290	1.295947
0.151367	-0.005371	0.932373	-0.366412	-0.435115	2.648855	1.308380
0.156494	-0.012451	0.932373	-0.839695	-0.045802	2.427481	1.320491
0.159180	-0.002930	0.930176	-1.129771	0.030534	1.526718	1.332483
0.159424	-0.001221	0.925049	-2.030534	0.358779	1.610687	1.344571
0.158447	-0.001221	0.932373	-2.343511	0.961832	2.061069	1.356414
0.160645	-0.005615	0.944336	-2.656489	0.610687	1.862595	1.368195
0.161133	-0.001953	0.923584	-2.862595	1.213740	2.312977	1.380321
0.157959	0.000732	0.931641	-3.908397	1.709924	2.175573	1.392199
0.161377	-0.000244	0.946289	-1.648855	2.007634	2.015267	1.404084
0.162354	0.006104	0.962646	-2.664122	1.396947	2.267176	1.415057
0.157959	0.002930	0.939697	-2.885496	0.603053	2.694656	1.434642
0.152832	0.009033	0.957764	-2.755725	0.389313	3.083969	1.446628
0.161621	-0.001953	0.948242	-3.267176	-0.564885	3.709924	1.458360
0.164795	-0.013916	0.936035	-3.190840	-0.290076	3.198473	1.469261
0.163330	-0.006836	0.938721	-3.282443	-0.106870	2.961832	1.480778
0.166260	-0.008301	0.947266	-2.412214	-0.145038	2.938931	1.493213
0.167236	-0.014404	0.950195	-2.312977	-0.396947	2.709924	1.505114
0.167969	-0.022949	0.931152	-2.404580	-0.656489	1.923664	1.516919
0.166748	-0.014893	0.927734	-1.984733	0.587786	1.587786	1.528969
0.173096	-0.018555	0.929443	-2.389313	1.114504	1.366412	1.540707
0.168457	-0.018311	0.942871	-2.458015	1.450382	1.030534	1.552394
0.174316	-0.011719	0.938232	-2.900763	1.664122	0.709924	1.564123
0.167236	-0.014160	0.968018	-3.068702	1.343511	0.465649	1.576043
0.169189	-0.016602	0.958740	-2.297710	0.251908	-0.198473	1.587794
0.166748	0.004395	0.947510	-2.679389	0.183206	-0.022901	1.599534
0.160400	-0.006836	0.961426	-2.862595	0.335878	0.396947	1.611151
0.158936	-0.002930	0.938232	-1.679389	0.671756	0.083969	1.622949
0.162842	-0.000732	0.958740	-2.206107	-0.022901	0.450382	1.634947
0.162842	-0.006348	0.946533	-2.641221	-0.984733	0.977099	1.646796
0.160889	0.003418	0.935303	-3.633588	-0.557252	1.442748	1.658487
0.160889	-0.007812	0.944336	-4.625954	-0.969466	1.664122	1.670357
0.167725	-0.007568	0.918945	-4.022901	-0.480916	1.229008	1.682135
0.162842	-0.013184	0.939209	-3.587786	0.534351	1.190840	1.693713
0.164795	-0.017578	0.948730	-3.038168	0.496183	0.519084	1.705055
0.161621	-0.006592	0.936523	-2.519084	0.381679	-0.305344	1.717382
0.162354	0.008057	0.940430	-3.343511	0.496183	-0.221374	1.729566
0.160889	0.010254	0.962891	-2.274809	0.809160	0.091603	1.741323
0.156006	0.011230	0.961670	-1.488550	0.473282	0.145038	1.752919
0.150391	0.017822	0.952881	-1.297710	0.877863	0.992366	1.764750
0.152344	0.015137	0.940186	-0.748092	1.145038	1.213740	1.776654
0.150391	0.009766	0.939209	-0.931298	1.824427	1.374046	1.788064
0.154785	0.008057	0.951172	-1.061069	2.236641	1.572519	1.800248
0.156494	0.018066	0.952148	-1.358779	1.580153	1.015267	1.811815
0.164307	0.014160	0.940918	-2.496183	0.458015	2.175573	1.823588
0.161865	0.008057	0.939941	-1.267176	0.412214	2.076336	1.835737
0.156494	0.007324	0.943848	-0.236641	0.870229	2.030534	1.847401
0.159180	0.012695	0.942627	-0.213740	1.328244	2.366412	1.859220
0.159668	0.009033	0.955811	-0.702290	0.977099	2.801527	1.871203
0.163818	0.009277	0.960449	-1.519084	0.358779	3.091603	1.883078
0.159668	0.007812	0.934570	-1.511450	-1.954198	3.374046	1.895008
0.165039	-0.001709	0.948975	-2.122137	0.152672	3.595420	1.906668
0.164062	-0.004639	0.938721	-1.053435	0.267176	3.053435	1.918222
0.161377	-0.014160	0.940918	-0.374046	0.106870	2.656489	1.930332
0.173828	-0.003662	0.933594	-1.068702	0.709924	2.664122	1.942163
0.159424	-0.003662	0.945557	-1.801527	0.877863	3.083969	1.954254
0.165283	-0.009033	0.948486	-1.847328	0.809160	3.030534	1.966076
0.157471	-0.016846	0.940430	-1.068702	0.427481	2.122137	1.978156
0.160156	-0.011719	0.930420	-0.244275	0.748092	1.343511	1.989649
0.159668	-0.005371	0.928711	0.083969	1.496183	1.320611	2.000988
0.159424	-0.009033	0.925293	-0.740458	2.061069	1.083969	2.013155
0.157471	-0.005127	0.936523	-2.488550	1.984733	1.274809	2.026198
0.163574	-0.003906	0.925781	-2.793893	2.404580	1.374046	2.037981
0.159180	-0.008301	0.924072	-1.366412	3.229008	1.305344	2.049915
0.165283	0.000977	0.943604	-0.045802	4.145038	0.969466	2.061820
0.165527	0.012451	0.962646	-0.374046	3.526718	1.793893	2.074105
0.168945	-0.000244	0.967773	-0.625954	2.534351	1.770992	2.085294
0.171875	0.003906	0.962646	-2.496183	0.595420	2.633588	2.098276
0.167969	-0.000488	0.952393	-3.290076	-0.335878	2.870229	2.110164
0.172119	-0.006592	0.945801	-3.198473	-0.664122	2.587786	2.121397
0.166748	-0.008301	0.928711	-2.900763	-0.229008	2.312977	2.132791
0.167969	-0.008545	0.926025	-1.236641	0.763359	1.648855	2.145400
0.169922	-0.011475	0.920410	-0.702290	1.274809	1.740458	2.157296
0.161865	-0.008301	0.917480	-1.488550	1.259542	1.717557	2.168883
0.164062	-0.003906	0.930664	-2.519084	1.938931	1.648855	2.180423
0.161377	-0.024658	0.933105	-3.473282	2.717557	1.236641	2.192115
0.170898	-0.020020	0.935059	-3.183206	2.732824	0.358779	2.204116
0.169434	-0.006592	0.938232	-3.603053	3.106870	0.343511	2.215822
0.157959	-0.008545	0.953613	-4.145038	2.709924	0.305344	2.227742
0.161133	-0.014404	0.951172	-3.687023	1.885496	-0.152672	2.239293
0.158203	-0.001221	0.934326	-2.572519	1.732824	-0.633588	2.251511
0.153564	-0.003174	0.947021	-2.564885	2.374046	-0.274809	2.263218
0.160889	-0.001953	0.942871	-0.435115	2.603053	-0.687023	2.274885
0.158691	0.015869	0.952393	-0.816794	2.175573	0.175573	2.287178
0.173096	0.028564	0.986328	-2.557252	1.671756	0.022901	2.298456
0.172363	-0.032959	0.920410	-6.900763	-0.954198	3.083969	2.310558
0.161133	0.009766	0.956543	-4.725191	1.450382	1.885496	2.322260
0.166016	-0.010986	0.998779	-7.198473	-1.290076	4.244275	2.334090
0.165771	-0.044189	0.930176	-5.671756	-1.770992	2.045802	2.345927
0.168457	-0.015137	0.941650	-3.534351	-0.229008	0.480916	2.357748
0.172607	-0.022217	0.946045	-5.847328	-0.610687	0.824427	2.369223
0.172607	-0.018555	0.934082	-1.931298	0.732824	-0.221374	2.381117
0.163574	0.030029	0.898193	-3.129771	2.679389	1.610687	2.392982
0.154297	-0.028076	0.997803	-10.954198	7.618321	6.969466	2.404732
0.168945	-0.087402	1.026611	-4.603053	0.603053	1.221374	2.416589
0.154541	0.019043	0.918213	-2.221374	-1.763359	-2.259542	2.428666
0.152100	0.022461	0.947021	-6.610687	0.244275	2.786260	2.440327
0.158691	-0.045166	0.959961	-4.687023	-0.534351	1.320611	2.451915
0.160645	-0.014160	0.925537	0.274809	-0.832061	-1.480916	2.463787
0.148926	0.010498	0.924805	-1.519084	0.137405	0.282443	2.475328
0.159424	-0.010986	0.936523	-1.053435	1.335878	1.022901	2.487596
0.156250	-0.003418	0.940430	-0.702290	1.465649	1.000000	2.499389
0.168945	0.000977	0.953125	-2.458015	0.664122	2.374046	2.511151
0.161865	-0.017822	0.940918	-3.351145	-0.511450	2.297710	2.522699
0.160400	-0.012939	0.923584	-2.519084	-0.213740	1.969466	2.534564
0.158936	-0.022949	0.923340	-3.129771	1.145038	2.702290	2.546494
0.161621	-0.034424	0.930664	-2.190840	2.076336	1.679389	2.558221
0.158936	-0.021973	0.937012	-2.526718	2.000000	1.160305	2.569687
0.164307	-0.024170	0.932617	-3.068702	1.770992	1.282443	2.581668
0.164307	-0.019287	0.942383	-3.679389	1.862595	1.259542	2.593412
0.164551	-0.010986	0.939209	-2.923664	1.442748	0.969466	2.604971
0.167236	0.015381	0.937256	-5.496183	3.839695	3.549618	2.617001
0.163086	-0.049316	0.978027	-3.442748	1.671756	1.114504	2.628878
0.161377	-0.011719	0.945068	-0.961832	0.450382	-1.854962	2.640640
0.151123	0.011230	0.932373	-3.183206	1.198473	0.099237	2.652429
0.156250	-0.000244	0.951416	-3.587786	1.709924	0.580153	2.664290
0.161865	-0.013672	0.941650	-2.335878	1.587786	-0.381679	2.675978
0.142822	-0.005615	0.944336	-2.824427	1.343511	-0.122137	2.687424
0.160156	-0.009033	0.950928	-2.343511	1.091603	0.053435	2.698835
0.165771	0.009033	0.934814	-2.511450	1.374046	1.206107	2.710725
0.153564	-0.008057	0.940918	-3.038168	1.687023	1.450382	2.722475
0.153809	-0.018066	0.933838	-2.770992	1.358779	0.458015	2.734767
0.160156	-0.007324	0.935547	-2.839695	1.687023	0.870229	2.746594
0.155762	-0.011230	0.937988	-3.312977	1.908397	1.687023	2.758778
0.161377	-0.015137	0.944580	-2.160305	2.000000	0.885496	2.770788
0.157715	-0.016602	0.948486	-1.618321	2.740458	0.656489	2.782964
0.159668	-0.004883	0.969482	-1.259542	1.641221	0.656489	2.795158
0.152832	-0.001953	0.955566	-2.030534	0.618321	1.152672	2.806963
0.159180	0.004150	0.959473	-3.549618	-0.671756	1.984733	2.819145
0.153320	0.012207	0.942139	-4.847328	-1.450382	2.419847	2.830803
0.159180	0.006348	0.933838	-4.633588	-0.832061	3.152672	2.842844
0.161133	-0.000488	0.954346	-3.526718	-0.129771	3.419847	2.854609
0.166992	-0.000732	0.959473	-3.160305	0.526718	3.473282	2.866530
0.163086	-0.024658	0.970215	-2.854962	-0.595420	3.076336	2.878559
0.168945	-0.028564	0.950195	-1.748092	-0.984733	2.519084	2.890288
0.166992	-0.017822	0.939697	-1.648855	-1.183206	2.641221	2.902380
0.160400	-0.020020	0.948486	-1.030534	-0.656489	2.503817	2.914103
0.156494	-0.011475	0.933838	-0.717557	-0.541985	2.526718	2.925961
0.141846	-0.022705	0.941406	-1.709924	-0.328244	3.091603	2.937922
0.168457	-0.021973	0.928711	-2.366412	-0.839695	3.061069	2.949449
0.168457	-0.031738	0.953857	-3.282443	-0.396947	2.984733	2.961297
0.159180	-0.034424	0.953125	-4.374046	-1.366412	2.931298	2.973188
0.170898	-0.034180	0.932129	-4.595420	-1.488550	2.106870	2.985102
0.166992	-0.013184	0.925781	-5.251908	-2.045802	2.412214	2.997001
0.169922	-0.011963	0.925781	-5.251908	-1.801527	2.931298	3.008949
0.172607	-0.014648	0.941650	-5.419847	-1.519084	3.603053	3.021332
0.172852	-0.015869	0.932861	-5.511450	-1.541985	4.114504	3.033331
0.170410	-0.026123	0.940674	-5.328244	-0.809160	4.351145	3.044840
0.167969	0.037354	0.816895	-5.206107	2.427481	7.022901	3.056562
0.173828	-0.072510	0.988281	-8.358779	3.206107	8.244275	3.068262
0.175781	-0.106934	0.963623	1.038168	-1.877863	-0.748092	3.079772
0.162354	0.022461	0.881836	0.160305	-0.312977	-0.610687	3.091688
0.166504	-0.039062	0.941162	-5.152672	1.541985	3.793893	3.104158
0.170410	-0.056885	0.943359	-2.213740	0.709924	0.519084	3.115725
0.164307	-0.010010	0.928467	-3.076336	0.984733	1.000000	3.128117
0.167725	-0.040283	0.940674	-4.053435	1.221374	1.916031	3.139980
0.163818	-0.034424	0.945068	-1.778626	1.366412	0.274809	3.151577
0.160645	-0.022217	0.947021	-2.183206	0.893130	0.419847	3.163151
0.163574	-0.018799	0.936523	-3.198473	1.305344	1.038168	3.175072
0.162354	-0.018066	0.933838	-3.335878	1.770992	1.076336	3.187214
0.161865	-0.016602	0.932373	-3.396947	2.450382	1.412214	3.199178
0.162842	-0.018799	0.943848	-4.687023	2.732824	1.931298	3.210875
0.170166	-0.028076	0.949707	-5.595420	2.145038	2.709924	3.222725
0.167725	-0.023926	0.958496	-5.328244	1.465649	2.984733	3.234566
0.176270	-0.031006	0.969482	-5.114504	1.122137	3.427481	3.246422
0.165771	0.011963	0.880127	-4.916031	2.748092	4.564885	3.257707
0.164795	-0.044922	0.983643	-5.068702	4.709924	5.748092	3.269699
0.169922	-0.072754	0.978271	0.099237	0.816794	0.450382	3.281857
0.166016	0.008789	0.938721	-0.328244	0.740458	0.580153	3.293418
0.162598	-0.016357	0.942383	-4.664122	1.419847	4.251908	3.305357
0.163574	-0.053467	0.958252	-2.244275	1.106870	2.076336	3.317132
0.163086	-0.020752	0.938232	-1.229008	1.740458	1.564885	3.328361
0.163330	-0.027832	0.962158	-2.236641	3.893130	2.442748	3.339935
0.167480	-0.039307	0.954102	-1.465649	1.122137	1.763359	3.351826
0.163574	-0.030029	0.940918	-0.664122	-0.068702	0.916031	3.363481
0.164062	-0.028564	0.944580	-0.900763	-0.160305	0.847328	3.375158
0.174316	-0.031006	0.939453	-1.465649	0.129771	1.229008	3.387139
0.176514	-0.023438	0.932373	-1.404580	0.251908	1.816794	3.400950
0.170166	-0.027832	0.931641	-1.358779	0.618321	2.068702	3.413263
0.167969	-0.032471	0.934814	-0.083969	1.244275	1.671756	3.425058
0.168457	-0.031738	0.928955	0.343511	1.732824	1.801527	3.436900
0.161377	-0.020020	0.931641	-1.221374	0.809160	2.595420	3.448716
0.167969	-0.031006	0.933594	-3.312977	-0.526718	3.000000	3.459921
0.164307	-0.031006	0.901367	-4.656489	-0.305344	3.335878	3.472128
0.163086	-0.041260	0.921143	-5.801527	0.824427	3.801527	3.484619
0.173096	-0.058350	0.935059	-4.870229	0.374046	2.541985	3.497382
0.171875	-0.036865	0.920898	-3.748092	1.229008	1.465649	3.509672
0.177002	-0.049072	0.933838	-3.931298	1.618321	1.496183	3.521191
0.156250	-0.049316	0.937500	-2.541985	2.061069	0.305344	3.533781
0.167725	-0.041504	0.938965	-2.312977	1.992366	0.251908	3.545440
0.161865	-0.044189	0.945312	-1.870229	2.145038	0.129771	3.555914
0.165771	-0.031982	0.947021	-2.198473	2.473282	-0.083969	3.566140
0.163818	-0.032471	0.938965	-1.877863	2.740458	0.145038	3.576510
0.159424	-0.026855	0.941650	-0.015267	2.580153	0.694656	3.587108
0.166016	-0.024902	0.963379	-2.007634	2.061069	1.358779	3.597100
0.166504	-0.029297	0.960693	-2.709924	1.511450	1.618321	3.607770
0.170166	-0.029297	0.947998	-2.580153	1.625954	1.419847	3.618024
0.161133	-0.035889	0.945557	-2.702290	1.732824	2.053435	3.628079
0.161865	-0.029053	0.960938	-2.305344	1.534351	1.839695	3.638349
0.160400	-0.037354	0.947510	-2.664122	1.450382	1.603053	3.648566
0.165771	-0.037842	0.949707	-3.030534	1.183206	1.511450	3.658475
0.170654	-0.041016	0.954346	-3.343511	1.267176	1.297710	3.668190
0.168701	-0.043945	0.954102	-2.633588	1.236641	0.862595	3.679334
0.168945	-0.036865	0.946777	-2.351145	1.916031	1.091603	3.689689
0.171387	-0.039551	0.962158	-1.725191	1.824427	0.862595	3.699479
0.165771	-0.032471	0.967285	-0.923664	1.099237	0.694656	3.709769
0.166748	-0.028320	0.947754	-1.496183	0.625954	1.045802	3.720035
0.164551	-0.026611	0.946533	-1.946565	0.702290	1.389313	3.730393
0.159668	-0.025635	0.947754	-2.099237	0.946565	1.610687	3.740635
0.161133	-0.029785	0.951660	-2.717557	0.396947	1.992366	3.750792
0.160400	-0.026855	0.950928	-2.458015	-0.152672	1.877863	3.761192
0.164795	-0.032715	0.953369	-2.503817	-0.297710	1.618321	3.771427
0.170410	-0.031494	0.941650	-2.786260	-0.099237	1.671756	3.782095
0.156738	-0.044189	0.925293	-1.816794	0.732824	1.396947	3.792349
0.169189	-0.036133	0.940918	-0.877863	1.442748	0.885496	3.802334
0.171631	-0.026367	0.945312	-0.648855	1.160305	1.274809	3.812845
0.169678	-0.024902	0.944336	-1.465649	0.473282	1.503817	3.823035
0.169434	-0.022217	0.944824	-2.374046	0.908397	2.259542	3.833488
0.169434	-0.037842	0.939697	-1.549618	1.053435	2.099237	3.843598
0.168213	-0.041260	0.936768	-2.664122	1.251908	2.160305	3.853701
0.163330	-0.056885	0.939453	-2.137405	1.343511	1.969466	3.864160
0.163330	-0.042969	0.957520	-2.267176	0.977099	1.610687	3.874073
0.164062	-0.044189	0.938721	-2.702290	0.442748	1.412214	3.885014
0.164307	-0.038086	0.946045	-1.969466	0.419847	1.519084	3.895316
0.171875	-0.037598	0.934814	-0.725191	0.748092	0.900763	3.905276
0.169189	-0.040283	0.939697	-0.572519	1.206107	0.519084	3.915946
0.159668	-0.035400	0.944824	-0.396947	1.160305	0.251908	3.926203
0.164551	-0.030029	0.946777	-1.045802	1.038168	0.809160	3.936189
0.166992	-0.043945	0.953613	-2.083969	1.007634	1.335878	3.946261
0.170898	-0.034180	0.941650	-3.122137	0.465649	1.709924	3.954509
0.160645	-0.030518	0.945557	-3.526718	0.267176	2.038168	3.962874
0.161865	-0.037354	0.961182	-3.908397	0.290076	2.343511	3.970769
0.165527	-0.044434	0.949707	-3.328244	-0.091603	2.412214	3.978801
0.172363	-0.042969	0.944824	-1.793893	0.190840	1.648855	3.986662
0.171875	-0.039307	0.942871	-1.022901	0.595420	1.305344	3.996271
0.165527	-0.035645	0.960938	-1.106870	0.198473	1.267176	4.004483
0.164307	-0.035156	0.949463	-1.137405	-0.229008	1.099237	4.012912
0.166748	-0.031494	0.950195	-2.503817	-0.480916	1.610687	4.021107
0.164551	-0.030273	0.941650	-3.389313	-0.885496	2.328244	4.029639
0.166504	-0.037842	0.943848	-4.396947	-1.000000	2.664122	4.037989
0.167969	-0.052002	0.940430	-5.335878	-1.297710	2.496183	4.046368
0.167236	-0.050537	0.944580	-5.389313	-0.793893	1.862595	4.054538
0.169678	-0.037842	0.958740	-6.274809	-1.198473	2.022901	4.062813
0.160400	-0.045654	0.954102	-6.374046	-1.900763	1.862595	4.071256
0.165771	-0.048584	0.949463	-6.122137	-3.358779	1.320611	4.079394
0.165283	-0.031006	0.916992	-5.358779	-3.083969	0.740458	4.088561
0.163330	-0.024658	0.910645	-4.847328	-1.778626	1.335878	4.096833
0.166748	-0.033203	0.889404	-3.427481	0.435115	0.007634	4.105081
0.166016	-0.033447	0.928467	-2.160305	2.137405	1.992366	4.113547
0.170654	-0.049072	0.918701	-1.427481	2.267176	1.435115	4.121952
0.170410	-0.044434	0.957764	-1.740458	3.374046	1.030534	4.130647
0.173584	-0.041748	0.980225	-2.778626	2.038168	1.343511	4.138904
0.172852	-0.043701	0.976074	-3.870229	0.702290	1.381679	4.147354
0.170654	-0.047607	0.952881	-3.152672	-1.946565	0.954198	4.155828
0.169678	-0.039062	0.934814	-1.213740	1.022901	0.335878	4.163916
0.166504	-0.032227	0.940430	-0.564885	1.656489	0.290076	4.172440
0.165283	-0.037598	0.958008	-0.381679	1.618321	0.183206	4.181229
0.168213	-0.025146	0.949707	0.167939	0.854962	0.145038	4.189666
0.172119	-0.008789	0.948730	-0.847328	0.404580	0.862595	4.198181
0.170166	-0.018311	0.946045	-2.526718	-0.007634	2.282443	4.206397
0.170898	-0.029541	0.940186	-3.015267	-0.022901	2.687023	4.214333
0.168701	-0.030518	0.932129	-2.717557	0.267176	2.778626	4.223088
0.166748	-0.041748	0.936768	-3.053435	0.870229	3.312977	4.231592
0.170410	-0.045166	0.939941	-2.664122	0.992366	2.839695	4.239960
0.173096	-0.049805	0.940918	-1.877863	0.832061	2.221374	4.248264
0.166748	-0.041504	0.937012	-0.480916	1.290076	1.419847	4.256687
0.166260	-0.038574	0.923584	0.045802	1.435115	1.427481	4.264827
0.170654	-0.040283	0.922363	-0.519084	2.160305	1.885496	4.273408
0.167725	-0.032471	0.952881	-1.114504	2.038168	2.061069	4.281305
0.160645	-0.041748	0.932129	-1.488550	1.099237	1.946565	4.289935
0.169189	-0.035645	0.936523	-2.320611	1.480916	2.175573	4.298286
0.170654	-0.037842	0.947510	-3.580153	1.190840	2.877863	4.306788
0.171143	-0.037109	0.945557	-3.969466	0.732824	3.244275	4.314941
0.171143	-0.049072	0.951660	-3.770992	0.259542	2.778626	4.323398
0.158447	-0.056641	0.937988	-1.992366	0.404580	2.305344	4.332085
0.169678	-0.048340	0.931396	-0.725191	0.854962	1.770992	4.340414
0.173828	-0.041504	0.922363	-1.114504	1.030534	1.786260	4.348750
0.177979	-0.049561	0.927002	-0.954198	1.603053	1.374046	4.357244
0.168945	-0.041016	0.917725	-0.351145	0.000000	1.007634	4.365279
0.166016	-0.031494	0.924316	-0.778626	2.503817	1.244275	4.373887
0.168457	-0.029785	0.935791	-1.160305	2.526718	1.610687	4.382242
0.175537	-0.032227	0.948730	-1.465649	2.435115	1.755725	4.390464
0.170898	-0.035645	0.951660	-1.908397	1.709924	2.167939	4.398852
0.174316	-0.038330	0.959961	-1.839695	0.854962	1.778626	4.406988
0.172607	-0.028564	0.947021	-2.229008	0.702290	1.725191	4.415223
0.178223	-0.033203	0.926758	-1.938931	1.129771	2.091603	4.423659
0.157471	-0.043701	0.939453	-1.786260	1.984733	2.106870	4.432342
0.171387	-0.048096	0.947510	-1.015267	2.190840	2.061069	4.440651
0.167725	-0.035645	0.938232	-1.603053	1.755725	2.114504	4.448854
0.165283	-0.039551	0.931152	-1.404580	2.427481	2.297710	4.457358
0.163330	-0.040771	0.927979	-2.145038	2.572519	2.312977	4.465751
0.167725	-0.048340	0.962402	-2.083969	1.908397	2.213740	4.474011
0.165771	-0.044434	0.942139	-2.847328	1.458015	2.053435	4.482322
0.169434	-0.050537	0.937988	-2.992366	1.152672	1.885496	4.490858
0.168701	-0.053223	0.932861	-3.007634	1.251908	1.450382	4.499315
0.168945	-0.048828	0.924072	-3.358779	1.343511	1.351145	4.507595
0.165527	-0.040771	0.938232	-3.473282	1.625954	1.320611	4.515707
0.166748	-0.046875	0.948486	-3.748092	1.763359	1.541985	4.523999
0.170166	-0.047607	0.941162	-3.908397	1.587786	1.267176	4.532740
0.168945	-0.055664	0.945068	-3.496183	1.961832	0.770992	4.541232
0.167969	-0.038330	0.943848	-2.480916	2.114504	0.488550	4.549401
0.162842	-0.042480	0.952637	-4.267176	1.473282	1.809160	4.557880
0.180420	-0.042725	0.933350	-3.961832	1.473282	1.160305	4.566000
0.168213	-0.050049	0.926270	-0.007634	1.702290	0.763359	4.574379
0.171143	-0.037842	0.941895	-0.908397	2.259542	0.061069	4.582636
0.168945	-0.024170	0.937500	0.083969	1.778626	0.534351	4.591162
0.164551	-0.041748	0.948730	-0.671756	2.007634	1.229008	4.599883
0.165039	-0.035889	0.952637	-1.954198	1.549618	1.282443	4.607973
0.172119	-0.043457	0.963623	-1.793893	1.442748	0.946565	4.616087
0.163818	-0.033936	0.946533	-1.854962	0.740458	0.793893	4.624488
0.170410	-0.032227	0.935791	-2.687023	0.717557	1.129771	4.633020
0.168945	-0.040527	0.934814	-2.847328	1.389313	1.312977	4.641710
0.168701	-0.040527	0.937012	-2.274809	1.839695	1.106870	4.650148
0.167725	-0.032715	0.943604	-2.213740	0.022901	1.419847	4.658544
0.167969	-0.043701	0.953125	-2.129771	1.541985	1.213740	4.666970
0.168457	-0.043945	0.940186	-1.580153	1.076336	0.908397	4.675205
0.170166	-0.032959	0.937500	-1.564885	1.610687	0.984733	4.683772
0.169189	-0.040527	0.954834	-1.229008	0.007634	1.045802	4.691562
0.166992	-0.042236	0.958740	-0.938931	1.824427	0.961832	4.699924
0.165039	-0.039062	0.954590	-0.259542	1.045802	0.557252	4.708945
0.165527	-0.032715	0.945068	-1.366412	0.877863	1.213740	4.717449
0.160889	-0.038818	0.933105	-2.091603	0.847328	1.732824	4.725471
0.159668	-0.035889	0.935791	-2.496183	1.145038	1.793893	4.733364
0.161133	-0.026611	0.930908	-1.977099	1.328244	2.038168	4.742382
0.160889	-0.049805	0.930176	-2.351145	1.763359	0.007634	4.750538
0.164551	-0.037109	0.930664	-3.503817	2.076336	1.916031	4.758407
0.173340	-0.045654	0.936279	-3.480916	2.870229	1.923664	4.766053
0.167480	-0.052734	0.954102	-3.099237	2.503817	1.755725	4.773578
0.173096	-0.045410	0.947754	-2.465649	2.251908	1.137405	4.781749
0.169678	-0.042725	0.950928	-2.603053	1.923664	1.053435	4.789342
0.170166	-0.045166	0.954346	-2.954198	1.893130	0.969466	4.798053
0.164551	-0.044434	0.953369	-1.549618	1.480916	0.625954	4.806243
0.157959	-0.038574	0.949463	-1.473282	1.297710	0.404580	4.814614
0.143555	-0.035400	0.949951	-0.732824	1.259542	0.709924	4.822920
0.161377	-0.033936	0.940186	-1.122137	0.923664	0.648855	4.831496
0.160889	-0.034668	0.948975	-1.488550	0.809160	1.053435	4.839854
0.156982	-0.032715	0.941895	-1.198473	0.473282	1.496183	4.848766
0.161133	-0.029297	0.934814	-1.274809	0.931298	2.122137	4.858128
0.163818	-0.040771	0.932861	-1.961832	1.748092	2.595420	4.868260
0.163330	-0.049561	0.934814	-1.870229	2.015267	2.381679	4.878831
0.164551	-0.039551	0.946777	-1.961832	1.824427	2.603053	4.888631
0.161621	-0.048828	0.949707	-2.206107	1.580153	2.786260	4.899347
0.161621	-0.055664	0.947021	-1.732824	1.328244	2.206107	4.909444
0.166016	-0.046143	0.942383	-1.267176	1.717557	1.770992	4.919552
0.167236	-0.047607	0.932861	-1.572519	1.740458	1.755725	4.929751
0.161621	-0.048828	0.930176	-0.893130	1.908397	1.648855	4.940003
0.170410	-0.034424	0.943848	-0.610687	2.312977	1.412214	4.950334
0.168213	-0.042725	0.954834	-2.366412	1.442748	1.793893	4.960539
0.170166	-0.047607	0.941406	-2.541985	0.557252	1.419847	4.970793
0.165283	-0.043945	0.950928	-2.442748	0.610687	1.809160	4.980921
0.160645	-0.053467	0.925537	-2.320611	1.083969	0.961832	4.991082
0.162842	-0.040527	0.950439	-1.503817	0.458015	0.786260	5.001098
0.168457	-0.047363	0.920166	-1.389313	1.748092	0.931298	5.011312
0.164551	-0.040283	0.930420	-1.633588	2.389313	0.412214	5.021498
0.163574	-0.043213	0.960205	-2.404580	2.992366	1.167939	5.031708
0.165527	-0.046875	0.956055	-3.106870	1.931298	0.839695	5.042097
0.164307	-0.037109	0.947510	-3.076336	1.648855	0.564885	5.052457
0.164795	-0.035645	0.952393	-4.122137	1.496183	1.236641	5.062791
0.169922	-0.043701	0.969482	-3.793893	1.061069	1.412214	5.073015
0.164551	-0.042969	0.954834	-2.450382	0.656489	1.045802	5.083301
0.169189	-0.031006	0.939209	-2.183206	0.671756	1.137405	5.093492
0.164062	-0.042725	0.952637	-1.740458	1.099237	1.053435	5.103752
0.164551	-0.041748	0.959473	-0.916031	0.282443	0.832061	5.113861
0.165771	-0.037109	0.963867	-0.526718	0.274809	0.862595	5.124243
0.166504	-0.038086	0.957275	-1.083969	0.587786	1.335878	5.134839
0.161865	-0.032471	0.955078	-1.641221	-0.022901	1.282443	5.145712
0.158447	-0.041016	0.940186	-2.480916	0.076336	2.038168	5.155931
0.166504	-0.044678	0.947998	-2.244275	0.198473	1.839695	5.166458
0.162354	-0.041748	0.943848	-1.305344	0.183206	1.328244	5.176910
0.164551	-0.028076	0.947266	-1.312977	0.816794	1.221374	5.186837
0.167236	-0.040527	0.955811	-1.213740	1.908397	1.740458	5.197488
0.163574	-0.042480	0.964111	-1.053435	0.778626	1.190840	5.207962
0.166016	-0.027344	0.950195	-1.091603	0.015267	1.541985	5.218158
0.165283	-0.030762	0.947510	-1.664122	0.160305	2.290076	5.228463
0.171387	-0.033447	0.947266	-1.297710	-0.618321	2.206107	5.239000
0.160156	-0.028564	0.941162	-1.763359	-0.923664	2.732824	5.248842
0.159668	-0.035156	0.934082	-1.541985	-0.656489	2.832061	5.258446
0.164795	-0.029053	0.931641	-1.290076	-0.343511	2.870229	5.267909
0.156738	-0.033203	0.922119	-0.427481	-0.259542	2.809160	5.279299
0.154053	-0.039551	0.882324	1.175573	0.595420	2.480916	5.289023
0.159668	-0.027832	0.939941	0.961832	2.740458	3.083969	5.299210
0.162842	-0.032471	0.954834	-0.557252	1.229008	3.633588	5.309271
0.152588	-0.036621	0.926758	-0.969466	0.435115	3.427481	5.320002
0.159912	-0.040039	0.923096	-0.931298	1.580153	3.534351	5.330390
0.158936	-0.051758	0.949951	-0.251908	1.458015	3.396947	5.340632
0.157471	-0.042236	0.928223	1.404580	1.122137	2.496183	5.350891
0.163086	-0.039062	0.925293	0.458015	1.557252	2.732824	5.360942
0.163574	-0.040771	0.934082	-0.870229	1.083969	3.160305	5.371041
0.165527	-0.041260	0.936768	-0.541985	1.206107	2.648855	5.381681
0.161621	-0.029297	0.921387	-1.610687	1.770992	3.183206	5.391352
0.165283	-0.049805	0.933594	-2.541985	2.343511	3.274809	5.405055
0.167725	-0.048096	0.929688	-1.755725	2.717557	2.175573	5.415358
0.170410	-0.040771	0.936279	-1.587786	3.320611	2.068702	5.425494
0.167480	-0.048828	0.946533	-0.984733	2.496183	1.893130	5.436408
0.163086	-0.047852	0.943848	-0.351145	1.763359	1.320611	5.446401
0.164062	-0.038086	0.930908	-0.190840	1.290076	1.412214	5.456737
0.164062	-0.027344	0.927246	-0.839695	1.549618	1.885496	5.466987
0.161621	-0.035645	0.934570	-1.847328	1.175573	2.862595	5.477386
0.159668	-0.031738	0.933838	-2.816794	0.977099	3.213740	5.487307
0.169189	-0.034912	0.927734	-3.129771	1.351145	3.175573	5.497399
0.158203	-0.036133	0.934814	-3.587786	2.267176	3.847328	5.507183
0.169678	-0.047119	0.952637	-2.984733	1.977099	3.526718	5.517799
0.165283	-0.053711	0.950684	-1.213740	2.664122	2.648855	5.528347
0.165039	-0.052734	0.951660	-0.496183	2.328244	2.335878	5.538447
0.166016	-0.061279	0.958252	-0.114504	1.778626	1.381679	5.548460
0.168213	-0.054932	0.953613	-0.160305	1.404580	0.648855	5.558832
0.168213	-0.047607	0.950195	-0.908397	0.923664	0.435115	5.568853
0.169922	-0.036865	0.956299	-2.129771	1.282443	0.458015	5.579563
0.164307	-0.039062	0.959961	-3.274809	1.175573	0.610687	5.589677
0.166260	-0.030029	0.961914	-3.114504	1.229008	0.946565	5.599803
0.171387	-0.030518	0.961426	-1.648855	1.488550	0.900763	5.609586
0.162354	-0.030273	0.977051	-0.694656	1.190840	0.610687	5.619964
0.161133	-0.030273	0.965332	-0.816794	1.083969	0.809160	5.630326
0.159424	-0.025391	0.958008	0.175573	0.221374	1.129771	5.640632
0.167969	-0.025635	0.946533	-0.404580	0.526718	1.854962	5.650796
0.167725	-0.034180	0.952637	-0.900763	0.114504	1.778626	5.661098
0.165283	-0.033691	0.946777	-0.801527	-0.129771	1.473282	5.671031
0.160889	-0.027100	0.936279	-1.267176	0.633588	1.877863	5.681652
0.163086	-0.035156	0.939453	-1.610687	1.022901	2.236641	5.691896
0.166260	-0.031494	0.945801	-1.580153	0.946565	2.198473	5.701916
0.165771	-0.030762	0.947998	-2.412214	0.366412	2.496183	5.711977
0.159180	-0.034180	0.945557	-1.992366	-0.824427	2.549618	5.722425
0.170166	-0.046143	0.930176	-2.083969	-0.480916	2.450382	5.732741
0.166748	-0.041504	0.928955	-1.473282	-0.305344	1.679389	5.743103
0.168945	-0.046631	0.916504	-0.122137	0.374046	0.916031	5.753399
0.164307	-0.039062	0.917725	-0.167939	1.450382	0.809160	5.763837
0.161621	-0.041504	0.927246	-0.511450	2.175573	0.625954	5.774349
0.161865	-0.030762	0.928711	-0.923664	2.458015	0.664122	5.784705
0.161865	-0.031250	0.937012	-2.297710	1.893130	1.511450	5.795010
0.167236	-0.039307	0.936523	-3.083969	1.312977	1.778626	5.805413
0.165039	-0.040283	0.937012	-3.961832	1.282443	1.740458	5.815667
0.171387	-0.041992	0.926758	-3.534351	1.419847	1.267176	5.825913
0.165527	-0.049316	0.920654	-2.274809	2.183206	0.503817	5.836388
0.157227	-0.036133	0.926025	-1.129771	2.870229	-0.183206	5.846678
0.166260	-0.021240	0.940186	-1.015267	2.809160	-0.282443	5.856687
0.152344	-0.017578	0.942139	-1.954198	2.587786	0.664122	5.867156
0.159424	-0.018311	0.960205	-2.503817	2.076336	1.274809	5.877931
0.164551	-0.023926	0.962646	-3.038168	2.000000	1.954198	5.887966
0.159424	-0.024170	0.957275	-3.801527	1.282443	2.541985	5.897395
0.168945	-0.017090	0.950195	-3.297710	1.061069	2.129771	5.906636
0.161377	-0.036865	0.944580	-2.603053	1.038168	1.969466	5.916036
0.160889	-0.035400	0.934082	-2.122137	1.244275	1.984733	5.927050
0.165771	-0.036377	0.930664	-0.580153	1.755725	1.145038	5.937478
0.150391	-0.026123	0.938477	0.221374	2.519084	1.496183	5.947515
0.159912	-0.034668	0.949463	-0.496183	2.389313	1.946565	5.957809
0.156982	-0.029053	0.955078	-0.549618	1.923664	1.740458	5.968410
0.158203	-0.036133	0.944092	-1.351145	1.564885	1.702290	5.978945
0.152100	-0.036133	0.956787	-3.908397	1.625954	1.312977	5.989165
0.151367	-0.029053	0.950439	-1.580153	1.213740	1.664122	5.999417
0.154785	-0.038330	0.946045	-1.687023	0.916031	1.496183	6.009801
0.159912	-0.033203	0.936523	-1.832061	0.992366	1.870229	6.019545
0.162354	-0.033203	0.948730	-2.328244	1.427481	1.923664	6.030293
0.155029	-0.030518	0.924316	-1.893130	1.267176	2.061069	6.040435
0.164307	-0.039307	0.947754	-2.297710	1.748092	2.030534	6.050613
0.161377	-0.039551	0.963135	-2.091603	1.145038	1.580153	6.060732
0.163818	-0.037842	0.935547	-1.488550	1.374046	0.786260	6.071118
0.162354	-0.031006	0.944824	-1.015267	1.877863	1.114504	6.081742
0.166504	-0.030029	0.947754	-2.351145	1.946565	1.351145	6.092138
0.163086	-0.020264	0.938721	-1.335878	1.984733	1.305344	6.102426
0.162598	-0.004883	0.987549	-2.633588	2.122137	2.687023	6.112479
0.156006	-0.035645	0.960693	-2.229008	1.450382	2.770992	6.122277
0.165039	-0.032227	0.955811	-0.801527	0.717557	1.656489	6.132994
0.158936	-0.009766	0.948975	0.229008	1.305344	2.687023	6.143172
0.150391	-0.019043	0.937988	1.687023	1.419847	2.786260	6.153179
0.143311	-0.007812	0.974121	1.923664	1.748092	3.015267	6.163217
0.140625	-0.018066	0.938965	-3.480916	2.305344	4.236641	6.173548
0.148926	-0.021973	0.987305	1.946565	2.244275	0.305344	6.183855
0.159180	-0.006836	0.960205	3.412214	1.229008	2.511450	6.194071
0.144287	0.039795	0.995605	3.183206	-0.396947	6.992366	6.204300
0.156250	-0.031982	0.950439	-3.770992	-3.015267	9.511450	6.214431
0.161621	-0.048828	0.940918	-0.572519	-2.206107	7.312977	6.224513
0.163330	-0.020020	0.929199	1.748092	-1.702290	6.442748	6.234842
0.165771	-0.020752	0.943604	0.068702	-1.129771	8.167939	6.244806
0.168213	-0.052002	0.952881	-0.687023	-1.213740	7.297710	6.255218
0.171387	-0.044678	0.940918	0.022901	-1.854962	5.687023	6.265475
0.171387	-0.042969	0.930664	0.320611	-0.519084	5.465649	6.275960
0.172119	-0.043457	0.939941	-0.961832	-0.488550	5.923664	6.286276
0.168701	-0.060547	0.925781	-1.641221	-0.229008	4.832061	6.296562
0.174561	-0.057129	0.922852	-0.908397	0.778626	3.725191	6.306962
0.171143	-0.047607	0.933350	-0.748092	1.183206	2.725191	6.317106
0.166992	-0.044434	0.930908	-0.259542	1.038168	2.549618	6.327468
0.171143	-0.045654	0.933105	-1.938931	1.648855	2.213740	6.337703
0.163574	-0.038574	0.924072	0.854962	0.969466	1.801527	6.347923
0.168945	-0.027588	0.923584	1.450382	1.404580	1.450382	6.357780
0.164307	-0.019775	0.935791	0.610687	2.076336	2.114504	6.367918
0.161865	-0.038330	0.950928	-1.152672	0.648855	2.358779	6.378758
0.169434	-0.031006	0.951904	-1.244275	-0.885496	1.770992	6.389122
0.167969	-0.018311	0.937256	-1.809160	-0.847328	2.343511	6.399466
0.158203	-0.052002	0.927002	-2.053435	-0.251908	2.442748	6.409637
0.171631	-0.044189	0.920166	-1.122137	0.442748	1.396947	6.419718
0.171875	-0.040039	0.920410	-1.396947	1.725191	1.206107	6.430396
0.170410	-0.049316	0.926270	-2.511450	2.129771	0.992366	6.440793
0.172607	-0.041016	0.942139	-2.343511	2.572519	0.335878	6.450855
0.174561	-0.034668	0.943359	-3.427481	2.786260	0.557252	6.461140
0.168457	-0.043213	0.954102	-3.526718	2.251908	0.160305	6.471475
0.172119	-0.037354	0.961914	-3.412214	2.274809	-0.183206	6.482137
0.170166	-0.028320	0.962891	-3.404580	1.465649	-0.106870	6.492269
0.169678	-0.035645	0.948975	-3.030534	0.671756	0.038168	6.502500
0.163330	-0.023926	0.938232	-2.801527	1.213740	0.465649	6.512604
0.159668	-0.032959	0.946533	-3.099237	1.770992	0.946565	6.522755
0.162354	-0.035156	0.954346	-4.259542	1.480916	1.099237	6.532657
0.162354	-0.033447	0.945068	-3.847328	1.274809	0.572519	6.542336
0.164307	-0.027832	0.948242	-4.450382	1.641221	0.954198	6.551820
0.165283	-0.031250	0.954102	-3.969466	1.450382	0.480916	6.562899
0.160400	-0.033447	0.954834	-2.992366	1.526718	0.129771	6.573221
0.164795	-0.030273	0.964844	-2.862595	1.045802	0.137405	6.583785
0.165771	-0.026855	0.948730	-2.992366	0.274809	0.030534	6.593834
0.159668	-0.037109	0.950928	-2.717557	-0.603053	-0.312977	6.604232
0.158691	-0.023438	0.922607	-1.435115	0.580153	-0.129771	6.614745
0.163086	-0.024902	0.933838	-1.083969	1.213740	0.404580	6.624950
0.154785	-0.026367	0.950195	-1.809160	0.625954	0.610687	6.635270
0.160400	-0.018311	0.937744	-3.473282	0.496183	1.244275	6.645732
0.159912	-0.035645	0.935547	-5.435115	0.129771	1.809160	6.656093
0.158691	-0.041016	0.932861	-5.152672	0.328244	1.587786	6.666018
0.166016	-0.039307	0.942139	-3.854962	0.969466	1.213740	6.676675
0.160889	-0.050049	0.936279	-3.648855	1.190840	0.343511	6.687259
0.163818	-0.043945	0.934814	-2.427481	2.015267	-0.816794	6.697445
0.163574	-0.020508	0.944336	-1.519084	2.610687	-0.908397	6.707753
0.162598	-0.029053	0.963867	-2.091603	2.381679	-0.160305	6.717815
0.155273	-0.040039	0.963135	-1.854962	1.343511	-0.656489	6.727425
0.155518	-0.018311	0.956055	-1.450382	0.549618	-0.961832	6.737440
0.151123	-0.021240	0.933350	-1.259542	0.977099	-0.190840	6.748066
0.145508	-0.024170	0.959717	-0.328244	0.809160	0.503817	6.758391
0.155762	-0.021240	0.938965	-0.083969	1.007634	1.198473	6.768614
0.150635	-0.020508	0.939697	-0.160305	0.938931	1.541985	6.778884
0.154541	-0.041016	0.926758	0.977099	1.740458	1.312977	6.789312
0.147217	-0.019043	0.929688	2.152672	2.877863	1.122137	6.799243
0.155273	-0.017090	0.928467	2.442748	3.274809	1.465649	6.809618
0.158691	-0.016113	0.931885	2.839695	4.267176	1.900763	6.819744
0.159424	-0.018311	0.947754	1.908397	4.992366	2.488550	6.829936
0.160156	-0.023438	0.970703	0.351145	4.145038	2.725191	6.839725
0.166016	-0.037842	0.954590	0.282443	3.633588	2.450382	6.850275
0.172363	-0.045166	0.953125	1.167939	3.167939	1.083969	6.860362
0.170898	-0.032959	0.961914	1.916031	3.511450	0.328244	6.870588
0.171143	-0.023438	0.961914	1.122137	2.503817	0.282443	6.881070
0.172852	-0.018799	0.973389	0.007634	1.732824	0.671756	6.891654
0.167236	-0.027100	0.968262	-1.900763	0.022901	0.870229	6.901834
0.162598	-0.018311	0.954102	-2.587786	-0.748092	0.534351	6.912051
0.168213	-0.018311	0.935303	-3.267176	-0.664122	1.259542	6.922574
0.164795	-0.016602	0.939209	-3.175573	0.007634	1.824427	6.932857
0.165283	-0.020752	0.953125	-3.435115	0.458015	2.244275	6.942816
0.161133	-0.030273	0.945068	-3.145038	-0.106870	1.938931	6.952826
0.157715	-0.032715	0.938721	-2.648855	-0.114504	1.351145	6.963134
0.160645	-0.033447	0.942139	-2.793893	-0.198473	1.458015	6.973302
0.152344	-0.032471	0.946289	-2.801527	-0.541985	0.992366	6.983549
0.157959	-0.030762	0.930420	-2.946565	-0.893130	0.664122	6.994106
0.163574	-0.020508	0.947510	-3.320611	-1.282443	0.671756	7.004306
0.160400	-0.023193	0.936768	-4.274809	-1.305344	0.893130	7.014896
0.166260	-0.020020	0.932373	-4.343511	-1.206107	0.946565	7.025136
0.162598	-0.021729	0.928223	-4.374046	-0.343511	1.236641	7.035919
0.169922	-0.027344	0.917725	-3.893130	0.099237	1.435115	7.046090
0.168213	-0.022461	0.944580	-3.038168	0.030534	1.450382	7.056656
0.163330	-0.027100	0.945557	-3.847328	-0.175573	2.137405	7.067105
0.162109	-0.033691	0.946289	-4.687023	-0.977099	2.450382	7.077605
0.165039	-0.030273	0.941650	-4.954198	-1.770992	2.404580	7.088042
0.166748	-0.030029	0.923340	-5.083969	-2.091603	2.656489	7.098768
0.158936	-0.032715	0.927490	-5.335878	-0.969466	2.847328	7.108363
0.161621	-0.047852	0.906738	-3.801527	0.229008	1.862595	7.118962
0.162354	-0.040283	0.922119	-2.083969	1.748092	1.297710	7.129245
0.165039	-0.042725	0.923096	-1.900763	2.122137	1.229008	7.139012
0.170410	-0.039062	0.935059	-0.038168	2.206107	0.725191	7.148455
0.170410	-0.033691	0.943115	-2.366412	1.923664	0.664122	7.158509
0.163818	-0.030029	0.934082	-3.366412	1.198473	0.839695	7.169198
0.166016	-0.030029	0.930176	-3.259542	1.351145	1.282443	7.179008
0.169189	-0.039062	0.953369	-2.977099	1.297710	1.076336	7.188403
0.169922	-0.041016	0.954102	-3.076336	0.480916	0.740458	7.199220
0.167725	-0.033691	0.935791	-3.213740	0.022901	0.702290	7.209467
0.171143	-0.031982	0.927979	-3.435115	0.740458	0.931298	7.219660
0.166016	-0.046631	0.918945	-2.412214	1.122137	0.847328	7.229996
0.161621	-0.042725	0.918945	-2.007634	3.893130	0.816794	7.240302
0.159668	-0.039062	0.936279	-2.473282	2.351145	0.625954	7.250275
0.157227	-0.040527	0.930908	-3.358779	2.396947	0.404580	7.260854
0.165039	-0.040039	0.919434	-4.122137	2.450382	0.343511	7.271324
0.160156	-0.037842	0.929688	-4.175573	3.129771	0.366412	7.281513
0.165283	-0.046875	0.946045	-4.091603	2.862595	-0.328244	7.291750
0.169922	-0.037109	0.950439	-4.122137	2.564885	-0.969466	7.302014
0.166504	-0.024902	0.948242	-4.458015	3.045802	-0.435115	7.312427
0.169922	-0.023438	0.977539	-4.664122	2.229008	-0.236641	7.322161
0.166016	-0.035645	0.967041	-3.030534	1.740458	-0.450382	7.332735
0.162842	-0.018799	0.969238	-2.549618	1.251908	-0.503817	7.342881
0.152588	-0.023438	0.969971	-2.625954	0.450382	0.396947	7.353061
0.165771	-0.016602	0.974609	-1.541985	0.541985	0.007634	7.363252
0.153076	-0.016113	0.954834	-2.854962	-0.015267	1.000000	7.373585
0.156006	-0.016602	0.964600	-2.106870	0.083969	1.236641	7.384264
0.159668	-0.026855	0.961670	-2.335878	-0.351145	1.557252	7.394384
0.160400	-0.028076	0.941162	-1.587786	-0.244275	1.519084	7.407406
0.161377	-0.025879	0.956299	-2.053435	-0.358779	1.419847	7.417784
0.160400	-0.023682	0.941895	-2.603053	-1.083969	0.992366	7.428143
0.166504	-0.029541	0.931641	-2.068702	-0.748092	1.030534	7.438052
0.168701	-0.024902	0.941895	-1.404580	-0.198473	1.183206	7.448604
0.168213	-0.033936	0.945557	-1.664122	0.114504	1.351145	7.458717
0.171875	-0.027344	0.963867	-2.145038	-0.496183	1.007634	7.469040
0.166504	-0.025635	0.950439	-3.442748	-1.122137	1.580153	7.479606
0.160645	-0.038086	0.950928	-3.450382	-1.465649	1.816794	7.489469
0.170410	-0.044189	0.931885	-2.694656	-0.809160	1.351145	7.500012
0.165771	-0.033936	0.949707	-2.992366	0.114504	1.259542	7.510381
0.168213	-0.034180	0.932373	-3.885496	0.083969	0.709924	7.520663
0.159424	-0.029541	0.928711	-1.061069	0.198473	1.374046	7.530845
0.162109	-0.029785	0.935547	-1.656489	0.175573	1.496183	7.540572
0.157959	-0.029541	0.924805	-0.778626	0.061069	1.549618	7.550910
0.163574	-0.032227	0.918457	-1.687023	0.251908	2.129771	7.561067
0.172119	-0.039795	0.928223	-1.671756	0.984733	2.404580	7.571363
0.166260	-0.022217	0.925781	-0.778626	1.549618	2.419847	7.581736
0.162842	-0.047363	0.921143	-2.656489	1.786260	2.641221	7.591909
0.161865	-0.041016	0.942871	-1.435115	1.687023	1.832061	7.602436
0.158936	-0.046875	0.942627	-0.954198	1.564885	1.595420	7.612565
0.159424	-0.042969	0.929443	-0.763359	1.045802	1.664122	7.623073
0.164551	-0.038574	0.933350	-1.854962	0.564885	1.572519	7.633592
0.169434	-0.038086	0.932373	-4.725191	1.167939	2.106870	7.643655
0.165527	-0.052002	0.926758	-4.541985	1.534351	1.641221	7.653808
0.166260	-0.050293	0.931152	-2.404580	2.572519	1.145038	7.664002
0.173828	-0.037842	0.952148	-1.534351	2.549618	1.061069	7.674175
0.167969	-0.044434	0.952881	-2.129771	2.755725	1.343511	7.684653
0.160156	-0.044678	0.963379	-3.106870	2.412214	1.717557	7.694768
0.174805	-0.048828	0.957764	-2.175573	2.305344	1.450382	7.705011
0.166992	-0.038330	0.960205	-1.969466	1.946565	1.503817	7.714750
0.173828	-0.040283	0.956543	-3.511450	1.030534	1.442748	7.725251
0.168701	-0.052490	0.937500	-2.488550	1.282443	0.641221	7.735860
0.172363	-0.045166	0.952881	-3.908397	1.267176	0.610687	7.745717
0.175781	-0.051758	0.945801	-0.427481	1.320611	0.221374	7.756302
0.174805	-0.032471	0.951660	1.931298	1.603053	-0.015267	7.766595
0.170898	-0.026611	0.964355	-2.732824	1.145038	0.648855	7.777243
0.168701	-0.040771	0.951416	-3.526718	0.480916	0.419847	7.787425
0.165283	-0.025146	0.949951	-3.740458	1.083969	0.709924	7.797615
0.163574	-0.032715	0.956055	-4.374046	0.877863	1.755725	7.808169
0.168457	-0.045898	0.955566	-3.992366	0.389313	1.450382	7.817625
0.171631	-0.043701	0.952881	-3.114504	-0.305344	0.793893	7.827484
0.157959	-0.037354	0.946045	-2.656489	-0.480916	0.992366	7.838120
0.163086	-0.042236	0.943604	-2.091603	-0.083969	1.053435	7.848037
0.155762	-0.041748	0.930908	-2.022901	0.114504	0.938931	7.858327
0.161133	-0.035645	0.927002	-2.923664	0.427481	1.000000	7.868438
0.158447	-0.037842	0.925293	-4.687023	-0.114504	1.290076	7.879290
0.154785	-0.033691	0.911377	-5.450382	0.526718	1.160305	7.889435
0.156738	-0.036377	0.910400	-5.480916	2.038168	1.328244	7.899689
0.160400	-0.047607	0.935547	-5.374046	2.877863	1.259542	7.910056
0.160889	-0.047363	0.960205	-3.572519	2.908397	0.335878	7.920161
0.164795	-0.034912	0.962646	-2.664122	2.290076	0.282443	7.930828
0.158691	-0.028809	0.961426	-1.908397	2.022901	-0.114504	7.940924
0.161377	-0.021973	0.960205	-1.137405	1.992366	0.328244	7.950809
0.154297	-0.021729	0.960205	-1.496183	1.083969	1.541985	7.961107
0.162354	-0.019287	0.964355	-0.900763	0.076336	1.954198	7.971270
0.165283	-0.026367	0.951172	-1.755725	-1.061069	2.503817	7.981673
0.162354	-0.031738	0.922607	-1.908397	-0.725191	2.603053	7.991876
0.166016	-0.036865	0.934814	-1.877863	-0.175573	2.984733	8.001628
0.164307	-0.042725	0.936523	-2.160305	-0.038168	3.335878	8.012152
0.168457	-0.044434	0.932129	-2.068702	-0.282443	2.862595	8.022614
0.174072	-0.047852	0.932129	-2.465649	0.351145	2.595420	8.033128
0.169922	-0.058350	0.922363	-2.435115	0.786260	2.717557	8.043431
0.164795	-0.053711	0.938232	-1.839695	1.145038	2.175573	8.052837
0.182129	-0.054199	0.936768	-1.221374	1.045802	1.488550	8.062298
0.169434	-0.054199	0.942139	-1.427481	1.618321	1.610687	8.071426
0.176270	-0.054443	0.939941	-1.633588	1.442748	1.320611	8.082523
0.167969	-0.053711	0.928955	-1.305344	2.053435	1.061069	8.092636
0.164795	-0.060059	0.926025	-0.549618	2.442748	0.763359	8.102850
0.166016	-0.042236	0.951660	-0.610687	2.404580	0.679389	8.113138
0.165527	-0.049805	0.939697	-1.076336	2.297710	0.603053	8.123337
0.172852	-0.040283	0.926758	-1.206107	2.061069	0.137405	8.133613
0.162842	-0.044678	0.943115	-2.435115	2.305344	0.519084	8.144011
0.169922	-0.045166	0.942383	-3.725191	1.839695	1.244275	8.153964
0.169434	-0.052979	0.951416	-3.908397	1.015267	0.916031	8.164476
0.164551	-0.047363	0.948242	-2.549618	1.175573	0.343511	8.174168
0.162842	-0.040039	0.942627	-1.450382	3.900763	0.229008	8.184871
0.168701	-0.038574	0.934570	-1.152672	2.534351	-0.160305	8.194925
0.167480	-0.029297	0.947510	-1.274809	2.442748	0.045802	8.204945
0.166992	-0.032715	0.942383	-1.572519	2.664122	0.145038	8.215221
0.166504	-0.028564	0.942139	-1.374046	2.221374	0.328244	8.225722
0.170410	-0.012451	0.958496	-3.816794	1.412214	1.595420	8.235963
0.166016	-0.043213	0.954834	-3.175573	1.167939	1.679389	8.246543
0.169922	-0.037598	0.947266	-2.732824	1.091603	1.282443	8.256422
0.163818	-0.033203	0.952148	-3.007634	1.221374	2.053435	8.266717
0.166504	-0.054932	0.966064	-1.893130	0.687023	1.496183	8.277448
0.164551	-0.032715	0.950195	-1.412214	-0.114504	1.137405	8.287613
0.164795	-0.032959	0.935547	-2.526718	0.488550	2.267176	8.297825
0.161133	-0.047363	0.940674	-2.328244	0.496183	1.717557	8.307953
0.172119	-0.049561	0.937988	-2.251908	0.297710	1.175573	8.318521
0.167969	-0.039795	0.941650	-2.793893	1.114504	0.854962	8.328786
0.166992	-0.049805	0.938965	-2.679389	1.709924	0.832061	8.339136
0.166992	-0.041992	0.946777	-1.740458	1.755725	0.244275	8.349159
0.163330	-0.042236	0.967773	-1.656489	1.083969	0.221374	8.359220
0.166504	-0.030029	0.961914	-0.801527	0.541985	0.091603	8.369700
0.157227	-0.023926	0.949463	-1.450382	-0.473282	0.862595	8.380027
0.156494	-0.023193	0.939209	-2.190840	0.122137	1.442748	8.389674
0.158691	-0.033203	0.932373	-2.595420	0.229008	1.832061	8.399004
0.161621	-0.041016	0.940186	-2.938931	1.946565	1.961832	8.410025
0.161621	-0.034424	0.937500	-2.954198	-0.320611	1.885496	8.420311
0.162354	-0.039795	0.927002	-3.801527	0.122137	2.091603	8.431240
0.163818	-0.046875	0.932373	-3.038168	0.244275	1.984733	8.441165
0.170166	-0.047119	0.922852	-1.732824	0.282443	1.587786	8.451039
0.160156	-0.039551	0.921631	-1.343511	1.221374	1.656489	8.460500
0.157471	-0.051758	0.928467	-1.450382	1.961832	1.473282	8.470079
0.157471	-0.046875	0.935059	-0.900763	1.519084	0.755725	8.480893
0.161377	-0.040039	0.932617	-2.068702	1.320611	0.839695	8.491448
0.160400	-0.041748	0.925781	-2.702290	1.190840	1.106870	8.501501
0.169189	-0.041504	0.912842	-3.007634	0.900763	1.465649	8.511026
0.165283	-0.046631	0.919434	-3.335878	1.938931	1.587786	8.521553
0.172852	-0.052002	0.918457	-3.045802	2.694656	1.122137	8.531877
0.171143	-0.047119	0.931885	-3.106870	2.931298	1.007634	8.542947
0.166748	-0.038574	0.948975	-4.305344	1.946565	1.374046	8.553233
0.169678	-0.051025	0.952148	-4.847328	1.969466	1.076336	8.563173
0.166016	-0.054932	0.946045	-3.938931	1.793893	0.473282	8.573567
0.168457	-0.056641	0.951172	-2.618321	2.015267	-0.374046	8.584084
0.163574	-0.033691	0.941162	-2.961832	2.335878	0.022901	8.594282
0.164307	-0.047852	0.962158	-3.007634	2.633588	0.198473	8.604186
0.176270	-0.037109	0.966797	-2.679389	-1.946565	-1.053435	8.613985
0.163330	-0.027344	0.969971	-2.206107	0.763359	0.648855	8.624436
0.161133	-0.021484	0.970459	-4.351145	-1.946565	1.748092	8.634921
0.152100	-0.050293	0.927734	-1.687023	0.206107	0.221374	8.645220
0.158936	-0.011719	0.921387	-1.488550	0.755725	1.312977	8.655771
0.165039	-0.049072	0.937744	-1.847328	0.000000	3.022901	8.665458
0.173096	-0.058838	0.966064	-2.022901	1.717557	2.221374	8.676032
0.163574	-0.047852	0.954102	-1.419847	0.793893	1.381679	8.686539
0.166504	-0.045654	0.945312	-1.885496	0.862595	1.236641	8.696794
0.164307	-0.050537	0.943604	-1.854962	1.152672	1.519084	8.707063
0.161865	-0.042236	0.936279	-0.725191	1.496183	1.007634	8.717111
0.155273	-0.047852	0.935303	-0.603053	2.000000	1.045802	8.727705
0.152588	-0.028564	0.949219	-0.778626	1.099237	0.854962	8.737808
0.171387	-0.046143	0.935547	-1.770992	1.022901	2.282443	8.748087
0.166504	-0.037598	0.951172	-3.740458	0.229008	2.221374	8.758209
0.159424	-0.040771	0.942871	-6.267176	-0.488550	3.167939	8.768465
0.172607	-0.066895	0.907227	-4.053435	0.931298	2.022901	8.779186
0.172852	-0.052979	0.935303	-2.587786	1.725191	1.045802	8.789353
0.167969	-0.052246	0.943848	-1.954198	2.809160	1.206107	8.799809
0.167969	-0.059814	0.964844	-1.824427	2.648855	0.259542	8.809877
0.165771	-0.042725	0.962891	-1.541985	1.816794	-0.274809	8.819848
0.162109	-0.036621	0.945557	-2.091603	1.381679	0.488550	8.830265
0.162354	-0.035889	0.948486	-1.816794	2.091603	0.366412	8.840482
0.164551	-0.039551	0.966553	-1.984733	1.335878	0.893130	8.850686
0.164062	-0.038574	0.961914	-0.816794	0.900763	0.473282	8.860860
0.155762	-0.030029	0.953369	-1.412214	0.366412	1.061069	8.871148
0.160645	-0.039307	0.945801	-2.335878	0.038168	1.358779	8.882076
0.163086	-0.034912	0.947998	-2.328244	0.450382	1.358779	8.892228
0.159912	-0.039307	0.947754	-2.076336	0.877863	1.732824	8.902467
0.164307	-0.045410	0.959473	-1.709924	-0.038168	1.442748	8.912700
0.161133	-0.039551	0.954102	-2.351145	0.259542	1.473282	8.922575
0.164551	-0.029297	0.939697	-2.625954	0.488550	2.145038	8.933368
0.161621	-0.034180	0.952637	-2.305344	-0.213740	2.496183	8.943792
0.161621	-0.046875	0.951660	-1.687023	-0.435115	2.572519	8.953987
0.159668	-0.041748	0.943604	-1.229008	-0.893130	1.748092	8.964006
0.161865	-0.043701	0.936768	-1.931298	-0.664122	2.038168	8.973573
0.161621	-0.036133	0.939697	-1.908397	-0.580153	2.412214	8.983711
0.161621	-0.039062	0.935059	-1.412214	-0.152672	2.755725	8.994928
0.161133	-0.050537	0.944336	-1.198473	-0.412214	2.671756	9.005118
0.161621	-0.045654	0.935059	-1.496183	-0.725191	2.824427	9.015355
0.161377	-0.039062	0.934326	-4.297710	-0.358779	3.496183	9.025711
0.169922	-0.054199	0.928467	-4.343511	-0.480916	2.969466	9.036418
0.167725	-0.050781	0.927979	-2.297710	-0.206107	2.419847	9.046707
0.175293	-0.061768	0.953125	-1.175573	0.083969	2.458015	9.056714
0.168701	-0.042725	0.950195	-1.045802	-0.633588	1.473282	9.067147
0.165283	-0.045410	0.932373	-1.297710	0.305344	1.480916	9.077644
0.169434	-0.052490	0.932617	-2.167939	0.595420	1.664122	9.087830
0.168457	-0.048584	0.936035	-2.091603	0.305344	1.580153	9.097174
0.168701	-0.047119	0.926025	-1.786260	-0.122137	1.236641	9.107441
0.167725	-0.045654	0.916260	-1.877863	0.770992	1.832061	9.117455
0.166260	-0.054443	0.931641	-2.526718	1.412214	2.267176	9.127912
0.161865	-0.058594	0.925781	-3.007634	1.114504	2.137405	9.138218
0.167236	-0.068359	0.921143	-1.748092	1.404580	1.320611	9.148278
0.170410	-0.048828	0.930176	-1.251908	1.694656	0.343511	9.158853
0.185059	-0.046387	0.934814	-2.763359	2.038168	1.076336	9.168987
0.166992	-0.051270	0.926270	-4.122137	2.206107	1.236641	9.179383
0.171631	-0.058105	0.934326	-3.732824	2.534351	0.465649	9.189970
0.161133	-0.056885	0.939209	-2.129771	3.526718	0.335878	9.200186
0.168457	-0.041748	0.966309	-2.343511	2.656489	0.061069	9.210562
0.175537	-0.065918	0.952881	-0.320611	3.687023	1.931298	9.220978
0.171143	-0.041992	0.965088	-3.297710	2.229008	0.068702	9.231138
0.160156	-0.042480	0.961914	-1.832061	2.335878	0.496183	9.241454
0.163574	-0.047363	0.979492	-0.870229	1.442748	0.412214	9.251747
0.168457	-0.036865	0.980225	-0.793893	-0.167939	0.641221	9.262171
0.169189	-0.042725	0.971436	-1.465649	-0.473282	0.748092	9.272541
0.166748	-0.051514	0.957520	-1.267176	-0.473282	1.404580	9.282607
0.153076	-0.034912	0.954834	-0.038168	-0.877863	1.656489	9.292873
0.178223	-0.062988	0.925537	-1.824427	0.458015	1.595420	9.303118
0.159180	-0.053955	0.940918	-1.259542	0.106870	0.893130	9.313339
0.149902	-0.059326	0.939453	0.526718	2.053435	0.786260	9.323417
0.167725	-0.049072	0.932617	-4.595420	0.175573	1.541985	9.333428
0.153320	-0.037354	0.964111	-4.229008	-0.427481	1.290076	9.343619
0.184814	-0.065430	0.947266	-2.908397	-0.916031	2.038168	9.354006
0.173828	-0.041504	0.933594	-5.305344	-2.015267	1.312977	9.364390
0.169678	-0.051758	0.940430	-3.580153	1.015267	1.083969	9.374557
0.175537	-0.043457	0.939453	-0.572519	1.366412	0.557252	9.384434
0.177490	-0.037842	0.957275	-1.312977	0.938931	1.007634	9.394784
0.171143	-0.044189	0.938232	-3.893130	-0.450382	0.419847	9.408463
0.161133	-0.037354	0.930176	-1.564885	-0.290076	-0.198473	9.418810
0.166016	-0.026367	0.938965	-3.404580	-0.763359	1.511450	9.429119
0.174805	-0.042480	0.943604	-4.458015	-1.641221	2.267176	9.439444
0.186523	-0.053955	0.929932	-2.236641	-0.679389	1.862595	9.449580
0.160889	-0.052490	0.918457	-1.900763	-0.145038	0.816794	9.459682
0.170898	-0.061523	0.898682	0.374046	1.534351	-0.282443	9.470098
0.165039	-0.039062	0.950439	-0.190840	1.068702	-0.145038	9.480733
0.166016	-0.057861	0.961426	3.839695	2.320611	-0.488550	9.491365
0.167969	-0.043457	0.939453	-0.671756	-0.045802	-0.656489	9.501669
0.172852	-0.031494	0.927979	-3.099237	-0.473282	0.419847	9.511762
0.164307	-0.039062	0.914062	-2.534351	0.732824	0.717557	9.522099
0.161621	-0.043701	0.910400	-2.244275	2.122137	1.183206	9.532346
0.167969	-0.050049	0.925781	-1.931298	2.106870	1.038168	9.542690
0.167236	-0.052734	0.934082	-1.358779	2.480916	0.809160	9.553136
0.168213	-0.049316	0.936523	-2.122137	1.969466	0.801527	9.563101
0.165283	-0.052246	0.939941	-1.358779	1.977099	0.511450	9.573702
0.170654	-0.052246	0.932617	-1.045802	2.114504	0.358779	9.583931
0.168213	-0.042236	0.956299	-3.908397	1.427481	0.312977	9.594310
0.178711	-0.039307	0.930420	-2.732824	1.725191	0.687023	9.604171
0.166748	-0.038818	0.943604	-3.694656	2.297710	1.442748	9.614657
0.165283	-0.045166	0.942383	-4.122137	2.106870	2.030534	9.624941
0.168701	-0.052490	0.942383	-3.748092	1.755725	1.198473	9.635205
0.169434	-0.053711	0.937012	-3.251908	1.984733	1.442748	9.645663
0.165771	-0.048828	0.948975	-2.641221	2.106870	1.167939	9.656110
0.166748	-0.065186	0.957520	-1.832061	2.221374	0.885496	9.666497
0.162354	-0.050537	0.955566	-1.740458	1.877863	0.549618	9.676887
0.172852	-0.041504	0.960693	-3.503817	1.007634	1.381679	9.687329
0.169434	-0.049561	0.957520	-2.633588	1.015267	1.068702	9.697178
0.169434	-0.037842	0.940186	-3.083969	-0.061069	0.938931	9.707408
0.175537	-0.056396	0.937988	-3.061069	0.320611	1.175573	9.717964
0.173340	-0.055908	0.938965	-2.396947	0.458015	0.519084	9.728320
0.171387	-0.041992	0.930664	-2.259542	0.755725	0.236641	9.738506
0.168213	-0.039062	0.923828	-4.519084	0.748092	0.832061	9.748489
0.177002	-0.037598	0.946533	-3.030534	0.969466	1.000000	9.758170
0.167969	-0.034912	0.954834	-4.183206	-0.213740	1.435115	9.769085
0.166016	-0.044678	0.943604	-4.183206	-0.893130	1.175573	9.779319
0.165039	-0.050293	0.923584	-2.473282	0.885496	0.931298	9.789904
0.162598	-0.060059	0.927246	-0.824427	2.679389	1.343511	9.800138
0.151855	-0.043457	0.943604	-1.847328	0.648855	0.870229	9.810131
0.166016	-0.045898	0.931885	-2.732824	1.274809	1.274809	9.820469
0.164307	-0.040527	0.945312	-4.030534	0.786260	1.465649	9.830656
0.165771	-0.046875	0.937988	-4.328244	0.259542	1.534351	9.841131
0.171387	-0.052490	0.923584	-4.755725	0.732824	2.000000	9.851246
0.165771	-0.057373	0.939941	-2.473282	1.946565	1.748092	9.861772
0.168945	-0.049561	0.940674	-2.000000	2.167939	1.160305	9.872131
0.161621	-0.046631	0.943359	-2.603053	2.549618	1.160305	9.882280
0.166016	-0.054688	0.948486	-2.152672	2.778626	1.022901	9.892518
0.174561	-0.049805	0.957275	-1.847328	2.122137	1.106870	9.902674
0.168945	-0.041748	0.964111	-1.770992	1.725191	0.893130	9.912716
0.165283	-0.046631	0.944580	-2.213740	1.816794	1.290076	9.923162
0.164795	-0.036865	0.945068	-2.267176	1.732824	1.519084	9.933485
0.165283	-0.036621	0.957275	-2.839695	0.648855	2.541985	9.943819
0.166992	-0.049316	0.953613	-3.152672	-0.458015	3.045802	9.954209
0.163574	-0.053223	0.947021	-2.954198	-1.274809	2.564885	9.964464
0.165283	-0.050049	0.926270	-2.282443	-0.664122	2.305344	9.974827
0.168701	-0.062988	0.930908	-2.404580	0.992366	2.587786	9.985020
0.167725	-0.063477	0.953857	-2.015267	1.061069	1.977099	9.995092
0.165527	-0.055420	0.944336	-0.015267	0.427481	1.297710	10.005163
0.172363	-0.044922	0.934570	-2.442748	1.114504	1.900763	10.015525
0.170654	-0.050049	0.948730	-2.793893	1.587786	2.274809	10.025822
0.176758	-0.031494	0.952148	-2.274809	1.809160	2.312977	10.036114
0.169434	-0.052246	0.960938	-3.465649	0.977099	2.793893	10.046163
0.170898	-0.066895	0.954102	-3.480916	1.938931	2.603053	10.056649
0.172607	-0.062988	0.937744	-2.908397	-0.213740	1.885496	10.066746
0.169678	-0.067139	0.942139	-2.885496	0.297710	2.236641	10.076989
0.172607	-0.068604	0.947021	-2.236641	0.709924	1.763359	10.087633
0.176514	-0.062256	0.948730	-1.236641	0.580153	1.137405	10.097832
0.174072	-0.063721	0.954346	-2.274809	0.389313	1.267176	10.108314
0.176514	-0.054199	0.953125	-2.480916	0.183206	1.122137	10.118847
0.182373	-0.052246	0.970459	-2.938931	-0.541985	1.328244	10.129157
0.171387	-0.048584	0.965332	-4.832061	-1.427481	1.931298	10.139511
0.177734	-0.069824	0.948975	-5.167939	-1.610687	1.992366	10.149737
0.173340	-0.059570	0.951416	-3.526718	-1.114504	1.580153	10.159944
0.176270	-0.052734	0.950439	-1.961832	-0.816794	1.389313	10.170303
0.171143	-0.052002	0.939209	-1.625954	-0.580153	1.396947	10.180446
0.171875	-0.055420	0.943115	-1.366412	-0.557252	1.603053	10.191005
0.160156	-0.067383	0.943115	1.725191	0.290076	0.045802	10.201235
0.166260	-0.038818	0.933594	-1.786260	-0.809160	1.786260	10.211378
0.170898	-0.050049	0.941162	-2.236641	-0.687023	2.557252	10.221608
0.168213	-0.056396	0.928467	-2.534351	-1.366412	2.305344	10.231673
0.169922	-0.045654	0.915527	-2.427481	-0.763359	2.282443	10.241693
0.169434	-0.052246	0.918457	-3.412214	0.473282	2.938931	10.252451
0.157227	-0.067871	0.927734	-3.099237	0.625954	2.335878	10.262617
0.174561	-0.054443	0.923828	-3.129771	0.389313	2.183206	10.273093
0.174316	-0.061279	0.920654	-3.664122	0.648855	2.480916	10.283371
0.174316	-0.068115	0.925537	-3.282443	0.557252	1.839695	10.293339
0.165527	-0.062744	0.932373	-1.900763	1.152672	1.290076	10.303496
0.173584	-0.060791	0.923096	-1.595420	1.816794	1.458015	10.314023
0.165039	-0.058350	0.930176	-2.015267	1.671756	1.045802	10.324596
0.170410	-0.054199	0.938721	-2.145038	1.366412	0.862595	10.334895
0.167969	-0.057861	0.925049	-2.694656	1.351145	1.480916	10.345354
0.167969	-0.056396	0.939209	-3.221374	0.748092	1.610687	10.355716
0.177246	-0.062988	0.926758	-2.328244	1.549618	1.412214	10.366136
0.169922	-0.055176	0.931152	-2.412214	1.862595	1.290076	10.376349
0.170166	-0.062012	0.934326	-2.916031	2.290076	1.809160	10.385782
0.167725	-0.058594	0.934082	-2.580153	2.015267	1.648855	10.395938
0.171631	-0.065186	0.941162	-2.740458	2.183206	1.480916	10.406647
0.172119	-0.058594	0.950684	-3.557252	1.923664	1.832061	10.416880
0.170654	-0.064453	0.938232	-2.511450	1.832061	1.091603	10.427109
0.168457	-0.060303	0.944336	-2.198473	1.877863	1.320611	10.437385
0.168213	-0.070801	0.944092	-1.374046	1.374046	0.694656	10.448042
0.163086	-0.064941	0.928711	-0.412214	1.809160	-1.954198	10.458170
0.169678	-0.053955	0.929688	-1.160305	1.961832	0.557252	10.468367
0.161133	-0.061523	0.933105	-2.519084	2.213740	0.931298	10.479447
0.169434	-0.061523	0.924561	-3.183206	2.618321	0.893130	10.489674
0.170898	-0.051514	0.941895	-4.839695	2.671756	1.732824	10.500315
0.176758	-0.065674	0.948242	-5.541985	2.152672	2.236641	10.510086
0.172852	-0.072510	0.960205	-5.022901	1.488550	1.083969	10.520461
0.176758	-0.068115	0.958252	-5.068702	1.198473	1.351145	10.530576
0.177490	-0.072266	0.951416	-4.190840	1.015267	0.923664	10.540717
0.185303	-0.071777	0.944092	-1.969466	1.290076	-0.106870	10.551250
0.174805	-0.061523	0.951904	-0.045802	1.198473	-0.083969	10.561343
0.180664	-0.063721	0.948242	-1.938931	1.213740	0.091603	10.571805
0.175049	-0.054688	0.952637	-1.618321	1.389313	-0.465649	10.582253
0.177734	-0.048584	0.954102	-1.450382	1.366412	-0.114504	10.592328
0.170898	-0.048340	0.947998	-2.725191	1.297710	0.824427	10.602745
0.174316	-0.052246	0.951416	-2.541985	1.137405	1.129771	10.612833
0.169922	-0.053467	0.956787	-2.633588	0.854962	1.396947	10.623023
0.168945	-0.056641	0.949463	-3.961832	0.091603	1.908397	10.633410
0.163818	-0.070312	0.945801	-2.854962	0.412214	1.549618	10.643487
0.169189	-0.064697	0.924805	-2.656489	0.572519	1.366412	10.654171
0.166260	-0.061768	0.914307	-2.106870	1.519084	1.450382	10.664196
0.159668	-0.068359	0.941162	-1.732824	2.335878	1.312977	10.674766
0.172852	-0.059570	0.946045	-2.068702	2.022901	0.916031	10.685126
0.170898	-0.059570	0.958252	-3.167939	2.045802	1.221374	10.695273
0.166748	-0.066895	0.958740	-2.763359	1.251908	1.099237	10.705775
0.172852	-0.054199	0.958496	-1.786260	0.946565	0.404580	10.715523
0.168701	-0.055420	0.949951	-2.435115	0.564885	0.694656	10.726315
0.172852	-0.060547	0.943604	-0.977099	1.022901	0.816794	10.736667
0.167969	-0.054199	0.952148	-1.664122	0.671756	0.862595	10.747023
0.167725	-0.062500	0.944092	-2.061069	0.412214	1.076336	10.757189
0.163330	-0.055176	0.930176	-1.618321	0.671756	0.770992	10.767371
0.168701	-0.042725	0.931641	-1.931298	0.564885	1.480916	10.777784
0.169434	-0.061523	0.931396	-1.770992	1.366412	1.679389	10.788102
0.173340	-0.062988	0.948486	-1.015267	1.854962	1.580153	10.798286
0.169434	-0.060303	0.940186	-0.312977	1.877863	1.320611	10.808634
0.167969	-0.057617	0.936279	-0.312977	1.801527	1.351145	10.818960
0.170654	-0.057373	0.941406	0.190840	1.709924	0.916031	10.829318
0.168945	-0.048828	0.936035	0.755725	1.045802	1.526718	10.839667
0.166260	-0.044678	0.942627	-0.885496	0.893130	2.251908	10.849940
0.167969	-0.053955	0.966309	-2.106870	-0.129771	2.099237	10.860235
0.176514	-0.062012	0.922607	-2.083969	0.412214	1.854962	10.870504
0.163818	-0.055176	0.929443	-1.259542	1.412214	1.984733	10.880967
0.173584	-0.063965	0.952637	-1.824427	1.961832	2.366412	10.891291
0.171143	-0.062988	0.942383	-0.442748	1.946565	1.129771	10.901740
0.171143	-0.058594	0.946289	-0.633588	1.862595	0.923664	10.912101
0.170898	-0.060547	0.940918	0.190840	1.770992	1.015267	10.921886
0.166504	-0.057861	0.945312	0.343511	1.229008	0.961832	10.932292
0.174316	-0.050049	0.948242	-0.244275	1.007634	1.091603	10.942519
0.176025	-0.060059	0.953125	-1.519084	0.832061	1.603053	10.952730
0.166748	-0.049805	0.942139	-2.320611	0.992366	2.106870	10.962970
0.169189	-0.057129	0.934814	-2.717557	1.129771	2.412214	10.973245
0.171875	-0.066650	0.937012	-1.969466	1.427481	1.832061	10.983666
0.167480	-0.059326	0.943604	-0.664122	1.916031	1.435115	10.993992
0.173096	-0.057373	0.958496	-0.992366	1.679389	1.557252	11.004486
0.161133	-0.061279	0.964111	-1.519084	0.809160	1.900763	11.014966
0.178467	-0.058350	0.955322	-1.900763	0.335878	1.526718	11.024607
0.167969	-0.063232	0.946289	-2.213740	0.251908	1.198473	11.034280
0.170654	-0.058838	0.947754	-1.526718	0.389313	1.091603	11.044447
0.171387	-0.052979	0.947266	-1.725191	0.832061	1.564885	11.055122
0.165039	-0.053955	0.956787	-2.916031	0.183206	2.106870	11.065267
0.176025	-0.054932	0.953613	-3.839695	-0.595420	2.396947	11.075447
0.167236	-0.057617	0.941895	-3.954198	-1.160305	2.427481	11.085653
0.163330	-0.062012	0.947510	-3.618321	-0.816794	2.763359	11.096014
0.168701	-0.065918	0.939209	-2.007634	-0.664122	2.267176	11.106173
0.163086	-0.061523	0.946777	-1.412214	-0.847328	1.549618	11.116670
0.165283	-0.050293	0.931396	-1.877863	-0.763359	1.900763	11.126580
0.161865	-0.058838	0.918945	-2.717557	-0.442748	2.290076	11.136979
0.167480	-0.044189	0.926514	-2.183206	0.206107	2.015267	11.147278
0.166260	-0.052734	0.929688	-2.870229	1.061069	3.106870	11.157697
0.176270	-0.076172	0.927979	-3.404580	1.061069	2.954198	11.167409
0.173096	-0.071045	0.946289	-2.450382	1.725191	2.137405	11.176939
0.176270	-0.064941	0.950439	-2.221374	1.022901	1.862595	11.188224
0.177490	-0.069824	0.967773	-2.251908	0.946565	1.839695	11.198751
0.172119	-0.064209	0.951904	-1.305344	0.366412	0.977099	11.208934
0.169922	-0.055420	0.944580	-2.412214	0.167939	1.259542	11.219672
0.172119	-0.058350	0.939209	-3.076336	0.259542	2.061069	11.229617
0.171387	-0.066406	0.942871	-1.458015	0.755725	1.328244	11.239769
0.167969	-0.054199	0.938232	-0.900763	0.648855	1.534351	11.250148
0.172363	-0.051025	0.940918	-1.809160	0.244275	1.870229	11.260182
0.170898	-0.062012	0.937012	-1.969466	0.190840	2.427481	11.270488
0.172119	-0.061768	0.935059	-1.732824	0.488550	2.351145	11.280719
0.171143	-0.074463	0.931152	-1.725191	0.916031	1.977099	11.291239
0.169678	-0.069824	0.932373	-2.137405	0.870229	1.992366	11.301450
0.174072	-0.061035	0.949219	-2.053435	0.961832	1.725191	11.311963
0.168701	-0.062500	0.934082	-2.717557	0.763359	2.076336	11.322144
0.166504	-0.059326	0.931396	-2.610687	0.389313	1.938931	11.332409
0.172119	-0.059326	0.929932	-3.564885	0.641221	2.442748	11.342375
0.173340	-0.074707	0.933838	-3.106870	1.183206	2.244275	11.352108
0.172852	-0.075684	0.938965	-1.244275	1.557252	1.480916	11.361341
0.175293	-0.073242	0.945068	-0.076336	1.244275	1.061069	11.370945
0.177490	-0.072021	0.938477	-0.893130	1.465649	1.061069	11.380528
0.172852	-0.064697	0.945312	-0.580153	0.938931	0.625954	11.391348
0.176025	-0.052246	0.933105	-1.480916	0.969466	0.954198	11.405032
0.171875	-0.062988	0.929932	-2.183206	0.839695	1.366412	11.415455
0.175537	-0.041748	0.942139	-2.862595	0.687023	0.938931	11.425830
0.181396	-0.066162	0.938965	-2.190840	1.648855	1.572519	11.435951
0.176270	-0.056152	0.946289	-2.839695	1.190840	1.198473	11.446543
0.171387	-0.046143	0.941162	-3.145038	1.061069	1.877863	11.456699
0.170410	-0.065918	0.943848	-2.549618	1.358779	1.824427	11.464942
0.163574	-0.059082	0.949463	-2.282443	0.687023	1.480916	11.473306
0.164795	-0.052979	0.939453	-3.015267	0.198473	1.511450	11.481566
0.168701	-0.056152	0.942383	-2.763359	0.129771	1.282443	11.489996
0.169678	-0.061035	0.939209	-3.236641	0.381679	1.755725	11.498791
0.167480	-0.062744	0.941406	-2.961832	0.709924	1.534351	11.507235
0.164307	-0.056885	0.928467	-2.793893	0.961832	1.366412	11.515729
0.164307	-0.058838	0.926514	-2.450382	1.526718	1.175573	11.524133
0.169434	-0.057617	0.933105	-1.916031	2.328244	0.931298	11.532360
0.165771	-0.053467	0.934814	-0.496183	2.916031	0.618321	11.540814
0.169678	-0.051270	0.945801	0.595420	3.427481	0.404580	11.549012
0.170410	-0.046143	0.958740	0.931298	3.251908	0.595420	11.557553
0.179199	-0.039062	0.963623	1.129771	2.862595	0.801527	11.565985
0.171387	-0.037842	0.967529	0.709924	2.320611	1.145038	11.574467
0.168945	-0.022705	0.958984	-1.068702	0.511450	1.625954	11.582756
0.176025	-0.046631	0.954346	-1.404580	1.099237	3.259542	11.591012
0.174316	-0.044434	0.955566	-2.007634	0.992366	3.335878	11.599672
0.172363	-0.042725	0.967041	-2.335878	0.519084	3.786260	11.608014
0.173584	-0.048340	0.956299	-2.832061	0.198473	4.015267	11.616421
0.176758	-0.060547	0.962646	-1.679389	0.114504	3.687023	11.624688
0.180176	-0.060791	0.944824	-1.366412	0.557252	3.778626	11.633279
0.176758	-0.071533	0.933838	-0.618321	0.816794	3.297710	11.641618
0.175293	-0.069092	0.943848	0.206107	0.709924	2.625954	11.650082
0.187500	-0.072021	0.947754	0.381679	0.893130	2.694656	11.658528
0.176758	-0.072266	0.940918	0.297710	0.641221	2.595420	11.666396
0.176270	-0.067383	0.935547	0.229008	0.244275	2.114504	11.674830
0.179932	-0.063232	0.945312	-0.114504	0.465649	2.221374	11.682736
0.174072	-0.065186	0.927246	-0.267176	0.824427	2.595420	11.691394
0.175293	-0.065186	0.934082	-0.511450	0.610687	2.450382	11.700148
0.173584	-0.053711	0.946289	-1.091603	0.687023	2.442748	11.708510
0.176514	-0.057129	0.935791	-1.992366	0.282443	2.900763	11.716480
0.170166	-0.061035	0.935791	-2.893130	0.015267	3.381679	11.724957
0.178223	-0.072754	0.938965	-3.061069	-0.351145	2.908397	11.733397
0.170166	-0.070068	0.921631	-2.580153	-0.312977	2.702290	11.741636
0.171875	-0.070557	0.923828	-2.694656	0.114504	2.541985	11.750007
0.167969	-0.080322	0.923828	-1.900763	0.389313	2.030534	11.758445
0.157471	-0.076660	0.917969	-0.832061	0.480916	1.175573	11.766872
0.167969	-0.056396	0.906006	-0.709924	1.328244	1.404580	11.775274
0.165283	-0.052490	0.909668	-2.251908	2.076336	2.488550	11.783735
0.167969	-0.074219	0.916748	-2.954198	2.053435	2.465649	11.791694
0.173828	-0.072021	0.911377	-3.007634	2.381679	2.122137	11.800297
0.171387	-0.064209	0.920166	-3.381679	2.847328	1.824427	11.808772
0.172852	-0.074707	0.918701	-3.351145	3.229008	2.015267	11.817084
0.177246	-0.085449	0.933838	-2.480916	3.244275	1.076336	11.825422
0.176025	-0.076660	0.942139	-1.877863	3.381679	0.465649	11.833762
0.180420	-0.071533	0.943848	-1.244275	3.526718	-0.030534	11.842040
0.178223	-0.073242	0.947266	-0.931298	3.458015	-0.206107	11.850664
0.176270	-0.063965	0.968018	-0.519084	3.335878	-0.458015	11.859238
0.173340	-0.056152	0.941650	-0.374046	2.473282	-0.687023	11.867684
0.160645	-0.052002	0.955322	-1.488550	1.946565	-0.312977	11.876092
0.180420	-0.051758	0.941650	-2.480916	2.175573	0.847328	11.884292
0.168213	-0.050293	0.948975	-2.152672	2.519084	0.946565	11.892515
0.166504	-0.058838	0.956055	-2.480916	1.809160	1.022901	11.900875
0.171387	-0.052002	0.945068	-2.007634	1.725191	1.183206	11.909317
0.176514	-0.045898	0.949463	-2.870229	1.351145	1.519084	11.917229
0.168701	-0.063232	0.955811	-1.236641	2.282443	1.526718	11.925265
0.175537	-0.059326	0.957275	-1.328244	1.022901	0.954198	11.933985
0.172852	-0.050537	0.942139	-1.732824	0.862595	0.847328	11.942312
0.167725	-0.066406	0.948242	-1.480916	1.290076	1.251908	11.951144
0.176270	-0.050781	0.938232	-3.351145	0.274809	1.549618	11.959472
0.175537	-0.070801	0.932373	-0.526718	0.748092	0.244275	11.967939
0.167725	-0.060303	0.944092	-2.946565	0.778626	1.137405	11.976422
0.169922	-0.063477	0.942871	-1.412214	1.725191	0.770992	11.984812
0.169434	-0.071777	0.935059	-3.145038	1.519084	0.427481	11.993057
0.177246	-0.055908	0.937500	-2.671756	2.366412	-0.083969	12.001787
0.170898	-0.057373	0.936035	-2.083969	2.427481	0.786260	12.010322
0.170898	-0.067139	0.937988	-2.717557	2.877863	0.595420	12.018792
0.173096	-0.074951	0.955322	-1.748092	2.656489	-0.862595	12.027213
0.168701	-0.050293	0.959229	-1.099237	1.877863	-1.213740	12.035938
0.162598	-0.050049	0.937988	-0.717557	1.305344	-0.885496	12.044262
0.170654	-0.037354	0.939697	-1.618321	1.412214	0.328244	12.052834
0.163086	-0.046875	0.952637	-2.160305	0.610687	0.679389	12.060950
0.167725	-0.048096	0.933105	-2.290076	1.427481	1.175573	12.069507
0.172852	-0.048584	0.927734	-2.702290	1.946565	1.534351	12.077842
0.166748	-0.069336	0.946777	-1.572519	1.580153	-0.290076	12.086335
0.159668	-0.047363	0.983398	-1.603053	-0.381679	-0.282443	12.094772
0.149414	-0.060547	0.948975	-1.740458	0.961832	1.526718	12.103088
0.184570	-0.067139	0.930908	-2.366412	1.061069	1.618321	12.111528
0.176758	-0.059570	0.932373	-3.503817	0.984733	1.213740	12.119793
0.168701	-0.059326	0.943604	-1.618321	1.717557	1.358779	12.128168
0.168213	-0.065430	0.925781	-2.007634	1.709924	0.961832	12.136800
0.167480	-0.050049	0.937256	-1.427481	1.946565	0.832061	12.145162
0.167236	-0.051025	0.941650	-2.839695	2.122137	1.427481	12.153567
0.168945	-0.058105	0.947021	-2.290076	1.801527	0.977099	12.161736
0.166260	-0.055420	0.936035	-1.519084	1.900763	0.893130	12.170244
0.166504	-0.048584	0.945068	-1.633588	1.641221	1.083969	12.178788
0.163818	-0.058105	0.942871	-2.137405	1.519084	1.183206	12.187059
0.161621	-0.062012	0.934570	-1.709924	1.679389	0.946565	12.195397
0.171631	-0.057861	0.938232	-1.633588	1.572519	1.030534	12.203788
0.163330	-0.048828	0.939697	-1.778626	1.320611	1.122137	12.212148
0.164307	-0.057861	0.947998	-1.083969	2.000000	1.236641	12.220980
0.166504	-0.050537	0.950439	-2.648855	1.007634	1.503817	12.229418
0.168701	-0.058105	0.938721	-1.450382	1.450382	1.900763	12.237898
0.166748	-0.054688	0.966553	-1.778626	1.847328	1.694656	12.246262
0.162109	-0.032227	0.951904	-1.557252	1.641221	1.511450	12.254418
0.166748	-0.054443	0.958740	-2.488550	1.343511	2.022901	12.262588
0.172363	-0.056396	0.951172	-1.732824	1.236641	1.740458	12.270398
0.167480	-0.052490	0.964111	-0.610687	1.312977	1.374046	12.278628
0.164307	-0.041260	0.948242	-1.465649	0.969466	2.251908	12.287408
0.164062	-0.062012	0.942383	-2.145038	0.351145	2.389313	12.295867
0.168213	-0.057861	0.948242	-2.045802	0.198473	2.229008	12.303850
0.167969	-0.061523	0.943848	-2.351145	0.152672	2.229008	12.311738
0.169189	-0.062988	0.940430	-2.358779	-0.076336	2.274809	12.319987
0.170166	-0.063965	0.937012	-2.053435	-0.221374	2.053435	12.327921
0.162842	-0.064453	0.937500	-1.595420	0.557252	1.854962	12.336768
0.166748	-0.061768	0.934326	-1.183206	0.725191	1.694656	12.345048
0.172852	-0.068848	0.945557	-0.648855	0.847328	1.725191	12.353341
0.174561	-0.064941	0.941895	-0.870229	0.473282	1.732824	12.362256
0.170410	-0.055176	0.953369	-1.587786	0.083969	1.679389	12.370602
0.169434	-0.055420	0.939697	-3.412214	-0.709924	2.129771	12.379125
0.166504	-0.063721	0.930176	-4.328244	-0.488550	2.450382	12.387535
0.169678	-0.060547	0.936523	-4.961832	-0.122137	2.748092	12.396108
0.170898	-0.061035	0.935547	-5.511450	-0.106870	2.755725	12.404180
0.165771	-0.080566	0.944580	-5.022901	-0.114504	2.175573	12.412571
0.177490	-0.065430	0.938965	-5.435115	-0.167939	2.160305	12.420975
0.168457	-0.067871	0.923584	-2.503817	0.099237	0.984733	12.429359
0.172852	-0.077148	0.922363	-2.381679	0.824427	1.099237	12.437792
0.175049	-0.066895	0.949707	0.045802	1.496183	0.282443	12.446421
0.170410	-0.065430	0.938721	1.053435	1.312977	-0.007634	12.454428
0.163574	-0.060791	0.939697	0.328244	1.526718	0.427481	12.463296
0.156982	-0.071045	0.874756	2.412214	1.435115	0.007634	12.471661
0.165283	-0.052490	0.902588	2.030534	5.702290	0.244275	12.480207
0.174805	-0.048340	0.972656	1.519084	5.374046	0.580153	12.488520
0.171143	-0.057373	0.968750	0.076336	2.862595	0.603053	12.497380
0.172852	-0.047607	0.971436	-0.038168	0.725191	1.000000	12.505490
0.167480	-0.051758	0.941895	-3.633588	-0.129771	2.061069	12.514009
0.170166	-0.062744	0.936279	-3.519084	0.580153	2.343511	12.522477
0.172607	-0.071777	0.926514	-1.870229	1.610687	1.664122	12.530945
0.168457	-0.061035	0.943848	-1.435115	2.045802	1.328244	12.539232
0.166260	-0.055176	0.948730	-1.679389	1.625954	1.343511	12.547628
0.171875	-0.053467	0.945068	-2.549618	1.450382	1.519084	12.555998
0.170410	-0.052979	0.942871	-2.221374	1.152672	1.587786	12.564294
0.164062	-0.066162	0.945068	-3.862595	1.320611	1.809160	12.572394
0.163818	-0.057129	0.934570	-1.381679	0.809160	1.396947	12.580980
0.161621	-0.051758	0.929443	-1.221374	0.832061	1.633588	12.589364
0.160889	-0.060303	0.923096	-2.625954	0.916031	1.862595	12.597714
0.167236	-0.069336	0.930420	-2.725191	1.488550	1.541985	12.606048
0.166260	-0.059326	0.924316	-2.725191	1.801527	1.213740	12.614450
0.166016	-0.061768	0.916748	-3.312977	2.465649	1.366412	12.623019
0.165771	-0.070312	0.918945	-2.938931	3.015267	1.251908	12.631375
0.170654	-0.077881	0.936279	-0.885496	3.938931	0.198473	12.639710
0.162354	-0.072021	0.944092	1.221374	4.045802	-0.969466	12.648356
0.164551	-0.057617	0.923096	1.496183	4.587786	-1.022901	12.656655
0.163086	-0.060059	0.955078	2.076336	3.816794	-1.717557	12.665131
0.156494	-0.040039	0.943359	0.404580	3.122137	-1.648855	12.673406
0.165283	-0.045654	0.938965	-1.526718	2.778626	0.053435	12.681900
0.168457	-0.034180	0.947754	-4.389313	1.877863	0.664122	12.690347
0.163818	-0.045410	0.955322	-5.557252	2.351145	1.396947	12.698993
0.166992	-0.052734	0.954102	-5.488550	2.290076	1.862595	12.707391
0.174561	-0.068115	0.956543	-3.641221	2.648855	1.328244	12.715693
0.166748	-0.059082	0.968262	-2.320611	2.671756	0.961832	12.724054
0.165283	-0.051758	0.967041	-2.106870	2.351145	0.679389	12.732417
0.167725	-0.055420	0.977051	-1.847328	1.793893	0.641221	12.740844
0.164307	-0.039795	0.960449	-1.786260	1.068702	0.778626	12.749343
0.162842	-0.039551	0.975830	-2.435115	0.114504	1.328244	12.757814
0.173584	-0.052979	0.965088	-2.564885	-0.603053	1.541985	12.765939
0.168457	-0.046631	0.958496	-1.870229	-0.793893	1.519084	12.774420
0.162109	-0.048828	0.947510	-2.053435	-0.167939	1.885496	12.782822
0.166504	-0.054443	0.955078	-1.511450	-0.129771	1.770992	12.791127
0.162598	-0.041016	0.955078	-3.877863	-0.587786	2.435115	12.799681
0.168213	-0.060059	0.955322	-1.900763	-0.106870	2.167939	12.808162
0.166016	-0.056152	0.933350	-1.786260	-0.145038	2.053435	12.816095
0.160645	-0.046143	0.935303	-1.755725	0.305344	2.274809	12.823887
0.155518	-0.055420	0.943848	-2.145038	0.969466	2.854962	12.832553
0.161377	-0.049805	0.934814	-0.236641	1.488550	2.022901	12.841128
0.156982	-0.053955	0.954102	-0.564885	1.106870	1.717557	12.849643
0.161865	-0.060791	0.930908	-0.969466	0.519084	2.076336	12.858452
0.159424	-0.061768	0.930908	-1.099237	-0.099237	1.641221	12.866599
0.160645	-0.055908	0.928223	-1.511450	0.702290	1.610687	12.875112
0.168701	-0.051025	0.916260	-2.908397	0.236641	2.496183	12.883523
0.162354	-0.058105	0.924561	-2.458015	0.702290	2.114504	12.891924
