0.136230	-0.154297	0.925293	-4.068702	2.007634	0.358779	0.004205
0.135254	-0.162598	0.923828	-4.068702	2.045802	0.526718	0.012604
0.134277	-0.164062	0.949707	-4.022901	1.572519	0.824427	0.021267
0.131836	-0.173096	0.946777	-4.305344	0.778626	0.793893	0.030569
0.133301	-0.171387	0.929443	-4.496183	0.755725	0.541985	0.039994
0.132812	-0.180908	0.924805	-4.603053	1.122137	0.099237	0.049747
0.133301	-0.183838	0.927246	-4.610687	1.282443	-0.442748	0.059105
0.137695	-0.179688	0.920166	-3.702290	1.595420	-1.366412	0.068467
0.133301	-0.180908	0.917725	-3.068702	2.465649	-1.885496	0.078300
0.134766	-0.168701	0.939209	-2.412214	3.160305	-2.435115	0.087742
0.127441	-0.160645	0.950439	-1.946565	2.679389	-2.519084	0.096988
0.142822	-0.162598	0.955322	-1.305344	2.038168	-2.297710	0.106375
0.127441	-0.152832	0.956055	-2.145038	1.885496	-1.870229	0.115680
0.133301	-0.148682	0.946289	-2.503817	1.694656	-1.610687	0.125488
0.132568	-0.147949	0.959229	-3.297710	1.396947	-1.496183	0.134832
0.130371	-0.149658	0.952148	-2.977099	0.618321	-1.175573	0.144295
0.139404	-0.146729	0.956543	-2.977099	0.282443	-0.839695	0.153562
0.128662	-0.145020	0.942627	-2.839695	-0.045802	-0.549618	0.162908
0.133789	-0.154053	0.935303	-2.977099	-0.297710	-0.366412	0.172341
0.133545	-0.156250	0.935303	-3.335878	-0.045802	-0.145038	0.181739
0.136230	-0.159424	0.929932	-3.793893	-1.946565	-0.083969	0.191143
0.136475	-0.161865	0.920898	-3.519084	0.404580	-0.335878	0.200630
0.130127	-0.158936	0.915771	-3.419847	0.854962	-0.183206	0.210321
0.134033	-0.162598	0.926514	-2.740458	1.519084	-0.282443	0.219521
0.135986	-0.161621	0.912598	-2.564885	1.320611	-0.160305	0.229069
0.122070	-0.151367	0.916748	-3.259542	2.496183	0.053435	0.238647
0.122314	-0.166260	0.937744	-3.862595	2.755725	0.083969	0.248307
0.127197	-0.174561	0.950684	-4.099237	1.923664	-0.458015	0.257859
0.132324	-0.171631	0.932129	-3.236641	1.412214	-1.244275	0.267042
0.137207	-0.162842	0.928467	-2.122137	1.465649	-1.923664	0.276542
0.136475	-0.142822	0.933105	-1.152672	1.816794	-1.931298	0.286024
0.132324	-0.156250	0.954102	-0.709924	2.076336	-2.137405	0.295382
0.137451	-0.131836	0.951904	0.732824	2.282443	-1.916031	0.304755
0.133789	-0.123535	0.979248	-0.908397	2.022901	-0.877863	0.314231
0.135742	-0.176270	0.954102	-0.832061	0.374046	-0.458015	0.323681
0.138428	-0.152100	0.971436	-2.251908	0.190840	-1.312977	0.333166
0.144531	-0.135742	0.971680	1.145038	-0.763359	0.099237	0.342770
0.142578	-0.143311	0.965088	-0.908397	-0.900763	0.687023	0.352331
0.134521	-0.157959	0.937744	-1.167939	-1.122137	1.007634	0.361906
0.135010	-0.153564	0.922119	-2.740458	-0.938931	1.167939	0.371290
0.129395	-0.149902	0.936523	-3.442748	-0.717557	1.343511	0.380458
0.132812	-0.161865	0.922852	-1.961832	-0.824427	2.152672	0.390236
0.125488	-0.180420	0.930420	-4.305344	-0.221374	2.152672	0.399671
0.131104	-0.185303	0.934326	-3.259542	-1.015267	0.977099	0.409083
0.130615	-0.185059	0.940186	-2.068702	-0.893130	0.374046	0.418507
0.137695	-0.174805	0.958008	-1.473282	-1.152672	-0.183206	0.427979
0.128418	-0.164551	0.900635	-2.740458	-1.778626	-0.709924	0.437348
0.135986	-0.162109	0.901123	-2.778626	0.488550	-0.145038	0.446875
0.135986	-0.164062	0.936523	-3.412214	1.106870	-0.053435	0.456129
0.129150	-0.154297	0.885742	-2.305344	-0.152672	0.114504	0.465641
0.132568	-0.152344	0.885010	-4.587786	2.595420	0.335878	0.474878
0.131104	-0.167969	0.921631	-6.251908	2.801527	0.442748	0.484441
0.130615	-0.166992	0.917480	-5.633588	2.694656	0.633588	0.493831
0.133301	-0.184814	0.918701	-7.053435	2.534351	0.259542	0.503202
0.135254	-0.196289	0.906250	-3.053435	3.442748	-0.267176	0.512608
0.149170	-0.163574	0.949219	-1.870229	3.664122	-1.770992	0.522077
0.142334	-0.169434	0.959717	-2.328244	3.519084	-1.977099	0.531407
0.142578	-0.167969	0.969482	-1.610687	2.992366	-2.374046	0.540817
0.145264	-0.155762	0.961914	-0.732824	1.732824	-2.908397	0.550252
0.145508	-0.144775	0.969482	-0.717557	1.419847	-2.473282	0.559271
0.136475	-0.143066	0.974609	-1.198473	0.809160	-1.664122	0.567776
0.133789	-0.143799	0.979492	-2.725191	-0.282443	-1.137405	0.576509
0.134033	-0.145996	0.958008	-3.893130	-0.885496	-0.038168	0.585827
0.130615	-0.155273	0.954346	-4.076336	-0.633588	0.129771	0.595841
0.137451	-0.158447	0.933594	-4.091603	-0.511450	0.099237	0.605642
0.133057	-0.162109	0.927246	-3.221374	-0.190840	-0.160305	0.615151
0.130615	-0.152832	0.916504	-3.488550	0.213740	-0.274809	0.624821
0.130127	-0.155029	0.931885	-4.358779	0.412214	-0.076336	0.634112
0.128418	-0.154297	0.934082	-5.175573	0.396947	0.183206	0.643046
0.130615	-0.154297	0.929688	-6.091603	0.809160	0.763359	0.652244
0.133057	-0.158691	0.930420	-6.839695	1.000000	0.709924	0.661446
0.138428	-0.165771	0.929199	-7.305344	1.587786	0.687023	0.670973
0.136230	-0.166992	0.925781	-6.603053	1.908397	0.106870	0.682116
0.133545	-0.162842	0.932373	-5.099237	1.854962	-0.213740	0.693971
0.138428	-0.162109	0.931396	-5.083969	1.832061	-0.007634	0.705731
0.135254	-0.162598	0.934082	-5.244275	2.030534	0.038168	0.717797
0.132812	-0.165039	0.926758	-6.007634	2.129771	0.038168	0.729739
0.125732	-0.170410	0.919678	-6.748092	1.946565	-0.122137	0.741517
0.136475	-0.163330	0.911621	-6.091603	2.000000	-0.259542	0.753559
0.133789	-0.169922	0.912354	-5.099237	2.503817	-0.572519	0.765351
0.135986	-0.173340	0.930176	-3.183206	2.946565	-1.022901	0.777480
0.132812	-0.171387	0.917480	-2.297710	2.694656	-1.572519	0.789501
0.137207	-0.166992	0.932129	-2.251908	3.099237	-1.587786	0.801695
0.135254	-0.167969	0.925781	-2.625954	3.099237	-1.419847	0.813648
0.127686	-0.166748	0.928223	-3.587786	2.961832	-1.618321	0.825654
0.125000	-0.168213	0.950439	-2.809160	2.656489	-1.694656	0.837231
0.131836	-0.166992	0.949463	-2.442748	2.175573	-1.633588	0.848370
0.133789	-0.162109	0.926514	-2.236641	2.213740	-1.511450	0.860657
0.139893	-0.164795	0.945557	-2.030534	2.389313	-1.450382	0.872677
0.134033	-0.162598	0.942871	-2.404580	2.190840	-1.328244	0.884173
0.135986	-0.169434	0.945801	-2.229008	1.587786	-1.320611	0.895954
0.127686	-0.157959	0.945068	-2.709924	1.763359	-1.549618	0.907965
0.130859	-0.162354	0.947510	-1.916031	1.732824	-1.587786	0.920140
0.147705	-0.152344	0.940186	-2.366412	1.587786	-1.244275	0.931684
0.138428	-0.167480	0.930908	-2.351145	1.740458	-0.908397	0.943431
0.133301	-0.163574	0.941162	-2.160305	1.839695	-0.992366	0.955289
0.126465	-0.164551	0.958740	-2.351145	1.488550	-0.900763	0.967106
0.124023	-0.169189	0.930664	-2.328244	1.381679	-1.167939	0.978968
0.126221	-0.173340	0.933838	-1.664122	1.343511	-1.511450	0.990978
0.137939	-0.156006	0.924316	-1.458015	1.099237	-1.458015	1.003056
0.139893	-0.146484	0.915039	-3.053435	1.450382	-0.786260	1.014876
0.137451	-0.156982	0.945801	-3.687023	2.450382	-0.954198	1.027050
0.128418	-0.155518	0.960205	-3.694656	1.770992	-0.656489	1.038608
0.127930	-0.154053	0.953125	-3.694656	1.229008	-0.030534	1.050450
0.129883	-0.165283	0.944580	-3.030534	0.625954	-0.740458	1.062374
0.138916	-0.139404	0.932373	-3.908397	0.404580	-0.519084	1.074417
0.130371	-0.143311	0.938965	-2.419847	0.381679	0.312977	1.086012
0.127930	-0.155029	0.925293	-2.687023	-0.198473	0.610687	1.098046
0.125488	-0.149902	0.906982	-3.603053	0.404580	0.977099	1.109625
0.111572	-0.164795	0.912598	-4.320611	1.038168	0.839695	1.121956
0.130859	-0.165527	0.919434	-3.732824	1.709924	0.511450	1.133998
0.123047	-0.164062	0.904053	-4.374046	2.419847	0.908397	1.145689
0.127441	-0.176025	0.927734	-4.870229	3.221374	0.183206	1.157218
0.127197	-0.175537	0.950195	-3.870229	3.213740	-0.473282	1.169062
0.131592	-0.170166	0.966064	-2.984733	2.404580	-1.114504	1.181246
0.134521	-0.159424	0.965576	-2.847328	1.854962	-1.587786	1.192991
0.129150	-0.145264	0.962646	-3.946565	1.580153	-1.335878	1.204736
0.134766	-0.145508	0.969971	-3.732824	0.297710	-0.557252	1.216587
0.135986	-0.145996	0.954590	-3.580153	-0.335878	0.480916	1.228597
0.138428	-0.150391	0.950684	-3.725191	-0.664122	0.893130	1.240581
0.127197	-0.150879	0.960693	-3.900763	-0.877863	1.229008	1.252167
0.134277	-0.157959	0.944336	-4.389313	-1.534351	1.511450	1.263915
0.133545	-0.169678	0.929443	-5.061069	-1.488550	1.290076	1.276930
0.131104	-0.189209	0.927490	-4.083969	-1.496183	0.770992	1.287999
0.129395	-0.180664	0.912842	-3.435115	-0.961832	0.389313	1.298643
0.138916	-0.174072	0.899414	-3.709924	0.076336	0.488550	1.311948
0.133789	-0.181641	0.906250	-4.358779	0.832061	0.503817	1.324015
0.131836	-0.195312	0.927002	-4.740458	1.297710	-0.114504	1.335961
0.129150	-0.198730	0.921387	-3.580153	1.244275	-1.167939	1.347963
0.132568	-0.184814	0.918945	-2.984733	1.442748	-2.122137	1.359652
0.128662	-0.156738	0.926025	-1.816794	1.824427	-2.679389	1.371864
0.133545	-0.155518	0.926025	-1.450382	1.725191	-2.572519	1.383849
0.133057	-0.158691	0.914307	-2.106870	2.335878	-2.068702	1.395520
0.128906	-0.145264	0.922607	-1.618321	2.687023	-1.312977	1.407801
0.127930	-0.146729	0.938232	-2.511450	2.656489	-0.045802	1.419759
0.130615	-0.154541	0.943359	-2.786260	1.885496	0.549618	1.431650
0.131592	-0.163574	0.930664	-2.885496	1.503817	0.648855	1.443450
0.133301	-0.171143	0.950928	-2.801527	1.381679	0.488550	1.455428
0.141846	-0.170410	0.938477	-2.916031	1.374046	0.190840	1.467101
0.136230	-0.173340	0.920410	-2.740458	2.061069	0.160305	1.478510
0.131348	-0.179688	0.927490	-2.244275	2.442748	-0.473282	1.490223
0.129395	-0.177490	0.934326	-0.870229	2.183206	-1.320611	1.501990
0.127686	-0.170166	0.931885	-1.534351	2.458015	-1.671756	1.514716
0.134521	-0.170898	0.932861	-1.801527	2.740458	-1.793893	1.526838
0.132080	-0.153076	0.945557	-1.885496	3.534351	-1.572519	1.541521
0.140625	-0.145996	0.955078	-1.992366	2.625954	-1.343511	1.553245
0.136230	-0.148193	0.966064	-2.809160	1.893130	-0.893130	1.564738
0.128906	-0.159180	0.968750	-3.114504	1.053435	-0.763359	1.577190
0.128418	-0.157715	0.961182	-3.419847	0.251908	-0.458015	1.589021
0.133057	-0.163818	0.944336	-3.748092	-0.045802	-0.770992	1.600704
0.135742	-0.153564	0.933838	-3.687023	0.839695	-0.832061	1.613020
0.134521	-0.157959	0.946045	-3.725191	1.015267	-0.633588	1.625104
0.129883	-0.159180	0.957520	-4.320611	0.679389	-0.496183	1.637151
0.130371	-0.144775	0.973145	-5.664122	0.183206	-0.404580	1.648826
0.135254	-0.160645	0.966797	-6.435115	-0.374046	0.183206	1.660580
0.130371	-0.172852	0.965576	-6.832061	-0.786260	-0.038168	1.672742
0.135986	-0.176270	0.958496	-5.244275	-2.137405	-0.450382	1.684677
0.130127	-0.166016	0.952637	-4.221374	-2.473282	-0.870229	1.696415
0.131104	-0.170898	0.937012	-3.389313	-1.938931	-1.076336	1.708074
0.130615	-0.154297	0.939453	-3.961832	-1.534351	-0.557252	1.720202
0.138672	-0.156982	0.918457	-4.885496	-1.259542	0.366412	1.732095
0.135986	-0.166992	0.919434	-6.274809	-0.557252	0.366412	1.744029
0.137451	-0.181885	0.914307	-5.755725	-0.335878	0.305344	1.755573
0.127441	-0.166260	0.912598	-5.145038	-0.473282	0.160305	1.767450
0.129395	-0.174072	0.910156	-4.503817	-0.725191	-0.099237	1.780052
0.138672	-0.173096	0.888428	-3.534351	0.183206	0.114504	1.792142
0.135498	-0.179688	0.889648	-4.076336	1.190840	-1.954198	1.803074
0.127197	-0.197998	0.904541	-3.984733	2.343511	-0.488550	1.815379
0.132812	-0.204590	0.909668	-4.099237	2.458015	-1.488550	1.826478
0.135498	-0.195801	0.920166	-4.221374	2.633588	-2.389313	1.836755
0.141602	-0.174316	0.930664	-3.175573	3.129771	-2.618321	1.847074
0.135986	-0.178223	0.921875	-2.969466	3.412214	-2.679389	1.856625
0.136230	-0.174072	0.934814	-3.725191	3.328244	-2.725191	1.867158
0.136475	-0.161865	0.934326	-5.900763	2.984733	-2.152672	1.878056
0.133057	-0.156006	0.945068	-7.465649	2.793893	-1.137405	1.888263
0.125000	-0.173584	0.959473	-8.274809	1.786260	-0.770992	1.898652
0.138916	-0.187744	0.954590	-6.229008	1.236641	-1.206107	1.909034
0.133545	-0.182617	0.949219	-4.183206	0.725191	-1.801527	1.919681
0.125732	-0.178711	0.928711	-2.274809	0.419847	-2.503817	1.929150
0.128662	-0.164795	0.925537	-1.603053	1.007634	-2.916031	1.939209
0.129639	-0.159180	0.914551	-1.908397	1.496183	-2.870229	1.949689
0.131104	-0.151611	0.916504	-2.496183	2.312977	-2.343511	1.959747
0.134033	-0.157959	0.923828	-3.656489	2.870229	-1.748092	1.970377
0.135010	-0.158936	0.928467	-3.641221	3.312977	-1.732824	1.981274
0.139160	-0.169434	0.953125	-3.748092	3.206107	-1.572519	1.991985
0.136475	-0.163818	0.949219	-3.969466	2.603053	-1.412214	2.002646
0.134766	-0.171875	0.951660	-3.839695	1.900763	-1.511450	2.013011
0.137207	-0.175293	0.951660	-4.366412	1.473282	-1.480916	2.023665
0.135010	-0.164795	0.936768	-4.022901	0.572519	-1.648855	2.034236
0.137451	-0.158447	0.932617	-3.480916	0.977099	-1.137405	2.044908
0.128662	-0.170654	0.928223	-2.763359	1.213740	-1.152672	2.055273
0.128906	-0.161133	0.937012	-1.778626	1.099237	-1.145038	2.065603
0.128174	-0.163330	0.921143	-2.717557	1.458015	-0.847328	2.075785
0.134521	-0.161133	0.925537	-3.083969	1.625954	-0.580153	2.086439
0.132568	-0.170898	0.941650	-4.190840	1.610687	-0.099237	2.096717
0.128906	-0.177246	0.930420	-4.114504	1.625954	-0.404580	2.107154
0.131104	-0.174072	0.941162	-3.488550	1.564885	-0.870229	2.117175
0.133057	-0.178955	0.945801	-2.832061	1.465649	-1.083969	2.127395
0.134277	-0.173340	0.939453	-2.061069	1.267176	-1.534351	2.137925
0.132324	-0.166016	0.933350	-2.061069	1.160305	-1.511450	2.148271
0.135010	-0.161865	0.910156	-2.595420	1.450382	-1.236641	2.158622
0.133057	-0.156982	0.928711	-3.412214	1.847328	-0.977099	2.168768
0.132812	-0.156982	0.930176	-4.076336	2.641221	-0.450382	2.179156
0.125977	-0.164795	0.937012	-4.854962	2.206107	-0.312977	2.190480
0.133057	-0.167236	0.943115	-5.603053	1.977099	0.015267	2.200832
0.133789	-0.175781	0.947021	-5.885496	1.572519	-0.213740	2.210883
0.135498	-0.176758	0.955078	-4.656489	1.007634	-0.099237	2.221126
0.139648	-0.173096	0.956055	-3.435115	0.167939	-0.244275	2.232135
0.142334	-0.168213	0.945068	-3.435115	0.190840	-0.358779	2.242284
0.138672	-0.172119	0.932373	-4.061069	0.091603	-0.320611	2.252770
0.132080	-0.169189	0.921387	-4.580153	0.465649	-0.190840	2.263087
0.128174	-0.166504	0.936768	-4.656489	0.625954	-0.274809	2.273286
0.132812	-0.179443	0.922363	-4.312977	0.839695	-0.541985	2.283802
0.129395	-0.174072	0.933350	-4.305344	1.152672	-1.015267	2.294087
0.122559	-0.189453	0.931641	-3.740458	1.633588	-1.366412	2.304314
0.130127	-0.161133	0.946533	-2.114504	1.053435	-1.641221	2.314545
0.127930	-0.145508	0.941895	-2.541985	0.778626	-0.748092	2.324906
0.134521	-0.160889	0.945801	-3.564885	1.465649	-0.335878	2.335272
0.133789	-0.162109	0.947998	-3.320611	0.427481	-0.213740	2.345517
0.131104	-0.171143	0.932861	-5.022901	0.465649	-0.145038	2.356009
0.134277	-0.185547	0.916504	-3.763359	0.458015	-0.183206	2.366138
0.130615	-0.166992	0.938477	-2.763359	0.488550	-0.526718	2.376508
0.124512	-0.168701	0.925293	-3.190840	0.679389	-0.503817	2.386640
0.131104	-0.171631	0.922852	-3.641221	0.770992	-0.175573	2.396648
0.135742	-0.184326	0.919434	-3.793893	1.465649	-0.083969	2.406341
0.133545	-0.180908	0.926270	-3.709924	1.282443	-0.213740	2.416899
0.130127	-0.179199	0.926270	-2.625954	1.595420	-0.274809	2.427398
0.130371	-0.170898	0.925781	-1.893130	1.519084	-0.496183	2.438017
0.122803	-0.171875	0.926025	-2.480916	2.076336	-0.244275	2.448426
0.114258	-0.174805	0.915039	-3.129771	2.106870	-0.419847	2.458800
0.126221	-0.172607	0.918457	-2.755725	2.564885	-0.450382	2.469144
0.126953	-0.170654	0.913330	-2.702290	2.809160	-0.458015	2.479482
0.139893	-0.183838	0.927490	-2.061069	3.396947	-0.603053	2.489768
0.134766	-0.190430	0.935791	-1.541985	3.099237	-0.961832	2.500215
0.136719	-0.174316	0.951660	-1.702290	3.167939	-1.374046	2.510490
0.134766	-0.170898	0.941650	-2.541985	2.809160	-1.000000	2.520824
0.128418	-0.173096	0.954346	-3.244275	2.381679	-0.938931	2.531550
0.127441	-0.169189	0.948975	-3.198473	1.145038	-0.778626	2.541758
0.125000	-0.169922	0.937256	-2.755725	0.839695	-0.358779	2.552024
0.131104	-0.184082	0.928223	-2.503817	0.847328	-0.618321	2.562219
0.131104	-0.177490	0.935303	-2.488550	1.091603	-0.664122	2.571616
0.127197	-0.179688	0.925049	-2.992366	1.290076	-0.244275	2.581001
0.122803	-0.192871	0.931885	-3.435115	1.412214	0.099237	2.591364
0.122070	-0.196777	0.933105	-3.412214	1.679389	-0.526718	2.602208
0.123535	-0.195557	0.929443	-3.198473	1.419847	-1.320611	2.612742
0.129883	-0.187256	0.907715	-2.816794	2.099237	-1.435115	2.623174
0.128906	-0.177490	0.912842	-2.725191	2.633588	-1.572519	2.633839
0.136475	-0.173828	0.920410	-3.213740	3.374046	-1.664122	2.644442
0.140137	-0.172852	0.938721	-2.885496	3.297710	-1.351145	2.654797
0.138916	-0.177490	0.952637	-3.396947	2.687023	-1.152672	2.665622
0.134033	-0.183594	0.954834	-3.267176	1.954198	-1.267176	2.675753
0.128906	-0.177734	0.956299	-3.251908	1.702290	-1.236641	2.686530
0.125977	-0.174316	0.949707	-3.572519	1.282443	-1.335878	2.696681
0.125488	-0.176758	0.934082	-2.862595	0.862595	-1.580153	2.707073
0.125000	-0.167480	0.933594	-3.167939	0.916031	-1.328244	2.717393
0.129883	-0.165771	0.936768	-3.755725	1.770992	-1.160305	2.727928
0.129395	-0.170898	0.936523	-3.251908	1.526718	-0.854962	2.738590
0.134521	-0.165039	0.947998	-3.320611	1.587786	-0.717557	2.748958
0.126465	-0.174561	0.944824	-3.396947	1.297710	-0.152672	2.759332
0.130859	-0.177490	0.939697	-3.435115	1.114504	-0.748092	2.769618
0.127197	-0.168457	0.935547	-3.091603	0.694656	-0.961832	2.780044
0.124512	-0.174072	0.928467	-3.091603	0.725191	-0.992366	2.790346
0.132080	-0.170898	0.918213	-3.053435	0.618321	-0.526718	2.800858
0.130859	-0.182617	0.926758	-3.351145	1.396947	-0.694656	2.811350
0.131104	-0.166016	0.924316	-3.442748	1.183206	-0.541985	2.821714
0.126709	-0.172363	0.934326	-2.893130	0.923664	-0.480916	2.832065
0.131104	-0.178467	0.932129	-2.687023	1.595420	-0.351145	2.842674
0.129395	-0.177734	0.928223	-2.526718	1.786260	-0.702290	2.852926
0.121826	-0.179932	0.918945	-3.152672	1.885496	-0.893130	2.863219
0.133057	-0.182617	0.925537	-3.572519	1.648855	-1.000000	2.873586
0.125977	-0.178711	0.935791	-3.213740	1.969466	-1.053435	2.884068
0.128174	-0.170654	0.931641	-2.969466	1.893130	-0.984733	2.894304
0.126221	-0.171631	0.932861	-2.374046	2.015267	-1.473282	2.904944
0.129150	-0.161377	0.935791	-2.351145	2.030534	-1.083969	2.915103
0.131348	-0.168701	0.956299	-2.801527	1.687023	-0.694656	2.925562
0.129395	-0.170166	0.954834	-3.603053	0.916031	-0.465649	2.935808
0.130615	-0.168213	0.941895	-4.122137	0.946565	-0.221374	2.946184
0.120361	-0.169678	0.937744	-4.549618	0.961832	-0.145038	2.956494
0.127930	-0.167236	0.942139	-4.267176	0.877863	-0.129771	2.966882
0.136719	-0.179932	0.934570	-3.503817	0.931298	-0.038168	2.977006
0.133057	-0.176270	0.931152	-3.183206	0.877863	-0.206107	2.986736
0.127686	-0.172852	0.930664	-3.549618	1.274809	-0.045802	2.996176
0.124268	-0.191650	0.938965	-3.694656	1.320611	-0.137405	3.006157
0.123291	-0.191650	0.937988	-3.267176	0.725191	-0.809160	3.017105
0.125000	-0.180176	0.946289	-2.427481	0.450382	-1.358779	3.027234
0.129150	-0.169678	0.935547	-3.022901	0.290076	-1.190840	3.037682
0.126465	-0.173828	0.941162	-3.358779	0.290076	-1.007634	3.047942
0.124756	-0.175781	0.942627	-3.244275	-0.061069	-1.137405	3.058357
0.127930	-0.169189	0.932617	-3.618321	-0.076336	-1.374046	3.068672
0.127686	-0.165283	0.911621	-3.633588	0.183206	-1.343511	3.079076
0.133545	-0.158447	0.909668	-3.862595	0.564885	-0.671756	3.089530
0.135254	-0.156494	0.898682	-4.625954	1.145038	-0.290076	3.099647
0.132568	-0.173096	0.903076	-4.335878	1.885496	-0.129771	3.109323
0.135498	-0.173096	0.912598	-4.320611	2.740458	-0.274809	3.119824
0.130371	-0.187256	0.919189	-4.030534	2.847328	-0.511450	3.130595
0.124512	-0.185303	0.937988	-3.442748	2.595420	-0.770992	3.140775
0.128662	-0.183838	0.951416	-3.053435	2.038168	-1.022901	3.151446
0.131836	-0.183350	0.949219	-2.167939	1.702290	-1.854962	3.161623
0.134033	-0.170410	0.932373	-0.984733	1.839695	-2.358779	3.172191
0.129150	-0.159180	0.948242	-1.541985	1.381679	-2.213740	3.182605
0.124023	-0.147705	0.954346	-2.274809	1.000000	-1.328244	3.193211
0.139893	-0.142334	0.940186	-3.099237	0.770992	-0.427481	3.202883
0.125977	-0.147217	0.950928	-3.931298	0.610687	0.297710	3.212411
0.124023	-0.160889	0.928223	-4.030534	1.015267	0.816794	3.222752
0.139648	-0.174561	0.939697	-2.938931	1.091603	0.244275	3.233887
0.125977	-0.178711	0.932861	-2.305344	1.343511	-0.007634	3.243515
0.126953	-0.166748	0.937744	-2.740458	1.198473	-0.076336	3.253184
0.126221	-0.168213	0.941895	-3.229008	1.038168	0.129771	3.263624
0.128418	-0.176758	0.934570	-3.458015	0.755725	0.488550	3.273282
0.125244	-0.177490	0.949463	-3.839695	0.694656	0.312977	3.284214
0.136230	-0.181396	0.933350	-4.106870	1.259542	0.526718	3.294028
0.139893	-0.175537	0.937500	-3.709924	1.045802	0.389313	3.304095
0.128906	-0.179199	0.935059	-4.381679	1.251908	0.328244	3.315177
0.129883	-0.190430	0.938721	-5.229008	1.389313	0.236641	3.325469
0.130859	-0.177490	0.928467	-5.954198	1.374046	0.312977	3.336152
0.128418	-0.184814	0.933838	-5.671756	1.404580	-0.007634	3.346372
0.126221	-0.194336	0.928955	-4.832061	0.862595	-0.290076	3.356834
0.131104	-0.185547	0.938721	-4.145038	0.564885	-0.717557	3.367032
0.123535	-0.177979	0.932617	-4.152672	0.503817	-1.000000	3.378148
0.126953	-0.176025	0.933350	-4.213740	0.557252	-1.175573	3.388612
0.131348	-0.182129	0.931885	-3.923664	0.312977	-1.389313	3.399060
0.140137	-0.179932	0.927734	-3.045802	0.717557	-1.534351	3.408637
0.125732	-0.164795	0.925293	-2.702290	0.786260	-1.083969	3.419334
0.123047	-0.164551	0.942383	-3.083969	1.259542	-0.816794	3.429943
0.124268	-0.173828	0.943115	-3.458015	1.152672	-0.618321	3.440081
0.128418	-0.181152	0.957764	-3.870229	0.648855	-0.671756	3.450506
0.132568	-0.185791	0.946289	-3.931298	0.015267	-0.435115	3.460754
0.129639	-0.165283	0.934082	-4.030534	-0.442748	-0.022901	3.471181
0.129395	-0.173096	0.921143	-3.717557	-0.374046	0.183206	3.481622
0.129883	-0.176758	0.907715	-4.068702	0.465649	-1.954198	3.491852
0.127686	-0.181152	0.912109	-3.908397	1.175573	0.038168	3.502284
0.127441	-0.186768	0.910889	-3.419847	2.145038	-0.114504	3.514318
0.130371	-0.172119	0.925781	-2.862595	2.198473	-0.847328	3.525623
0.128418	-0.178955	0.924072	-3.099237	2.305344	-1.137405	3.535918
0.128174	-0.177246	0.928955	-3.259542	2.732824	-0.977099	3.546156
0.127441	-0.177734	0.940186	-3.458015	2.694656	-0.977099	3.556573
0.130615	-0.172852	0.944824	-2.809160	2.251908	-0.809160	3.566855
0.130615	-0.175781	0.939697	-2.694656	1.809160	-0.687023	3.577193
0.137939	-0.170898	0.946289	-2.450382	1.473282	-0.335878	3.587438
0.132812	-0.169678	0.942871	-2.877863	1.145038	-0.213740	3.597544
0.128418	-0.174316	0.937012	-3.274809	1.114504	-0.183206	3.608031
0.128418	-0.168701	0.938477	-3.419847	1.038168	-0.068702	3.618330
0.129883	-0.177734	0.929199	-4.274809	1.236641	0.259542	3.628747
0.126709	-0.186035	0.929932	-4.045802	1.625954	0.297710	3.639499
0.125000	-0.187500	0.921143	-4.206107	2.114504	-0.076336	3.649564
0.132812	-0.185791	0.951660	-3.282443	2.038168	-0.702290	3.659800
0.130859	-0.175781	0.933838	-3.022901	1.984733	-0.664122	3.670466
0.128174	-0.182617	0.941162	-2.641221	1.549618	-0.557252	3.680856
0.129395	-0.166260	0.945312	-2.022901	1.007634	-0.274809	3.691399
0.132324	-0.159180	0.936768	-3.122137	0.977099	0.259542	3.701363
0.127441	-0.172607	0.933350	-3.938931	1.061069	0.488550	3.711736
0.123779	-0.184570	0.920410	-3.961832	1.297710	0.305344	3.722064
0.116943	-0.182373	0.928223	-3.152672	1.404580	-0.007634	3.732767
0.126953	-0.173828	0.936279	-1.709924	1.381679	-0.045802	3.743155
0.122314	-0.161133	0.927002	-0.946565	0.992366	-0.030534	3.753188
0.128174	-0.158936	0.934814	-0.290076	1.763359	0.312977	3.763774
0.130859	-0.152100	0.947510	-0.175573	1.503817	0.793893	3.774266
0.136719	-0.164062	0.951172	-0.557252	1.488550	1.190840	3.784857
0.127930	-0.171631	0.940430	0.099237	1.114504	1.312977	3.795221
0.126953	-0.179688	0.956299	1.061069	1.549618	0.748092	3.805544
0.127686	-0.178711	0.964600	1.007634	0.519084	0.862595	3.815611
0.125488	-0.156494	0.976562	-0.198473	-0.694656	0.946565	3.826183
0.122803	-0.169189	0.945801	-2.038168	-0.633588	1.389313	3.836669
0.130371	-0.171631	0.938232	-3.152672	-1.053435	1.450382	3.846341
0.126953	-0.182129	0.921387	-3.099237	-1.160305	1.458015	3.856711
0.126465	-0.183594	0.920654	-2.503817	-0.740458	1.450382	3.866442
0.122070	-0.187256	0.921875	-2.671756	-0.091603	1.198473	3.877722
0.124268	-0.190674	0.920166	-2.847328	0.282443	1.000000	3.888681
0.130615	-0.190674	0.918945	-2.938931	0.396947	0.335878	3.898898
0.127197	-0.183105	0.903564	-3.343511	1.244275	0.473282	3.909062
0.125732	-0.178711	0.917480	-3.465649	1.442748	0.435115	3.919183
0.135986	-0.175537	0.920654	-3.458015	2.007634	0.259542	3.930068
0.135010	-0.163818	0.922363	-4.198473	2.343511	0.740458	3.940489
0.127930	-0.163330	0.927734	-5.954198	1.625954	1.854962	3.950618
0.135010	-0.181641	0.927246	-7.740458	1.251908	2.633588	3.961248
0.133301	-0.214355	0.905029	-7.022901	1.297710	2.190840	3.972009
0.133789	-0.223389	0.913818	-4.580153	1.328244	0.381679	3.982254
0.132812	-0.225586	0.924072	-1.809160	1.694656	-1.106870	3.990628
0.134033	-0.215576	0.933350	0.145038	2.137405	-1.778626	3.998991
0.123291	-0.211670	0.927734	1.381679	2.816794	-2.816794	4.007124
0.125977	-0.193604	0.925537	2.160305	2.656489	-3.221374	4.015592
0.123291	-0.186768	0.944092	1.328244	2.091603	-3.740458	4.023644
0.129395	-0.177490	0.919922	0.305344	2.366412	-3.671756	4.032602
0.131592	-0.171875	0.924561	-0.732824	3.122137	-3.381679	4.041022
0.127686	-0.159912	0.931396	-1.656489	3.229008	-2.923664	4.049435
0.127197	-0.153076	0.940674	-3.290076	3.816794	-2.274809	4.057528
0.125244	-0.169189	0.953125	-4.206107	3.366412	-1.687023	4.065876
0.124268	-0.182373	0.957031	-4.297710	2.938931	-2.007634	4.074333
0.125000	-0.163818	0.959473	-3.877863	2.618321	-2.030534	4.082641
0.120117	-0.159180	0.961670	-3.671756	1.778626	-1.839695	4.091065
0.132812	-0.165771	0.954346	-3.633588	2.099237	-2.000000	4.099428
0.123779	-0.156738	0.953125	-3.030534	2.259542	-2.152672	4.107660
0.128418	-0.154053	0.953613	-2.603053	1.709924	-1.809160	4.115989
0.128418	-0.140625	0.959961	-2.511450	0.992366	-1.175573	4.123896
0.120361	-0.130615	0.976807	-3.778626	0.221374	-0.335878	4.132661
0.126221	-0.143066	0.954590	-5.351145	-0.145038	0.648855	4.140983
0.125244	-0.148926	0.955566	-6.320611	-0.458015	1.458015	4.149414
0.120117	-0.157959	0.943604	-7.015267	-1.022901	1.885496	4.157678
0.130127	-0.165039	0.943359	-7.572519	-0.969466	2.259542	4.165757
0.134766	-0.161621	0.923096	-8.114504	-1.114504	2.610687	4.174277
0.132568	-0.173096	0.936768	-8.274809	-0.534351	2.786260	4.182760
0.127441	-0.181396	0.929443	-8.305344	-0.480916	2.656489	4.191124
0.133301	-0.195557	0.933105	-6.984733	-0.564885	1.961832	4.199533
0.123291	-0.194824	0.934326	-5.297710	-0.610687	1.267176	4.207577
0.129639	-0.196777	0.923828	-4.160305	-0.931298	0.656489	4.216027
0.131348	-0.208008	0.918213	-2.152672	-0.587786	0.305344	4.224168
0.126465	-0.199463	0.917480	-0.709924	-0.374046	-0.427481	4.232952
0.129150	-0.203125	0.922119	-0.175573	0.167939	-1.175573	4.241248
0.134277	-0.193604	0.906738	-0.259542	0.473282	-1.816794	4.249576
0.125000	-0.175049	0.915283	-1.351145	1.091603	-1.854962	4.257869
0.133789	-0.167236	0.910156	-2.671756	1.732824	-1.641221	4.266249
0.132812	-0.157227	0.906250	-3.412214	2.000000	-1.335878	4.274632
0.126221	-0.160156	0.927002	-4.129771	2.267176	-0.450382	4.283121
0.129639	-0.181885	0.941650	-4.160305	1.778626	-0.290076	4.291557
0.129639	-0.170166	0.943115	-4.755725	1.297710	-0.229008	4.299875
0.126709	-0.171875	0.941650	-5.175573	0.854962	0.030534	4.308279
0.129883	-0.175293	0.936768	-5.206107	1.000000	0.175573	4.316366
0.126465	-0.186768	0.934814	-5.244275	0.801527	-0.053435	4.324826
0.131104	-0.184570	0.940186	-4.709924	0.824427	-0.068702	4.333458
0.125732	-0.183105	0.939209	-3.923664	0.870229	-0.099237	4.341791
0.124756	-0.181641	0.941162	-3.832061	0.770992	-0.480916	4.350075
0.130371	-0.179199	0.921387	-3.427481	0.832061	-0.305344	4.358380
0.140381	-0.172607	0.924561	-3.442748	1.519084	-0.251908	4.366429
0.125977	-0.166992	0.935303	-4.381679	1.587786	0.015267	4.374971
0.130859	-0.181641	0.946289	-5.396947	1.900763	0.381679	4.383312
0.131104	-0.191650	0.939453	-5.664122	1.381679	0.503817	4.391491
0.128662	-0.190186	0.945068	-5.526718	1.694656	0.236641	4.400364
0.129150	-0.195312	0.937988	-5.435115	1.152672	-0.229008	4.408771
0.120850	-0.190918	0.941650	-4.847328	0.305344	-0.511450	4.416961
0.121582	-0.180664	0.928955	-4.435115	0.167939	-0.648855	4.425564
0.126709	-0.186523	0.903809	-4.343511	0.389313	-0.755725	4.433979
0.125732	-0.189941	0.901855	-4.022901	0.862595	-1.068702	4.442252
0.119385	-0.202393	0.903076	-6.442748	2.572519	-2.358779	4.450700
0.132324	-0.190186	0.913086	-1.526718	2.580153	-1.717557	4.459016
0.128906	-0.181396	0.921387	-1.931298	2.633588	-1.702290	4.467237
0.131836	-0.188965	0.925049	-0.549618	2.702290	-1.916031	4.475626
0.134521	-0.184082	0.941406	-1.160305	3.198473	-2.152672	4.484467
0.126953	-0.171143	0.953369	-1.755725	2.732824	-1.618321	4.492381
0.125000	-0.183594	0.951904	-2.664122	2.404580	-1.351145	4.500143
0.135254	-0.176758	0.953369	-2.648855	1.519084	-1.015267	4.507655
0.126465	-0.178955	0.935791	-3.213740	1.511450	-0.931298	4.515302
0.121582	-0.177002	0.950684	-3.885496	0.885496	-0.816794	4.522813
0.126221	-0.175537	0.937744	-4.526718	0.541985	-0.664122	4.530503
0.130371	-0.176270	0.943848	-4.641221	0.374046	-0.679389	4.539379
0.133057	-0.184814	0.933105	-4.213740	0.312977	-0.793893	4.547735
0.129150	-0.196777	0.926758	-3.519084	0.389313	-0.954198	4.556518
0.133057	-0.176758	0.933105	-2.656489	0.534351	-1.068702	4.564639
0.129150	-0.180664	0.927246	-2.244275	1.267176	-1.038168	4.572718
0.131348	-0.169434	0.919434	-2.419847	1.404580	-0.625954	4.581380
0.127197	-0.176025	0.928223	-2.809160	2.061069	-0.564885	4.589778
0.121338	-0.179688	0.946045	-3.053435	2.343511	-0.526718	4.598116
0.125000	-0.176514	0.932861	-3.198473	1.946565	-0.343511	4.606564
0.128906	-0.166260	0.940186	-3.366412	1.893130	-0.190840	4.614984
0.131592	-0.174072	0.940186	-3.229008	1.633588	-0.045802	4.623163
0.126221	-0.180908	0.928711	-2.732824	1.381679	-0.320611	4.631691
0.129395	-0.173096	0.926758	-2.969466	1.732824	0.038168	4.639986
0.126953	-0.179443	0.937988	-2.717557	1.717557	0.206107	4.648400
0.133545	-0.184082	0.933350	-2.580153	1.580153	0.465649	4.656839
0.133301	-0.183350	0.939941	-2.580153	1.885496	0.503817	4.665231
0.133789	-0.187012	0.939941	-2.610687	1.832061	0.351145	4.673231
0.126709	-0.187500	0.930908	-2.618321	2.015267	0.198473	4.681771
0.129883	-0.181396	0.930420	-2.908397	2.099237	0.206107	4.690240
0.132812	-0.187012	0.931885	-4.236641	1.854962	0.374046	4.698481
0.128662	-0.180176	0.927490	-4.969466	1.755725	0.534351	4.706881
0.130615	-0.175049	0.929443	-6.343511	1.702290	0.687023	4.715241
0.133301	-0.180664	0.946777	-7.717557	1.564885	1.076336	4.723329
0.133057	-0.188965	0.943848	-7.167939	1.923664	1.351145	4.731918
0.132812	-0.198730	0.960205	-5.305344	1.435115	0.946565	4.739947
0.129395	-0.202148	0.972412	-3.312977	1.503817	0.114504	4.748796
0.136719	-0.217041	0.965088	-1.000000	1.496183	-0.656489	4.756940
0.105713	-0.222412	0.957275	-2.793893	-0.496183	-3.885496	4.764790
0.120117	-0.188232	0.964355	-0.687023	-1.488550	-1.992366	4.772526
0.116455	-0.190430	0.915039	-1.931298	-2.259542	-1.801527	4.780170
0.120117	-0.184082	0.895264	-1.526718	-0.870229	-1.923664	4.791611
0.123047	-0.169434	0.883545	-1.809160	0.053435	-1.648855	4.801717
0.122559	-0.171631	0.892578	-2.847328	0.954198	-0.908397	4.812293
0.117920	-0.178711	0.890137	-4.007634	2.358779	-0.748092	4.822312
0.122803	-0.187256	0.894287	-4.908397	3.007634	-0.809160	4.832730
0.116943	-0.183105	0.916504	-4.450382	3.648855	-0.893130	4.843288
0.118896	-0.182861	0.893311	-3.740458	3.458015	-0.839695	4.853286
0.117432	-0.186035	0.897949	-2.160305	3.801527	-1.114504	4.863671
0.123047	-0.178955	0.900146	-1.809160	4.656489	-1.580153	4.873767
0.118652	-0.161133	0.910156	-1.679389	5.404580	-1.458015	4.883791
0.139648	-0.164551	0.913086	-0.664122	3.916031	-1.007634	4.894577
0.123047	-0.176025	0.923096	-0.053435	6.343511	-0.908397	4.904729
0.123291	-0.164551	0.927490	-0.618321	6.381679	-0.473282	4.915125
0.123291	-0.165039	0.926514	-1.145038	5.114504	0.167939	4.925851
0.120361	-0.162109	0.942871	-1.160305	6.038168	1.083969	4.936134
0.120850	-0.176514	0.972900	-3.160305	5.099237	1.236641	4.946503
0.128174	-0.183105	0.967285	-2.328244	6.473282	-0.076336	4.956976
0.113770	-0.185059	0.989014	0.358779	2.717557	-1.328244	4.967486
0.133301	-0.182129	0.958984	3.732824	1.229008	-0.854962	4.977736
0.132080	-0.170166	0.935791	4.099237	1.114504	-1.312977	4.987972
0.123291	-0.162842	0.935791	2.435115	2.190840	-0.587786	4.998528
0.118164	-0.156250	0.952637	-0.099237	2.259542	-0.030534	5.009204
0.117432	-0.165771	0.936768	-2.320611	1.664122	0.541985	5.019444
0.121582	-0.175781	0.945312	-3.709924	2.129771	0.916031	5.029448
0.126465	-0.184082	0.966797	-3.938931	2.015267	0.687023	5.039833
0.125732	-0.197266	0.975098	-4.427481	1.702290	0.045802	5.050332
0.123047	-0.194824	0.970703	-2.931298	0.664122	-0.931298	5.060997
0.125000	-0.186035	0.968018	-2.931298	0.862595	-0.977099	5.071352
0.123291	-0.186279	0.968018	-1.786260	0.763359	-0.893130	5.081457
0.117432	-0.182861	0.976318	-1.610687	0.290076	-1.503817	5.092005
0.113770	-0.163818	0.951172	-2.183206	-0.572519	-1.259542	5.102329
0.120605	-0.164795	0.940186	-3.610687	-0.290076	-0.587786	5.112578
0.117920	-0.163818	0.924316	-4.961832	0.083969	-0.114504	5.122745
0.116943	-0.166260	0.932373	-4.770992	0.229008	0.526718	5.132592
0.119141	-0.179688	0.941406	-4.854962	0.343511	0.923664	5.142913
0.123291	-0.186523	0.941162	-4.610687	0.106870	0.511450	5.152857
0.119873	-0.180664	0.949707	-4.198473	-0.625954	0.122137	5.163541
0.114502	-0.183105	0.932861	-3.946565	-0.832061	-0.160305	5.173946
0.117188	-0.183105	0.915283	-3.923664	-0.877863	-0.068702	5.184093
0.120361	-0.181885	0.910889	-4.190840	-0.664122	-0.122137	5.194574
0.126465	-0.182861	0.912598	-4.748092	-0.076336	-0.053435	5.205103
0.130615	-0.189453	0.926270	-5.396947	0.732824	0.122137	5.215177
0.119629	-0.196777	0.932617	-4.748092	0.709924	-0.381679	5.225453
0.127441	-0.196045	0.934814	-4.198473	0.717557	-0.916031	5.235740
0.125000	-0.195312	0.924805	-4.290076	0.893130	-1.251908	5.246471
0.123047	-0.190674	0.925781	-3.656489	1.061069	-1.488550	5.256673
0.113281	-0.186523	0.927246	-3.763359	1.091603	-1.862595	5.267019
0.117676	-0.188232	0.937744	-3.625954	1.297710	-1.816794	5.277200
0.111084	-0.186768	0.948242	-3.396947	0.648855	-2.091603	5.287489
0.117920	-0.186035	0.941650	-3.938931	0.190840	-2.343511	5.297962
0.119385	-0.175781	0.931885	-4.656489	0.366412	-2.274809	5.308485
0.126465	-0.184814	0.925781	-3.938931	0.885496	-2.847328	5.318740
0.121094	-0.174316	0.923828	-3.053435	1.198473	-2.702290	5.329032
0.112061	-0.161865	0.937744	-2.839695	1.503817	-2.099237	5.338955
0.123291	-0.179688	0.953125	-2.709924	0.564885	-1.648855	5.349650
0.116211	-0.182861	0.931396	-3.541985	0.045802	-2.061069	5.360014
0.112305	-0.168701	0.935059	-3.984733	0.114504	-1.885496	5.370271
0.117432	-0.167236	0.926025	-4.587786	0.374046	-1.282443	5.380699
0.113770	-0.173584	0.918945	-4.839695	0.740458	-1.435115	5.390930
0.118652	-0.180420	0.920166	-4.229008	1.526718	-1.801527	5.401282
0.117432	-0.170166	0.926270	-3.801527	2.442748	-1.992366	5.411551
0.114258	-0.171875	0.942627	-3.122137	2.648855	-1.961832	5.421846
0.119873	-0.169189	0.958984	-2.694656	1.709924	-1.900763	5.432168
0.130615	-0.163818	0.964111	-1.969466	0.282443	-1.343511	5.442092
0.124268	-0.153320	0.933350	-2.992366	-0.679389	-0.641221	5.452510
0.123291	-0.171143	0.929932	-2.541985	0.129771	-0.656489	5.462930
0.124512	-0.172607	0.932861	-1.053435	0.282443	-0.984733	5.473327
0.120850	-0.184082	0.928711	1.083969	0.480916	-1.511450	5.483546
0.117676	-0.197510	0.916260	3.778626	0.854962	-2.496183	5.493795
0.109131	-0.188965	0.910156	7.259542	1.328244	-3.648855	5.504291
0.114746	-0.169678	0.906250	10.335878	1.374046	-4.473282	5.516910
0.114502	-0.149658	0.903809	9.534351	1.824427	-4.320611	5.527371
0.125000	-0.134277	0.896484	6.656489	2.778626	-3.290076	5.537806
0.121826	-0.120117	0.932373	2.312977	3.152672	-1.603053	5.548529
0.122070	-0.141846	0.946777	-0.900763	2.824427	-0.015267	5.558539
0.114502	-0.153076	0.947998	-3.167939	2.000000	0.755725	5.569145
0.124756	-0.161865	0.967773	-6.083969	1.312977	0.709924	5.579628
0.127686	-0.166260	0.913086	-3.923664	0.870229	0.893130	5.590131
0.130859	-0.156250	0.920654	-2.725191	2.022901	1.030534	5.600467
0.130615	-0.180176	0.937988	-3.992366	2.320611	0.931298	5.611166
0.127930	-0.188477	0.929932	-3.267176	2.251908	0.549618	5.621320
0.124756	-0.178223	0.948242	-1.343511	2.229008	0.083969	5.631834
0.125000	-0.178955	0.960693	-2.038168	2.587786	-0.106870	5.642169
0.125244	-0.180420	0.982178	-2.259542	1.671756	-0.656489	5.652851
0.125977	-0.178955	0.976807	-2.282443	0.587786	-0.709924	5.662931
0.121826	-0.176270	0.955811	-1.770992	0.091603	-1.038168	5.672607
0.119141	-0.177979	0.957275	-0.412214	-0.106870	-1.259542	5.682458
0.115967	-0.168945	0.965820	1.145038	-0.977099	-2.076336	5.693437
0.112305	-0.156006	0.944336	2.870229	-1.396947	-2.404580	5.703797
0.120361	-0.142090	0.941895	4.022901	-1.312977	-2.198473	5.713730
0.136230	-0.151855	0.941895	5.022901	-1.198473	-1.824427	5.724320
0.128418	-0.130127	0.940186	3.580153	-1.122137	-0.832061	5.734749
0.121338	-0.138184	0.951660	-0.190840	-1.030534	0.427481	5.745252
0.123047	-0.141113	0.956055	-3.343511	-1.396947	1.534351	5.755587
0.123535	-0.151367	0.942871	-5.061069	-1.717557	2.236641	5.765685
0.127197	-0.166260	0.938965	-6.442748	-1.717557	2.511450	5.775340
0.132324	-0.172363	0.920654	-6.244275	-1.114504	1.916031	5.785507
0.127686	-0.160156	0.913330	-6.412214	-0.854962	1.503817	5.795897
0.127930	-0.171631	0.909912	-6.465649	-0.206107	1.473282	5.806317
0.129639	-0.178955	0.919434	-5.328244	0.580153	0.740458	5.816703
0.134033	-0.177002	0.921387	-3.946565	0.793893	0.396947	5.827008
0.122803	-0.177246	0.937500	-2.801527	0.213740	0.229008	5.837350
0.123291	-0.176758	0.942627	-2.503817	-0.526718	-0.083969	5.848060
0.119629	-0.166016	0.928467	-2.679389	-0.656489	-0.305344	5.858268
0.128662	-0.164551	0.905029	-3.000000	-0.396947	0.229008	5.868599
0.127197	-0.163086	0.899170	-3.702290	0.931298	0.389313	5.878710
0.129883	-0.160400	0.903809	-4.175573	2.167939	0.381679	5.889037
0.127441	-0.165283	0.923584	-5.030534	3.259542	0.190840	5.899282
0.122070	-0.175781	0.929443	-5.099237	4.053435	-0.015267	5.909838
0.122314	-0.166992	0.953613	-5.297710	3.694656	-0.213740	5.920236
0.122803	-0.164062	0.947266	-5.366412	2.885496	-0.343511	5.930425
0.122803	-0.170410	0.951660	-4.755725	2.152672	-0.564885	5.941065
0.119385	-0.164307	0.961670	-4.587786	1.000000	-0.442748	5.951273
0.122559	-0.157959	0.953369	-5.503817	0.625954	-0.251908	5.961572
0.127197	-0.157471	0.945312	-6.671756	0.778626	-0.160305	5.971902
0.125488	-0.158203	0.951660	-7.366412	0.496183	0.053435	5.981899
0.120850	-0.160400	0.942871	-7.259542	0.541985	0.259542	5.991518
0.125977	-0.159912	0.935791	-6.312977	0.648855	0.595420	6.001029
0.131104	-0.165283	0.928223	-5.007634	0.702290	0.664122	6.012012
0.130371	-0.163574	0.947510	-4.824427	1.183206	0.992366	6.022560
0.127686	-0.172119	0.947266	-5.015267	0.770992	1.068702	6.032819
0.126465	-0.181396	0.956543	-4.732824	0.106870	0.580153	6.043319
0.123047	-0.177490	0.954346	-4.404580	-0.328244	0.160305	6.053418
0.133301	-0.178223	0.951660	-4.580153	-0.595420	-0.045802	6.063781
0.129150	-0.170654	0.931396	-4.687023	-0.580153	-0.175573	6.074061
0.135254	-0.167236	0.933838	-5.312977	-0.564885	-1.954198	6.084438
0.127930	-0.177246	0.937500	-6.083969	-0.328244	0.603053	6.094831
0.132080	-0.180420	0.933350	-6.335878	0.000000	0.740458	6.105010
0.130371	-0.178467	0.935303	-6.702290	0.282443	0.450382	6.115391
0.139893	-0.186279	0.939941	-7.618321	-0.183206	0.458015	6.125814
0.128418	-0.192871	0.927734	-7.931298	-0.442748	0.114504	6.136222
0.131836	-0.184082	0.930908	-7.038168	-1.000000	-0.503817	6.146765
0.107666	-0.163574	0.927246	-7.358779	0.671756	0.038168	6.156911
0.128174	-0.173340	0.940186	-7.534351	-0.122137	-0.427481	6.167349
0.128906	-0.176270	0.937012	-7.618321	-0.335878	-0.282443	6.178052
0.127930	-0.169922	0.916992	-7.984733	-0.183206	-0.114504	6.188211
0.123779	-0.177734	0.929199	-7.473282	-0.030534	0.145038	6.198856
0.124512	-0.181885	0.950439	-7.053435	0.007634	0.083969	6.209124
0.123047	-0.183594	0.926758	-6.343511	-0.366412	-0.389313	6.219160
0.128906	-0.186279	0.930664	-5.954198	-0.114504	-0.519084	6.229853
0.128662	-0.195312	0.924805	-4.885496	1.946565	-1.129771	6.240232
0.130371	-0.192627	0.930176	-3.145038	0.053435	-1.740458	6.250536
0.125977	-0.184814	0.923340	-2.198473	1.946565	-2.251908	6.260759
0.129639	-0.167969	0.917969	-2.122137	0.267176	-2.175573	6.270980
0.130371	-0.163086	0.912598	-2.473282	1.320611	-1.778626	6.281608
0.139160	-0.154785	0.912598	-3.519084	0.526718	-0.931298	6.292362
0.131348	-0.175293	0.908203	-4.152672	1.625954	-0.473282	6.302786
0.131836	-0.176758	0.933105	-4.748092	2.114504	-0.229008	6.312545
0.131348	-0.172363	0.938232	-5.022901	1.961832	-0.328244	6.323297
0.133789	-0.181885	0.939697	-4.908397	0.923664	-0.206107	6.333613
0.136719	-0.180420	0.934570	-5.244275	1.160305	-0.305344	6.344438
0.130127	-0.175293	0.932861	-5.015267	1.664122	-0.251908	6.354986
0.126709	-0.179443	0.947754	-4.305344	1.190840	-0.549618	6.365130
0.132812	-0.171387	0.954102	-4.175573	0.412214	-0.091603	6.375330
0.130127	-0.188232	0.944580	-5.862595	-0.312977	-0.419847	6.385984
0.131592	-0.177002	0.937744	-3.290076	-0.137405	-0.870229	6.396581
0.128174	-0.174805	0.932129	-3.603053	1.946565	-0.427481	6.406727
0.122803	-0.171875	0.931885	-3.694656	-0.343511	0.312977	6.416544
0.129150	-0.168213	0.922852	-4.335878	0.152672	0.900763	6.426633
0.134033	-0.176758	0.927246	-4.236641	0.526718	1.083969	6.437186
0.130371	-0.180664	0.931885	-4.885496	0.793893	1.068702	6.447684
0.130371	-0.195557	0.944336	-4.641221	0.160305	0.961832	6.457919
0.129150	-0.190186	0.928711	-5.038168	-0.297710	0.580153	6.468581
0.138184	-0.179443	0.923584	-5.412214	0.381679	0.519084	6.478805
0.131592	-0.194092	0.946045	-5.244275	0.465649	0.335878	6.489681
0.131104	-0.197754	0.935059	-4.442748	0.396947	0.099237	6.500083
0.133057	-0.197754	0.924561	-3.893130	0.458015	-0.221374	6.510479
0.135986	-0.194580	0.927734	-3.641221	0.396947	-0.854962	6.520822
0.133545	-0.190674	0.930420	-3.450382	0.473282	-0.969466	6.531343
0.139893	-0.172852	0.925049	-3.877863	0.022901	-0.274809	6.541696
0.142334	-0.176758	0.932861	-6.473282	0.916031	0.503817	6.552270
0.137695	-0.200928	0.929932	-7.145038	0.748092	0.816794	6.562512
0.140381	-0.203369	0.937988	-6.854962	0.755725	0.412214	6.572954
0.132568	-0.204346	0.945068	-5.480916	0.114504	0.427481	6.582982
0.135742	-0.205566	0.924316	-5.053435	-0.839695	-0.618321	6.593461
0.139893	-0.196533	0.911133	-5.702290	-0.503817	-1.038168	6.603866
0.135498	-0.188477	0.923096	-6.709924	0.580153	-0.916031	6.613916
0.130127	-0.182861	0.924316	-7.221374	1.038168	-0.816794	6.624148
0.127441	-0.196777	0.933838	-6.503817	1.541985	-0.938931	6.634894
0.135742	-0.197998	0.934570	-5.206107	1.580153	-1.465649	6.644987
0.135254	-0.190430	0.949707	-3.694656	1.381679	-1.954198	6.655814
0.129150	-0.189209	0.946533	-3.816794	0.648855	-2.061069	6.666004
0.127930	-0.179932	0.947510	-3.557252	0.068702	-1.984733	6.676354
0.123535	-0.186035	0.948486	-3.412214	-1.259542	-1.870229	6.686629
0.130371	-0.189697	0.918701	-3.587786	-0.946565	-1.396947	6.697101
0.126465	-0.179443	0.914795	-3.038168	-0.297710	-1.732824	6.707530
0.132080	-0.177490	0.917725	-2.740458	0.465649	-1.106870	6.717832
0.132080	-0.182861	0.925781	-3.335878	0.755725	-0.603053	6.728144
0.132080	-0.195801	0.906982	-4.244275	0.709924	-0.572519	6.738568
0.134766	-0.184814	0.909180	-4.816794	1.992366	-0.366412	6.749037
0.131836	-0.194092	0.921875	-5.717557	0.007634	-0.610687	6.759573
0.138428	-0.207764	0.919678	-4.770992	2.038168	-0.633588	6.769740
0.142334	-0.200684	0.924805	-4.145038	2.068702	-0.648855	6.779786
0.135010	-0.192627	0.931152	-3.412214	2.076336	-1.259542	6.790155
0.136719	-0.197266	0.936768	-2.435115	1.854962	-1.534351	6.800920
0.138672	-0.192871	0.938232	-3.458015	1.198473	-1.351145	6.811160
0.132568	-0.196533	0.931641	-3.893130	0.916031	-1.488550	6.821500
0.141113	-0.194336	0.925537	-4.137405	1.076336	-1.511450	6.832049
0.138916	-0.197266	0.942627	-4.076336	0.679389	-1.717557	6.842261
0.145020	-0.178223	0.939697	-2.931298	0.732824	-1.206107	6.852815
0.153809	-0.184082	0.930420	-3.702290	0.709924	-0.694656	6.863305
0.135986	-0.199463	0.916260	-4.312977	1.213740	-0.770992	6.873499
0.130859	-0.200684	0.943848	-3.435115	1.381679	-1.320611	6.884103
0.137451	-0.195557	0.943115	-3.053435	0.770992	-1.664122	6.894649
0.133545	-0.187988	0.918457	-2.839695	0.709924	-1.786260	6.905072
0.143555	-0.177246	0.926514	-2.717557	0.992366	-1.732824	6.915655
0.134033	-0.168701	0.935791	-3.145038	0.977099	-0.969466	6.926033
0.128662	-0.168213	0.927490	-3.900763	0.717557	-0.458015	6.936438
0.137939	-0.178223	0.925293	-4.335878	0.854962	-0.129771	6.946520
0.138916	-0.192139	0.931152	-5.145038	0.854962	0.198473	6.957086
0.132324	-0.201172	0.935791	-2.572519	1.801527	-0.641221	6.967711
0.130127	-0.167969	0.969727	-4.190840	-0.053435	-0.534351	6.977652
0.134521	-0.164307	0.925293	-4.229008	-0.770992	0.625954	6.988549
0.138428	-0.198486	0.907959	-5.190840	0.923664	0.709924	6.999100
0.144775	-0.210449	0.936523	-4.007634	1.106870	-0.358779	7.009683
0.140137	-0.200195	0.939209	-2.419847	0.748092	-0.992366	7.019982
0.136963	-0.188477	0.941162	-2.633588	0.167939	-0.557252	7.030342
0.143799	-0.189697	0.907715	-3.412214	-0.251908	-0.091603	7.040472
0.137451	-0.205322	0.933594	-4.732824	1.061069	-0.480916	7.050818
0.144775	-0.188721	0.902100	-5.145038	0.717557	-0.725191	7.060296
0.142334	-0.191650	0.920898	-5.725191	1.824427	0.358779	7.070482
0.153809	-0.202637	0.930908	-5.167939	0.755725	0.145038	7.081226
0.141357	-0.197510	0.922119	-5.351145	1.099237	0.480916	7.093230
0.138916	-0.203125	0.949463	-5.404580	1.160305	0.832061	7.105486
0.137207	-0.207520	0.926270	-3.862595	0.206107	0.335878	7.117421
0.135010	-0.210938	0.920898	-2.793893	0.832061	-0.603053	7.129560
0.136963	-0.205322	0.929932	-3.419847	1.412214	-0.854962	7.141449
0.132568	-0.203125	0.919434	-3.832061	2.000000	-0.954198	7.153615
0.136475	-0.189697	0.920654	-3.648855	1.755725	-0.641221	7.165795
0.139404	-0.199219	0.934326	-3.725191	2.076336	-0.076336	7.177771
0.130127	-0.205811	0.939453	-3.671756	1.496183	1.931298	7.188444
0.138672	-0.212402	0.950195	-3.992366	0.748092	-0.557252	7.198793
0.130615	-0.209961	0.929199	-3.473282	0.129771	-0.984733	7.209050
0.128418	-0.196289	0.914795	-2.938931	0.297710	-1.122137	7.219462
0.132812	-0.196045	0.905762	-2.992366	1.206107	-1.114504	7.229516
0.133301	-0.191406	0.898926	-2.885496	1.984733	-0.809160	7.240042
0.137695	-0.191650	0.913818	-3.213740	2.755725	-0.450382	7.250570
0.141113	-0.205322	0.916504	-4.015267	3.213740	-0.083969	7.261102
0.133301	-0.219727	0.927246	-4.312977	3.366412	-0.900763	7.271526
0.135742	-0.207031	0.933594	-4.396947	3.114504	-1.343511	7.281850
0.134277	-0.207764	0.949463	-4.145038	3.145038	-1.969466	7.292196
0.152344	-0.212891	0.947754	-3.938931	3.083969	-2.450382	7.302531
0.137695	-0.188721	0.964844	-3.648855	2.145038	-2.404580	7.313101
0.136230	-0.187256	0.959473	-3.954198	1.297710	-2.000000	7.323179
0.136230	-0.188477	0.951904	-4.114504	0.877863	-1.709924	7.333628
0.131592	-0.184082	0.939697	-3.541985	0.503817	-1.488550	7.343883
0.133301	-0.183594	0.937256	-3.580153	0.610687	-0.885496	7.354304
0.131592	-0.188721	0.927979	-3.656489	0.938931	-0.801527	7.364767
0.126953	-0.191406	0.932373	-3.931298	0.938931	-0.587786	7.375151
0.133545	-0.196533	0.928467	-4.145038	0.832061	-0.587786	7.385042
0.131592	-0.194092	0.938965	-2.557252	0.335878	-0.587786	7.395587
0.129150	-0.189697	0.937256	-2.396947	0.091603	-1.183206	7.405924
0.138184	-0.185547	0.922852	-2.122137	0.351145	-0.809160	7.416355
0.132812	-0.174316	0.918945	-2.160305	0.541985	-0.595420	7.426727
0.133301	-0.192383	0.921143	-3.274809	0.358779	-0.114504	7.436994
0.136963	-0.178467	0.934082	-3.770992	0.312977	0.389313	7.447650
0.135986	-0.197266	0.931152	-3.916031	0.465649	0.320611	7.458426
0.134521	-0.203369	0.930664	-3.839695	0.786260	0.282443	7.468721
0.137695	-0.196533	0.925537	-4.000000	0.748092	-0.145038	7.479049
0.139160	-0.197510	0.919189	-4.061069	1.091603	-0.007634	7.489118
0.137207	-0.191895	0.928955	-4.557252	1.625954	-0.091603	7.499805
0.137695	-0.200684	0.924561	-4.015267	1.091603	-0.106870	7.509613
0.132080	-0.201416	0.917969	-3.473282	1.129771	-0.274809	7.522913
0.137695	-0.195068	0.919922	-3.022901	1.435115	-0.343511	7.533517
0.136719	-0.197754	0.926025	-2.412214	2.145038	0.106870	7.543792
0.139893	-0.188232	0.924561	-2.564885	2.099237	0.251908	7.554183
0.137695	-0.211670	0.914795	-2.961832	2.687023	-0.145038	7.564647
0.136230	-0.210449	0.915039	-3.145038	2.839695	-0.297710	7.575332
0.128662	-0.254150	0.939697	-2.862595	2.427481	-1.343511	7.585780
0.132812	-0.196533	0.953125	-1.610687	1.083969	-1.015267	7.596022
0.130127	-0.181641	0.918213	-2.839695	1.213740	-0.572519	7.606319
0.136963	-0.198975	0.904785	-3.427481	2.404580	-0.229008	7.616800
0.139160	-0.208252	0.933594	-4.221374	2.603053	-0.648855	7.627199
0.134521	-0.225830	0.941895	-1.900763	1.396947	-1.251908	7.637509
0.130859	-0.206299	0.933594	-2.000000	1.160305	-1.343511	7.648316
0.135742	-0.199463	0.908447	-3.068702	1.625954	-1.419847	7.658870
0.133057	-0.213623	0.940186	-4.106870	2.198473	-1.427481	7.669292
0.132080	-0.209961	0.941162	-3.687023	1.687023	-1.870229	7.679539
0.129639	-0.196289	0.946289	-3.206107	1.015267	-1.541985	7.689674
0.137695	-0.189941	0.953125	-4.068702	1.366412	-0.740458	7.699438
0.136719	-0.211670	0.945557	-5.030534	1.519084	-0.641221	7.709735
0.126465	-0.212158	0.947510	-5.061069	0.503817	-0.961832	7.720124
0.134277	-0.207275	0.934814	-4.511450	-0.091603	-1.145038	7.730506
0.141602	-0.200928	0.921631	-4.717557	-0.053435	-1.381679	7.741040
0.139404	-0.198730	0.913330	-4.122137	0.106870	-1.389313	7.751545
0.139160	-0.192871	0.931396	-4.236641	0.625954	-1.198473	7.761995
0.136475	-0.189453	0.918701	-5.328244	0.580153	-0.885496	7.772286
0.136230	-0.201172	0.912842	-6.198473	1.175573	-0.801527	7.782572
0.136963	-0.202148	0.922852	-6.022901	1.450382	-1.045802	7.793288
0.129883	-0.197998	0.939209	-5.641221	1.290076	-0.786260	7.803788
0.129639	-0.208252	0.926270	-4.648855	0.893130	-0.832061	7.814061
0.142578	-0.207764	0.910889	-4.244275	0.938931	-1.068702	7.824398
0.136230	-0.208252	0.914062	-3.526718	1.633588	-1.427481	7.834819
0.129150	-0.196289	0.922119	-2.679389	1.549618	-1.740458	7.844880
0.132080	-0.189453	0.923340	-1.786260	1.694656	-1.580153	7.855466
0.137695	-0.181885	0.921631	-1.893130	2.389313	-0.977099	7.865911
0.138672	-0.191895	0.916748	-2.893130	2.832061	-0.618321	7.876017
0.131836	-0.197998	0.923096	-3.801527	3.297710	-0.709924	7.886376
0.133301	-0.195801	0.919434	-4.129771	3.030534	-0.625954	7.896621
0.134521	-0.205811	0.929443	-3.374046	3.007634	-0.664122	7.907218
0.136230	-0.207275	0.930420	-3.427481	3.015267	-0.954198	7.917458
0.131348	-0.202881	0.926758	-3.190840	2.984733	-0.893130	7.927817
0.137451	-0.200195	0.936035	-3.557252	3.358779	-0.770992	7.938282
0.136719	-0.197510	0.949707	-4.053435	2.618321	-0.702290	7.948349
0.131836	-0.202148	0.959717	-3.931298	1.809160	-0.564885	7.959035
0.131836	-0.203857	0.957520	-3.893130	0.839695	-0.977099	7.969548
0.132080	-0.198242	0.945801	-4.198473	0.251908	-0.923664	7.979827
0.133545	-0.195557	0.921875	-3.618321	0.061069	-0.335878	7.990338
0.130615	-0.190186	0.935303	-3.877863	1.946565	0.000000	8.000669
0.128418	-0.200195	0.918457	-4.137405	-0.068702	0.595420	8.011103
0.128906	-0.212891	0.920166	-4.229008	0.351145	0.236641	8.021489
0.133545	-0.215332	0.933838	-4.320611	0.702290	0.083969	8.031898
0.139893	-0.217773	0.926514	-3.702290	0.961832	-0.488550	8.042208
0.135254	-0.207764	0.933350	-3.664122	1.137405	-0.893130	8.052392
0.132812	-0.203857	0.934814	-3.351145	1.068702	-0.770992	8.061843
0.135010	-0.198486	0.925293	-3.832061	1.030534	-0.435115	8.071696
0.139648	-0.205078	0.931396	-5.862595	1.442748	0.000000	8.081757
0.127197	-0.210938	0.949707	-4.396947	1.305344	0.015267	8.092190
0.127686	-0.217529	0.950439	-3.900763	0.328244	-0.389313	8.103376
0.130127	-0.219971	0.931641	-4.519084	-0.076336	-0.664122	8.113750
0.137451	-0.209961	0.920410	-4.618321	0.091603	-1.068702	8.123968
0.137451	-0.204834	0.913574	-4.312977	0.564885	-1.137405	8.134554
0.132080	-0.197998	0.915527	-4.603053	1.267176	-0.854962	8.145014
0.137939	-0.197998	0.908447	-5.793893	1.725191	-0.465649	8.155404
0.133057	-0.214600	0.940674	-6.625954	2.267176	-0.656489	8.166072
0.131104	-0.212402	0.968018	-5.473282	1.832061	-1.000000	8.176321
0.134033	-0.220703	0.970459	-3.251908	0.152672	-1.526718	8.186495
0.138428	-0.207031	0.957031	-1.671756	-0.801527	-2.190840	8.196927
0.139160	-0.189453	0.938721	-2.488550	-0.854962	-1.893130	8.207404
0.134033	-0.180908	0.940674	-4.664122	-0.473282	-1.213740	8.218056
0.144775	-0.179443	0.933350	-6.083969	-0.740458	-0.503817	8.228396
0.137939	-0.187988	0.935547	-5.679389	-0.969466	0.320611	8.238681
0.135742	-0.192871	0.934570	-5.221374	-1.198473	0.473282	8.248934
0.135986	-0.194824	0.922852	-4.748092	-0.908397	1.000000	8.259533
0.142334	-0.195801	0.922852	-4.145038	-0.679389	1.259542	8.269844
0.141846	-0.197998	0.922852	-4.465649	-0.465649	1.641221	8.280305
0.137207	-0.206055	0.915039	-5.343511	-0.717557	1.809160	8.290964
0.138672	-0.220215	0.908447	-4.938931	-0.664122	1.717557	8.301537
0.136963	-0.226807	0.903320	-4.488550	-0.519084	1.114504	8.311541
0.133301	-0.228027	0.901855	-3.572519	-0.412214	0.274809	8.321865
0.139160	-0.210205	0.901367	-2.870229	-0.320611	-0.183206	8.332458
0.143311	-0.199219	0.894287	-3.465649	0.572519	0.152672	8.342052
0.137451	-0.212891	0.891357	-4.572519	1.053435	0.473282	8.352278
0.131104	-0.221680	0.886719	-3.832061	1.473282	0.465649	8.362731
0.139648	-0.227783	0.906982	-3.778626	1.900763	0.076336	8.373156
0.135986	-0.223145	0.901611	-0.961832	1.763359	-0.167939	8.383395
0.136719	-0.225830	0.923584	-1.007634	1.916031	-0.381679	8.393773
0.142822	-0.213379	0.906738	-1.564885	2.053435	-0.687023	8.404480
0.138184	-0.220703	0.892822	-2.534351	2.618321	-0.526718	8.414808
0.134766	-0.226562	0.910400	-3.221374	2.618321	-0.763359	8.424690
0.134521	-0.218018	0.920898	-2.328244	3.160305	-0.908397	8.435669
0.136719	-0.211182	0.909668	-2.618321	3.862595	-0.969466	8.445955
0.138428	-0.218262	0.915527	-2.641221	4.129771	-1.145038	8.456354
0.136963	-0.213867	0.943604	-2.427481	3.755725	-0.961832	8.466755
0.129639	-0.218018	0.947266	-3.022901	3.389313	-1.213740	8.477390
0.128662	-0.227295	0.946289	-1.557252	2.061069	-1.442748	8.487599
0.133301	-0.214600	0.932861	-0.625954	1.725191	-1.458015	8.497897
0.128418	-0.216553	0.930420	-0.938931	2.129771	-1.549618	8.508210
0.129883	-0.209473	0.919922	-0.992366	2.923664	-2.106870	8.518469
0.129395	-0.208252	0.919189	-1.557252	2.885496	-1.977099	8.528581
0.131592	-0.205322	0.925293	-2.022901	3.801527	-2.007634	8.539125
0.136963	-0.217773	0.932129	-1.900763	4.160305	-1.885496	8.549578
0.135498	-0.218994	0.951904	-1.450382	4.282443	-2.358779	8.559939
0.135254	-0.212158	0.970947	-0.786260	3.610687	-3.145038	8.570202
0.135742	-0.199707	0.965820	-0.175573	2.251908	-3.618321	8.580476
0.138672	-0.192383	0.969971	0.297710	1.748092	-3.221374	8.590694
0.135986	-0.175781	0.954102	0.122137	0.625954	-2.648855	8.601021
0.136963	-0.163330	0.958984	-0.679389	0.702290	-1.450382	8.611637
0.132812	-0.169189	0.950928	-2.091603	0.236641	-0.229008	8.621728
0.128174	-0.179199	0.961914	-3.160305	-0.343511	0.938931	8.632318
0.129883	-0.182617	0.949219	-4.221374	-0.854962	1.832061	8.642548
0.127686	-0.216309	0.936523	-4.488550	-2.312977	1.679389	8.652999
0.134033	-0.201660	0.918945	-5.267176	-1.419847	1.847328	8.663046
0.132568	-0.215088	0.922119	-4.251908	-1.687023	1.435115	8.673880
0.132324	-0.222656	0.900146	-4.251908	-1.099237	0.763359	8.684297
0.130615	-0.226807	0.894043	-3.152672	-0.312977	0.534351	8.694853
0.137207	-0.209229	0.891602	-2.977099	0.717557	0.053435	8.705442
0.138916	-0.213379	0.886230	-2.824427	2.427481	-0.076336	8.715508
0.133057	-0.221924	0.904541	-3.541985	2.687023	-0.236641	8.726105
0.135986	-0.214600	0.914551	-3.687023	3.412214	0.000000	8.736444
0.135010	-0.221436	0.941895	-5.015267	2.458015	-0.694656	8.746770
0.136230	-0.218018	0.929932	-4.015267	1.480916	-1.045802	8.757293
0.132568	-0.216309	0.930420	-2.824427	0.450382	-1.381679	8.767346
0.132568	-0.212646	0.907959	-3.007634	0.725191	-1.244275	8.778022
0.138672	-0.198486	0.898682	-2.175573	1.725191	-0.832061	8.787884
0.132080	-0.198486	0.923096	-3.290076	2.099237	-0.587786	8.798773
0.130859	-0.191650	0.915771	-3.893130	2.114504	0.045802	8.809189
0.132568	-0.208984	0.918701	-4.763359	2.366412	0.564885	8.819333
0.134766	-0.225098	0.908447	-4.145038	2.381679	-0.015267	8.829710
0.134033	-0.225342	0.923828	-2.091603	2.068702	-0.763359	8.840031
0.127686	-0.214600	0.927246	-1.511450	1.732824	-1.343511	8.851424
0.134033	-0.210938	0.928711	-1.709924	0.000000	-1.450382	8.861881
0.135254	-0.213623	0.917480	-2.442748	2.022901	-1.244275	8.872181
0.134766	-0.205078	0.924072	-3.320611	2.267176	-1.198473	8.882745
0.130615	-0.208984	0.921875	-3.618321	2.030534	-1.061069	8.892929
0.135010	-0.215088	0.922363	-4.694656	2.221374	-0.847328	8.903456
0.131836	-0.232178	0.925781	-4.717557	2.549618	-0.954198	8.914018
0.133301	-0.226318	0.923340	-4.175573	3.099237	-1.549618	8.924182
0.126953	-0.222412	0.935547	-2.816794	2.931298	-1.839695	8.935104
0.137939	-0.222656	0.939941	-1.763359	2.610687	-2.648855	8.945457
0.135742	-0.206543	0.944336	-1.732824	2.465649	-2.496183	8.955834
0.137939	-0.193848	0.950195	-2.503817	2.725191	-2.282443	8.965892
0.127197	-0.191162	0.954102	-3.717557	1.748092	-1.877863	8.975361
0.115479	-0.185791	0.960693	-4.351145	0.557252	-1.435115	8.985010
0.131104	-0.194336	0.947998	-4.419847	-0.267176	-0.908397	8.994822
0.134766	-0.199707	0.921631	-4.259542	-0.068702	-0.770992	9.005783
0.133057	-0.190430	0.925049	-3.671756	0.396947	-0.740458	9.016263
0.136230	-0.193848	0.923340	-3.427481	0.755725	-0.541985	9.026335
0.130859	-0.194824	0.931885	-3.961832	0.557252	0.190840	9.036726
0.133301	-0.209961	0.926758	-3.862595	0.809160	0.167939	9.047060
0.128418	-0.216064	0.917480	-3.435115	0.832061	-0.465649	9.057703
0.136719	-0.212891	0.911133	-2.030534	1.015267	-0.763359	9.068008
0.132568	-0.208496	0.917725	-1.412214	0.977099	-0.763359	9.078182
0.129150	-0.204834	0.894531	-2.381679	1.419847	-0.419847	9.088880
0.138428	-0.198486	0.894775	-3.305344	2.236641	-0.641221	9.099232
0.135254	-0.198730	0.925537	-4.679389	2.770992	-0.687023	9.109824
0.131592	-0.209229	0.939209	-3.122137	1.969466	-0.580153	9.120356
0.123047	-0.207031	0.934570	-2.709924	1.206107	-0.641221	9.130542
0.134277	-0.197266	0.911377	-3.137405	1.030534	-0.748092	9.141042
0.139893	-0.205566	0.900391	-3.435115	1.916031	-0.625954	9.151710
0.134766	-0.197266	0.914551	-4.290076	2.236641	-0.595420	9.161949
0.129150	-0.215088	0.916992	-4.114504	3.229008	-0.267176	9.172249
0.136230	-0.221680	0.929443	-3.763359	3.160305	-0.396947	9.182510
0.125732	-0.222900	0.950439	-2.450382	3.068702	-0.854962	9.193152
0.127686	-0.217773	0.950195	-1.557252	2.358779	-1.396947	9.203618
0.134766	-0.195068	0.952881	-2.022901	1.938931	-1.290076	9.213912
0.130127	-0.194824	0.957031	-2.900763	1.496183	-1.122137	9.224075
0.126709	-0.196045	0.965576	-3.702290	0.854962	-0.656489	9.234309
0.123779	-0.196533	0.938721	-4.557252	0.687023	-0.496183	9.244399
0.120117	-0.200684	0.939941	-4.519084	0.312977	-0.435115	9.255090
0.126953	-0.199951	0.944092	-4.381679	-0.213740	-0.061069	9.265770
0.123535	-0.206543	0.928223	-3.328244	-0.381679	0.099237	9.275958
0.126465	-0.201416	0.928223	-3.419847	-0.709924	0.167939	9.286293
0.127441	-0.203613	0.926514	-3.809160	-0.213740	0.183206	9.297102
0.128418	-0.214355	0.933105	-3.801527	0.076336	0.473282	9.307450
0.121826	-0.213623	0.932861	-3.832061	0.030534	0.389313	9.317972
0.126221	-0.220459	0.926758	-3.343511	-0.297710	0.137405	9.328263
0.134521	-0.210449	0.906982	-3.549618	-0.358779	-0.145038	9.338128
0.135986	-0.200928	0.911133	-4.015267	0.610687	0.076336	9.348757
0.134033	-0.202393	0.910156	-3.839695	0.977099	0.419847	9.359328
0.128906	-0.200928	0.917236	-4.389313	0.656489	1.160305	9.369755
0.134521	-0.222900	0.917236	-5.091603	0.824427	1.137405	9.379903
0.132812	-0.227539	0.913574	-4.801527	0.862595	0.488550	9.390166
0.138428	-0.222656	0.922607	-4.145038	0.885496	0.099237	9.400787
0.139893	-0.233154	0.915283	-3.198473	1.358779	-0.618321	9.411023
0.137695	-0.229736	0.910889	-2.259542	2.091603	-1.251908	9.421293
0.130859	-0.215088	0.923096	-2.412214	2.503817	-1.816794	9.431645
0.140137	-0.213379	0.939941	-1.984733	2.213740	-2.038168	9.442440
0.134766	-0.213379	0.940430	-1.374046	1.595420	-1.862595	9.453319
0.137451	-0.201660	0.935059	-1.870229	1.541985	-1.732824	9.463625
0.134521	-0.197998	0.926758	-2.694656	1.442748	-1.038168	9.473874
0.124756	-0.194824	0.934326	-3.923664	1.053435	-0.152672	9.484295
0.131104	-0.210938	0.933105	-4.786260	0.633588	-0.083969	9.494817
0.132568	-0.219238	0.925537	-4.465649	0.763359	-0.297710	9.505312
0.133301	-0.231201	0.928223	-3.931298	0.992366	-0.282443	9.517864
0.125244	-0.221436	0.939697	-3.091603	0.312977	-0.961832	9.528294
0.133301	-0.222900	0.932861	-2.465649	0.587786	-1.480916	9.538384
0.126465	-0.210449	0.917480	-2.328244	0.847328	-1.694656	9.548993
0.133301	-0.193359	0.922852	-2.221374	0.778626	-1.572519	9.559548
0.129395	-0.194824	0.928711	-3.374046	1.160305	-0.900763	9.569839
0.132080	-0.202881	0.930908	-3.793893	1.000000	-0.534351	9.580573
0.133301	-0.208496	0.936523	-3.717557	0.793893	-0.274809	9.590956
0.139160	-0.212402	0.932861	-3.366412	0.748092	-0.351145	9.601550
0.141602	-0.210938	0.917480	-3.076336	0.496183	-0.778626	9.611800
0.133057	-0.218018	0.908203	-3.435115	1.374046	-0.984733	9.621466
0.134521	-0.198730	0.924072	-4.106870	1.152672	-0.816794	9.630884
0.134033	-0.199463	0.933594	-3.503817	0.778626	-0.328244	9.640657
0.132812	-0.204346	0.927734	-3.419847	0.526718	-0.282443	9.652109
0.128662	-0.209961	0.915283	-3.740458	0.816794	-0.160305	9.662759
0.131592	-0.209961	0.918945	-3.885496	1.259542	-0.274809	9.673028
0.131836	-0.210205	0.918945	-4.045802	1.137405	-0.145038	9.683257
0.137695	-0.211670	0.914307	-3.793893	1.183206	-0.366412	9.693740
0.137939	-0.220947	0.910156	-3.572519	1.671756	-0.603053	9.704031
0.151123	-0.215576	0.916504	-3.809160	1.931298	-0.977099	9.714319
0.131348	-0.215576	0.933838	-2.587786	2.000000	-1.045802	9.724738
0.131592	-0.203369	0.944092	-2.435115	1.862595	-0.893130	9.735235
0.134033	-0.217773	0.944580	-3.007634	1.061069	-0.793893	9.745820
0.136963	-0.203125	0.938721	-3.137405	1.312977	-0.679389	9.756132
0.128174	-0.208008	0.939941	-3.351145	0.801527	-0.458015	9.766640
0.127930	-0.213135	0.928955	-3.076336	0.396947	-0.648855	9.777090
0.129883	-0.209717	0.915039	-2.839695	0.366412	-0.916031	9.787355
0.124756	-0.194336	0.919434	-3.175573	0.809160	-0.755725	9.797615
0.124512	-0.203125	0.911377	-3.000000	1.412214	-0.419847	9.808166
0.128906	-0.195801	0.911377	-3.000000	1.778626	0.152672	9.818506
0.129150	-0.192871	0.916504	-2.984733	1.931298	0.419847	9.829030
0.136230	-0.215820	0.928711	-3.450382	2.549618	0.389313	9.839451
0.128906	-0.227051	0.954590	-2.717557	1.839695	-0.114504	9.849536
0.125732	-0.225830	0.949219	-2.328244	1.068702	-0.725191	9.859611
0.133301	-0.218750	0.933838	-2.419847	0.908397	-0.748092	9.870165
0.135254	-0.208740	0.927979	-2.908397	1.083969	-1.068702	9.880410
0.129883	-0.204102	0.932861	-3.748092	1.458015	-0.748092	9.890611
0.122559	-0.209473	0.943604	-4.045802	0.900763	-0.274809	9.900848
0.131348	-0.217285	0.927979	-3.709924	0.083969	-0.145038	9.911236
0.131836	-0.203613	0.927979	-3.038168	0.129771	-0.503817	9.921444
0.132568	-0.217285	0.931152	-2.916031	-0.061069	-0.770992	9.931836
0.132324	-0.209473	0.921875	-3.396947	-0.175573	-0.351145	9.942317
0.126221	-0.217773	0.900391	-3.717557	0.053435	-0.236641	9.952608
0.133057	-0.215332	0.900391	-3.244275	1.000000	-0.381679	9.963277
0.132568	-0.212646	0.917236	-3.236641	1.786260	-0.312977	9.973613
0.131592	-0.215332	0.891846	-3.427481	1.977099	-0.122137	9.983986
0.134766	-0.214600	0.919189	-3.778626	2.198473	-0.274809	9.994131
0.131836	-0.225586	0.940918	-4.000000	1.526718	-0.244275	10.004668
0.139160	-0.224121	0.936279	-4.000000	1.106870	-0.770992	10.015187
0.139648	-0.225342	0.933350	-3.694656	0.923664	-1.129771	10.025316
0.135986	-0.230957	0.918213	-3.770992	1.541985	-1.541985	10.035874
0.138672	-0.217041	0.915771	-3.526718	1.854962	-1.740458	10.046144
0.131592	-0.216064	0.933838	-3.641221	1.709924	-1.641221	10.056705
0.137939	-0.206787	0.925537	-3.900763	2.038168	-1.511450	10.066673
0.133057	-0.199951	0.916992	-3.618321	2.435115	-1.419847	10.077540
0.124268	-0.210205	0.927979	-4.083969	2.290076	-1.198473	10.087879
0.129150	-0.208496	0.927002	-3.946565	2.664122	-1.213740	10.097896
0.129150	-0.203125	0.942139	-2.946565	1.618321	-1.007634	10.108313
0.130127	-0.205322	0.927246	-3.885496	1.015267	-0.786260	10.118724
0.134766	-0.209473	0.920654	-4.015267	1.580153	-0.770992	10.129178
0.129639	-0.212158	0.920166	-3.839695	2.221374	-0.641221	10.139704
0.123291	-0.209473	0.940674	-3.435115	1.343511	-0.984733	10.150070
0.133789	-0.213379	0.929199	-3.015267	1.152672	-0.824427	10.160437
0.129639	-0.213135	0.920654	-3.244275	1.534351	-0.961832	10.170864
0.128174	-0.214111	0.907227	-3.068702	1.755725	-0.931298	10.181298
0.127930	-0.207031	0.931152	-2.603053	1.587786	-0.977099	10.192115
0.133057	-0.208984	0.919434	-3.038168	1.618321	-0.862595	10.202387
0.129883	-0.210449	0.919434	-2.832061	2.076336	-0.809160	10.213003
0.130859	-0.210938	0.917969	-3.083969	2.129771	-1.129771	10.223470
0.132080	-0.201660	0.916748	-3.190840	2.267176	-0.824427	10.233869
0.133545	-0.206299	0.926270	-3.213740	2.412214	-0.381679	10.244233
0.136963	-0.216309	0.920166	-3.213740	2.236641	-0.755725	10.253920
0.129395	-0.209961	0.918945	-3.511450	2.473282	-1.145038	10.263723
0.131348	-0.209961	0.926758	-3.450382	2.618321	-0.969466	10.274086
0.140137	-0.216309	0.926514	-2.519084	2.007634	-0.824427	10.284395
0.132812	-0.211426	0.933350	-1.694656	1.748092	-1.045802	10.294715
0.130127	-0.206787	0.919678	-2.328244	1.580153	-1.213740	10.304777
0.137451	-0.205322	0.923584	-2.725191	1.969466	-0.992366	10.315355
0.139404	-0.200684	0.919922	-2.854962	2.320611	-0.809160	10.325639
0.132812	-0.203613	0.923096	-3.305344	2.267176	-0.022901	10.335748
0.134033	-0.217041	0.935547	-3.709924	2.305344	0.374046	10.346144
0.130615	-0.214844	0.950684	-4.122137	1.641221	0.106870	10.356219
0.124023	-0.220703	0.946777	-4.206107	1.290076	-0.259542	10.366677
0.130859	-0.208984	0.929443	-3.038168	1.007634	-0.664122	10.376828
0.133301	-0.207275	0.931396	-2.625954	0.938931	-0.625954	10.387703
0.127441	-0.222168	0.936768	-2.755725	0.618321	-0.580153	10.398137
0.132812	-0.218262	0.929443	-3.549618	0.786260	-0.725191	10.408394
0.131592	-0.213867	0.922607	-4.167939	0.717557	-0.938931	10.418870
0.124268	-0.224121	0.912842	-3.839695	0.992366	-1.137405	10.429152
0.124756	-0.217041	0.919189	-2.862595	1.488550	-1.374046	10.438969
0.120361	-0.204590	0.921143	-2.809160	1.374046	-1.297710	10.449558
0.126953	-0.207275	0.919922	-3.145038	1.763359	-0.923664	10.459340
0.130371	-0.210938	0.912842	-3.625954	2.175573	-0.587786	10.470035
0.126221	-0.213623	0.932617	-3.656489	2.160305	-0.419847	10.480205
0.126953	-0.217773	0.938721	-3.526718	1.725191	-0.137405	10.490509
0.133789	-0.227539	0.935059	-3.145038	1.450382	-0.893130	10.500965
0.129883	-0.226807	0.940918	-3.396947	1.473282	-1.381679	10.511446
0.129150	-0.222900	0.940918	-3.244275	1.137405	-1.786260	10.521733
0.125977	-0.218262	0.936768	-3.671756	1.244275	-1.610687	10.532153
0.127441	-0.205811	0.920410	-3.717557	1.068702	-1.381679	10.542694
0.137939	-0.199707	0.922852	-3.251908	1.137405	-1.068702	10.553254
0.135498	-0.197266	0.936768	-3.152672	0.839695	-0.694656	10.564003
0.133789	-0.208740	0.928467	-3.633588	0.931298	-0.694656	10.574228
0.128662	-0.229492	0.924805	-3.824427	1.114504	-0.625954	10.584992
0.127441	-0.229492	0.941406	-3.190840	0.549618	-1.122137	10.595384
0.125488	-0.227051	0.930664	-3.450382	-0.122137	-1.549618	10.605971
0.123535	-0.223389	0.928955	-2.893130	-0.160305	-1.923664	10.616208
0.133057	-0.213623	0.913086	-3.045802	0.282443	-2.297710	10.626321
0.131592	-0.197021	0.903809	-3.694656	1.068702	-1.603053	10.636636
0.130615	-0.201416	0.914062	-4.106870	1.610687	-0.793893	10.647394
0.126465	-0.191406	0.915771	-5.076336	1.908397	-0.541985	10.657797
0.128662	-0.216553	0.922607	-5.526718	2.297710	-0.038168	10.668362
0.129883	-0.217285	0.943848	-5.572519	2.297710	-0.366412	10.678386
0.124756	-0.218994	0.943848	-5.480916	1.572519	-0.412214	10.688819
0.129395	-0.216309	0.938965	-4.625954	0.854962	-0.862595	10.699742
0.133789	-0.196533	0.930176	-3.732824	0.885496	-1.076336	10.710187
0.127197	-0.191895	0.926514	-3.206107	1.053435	-0.717557	10.720890
0.126221	-0.185059	0.917480	-3.778626	1.404580	-0.145038	10.731113
0.121582	-0.196533	0.935303	-3.541985	1.656489	0.511450	10.741525
0.129395	-0.204102	0.945557	-3.641221	0.908397	0.633588	10.751875
0.134521	-0.215332	0.927490	-3.190840	0.137405	0.526718	10.762753
0.133545	-0.215820	0.937988	-3.145038	0.267176	0.122137	10.773008
0.132324	-0.214600	0.923340	-3.374046	0.458015	0.541985	10.783316
0.131104	-0.215332	0.930420	-3.511450	0.633588	0.694656	10.793748
0.133789	-0.229980	0.916504	-3.435115	0.938931	0.587786	10.803638
0.137695	-0.225586	0.924805	-3.213740	1.198473	0.068702	10.813967
0.132812	-0.218994	0.933105	-3.206107	1.152672	1.938931	10.824660
0.128662	-0.204102	0.927979	-3.351145	0.732824	-0.099237	10.835034
0.128906	-0.217529	0.913818	-3.328244	0.526718	-0.106870	10.845284
0.133301	-0.224854	0.918457	-3.977099	0.946565	-0.442748	10.855976
0.126953	-0.220215	0.913086	-3.274809	0.748092	-0.374046	10.866438
0.133789	-0.228760	0.914795	-2.725191	0.534351	-0.633588	10.876874
0.130371	-0.225098	0.918945	-2.908397	0.709924	-0.610687	10.886981
0.124023	-0.232910	0.924072	-2.969466	1.183206	-0.862595	10.897474
0.138672	-0.223877	0.912842	-3.076336	1.045802	-0.862595	10.906948
0.127441	-0.218994	0.896973	-2.770992	1.137405	-1.000000	10.916584
0.130127	-0.220947	0.912598	-2.664122	1.977099	-0.801527	10.927458
0.120605	-0.218994	0.915039	-2.809160	2.167939	-1.267176	10.937956
0.125732	-0.223877	0.915283	-2.748092	2.335878	-1.419847	10.948099
0.119873	-0.217285	0.910400	-2.358779	2.778626	-1.167939	10.958265
0.122559	-0.218994	0.905518	-1.389313	2.412214	-1.847328	10.969303
0.125488	-0.205566	0.909180	-0.816794	2.900763	-1.641221	10.980080
0.126709	-0.199463	0.906738	-0.809160	3.442748	-1.320611	10.990710
0.131592	-0.208496	0.908447	-1.099237	4.251908	-0.931298	11.001123
0.125977	-0.205566	0.923584	-0.480916	4.389313	-0.847328	11.011674
0.132324	-0.208252	0.937256	-1.015267	4.152672	-0.374046	11.022220
0.130127	-0.216309	0.936279	-1.221374	3.343511	-0.312977	11.032870
0.125244	-0.231201	0.944580	-0.755725	2.465649	-0.236641	11.043256
0.140381	-0.209473	0.941406	0.190840	2.480916	0.129771	11.053607
0.125000	-0.234863	0.927979	-0.374046	0.427481	-0.396947	11.064014
0.131348	-0.210693	0.893066	-3.244275	3.358779	-0.106870	11.074338
0.130859	-0.249023	0.963867	-1.282443	2.931298	-0.274809	11.084791
0.127930	-0.235107	0.920654	-0.114504	1.053435	-1.847328	11.095382
0.132568	-0.206787	0.912109	-1.114504	2.793893	-1.572519	11.105776
0.128906	-0.215332	0.936035	-3.274809	3.045802	-0.824427	11.115961
0.125244	-0.225342	0.927979	-2.778626	2.343511	-1.145038	11.126755
0.109375	-0.211670	0.923340	-2.931298	2.519084	-1.427481	11.137107
0.123291	-0.217041	0.937012	-3.404580	2.748092	-1.618321	11.147639
0.126221	-0.218018	0.946533	-2.763359	2.213740	-1.793893	11.158022
0.126953	-0.208496	0.932861	-3.198473	2.213740	-2.068702	11.167961
0.127686	-0.216309	0.942627	-3.297710	2.274809	-1.839695	11.178391
0.125977	-0.201904	0.941895	-3.366412	1.725191	-1.725191	11.188596
0.125000	-0.207031	0.940674	-3.549618	1.641221	-1.580153	11.199430
0.128174	-0.198975	0.940918	-3.648855	1.167939	-1.175573	11.209720
0.118164	-0.199951	0.936768	-3.465649	0.816794	-0.679389	11.220219
0.125977	-0.202637	0.928955	-3.824427	0.595420	-0.549618	11.230582
0.127686	-0.211182	0.918701	-4.183206	1.076336	-0.549618	11.240898
0.120361	-0.218018	0.927490	-3.931298	1.045802	-0.458015	11.251252
0.126221	-0.224365	0.921387	-3.809160	1.000000	-0.832061	11.261900
0.120850	-0.213379	0.937500	-3.419847	1.167939	-1.381679	11.272333
0.124268	-0.213623	0.934326	-3.564885	0.916031	-1.557252	11.282643
0.124268	-0.213623	0.929688	-2.839695	0.885496	-1.679389	11.293237
0.125977	-0.209961	0.926025	-2.267176	0.893130	-1.526718	11.303169
0.122070	-0.200684	0.926758	-2.045802	0.862595	-1.496183	11.313574
0.126221	-0.208496	0.935791	-2.114504	0.816794	-0.938931	11.324293
0.126221	-0.204346	0.929932	-3.160305	1.175573	-0.641221	11.334775
0.127930	-0.209229	0.938477	-4.167939	1.183206	-0.458015	11.345100
0.122559	-0.218262	0.940430	-4.381679	0.694656	-0.458015	11.354644
0.121338	-0.227539	0.940918	-4.061069	0.351145	-0.885496	11.364007
0.122070	-0.218506	0.926758	-4.160305	0.396947	-1.083969	11.373622
0.125977	-0.218262	0.925293	-4.732824	0.503817	-1.145038	11.383751
0.122070	-0.214355	0.933105	-4.167939	-0.061069	-1.022901	11.395278
0.125732	-0.205566	0.950439	-4.114504	-0.198473	-0.977099	11.405721
0.137939	-0.214111	0.920898	-4.152672	1.931298	-0.687023	11.416149
0.119141	-0.211670	0.906738	-3.770992	-0.167939	-0.908397	11.426534
0.118896	-0.208008	0.908691	-2.610687	0.030534	-1.251908	11.436667
0.111816	-0.208740	0.920166	-1.740458	0.030534	-1.076336	11.447154
0.128906	-0.201660	0.916748	-0.290076	-0.366412	-0.648855	11.457334
0.126221	-0.202393	0.902100	-0.969466	-0.267176	-0.480916	11.467949
0.127930	-0.195557	0.903564	-2.412214	0.519084	-0.076336	11.478612
0.124756	-0.204590	0.909912	-3.648855	1.030534	0.244275	11.489099
0.124023	-0.211182	0.906250	-4.122137	0.977099	0.854962	11.499458
0.123047	-0.220459	0.913574	-3.526718	1.236641	0.595420	11.509786
0.130127	-0.218018	0.905762	-2.305344	2.038168	-0.519084	11.522836
0.127197	-0.218506	0.916748	-1.312977	2.557252	-0.893130	11.533049
0.128662	-0.211914	0.913574	0.374046	2.832061	-1.106870	11.542834
0.126221	-0.207520	0.915039	0.847328	3.129771	-1.389313	11.552525
0.125732	-0.204590	0.924072	0.213740	3.358779	-1.160305	11.561983
0.122314	-0.200195	0.925293	-1.343511	3.236641	-0.870229	11.573195
0.117920	-0.205811	0.926758	-2.389313	3.572519	-0.870229	11.583346
0.119873	-0.211426	0.932373	-2.770992	3.519084	-0.847328	11.593715
0.121094	-0.207764	0.936035	-3.053435	3.572519	-0.984733	11.603928
0.120361	-0.203857	0.938965	-2.282443	3.259542	-0.824427	11.614417
0.124023	-0.201172	0.939209	-2.267176	3.358779	-0.969466	11.624850
0.121582	-0.199219	0.952881	-2.671756	3.160305	-0.816794	11.634843
0.122070	-0.201660	0.948486	-2.984733	2.801527	-0.351145	11.645451
0.123291	-0.215820	0.955811	-2.847328	2.167939	-0.206107	11.655568
0.125488	-0.210938	0.943115	-2.770992	1.564885	-0.381679	11.665871
0.129395	-0.204346	0.949951	-3.206107	1.183206	-0.198473	11.676616
0.131104	-0.200439	0.961914	-3.488550	0.786260	0.389313	11.686912
0.129395	-0.211426	0.953125	-3.954198	0.198473	0.389313	11.697257
0.124512	-0.209717	0.946777	-4.198473	-0.633588	0.396947	11.707320
0.129150	-0.207031	0.940186	-5.030534	-0.519084	0.435115	11.717356
0.132568	-0.208496	0.940674	-5.557252	-0.358779	0.580153	11.727938
0.128174	-0.212646	0.950439	-5.770992	-0.755725	0.580153	11.738154
0.124512	-0.224609	0.936279	-4.648855	-1.335878	0.297710	11.748466
0.137451	-0.225098	0.932129	-3.259542	-1.343511	-0.282443	11.758907
0.117432	-0.217529	0.920166	-2.740458	-1.167939	-1.022901	11.769089
0.120850	-0.206787	0.912354	-2.885496	-0.648855	-0.977099	11.779629
0.121094	-0.188477	0.912842	-3.450382	-0.236641	-0.396947	11.789997
0.115234	-0.196533	0.910645	-5.595420	0.290076	0.229008	11.800513
0.117676	-0.216797	0.921387	-5.717557	0.603053	0.358779	11.810648
0.121094	-0.210938	0.931396	-4.923664	0.572519	0.335878	11.821764
0.122070	-0.218506	0.932617	-4.656489	0.229008	0.511450	11.832034
0.123291	-0.222168	0.938965	-4.480916	-0.305344	0.335878	11.842375
0.122559	-0.219727	0.920410	-4.656489	-0.259542	-0.160305	11.852898
0.126221	-0.214355	0.928223	-4.381679	-0.129771	-0.145038	11.863278
0.129395	-0.214355	0.924561	-4.404580	-0.419847	-0.488550	11.873777
0.123291	-0.215088	0.928223	-3.083969	-0.198473	-0.717557	11.884232
0.111572	-0.203857	0.933838	-3.190840	-1.954198	-0.404580	11.894367
0.124756	-0.206299	0.920166	-3.083969	0.221374	-0.389313	11.904225
0.129883	-0.206055	0.916504	-2.786260	0.297710	-0.343511	11.914727
0.127197	-0.198730	0.912842	-2.725191	0.480916	0.198473	11.925221
0.123047	-0.204590	0.924805	-3.190840	0.351145	0.137405	11.935611
0.125977	-0.203369	0.927490	-2.938931	0.404580	-0.259542	11.945782
0.128662	-0.213135	0.918213	-2.893130	0.137405	-0.320611	11.956394
0.127441	-0.205078	0.916016	-2.618321	0.297710	-0.374046	11.967013
0.124023	-0.201660	0.924561	-2.129771	0.061069	-0.114504	11.977567
0.126465	-0.208496	0.921631	-2.740458	-0.106870	-0.099237	11.987885
0.127930	-0.208008	0.917236	-2.885496	0.358779	0.496183	11.998236
0.125732	-0.213135	0.917236	-3.022901	0.854962	0.244275	12.008215
0.127441	-0.219971	0.922363	-2.229008	1.175573	0.007634	12.019011
0.126221	-0.221191	0.926270	-2.190840	1.175573	-0.374046	12.029455
0.129883	-0.215820	0.913818	-2.229008	1.725191	-0.221374	12.040014
0.129395	-0.211426	0.929443	-2.152672	1.702290	-0.473282	12.050191
0.138672	-0.213623	0.924805	-2.152672	1.694656	-0.320611	12.060528
0.130615	-0.204102	0.921387	-2.824427	1.610687	-0.145038	12.071039
0.126221	-0.212158	0.929443	-3.145038	1.870229	0.038168	12.081402
0.130615	-0.212402	0.933838	-3.297710	2.015267	-0.045802	12.092138
0.128418	-0.219482	0.938477	-2.488550	2.106870	-0.152672	12.102662
0.130615	-0.212891	0.946045	-1.854962	1.320611	-0.442748	12.112754
0.126709	-0.203125	0.944580	-1.648855	0.770992	-0.732824	12.123246
0.123047	-0.206787	0.929932	-2.541985	0.503817	-0.503817	12.133952
0.131836	-0.201660	0.939697	-3.198473	0.335878	0.038168	12.144461
0.125488	-0.203369	0.939453	-3.694656	0.213740	0.167939	12.155015
0.125488	-0.208740	0.923096	-3.778626	0.190840	0.396947	12.165141
0.129883	-0.217285	0.921631	-3.618321	0.229008	0.343511	12.175464
0.132812	-0.212891	0.911621	-3.519084	0.137405	0.091603	12.185425
0.126465	-0.213867	0.919922	-3.183206	0.297710	0.167939	12.195704
0.124268	-0.210693	0.927002	-3.221374	0.664122	0.167939	12.205401
0.123291	-0.222412	0.922119	-3.389313	0.419847	0.396947	12.216131
0.125488	-0.223145	0.912598	-2.328244	0.496183	-0.045802	12.226656
0.124268	-0.219238	0.906982	-2.320611	0.633588	-0.259542	12.236799
0.124268	-0.209473	0.914795	-2.221374	1.419847	-0.511450	12.246947
0.127930	-0.214844	0.901123	-2.908397	1.816794	-0.511450	12.257576
0.129150	-0.216553	0.909180	-4.030534	2.603053	-0.244275	12.267561
0.130371	-0.207764	0.913574	-4.534351	2.900763	0.190840	12.277294
0.128418	-0.218750	0.933105	-4.900763	2.778626	0.061069	12.286689
0.129883	-0.225342	0.940430	-4.160305	2.114504	-0.305344	12.296997
0.130859	-0.227295	0.946777	-3.412214	1.725191	-0.702290	12.307657
0.124512	-0.223389	0.940186	-3.152672	1.213740	-1.076336	12.318199
0.126465	-0.215088	0.934814	-2.526718	1.099237	-1.038168	12.328800
0.128662	-0.206055	0.934326	-2.671756	0.992366	-0.931298	12.339099
0.125977	-0.208740	0.932861	-3.030534	0.893130	-0.908397	12.349403
0.123047	-0.214111	0.929199	-3.465649	1.038168	-0.480916	12.359896
0.129150	-0.208252	0.930420	-3.312977	1.007634	-0.648855	12.370323
0.128418	-0.214355	0.920166	-2.679389	1.175573	-0.519084	12.380814
0.128906	-0.224609	0.929443	-3.152672	0.870229	-0.702290	12.391513
0.130371	-0.222168	0.912598	-3.854962	0.564885	-0.671756	12.401813
0.129883	-0.218750	0.925293	-3.954198	0.694656	-1.007634	12.412106
0.129883	-0.222168	0.915771	-3.938931	1.038168	-1.145038	12.422668
0.132324	-0.219238	0.914307	-3.931298	1.335878	-1.190840	12.433287
0.129639	-0.220459	0.930420	-3.534351	1.297710	-1.534351	12.443600
0.125000	-0.219238	0.933594	-3.290076	0.824427	-1.793893	12.453684
0.134277	-0.209473	0.929443	-3.068702	1.083969	-1.816794	12.463915
