-0.044678	-0.076172	0.920166	0.473282	-29.763359	88.610687	0.008678
-0.043457	-0.075684	0.915039	-0.625954	2.618321	51.954198	0.016997
-0.043457	-0.069824	0.916016	-0.297710	0.954198	0.435115	0.027083
-0.046875	-0.073975	0.910889	-0.786260	1.053435	0.564885	0.036513
-0.045654	-0.067871	0.936279	-2.519084	0.702290	0.793893	0.045958
-0.048340	-0.076660	0.911621	-1.893130	0.671756	0.534351	0.055764
-0.050049	-0.069092	0.916260	-1.534351	0.404580	0.603053	0.064917
-0.047607	-0.075684	0.909912	-2.793893	0.083969	0.465649	0.074403
-0.042969	-0.071045	0.907715	-3.305344	0.641221	0.480916	0.083781
-0.048096	-0.077637	0.910645	-4.083969	0.862595	0.381679	0.093366
-0.046631	-0.077637	0.916016	-4.091603	0.503817	0.290076	0.102775
-0.046631	-0.081787	0.915527	-4.328244	0.160305	0.152672	0.112185
-0.047119	-0.083984	0.912598	-3.832061	0.129771	0.129771	0.121149
-0.050537	-0.081787	0.916016	-3.091603	0.221374	-0.343511	0.130240
-0.045654	-0.079102	0.910156	-2.732824	0.351145	-0.473282	0.138815
-0.052979	-0.077881	0.919922	-2.648855	0.862595	-0.526718	0.149214
-0.051514	-0.073730	0.906738	-2.938931	1.000000	-0.786260	0.158754
-0.049561	-0.079834	0.907471	-3.671756	1.137405	-1.068702	0.167868
-0.055908	-0.076904	0.916016	-4.053435	1.099237	-1.106870	0.177358
-0.048096	-0.076904	0.921631	-4.236641	1.053435	-0.847328	0.186542
-0.034668	-0.072021	0.915283	-3.435115	1.030534	-0.793893	0.195335
-0.051270	-0.076172	0.922852	-2.809160	1.213740	-0.900763	0.205097
-0.052979	-0.078613	0.923828	-2.213740	1.267176	-0.961832	0.214382
-0.052246	-0.070801	0.920654	-2.183206	1.167939	-0.847328	0.223779
-0.061279	-0.069824	0.919922	-2.396947	1.374046	-1.000000	0.233491
-0.058105	-0.069336	0.917480	-2.534351	1.458015	-0.938931	0.242631
-0.063232	-0.066895	0.915283	-3.007634	1.229008	-0.732824	0.252137
-0.058350	-0.065186	0.914062	-3.167939	0.923664	-0.717557	0.261534
-0.055420	-0.062256	0.915527	-2.977099	0.786260	-0.480916	0.270840
-0.051025	-0.057129	0.912598	-3.198473	0.824427	-0.236641	0.280558
-0.051025	-0.068848	0.920410	-2.763359	0.450382	-0.038168	0.290086
-0.051270	-0.064209	0.907715	-2.625954	0.549618	0.129771	0.299430
-0.051025	-0.062256	0.915527	-2.557252	0.801527	0.251908	0.308825
-0.049561	-0.055908	0.910400	-2.183206	0.908397	0.404580	0.318071
-0.055176	-0.066406	0.919434	-2.022901	0.969466	0.664122	0.327589
-0.049805	-0.069336	0.924561	-1.885496	0.580153	0.625954	0.336916
-0.048340	-0.065186	0.922119	-2.015267	0.106870	0.862595	0.346282
-0.046143	-0.064453	0.914795	-2.229008	0.083969	1.129771	0.355597
-0.043457	-0.070312	0.910645	-2.778626	0.152672	1.145038	0.364833
-0.046875	-0.075928	0.919189	-3.427481	0.335878	1.290076	0.373983
-0.050537	-0.071045	0.923096	-3.847328	0.381679	1.496183	0.383565
-0.045410	-0.077148	0.920654	-3.618321	0.083969	1.198473	0.392860
-0.043701	-0.078613	0.922607	-3.068702	0.213740	1.022901	0.402431
-0.049561	-0.073975	0.919922	-2.221374	0.381679	0.755725	0.411850
-0.044189	-0.075684	0.908447	-1.778626	-0.152672	0.625954	0.421165
-0.049805	-0.070801	0.911133	-1.587786	-0.374046	0.595420	0.430632
-0.048096	-0.074463	0.913818	-1.587786	-0.419847	0.816794	0.440332
-0.052246	-0.074463	0.907715	-1.908397	-0.427481	0.992366	0.449551
-0.043945	-0.071289	0.914307	-2.206107	-0.152672	1.381679	0.458991
-0.041504	-0.074951	0.913818	-1.938931	0.015267	1.519084	0.468441
-0.048584	-0.074463	0.908447	-2.175573	0.244275	1.564885	0.477714
-0.051758	-0.079834	0.900879	-2.564885	0.236641	1.541985	0.487020
-0.049072	-0.076172	0.889648	-3.106870	0.114504	1.198473	0.495780
-0.049561	-0.077637	0.894775	-3.335878	0.114504	0.801527	0.505353
-0.044922	-0.079102	0.911377	-3.366412	-0.015267	0.564885	0.514866
-0.045410	-0.086426	0.906006	-2.633588	0.404580	1.946565	0.524031
-0.047607	-0.075684	0.905762	-2.618321	0.328244	-0.175573	0.533823
-0.048828	-0.085693	0.903809	-2.870229	0.473282	-0.175573	0.542898
-0.045898	-0.081055	0.913574	-3.198473	0.809160	0.015267	0.551622
-0.041748	-0.075684	0.896240	-3.183206	0.809160	-1.946565	0.560436
-0.049561	-0.081787	0.893066	-3.175573	0.931298	0.198473	0.568588
-0.047119	-0.074951	0.912842	-2.664122	1.061069	0.251908	0.577607
-0.033203	-0.077881	0.911865	-1.954198	1.175573	0.213740	0.587608
-0.048828	-0.077881	0.913574	-1.961832	1.099237	0.358779	0.597571
-0.043457	-0.072754	0.908936	-2.030534	1.366412	0.083969	0.607090
-0.049805	-0.070557	0.899170	-2.557252	1.572519	0.106870	0.616543
-0.049316	-0.074707	0.919189	-3.251908	1.351145	0.335878	0.625884
-0.041748	-0.075439	0.917969	-3.190840	0.725191	0.137405	0.635263
-0.046631	-0.077881	0.924561	-2.328244	1.030534	-0.091603	0.646906
-0.044189	-0.066895	0.937012	-2.877863	1.206107	0.045802	0.658921
-0.047607	-0.078613	0.920898	-3.496183	1.030534	0.450382	0.670781
-0.049072	-0.072021	0.923096	-3.526718	0.832061	0.129771	0.682675
-0.056641	-0.081055	0.912598	-2.763359	0.893130	0.221374	0.694470
-0.059326	-0.070801	0.912354	-2.450382	0.534351	0.351145	0.706212
-0.054932	-0.075928	0.916748	-2.862595	0.122137	0.038168	0.718016
-0.051025	-0.073486	0.928711	-4.450382	-0.061069	0.374046	0.729605
-0.044434	-0.071045	0.899658	-5.358779	-0.282443	0.267176	0.741496
-0.044189	-0.078857	0.917480	-5.198473	0.198473	0.068702	0.753253
-0.043457	-0.085938	0.917969	-4.312977	-0.053435	0.068702	0.764135
-0.045654	-0.074707	0.918457	-3.152672	0.099237	0.045802	0.775338
-0.048340	-0.083008	0.916992	-2.763359	0.175573	0.221374	0.787820
-0.046387	-0.083252	0.915039	-2.786260	0.000000	0.000000	0.800003
-0.049561	-0.077881	0.913574	-2.969466	0.259542	-0.114504	0.811527
-0.048584	-0.092041	0.909912	-2.961832	0.862595	-0.244275	0.823957
-0.046631	-0.070801	0.900635	-2.618321	0.954198	-0.213740	0.835919
-0.032471	-0.074219	0.899902	-2.496183	1.000000	0.000000	0.847655
-0.051025	-0.074707	0.906250	-2.282443	1.244275	0.152672	0.859259
-0.031738	-0.067383	0.913574	-2.748092	1.274809	0.259542	0.871065
-0.049072	-0.077881	0.912109	-3.137405	1.251908	0.137405	0.882953
-0.043457	-0.079834	0.919434	-2.725191	1.160305	0.328244	0.894592
-0.051270	-0.077148	0.915283	-2.625954	1.190840	0.366412	0.906167
-0.051514	-0.079346	0.921631	-2.488550	0.870229	0.351145	0.918105
-0.048828	-0.076660	0.916016	-2.358779	0.839695	0.282443	0.930045
-0.054688	-0.088135	0.920898	-1.633588	0.900763	0.251908	0.941679
-0.054199	-0.088135	0.927246	-1.297710	0.587786	0.000000	0.953413
-0.076172	-0.074951	0.924561	-1.419847	0.732824	0.366412	0.965214
-0.049805	-0.084961	0.921143	-1.664122	0.274809	0.083969	0.977254
-0.056885	-0.083740	0.919678	-1.893130	0.335878	0.114504	0.989415
-0.052734	-0.077881	0.914795	-2.412214	0.381679	0.648855	1.001048
-0.046143	-0.070801	0.919189	-2.870229	0.633588	0.641221	1.013090
-0.051025	-0.088623	0.916260	-3.068702	0.618321	0.496183	1.024787
-0.049561	-0.072021	0.906738	-3.694656	0.396947	0.465649	1.037115
-0.046143	-0.080811	0.912354	-3.320611	0.000000	0.435115	1.049047
-0.044678	-0.076660	0.917236	-2.923664	0.038168	0.312977	1.060841
-0.045898	-0.084229	0.909912	-2.450382	0.511450	0.511450	1.072627
-0.048828	-0.073242	0.916748	-1.870229	0.702290	0.587786	1.084434
-0.050293	-0.074707	0.913330	-2.122137	0.748092	0.335878	1.095480
-0.048828	-0.071533	0.918213	-2.091603	0.519084	0.473282	1.107273
-0.051514	-0.076416	0.920898	-1.877863	0.458015	0.183206	1.119112
-0.039795	-0.084229	0.918457	-1.297710	0.221374	0.328244	1.131266
-0.045410	-0.073486	0.920654	-0.946565	0.648855	0.557252	1.142761
-0.048828	-0.072754	0.905273	-1.610687	0.595420	0.687023	1.155170
-0.052002	-0.075684	0.905029	-2.282443	0.580153	0.809160	1.167192
-0.049072	-0.072021	0.919678	-2.099237	0.824427	1.251908	1.179011
-0.047607	-0.079590	0.922607	-1.038168	0.740458	1.534351	1.190717
-0.051270	-0.070068	0.915283	-0.038168	0.595420	1.755725	1.202464
-0.053467	-0.066895	0.922363	-0.145038	0.328244	2.122137	1.214245
-0.054443	-0.063965	0.917480	-1.114504	0.145038	2.412214	1.226173
-0.048096	-0.064941	0.927002	-2.190840	-0.274809	2.671756	1.238408
-0.045410	-0.073730	0.925049	-2.717557	-0.809160	2.458015	1.250220
-0.044434	-0.069580	0.920898	-3.206107	-0.679389	2.557252	1.261944
-0.045898	-0.075684	0.915039	-2.290076	-0.862595	2.083969	1.273497
-0.051025	-0.080322	0.913330	-2.190840	-0.938931	1.648855	1.286473
-0.051270	-0.076904	0.903564	-2.160305	-0.725191	1.541985	1.298048
-0.048828	-0.074951	0.919678	-2.610687	-0.488550	1.267176	1.310371
-0.050537	-0.067139	0.910156	-2.824427	-0.206107	0.992366	1.322313
-0.047363	-0.062988	0.911865	-2.610687	-0.190840	0.946565	1.334834
-0.046875	-0.073486	0.901123	-2.702290	0.213740	0.923664	1.346530
-0.043945	-0.081787	0.904297	-2.809160	0.145038	0.732824	1.358469
-0.046143	-0.080078	0.902344	-3.160305	0.320611	0.664122	1.370000
-0.049805	-0.075195	0.913818	-3.045802	0.244275	0.832061	1.382128
-0.048096	-0.078369	0.916016	-2.404580	0.557252	0.893130	1.393991
-0.041992	-0.069580	0.913574	-2.396947	0.404580	1.015267	1.405986
-0.043213	-0.072998	0.913330	-3.267176	0.183206	1.389313	1.418210
-0.047607	-0.078125	0.907715	-4.022901	0.419847	1.603053	1.436772
-0.052490	-0.072998	0.910645	-4.274809	0.366412	1.854962	1.448476
-0.046387	-0.079590	0.912598	-4.244275	-0.022901	1.770992	1.460173
-0.046387	-0.078369	0.909912	-4.374046	-0.435115	1.854962	1.471047
-0.043701	-0.080322	0.901367	-4.114504	-0.229008	1.847328	1.482747
-0.033936	-0.082764	0.913330	-3.664122	0.145038	1.503817	1.495181
-0.042236	-0.088623	0.914551	-3.801527	0.244275	1.190840	1.507000
-0.042969	-0.084961	0.912598	-3.557252	0.587786	0.938931	1.518903
-0.041748	-0.092773	0.902588	-2.778626	0.458015	0.419847	1.530925
-0.036377	-0.093262	0.914307	-2.664122	0.778626	-0.007634	1.542761
-0.038818	-0.092041	0.918945	-2.465649	1.221374	-0.160305	1.554377
-0.042725	-0.089844	0.931885	-2.641221	1.152672	-0.664122	1.566013
-0.044922	-0.082520	0.915771	-2.877863	1.229008	-0.572519	1.578020
-0.032715	-0.084717	0.911377	-3.083969	0.870229	-0.748092	1.589778
-0.046631	-0.083984	0.919189	-3.465649	0.679389	-0.885496	1.601334
-0.047363	-0.083984	0.920898	-3.290076	0.511450	-0.839695	1.613232
-0.045654	-0.084229	0.915039	-2.709924	0.374046	-0.854962	1.624757
-0.047607	-0.084961	0.908936	-2.519084	0.297710	-0.557252	1.637154
-0.044434	-0.080322	0.910889	-3.351145	0.213740	-0.358779	1.648634
-0.041260	-0.078857	0.912598	-4.076336	-0.183206	0.022901	1.660525
-0.044678	-0.078857	0.906494	-4.809160	-0.305344	-0.015267	1.672194
-0.046631	-0.081299	0.912598	-4.412214	-0.022901	-0.618321	1.684081
-0.051270	-0.093262	0.901611	-3.938931	0.305344	-0.862595	1.695607
-0.039795	-0.089355	0.911865	-3.618321	0.305344	-0.854962	1.707336
-0.043457	-0.082275	0.917725	-3.473282	0.152672	-0.862595	1.719375
-0.046631	-0.085205	0.917480	-3.572519	0.251908	-0.702290	1.731596
-0.041260	-0.070557	0.921387	-3.236641	0.389313	-0.603053	1.743373
-0.045898	-0.074219	0.915039	-2.587786	0.534351	0.167939	1.754814
-0.046631	-0.064453	0.915527	-1.923664	0.145038	0.488550	1.766594
-0.049805	-0.067383	0.903809	-1.435115	-0.183206	0.847328	1.778505
-0.050049	-0.064209	0.908447	-1.076336	-0.496183	1.038168	1.790272
-0.049072	-0.069580	0.915771	-1.511450	-0.541985	1.274809	1.802068
-0.049316	-0.074463	0.914551	-0.007634	-0.740458	1.106870	1.813724
-0.050781	-0.079102	0.903564	-2.221374	-0.618321	1.076336	1.825525
-0.042969	-0.071777	0.918457	-1.511450	-0.244275	1.267176	1.837718
-0.040527	-0.071045	0.915771	-1.450382	-0.320611	1.374046	1.849503
-0.046387	-0.074219	0.914062	-1.419847	-0.366412	1.503817	1.861190
-0.035645	-0.072021	0.926514	-1.664122	-0.244275	1.656489	1.873160
-0.042725	-0.074463	0.922607	-2.358779	-0.595420	2.129771	1.885049
-0.039795	-0.083008	0.926270	-2.534351	-0.717557	2.030534	1.897022
-0.037354	-0.079346	0.924072	-2.442748	-0.839695	1.992366	1.908522
-0.039062	-0.065186	0.919189	-1.832061	-0.549618	1.900763	1.920029
-0.040527	-0.077393	0.913086	-1.755725	-0.290076	1.839695	1.932279
-0.037842	-0.078613	0.918213	-1.961832	-0.381679	1.931298	1.944098
-0.044189	-0.085205	0.909180	-2.274809	-0.496183	1.381679	1.956107
-0.039551	-0.087402	0.916504	-2.297710	-0.282443	1.381679	1.968058
-0.041260	-0.081055	0.906494	-2.099237	0.122137	0.938931	1.980137
-0.051270	-0.079102	0.909912	-1.625954	0.435115	0.541985	1.991445
-0.049072	-0.082031	0.906982	-1.564885	0.770992	0.549618	2.003251
-0.049316	-0.069580	0.899658	-1.893130	0.488550	0.519084	2.015146
-0.050049	-0.080811	0.904297	-2.305344	0.488550	0.251908	2.028102
-0.040771	-0.079590	0.908936	-1.862595	0.908397	0.190840	2.039800
-0.044189	-0.082764	0.909424	-0.511450	1.038168	0.442748	2.052102
-0.036377	-0.082275	0.914795	0.526718	0.885496	0.267176	2.063698
-0.033203	-0.073242	0.919922	0.175573	0.992366	0.534351	2.076189
-0.030273	-0.072754	0.913818	-1.297710	0.755725	0.832061	2.088233
-0.039795	-0.084229	0.917480	-2.946565	0.526718	0.931298	2.100276
-0.040771	-0.083496	0.892334	-3.595420	-0.145038	0.839695	2.111978
-0.035400	-0.082520	0.917236	-4.129771	-0.641221	0.625954	2.123281
-0.038086	-0.087402	0.909668	-3.404580	-0.183206	0.442748	2.134880
-0.036133	-0.093262	0.902100	-2.488550	0.198473	0.396947	2.147410
-0.033691	-0.091309	0.902588	-2.137405	0.770992	0.061069	2.159257
-0.037842	-0.083740	0.906250	-2.389313	1.229008	1.931298	2.170697
-0.040283	-0.091064	0.895996	-2.687023	1.473282	-0.572519	2.182227
-0.040527	-0.083252	0.900879	-2.526718	1.534351	-0.564885	2.193907
-0.041504	-0.082031	0.902100	-2.290076	1.687023	-0.694656	2.206062
-0.037354	-0.080566	0.909912	-2.862595	1.740458	-0.969466	2.217637
-0.041504	-0.078613	0.919189	-3.061069	1.824427	-1.190840	2.229578
-0.039307	-0.077148	0.911133	-3.511450	1.916031	-1.290076	2.241457
-0.049805	-0.082275	0.908447	-2.763359	1.564885	-1.503817	2.253496
-0.038330	-0.076172	0.914062	-1.946565	1.450382	-1.458015	2.265013
-0.049072	-0.079834	0.898926	-1.519084	1.374046	-1.106870	2.277317
-0.043945	-0.074219	0.923828	-2.274809	1.145038	-0.396947	2.289160
-0.038086	-0.072510	0.914795	-4.351145	0.679389	0.328244	2.300517
-0.038574	-0.082520	0.912842	-5.793893	0.419847	0.793893	2.312517
-0.042236	-0.092773	0.921875	-6.000000	-0.129771	0.496183	2.324231
-0.046143	-0.085938	0.914795	-6.656489	0.015267	0.251908	2.335927
-0.041260	-0.089844	0.924805	-6.832061	-0.083969	-0.183206	2.347946
-0.040771	-0.087646	0.921875	-5.404580	-0.625954	-0.725191	2.359722
-0.042969	-0.090332	0.918213	-4.305344	-0.244275	-1.076336	2.371332
-0.039307	-0.093506	0.924316	-3.152672	-0.068702	-0.992366	2.383066
-0.040039	-0.089111	0.923096	-2.183206	0.297710	-0.908397	2.394787
-0.040527	-0.081299	0.913818	-2.702290	0.152672	-0.625954	2.406748
-0.041504	-0.075195	0.917969	-3.145038	0.656489	-1.030534	2.418427
-0.044678	-0.087158	0.922852	-4.961832	0.076336	-0.824427	2.430480
-0.037842	-0.078857	0.905762	-4.992366	-0.076336	-0.633588	2.442227
-0.047363	-0.091553	0.906494	-4.061069	0.305344	-1.061069	2.453987
-0.046387	-0.084961	0.912598	-2.671756	0.083969	-0.839695	2.465751
-0.040771	-0.089355	0.911621	-1.900763	-0.045802	-0.519084	2.477585
-0.042725	-0.086914	0.908447	-1.412214	0.480916	-0.419847	2.489552
-0.040771	-0.084473	0.910156	-1.755725	0.221374	-0.335878	2.501238
-0.038330	-0.085693	0.898438	-2.770992	0.427481	0.091603	2.513096
-0.039795	-0.081299	0.906250	-3.519084	0.251908	0.129771	2.524514
-0.033936	-0.086670	0.911133	-3.671756	0.458015	-0.221374	2.536432
-0.038086	-0.095947	0.898926	-2.564885	0.656489	-0.412214	2.548340
-0.038086	-0.092529	0.917725	-2.137405	0.885496	-0.832061	2.560019
-0.042725	-0.090088	0.907715	-2.206107	1.030534	-0.954198	2.571486
-0.041748	-0.093018	0.916992	-2.381679	1.206107	-0.877863	2.583614
-0.047119	-0.087158	0.912842	-2.076336	1.229008	-1.045802	2.595294
-0.031250	-0.088623	0.906982	-2.183206	1.244275	-1.000000	2.607017
-0.045166	-0.081299	0.916504	-2.564885	1.030534	-1.167939	2.618846
-0.041260	-0.085449	0.914551	-2.213740	1.343511	-1.374046	2.630842
-0.036865	-0.078125	0.920410	-2.488550	1.381679	-1.534351	2.642466
-0.044922	-0.081787	0.907715	-2.770992	1.305344	-1.244275	2.654395
-0.040527	-0.089111	0.918457	-2.328244	1.366412	-1.022901	2.666131
-0.045410	-0.081787	0.909668	-2.106870	1.198473	-0.748092	2.678281
-0.045410	-0.082520	0.909668	-2.236641	1.366412	-0.679389	2.689219
-0.041504	-0.085449	0.917969	-2.106870	0.977099	-0.717557	2.700678
-0.031250	-0.072266	0.913330	-2.458015	0.885496	-0.335878	2.712777
-0.036377	-0.076416	0.914795	-2.671756	0.923664	-0.129771	2.724394
-0.037354	-0.076904	0.909912	-2.816794	1.297710	0.160305	2.736602
-0.041748	-0.085205	0.921387	-2.610687	1.038168	0.091603	2.748674
-0.044922	-0.078369	0.912354	-2.251908	1.076336	0.099237	2.760605
-0.042969	-0.081299	0.927002	-1.618321	0.557252	-0.167939	2.772772
-0.042969	-0.076172	0.916992	-1.610687	0.541985	-0.259542	2.785056
-0.038574	-0.078857	0.921143	-2.244275	0.732824	-0.259542	2.797193
-0.045898	-0.068604	0.920898	-3.625954	0.725191	0.076336	2.808791
-0.045166	-0.069336	0.923584	-5.251908	0.679389	0.473282	2.820990
-0.041260	-0.077881	0.926025	-6.206107	0.053435	0.801527	2.833157
-0.035645	-0.078857	0.924316	-5.290076	-0.145038	1.152672	2.845105
-0.040039	-0.088867	0.919189	-4.068702	-0.412214	1.534351	2.856460
-0.033447	-0.091309	0.926514	-3.030534	-0.229008	1.793893	2.868533
-0.042236	-0.082031	0.920166	-3.312977	-0.015267	1.709924	2.880472
-0.041748	-0.092529	0.924561	-3.267176	-0.595420	1.290076	2.892229
-0.047119	-0.092041	0.921387	-3.244275	-0.954198	1.259542	2.904320
-0.040771	-0.089111	0.918457	-2.801527	-1.007634	1.175573	2.916045
-0.042480	-0.093750	0.911133	-2.740458	-0.916031	1.312977	2.927997
-0.047607	-0.097656	0.905273	-2.862595	-0.633588	1.473282	2.939898
-0.040771	-0.094238	0.902344	-3.198473	-0.740458	1.351145	2.951382
-0.040283	-0.088867	0.917725	-3.854962	-0.954198	1.167939	2.963220
-0.042236	-0.100830	0.911621	-4.900763	-1.015267	0.854962	2.975133
-0.038330	-0.093994	0.905029	-6.305344	-0.961832	0.595420	2.987113
-0.033691	-0.091553	0.895752	-6.816794	-0.755725	0.580153	2.999022
-0.033447	-0.090332	0.905029	-6.786260	-0.595420	0.877863	3.010780
-0.033203	-0.091064	0.912354	-6.961832	-0.427481	0.938931	3.023272
-0.033203	-0.095947	0.907471	-6.763359	-0.564885	1.007634	3.035128
-0.030273	-0.093750	0.915527	-6.656489	-0.229008	0.961832	3.046685
-0.046631	-0.097656	0.910156	-6.145038	0.083969	0.717557	3.058572
-0.033203	-0.108643	0.896484	-4.580153	-0.114504	0.587786	3.070119
-0.028320	-0.093018	0.897949	-2.954198	0.297710	0.137405	3.081593
-0.030029	-0.100586	0.900391	-2.656489	0.442748	0.290076	3.093868
-0.037598	-0.096924	0.910645	-2.778626	1.145038	0.282443	3.106031
-0.034180	-0.097656	0.912354	-2.656489	1.045802	0.251908	3.117769
-0.036377	-0.095947	0.911377	-3.076336	1.053435	0.206107	3.130071
-0.034424	-0.103271	0.900146	-3.000000	1.198473	-0.038168	3.141953
-0.045410	-0.092041	0.908936	-3.053435	1.213740	-0.290076	3.153394
-0.041016	-0.080322	0.911133	-3.435115	1.251908	-0.526718	3.165234
-0.043701	-0.091309	0.917480	-3.732824	1.068702	-0.541985	3.177343
-0.043457	-0.099854	0.918213	-3.526718	1.145038	-0.305344	3.189049
-0.039795	-0.098633	0.924805	-3.183206	1.068702	-0.015267	3.201185
-0.039551	-0.099854	0.916504	-3.664122	1.213740	0.229008	3.212674
-0.044189	-0.090576	0.915771	-4.206107	1.396947	0.343511	3.224538
-0.040771	-0.094727	0.901123	-4.473282	0.664122	0.374046	3.236571
-0.039551	-0.094482	0.916992	-4.412214	0.625954	0.114504	3.248394
-0.038574	-0.101074	0.917236	-3.625954	0.549618	0.122137	3.259716
-0.037842	-0.098633	0.911621	-2.702290	0.335878	-0.015267	3.271510
-0.043457	-0.094727	0.919434	-2.259542	0.435115	-0.206107	3.283796
-0.042969	-0.101807	0.915283	-2.625954	0.274809	0.267176	3.295428
-0.046875	-0.095947	0.909912	-2.954198	0.305344	0.687023	3.307252
-0.038086	-0.096436	0.924805	-2.648855	0.198473	0.473282	3.319154
-0.041504	-0.097900	0.916992	-2.251908	0.091603	0.641221	3.330153
-0.041016	-0.097656	0.916504	-2.083969	-0.244275	0.671756	3.341738
-0.039795	-0.095703	0.909424	-1.984733	-0.160305	0.748092	3.353634
-0.037109	-0.093750	0.906738	-2.183206	0.190840	0.694656	3.365624
-0.030029	-0.097168	0.909912	-2.053435	-0.061069	0.885496	3.377413
-0.032471	-0.102051	0.913818	-1.809160	0.000000	1.007634	3.388992
-0.031982	-0.095947	0.917725	-2.083969	-0.343511	0.977099	3.403292
-0.031250	-0.095947	0.904053	-1.442748	-0.175573	0.923664	3.415201
-0.032471	-0.097168	0.901855	-1.000000	0.435115	0.954198	3.427289
-0.041748	-0.094482	0.901123	-1.473282	0.671756	0.862595	3.438950
-0.033691	-0.105713	0.891357	-2.908397	0.618321	1.335878	3.450550
-0.037598	-0.091064	0.894531	-4.374046	0.625954	1.687023	3.461793
-0.031494	-0.099854	0.893066	-5.152672	1.083969	1.778626	3.474145
-0.032715	-0.102295	0.907959	-6.290076	1.091603	1.557252	3.486477
-0.034424	-0.123779	0.902832	-6.160305	1.549618	0.770992	3.499555
-0.035889	-0.109619	0.906006	-5.687023	1.458015	0.312977	3.511622
-0.035645	-0.104736	0.908203	-4.587786	1.748092	-0.022901	3.523122
-0.037354	-0.095215	0.898438	-3.603053	2.053435	-0.595420	3.535958
-0.044189	-0.104248	0.917480	-2.748092	2.328244	-0.488550	3.547278
-0.040283	-0.105225	0.915283	-2.351145	2.221374	-0.389313	3.557486
-0.036865	-0.103516	0.915283	-2.198473	2.229008	-0.221374	3.567749
-0.039307	-0.104736	0.911377	-1.992366	2.251908	-0.213740	3.578423
-0.044922	-0.103271	0.918457	-1.877863	1.854962	-0.076336	3.588728
-0.037354	-0.099365	0.922852	-2.190840	1.801527	0.297710	3.598701
-0.043457	-0.099609	0.923096	-2.541985	1.503817	0.427481	3.609319
-0.041016	-0.104004	0.914307	-2.885496	1.412214	0.412214	3.619570
-0.042725	-0.104736	0.936279	-2.847328	1.343511	0.389313	3.629775
-0.039062	-0.103271	0.913574	-2.908397	1.435115	0.328244	3.640094
-0.037598	-0.103516	0.924805	-3.259542	1.259542	0.251908	3.650101
-0.037109	-0.109375	0.922852	-3.564885	1.137405	0.213740	3.659998
-0.034668	-0.109131	0.923584	-3.557252	1.083969	-0.022901	3.670405
-0.039795	-0.108154	0.927734	-3.137405	0.793893	-0.274809	3.681017
-0.039307	-0.102783	0.931885	-2.320611	0.954198	-0.236641	3.691245
-0.042969	-0.102295	0.920654	-2.244275	1.068702	-0.389313	3.701057
-0.039795	-0.107178	0.924805	-2.282443	0.977099	-0.267176	3.711454
-0.040771	-0.100830	0.912109	-2.221374	0.763359	-0.083969	3.721715
-0.043457	-0.098389	0.913086	-2.610687	0.648855	0.145038	3.732229
-0.037842	-0.101562	0.904053	-2.763359	0.221374	0.221374	3.742362
-0.039795	-0.099365	0.912109	-2.931298	0.450382	0.488550	3.752463
-0.044189	-0.104492	0.904541	-2.961832	0.694656	0.679389	3.762773
-0.038818	-0.103271	0.921143	-3.374046	0.511450	0.488550	3.773185
-0.038818	-0.104736	0.910645	-2.900763	0.206107	0.328244	3.783788
-0.039551	-0.099854	0.903564	-2.450382	0.198473	0.183206	3.794004
-0.034424	-0.103271	0.906494	-1.633588	0.274809	-0.015267	3.804055
-0.036377	-0.105225	0.909180	-1.740458	0.282443	0.267176	3.814413
-0.041504	-0.098633	0.911133	-1.786260	0.694656	0.618321	3.824604
-0.037354	-0.101074	0.911133	-2.282443	0.732824	0.992366	3.835190
-0.042480	-0.103027	0.897705	-2.274809	0.748092	0.885496	3.845374
-0.043457	-0.102539	0.891357	-2.267176	0.793893	0.946565	3.855231
-0.042725	-0.102051	0.914795	-2.282443	0.679389	0.412214	3.865798
-0.043213	-0.105225	0.916504	-2.625954	0.541985	0.534351	3.876305
-0.039795	-0.106934	0.914795	-2.809160	0.374046	0.389313	3.886926
-0.041504	-0.105469	0.905762	-2.587786	0.328244	-0.137405	3.896975
-0.032471	-0.104736	0.911133	-1.671756	0.450382	-0.160305	3.907193
-0.043457	-0.103516	0.916992	-1.229008	0.687023	-0.183206	3.917537
-0.042480	-0.111084	0.919434	-1.328244	0.732824	-0.335878	3.927930
-0.041748	-0.104736	0.908691	-1.793893	0.893130	-0.198473	3.937892
-0.042725	-0.099609	0.913574	-2.450382	0.572519	0.091603	3.947651
-0.043945	-0.092529	0.910889	-3.175573	0.587786	0.541985	3.955837
-0.044189	-0.109863	0.909668	-3.664122	0.213740	0.664122	3.964171
-0.041504	-0.096436	0.916016	-3.595420	0.419847	0.603053	3.972059
-0.031982	-0.106445	0.918945	-3.091603	0.190840	0.328244	3.980102
-0.037598	-0.111572	0.908203	-2.709924	-0.122137	0.251908	3.988960
-0.039307	-0.104004	0.910156	-2.274809	-0.061069	0.335878	3.997626
-0.039551	-0.105713	0.904541	-2.419847	0.213740	0.198473	4.006020
-0.042480	-0.102051	0.913086	-3.351145	0.122137	0.244275	4.014343
-0.044678	-0.107422	0.912354	-3.832061	-0.160305	0.534351	4.022507
-0.037598	-0.104248	0.903809	-4.465649	-0.190840	0.435115	4.030942
-0.035156	-0.101074	0.901855	-5.190840	-0.190840	0.412214	4.039306
-0.037598	-0.096436	0.913330	-5.557252	-0.251908	0.519084	4.047675
-0.036377	-0.100098	0.912842	-6.198473	-0.488550	0.190840	4.055939
-0.040771	-0.104980	0.898193	-7.229008	-0.458015	0.053435	4.064195
-0.046875	-0.106445	0.904785	-7.908397	-0.251908	0.099237	4.072570
-0.041016	-0.105225	0.905273	-8.412214	-0.038168	-0.030534	4.080884
-0.041992	-0.110107	0.904785	-7.809160	-0.412214	-0.038168	4.089858
-0.042236	-0.117676	0.904053	-6.282443	-0.549618	-0.343511	4.098143
-0.030762	-0.107666	0.908447	-4.503817	0.030534	-0.183206	4.106450
-0.034424	-0.108887	0.925049	-3.190840	0.519084	0.053435	4.114831
-0.038574	-0.116211	0.916992	-2.022901	1.122137	0.145038	4.123401
-0.019531	-0.112305	0.922363	-1.549618	1.267176	0.175573	4.132045
-0.041016	-0.108398	0.921875	-2.183206	1.305344	0.221374	4.140208
-0.034668	-0.101074	0.921387	-2.992366	1.068702	0.282443	4.148787
-0.040283	-0.113770	0.922607	-2.885496	0.702290	0.045802	4.157275
-0.035156	-0.110352	0.912842	-1.931298	0.480916	-0.320611	4.165463
-0.042236	-0.104980	0.920166	-1.404580	0.213740	-0.267176	4.173955
-0.044922	-0.105713	0.918945	-1.099237	-0.221374	-0.015267	4.182622
-0.043457	-0.103027	0.908447	-1.770992	-0.145038	0.244275	4.191120
-0.031982	-0.107178	0.911133	-2.274809	-0.198473	0.412214	4.199568
-0.032227	-0.103760	0.912109	-2.977099	-0.442748	0.679389	4.207713
-0.039795	-0.104980	0.905518	-3.221374	-0.381679	1.015267	4.216136
-0.033691	-0.112305	0.909424	-3.244275	-0.320611	1.045802	4.224471
-0.030762	-0.107666	0.906006	-2.709924	-0.305344	1.061069	4.233005
-0.034424	-0.112549	0.907959	-2.351145	-0.190840	1.244275	4.241255
-0.040039	-0.101807	0.903320	-1.946565	-0.129771	1.015267	4.249660
-0.031738	-0.103516	0.904053	-1.503817	-0.236641	0.885496	4.258068
-0.036377	-0.108643	0.913330	-1.236641	-0.030534	0.908397	4.266329
-0.040771	-0.104004	0.906738	-1.236641	-0.167939	0.679389	4.274683
-0.031982	-0.106689	0.905273	-1.748092	-0.022901	1.022901	4.282589
-0.032715	-0.104980	0.913330	-2.114504	0.076336	1.122137	4.291323
-0.044678	-0.100586	0.912598	-2.702290	0.030534	1.442748	4.299721
-0.038818	-0.111572	0.903809	-2.839695	0.160305	1.358779	4.308181
-0.041992	-0.106201	0.900635	-3.358779	0.572519	1.374046	4.316261
-0.038818	-0.110352	0.897461	-3.114504	0.679389	1.190840	4.324870
-0.034912	-0.116943	0.897705	-2.595420	0.572519	0.969466	4.333491
-0.040771	-0.100342	0.908447	-2.442748	0.717557	0.694656	4.341865
-0.035889	-0.108398	0.910156	-2.000000	0.625954	0.648855	4.350247
-0.040527	-0.109619	0.903320	-1.770992	0.435115	0.297710	4.358644
-0.034180	-0.109375	0.907715	-1.351145	0.167939	0.389313	4.366738
-0.033447	-0.107666	0.904785	-1.053435	0.526718	0.465649	4.375190
-0.032227	-0.105957	0.904053	-1.229008	0.847328	0.541985	4.383614
-0.029541	-0.105713	0.916748	-1.603053	0.954198	0.557252	4.391772
-0.037598	-0.109863	0.904053	-1.854962	1.030534	0.854962	4.400153
-0.035400	-0.110107	0.894287	-2.381679	1.198473	0.847328	4.408597
-0.037598	-0.108887	0.915039	-2.328244	1.152672	0.969466	4.416541
-0.032227	-0.108154	0.901855	-1.984733	0.740458	0.801527	4.425207
-0.034668	-0.109619	0.891113	-2.213740	0.587786	0.709924	4.433650
-0.034668	-0.109375	0.906494	-2.152672	0.778626	0.618321	4.441951
-0.034912	-0.112549	0.890869	-2.091603	0.625954	0.534351	4.450344
-0.031250	-0.114014	0.910645	-2.106870	0.946565	0.427481	4.458784
-0.041992	-0.110352	0.909668	-2.427481	1.091603	0.725191	4.467073
-0.039795	-0.104980	0.905518	-2.572519	1.000000	0.557252	4.475420
-0.039062	-0.110596	0.901123	-3.167939	1.091603	0.839695	4.483615
-0.042236	-0.115723	0.915039	-3.664122	1.053435	0.641221	4.492273
-0.041016	-0.105957	0.906738	-3.595420	1.122137	0.511450	4.500773
-0.048340	-0.104736	0.906982	-3.435115	1.198473	0.549618	4.509012
-0.038574	-0.114502	0.901611	-3.435115	1.038168	0.427481	4.517156
-0.045898	-0.112061	0.906006	-3.816794	0.725191	0.083969	4.525389
-0.038086	-0.109863	0.911133	-3.725191	1.015267	-0.038168	4.534116
-0.037109	-0.110596	0.914795	-3.664122	1.053435	-0.076336	4.542598
-0.032715	-0.114258	0.909180	-3.839695	0.946565	-0.305344	4.550823
-0.034180	-0.112793	0.915771	-4.083969	1.091603	-0.122137	4.559171
-0.039307	-0.111816	0.917236	-3.687023	1.122137	-0.526718	4.567419
-0.035400	-0.114990	0.910889	-2.786260	0.687023	-0.496183	4.575827
-0.037354	-0.116211	0.900391	-1.923664	0.908397	-0.076336	4.583931
-0.038574	-0.116699	0.909912	-1.564885	1.366412	-0.297710	4.592671
-0.031982	-0.110107	0.918213	-1.595420	1.557252	-0.045802	4.601264
-0.039795	-0.108398	0.906982	-1.732824	1.625954	0.244275	4.609256
-0.037598	-0.101807	0.918701	-2.274809	1.190840	0.335878	4.617595
-0.037354	-0.106445	0.913818	-2.832061	1.030534	0.404580	4.625835
-0.043945	-0.102051	0.906982	-3.297710	0.961832	0.145038	4.634533
-0.036621	-0.109863	0.909912	-2.862595	0.946565	-0.175573	4.643163
-0.034668	-0.106934	0.925049	-2.885496	0.694656	0.015267	4.651635
-0.037842	-0.107910	0.914307	-2.664122	0.938931	0.221374	4.659947
-0.034912	-0.113037	0.904541	-2.442748	1.114504	1.946565	4.668470
-0.039062	-0.113525	0.912598	-1.908397	1.106870	-0.030534	4.676747
-0.040283	-0.109863	0.907959	-1.687023	0.709924	0.000000	4.685091
-0.031250	-0.106689	0.916016	-1.496183	0.931298	-0.022901	4.692875
-0.036865	-0.105713	0.916748	-1.687023	1.236641	0.015267	4.701673
-0.046143	-0.106689	0.910400	-1.984733	1.335878	0.099237	4.710346
-0.046387	-0.102539	0.914062	-2.641221	1.297710	0.274809	4.718732
-0.048584	-0.103516	0.909180	-3.106870	1.045802	0.541985	4.726918
-0.044434	-0.102783	0.911133	-3.366412	0.809160	0.320611	4.734654
-0.044189	-0.107422	0.913818	-3.351145	0.702290	0.450382	4.743798
-0.034912	-0.115234	0.907471	-2.931298	0.763359	0.458015	4.751831
-0.030518	-0.110107	0.919678	-2.633588	1.076336	0.511450	4.759695
-0.041748	-0.111572	0.906738	-2.427481	1.221374	0.496183	4.767310
-0.036865	-0.112793	0.915771	-2.022901	1.190840	0.343511	4.774817
-0.039551	-0.110840	0.911377	-1.740458	1.198473	0.351145	4.783015
-0.034424	-0.115234	0.908203	-1.946565	1.167939	0.435115	4.790588
-0.040527	-0.114746	0.921631	-1.946565	1.175573	0.221374	4.799376
-0.047363	-0.110596	0.910645	-2.076336	1.007634	-0.229008	4.807669
-0.034424	-0.105713	0.908691	-2.045802	0.870229	0.022901	4.816078
-0.041992	-0.104248	0.903564	-2.114504	0.625954	-0.083969	4.824214
-0.033447	-0.109375	0.911133	-2.465649	0.328244	0.167939	4.832803
-0.043701	-0.104980	0.907227	-2.358779	0.564885	0.328244	4.841320
-0.041504	-0.108398	0.901855	-2.221374	0.549618	0.526718	4.850305
-0.041748	-0.103271	0.916504	-2.053435	0.740458	0.870229	4.859662
-0.043945	-0.105225	0.908203	-1.740458	0.702290	1.068702	4.869833
-0.038086	-0.112061	0.914062	-1.702290	0.557252	1.030534	4.880673
-0.033447	-0.112061	0.911621	-1.885496	0.717557	1.045802	4.890157
-0.042480	-0.110596	0.913086	-2.427481	0.870229	0.969466	4.901072
-0.043945	-0.104736	0.903809	-2.312977	0.938931	0.778626	4.911119
-0.042236	-0.110107	0.912354	-2.496183	0.793893	0.748092	4.921214
-0.038086	-0.121826	0.907959	-1.885496	0.862595	0.442748	4.931291
-0.031006	-0.106689	0.907471	-1.709924	0.954198	0.442748	4.941755
-0.036133	-0.107666	0.906494	-1.900763	1.022901	0.389313	4.952005
-0.039062	-0.108398	0.915039	-2.587786	1.038168	0.679389	4.962207
-0.039062	-0.107178	0.911865	-3.244275	1.358779	0.511450	4.972448
-0.040283	-0.107910	0.910400	-2.992366	1.480916	0.381679	4.982459
-0.038086	-0.117920	0.906250	-2.351145	1.320611	0.091603	4.992654
-0.038574	-0.106201	0.906494	-2.641221	1.198473	0.374046	5.002771
-0.041016	-0.116943	0.913574	-2.335878	1.435115	0.083969	5.013027
-0.040771	-0.109863	0.910156	-1.847328	1.198473	-0.244275	5.023045
-0.037109	-0.111084	0.910156	-2.106870	1.351145	0.061069	5.033547
-0.031494	-0.106201	0.917725	-2.694656	1.221374	0.007634	5.043773
-0.044678	-0.110840	0.915527	-3.442748	1.091603	0.160305	5.054205
-0.042969	-0.109619	0.901367	-3.618321	0.717557	-0.099237	5.064605
-0.040283	-0.105713	0.917480	-3.519084	0.717557	-0.076336	5.074710
-0.043213	-0.110596	0.918701	-3.557252	0.793893	-0.114504	5.084844
-0.038818	-0.112793	0.929443	-2.854962	0.450382	-0.251908	5.095027
-0.032715	-0.108398	0.924561	-2.213740	0.480916	0.099237	5.105422
-0.034912	-0.109131	0.916260	-1.351145	0.511450	-0.061069	5.115387
-0.039795	-0.111816	0.922119	-1.557252	0.610687	0.213740	5.126248
-0.045898	-0.102539	0.927734	-1.969466	0.282443	0.145038	5.136820
-0.035645	-0.112549	0.917969	-2.503817	0.412214	0.427481	5.147285
-0.041748	-0.107666	0.916992	-2.671756	0.129771	0.381679	5.157514
-0.039307	-0.111816	0.922119	-2.503817	1.946565	0.351145	5.168179
-0.045654	-0.106934	0.907959	-2.022901	-0.412214	0.282443	5.178662
-0.047607	-0.108398	0.913330	-1.786260	-0.106870	0.129771	5.188821
-0.042725	-0.104980	0.915283	-1.488550	-0.030534	0.206107	5.199025
-0.044189	-0.109863	0.906006	-1.648855	-0.068702	0.580153	5.209556
-0.038330	-0.099365	0.910645	-2.198473	-0.511450	0.625954	5.219742
-0.038574	-0.102539	0.909424	-2.709924	-0.358779	0.885496	5.230319
-0.045166	-0.100098	0.912842	-2.755725	-0.595420	1.122137	5.240747
-0.043701	-0.101807	0.905029	-2.664122	-0.480916	1.114504	5.250378
-0.041504	-0.099121	0.895996	-2.763359	-0.877863	1.366412	5.259998
-0.034180	-0.106445	0.901123	-2.503817	-0.832061	1.839695	5.270153
-0.042236	-0.106201	0.897705	-1.633588	-0.366412	1.656489	5.280923
-0.037598	-0.106689	0.910156	-0.076336	0.045802	1.633588	5.290960
-0.036621	-0.107178	0.900146	-0.412214	0.305344	2.183206	5.300752
-0.047363	-0.102295	0.898438	-1.015267	0.137405	2.404580	5.311304
-0.041504	-0.099609	0.906494	-1.175573	-0.015267	2.351145	5.321582
-0.039795	-0.106445	0.909180	-1.167939	-0.091603	2.366412	5.332069
-0.036133	-0.113281	0.900635	-0.763359	0.114504	2.114504	5.342380
-0.041016	-0.104248	0.907959	-0.496183	0.488550	2.038168	5.352601
-0.044434	-0.100586	0.898438	-1.076336	0.580153	2.274809	5.362502
-0.044678	-0.107666	0.899658	-1.832061	0.267176	2.175573	5.372888
-0.039307	-0.104980	0.902100	-2.480916	0.549618	1.847328	5.383380
-0.037354	-0.113037	0.906982	-2.412214	0.641221	1.725191	5.393081
-0.033936	-0.112305	0.903076	-2.328244	0.717557	1.244275	5.406959
-0.036621	-0.105713	0.901367	-1.801527	1.160305	1.206107	5.417187
-0.032715	-0.116455	0.904297	-1.198473	1.572519	1.061069	5.427681
-0.031982	-0.112061	0.899414	-1.099237	1.572519	0.854962	5.438034
-0.035645	-0.106934	0.891846	-1.419847	1.343511	0.572519	5.448205
-0.035156	-0.106934	0.897217	-1.839695	1.091603	0.755725	5.458315
-0.036133	-0.104980	0.899902	-2.740458	1.442748	0.931298	5.468767
-0.037842	-0.110107	0.906006	-3.725191	1.175573	1.625954	5.479221
-0.042725	-0.112305	0.902588	-3.916031	1.251908	1.519084	5.488838
-0.038574	-0.110596	0.904541	-3.954198	0.625954	1.725191	5.499090
-0.035645	-0.114258	0.915039	-3.549618	0.877863	1.679389	5.508985
-0.034912	-0.112793	0.916016	-2.671756	0.778626	1.633588	5.519397
-0.035889	-0.115479	0.914062	-1.687023	0.839695	1.732824	5.529902
-0.039551	-0.116943	0.910645	-1.251908	1.282443	1.221374	5.540026
-0.044678	-0.108643	0.923828	-1.190840	1.091603	0.725191	5.550250
-0.047607	-0.106689	0.925537	-2.061069	1.374046	0.358779	5.560418
-0.044434	-0.101562	0.924805	-2.801527	0.801527	-0.099237	5.570566
-0.036621	-0.107910	0.929688	-3.290076	0.641221	-0.320611	5.581272
-0.037842	-0.108887	0.922119	-3.000000	0.442748	-0.366412	5.591366
-0.031250	-0.115234	0.930908	-2.267176	1.045802	-0.351145	5.601357
-0.043701	-0.107666	0.926025	-1.343511	0.961832	0.045802	5.611411
-0.042236	-0.098633	0.925049	-1.053435	0.755725	-0.038168	5.621731
-0.036621	-0.104980	0.920410	-1.251908	0.610687	0.160305	5.632036
-0.043457	-0.106934	0.921143	-1.496183	0.419847	0.259542	5.642180
-0.040771	-0.102295	0.916016	-1.419847	0.160305	0.183206	5.652341
-0.043945	-0.103271	0.913818	-1.908397	0.068702	0.496183	5.662647
-0.041504	-0.102051	0.914062	-2.175573	-0.190840	0.610687	5.672570
-0.037354	-0.112061	0.913818	-1.931298	-0.450382	0.839695	5.683502
-0.035645	-0.104492	0.915527	-1.870229	-0.358779	0.770992	5.693591
-0.038330	-0.100342	0.904785	-2.129771	-0.595420	0.847328	5.703631
-0.036377	-0.099854	0.901855	-3.000000	-0.374046	0.793893	5.713804
-0.038330	-0.099609	0.903076	-3.229008	-0.114504	0.854962	5.723981
-0.040039	-0.105957	0.895996	-3.236641	-0.045802	0.664122	5.734444
-0.040039	-0.109863	0.892822	-2.656489	0.083969	0.335878	5.744714
-0.035400	-0.106445	0.908447	-1.679389	-0.068702	0.160305	5.755236
-0.030518	-0.107910	0.902832	-0.847328	0.343511	0.022901	5.765704
-0.031738	-0.103271	0.894531	-0.290076	0.465649	-0.114504	5.776185
-0.035889	-0.100098	0.898682	-1.152672	1.053435	0.190840	5.786572
-0.041748	-0.100586	0.900879	-1.969466	0.977099	0.099237	5.796739
-0.036621	-0.097900	0.908447	-3.007634	1.305344	0.435115	5.807243
-0.036621	-0.094971	0.908691	-3.641221	1.251908	-0.061069	5.817278
-0.039307	-0.100342	0.901123	-3.358779	1.442748	-0.305344	5.827513
-0.035889	-0.099609	0.906494	-2.465649	1.687023	-0.702290	5.838169
-0.038818	-0.105225	0.906494	-1.793893	1.618321	-0.801527	5.848277
-0.042725	-0.098877	0.911133	-1.610687	1.717557	-0.312977	5.858573
-0.040771	-0.096924	0.907227	-1.847328	1.816794	-0.099237	5.868830
-0.037598	-0.096191	0.906982	-2.396947	1.702290	0.183206	5.879536
-0.039307	-0.094727	0.920166	-2.809160	1.648855	0.610687	5.889507
-0.038086	-0.094727	0.912842	-3.450382	1.580153	0.755725	5.898923
-0.042236	-0.097168	0.910645	-3.274809	1.267176	0.564885	5.908147
-0.036621	-0.106689	0.904053	-3.114504	0.885496	0.763359	5.917945
-0.043701	-0.107422	0.919189	-2.305344	0.717557	0.381679	5.928965
-0.045166	-0.106934	0.900391	-1.511450	0.809160	0.343511	5.939201
-0.042725	-0.104980	0.912109	-0.793893	0.931298	0.519084	5.949089
-0.041504	-0.099365	0.917725	-0.595420	1.206107	0.748092	5.959609
-0.045898	-0.101562	0.913818	-0.725191	0.946565	0.992366	5.970164
-0.047363	-0.101074	0.894531	-1.206107	0.854962	0.763359	5.980540
-0.040283	-0.104980	0.910889	-2.137405	1.076336	0.809160	5.990913
-0.046875	-0.102051	0.891357	-2.656489	1.221374	0.564885	6.001123
-0.047363	-0.096191	0.908936	-3.106870	1.076336	0.549618	6.011356
-0.060303	-0.097656	0.901611	-2.938931	0.832061	0.580153	6.021147
-0.040771	-0.103271	0.910645	-2.847328	0.748092	0.702290	6.031846
-0.039307	-0.103516	0.910889	-2.381679	0.732824	0.786260	6.041994
-0.032471	-0.105225	0.918213	-2.511450	1.312977	0.732824	6.052156
-0.039795	-0.104980	0.908691	-2.358779	1.465649	0.587786	6.062529
-0.043457	-0.104736	0.919189	-2.015267	1.206107	0.534351	6.072837
-0.040283	-0.103760	0.912598	-0.007634	1.007634	0.419847	6.083570
-0.041260	-0.098145	0.921387	-1.832061	0.832061	0.458015	6.093834
-0.035889	-0.098877	0.913818	-1.770992	0.778626	0.488550	6.104141
-0.041748	-0.098877	0.909424	-2.404580	0.717557	1.175573	6.114215
-0.039551	-0.098877	0.916748	-2.541985	0.396947	1.152672	6.123936
-0.045410	-0.091797	0.914062	-1.648855	-0.045802	1.465649	6.134534
-0.044434	-0.096191	0.919189	-1.251908	-0.564885	1.984733	6.144875
-0.042969	-0.101074	0.923584	-0.244275	-0.984733	2.381679	6.154715
-0.043457	-0.083008	0.935059	-0.763359	-1.145038	3.259542	6.165094
-0.056396	-0.051758	0.938721	-2.061069	-1.419847	5.267176	6.175267
-0.044189	-0.107422	0.902344	-1.076336	-2.809160	4.847328	6.185662
-0.033203	-0.117676	0.908203	-0.702290	-3.099237	4.824427	6.195721
-0.042236	-0.090332	0.920166	-1.381679	-2.717557	3.946565	6.206011
-0.046631	-0.084717	0.925537	-2.977099	-2.793893	6.160305	6.216016
-0.044922	-0.099854	0.920166	-3.564885	-3.450382	6.251908	6.226277
-0.034180	-0.101074	0.912109	-3.022901	-3.633588	5.671756	6.236542
-0.041748	-0.097656	0.925293	-2.480916	-3.114504	5.160305	6.246667
-0.032227	-0.099854	0.908447	-2.534351	-3.061069	5.068702	6.256859
-0.036621	-0.102783	0.909180	-2.832061	-2.541985	4.480916	6.267212
-0.035156	-0.104980	0.908936	-2.625954	-2.114504	4.015267	6.277868
-0.030273	-0.106445	0.897949	-2.496183	-1.618321	3.251908	6.288109
-0.029785	-0.102295	0.904785	-2.229008	-0.717557	2.725191	6.298255
-0.031250	-0.109863	0.905762	-2.076336	-0.419847	2.137405	6.308686
-0.033447	-0.107422	0.906738	-2.190840	-0.610687	1.450382	6.318778
-0.027832	-0.112793	0.911865	-1.572519	-0.183206	1.114504	6.329160
-0.033203	-0.110596	0.896240	-1.152672	0.076336	0.908397	6.339332
-0.025635	-0.105713	0.900635	-0.496183	0.427481	0.549618	6.349620
-0.021484	-0.104248	0.897217	-0.442748	0.519084	0.900763	6.359320
-0.031982	-0.098633	0.901367	-0.763359	0.465649	0.992366	6.369637
-0.027344	-0.095703	0.897949	-2.076336	0.755725	1.076336	6.380517
-0.033203	-0.104492	0.906982	-2.977099	0.770992	1.190840	6.390825
-0.025391	-0.100830	0.895996	-3.320611	0.732824	0.778626	6.401014
-0.031494	-0.109375	0.900879	-3.190840	0.816794	0.625954	6.411221
-0.037598	-0.105469	0.910156	-2.725191	0.946565	0.152672	6.421493
-0.032471	-0.107422	0.907227	-2.503817	0.954198	0.137405	6.432247
-0.027588	-0.108643	0.898438	-2.068702	0.740458	-0.175573	6.442465
-0.023682	-0.106201	0.901855	-2.259542	0.931298	-0.251908	6.452528
-0.023438	-0.108154	0.902832	-2.312977	1.129771	-0.435115	6.462728
-0.034668	-0.106445	0.907471	-2.335878	1.450382	-0.435115	6.473277
-0.024658	-0.108398	0.911621	-2.648855	1.496183	-0.351145	6.483825
-0.033447	-0.108398	0.914307	-3.236641	1.213740	-0.595420	6.493973
-0.030029	-0.119141	0.910400	-3.038168	1.106870	-0.832061	6.504227
-0.032959	-0.104248	0.917969	-3.274809	1.312977	-0.931298	6.514141
-0.033936	-0.100586	0.916992	-3.290076	1.267176	-1.000000	6.524551
-0.037109	-0.103760	0.920166	-3.679389	1.061069	-1.083969	6.534263
-0.037842	-0.104004	0.914062	-3.809160	1.076336	-1.190840	6.543871
-0.040527	-0.097900	0.925293	-3.656489	1.320611	-1.099237	6.554382
-0.037842	-0.104736	0.913818	-3.068702	1.251908	-1.259542	6.564447
-0.037354	-0.097656	0.911133	-2.916031	1.129771	-1.152672	6.575168
-0.033447	-0.101562	0.911133	-2.977099	0.748092	-1.061069	6.585412
-0.035645	-0.098145	0.916748	-3.587786	0.351145	-0.946565	6.595727
-0.035889	-0.103271	0.908447	-3.190840	0.519084	-1.206107	6.606327
-0.030518	-0.103760	0.909912	-2.740458	0.916031	-1.129771	6.616519
-0.031982	-0.098633	0.910156	-2.404580	1.435115	-0.977099	6.626986
-0.038574	-0.098877	0.898926	-3.000000	1.152672	-0.419847	6.637279
-0.037354	-0.094727	0.909912	-4.183206	0.877863	-0.183206	6.647425
-0.040771	-0.102051	0.910156	-4.572519	1.190840	-0.427481	6.657701
-0.038086	-0.105713	0.895508	-4.541985	1.068702	-0.625954	6.667577
-0.031738	-0.099365	0.905029	-3.725191	1.305344	-0.885496	6.678467
-0.037598	-0.109131	0.923340	-3.030534	1.473282	-1.221374	6.688954
-0.033203	-0.105957	0.921631	-1.885496	1.251908	-1.259542	6.699172
-0.032227	-0.104492	0.918945	-1.480916	1.083969	-1.534351	6.709347
-0.040527	-0.101318	0.908936	-1.465649	1.358779	-1.679389	6.719373
-0.039062	-0.097656	0.918213	-1.740458	1.351145	-1.251908	6.729016
-0.044189	-0.101074	0.921875	-2.229008	1.167939	-1.038168	6.739600
-0.041748	-0.097412	0.904541	-1.687023	0.725191	-0.984733	6.749820
-0.042236	-0.096436	0.912842	-1.328244	0.816794	-0.793893	6.760089
-0.045410	-0.098877	0.917236	-0.793893	0.580153	-0.534351	6.770154
-0.041504	-0.097168	0.912842	-0.770992	0.290076	-0.328244	6.780615
-0.041992	-0.094482	0.918945	0.152672	0.320611	-0.183206	6.790896
-0.035156	-0.095459	0.899902	0.709924	0.198473	-0.030534	6.800802
-0.036377	-0.097900	0.903809	1.587786	0.129771	1.931298	6.811282
-0.036621	-0.097656	0.912109	2.183206	0.251908	0.129771	6.821338
-0.034424	-0.107910	0.903809	2.328244	0.496183	0.557252	6.831665
-0.040039	-0.093506	0.918457	2.381679	0.335878	0.847328	6.841515
-0.033936	-0.090820	0.925293	1.725191	-0.053435	0.587786	6.851965
-0.026367	-0.101318	0.924805	1.625954	-0.229008	0.297710	6.862093
-0.027344	-0.096924	0.923828	1.442748	-0.221374	-0.068702	6.872169
-0.025879	-0.101318	0.922852	1.137405	-0.206107	-0.381679	6.882872
-0.027588	-0.089600	0.914062	-0.587786	-0.091603	-0.152672	6.893228
-0.033691	-0.092773	0.918701	-2.160305	0.045802	-0.190840	6.903482
-0.026367	-0.098633	0.913330	-3.496183	-0.091603	-0.106870	6.913733
-0.032471	-0.099609	0.911865	-4.000000	-0.045802	0.038168	6.924160
-0.036377	-0.096680	0.907959	-3.732824	-0.167939	0.145038	6.934498
-0.036621	-0.096924	0.909668	-3.343511	-0.297710	0.358779	6.944489
-0.033936	-0.092773	0.907715	-3.259542	-0.122137	0.381679	6.954367
-0.035156	-0.099365	0.911377	-3.061069	-0.335878	0.183206	6.964959
-0.028320	-0.099121	0.907959	-2.969466	-0.083969	-1.954198	6.974979
-0.029053	-0.088867	0.907959	-3.251908	0.175573	-0.022901	6.985441
-0.030518	-0.091553	0.898193	-3.816794	0.083969	-0.167939	6.995989
-0.033691	-0.096680	0.911865	-4.389313	-0.106870	-0.450382	7.006257
-0.030762	-0.096191	0.914307	-4.961832	-0.137405	-0.358779	7.016668
-0.032471	-0.101074	0.904053	-5.000000	-0.114504	-0.351145	7.027217
-0.029297	-0.093018	0.902588	-4.519084	-0.099237	0.045802	7.037637
-0.024170	-0.103516	0.907471	-3.885496	0.244275	0.312977	7.047827
-0.027588	-0.097168	0.909424	-3.625954	0.480916	0.564885	7.058398
-0.032227	-0.095947	0.910645	-4.198473	0.419847	0.824427	7.068802
-0.034668	-0.097656	0.905273	-5.435115	0.068702	0.801527	7.079280
-0.046875	-0.097656	0.913574	-6.519084	0.122137	0.916031	7.089778
-0.043213	-0.100098	0.908691	-6.595420	0.099237	0.709924	7.100503
-0.038574	-0.106934	0.904785	-5.740458	0.267176	0.351145	7.109973
-0.033936	-0.109619	0.905273	-4.076336	0.519084	0.213740	7.120702
-0.036865	-0.106445	0.901123	-2.473282	0.694656	-0.145038	7.130824
-0.046875	-0.110352	0.902832	-1.648855	0.748092	-0.099237	7.140585
-0.029053	-0.102539	0.907471	-1.625954	0.916031	-0.022901	7.150011
-0.025879	-0.098633	0.909424	-2.030534	0.893130	-0.091603	7.160032
-0.021729	-0.099365	0.902344	-2.770992	1.282443	-0.114504	7.170744
-0.037109	-0.107178	0.914551	-2.908397	1.549618	-0.320611	7.180581
-0.026855	-0.104980	0.904785	-3.030534	1.389313	-0.305344	7.189976
-0.027344	-0.106445	0.904541	-3.526718	1.000000	-0.519084	7.200914
-0.026855	-0.109375	0.916992	-3.916031	0.877863	-0.595420	7.211143
-0.024414	-0.104492	0.899414	-3.755725	0.809160	-0.641221	7.221484
-0.027100	-0.107666	0.900391	-3.175573	1.198473	-0.908397	7.231542
-0.032227	-0.107666	0.900391	-2.877863	1.793893	-0.839695	7.242010
-0.044434	-0.102783	0.910645	-2.916031	2.083969	-0.847328	7.252285
-0.038818	-0.102051	0.902100	-3.389313	2.427481	-1.000000	7.262618
-0.034912	-0.114502	0.899902	-3.312977	2.595420	-0.992366	7.273154
-0.040039	-0.107422	0.912598	-3.106870	2.450382	-1.251908	7.283165
-0.033936	-0.102295	0.915527	-3.351145	2.236641	-1.282443	7.293471
-0.028076	-0.098877	0.919189	-3.679389	2.091603	-1.519084	7.303748
-0.031494	-0.104736	0.921143	-3.755725	2.190840	-1.396947	7.313973
-0.020752	-0.098633	0.919189	-3.358779	2.374046	-1.442748	7.323887
-0.039551	-0.101807	0.931885	-3.083969	2.244275	-1.343511	7.334342
-0.036133	-0.094727	0.935791	-2.763359	1.549618	-1.114504	7.344592
-0.036377	-0.098877	0.930664	-2.954198	1.351145	-0.847328	7.354635
-0.041748	-0.103271	0.931641	-3.015267	1.145038	-0.305344	7.364862
-0.043457	-0.097656	0.922852	-2.694656	1.053435	0.015267	7.375292
-0.041992	-0.094238	0.927734	-2.503817	0.374046	0.083969	7.385833
-0.040283	-0.079346	0.914551	-2.595420	0.190840	0.618321	7.396412
-0.039795	-0.101562	0.919189	-2.778626	-0.343511	0.480916	7.409133
-0.040283	-0.090088	0.906006	-2.557252	-0.068702	0.572519	7.419532
-0.040527	-0.094971	0.914795	-2.671756	0.038168	0.770992	7.430016
-0.034180	-0.099121	0.908936	-2.297710	0.030534	0.946565	7.439741
-0.031738	-0.101074	0.914062	-2.190840	0.114504	0.603053	7.450152
-0.029541	-0.098145	0.906250	-2.305344	0.099237	0.801527	7.460406
-0.031738	-0.097656	0.918213	-2.732824	-0.122137	1.221374	7.470747
-0.026367	-0.104736	0.913086	-3.580153	-0.122137	1.267176	7.481324
-0.034424	-0.103760	0.914551	-3.786260	0.183206	1.167939	7.491183
-0.026123	-0.095947	0.924072	-3.648855	-0.183206	1.015267	7.501565
-0.028564	-0.098877	0.919189	-3.183206	-0.320611	1.053435	7.511932
-0.033691	-0.106201	0.902588	-2.916031	-0.412214	0.984733	7.522254
-0.033203	-0.101562	0.908936	-2.549618	-0.030534	0.908397	7.532575
-0.035156	-0.100830	0.899902	-2.358779	0.282443	1.129771	7.542324
-0.036621	-0.108154	0.893311	-2.366412	0.312977	0.870229	7.552494
-0.040527	-0.098633	0.910889	-2.366412	0.343511	0.854962	7.562789
-0.035889	-0.104736	0.897461	-2.259542	0.786260	0.916031	7.573076
-0.037842	-0.104980	0.912109	-2.221374	0.656489	1.366412	7.583551
-0.037109	-0.102295	0.905762	-1.335878	0.870229	1.160305	7.593725
-0.035400	-0.105957	0.899902	-1.412214	1.137405	1.396947	7.604047
-0.036133	-0.100342	0.902832	-1.496183	1.007634	1.061069	7.614273
-0.044189	-0.101807	0.900146	-2.442748	1.297710	1.091603	7.624684
-0.036865	-0.102051	0.910645	-3.320611	1.305344	1.068702	7.635265
-0.031982	-0.108887	0.906006	-5.854962	1.206107	0.824427	7.645197
-0.032227	-0.114014	0.904297	-3.656489	1.503817	0.335878	7.655332
-0.034912	-0.117432	0.917969	-2.618321	1.610687	0.244275	7.665601
-0.031982	-0.109131	0.922119	-1.900763	1.595420	0.374046	7.676219
-0.026855	-0.114014	0.909668	-1.847328	1.656489	0.312977	7.686449
-0.021729	-0.111328	0.910889	-2.022901	1.786260	0.335878	7.696655
-0.034668	-0.110352	0.912109	-2.099237	1.526718	0.183206	7.706583
-0.039551	-0.109375	0.936768	-2.641221	1.419847	0.045802	7.716616
-0.036377	-0.108887	0.923828	-2.916031	1.480916	0.000000	7.727153
-0.038086	-0.120850	0.920166	-2.900763	1.221374	-0.374046	7.737557
-0.035156	-0.112793	0.919678	-1.992366	0.923664	-0.572519	7.747456
-0.031982	-0.110596	0.922852	-1.389313	0.977099	-0.419847	7.757914
-0.031738	-0.110840	0.927002	-1.450382	0.572519	-0.633588	7.768352
-0.040771	-0.104980	0.918701	-2.244275	0.564885	0.000000	7.778961
-0.030762	-0.108154	0.918945	-3.160305	0.969466	-0.312977	7.789261
-0.043701	-0.106445	0.916748	-3.641221	0.671756	-0.312977	7.799377
-0.034912	-0.109863	0.913818	-3.938931	0.625954	-0.282443	7.809736
-0.041016	-0.110352	0.914795	-3.984733	0.503817	-0.282443	7.819159
-0.033447	-0.108887	0.908447	-3.671756	0.114504	-0.229008	7.829014
-0.038574	-0.109131	0.921387	-3.328244	-0.091603	-0.335878	7.839697
-0.039062	-0.105713	0.914551	-3.160305	0.061069	-0.251908	7.849573
-0.039307	-0.104004	0.897217	-3.061069	0.503817	-0.374046	7.860037
-0.039551	-0.101318	0.895752	-4.022901	0.725191	-0.328244	7.870069
-0.044678	-0.097168	0.904785	-5.160305	0.832061	-0.274809	7.880984
-0.038330	-0.101074	0.902344	-5.503817	1.045802	-0.526718	7.891354
-0.035645	-0.108398	0.909424	-4.732824	1.015267	-0.572519	7.901631
-0.036133	-0.106689	0.906006	-3.511450	1.671756	-0.740458	7.911815
-0.033936	-0.111816	0.918945	-2.618321	1.496183	-0.587786	7.921842
-0.039307	-0.124512	0.921387	-1.778626	1.862595	-0.740458	7.932427
-0.036133	-0.097900	0.914307	-1.633588	1.274809	-0.267176	7.942665
-0.036133	-0.104736	0.919678	-1.625954	0.977099	0.183206	7.952466
-0.037354	-0.107910	0.912842	-1.824427	0.770992	0.412214	7.962629
-0.040527	-0.091553	0.912109	-2.427481	0.671756	0.824427	7.972930
-0.037598	-0.094971	0.917969	-2.969466	0.328244	1.076336	7.983401
-0.036133	-0.105225	0.921143	-3.198473	0.160305	1.541985	7.993579
-0.038086	-0.108154	0.918213	-2.847328	-0.198473	1.435115	8.003350
-0.034912	-0.106934	0.902832	-2.946565	-0.091603	1.435115	8.013857
-0.035156	-0.114746	0.911133	-3.038168	-0.129771	1.503817	8.024319
-0.033936	-0.116211	0.906494	-2.839695	0.038168	1.541985	8.034678
-0.037354	-0.114746	0.910400	-2.793893	0.297710	1.091603	8.044974
-0.037842	-0.116943	0.909180	-2.458015	0.618321	0.992366	8.054419
-0.035156	-0.121094	0.907715	-2.091603	0.534351	0.732824	8.063803
-0.031494	-0.116699	0.911865	-2.145038	0.832061	0.534351	8.072930
-0.036621	-0.115479	0.915283	-1.801527	0.641221	0.358779	8.084366
-0.033203	-0.117432	0.897949	-1.129771	0.832061	0.091603	8.094227
-0.037109	-0.117432	0.907227	-1.038168	1.259542	0.122137	8.104375
-0.039551	-0.114990	0.905029	-0.786260	1.572519	-0.152672	8.114722
-0.031006	-0.110352	0.896240	-1.458015	1.519084	-0.435115	8.124999
-0.036865	-0.122070	0.902588	-1.923664	1.465649	-0.389313	8.135335
-0.031006	-0.111816	0.908936	-2.511450	1.496183	-0.198473	8.145628
-0.039307	-0.105469	0.902832	-2.992366	1.687023	-0.190840	8.155742
-0.034180	-0.107422	0.913330	-3.427481	1.923664	-0.534351	8.166087
-0.030518	-0.112305	0.920410	-2.839695	1.740458	-0.610687	8.176442
-0.039551	-0.110596	0.903320	-1.969466	1.450382	-0.725191	8.186458
-0.038086	-0.106445	0.909912	-1.320611	1.748092	-0.648855	8.196792
-0.030518	-0.103271	0.910645	-0.969466	1.320611	-0.778626	8.206649
-0.037354	-0.103516	0.918213	-1.206107	1.404580	-0.183206	8.217025
-0.038330	-0.101074	0.917236	-1.534351	1.595420	0.114504	8.227638
-0.039062	-0.103271	0.923340	-2.145038	1.679389	0.351145	8.237739
-0.037598	-0.106445	0.914307	-2.656489	0.946565	0.259542	8.248142
-0.023193	-0.108643	0.906250	-2.862595	0.793893	0.312977	8.258149
-0.034668	-0.109375	0.927002	-2.679389	0.450382	0.099237	8.268427
-0.033936	-0.107178	0.916016	-2.893130	0.564885	0.030534	8.279264
-0.040771	-0.103760	0.920654	-3.000000	0.450382	0.167939	8.289332
-0.032227	-0.105225	0.919189	-2.916031	0.854962	0.145038	8.299528
-0.034424	-0.109619	0.906982	-3.068702	0.793893	0.229008	8.309525
-0.036621	-0.106689	0.921143	-2.801527	0.648855	-0.122137	8.320127
-0.039062	-0.103516	0.923828	-2.374046	0.526718	-0.183206	8.330482
-0.035156	-0.111328	0.916992	-2.328244	0.557252	-0.519084	8.340689
-0.041504	-0.108398	0.910889	-1.770992	0.770992	-0.717557	8.350900
-0.037598	-0.107422	0.907715	-1.427481	0.824427	-0.709924	8.360959
-0.040527	-0.105225	0.906982	-2.015267	0.404580	-0.366412	8.371248
-0.039307	-0.103760	0.911621	-2.335878	0.366412	-0.122137	8.381774
-0.035156	-0.101562	0.914795	-2.816794	0.221374	0.053435	8.391198
-0.037354	-0.103760	0.888184	-2.885496	0.213740	0.374046	8.400514
-0.033447	-0.101074	0.904785	-3.458015	0.442748	0.473282	8.411629
-0.041748	-0.105225	0.898438	-3.687023	0.519084	0.480916	8.421883
-0.040039	-0.110107	0.904785	-3.786260	0.351145	0.450382	8.432839
-0.038086	-0.114502	0.893066	-3.229008	0.603053	0.290076	8.442711
-0.038818	-0.108643	0.897949	-2.763359	0.511450	0.183206	8.452633
-0.038086	-0.108887	0.903809	-1.870229	0.251908	-0.167939	8.462076
-0.035156	-0.104980	0.908936	-1.748092	0.534351	-0.152672	8.471598
-0.039795	-0.107666	0.892822	-2.343511	1.213740	-0.083969	8.482758
-0.039795	-0.100830	0.893066	-2.923664	1.893130	0.083969	8.493100
-0.037109	-0.108398	0.894287	-3.389313	1.595420	1.946565	8.503180
-0.040039	-0.105713	0.901611	-3.732824	1.511450	0.267176	8.512553
-0.036865	-0.106689	0.896240	-3.213740	1.717557	0.129771	8.523140
-0.037109	-0.116943	0.896973	-2.900763	2.114504	-0.061069	8.534066
-0.037842	-0.112793	0.895020	-3.419847	2.412214	0.083969	8.544684
-0.034424	-0.111084	0.914062	-3.725191	2.656489	-0.335878	8.554782
-0.044922	-0.107666	0.908447	-4.351145	2.801527	-0.954198	8.564693
-0.046631	-0.111816	0.912842	-4.190840	2.503817	-1.114504	8.575246
-0.040039	-0.114502	0.913818	-3.603053	2.427481	-1.160305	8.585814
-0.042236	-0.110840	0.917236	-2.916031	2.152672	-0.748092	8.595892
-0.043701	-0.103027	0.917480	-2.664122	2.206107	-0.755725	8.606103
-0.043945	-0.114502	0.916016	-2.847328	1.916031	-0.656489	8.615506
-0.046143	-0.106445	0.914307	-3.213740	1.725191	-0.076336	8.626400
-0.036621	-0.102783	0.916992	-3.679389	1.351145	0.564885	8.636679
-0.044922	-0.115479	0.906982	-3.167939	1.114504	0.419847	8.647036
-0.042725	-0.115479	0.906250	-2.244275	1.198473	0.732824	8.657339
-0.042725	-0.107422	0.913330	-1.801527	1.244275	0.709924	8.667072
-0.045166	-0.105957	0.923096	-2.244275	1.297710	0.213740	8.677697
-0.042969	-0.116211	0.906982	-2.725191	1.030534	-0.083969	8.688248
-0.049561	-0.112549	0.916504	-2.854962	0.977099	-0.160305	8.698561
-0.041748	-0.117676	0.917725	-2.488550	1.114504	0.045802	8.708626
-0.040771	-0.115967	0.906006	-1.778626	0.961832	-0.152672	8.718758
-0.041260	-0.098145	0.897949	-1.175573	1.152672	0.198473	8.729295
-0.041260	-0.109131	0.894531	-1.641221	1.740458	0.183206	8.739441
-0.041260	-0.103516	0.912354	-3.190840	1.541985	0.740458	8.749727
-0.040283	-0.106934	0.909912	-4.770992	1.358779	0.656489	8.759915
-0.039307	-0.109619	0.903809	-5.358779	1.442748	0.526718	8.770161
-0.042480	-0.119629	0.904297	-4.320611	1.167939	0.167939	8.780725
-0.039551	-0.121582	0.908936	-2.763359	1.282443	-0.297710	8.791088
-0.041748	-0.117432	0.912354	-1.656489	1.374046	-0.458015	8.801486
-0.036133	-0.122070	0.922852	-1.763359	1.458015	-0.427481	8.811562
-0.037354	-0.110840	0.911865	-1.793893	1.488550	-0.320611	8.821411
-0.042236	-0.114258	0.916016	-1.893130	1.152672	-0.511450	8.831821
-0.040771	-0.110107	0.917480	-1.908397	0.961832	-0.534351	8.842298
-0.042725	-0.108887	0.915283	-2.038168	0.702290	-0.465649	8.852352
-0.045410	-0.112305	0.921875	-2.297710	0.603053	-0.145038	8.862634
-0.043457	-0.107422	0.923828	-2.671756	0.488550	-0.160305	8.873036
-0.040283	-0.112549	0.924316	-2.610687	0.259542	0.038168	8.883622
-0.049805	-0.110352	0.917725	-2.480916	0.152672	0.167939	8.893797
-0.046875	-0.102783	0.907471	-2.419847	0.251908	0.381679	8.904139
-0.044678	-0.105713	0.916260	-2.610687	-0.137405	0.442748	8.914410
-0.045654	-0.104980	0.916992	-2.641221	-0.167939	0.702290	8.924313
-0.044189	-0.111572	0.920898	-2.931298	-0.213740	0.717557	8.934962
-0.044434	-0.109131	0.910645	-2.702290	-0.328244	0.717557	8.945466
-0.048096	-0.101074	0.909912	-2.725191	-0.045802	0.824427	8.955712
-0.038818	-0.108887	0.918457	-2.748092	-0.541985	1.007634	8.965635
-0.043945	-0.102295	0.907715	-2.809160	-0.389313	1.061069	8.975120
-0.045654	-0.103760	0.907227	-2.603053	-0.351145	0.931298	8.985238
-0.043945	-0.109131	0.906006	-2.381679	-0.229008	1.106870	8.996554
-0.040771	-0.109863	0.902832	-2.580153	-0.122137	1.580153	9.006809
-0.046143	-0.104492	0.918213	-3.190840	0.068702	1.717557	9.017277
-0.042236	-0.113037	0.904785	-3.694656	-0.183206	1.748092	9.027597
-0.044678	-0.114746	0.903809	-3.488550	-0.083969	1.419847	9.038154
-0.041992	-0.119385	0.895020	-2.862595	0.129771	1.145038	9.048390
-0.037109	-0.117432	0.902100	-2.526718	0.190840	0.809160	9.058402
-0.037842	-0.114746	0.909180	-2.992366	0.312977	0.618321	9.068995
-0.035156	-0.114502	0.906494	-2.893130	0.389313	0.648855	9.079377
-0.041504	-0.111084	0.892578	-2.725191	0.755725	0.664122	9.089369
-0.037842	-0.120361	0.893799	-2.679389	0.557252	0.702290	9.098702
-0.041016	-0.117432	0.894775	-2.473282	0.343511	0.793893	9.109063
-0.041992	-0.116699	0.890869	-2.893130	0.671756	0.992366	9.119406
-0.046875	-0.116699	0.899414	-2.954198	1.091603	0.938931	9.129567
-0.040283	-0.114502	0.896240	-2.595420	2.000000	0.343511	9.139781
-0.046631	-0.114258	0.899902	-2.419847	1.610687	1.938931	9.149887
-0.042725	-0.116943	0.905029	-2.618321	1.519084	-0.152672	9.160591
-0.044189	-0.115479	0.915039	-2.832061	1.473282	-0.251908	9.170681
-0.044678	-0.116699	0.912842	-2.938931	2.152672	-0.442748	9.181335
-0.043213	-0.116211	0.912109	-2.519084	2.610687	-0.305344	9.191522
-0.046631	-0.126953	0.915771	-1.603053	2.717557	-1.068702	9.202002
-0.047119	-0.114746	0.925293	-1.152672	2.290076	-1.007634	9.212289
-0.050781	-0.116699	0.931641	-1.633588	1.526718	-0.923664	9.222746
-0.051758	-0.112549	0.933350	-1.717557	1.396947	-0.824427	9.232992
-0.044922	-0.116455	0.919434	-1.458015	1.572519	-0.938931	9.243148
-0.046387	-0.116455	0.915771	-1.465649	1.137405	-0.564885	9.253509
-0.051270	-0.116211	0.922363	-1.908397	0.671756	-0.167939	9.263899
-0.047852	-0.112793	0.927002	-2.885496	0.137405	0.396947	9.274124
-0.046143	-0.121826	0.921143	-3.167939	-0.076336	0.480916	9.284559
-0.045166	-0.113525	0.911621	-3.145038	-0.122137	0.343511	9.294476
-0.046143	-0.115967	0.920410	-3.076336	-0.511450	0.244275	9.304857
-0.044434	-0.113037	0.904053	-3.038168	-0.458015	-0.274809	9.314891
-0.041504	-0.117676	0.917480	-2.854962	-0.458015	0.007634	9.325026
-0.047119	-0.111572	0.912842	-3.465649	0.076336	-0.236641	9.335291
-0.048584	-0.118652	0.904297	-3.557252	-0.305344	0.473282	9.345153
-0.032959	-0.125977	0.912842	-3.290076	-0.381679	-0.236641	9.355766
-0.039551	-0.102783	0.913574	-3.534351	0.045802	-0.465649	9.366004
-0.029541	-0.131104	0.920410	-2.870229	-0.099237	-0.145038	9.376354
-0.039062	-0.111084	0.910156	-2.137405	0.160305	-1.305344	9.386662
-0.026611	-0.101074	0.904297	-3.297710	0.213740	-0.862595	9.397073
-0.030518	-0.113037	0.910400	-3.977099	-0.488550	-0.175573	9.410070
-0.031738	-0.113281	0.895020	-3.404580	-0.175573	0.099237	9.420482
-0.033203	-0.105713	0.892090	-3.938931	0.076336	0.366412	9.430744
-0.034668	-0.111084	0.905762	-4.297710	-0.290076	0.190840	9.441018
-0.040527	-0.113525	0.902100	-4.091603	-0.076336	0.450382	9.451133
-0.045654	-0.110596	0.894775	-2.175573	-0.022901	0.328244	9.461374
-0.044189	-0.121338	0.898682	-0.488550	-0.106870	-0.557252	9.471825
-0.036865	-0.114990	0.893066	0.732824	0.122137	-0.580153	9.482299
-0.041748	-0.103516	0.902100	0.145038	0.358779	-0.549618	9.493119
-0.041504	-0.101074	0.906738	-1.603053	0.702290	-0.030534	9.503366
-0.044434	-0.105713	0.907715	-3.137405	0.549618	-0.251908	9.513285
-0.044678	-0.113281	0.900879	-3.740458	0.274809	-0.480916	9.523668
-0.036865	-0.115967	0.892090	-3.007634	0.412214	-0.312977	9.533947
-0.034668	-0.111084	0.904541	-2.755725	0.854962	-0.404580	9.544469
-0.035400	-0.112305	0.906250	-2.503817	1.114504	-0.145038	9.554690
-0.042969	-0.110596	0.904297	-2.183206	1.603053	-0.183206	9.564918
-0.044922	-0.115479	0.896973	-1.641221	1.526718	-0.183206	9.575370
-0.042969	-0.107178	0.909424	-1.778626	1.190840	-0.106870	9.585476
-0.041260	-0.107910	0.916504	-2.167939	1.290076	0.221374	9.595913
-0.046387	-0.114014	0.907715	-2.549618	0.885496	-0.061069	9.606122
-0.042236	-0.113525	0.914551	-2.687023	0.877863	0.206107	9.616260
-0.041016	-0.113525	0.902588	-2.687023	1.450382	0.404580	9.626686
-0.040771	-0.122803	0.906982	-3.183206	1.335878	0.145038	9.637177
-0.042236	-0.115479	0.896973	-3.137405	1.618321	0.190840	9.647539
-0.057373	-0.120117	0.906982	-2.938931	1.564885	-0.045802	9.657821
-0.049072	-0.121582	0.900391	-2.206107	1.541985	-0.511450	9.668194
-0.049072	-0.114502	0.906494	-2.328244	1.061069	-0.366412	9.678485
-0.043457	-0.125000	0.914795	-2.786260	1.114504	0.038168	9.688944
-0.040039	-0.114746	0.917236	-3.213740	1.175573	-0.091603	9.698861
-0.037598	-0.113281	0.915039	-3.114504	0.870229	-0.083969	9.709329
-0.035156	-0.114990	0.920166	-3.290076	0.893130	-0.458015	9.719709
-0.036133	-0.116211	0.915283	-3.358779	0.732824	-0.320611	9.730151
-0.041748	-0.113037	0.914062	-3.251908	0.549618	-0.206107	9.740041
-0.038574	-0.116455	0.909424	-3.305344	1.022901	-0.175573	9.750118
-0.035889	-0.121094	0.911377	-3.320611	0.946565	-0.190840	9.759955
-0.042725	-0.111328	0.915283	-3.778626	0.679389	-0.305344	9.770819
-0.035889	-0.105225	0.915527	-3.854962	0.580153	-0.534351	9.781139
-0.043213	-0.110107	0.905518	-3.335878	0.694656	-0.251908	9.791489
-0.044922	-0.117188	0.905273	-2.167939	1.091603	-0.297710	9.801692
-0.045166	-0.108887	0.903076	-1.893130	1.267176	-0.381679	9.811821
-0.048584	-0.097168	0.904297	-2.366412	1.190840	-0.015267	9.822204
-0.045898	-0.108887	0.899658	-3.618321	1.251908	0.343511	9.832555
-0.049805	-0.111328	0.908936	-4.076336	1.236641	0.236641	9.842900
-0.036377	-0.117432	0.903809	-3.809160	1.312977	0.534351	9.853236
-0.042480	-0.114990	0.908203	-2.816794	1.511450	0.160305	9.863446
-0.040039	-0.111328	0.919678	-2.580153	1.129771	0.076336	9.873717
-0.041260	-0.114014	0.911865	-2.419847	1.404580	-0.030534	9.883824
-0.042236	-0.114746	0.916504	-2.198473	1.374046	-0.076336	9.894095
-0.048340	-0.114014	0.908203	-2.137405	1.282443	-0.015267	9.904223
-0.045410	-0.114502	0.916260	-2.290076	0.709924	0.061069	9.914408
-0.047119	-0.114014	0.916748	-2.221374	0.717557	0.366412	9.924921
-0.037109	-0.114746	0.915527	-2.297710	0.618321	0.496183	9.935150
-0.041504	-0.111328	0.894043	-3.229008	0.824427	0.961832	9.945609
-0.046875	-0.112305	0.906982	-3.847328	0.618321	1.030534	9.956082
-0.039551	-0.116211	0.914551	-4.480916	0.557252	1.038168	9.966202
-0.041016	-0.116211	0.917236	-4.015267	0.633588	1.030534	9.976563
-0.044922	-0.118896	0.906738	-3.427481	0.427481	0.870229	9.986770
-0.045166	-0.119141	0.915283	-3.106870	0.519084	0.946565	9.996707
-0.044434	-0.116455	0.912842	-2.809160	0.839695	0.900763	10.007103
-0.048096	-0.117920	0.915771	-2.442748	0.656489	1.038168	10.017289
-0.042725	-0.122559	0.915771	-2.526718	0.793893	0.992366	10.027632
-0.032715	-0.122070	0.912842	-2.755725	0.358779	1.114504	10.037891
-0.042236	-0.118408	0.910400	-2.938931	0.557252	0.877863	10.047726
-0.046143	-0.119141	0.908691	-3.274809	0.679389	0.969466	10.058247
-0.041992	-0.119141	0.913330	-3.580153	0.534351	0.816794	10.068483
-0.044434	-0.124756	0.919434	-3.374046	0.198473	0.687023	10.078819
-0.048584	-0.120361	0.919678	-3.099237	0.015267	0.557252	10.089190
-0.045654	-0.122559	0.916992	-2.786260	-0.480916	0.244275	10.099380
-0.043945	-0.116699	0.916016	-2.900763	-0.541985	0.068702	10.110119
-0.038574	-0.120605	0.912842	-3.580153	-0.549618	0.091603	10.120591
-0.046143	-0.117432	0.925049	-4.030534	-0.954198	0.114504	10.130744
-0.038818	-0.121094	0.916992	-4.778626	-0.893130	0.129771	10.141238
-0.042236	-0.119385	0.926025	-4.709924	-0.732824	0.091603	10.151370
-0.044434	-0.125000	0.917236	-4.106870	-1.045802	0.099237	10.161636
-0.042480	-0.127197	0.912109	-2.908397	-1.351145	0.053435	10.172025
-0.047119	-0.117188	0.903564	-2.244275	-1.442748	0.221374	10.182140
-0.041992	-0.121826	0.910889	-1.870229	-1.022901	0.061069	10.192679
-0.043945	-0.108887	0.899414	-1.893130	-1.122137	0.549618	10.202766
-0.040039	-0.116211	0.912354	-2.244275	-0.946565	0.564885	10.212968
-0.042725	-0.095459	0.895752	-3.244275	-0.908397	0.885496	10.223163
-0.041016	-0.115479	0.904297	-3.404580	-0.648855	0.633588	10.233364
-0.039062	-0.111328	0.902100	-3.442748	-0.709924	0.839695	10.243266
-0.038818	-0.119141	0.893555	-3.404580	-0.381679	0.725191	10.254040
-0.031738	-0.109863	0.892090	-3.259542	-0.419847	0.687023	10.264320
-0.034668	-0.121582	0.884033	-3.320611	0.038168	0.664122	10.274642
-0.033203	-0.119385	0.890137	-3.473282	0.137405	0.526718	10.285043
-0.034424	-0.125000	0.896484	-3.030534	0.778626	0.633588	10.295090
-0.040527	-0.127197	0.896240	-2.839695	0.786260	0.267176	10.305079
-0.040039	-0.121094	0.896729	-2.343511	1.030534	0.358779	10.315797
-0.044678	-0.122559	0.894531	-2.496183	1.030534	0.030534	10.326363
-0.038574	-0.125244	0.907959	-2.923664	1.007634	0.396947	10.336614
-0.040039	-0.125488	0.899170	-2.740458	0.946565	0.366412	10.347344
-0.037354	-0.123291	0.897705	-2.832061	1.198473	0.198473	10.357268
-0.043701	-0.121826	0.908936	-2.824427	1.175573	0.335878	10.367990
-0.039551	-0.124023	0.912598	-2.938931	1.236641	0.251908	10.377941
-0.041504	-0.124756	0.903564	-3.053435	1.671756	0.068702	10.387521
-0.042236	-0.124268	0.900635	-3.221374	1.809160	-0.038168	10.397577
-0.042969	-0.125732	0.902588	-2.702290	1.519084	-0.091603	10.408204
-0.038818	-0.124268	0.912354	-2.770992	1.473282	0.076336	10.418580
-0.041504	-0.129639	0.906006	-2.664122	1.534351	0.152672	10.428647
-0.036621	-0.126221	0.904053	-2.480916	1.595420	0.038168	10.439303
-0.045410	-0.119141	0.905029	-2.061069	1.824427	-0.106870	10.449768
-0.042969	-0.128662	0.896240	-2.083969	2.083969	-0.206107	10.459719
-0.062500	-0.127930	0.909180	-2.541985	2.160305	-0.442748	10.470485
-0.052979	-0.127930	0.906494	-3.167939	2.175573	-0.335878	10.481161
-0.040771	-0.122070	0.912842	-3.427481	2.045802	-0.167939	10.491498
-0.041260	-0.127930	0.898438	-3.832061	1.984733	-0.022901	10.501890
-0.036865	-0.129395	0.913818	-4.702290	2.038168	-0.160305	10.511792
-0.033691	-0.126221	0.912354	-5.122137	1.923664	-0.305344	10.521996
-0.044434	-0.128662	0.905029	-4.893130	1.854962	-0.358779	10.532244
-0.037598	-0.140137	0.911377	-4.343511	1.755725	-0.709924	10.542440
-0.040771	-0.133301	0.924072	-3.366412	1.687023	-1.122137	10.553028
-0.036377	-0.126709	0.928711	-2.847328	1.832061	-1.038168	10.563018
-0.039551	-0.129639	0.927734	-2.595420	1.335878	-1.114504	10.573493
-0.036865	-0.125244	0.928711	-2.122137	1.450382	-0.954198	10.583945
-0.043945	-0.116943	0.915527	-2.251908	1.160305	-0.725191	10.594020
-0.040771	-0.116211	0.914062	-2.694656	1.129771	-0.160305	10.604407
-0.044434	-0.122559	0.912109	-2.946565	0.954198	-0.091603	10.614393
-0.043457	-0.117920	0.914551	-3.404580	0.709924	0.083969	10.624719
-0.045166	-0.121826	0.902588	-4.061069	0.877863	0.244275	10.635121
-0.045654	-0.125977	0.899902	-3.984733	0.450382	0.007634	10.645223
-0.051758	-0.130371	0.904297	-3.213740	0.694656	-0.038168	10.656038
-0.050049	-0.126953	0.910645	-2.458015	0.839695	-0.160305	10.665914
-0.038818	-0.128174	0.907471	-2.145038	0.717557	-0.244275	10.676542
-0.044922	-0.135986	0.909912	-1.961832	0.969466	-0.290076	10.686784
-0.042236	-0.125977	0.900146	-2.114504	0.709924	-0.129771	10.697181
-0.041504	-0.123047	0.913086	-2.335878	1.152672	-1.954198	10.707483
-0.044434	-0.109619	0.916260	-2.488550	1.351145	-0.312977	10.717290
-0.047119	-0.124756	0.910156	-2.503817	0.755725	-0.374046	10.727947
-0.045898	-0.125244	0.915771	-2.305344	0.488550	-0.221374	10.738274
-0.044922	-0.121826	0.916260	-2.312977	0.740458	0.167939	10.748733
-0.041992	-0.125977	0.914307	-2.549618	0.641221	0.251908	10.758946
-0.047852	-0.111572	0.916992	-2.473282	0.213740	-0.015267	10.769152
-0.041016	-0.127930	0.915771	-2.114504	0.259542	0.267176	10.779329
-0.046143	-0.131348	0.904541	-1.282443	0.236641	0.366412	10.789681
-0.038574	-0.126709	0.912109	-0.809160	0.221374	0.312977	10.799920
-0.042725	-0.130371	0.902588	-0.580153	0.503817	0.328244	10.810225
-0.043945	-0.120361	0.902100	-0.679389	0.244275	0.526718	10.820661
-0.040771	-0.117432	0.900635	-0.427481	0.129771	0.679389	10.830964
-0.037598	-0.120117	0.903320	-0.893130	0.396947	0.816794	10.841331
-0.051025	-0.119385	0.908936	-1.770992	0.473282	0.755725	10.851590
-0.052002	-0.119629	0.906738	-3.114504	0.664122	1.038168	10.861940
-0.043457	-0.120605	0.904785	-2.961832	0.122137	0.625954	10.872053
-0.044189	-0.126953	0.897461	-2.450382	0.412214	0.526718	10.882696
-0.039062	-0.127686	0.907471	-1.618321	0.625954	0.679389	10.892982
-0.042725	-0.129395	0.903076	-0.755725	0.618321	0.328244	10.903425
-0.036621	-0.121826	0.911377	-0.679389	0.633588	0.305344	10.913683
-0.045654	-0.121582	0.897949	-0.793893	0.557252	0.282443	10.923852
-0.037109	-0.123291	0.904053	-1.000000	0.801527	0.206107	10.933862
-0.044678	-0.120117	0.912598	-1.358779	0.648855	0.458015	10.944206
-0.043945	-0.120361	0.910889	-2.206107	0.969466	0.671756	10.954539
-0.045410	-0.118408	0.909912	-2.793893	0.854962	0.740458	10.964595
-0.049072	-0.123779	0.913086	-2.427481	0.763359	0.610687	10.975055
-0.050049	-0.124268	0.911865	-1.847328	0.526718	0.694656	10.985392
-0.038086	-0.124756	0.913574	-1.473282	0.259542	0.755725	10.995784
-0.038818	-0.120850	0.915527	-1.488550	0.091603	0.519084	11.006323
-0.042236	-0.120850	0.930420	-1.916031	0.290076	0.778626	11.016757
-0.045410	-0.115967	0.915039	-2.458015	0.381679	0.725191	11.026181
-0.041748	-0.113770	0.915283	-2.946565	0.442748	0.656489	11.035834
-0.049805	-0.122559	0.918457	-2.748092	0.488550	0.229008	11.046470
-0.048584	-0.126465	0.905518	-2.885496	0.251908	0.625954	11.056818
-0.047119	-0.117920	0.909424	-3.160305	0.030534	0.763359	11.067063
-0.041016	-0.117920	0.912598	-3.885496	-0.236641	0.969466	11.077153
-0.039307	-0.128662	0.917725	-4.030534	-0.488550	0.916031	11.087434
-0.045166	-0.126221	0.908936	-3.854962	-0.404580	0.641221	11.097617
-0.043213	-0.128174	0.916260	-3.152672	-0.206107	0.580153	11.108114
-0.042236	-0.120605	0.909668	-3.290076	0.145038	0.839695	11.118413
-0.045654	-0.126221	0.899902	-3.580153	-0.114504	0.885496	11.128640
-0.043701	-0.112305	0.900391	-3.770992	-0.099237	1.160305	11.138727
-0.037109	-0.125732	0.896484	-3.267176	-0.007634	1.137405	11.149033
-0.044189	-0.139160	0.901611	-3.145038	0.564885	1.145038	11.159445
-0.040527	-0.122559	0.902588	-2.770992	0.335878	1.229008	11.168977
-0.038574	-0.133057	0.908447	-2.389313	0.244275	0.961832	11.179147
-0.039062	-0.131592	0.908691	-2.442748	0.175573	0.648855	11.190076
-0.036865	-0.134521	0.910645	-2.503817	0.122137	0.435115	11.200300
-0.037598	-0.125000	0.907471	-2.801527	0.114504	0.190840	11.210706
-0.041748	-0.119873	0.907715	-3.129771	-0.145038	0.198473	11.221224
-0.045898	-0.123291	0.913818	-2.839695	-1.954198	0.419847	11.231385
-0.042480	-0.128418	0.909912	-2.328244	-0.068702	0.190840	11.241305
-0.042725	-0.127441	0.916748	-2.122137	0.152672	0.717557	11.251703
-0.043457	-0.122070	0.911621	-2.259542	0.030534	0.893130	11.261890
-0.044678	-0.126709	0.906494	-2.793893	-0.068702	0.984733	11.272199
-0.041016	-0.127441	0.915527	-2.770992	0.190840	0.885496	11.282460
-0.057617	-0.126709	0.911133	-2.625954	0.114504	0.557252	11.292785
-0.044434	-0.127930	0.901123	-2.427481	0.305344	0.732824	11.303065
-0.042480	-0.125244	0.908936	-2.809160	0.480916	0.480916	11.313543
-0.041016	-0.121338	0.904785	-3.305344	0.320611	0.603053	11.323682
-0.035645	-0.122803	0.899902	-3.572519	0.549618	0.748092	11.334172
-0.037354	-0.120361	0.908203	-3.610687	0.297710	0.641221	11.343932
-0.037354	-0.127930	0.893066	-3.053435	0.458015	0.358779	11.353671
-0.038818	-0.128418	0.907471	-2.114504	0.763359	0.206107	11.362850
-0.042969	-0.128906	0.907959	-1.557252	0.786260	-0.152672	11.372622
-0.040527	-0.122314	0.900146	-1.671756	0.641221	0.038168	11.382189
-0.032471	-0.124268	0.910645	-2.167939	0.633588	-0.183206	11.393070
-0.043945	-0.122559	0.913086	-2.305344	0.832061	0.206107	11.406856
-0.038818	-0.137451	0.909668	-2.572519	0.984733	0.175573	11.417199
-0.037354	-0.122559	0.910645	-2.557252	0.847328	0.312977	11.427575
-0.030273	-0.140137	0.912598	-2.816794	0.557252	0.335878	11.437723
-0.038330	-0.124756	0.917236	-2.900763	0.778626	0.213740	11.448261
-0.035889	-0.124512	0.908936	-3.000000	0.931298	0.366412	11.458008
-0.041260	-0.121582	0.906982	-2.877863	0.938931	0.519084	11.466340
-0.041504	-0.122314	0.914307	-2.969466	0.885496	0.274809	11.474692
-0.041992	-0.119385	0.905518	-3.656489	0.885496	0.206107	11.482867
-0.042725	-0.123779	0.915527	-3.801527	1.152672	0.122137	11.491413
-0.044678	-0.116211	0.906494	-4.213740	0.916031	0.259542	11.500159
-0.046875	-0.122559	0.910645	-4.083969	1.099237	0.083969	11.508670
-0.046143	-0.119873	0.903564	-3.496183	1.152672	0.190840	11.517051
-0.040283	-0.122559	0.922119	-2.656489	1.511450	0.053435	11.525435
-0.041260	-0.111572	0.915283	-1.381679	1.267176	-0.213740	11.533668
-0.046875	-0.119629	0.912109	0.083969	1.290076	-0.053435	11.542316
-0.043457	-0.118164	0.914307	0.885496	1.259542	0.137405	11.550535
-0.036621	-0.115967	0.916260	0.847328	1.137405	0.564885	11.558946
-0.041016	-0.109131	0.918945	0.404580	0.954198	0.809160	11.567370
-0.032715	-0.112549	0.912354	-0.099237	0.564885	1.038168	11.576001
-0.035889	-0.115967	0.929688	-1.320611	0.473282	1.366412	11.584044
-0.034668	-0.117676	0.916016	-2.076336	0.198473	1.671756	11.592430
-0.031250	-0.115479	0.924561	-2.450382	-0.129771	1.938931	11.601062
-0.036621	-0.122559	0.910645	-2.618321	-0.099237	1.977099	11.609378
-0.034912	-0.123779	0.911865	-2.877863	-0.480916	2.274809	11.617789
-0.038086	-0.128906	0.916016	-2.541985	-0.625954	2.221374	11.626152
-0.040527	-0.133545	0.926514	-1.961832	-0.648855	2.122137	11.634592
-0.036377	-0.121094	0.912598	-1.702290	-0.709924	1.839695	11.643029
-0.041992	-0.130127	0.909424	-1.312977	-0.862595	1.755725	11.651359
-0.041260	-0.131104	0.913086	-0.984733	-0.748092	1.755725	11.659841
-0.040771	-0.132568	0.920410	-1.068702	-0.664122	1.496183	11.667706
-0.040771	-0.131348	0.910400	-0.946565	-0.740458	1.374046	11.676196
-0.040527	-0.132812	0.915283	-0.984733	-0.648855	1.435115	11.684012
-0.031006	-0.119873	0.903809	-1.083969	-0.389313	1.206107	11.692827
-0.041504	-0.123047	0.912842	-1.450382	-0.251908	1.496183	11.701556
-0.045654	-0.129395	0.902344	-2.099237	-0.061069	1.488550	11.709838
-0.044434	-0.125244	0.895508	-2.610687	-0.053435	1.305344	11.717903
-0.038818	-0.130615	0.895020	-3.030534	-0.045802	1.435115	11.726516
-0.041992	-0.132568	0.898926	-3.305344	-0.015267	1.511450	11.734766
-0.042236	-0.127197	0.894531	-3.244275	-0.038168	1.190840	11.743094
-0.043457	-0.126953	0.896240	-2.893130	0.076336	0.946565	11.751383
-0.042236	-0.130371	0.891357	-2.541985	0.114504	0.725191	11.759842
-0.041992	-0.130859	0.892334	-2.335878	0.763359	0.824427	11.768290
-0.040771	-0.128174	0.903564	-2.229008	0.725191	0.847328	11.776647
-0.045410	-0.128906	0.891113	-2.412214	1.145038	0.793893	11.785031
-0.044434	-0.123779	0.901367	-2.549618	1.213740	0.877863	11.793133
-0.035645	-0.129150	0.892578	-2.641221	1.450382	0.664122	11.801654
-0.043457	-0.133301	0.896729	-2.381679	1.824427	0.595420	11.810158
-0.036865	-0.135986	0.896729	-2.160305	1.625954	0.106870	11.818462
-0.041992	-0.133545	0.905762	-1.839695	1.816794	-0.389313	11.826874
-0.036133	-0.131836	0.906250	-1.320611	1.923664	-0.793893	11.835178
-0.034912	-0.130371	0.901855	-1.152672	1.709924	-0.908397	11.843440
-0.037598	-0.132568	0.919678	-0.916031	1.755725	-1.007634	11.851976
-0.042236	-0.125000	0.921631	-1.267176	1.786260	-0.916031	11.860664
-0.036621	-0.122314	0.917725	-1.480916	1.809160	-0.839695	11.868962
-0.041016	-0.121094	0.918701	-1.954198	1.763359	-0.801527	11.877454
-0.042480	-0.115234	0.909912	-1.839695	1.625954	-0.480916	11.885782
-0.047852	-0.120117	0.908936	-2.358779	1.480916	-0.290076	11.893795
-0.044189	-0.123535	0.910156	-2.480916	1.282443	-0.045802	11.902311
-0.046387	-0.126465	0.917969	-2.190840	1.312977	-1.946565	11.910699
-0.048096	-0.121582	0.909912	-1.854962	1.068702	-0.099237	11.918540
-0.046143	-0.118408	0.913574	-2.114504	0.862595	-0.145038	11.926633
-0.041016	-0.119141	0.912598	-2.580153	0.526718	0.038168	11.935463
-0.034668	-0.118652	0.917236	-2.679389	0.511450	-0.068702	11.943610
-0.040527	-0.124023	0.906982	-2.854962	0.618321	-0.145038	11.952541
-0.039307	-0.125977	0.910645	-2.961832	0.648855	-0.305344	11.960872
-0.040283	-0.124023	0.904785	-2.931298	0.587786	-0.351145	11.969327
-0.042480	-0.138916	0.924805	-3.030534	1.076336	-0.290076	11.977851
-0.043945	-0.119629	0.914795	-2.885496	0.931298	-0.358779	11.986185
-0.036865	-0.124512	0.906982	-2.549618	0.984733	-0.244275	11.994365
-0.033447	-0.125244	0.915771	-2.190840	0.870229	-0.022901	12.003098
-0.034668	-0.125732	0.908691	-1.664122	0.755725	-0.229008	12.011698
-0.037354	-0.117432	0.921387	-1.496183	1.221374	-0.030534	12.020104
-0.040283	-0.120117	0.902344	-1.259542	0.854962	-0.198473	12.028721
-0.037354	-0.131104	0.905273	-1.129771	1.030534	-0.450382	12.037341
-0.036865	-0.122559	0.901611	-1.236641	0.832061	-0.488550	12.045604
-0.045410	-0.123291	0.905762	-1.854962	0.786260	-0.267176	12.054190
-0.038574	-0.119873	0.909668	-1.938931	0.862595	-0.343511	12.062477
-0.045898	-0.114502	0.901855	-1.923664	0.854962	-0.167939	12.070940
-0.043945	-0.119873	0.907959	-2.068702	0.801527	-0.175573	12.079203
-0.038818	-0.129639	0.907227	-2.030534	0.625954	-0.236641	12.087720
-0.045654	-0.111084	0.905518	-2.419847	1.106870	-0.137405	12.096179
-0.042969	-0.118408	0.904785	-3.114504	0.526718	0.297710	12.104458
-0.043945	-0.120361	0.916016	-2.801527	0.687023	0.061069	12.112818
-0.042969	-0.121094	0.902100	-2.717557	0.778626	-0.290076	12.121073
-0.041260	-0.116943	0.894775	-2.564885	0.656489	-0.145038	12.129566
-0.042236	-0.121338	0.912109	-2.488550	0.603053	-0.259542	12.138212
-0.038818	-0.123779	0.911621	-2.106870	0.854962	-0.312977	12.146584
-0.039795	-0.122070	0.914551	-2.000000	0.984733	-0.290076	12.154966
-0.044678	-0.122070	0.906494	-1.832061	1.152672	-0.175573	12.163208
-0.038086	-0.115234	0.907227	-1.854962	1.106870	-0.145038	12.171638
-0.044922	-0.115967	0.906982	-2.038168	1.152672	-0.259542	12.180174
-0.046143	-0.121094	0.904541	-1.847328	1.290076	-0.076336	12.188545
-0.048340	-0.120850	0.908447	-1.900763	1.068702	-0.030534	12.196842
-0.047119	-0.121094	0.895264	-1.679389	1.267176	0.030534	12.205088
-0.041748	-0.111572	0.917480	-1.664122	1.053435	0.045802	12.213743
-0.042969	-0.118652	0.906982	-1.954198	0.816794	0.259542	12.222387
-0.037109	-0.121094	0.910156	-2.374046	0.664122	0.381679	12.230802
-0.043457	-0.120361	0.915771	-2.000000	0.503817	0.236641	12.239181
-0.044434	-0.113770	0.919678	-2.068702	0.740458	0.267176	12.247645
-0.047852	-0.121338	0.910889	-0.030534	0.503817	0.190840	12.255862
-0.046875	-0.118408	0.914551	-1.977099	0.427481	0.458015	12.263881
-0.038574	-0.122803	0.915527	-2.007634	0.282443	0.557252	12.271690
-0.032959	-0.123535	0.906250	-2.183206	0.251908	0.641221	12.279888
-0.043945	-0.120361	0.902100	-2.351145	0.496183	0.625954	12.288731
-0.045898	-0.118164	0.904541	-2.648855	0.435115	0.816794	12.297183
-0.044922	-0.118652	0.907227	-2.633588	0.427481	1.045802	12.305137
-0.045654	-0.118408	0.915039	-2.687023	0.267176	1.068702	12.313417
-0.042236	-0.122559	0.908936	-2.603053	0.221374	0.832061	12.321279
-0.044434	-0.127197	0.907959	-2.450382	0.022901	0.732824	12.329591
-0.042969	-0.121338	0.910645	-2.190840	-0.076336	0.854962	12.338193
-0.042725	-0.127441	0.904297	-1.992366	-0.061069	0.687023	12.346581
-0.039795	-0.121826	0.903320	-1.870229	0.022901	0.679389	12.354718
-0.041748	-0.118408	0.912109	-2.221374	-0.007634	0.595420	12.363596
-0.038086	-0.116211	0.911133	-3.137405	-0.160305	0.755725	12.372023
-0.038818	-0.120361	0.907227	-4.610687	0.091603	0.801527	12.380536
-0.041260	-0.116455	0.907959	-5.320611	0.106870	0.755725	12.388943
-0.036621	-0.121582	0.901367	-6.206107	0.473282	0.389313	12.397405
-0.039062	-0.124512	0.910156	-6.900763	0.259542	0.305344	12.405605
-0.042480	-0.137207	0.903320	-6.076336	0.099237	-0.022901	12.413973
-0.038574	-0.130859	0.903564	-5.480916	0.022901	0.038168	12.422362
-0.035645	-0.133057	0.906250	-3.694656	-0.076336	-0.083969	12.430765
-0.036133	-0.134521	0.932617	-1.992366	0.000000	-0.244275	12.439284
-0.044678	-0.128174	0.911133	-0.816794	0.389313	-1.946565	12.447727
-0.041748	-0.127686	0.917480	-0.183206	0.847328	0.198473	12.455759
-0.041260	-0.124512	0.897461	0.022901	0.992366	0.038168	12.464687
-0.039795	-0.137695	0.913818	2.450382	0.946565	-0.503817	12.473069
-0.046875	-0.105469	0.915527	2.396947	0.961832	-0.167939	12.481600
-0.048096	-0.122803	0.902832	1.564885	0.793893	0.083969	12.490093
-0.044922	-0.122070	0.900635	-0.244275	0.717557	0.312977	12.498761
-0.037354	-0.120117	0.908203	-2.068702	0.816794	0.274809	12.506887
-0.036133	-0.119141	0.902344	-3.251908	0.793893	0.236641	12.515411
-0.035645	-0.114746	0.907959	-3.480916	0.671756	0.145038	12.523844
-0.039551	-0.127441	0.900391	-3.091603	0.541985	-0.259542	12.532256
-0.035889	-0.116211	0.914795	-2.656489	0.748092	-0.450382	12.540521
-0.039062	-0.127686	0.906494	-2.534351	0.877863	-0.343511	12.549017
-0.041504	-0.125732	0.912842	-2.839695	0.908397	-0.129771	12.557289
-0.045654	-0.125977	0.908203	-2.923664	1.106870	0.137405	12.565620
-0.042480	-0.124512	0.906250	-2.931298	1.061069	0.137405	12.573945
-0.041992	-0.120850	0.903320	-3.061069	1.038168	0.099237	12.582377
-0.043945	-0.122803	0.896729	-3.038168	1.366412	-0.015267	12.590732
-0.046387	-0.117676	0.905518	-3.053435	1.335878	0.152672	12.599047
-0.045654	-0.128662	0.899902	-3.145038	1.274809	0.251908	12.607353
-0.043701	-0.127197	0.902100	-2.809160	1.297710	-0.045802	12.615780
-0.040771	-0.120850	0.905518	-2.267176	1.549618	-0.183206	12.624410
-0.038818	-0.127441	0.899902	-1.236641	1.603053	-0.587786	12.632695
-0.038818	-0.123779	0.902344	-0.297710	1.793893	-0.694656	12.641105
-0.044434	-0.127930	0.903809	1.870229	2.167939	-1.122137	12.649728
-0.041260	-0.110596	0.903564	1.519084	2.251908	-0.961832	12.657944
-0.038574	-0.113525	0.897217	1.038168	2.511450	-0.832061	12.666601
-0.040771	-0.123535	0.902588	-0.083969	2.419847	-0.732824	12.674734
-0.046387	-0.111816	0.914795	-1.694656	2.198473	-0.603053	12.683267
-0.042969	-0.112061	0.916992	-2.984733	1.977099	-0.328244	12.691765
-0.038574	-0.123291	0.916504	-3.664122	1.916031	-0.274809	12.700381
-0.044678	-0.116455	0.920654	-3.618321	3.900763	-0.175573	12.708793
-0.042236	-0.122314	0.926025	-2.969466	2.015267	-0.442748	12.716991
-0.047119	-0.118896	0.916748	-2.358779	2.022901	-0.351145	12.725336
-0.044922	-0.113525	0.922363	-2.091603	1.480916	-0.183206	12.733857
-0.043701	-0.121094	0.920654	-2.167939	1.106870	-0.259542	12.742263
-0.043945	-0.108398	0.913818	-2.267176	0.992366	-0.099237	12.750738
-0.040039	-0.114990	0.921875	-2.633588	0.694656	0.381679	12.759208
-0.043701	-0.114746	0.920654	-2.961832	0.648855	0.198473	12.767547
-0.040771	-0.115234	0.928223	-3.152672	0.587786	0.770992	12.775763
-0.041992	-0.121826	0.916260	-2.900763	0.473282	0.770992	12.784131
-0.042969	-0.120117	0.929688	-2.541985	0.183206	0.694656	12.792535
-0.044189	-0.116943	0.913818	-2.480916	0.183206	0.938931	12.801090
-0.043213	-0.118652	0.914307	-2.694656	-0.229008	0.862595	12.809451
-0.045410	-0.117432	0.911377	-2.274809	-0.068702	0.763359	12.817401
-0.042725	-0.115234	0.906006	-1.931298	-0.137405	0.564885	12.825140
-0.047363	-0.114014	0.907227	-1.854962	-0.045802	0.824427	12.833850
-0.042725	-0.112305	0.906494	-1.763359	-0.007634	0.839695	12.842485
-0.043945	-0.108154	0.897217	-2.305344	-0.053435	0.900763	12.850976
-0.044678	-0.113525	0.904785	-2.190840	0.236641	0.954198	12.859772
-0.041260	-0.116211	0.900879	-2.312977	0.091603	0.977099	12.868043
-0.044189	-0.112305	0.897705	-2.664122	0.160305	0.938931	12.876449
-0.036377	-0.109375	0.895752	-2.755725	0.412214	1.297710	12.884881
-0.034912	-0.117188	0.894775	-2.793893	0.687023	0.923664	12.893315
