-0.315674	1.020752	1.400635	-15.259542	-23.679389	35.030534	0.002709
-0.296143	0.776123	1.289795	-21.030534	-26.145038	65.809160	0.011277
-0.311035	0.622803	1.188232	-41.412214	-27.732824	91.160305	0.019494
-0.328369	0.296387	1.084961	-56.549618	-25.748092	114.480916	0.027623
-0.368408	-0.196045	0.872314	-69.832061	-31.801527	129.946565	0.036139
-0.343750	-0.819092	0.629395	-70.603053	-23.396947	130.015267	0.044427
-0.362061	-1.368652	0.438965	-65.351145	-25.427481	96.938931	0.052663
-0.316650	-1.738770	0.310303	-48.167939	-16.763359	51.404580	0.060828
-0.352051	-1.830811	0.328369	-3.946565	-1.320611	-18.687023	0.070284
-0.304443	-1.285889	0.608398	33.748092	22.061069	-87.938931	0.080072
-0.290039	-0.896729	0.855713	53.564885	24.801527	-136.587786	0.089537
-0.272949	-0.164795	0.931396	69.305344	33.832061	-165.954198	0.098959
-0.296387	0.594482	1.094482	91.465649	34.465649	-156.786260	0.108180
-0.262695	1.346191	1.407715	100.000000	22.618321	-111.335878	0.117426
-0.341553	1.806396	1.702393	87.641221	7.488550	-47.282443	0.126289
-0.302979	1.671631	1.776611	24.618321	-10.961832	18.442748	0.135918
-0.270508	1.181152	1.517822	-19.267176	-15.580153	55.320611	0.145417
-0.304688	0.821777	1.375488	-34.190840	-20.702290	87.328244	0.154963
-0.300537	0.588623	1.308105	-49.847328	-15.977099	113.259542	0.164236
-0.370361	0.247314	0.985107	-74.786260	-24.458015	133.480916	0.174024
-0.342529	-0.401855	0.690186	-83.274809	-15.969466	150.938931	0.183497
-0.381348	-1.256836	0.308594	-91.862595	-15.282443	133.572519	0.193185
-0.298096	-2.000000	0.104736	-61.687023	-3.549618	76.618321	0.202665
-0.233398	-2.000000	0.198486	0.045802	25.374046	-4.198473	0.212275
-0.391113	-1.781738	0.575684	67.885496	32.007634	-89.946565	0.221754
-0.369385	-1.032471	0.984863	71.366412	35.992366	-160.267176	0.231469
-0.391113	-0.097656	1.172607	87.687023	35.427481	-200.251908	0.240844
-0.323730	1.089600	1.325928	92.099237	30.374046	-174.244275	0.250321
-0.229492	1.952881	1.461426	74.244275	18.854962	-96.916031	0.259838
-0.256104	1.971191	1.567871	15.862595	7.259542	-10.946565	0.269218
-0.324219	1.142090	1.496826	-21.480916	2.519084	50.068702	0.279209
-0.359375	0.604248	1.408691	-23.908397	-11.961832	79.671756	0.288790
-0.371338	0.316406	1.351807	-29.351145	-20.648855	91.679389	0.298245
-0.395264	0.082275	1.232666	-37.992366	-27.137405	108.595420	0.307826
-0.369141	-0.407959	0.967285	-59.816794	-27.709924	112.412214	0.317499
-0.352783	-0.993652	0.677734	-64.320611	-21.580153	92.580153	0.326981
-0.279297	-1.537598	0.379883	-68.221374	-28.862595	34.129771	0.336515
-0.174316	-1.803223	0.218506	-9.595420	-1.412214	-13.992366	0.345878
-0.191406	-1.302002	0.407227	46.885496	14.145038	-83.480916	0.355514
-0.216064	-0.599609	0.703125	54.274809	26.618321	-139.389313	0.364693
-0.180664	0.146484	0.913818	85.145038	43.816794	-147.633588	0.374216
-0.227051	1.226562	1.220703	89.832061	42.022901	-122.625954	0.383773
-0.201416	1.921875	1.523438	45.022901	28.786260	-54.580153	0.393298
-0.278809	1.683350	1.654541	-14.114504	24.000000	14.244275	0.402449
-0.373047	0.932373	1.593262	-38.618321	10.526718	53.801527	0.412224
-0.435791	0.481689	1.480713	-25.694656	-9.900763	82.114504	0.421593
-0.448486	0.261719	1.321777	-25.465649	-18.854962	102.519084	0.431243
-0.466797	0.031982	1.217041	-40.206107	-28.503817	113.396947	0.440781
-0.423340	-0.322510	0.958984	-49.488550	-26.557252	125.587786	0.449704
-0.445312	-0.757324	0.618652	-68.580153	-25.442748	112.229008	0.458123
-0.325195	-1.455078	0.346191	-82.694656	-23.206107	80.908397	0.467626
-0.243652	-1.961670	0.189941	-43.854962	1.610687	27.152672	0.477279
-0.271240	-2.000000	0.329346	5.687023	14.641221	-53.961832	0.487039
-0.285889	-1.578125	0.717041	58.709924	28.419847	-129.435115	0.496379
-0.334229	-0.614990	0.914307	95.809160	30.328244	-184.175573	0.505854
-0.407715	0.398926	1.191650	123.595420	27.595420	-199.954198	0.515383
-0.327881	1.636230	1.539307	129.564885	8.488550	-149.709924	0.524928
-0.297119	1.999939	1.779785	70.977099	-2.061069	-71.358779	0.534496
-0.300537	1.999939	1.791748	-6.175573	-13.755725	5.778626	0.543781
-0.336670	1.303711	1.600830	-47.229008	-16.488550	44.633588	0.553415
-0.335938	0.991699	1.429688	-38.106870	-33.427481	80.099237	0.563659
-0.326660	0.817627	1.271973	-51.419847	-36.709924	113.122137	0.573437
-0.365234	0.457764	1.153809	-81.145038	-34.786260	147.374046	0.583463
-0.425293	-0.169922	0.905762	-103.045802	-29.236641	161.320611	0.593046
-0.427734	-0.774658	0.492188	-101.847328	-41.000000	150.099237	0.602403
-0.271484	-1.525635	0.107666	-102.099237	-37.458015	122.870229	0.611944
-0.225830	-2.000000	-0.137451	-53.419847	-12.938931	78.900763	0.621518
-0.254639	-2.000000	0.037842	10.175573	13.381679	7.511450	0.631504
-0.312012	-2.000000	0.451416	51.435115	25.541985	-78.748092	0.641034
-0.405762	-1.578369	0.758057	109.335878	27.366412	-144.442748	0.650288
-0.402344	-0.767334	0.991211	121.541985	28.916031	-205.137405	0.660086
-0.497314	0.156738	1.186279	133.633588	17.129771	-237.221374	0.669478
-0.442627	1.582764	1.476562	164.015267	14.145038	-202.419847	0.678596
-0.312012	1.999939	1.677002	103.641221	4.122137	-110.206107	0.688365
-0.205078	1.999939	1.693359	-11.885496	20.793893	-12.633588	0.697888
-0.322998	1.555176	1.552002	-68.854962	16.091603	28.847328	0.707353
-0.328613	0.913574	1.670410	-65.274809	-5.091603	49.312977	0.716987
-0.405518	0.979492	1.690918	-26.465649	-31.755725	78.320611	0.726515
-0.364502	1.031006	1.621094	-29.587786	-40.282443	120.992366	0.736143
-0.409424	0.854248	1.427979	-66.641221	-45.183206	160.465649	0.745240
-0.435303	0.319092	1.164307	-118.290076	-45.053435	189.664122	0.753593
-0.436279	-0.497070	0.683594	-148.862595	-65.587786	205.312977	0.762148
-0.323975	-1.248047	0.083252	-154.977099	-61.015267	194.839695	0.770404
-0.333740	-2.000000	-0.310791	-133.419847	-45.030534	146.190840	0.778794
-0.230713	-2.000000	-0.368164	-62.221374	-21.526718	71.893130	0.788235
-0.319336	-2.000000	0.209229	42.480916	3.816794	-45.343511	0.800177
-0.397949	-1.359375	0.880127	116.770992	14.580153	-132.641221	0.811905
-0.308594	-0.227051	1.040039	103.778626	7.694656	-186.786260	0.823537
-0.273438	0.841309	1.215088	74.206107	22.251908	-196.137405	0.835761
-0.241699	1.796631	1.498779	58.282443	18.595420	-129.083969	0.847947
-0.257324	1.881348	1.729736	11.190840	10.824427	-29.000000	0.859895
-0.263428	1.265869	1.558838	-34.236641	-18.282443	22.000000	0.872226
-0.237549	1.102051	1.527100	-22.900763	-34.312977	79.374046	0.884644
-0.297363	0.686035	1.327637	-42.969466	-26.068702	136.297710	0.896695
-0.350098	0.052979	0.897461	-74.809160	-39.763359	169.465649	0.908725
-0.269043	-0.830078	0.304443	-89.824427	-23.992366	169.129771	0.920569
-0.214844	-1.665527	-0.020996	-79.312977	1.137405	118.916031	0.932426
-0.227783	-2.000000	0.016846	-30.633588	36.000000	39.893130	0.944263
-0.317627	-2.000000	0.499268	30.809160	51.389313	-60.099237	0.955991
-0.400146	-1.358154	0.925293	83.946565	44.671756	-143.687023	0.967654
-0.402344	-0.383545	1.141357	110.557252	43.442748	-206.076336	0.980184
-0.385254	0.722412	1.387695	112.763359	30.152672	-214.977099	0.992144
-0.352783	1.948730	1.721924	124.427481	4.083969	-142.564885	1.004072
-0.222168	1.999939	1.760986	38.877863	-4.442748	-25.541985	1.015944
-0.260010	1.840576	1.673584	-48.595420	2.595420	64.580153	1.027900
-0.343262	0.994385	1.597412	-71.839695	-9.137405	115.824427	1.040031
-0.369629	0.455811	1.373047	-81.740458	-22.404580	147.175573	1.051691
-0.317627	-0.158203	0.729004	-86.122137	-32.648855	161.595420	1.062919
-0.319336	-0.891357	0.141846	-94.427481	-27.778626	158.961832	1.073552
-0.258789	-1.792725	-0.021973	-86.809160	-2.312977	121.969466	1.084045
-0.366943	-2.000000	0.130859	-46.343511	16.809160	66.893130	1.094530
-0.426270	-2.000000	0.465332	1.648855	28.809160	-20.190840	1.105703
-0.509277	-1.963135	0.814209	61.603053	25.824427	-122.190840	1.117165
-0.475098	-1.065430	1.119385	84.572519	15.236641	-211.297710	1.129351
-0.478271	-0.135010	1.150391	108.335878	0.000000	-250.137405	1.140675
-0.388672	1.012695	1.162109	127.160305	-8.106870	-250.137405	1.151367
-0.318359	1.999939	1.336670	167.374046	-9.503817	-171.625954	1.161862
-0.182861	1.999939	1.662842	60.099237	2.679389	-26.061069	1.174401
-0.272217	1.999939	1.913330	-20.175573	-2.503817	73.007634	1.186105
-0.375977	1.285156	1.861816	-81.664122	-14.328244	109.908397	1.198988
-0.371582	0.899658	1.614502	-103.335878	-32.580153	140.145038	1.211365
-0.427734	0.435791	1.076904	-142.068702	-52.755725	179.793893	1.223858
-0.450928	-0.538330	0.311035	-162.625954	-58.786260	206.870229	1.235762
-0.256348	-1.858643	-0.438232	-150.206107	-37.816794	185.145038	1.247733
-0.258545	-2.000000	-0.586426	-65.748092	-2.320611	97.053435	1.259762
-0.347412	-2.000000	0.087646	45.312977	20.061069	-31.007634	1.271821
-0.543701	-2.000000	0.706055	146.648855	24.381679	-145.473282	1.283542
-0.547852	-1.098389	1.050293	147.564885	15.526718	-250.137405	1.295727
-0.554199	0.197998	1.201416	137.641221	21.114504	-250.137405	1.307572
-0.427979	1.543945	1.369385	144.511450	11.748092	-250.137405	1.318150
-0.204590	1.999939	1.531006	117.175573	2.091603	-135.954198	1.328826
-0.090088	1.999939	1.582520	18.488550	12.290076	-15.206107	1.338930
-0.224854	1.750000	1.652832	-34.068702	18.824427	37.702290	1.348321
-0.376953	1.124268	1.834229	-34.648855	-5.305344	71.572519	1.359395
-0.375732	1.109131	1.945557	-29.358779	-36.106870	86.221374	1.368998
-0.347412	1.200928	1.779297	-42.969466	-42.076336	118.343511	1.378323
-0.312988	1.088379	1.366943	-89.160305	-44.122137	163.312977	1.387498
-0.390625	0.272217	0.824219	-164.366412	-56.045802	186.748092	1.397171
-0.354492	-0.782227	0.181396	-158.335878	-37.801527	195.206107	1.406434
-0.212402	-1.944824	-0.425537	-137.893130	-20.992366	155.358779	1.416194
-0.158447	-2.000000	-0.447510	-56.068702	6.129771	90.709924	1.426198
-0.234375	-2.000000	0.007568	33.900763	28.778626	12.183206	1.436727
-0.409424	-2.000000	0.525391	96.038168	40.862595	-49.290076	1.446967
-0.460205	-1.469727	0.821045	112.900763	38.618321	-115.618321	1.457876
-0.381104	-0.944580	0.964355	109.648855	40.381679	-167.946565	1.467836
-0.368896	-0.088135	1.226318	97.885496	29.381679	-208.740458	1.478427
-0.412842	0.907227	1.476318	104.908397	22.595420	-200.480916	1.488553
-0.329102	1.864990	1.629150	103.511450	9.061069	-142.038168	1.498725
-0.164307	1.999939	1.671631	30.572519	11.145038	-52.709924	1.509364
-0.246338	1.706299	1.727783	-17.717557	8.106870	10.190840	1.519428
-0.302734	1.301270	1.791016	-42.778626	-13.396947	42.610687	1.529444
-0.321777	1.192627	1.803955	-29.938931	-38.984733	80.328244	1.539760
-0.322021	1.094238	1.686035	-57.824427	-46.473282	113.709924	1.550029
-0.279541	0.671875	1.277344	-89.893130	-46.969466	161.488550	1.562162
-0.298828	-0.260742	0.579590	-144.931298	-62.045802	178.206107	1.574282
-0.203857	-1.270752	-0.192139	-139.595420	-54.656489	164.984733	1.584632
-0.106201	-2.000000	-0.604736	-89.450382	-18.259542	118.435115	1.594707
-0.142090	-2.000000	-0.401611	-3.534351	18.694656	37.809160	1.605437
-0.285156	-2.000000	0.180908	70.007634	48.244275	-37.167939	1.615769
-0.396973	-1.473389	0.702881	98.244275	52.129771	-101.564885	1.626079
-0.435547	-0.879395	0.906006	98.366412	52.160305	-168.045802	1.636569
-0.382568	-0.213623	1.074951	84.404580	56.717557	-212.847328	1.646890
-0.394775	0.610352	1.411133	105.206107	46.480916	-211.282443	1.656721
-0.317627	1.774170	1.722900	116.129771	21.648855	-153.610687	1.667694
-0.260986	1.999939	1.782959	66.870229	5.152672	-57.045802	1.677854
-0.234375	1.898193	1.755371	-7.076336	6.633588	11.946565	1.688525
-0.319580	1.320068	1.860352	-24.496183	-8.412214	52.786260	1.698670
-0.343506	1.216553	1.759277	-21.587786	-28.083969	97.167939	1.709495
-0.267334	1.060791	1.549561	-54.152672	-35.320611	138.885496	1.719831
-0.378174	0.407471	1.210449	-97.625954	-36.534351	174.580153	1.730071
-0.399902	-0.570801	0.700684	-141.053435	-47.381679	169.908397	1.740963
-0.273193	-1.465332	0.091797	-138.404580	-49.748092	148.297710	1.751282
-0.177979	-2.000000	-0.274658	-98.061069	-20.732824	88.396947	1.761636
-0.214844	-2.000000	0.006104	-31.282443	8.000000	21.244275	1.771956
-0.307861	-2.000000	0.234131	32.877863	24.801527	-57.862595	1.782325
-0.350830	-1.879883	0.544678	73.061069	28.053435	-120.251908	1.792804
-0.378662	-1.193115	0.736328	95.603053	32.427481	-172.587786	1.803106
-0.363037	-0.396729	0.881592	99.847328	33.938931	-219.702290	1.814167
-0.374023	0.666016	1.144531	134.427481	25.832061	-221.007634	1.824775
-0.339600	1.908203	1.513672	143.862595	24.824427	-172.877863	1.834928
-0.233643	1.999939	1.785156	76.587786	19.694656	-71.244275	1.845695
-0.279297	1.999939	1.942139	-33.687023	21.038168	-3.618321	1.856635
-0.353271	1.364746	1.999268	-66.564885	3.541985	36.992366	1.867044
-0.433594	1.181641	1.999939	-42.259542	-38.328244	64.557252	1.877153
-0.384766	1.207764	1.917725	-54.061069	-59.534351	96.442748	1.887399
-0.368408	0.949463	1.506104	-76.755725	-65.091603	140.305344	1.898224
-0.399414	0.375244	0.992432	-124.633588	-72.175573	163.992366	1.908045
-0.245117	-0.588379	0.314453	-152.557252	-67.870229	160.343511	1.918773
-0.151611	-1.646729	-0.390869	-119.641221	-40.671756	138.206107	1.929264
-0.079102	-2.000000	-0.675537	-60.419847	-15.007634	80.618321	1.939131
-0.056152	-2.000000	-0.503418	6.427481	21.938931	12.709924	1.948774
-0.168701	-2.000000	-0.040771	95.099237	50.167939	-30.282443	1.958016
-0.325439	-1.566650	0.413086	112.427481	60.465649	-75.641221	1.967662
-0.390625	-1.095947	0.846191	107.351145	62.557252	-124.106870	1.977847
-0.420166	-0.443848	1.193604	94.755725	60.992366	-169.633588	1.987855
-0.468262	0.332764	1.560059	87.916031	55.213740	-183.015267	1.998715
-0.395264	1.447266	1.744629	89.114504	22.473282	-152.770992	2.008819
-0.269287	1.999939	1.739258	49.030534	15.251908	-78.053435	2.019363
-0.260498	1.868164	1.718994	0.702290	15.816794	-6.954198	2.029463
-0.324219	1.418701	1.817139	-19.114504	-0.442748	30.366412	2.038984
-0.386963	1.229980	1.881836	-7.488550	-25.702290	67.496183	2.048730
-0.330078	1.186279	1.787354	-35.595420	-41.610687	99.641221	2.059757
-0.336914	0.869873	1.499512	-89.763359	-36.717557	132.694656	2.069824
-0.347900	0.215820	0.891846	-141.641221	-37.206107	153.167939	2.080322
-0.212891	-0.542725	0.385986	-166.167939	-37.885496	154.251908	2.090662
-0.171143	-1.506104	-0.225342	-148.679389	-20.343511	129.725191	2.101182
-0.092529	-2.000000	-0.496582	-78.007634	4.969466	70.366412	2.111587
-0.172607	-2.000000	-0.267334	24.465649	26.106870	1.755725	2.121973
-0.273193	-2.000000	0.326660	118.748092	33.053435	-73.267176	2.132270
-0.383301	-1.328125	0.730225	154.961832	41.519084	-138.000000	2.142434
-0.400879	-0.287354	1.106689	142.358779	36.816794	-184.801527	2.153228
-0.438965	0.644287	1.569092	125.396947	44.190840	-189.633588	2.163677
-0.429443	1.779297	1.861328	99.534351	20.435115	-145.832061	2.173842
-0.318604	1.999939	1.869141	28.549618	21.564885	-65.725191	2.183915
-0.368408	1.847412	1.748047	-52.679389	17.381679	-3.931298	2.194419
-0.242676	1.030518	1.607910	-88.305344	-3.954198	36.053435	2.204955
-0.387207	0.739746	1.611816	-37.687023	-11.946565	64.076336	2.215323
-0.292969	0.943604	1.626221	-40.030534	-39.763359	93.748092	2.225334
-0.258057	0.809570	1.394775	-55.503817	-37.351145	137.297710	2.234833
-0.274414	0.301514	0.857666	-114.916031	-39.648855	157.297710	2.244069
-0.281494	-0.363281	0.400635	-128.625954	-41.755725	169.404580	2.253574
-0.203613	-1.337158	-0.098389	-126.488550	-24.396947	161.816794	2.263802
-0.134277	-2.000000	-0.303467	-88.022901	0.824427	102.931298	2.274368
-0.248291	-2.000000	0.001465	5.877863	20.282443	13.503817	2.284914
-0.337158	-2.000000	0.468994	77.488550	24.534351	-79.419847	2.295032
-0.384766	-1.198730	0.724609	119.000000	32.900763	-136.870229	2.305820
-0.392334	-0.281494	1.020996	127.908397	21.625954	-168.671756	2.315427
-0.383301	0.645020	1.362793	99.007634	28.000000	-177.129771	2.326465
-0.354980	1.491943	1.706543	79.969466	15.801527	-137.473282	2.336711
-0.342041	1.990967	1.964600	44.557252	10.160305	-51.633588	2.347106
-0.362793	1.542480	1.908447	-26.030534	4.595420	13.557252	2.357638
-0.359131	0.826904	1.772217	-51.664122	-24.786260	40.259542	2.368051
-0.343750	0.865723	1.807129	-35.053435	-54.404580	68.251908	2.378393
-0.329590	0.822998	1.552734	-52.145038	-76.656489	112.656489	2.388546
-0.268799	0.356201	1.017578	-89.977099	-66.923664	150.038168	2.398864
-0.272705	-0.440430	0.312988	-114.496183	-64.458015	161.450382	2.409396
-0.166016	-1.181885	-0.213379	-127.343511	-59.534351	140.832061	2.419696
-0.102783	-2.000000	-0.432861	-78.038168	-7.740458	110.656489	2.429523
-0.160156	-2.000000	-0.291992	-22.664122	15.625954	28.106870	2.438843
-0.212402	-2.000000	0.184814	39.656489	36.809160	-80.007634	2.448553
-0.374756	-1.672607	0.686279	122.122137	40.450382	-168.694656	2.459844
-0.481445	-0.461670	1.127441	136.748092	36.152672	-225.297710	2.470615
-0.389648	0.891846	1.408447	122.580153	32.832061	-226.702290	2.481038
-0.308105	1.999939	1.646484	108.328244	15.633588	-144.992366	2.491365
-0.223633	1.999939	1.802246	16.167939	6.213740	-27.427481	2.501828
-0.269531	1.596191	1.883301	-40.610687	13.931298	50.610687	2.512170
-0.344727	0.886230	1.933350	-75.786260	-4.709924	69.893130	2.521945
-0.285156	0.679199	1.800781	-54.145038	-19.122137	93.572519	2.532836
-0.357910	0.693115	1.505371	-63.557252	-40.007634	113.473282	2.543417
-0.246582	0.365723	1.067627	-99.198473	-45.900763	139.000000	2.553067
-0.259521	-0.194092	0.651855	-121.404580	-47.816794	147.366412	2.562471
-0.188965	-1.174805	0.034912	-106.832061	-37.374046	137.862595	2.573470
-0.079834	-1.957764	-0.265625	-53.671756	-23.725191	99.541985	2.584045
-0.156982	-2.000000	-0.014648	22.809160	5.824427	40.030534	2.594137
-0.311279	-1.712891	0.638672	68.259542	13.648855	-31.824427	2.604867
-0.334717	-1.070801	1.008057	80.877863	10.419847	-88.603053	2.614822
-0.247803	-0.429443	0.992432	67.961832	27.557252	-125.580153	2.625540
-0.221436	0.312256	1.166992	51.618321	25.206107	-137.076336	2.635927
-0.222656	0.846924	1.628662	34.908397	11.809160	-117.458015	2.646188
-0.232910	1.364502	1.665283	22.496183	-3.717557	-61.534351	2.656522
-0.177734	1.591553	1.772461	13.778626	-9.305344	4.259542	2.666569
-0.189209	1.408447	1.657227	0.038168	-16.022901	64.290076	2.676714
-0.308350	1.036621	1.577148	-26.450382	-32.847328	93.572519	2.686242
-0.250732	0.287598	1.512451	-39.251908	-20.992366	126.396947	2.697233
-0.277588	-0.383789	0.998047	-56.748092	-38.190840	124.923664	2.708162
-0.241455	-1.053467	0.480957	-59.633588	-36.007634	96.229008	2.718603
-0.194336	-1.457275	0.385254	-49.358779	-32.885496	56.167939	2.728994
-0.228271	-1.613525	0.354736	-6.641221	-29.045802	20.770992	2.739302
-0.246826	-1.481689	0.443848	23.732824	-19.473282	-25.145038	2.750137
-0.246826	-1.083252	0.732666	43.259542	1.244275	-59.595420	2.760263
-0.217529	-0.766113	0.940674	36.427481	7.946565	-100.366412	2.770493
-0.230713	-0.449219	1.052246	40.305344	8.282443	-138.740458	2.781028
-0.205322	0.186035	1.238281	45.694656	12.671756	-155.534351	2.791234
-0.252686	0.799561	1.525391	65.366412	-4.221374	-140.671756	2.801594
-0.134521	1.458740	1.606445	65.099237	-21.160305	-90.106870	2.811941
-0.089844	1.896973	1.608398	40.351145	-19.610687	-19.557252	2.822169
-0.067139	1.726318	1.587402	-18.931298	-6.419847	52.267176	2.832464
-0.144287	1.114258	1.465820	-51.129771	-5.770992	99.671756	2.842589
-0.201416	0.525879	1.254395	-67.267176	-14.511450	128.396947	2.852183
-0.161133	-0.423096	0.493164	-87.381679	-10.725191	116.725191	2.861994
-0.114258	-1.246826	0.157227	-61.099237	9.190840	92.664122	2.872543
-0.086670	-1.660156	0.067139	-23.244275	15.648855	68.305344	2.883136
-0.213623	-1.791992	0.341064	28.175573	24.213740	32.175573	2.893703
-0.255127	-1.588623	0.689453	47.679389	34.572519	-17.618321	2.904032
-0.358643	-1.222900	0.945312	63.595420	30.854962	-56.610687	2.914431
-0.325684	-0.766357	1.121826	47.793893	33.618321	-89.122137	2.924598
-0.259521	-0.165283	1.149170	32.122137	34.274809	-130.557252	2.935128
-0.206787	0.521484	1.253174	31.503817	26.977099	-130.931298	2.945452
-0.163574	1.213623	1.409424	40.419847	18.687023	-90.015267	2.956040
-0.166992	1.392822	1.536621	36.694656	10.908397	-32.274809	2.966271
-0.209473	1.179932	1.644287	15.351145	2.274809	12.610687	2.976713
-0.249756	1.058594	1.765625	7.717557	-8.015267	43.977099	2.986939
-0.265625	0.962891	1.735107	-17.053435	-21.236641	75.847328	2.997362
-0.253418	0.641602	1.484375	-50.679389	-21.076336	110.442748	3.007652
-0.248047	-0.173096	0.802246	-91.832061	-11.419847	117.946565	3.018715
-0.163086	-0.932373	0.370850	-87.679389	-12.816794	101.862595	3.029123
-0.140381	-1.416504	0.298340	-75.519084	-16.595420	62.839695	3.039551
-0.168213	-1.787598	0.346191	-14.068702	1.427481	34.961832	3.050171
-0.243652	-1.803711	0.473389	31.045802	9.503817	-21.076336	3.060516
-0.259277	-1.351807	0.757324	47.801527	6.129771	-76.519084	3.070886
-0.284668	-0.734375	1.107178	81.923664	3.114504	-109.022901	3.081448
-0.240723	-0.174805	1.163330	79.335878	11.732824	-130.877863	3.091954
-0.197754	0.616211	1.356201	64.442748	20.213740	-128.183206	3.102783
-0.170410	1.336182	1.590820	43.114504	3.755725	-96.122137	3.113015
-0.167480	1.535400	1.715576	8.633588	6.396947	-43.374046	3.123503
-0.244385	1.479492	1.785889	-12.763359	-2.549618	-3.618321	3.133740
-0.310303	1.184814	1.816650	-36.030534	-20.740458	33.236641	3.144400
-0.255615	1.049561	1.667969	-46.641221	-36.343511	66.717557	3.155076
-0.232666	0.781982	1.439453	-59.335878	-48.351145	101.183206	3.165110
-0.208008	0.241943	0.932861	-84.458015	-48.671756	133.480916	3.175670
-0.218750	-0.619385	0.349609	-113.129771	-31.938931	132.328244	3.185999
-0.124512	-1.451172	-0.170654	-82.244275	-27.900763	107.763359	3.196196
-0.106689	-2.000000	-0.442139	-37.770992	-4.984733	55.610687	3.206790
-0.143555	-2.000000	-0.030518	39.458015	21.297710	4.725191	3.217366
-0.236328	-1.582520	0.464600	77.198473	39.412214	-31.427481	3.227828
-0.264160	-1.396484	0.688721	80.625954	43.374046	-70.839695	3.238074
-0.307129	-0.906006	0.928955	85.053435	36.099237	-118.091603	3.248563
-0.283936	-0.363037	1.041748	80.122137	29.587786	-152.725191	3.258961
-0.239258	0.507568	1.266113	79.145038	31.916031	-152.793893	3.269358
-0.223633	1.323486	1.523926	80.458015	22.419847	-109.702290	3.279681
-0.193359	1.645996	1.676270	43.572519	19.320611	-58.358779	3.290130
-0.237305	1.518066	1.835938	-1.198473	15.961832	-13.122137	3.300875
-0.270996	1.259766	1.881592	-28.152672	4.603053	10.839695	3.310560
-0.283203	1.214111	1.941162	-36.000000	-14.732824	40.396947	3.320171
-0.294189	1.105957	1.814941	-58.938931	-28.801527	63.992366	3.330305
-0.232666	0.703613	1.327148	-84.664122	-36.572519	89.893130	3.340579
-0.195557	0.178711	0.862061	-96.419847	-41.580153	106.763359	3.351400
-0.111328	-0.357666	0.452393	-97.923664	-34.366412	114.351145	3.361847
-0.127686	-1.056641	0.133545	-63.259542	-22.267176	115.786260	3.372057
-0.145020	-1.756836	-0.073486	-36.679389	-5.259542	74.870229	3.382627
-0.167480	-2.000000	0.063477	27.007634	7.404580	31.152672	3.392626
-0.218018	-1.894531	0.493652	70.534351	36.923664	-11.595420	3.403433
-0.282471	-1.510742	0.771973	73.916031	32.748092	-67.114504	3.413789
-0.348389	-0.970459	0.924072	73.282443	27.938931	-109.839695	3.424233
-0.274902	-0.342285	1.024902	68.748092	34.244275	-138.969466	3.434426
-0.256836	0.542969	1.276855	65.526718	35.770992	-137.297710	3.444852
-0.229980	1.155518	1.507324	45.030534	29.854962	-104.801527	3.455401
-0.259277	1.304932	1.715576	36.267176	17.167939	-49.725191	3.465821
-0.239746	1.206787	1.841064	10.374046	-2.374046	-18.412214	3.475871
-0.320068	1.144287	1.850586	0.862595	-17.480916	11.351145	3.486218
-0.310791	1.284424	1.896729	-24.221374	-35.152672	32.732824	3.496606
-0.285889	1.111084	1.680664	-61.274809	-48.511450	66.801527	3.507144
-0.262695	0.622314	1.286133	-88.618321	-53.847328	90.946565	3.517278
-0.185791	0.003662	0.709717	-95.007634	-53.610687	103.572519	3.527889
-0.152588	-0.616943	0.312500	-89.160305	-42.053435	94.687023	3.537942
-0.093018	-1.138672	-0.075684	-59.236641	-35.541985	78.709924	3.548553
-0.059326	-1.603027	-0.080811	-13.221374	1.763359	62.679389	3.559750
-0.180176	-1.650635	0.355469	30.969466	32.175573	4.977099	3.573930
-0.298096	-1.574219	0.631592	43.480916	45.305344	-33.839695	3.584384
-0.322510	-1.227783	0.884277	63.297710	42.687023	-80.244275	3.594752
-0.331543	-0.726318	1.087402	62.893130	36.900763	-128.694656	3.605370
-0.284180	0.060303	1.292480	76.091603	28.198473	-146.366412	3.615721
-0.284668	0.971680	1.494629	84.335878	21.351145	-123.427481	3.626019
-0.214111	1.542480	1.629639	61.679389	11.076336	-63.740458	3.637287
-0.214355	1.525635	1.783691	26.236641	4.465649	-13.656489	3.647860
-0.284912	1.302979	1.875244	-21.404580	-15.290076	8.603053	3.658250
-0.283203	1.238525	1.811768	-19.389313	-33.923664	46.541985	3.669250
-0.250977	1.088135	1.618652	-52.389313	-39.000000	81.496183	3.679531
-0.278564	0.702881	1.375000	-86.099237	-52.488550	98.351145	3.689931
-0.240234	0.005859	1.002441	-108.015267	-53.748092	113.763359	3.700536
-0.225830	-0.644775	0.541748	-101.786260	-53.977099	109.114504	3.711547
-0.199463	-1.314941	0.116211	-68.587786	-39.618321	96.519084	3.721503
-0.111328	-1.832031	-0.190918	-37.908397	-22.335878	53.183206	3.732328
-0.131348	-1.997314	-0.085205	8.206107	6.366412	13.534351	3.742672
-0.249756	-1.917725	0.366699	50.946565	18.977099	-37.320611	3.753539
-0.282959	-1.645264	0.614746	79.870229	31.793893	-84.465649	3.763269
-0.310059	-0.908203	0.887939	84.801527	26.854962	-140.816794	3.773883
-0.252930	-0.109863	1.062500	71.839695	36.870229	-179.572519	3.784158
-0.291504	0.913330	1.371094	87.923664	23.473282	-168.259542	3.794516
-0.184814	1.585449	1.662109	54.625954	18.053435	-104.702290	3.805243
-0.245605	1.725830	1.790771	23.389313	-4.061069	-44.770992	3.815680
-0.163818	1.350342	1.856689	-11.809160	1.793893	2.625954	3.825871
-0.214355	1.122559	1.886230	-13.847328	-17.946565	31.687023	3.836383
-0.262695	1.221924	1.840820	-33.358779	-33.091603	61.480916	3.846578
-0.254883	1.063477	1.623291	-59.458015	-47.312977	86.412214	3.857017
-0.219482	0.646240	1.181885	-87.580153	-57.648855	114.198473	3.867355
-0.181885	-0.074707	0.618652	-126.816794	-46.419847	127.083969	3.877867
-0.096436	-0.946045	0.113525	-119.152672	-49.992366	115.839695	3.887607
-0.053223	-1.709961	-0.203125	-57.343511	-20.519084	92.923664	3.898793
-0.065430	-1.969727	-0.099854	18.404580	4.671756	52.274809	3.909110
-0.161377	-1.841309	0.349854	54.526718	30.427481	6.175573	3.919578
-0.223633	-1.629883	0.648193	58.603053	43.305344	-42.488550	3.929850
-0.274170	-1.254883	0.890381	49.664122	37.748092	-100.564885	3.939935
-0.303223	-0.785400	1.112061	51.312977	36.450382	-145.503817	3.949820
-0.289062	-0.099609	1.226807	54.564885	28.022901	-167.045802	3.959216
-0.241943	0.815674	1.421387	68.801527	22.977099	-151.633588	3.968583
-0.162109	1.440918	1.564209	50.305344	17.877863	-93.305344	3.979113
-0.204834	1.570557	1.713135	19.351145	9.656489	-32.633588	3.989671
-0.250977	1.082764	1.900879	-19.496183	-3.549618	2.801527	3.999989
-0.326904	0.971191	1.978760	6.122137	-20.404580	36.083969	4.010293
-0.297363	1.189209	1.952637	-25.687023	-40.832061	57.007634	4.020501
-0.272705	1.105957	1.714111	-60.167939	-48.167939	91.786260	4.030328
-0.223145	0.678467	1.304199	-91.038168	-47.221374	119.503817	4.041158
-0.243896	0.034180	0.871338	-111.549618	-49.725191	127.053435	4.051405
-0.087891	-0.855957	0.156738	-121.419847	-68.320611	114.145038	4.062055
-0.021973	-1.674805	-0.362549	-54.458015	-36.259542	89.961832	4.072399
-0.049561	-1.946045	-0.429443	8.908397	-6.564885	39.847328	4.082808
-0.064453	-1.854980	0.047607	65.473282	23.160305	5.854962	4.093141
-0.174561	-1.486328	0.411377	83.900763	44.297710	-28.938931	4.103627
-0.219482	-1.230225	0.735352	69.618321	51.770992	-72.900763	4.113943
-0.237793	-0.811523	0.885010	53.061069	53.885496	-122.511450	4.124026
-0.262939	-0.239746	1.155273	54.480916	57.221374	-149.381679	4.134279
-0.254883	0.563965	1.528809	56.198473	43.732824	-147.694656	4.145210
-0.197998	1.343994	1.757324	61.923664	29.687023	-109.045802	4.155541
-0.197021	1.804688	1.936523	45.610687	17.213740	-37.923664	4.165941
-0.268555	1.531250	1.999939	-10.335878	-6.213740	17.000000	4.176339
-0.273682	1.013916	1.999939	-19.816794	-21.389313	53.106870	4.186561
-0.336914	0.926514	1.999939	-32.358779	-47.618321	76.832061	4.196972
-0.349854	0.799316	1.840088	-66.335878	-59.496183	97.190840	4.207688
-0.305420	0.570312	1.464844	-90.175573	-64.038168	119.610687	4.217932
-0.228027	0.013428	0.956055	-141.778626	-74.854962	133.763359	4.228464
-0.188965	-0.592285	0.496338	-118.519084	-74.679389	144.175573	4.238807
-0.118652	-1.241699	-0.103271	-113.534351	-73.549618	120.770992	4.249352
-0.014648	-2.000000	-0.525146	-41.305344	-52.480916	76.832061	4.259984
-0.003662	-2.000000	-0.541260	42.977099	-11.679389	14.625954	4.270433
-0.109375	-1.912354	0.059082	88.389313	25.732824	-47.145038	4.281130
-0.235596	-1.387451	0.427246	92.679389	38.938931	-98.251908	4.291020
-0.229248	-0.920898	0.640381	67.465649	59.053435	-148.717557	4.301555
-0.258301	-0.367676	0.916992	78.916031	62.702290	-168.511450	4.312092
-0.276123	0.338379	1.169678	69.129771	60.137405	-164.816794	4.322596
-0.203613	0.953369	1.390869	66.244275	52.053435	-127.786260	4.332989
-0.188232	1.202881	1.589355	56.038168	48.725191	-79.167939	4.343360
-0.204346	1.275635	1.827637	33.687023	37.847328	-44.931298	4.353981
-0.236572	1.233643	1.999939	16.946565	18.015267	-8.557252	4.363895
-0.289795	1.192383	1.999939	4.519084	-8.580153	29.816794	4.374597
-0.361084	1.163818	1.999939	-8.000000	-46.206107	62.496183	4.385023
-0.301025	0.962646	1.859619	-57.618321	-49.877863	82.129771	4.394989
-0.234863	0.656250	1.530518	-65.503817	-55.519084	114.129771	4.405742
-0.171387	0.160889	0.951904	-102.526718	-70.282443	132.854962	4.416231
-0.113770	-0.531006	0.402100	-84.038168	-72.900763	129.503817	4.426511
-0.038818	-1.196533	-0.049561	-65.778626	-51.625954	111.022901	4.436906
-0.021484	-1.587646	-0.185059	-22.748092	-20.885496	75.068702	4.447213
-0.016113	-1.587158	0.012695	16.816794	1.412214	28.534351	4.457954
-0.144287	-1.437500	0.383301	23.519084	37.992366	-7.793893	4.468450
-0.183350	-1.351807	0.614258	21.221374	46.267176	-43.687023	4.479031
-0.217285	-1.246338	0.654541	33.458015	50.511450	-72.793893	4.489281
-0.223145	-0.918701	0.735840	49.519084	51.938931	-104.908397	4.500056
-0.225342	-0.459229	0.880127	77.725191	51.671756	-126.061069	4.510711
-0.226562	0.184570	1.083252	103.778626	47.786260	-122.969466	4.520751
-0.224365	0.875488	1.384033	92.923664	39.381679	-106.000000	4.531329
-0.172852	1.138916	1.672119	72.106870	35.755725	-68.595420	4.541732
-0.196289	1.264404	1.858398	39.267176	24.061069	-35.053435	4.552430
-0.202637	1.217529	1.963379	12.282443	6.236641	-3.847328	4.562598
-0.197510	1.198730	1.919678	-11.564885	-14.358779	30.381679	4.573115
-0.203857	1.114990	1.784912	-34.160305	-27.244275	58.977099	4.583584
-0.225098	1.008789	1.611084	-61.129771	-40.152672	85.671756	4.593261
-0.292236	0.584473	1.467285	-70.496183	-54.625954	120.938931	4.603111
-0.212646	0.004395	0.956299	-102.549618	-57.282443	132.916031	4.613476
-0.295898	-0.671631	0.471191	-90.412214	-55.122137	117.351145	4.624089
-0.076660	-1.534180	0.037109	-81.908397	-44.335878	93.969466	4.634627
-0.095215	-1.832275	-0.023682	-24.946565	-21.160305	50.122137	4.645120
-0.062256	-1.865479	0.150146	5.931298	13.793893	6.961832	4.655622
-0.172363	-1.598877	0.378906	21.022901	23.473282	-32.312977	4.665690
-0.237305	-1.539307	0.578369	27.412214	34.740458	-74.908397	4.676120
-0.230225	-1.218994	0.692139	53.229008	39.801527	-121.030534	4.686650
-0.237305	-0.621338	0.889893	76.038168	33.259542	-168.786260	4.696721
-0.165039	0.337402	1.073242	90.473282	43.320611	-175.984733	4.707475
-0.143311	1.442627	1.362793	100.122137	23.152672	-134.603053	4.718220
-0.090332	1.858154	1.701172	61.351145	32.427481	-57.038168	4.728440
-0.218506	1.580078	1.999939	7.473282	16.267176	-12.854962	4.738965
-0.235596	1.054199	1.999939	-21.068702	-4.450382	13.343511	4.749343
-0.310303	1.271240	1.999939	-5.832061	-44.862595	38.145038	4.759871
-0.236084	1.359131	1.964844	-45.633588	-52.763359	68.908397	4.770163
-0.266602	1.184082	1.645264	-82.229008	-61.404580	109.671756	4.780615
-0.250000	0.718506	1.148926	-134.793893	-65.274809	144.580153	4.791035
-0.223633	-0.245850	0.649902	-145.488550	-71.251908	166.740458	4.801510
-0.188721	-1.146973	-0.060547	-118.862595	-60.366412	157.793893	4.811663
-0.112061	-1.996338	-0.416748	-68.664122	-36.748092	116.969466	4.822271
-0.084229	-2.000000	-0.464600	2.679389	-10.412214	67.526718	4.832358
-0.151855	-2.000000	-0.116699	55.251908	9.954198	3.725191	4.842647
-0.251709	-1.902344	0.324707	67.770992	45.503817	-62.320611	4.853305
-0.268311	-1.450684	0.634766	72.160305	51.404580	-116.648855	4.863901
-0.284668	-0.971436	0.791260	70.610687	51.549618	-162.374046	4.874281
-0.222412	-0.204834	0.991455	68.419847	44.908397	-195.419847	4.884941
-0.208984	0.763184	1.262207	75.824427	44.374046	-182.793893	4.895570
-0.175293	1.485840	1.474854	63.519084	40.572519	-124.259542	4.905906
-0.170166	1.567871	1.730225	42.656489	36.625954	-59.770992	4.916665
-0.171387	1.312744	1.909424	-1.778626	28.061069	-20.625954	4.926892
-0.159424	1.145508	1.999939	-4.312977	17.076336	15.832061	4.937477
-0.230957	1.194580	1.999939	-9.450382	-13.175573	40.137405	4.948056
-0.214111	1.140381	1.999939	-43.534351	-28.732824	77.984733	4.959338
-0.266846	0.776123	1.706543	-85.900763	-45.236641	105.351145	4.969816
-0.265381	0.315186	1.296875	-108.595420	-57.381679	117.809160	4.979809
-0.178955	-0.142578	0.871826	-121.541985	-81.053435	133.992366	4.990716
-0.189453	-0.789795	0.363770	-102.519084	-78.839695	130.610687	5.001161
-0.087158	-1.516846	-0.148926	-73.580153	-68.931298	107.145038	5.011806
0.003418	-1.993896	-0.385742	-4.633588	-49.358779	58.091603	5.022522
-0.017578	-1.887695	-0.311768	57.862595	-12.106870	-4.587786	5.032633
-0.103516	-1.494629	0.137451	90.267176	29.725191	-56.412214	5.043239
-0.160645	-0.937988	0.499268	88.366412	51.053435	-94.206107	5.053875
-0.176270	-0.561768	0.725098	52.145038	68.488550	-115.786260	5.064310
-0.228516	-0.272461	0.920166	53.000000	73.335878	-116.908397	5.074618
-0.269531	0.049316	1.160889	56.557252	73.954198	-111.641221	5.085053
-0.314209	0.401611	1.557373	59.725191	59.969466	-104.061069	5.095287
-0.282959	0.734375	1.836182	61.091603	40.305344	-86.412214	5.105755
-0.247314	1.250732	1.926758	59.679389	23.251908	-52.106870	5.116219
-0.207275	1.420898	1.999939	21.541985	11.770992	-6.465649	5.126631
-0.235352	1.119141	1.999939	-30.587786	-7.564885	23.557252	5.137059
-0.294189	0.848877	1.999939	-21.839695	-44.603053	54.000000	5.147438
-0.246094	0.799805	1.937256	-55.618321	-53.809160	70.152672	5.157838
-0.237061	0.555664	1.604980	-81.251908	-64.419847	102.702290	5.168729
-0.188721	-0.033203	1.002441	-132.954198	-93.587786	118.992366	5.179196
-0.162354	-0.587646	0.407959	-91.740458	-93.587786	127.404580	5.189882
-0.071777	-1.360352	-0.152588	-62.641221	-67.687023	103.832061	5.200090
0.012451	-1.756104	-0.375732	-10.526718	-41.083969	54.396947	5.210748
-0.008789	-1.687988	-0.227051	43.458015	-1.549618	12.183206	5.221400
-0.049805	-1.224609	0.200439	62.717557	23.198473	-22.335878	5.231022
-0.159668	-1.064941	0.473389	53.816794	40.633588	-47.083969	5.240627
-0.170898	-0.955811	0.626465	46.725191	55.198473	-73.251908	5.249921
-0.211670	-0.718506	0.820801	46.358779	57.343511	-102.671756	5.259507
-0.221924	-0.287109	1.160156	61.022901	54.145038	-130.900763	5.270851
-0.248291	0.395752	1.380127	73.580153	35.343511	-134.068702	5.281053
-0.172363	1.052002	1.488525	78.259542	29.793893	-94.656489	5.291485
-0.120117	1.407227	1.593262	58.564885	30.282443	-43.969466	5.301793
-0.094238	1.343750	1.731445	1.458015	29.259542	-3.267176	5.311878
-0.126465	0.979736	1.849609	-21.305344	15.175573	30.816794	5.322280
-0.264160	0.855713	1.775146	-12.923664	-5.732824	46.732824	5.332640
-0.193115	0.900146	1.799316	-42.404580	-6.564885	61.992366	5.343069
-0.242188	0.692871	1.618652	-44.687023	-18.694656	100.603053	5.353409
-0.218506	0.297852	1.240234	-66.725191	-41.183206	111.748092	5.363746
-0.232178	-0.309814	0.852295	-70.137405	-37.984733	123.183206	5.374151
-0.192139	-1.047852	0.418457	-63.450382	-33.358779	104.251908	5.384192
-0.118896	-1.531494	0.096924	-34.702290	-23.732824	69.458015	5.394712
-0.122070	-1.731934	0.062012	12.671756	-11.343511	29.938931	5.405271
-0.124268	-1.601318	0.323242	39.236641	13.038168	-12.580153	5.415523
-0.145752	-1.232422	0.521484	47.221374	28.870229	-48.038168	5.425721
-0.178711	-0.858643	0.714600	46.854962	37.877863	-81.099237	5.436061
-0.172852	-0.475342	0.895508	36.175573	46.641221	-106.129771	5.446548
-0.204346	0.083252	1.121338	41.763359	45.740458	-116.007634	5.456817
-0.176758	0.608887	1.500000	48.847328	37.061069	-98.137405	5.467365
-0.179932	0.969971	1.872070	31.290076	24.259542	-67.816794	5.478109
-0.191162	1.198242	1.973145	22.229008	-1.183206	-32.992366	5.488520
-0.174316	1.099365	1.999939	-10.068702	-15.625954	10.595420	5.499291
-0.206543	0.835205	1.892578	-23.358779	-32.870229	38.450382	5.509709
-0.182861	0.921631	1.692871	-39.587786	-59.603053	49.114504	5.520485
-0.127930	0.823975	1.393799	-64.106870	-58.969466	83.740458	5.531113
-0.123535	0.479248	1.046387	-75.099237	-56.534351	120.412214	5.541482
-0.087158	-0.216309	0.442627	-94.801527	-41.251908	132.496183	5.551851
-0.092041	-1.117676	0.084717	-72.358779	-31.732824	119.435115	5.564899
-0.068848	-1.738281	-0.144531	-40.061069	-13.099237	82.267176	5.575355
-0.099121	-2.000000	-0.039795	2.366412	4.404580	26.633588	5.585704
-0.175537	-1.895996	0.274414	32.595420	26.030534	-32.770992	5.596361
-0.168945	-1.358154	0.491943	51.954198	30.862595	-95.610687	5.606582
-0.203613	-0.755615	0.667969	65.083969	36.404580	-140.160305	5.616920
-0.168457	0.159424	0.881104	84.809160	46.511450	-152.549618	5.627646
-0.125732	0.976562	1.236816	93.786260	53.916031	-120.679389	5.638213
-0.091064	1.505371	1.621094	66.770992	49.709924	-61.503817	5.648507
-0.181885	1.346924	1.976807	35.007634	50.702290	-2.595420	5.659160
-0.255371	0.902344	1.999939	-15.709924	26.687023	15.793893	5.669576
-0.318359	0.682129	1.999939	-6.633588	-2.679389	35.007634	5.680112
-0.317871	0.849854	1.999939	-26.358779	-43.656489	42.679389	5.690387
-0.223145	0.909912	1.772217	-66.175573	-46.786260	65.122137	5.700900
-0.197266	0.704102	1.366211	-93.641221	-59.465649	95.580153	5.711387
-0.201172	0.018311	0.885498	-113.847328	-61.335878	117.534351	5.721851
-0.138184	-0.638916	0.425293	-96.045802	-57.030534	119.083969	5.732633
-0.056152	-1.021484	0.129639	-62.740458	-49.312977	114.702290	5.742941
-0.079346	-1.481201	-0.140625	-32.381679	-49.931298	94.572519	5.752958
-0.027832	-1.891602	-0.201416	5.435115	-17.396947	58.984733	5.763398
-0.131592	-2.000000	0.041016	28.938931	14.793893	-2.358779	5.773598
-0.189697	-1.653320	0.495605	55.419847	35.748092	-70.396947	5.784329
-0.222656	-1.020264	0.654541	55.709924	40.809160	-129.358779	5.794643
-0.191895	-0.361816	0.762451	48.618321	50.389313	-169.633588	5.805145
-0.191162	0.367920	1.098145	67.328244	60.160305	-163.885496	5.815883
-0.202148	1.180420	1.561523	74.022901	58.152672	-127.541985	5.826173
-0.174805	1.573730	1.999939	54.580153	39.534351	-54.877863	5.836769
-0.227295	1.452148	1.999939	15.167939	20.824427	-0.671756	5.847085
-0.176514	0.841797	1.999939	-28.229008	-0.297710	29.114504	5.857300
-0.285400	0.684814	1.999939	-11.557252	-31.763359	46.282443	5.867586
-0.248047	0.771240	1.992432	-48.022901	-47.541985	51.091603	5.877505
-0.203125	0.711426	1.686768	-62.297710	-62.000000	79.824427	5.887275
-0.197510	0.344238	1.210449	-83.129771	-59.603053	103.396947	5.896558
-0.161377	-0.235596	0.614990	-102.763359	-70.290076	108.198473	5.907544
-0.108398	-0.806885	0.186035	-70.648855	-62.931298	109.580153	5.918174
-0.020020	-1.396240	-0.281006	-33.610687	-37.763359	86.519084	5.928478
0.026123	-1.705811	-0.337891	11.625954	-6.778626	48.679389	5.938829
-0.041992	-1.631104	0.067139	44.839695	25.000000	-1.480916	5.949338
-0.117676	-1.356689	0.391846	48.916031	52.442748	-43.488550	5.959236
-0.148438	-0.949951	0.574951	51.213740	59.175573	-90.122137	5.970105
-0.163330	-0.540771	0.731201	44.595420	70.557252	-125.007634	5.980462
-0.183350	0.050537	1.159180	67.580153	75.984733	-131.877863	5.990811
-0.227783	0.644775	1.597412	70.938931	56.740458	-116.793893	6.000764
-0.201660	1.058838	1.873779	64.984733	36.320611	-69.137405	6.011243
-0.209473	1.166016	1.956787	36.290076	25.183206	-25.442748	6.021839
-0.231934	1.007568	1.999939	-7.511450	8.656489	1.511450	6.031818
-0.269287	0.772949	1.999939	-25.229008	-13.129771	27.175573	6.042514
-0.245117	0.781738	1.993408	-44.916031	-36.694656	45.816794	6.052815
-0.242432	0.665771	1.656982	-79.358779	-55.244275	54.793893	6.063229
-0.201904	0.352539	1.226562	-74.854962	-66.557252	87.183206	6.073676
-0.109619	-0.198486	0.509277	-91.702290	-64.893130	97.824427	6.084047
-0.048096	-0.878418	0.010010	-55.114504	-44.755725	93.030534	6.094860
-0.020752	-1.277832	-0.156006	-13.870229	-22.366412	77.099237	6.104999
-0.000977	-1.659424	-0.195068	24.648855	3.267176	41.267176	6.115723
-0.050293	-1.659912	-0.006836	53.763359	31.160305	-6.259542	6.126409
-0.161865	-1.426270	0.319824	62.961832	55.938931	-57.587786	6.137048
-0.197998	-1.028809	0.531738	68.000000	66.015267	-103.511450	6.146919
-0.223633	-0.505127	0.814209	78.587786	71.893130	-134.687023	6.156431
-0.248291	0.338867	1.251221	91.496183	65.458015	-134.160305	6.166006
-0.214844	1.174072	1.670654	75.374046	55.099237	-98.824427	6.177319
-0.250488	1.470459	1.999939	45.992366	44.450382	-39.870229	6.187956
-0.343262	1.173340	1.999939	-3.816794	22.984733	-4.961832	6.198470
-0.339600	0.824951	1.999939	-16.580153	-9.992366	19.534351	6.208861
-0.362549	0.926025	1.999939	-15.786260	-45.389313	40.022901	6.219715
-0.298096	0.882568	1.764160	-47.404580	-45.419847	68.122137	6.230308
-0.277588	0.659668	1.388672	-66.137405	-55.137405	95.106870	6.240462
-0.180176	-0.032715	0.761963	-106.549618	-57.900763	110.519084	6.251314
-0.146729	-0.581543	0.294922	-81.931298	-61.076336	115.221374	6.261561
-0.115967	-1.324951	-0.050781	-51.816794	-37.557252	102.648855	6.272231
-0.045410	-1.789551	-0.195068	-6.160305	-26.114504	65.290076	6.282758
-0.123291	-1.850098	-0.065186	40.946565	5.519084	18.076336	6.293316
-0.138672	-1.710938	0.234619	38.251908	33.564885	-43.122137	6.303559
-0.191650	-1.331055	0.513672	53.961832	41.335878	-105.396947	6.313968
-0.224121	-0.760010	0.785645	50.038168	50.152672	-156.603053	6.324451
-0.240723	-0.039551	1.001953	56.450382	51.488550	-182.549618	6.334912
-0.235840	0.885742	1.317871	68.083969	44.763359	-158.725191	6.344695
-0.168701	1.544434	1.654297	55.000000	42.992366	-95.801527	6.354600
-0.223877	1.585938	1.944092	-11.488550	35.129771	-46.778626	6.365073
-0.239502	1.110840	1.999939	-19.801527	15.740458	3.396947	6.375833
-0.264160	1.077637	1.999939	-6.488550	-0.404580	37.381679	6.386108
-0.219971	1.079102	1.913086	-24.015267	-23.969466	60.938931	6.396398
-0.270996	0.946289	1.708740	-29.190840	-38.503817	99.190840	6.406532
-0.258545	0.558838	1.468262	-58.053435	-41.259542	130.625954	6.417068
-0.271729	-0.116943	0.968506	-96.480916	-59.236641	141.351145	6.427611
-0.207031	-0.898926	0.239746	-108.725191	-53.106870	124.389313	6.438241
-0.156982	-1.539062	-0.069092	-76.549618	-36.870229	89.900763	6.448760
-0.100098	-1.971191	-0.127686	-52.793893	-15.961832	43.717557	6.458906
-0.073730	-2.000000	-0.137939	8.122137	1.183206	-5.893130	6.469602
-0.097900	-1.845459	-0.016357	67.190840	16.847328	-47.190840	6.479943
-0.163330	-1.349854	0.240967	92.679389	31.839695	-91.122137	6.490431
-0.207520	-0.796387	0.524658	100.160305	43.137405	-128.977099	6.500798
-0.193359	-0.217041	0.854980	97.656489	55.030534	-147.870229	6.510822
-0.244629	0.585938	1.235596	90.030534	57.763359	-146.625954	6.520693
-0.243164	1.280273	1.700928	55.908397	57.732824	-114.480916	6.531044
-0.250977	1.469971	1.999939	29.603053	54.961832	-55.641221	6.541803
-0.241455	1.349365	1.999939	-27.923664	31.320611	-25.946565	6.552241
-0.280029	1.104736	1.999939	-15.984733	12.702290	14.656489	6.562532
-0.335449	1.236084	1.999939	-31.343511	-18.290076	37.022901	6.573027
-0.348145	1.227783	1.999939	-47.290076	-45.984733	73.580153	6.583433
-0.392578	0.848145	1.821777	-84.160305	-64.114504	105.396947	6.593525
-0.363770	0.208740	1.243164	-107.625954	-82.908397	122.511450	6.604026
-0.193115	-0.641357	0.338379	-118.992366	-76.496183	117.099237	6.614174
-0.089844	-1.308594	-0.247314	-96.198473	-61.129771	94.129771	6.625101
-0.056396	-1.749512	-0.490234	-50.832061	-39.977099	71.038168	6.635619
-0.004395	-2.000000	-0.460205	-1.900763	-13.282443	41.290076	6.645741
-0.060791	-2.000000	-0.254883	41.419847	30.137405	-10.068702	6.656068
-0.176758	-1.681885	0.197021	66.984733	52.000000	-71.366412	6.666525
-0.272949	-1.114014	0.677002	70.328244	57.236641	-128.129771	6.676714
-0.295898	-0.395996	0.953125	71.595420	60.015267	-162.908397	6.687364
-0.337646	0.539307	1.471680	77.328244	55.106870	-164.083969	6.697719
-0.291260	1.252686	1.831787	57.977099	47.335878	-117.076336	6.708171
-0.279541	1.554932	1.999939	31.015267	37.015267	-57.251908	6.718659
-0.332520	1.215332	1.999939	-30.679389	14.740458	-21.213740	6.729560
-0.396484	1.047852	1.999939	-16.007634	-18.816794	10.549618	6.739966
-0.324219	1.178955	1.999939	-32.839695	-58.015267	33.068702	6.750453
-0.318115	1.261719	1.999939	-58.320611	-62.282443	70.343511	6.760796
-0.288818	1.003662	1.566406	-102.511450	-93.587786	114.824427	6.771291
-0.250732	0.156250	0.723389	-130.625954	-85.900763	138.404580	6.781554
-0.159180	-0.554932	0.107666	-99.328244	-75.503817	151.969466	6.791901
-0.052734	-1.147705	-0.149658	-93.114504	-49.664122	143.709924	6.802549
-0.122314	-1.682617	-0.244141	-52.572519	-40.832061	132.267176	6.812887
-0.095947	-2.000000	-0.273193	-24.503817	-23.603053	83.366412	6.823667
-0.104980	-2.000000	-0.157471	16.152672	5.549618	1.534351	6.834239
-0.124023	-2.000000	0.054199	56.847328	22.801527	-91.312977	6.844888
-0.227295	-1.378662	0.344482	98.206107	34.793893	-171.580153	6.855136
-0.240234	-0.350342	0.586670	102.435115	54.877863	-213.954198	6.865724
-0.282959	0.729492	1.036377	116.183206	60.152672	-212.694656	6.876037
-0.196533	1.843994	1.651367	107.778626	65.778626	-131.541985	6.886950
-0.252930	1.999939	1.999939	66.427481	66.366412	-30.564885	6.897156
-0.297119	1.373535	1.999939	-24.145038	50.832061	26.793893	6.907721
-0.368896	0.659424	1.999939	-43.656489	27.740458	58.679389	6.918230
-0.364746	0.234863	1.999939	-58.809160	-10.648855	49.091603	6.928710
-0.287354	0.540527	1.999939	-50.656489	-42.519084	42.740458	6.939195
-0.245850	0.843262	1.730469	-46.687023	-60.274809	83.374046	6.949576
-0.279541	0.463623	0.995605	-94.076336	-75.396947	118.076336	6.959799
-0.113281	-0.342773	0.193604	-105.671756	-71.541985	129.885496	6.970222
-0.050293	-0.999268	-0.163818	-74.229008	-49.732824	134.152672	6.980510
-0.070557	-1.526367	-0.211182	-36.000000	-24.206107	116.190840	6.991031
-0.055176	-1.936035	-0.196045	-27.580153	0.885496	69.358779	7.001356
-0.110840	-2.000000	-0.131104	23.007634	21.091603	1.694656	7.011751
-0.154297	-1.961182	0.176270	67.854962	37.145038	-70.335878	7.022112
-0.238770	-1.333252	0.413086	102.587786	45.496183	-133.839695	7.032530
-0.248291	-0.423096	0.852051	105.885496	46.854962	-177.091603	7.044015
-0.267578	0.728760	1.291748	115.358779	51.984733	-162.984733	7.055730
-0.231934	1.530518	1.770020	75.442748	44.687023	-105.595420	7.067210
-0.246338	1.489014	1.999939	14.091603	42.274809	-17.954198	7.079863
-0.314453	0.992920	1.999939	-36.816794	21.175573	8.229008	7.091662
-0.340820	0.816406	1.999939	-28.045802	-18.465649	31.503817	7.103665
-0.310303	0.850586	1.860107	-29.580153	-44.328244	63.893130	7.115484
-0.265137	0.734375	1.424805	-57.725191	-51.969466	94.526718	7.127691
-0.211670	-0.003418	0.623535	-83.190840	-59.938931	113.709924	7.139978
-0.144287	-0.948242	0.140137	-66.083969	-49.015267	99.923664	7.151905
-0.065674	-1.451416	-0.052490	-34.053435	-23.587786	60.954198	7.163178
-0.023438	-1.694824	-0.060791	19.916031	-0.076336	31.274809	7.175049
-0.061768	-1.605469	0.038818	42.938931	22.007634	-13.183206	7.187397
-0.132080	-1.391113	0.318359	61.816794	40.335878	-58.007634	7.199199
-0.169922	-0.880127	0.672607	73.381679	45.351145	-100.114504	7.211020
-0.209229	-0.037598	0.984863	84.648855	45.557252	-123.305344	7.222983
-0.193848	0.849365	1.327148	66.984733	51.656489	-100.145038	7.234697
-0.240723	1.132324	1.782959	34.748092	50.213740	-53.885496	7.246853
-0.343018	1.039062	1.999939	8.793893	32.977099	-18.946565	7.258815
-0.356445	1.021973	1.999939	-13.213740	2.152672	10.083969	7.271099
-0.379639	1.054199	1.999939	-25.335878	-31.030534	40.137405	7.282122
-0.332031	0.882324	1.822754	-58.748092	-34.541985	72.198473	7.293329
-0.258789	0.485596	1.281494	-89.541985	-54.488550	97.091603	7.305791
-0.184082	-0.473877	0.446045	-96.778626	-61.427481	104.870229	7.318209
-0.099365	-1.131348	-0.011719	-68.099237	-42.503817	88.687023	7.329362
-0.052246	-1.753662	-0.287354	-21.603053	-25.564885	58.427481	7.341547
-0.055908	-1.913818	-0.169189	30.175573	10.442748	10.900763	7.353598
-0.119385	-1.455566	0.277832	43.847328	32.343511	-46.755725	7.365972
-0.193848	-0.996094	0.534668	61.374046	43.893130	-83.755725	7.378347
-0.200195	-0.315430	0.812256	67.335878	58.122137	-114.641221	7.390637
-0.216553	0.503418	1.208984	61.595420	57.374046	-111.465649	7.402551
-0.240967	1.077637	1.744141	46.236641	53.000000	-68.343511	7.414737
-0.327881	1.068359	1.999939	17.251908	34.954198	-24.793893	7.426615
-0.365479	1.011963	1.999939	-5.687023	4.954198	2.908397	7.438592
-0.368652	1.001221	1.999939	-25.916031	-25.022901	34.641221	7.450656
-0.302490	0.894043	1.782471	-71.671756	-50.748092	59.664122	7.462899
-0.281738	0.372559	1.212158	-88.007634	-53.160305	95.755725	7.475250
-0.122070	-0.375977	0.331299	-107.488550	-61.900763	101.305344	7.487459
-0.041016	-1.183594	-0.164795	-60.358779	-43.488550	99.687023	7.499686
-0.040283	-1.770996	-0.228271	-17.381679	-19.297710	60.511450	7.511342
-0.071289	-1.785400	-0.009033	41.374046	4.557252	4.541985	7.523761
-0.133057	-1.396729	0.291260	51.022901	31.557252	-44.152672	7.535694
-0.160156	-0.945801	0.537598	53.465649	43.396947	-88.167939	7.547685
-0.205811	-0.284424	0.859863	56.885496	55.893130	-114.778626	7.561179
-0.239990	0.591064	1.463867	56.290076	54.412214	-100.297710	7.574997
-0.285156	0.976074	1.847656	37.938931	42.816794	-61.992366	7.587288
-0.361816	1.128906	1.999939	0.793893	21.427481	-32.213740	7.599432
-0.322754	0.936523	1.999939	-19.862595	0.732824	10.778626	7.611108
-0.322998	0.947998	1.999939	-31.396947	-36.221374	34.496183	7.623561
-0.282715	0.769287	1.708496	-45.946565	-60.862595	72.717557	7.635348
-0.260254	0.150391	0.892334	-56.992366	-60.793893	102.778626	7.647316
-0.129639	-0.703125	0.198975	-58.694656	-61.175573	102.992366	7.659090
-0.049316	-1.200684	0.005127	-28.213740	-28.541985	86.847328	7.671201
-0.089844	-1.574463	0.020996	-13.786260	-5.022901	47.442748	7.683394
-0.129639	-1.704102	0.139160	6.961832	16.984733	-7.954198	7.695363
-0.192871	-1.403320	0.335938	30.763359	40.770992	-64.343511	7.707344
-0.210449	-0.785645	0.675781	60.877863	48.480916	-106.763359	7.719764
-0.220459	0.083740	1.140137	81.893130	44.679389	-122.717557	7.731889
-0.242920	0.952881	1.620117	86.664122	30.007634	-88.564885	7.743498
-0.263916	1.306396	1.999939	50.389313	17.465649	-30.625954	7.755668
-0.332764	1.094482	1.999939	0.541985	0.160305	11.389313	7.768295
-0.362305	0.793213	1.999939	-28.389313	-21.854962	33.061069	7.780138
-0.321777	0.799316	1.853027	-58.358779	-47.244275	48.519084	7.792097
-0.251709	0.515381	1.375732	-90.740458	-56.244275	77.625954	7.803163
-0.129395	0.024414	0.567139	-87.961832	-58.633588	104.610687	7.815004
-0.073730	-0.837402	-0.031494	-57.160305	-48.931298	120.465649	7.827847
-0.080078	-1.504883	-0.259766	-24.992366	-24.022901	104.679389	7.839488
-0.156006	-1.869629	-0.040039	15.374046	8.625954	51.984733	7.852224
-0.187012	-1.839844	0.363281	25.366412	44.770992	-30.832061	7.864347
-0.225586	-1.195801	0.651855	40.358779	45.503817	-101.053435	7.876246
-0.212891	-0.487549	0.850830	43.473282	57.190840	-146.839695	7.888385
-0.291504	0.486816	1.435303	64.000000	52.358779	-152.404580	7.900249
-0.273682	1.362793	1.967773	60.213740	20.847328	-98.969466	7.911965
-0.222412	1.559326	1.999939	21.648855	8.854962	-13.312977	7.924159
-0.203857	1.003174	1.989746	-43.137405	-9.251908	27.305344	7.936195
-0.264648	0.813477	1.890137	-31.877863	-32.282443	59.702290	7.947823
-0.299805	0.635498	1.602539	-66.587786	-34.099237	74.045802	7.960052
-0.204834	0.139648	0.881592	-72.297710	-52.816794	112.748092	7.972173
-0.082520	-0.549561	0.150146	-74.954198	-40.053435	113.099237	7.984110
-0.029785	-1.320801	-0.142578	-42.740458	-24.343511	112.381679	7.995998
-0.121582	-1.885254	-0.095215	3.114504	6.587786	84.091603	8.007981
-0.221191	-2.000000	0.177002	33.603053	30.717557	-1.992366	8.020186
-0.267578	-1.698242	0.557861	63.076336	40.442748	-89.496183	8.032274
-0.303711	-0.931885	0.861816	74.984733	43.343511	-148.206107	8.044020
-0.284424	0.074707	1.227539	63.778626	31.732824	-172.137405	8.056033
-0.296143	0.975098	1.739258	54.511450	26.862595	-145.664122	8.068511
-0.239990	1.554932	1.995850	24.961832	9.931298	-64.916031	8.080313
-0.294922	1.254639	1.999939	-30.465649	-1.740458	-9.816794	8.092573
-0.296875	0.755859	1.999939	-42.610687	-16.465649	27.938931	8.104611
-0.311279	0.763672	1.929443	-44.992366	-48.335878	47.557252	8.116746
-0.250732	0.509521	1.370361	-57.641221	-53.091603	85.236641	8.128885
-0.124268	-0.204590	0.356934	-78.000000	-58.465649	103.969466	8.141428
-0.065674	-0.883057	-0.064209	-39.213740	-53.938931	109.832061	8.153344
-0.042725	-1.511230	-0.105225	-7.473282	-23.687023	88.404580	8.165231
-0.119385	-1.805176	0.047852	21.435115	4.335878	27.977099	8.177424
-0.159668	-1.674072	0.314453	26.335878	30.832061	-56.221374	8.189357
-0.215820	-1.115723	0.567383	55.984733	41.946565	-115.832061	8.201274
-0.242432	-0.355225	0.828369	45.190840	59.419847	-160.030534	8.213673
-0.238037	0.595703	1.326416	60.450382	58.427481	-141.656489	8.224781
-0.246826	1.171143	1.712891	41.122137	46.267176	-89.351145	8.235442
-0.317871	1.206787	1.936279	18.770992	34.862595	-30.282443	8.245868
-0.306641	0.842285	1.999939	-20.511450	19.801527	-0.541985	8.256134
-0.355713	0.635498	1.999939	-16.923664	-2.442748	23.442748	8.266445
-0.347656	0.629883	1.999939	-15.954198	-32.709924	38.839695	8.277264
-0.294678	0.699951	1.776855	-26.755725	-43.396947	67.160305	8.287503
-0.213379	0.352295	1.221680	-56.236641	-55.854962	91.610687	8.297961
-0.131348	-0.255859	0.574707	-86.442748	-58.351145	99.106870	8.308530
-0.060791	-0.814697	0.163574	-47.687023	-53.374046	100.000000	8.319597
-0.029541	-1.326416	-0.073730	-29.541985	-31.091603	79.687023	8.329863
-0.046387	-1.589111	-0.114746	4.297710	-5.480916	50.770992	8.340571
-0.108643	-1.578857	0.113037	25.251908	17.465649	4.656489	8.350871
-0.203369	-1.397217	0.430420	36.465649	37.603053	-41.427481	8.361436
-0.158691	-1.037842	0.649170	41.122137	47.122137	-81.908397	8.372103
-0.208496	-0.579102	0.852783	47.809160	50.473282	-115.129771	8.382326
-0.253906	0.045166	1.091064	48.541985	50.847328	-130.297710	8.392674
-0.270752	0.703613	1.608887	47.435115	52.312977	-110.877863	8.403272
-0.297852	1.187988	1.999939	42.809160	29.793893	-67.549618	8.413624
-0.315186	1.178955	1.999939	11.984733	16.366412	-10.106870	8.424387
-0.333252	0.914795	1.999939	-27.076336	-3.969466	14.610687	8.434173
-0.354004	0.716553	1.999939	-17.541985	-27.557252	42.419847	8.443796
-0.385498	0.768799	1.933594	-35.961832	-50.167939	55.580153	8.453383
-0.312744	0.563965	1.640381	-56.885496	-55.984733	76.763359	8.462789
-0.260254	0.111328	1.046631	-70.221374	-64.358779	98.931298	8.474527
-0.151611	-0.378662	0.386230	-62.343511	-65.961832	107.801527	8.484868
-0.095947	-0.826904	-0.003662	-50.641221	-56.984733	99.541985	8.495188
0.019531	-1.490479	-0.368408	-24.900763	-32.832061	87.564885	8.505560
-0.000977	-1.805176	-0.364258	26.694656	-8.908397	52.870229	8.515800
-0.059082	-1.822754	0.033691	46.198473	35.045802	1.801527	8.526054
-0.166504	-1.482422	0.328857	64.427481	46.175573	-52.106870	8.535573
-0.189941	-1.033936	0.561035	61.748092	61.732824	-95.687023	8.545056
-0.243896	-0.519775	0.685791	56.534351	68.732824	-128.549618	8.554470
-0.240723	0.110107	1.055664	50.015267	81.954198	-136.114504	8.564381
-0.303711	0.830566	1.704590	42.610687	71.213740	-102.832061	8.576067
-0.397461	1.028076	1.999939	32.068702	46.015267	-60.564885	8.586332
-0.368164	0.945801	1.999939	-10.946565	16.603053	-30.374046	8.596562
-0.353271	0.770996	1.999939	-3.961832	-7.320611	5.679389	8.607228
-0.327148	0.841553	1.934082	-7.656489	-29.480916	25.961832	8.617446
-0.310303	0.800293	1.736328	-17.664122	-45.679389	59.793893	8.628356
-0.311035	0.540039	1.539307	-40.358779	-49.244275	86.541985	8.638551
-0.263672	0.044678	1.125000	-68.740458	-62.282443	97.328244	8.648886
-0.123291	-0.516602	0.452393	-72.480916	-63.641221	97.916031	8.659049
-0.077393	-0.981934	-0.037109	-37.312977	-62.374046	89.129771	8.669952
-0.013916	-1.453857	-0.303711	-12.305344	-27.664122	68.557252	8.680273
-0.014404	-1.672852	-0.219727	19.190840	1.969466	34.061069	8.690466
-0.108398	-1.626465	0.147461	40.893130	29.450382	-15.931298	8.701439
-0.199951	-1.283936	0.421875	56.167939	50.183206	-64.366412	8.711849
-0.187988	-0.830078	0.703613	66.099237	57.541985	-104.442748	8.722690
-0.268311	-0.181152	1.020996	63.045802	57.129771	-132.122137	8.733299
-0.321533	0.432617	1.570801	65.015267	48.740458	-128.038168	8.743658
-0.323975	1.023682	1.946045	47.419847	34.488550	-92.152672	8.753855
-0.337158	1.327881	1.999939	14.190840	15.076336	-45.992366	8.764353
-0.317627	1.105713	1.999939	-36.557252	0.045802	-0.664122	8.775150
-0.334717	0.835938	1.999939	-42.045802	-16.580153	26.656489	8.785479
-0.334717	0.820557	1.942871	-42.282443	-38.587786	49.083969	8.795785
-0.325439	0.598877	1.624023	-52.412214	-47.190840	77.854962	8.806404
-0.222900	0.137695	1.084717	-55.908397	-58.870229	98.755725	8.816799
-0.097168	-0.344971	0.358887	-54.839695	-67.641221	112.648855	8.827514
-0.076172	-0.886719	0.028564	-39.458015	-48.854962	114.244275	8.838074
-0.046875	-1.389893	-0.122314	-29.748092	-27.564885	99.213740	8.848396
-0.120850	-1.782715	-0.050293	-8.152672	1.709924	56.526718	8.859064
-0.169678	-1.887695	0.112305	0.282443	29.145038	-10.343511	8.869514
-0.187744	-1.477295	0.378418	23.374046	55.572519	-70.824427	8.879991
-0.229004	-0.880371	0.735596	40.076336	53.572519	-115.053435	8.890339
-0.248291	-0.321045	0.952637	31.664122	52.839695	-142.778626	8.900181
-0.293457	0.382812	1.312500	57.190840	50.847328	-141.725191	8.910991
-0.260986	0.973633	1.730713	53.687023	42.648855	-108.022901	8.921445
-0.282715	1.418701	1.999939	45.519084	24.992366	-41.923664	8.931951
-0.319824	1.308105	1.999939	-16.274809	10.725191	9.404580	8.942608
-0.341797	0.700684	1.999939	-48.854962	-5.000000	42.732824	8.952860
-0.395752	0.562500	1.999939	-35.916031	-35.320611	52.893130	8.963305
-0.361572	0.453125	1.720459	-51.175573	-54.335878	65.603053	8.973709
-0.256592	0.291748	1.226074	-48.167939	-65.206107	94.625954	8.984454
-0.190430	-0.250000	0.377686	-54.748092	-68.022901	118.572519	8.995073
-0.097656	-1.052734	-0.105957	-49.114504	-51.816794	109.335878	9.005073
-0.053711	-1.712402	-0.271240	-19.625954	-28.450382	75.954198	9.015702
-0.112549	-1.794678	-0.051270	5.977099	-4.236641	22.312977	9.025792
-0.184814	-1.562744	0.368164	24.015267	23.175573	-26.320611	9.036358
-0.151123	-1.220459	0.475830	15.015267	33.259542	-67.198473	9.046331
-0.174561	-0.882324	0.518555	34.580153	33.366412	-94.656489	9.056946
-0.139404	-0.447754	0.563232	56.961832	48.022901	-108.519084	9.067374
-0.158203	0.075684	0.888184	70.633588	45.480916	-106.267176	9.077521
-0.206787	0.483643	1.164062	92.664122	44.351145	-85.007634	9.087223
-0.239502	0.806885	1.549561	80.770992	37.351145	-60.442748	9.097084
-0.301025	0.940186	1.881592	66.351145	36.603053	-28.595420	9.107424
-0.327148	1.013184	1.999939	27.045802	18.343511	-5.167939	9.118166
-0.330566	0.810547	1.999939	-14.122137	11.030534	23.106870	9.128555
-0.375000	0.743164	1.999939	-38.778626	-15.290076	35.877863	9.139051
-0.323242	0.700195	1.770752	-68.145038	-38.396947	47.916031	9.149672
-0.297363	0.571289	1.306396	-75.923664	-50.618321	75.725191	9.160014
-0.219238	0.266113	0.898682	-77.137405	-56.702290	105.068702	9.170485
-0.203857	-0.299561	0.470703	-68.053435	-59.755725	117.740458	9.181064
-0.127930	-0.851562	0.241943	-50.534351	-49.824427	126.656489	9.191647
-0.084229	-1.465820	-0.012939	-22.664122	-31.145038	106.534351	9.202126
-0.104004	-1.721191	0.018066	-1.183206	-7.633588	62.519084	9.212535
-0.143311	-1.813477	0.122314	14.786260	14.206107	0.496183	9.223155
-0.187988	-1.532471	0.309814	32.648855	38.129771	-59.312977	9.233590
-0.199219	-1.163574	0.455322	44.412214	50.145038	-110.297710	9.243828
-0.205566	-0.661621	0.613281	54.595420	58.557252	-140.167939	9.253809
-0.254639	0.068115	0.932129	69.664122	60.770992	-146.801527	9.264152
-0.330322	0.726807	1.407471	81.496183	54.458015	-120.007634	9.274680
-0.312988	1.121094	1.714844	64.534351	45.320611	-66.450382	9.285041
-0.352051	0.983398	1.999939	34.488550	33.709924	-19.954198	9.295456
-0.377686	0.720459	1.999939	4.274809	15.458015	-1.229008	9.305785
-0.392090	0.672607	1.999939	-7.702290	-13.442748	11.305344	9.316222
-0.368164	0.739990	1.952637	-20.473282	-28.450382	30.274809	9.326811
-0.311279	0.782471	1.775635	-54.549618	-54.755725	44.061069	9.337034
-0.291504	0.450195	1.365967	-74.236641	-54.183206	68.137405	9.347672
-0.209229	0.101807	0.884766	-74.671756	-66.587786	87.007634	9.358484
-0.138428	-0.383789	0.527832	-58.129771	-65.893130	98.526718	9.368937
-0.092041	-0.795654	0.223633	-45.824427	-53.717557	98.549618	9.379317
-0.077881	-1.274170	0.043945	-20.229008	-34.748092	79.656489	9.389878
-0.074707	-1.548584	0.070557	4.580153	-12.335878	43.343511	9.400324
-0.136719	-1.553711	0.287598	26.534351	11.068702	-1.534351	9.410471
-0.157959	-1.239502	0.436279	35.297710	19.877863	-41.961832	9.421221
-0.124512	-1.010742	0.457031	39.503817	26.045802	-74.618321	9.431573
-0.129395	-0.646973	0.563477	49.992366	38.114504	-99.358779	9.441491
-0.184082	-0.260986	0.810791	53.198473	46.671756	-110.435115	9.451409
-0.227783	0.209473	1.222900	62.229008	45.389313	-109.511450	9.461182
-0.264893	0.697754	1.583008	60.687023	35.687023	-77.099237	9.472425
-0.278809	0.926758	1.800293	34.549618	25.030534	-42.526718	9.482856
-0.314697	0.865723	1.965088	11.358779	16.206107	-10.328244	9.493759
-0.359375	0.764648	1.999939	-21.832061	-3.877863	3.526718	9.504257
-0.365967	0.580811	1.999939	-32.877863	-23.610687	20.603053	9.514089
-0.366455	0.559570	1.976318	-44.396947	-48.435115	40.145038	9.524894
-0.250732	0.507568	1.602539	-79.045802	-63.366412	47.091603	9.535446
-0.230713	0.217041	1.038086	-79.427481	-78.809160	72.480916	9.545839
-0.107178	-0.146484	0.630859	-72.946565	-82.412214	85.274809	9.556004
-0.029297	-0.797363	0.081543	-43.793893	-61.633588	93.068702	9.569435
-0.003418	-1.187744	-0.061523	-29.618321	-41.450382	74.839695	9.579859
-0.035645	-1.409424	-0.047363	-2.396947	-14.358779	54.435115	9.590527
-0.073486	-1.514893	0.147949	2.236641	14.328244	4.694656	9.600950
-0.103516	-1.356201	0.312012	10.755725	37.450382	-39.183206	9.611371
-0.144043	-0.949951	0.425537	24.458015	45.969466	-76.763359	9.621704
-0.154785	-0.629639	0.653320	42.885496	57.374046	-97.770992	9.632153
-0.197510	-0.136963	0.904053	49.938931	57.580153	-111.717557	9.642695
-0.238281	0.261719	1.184814	61.458015	57.641221	-100.564885	9.652897
-0.274902	0.624512	1.562988	65.801527	50.290076	-74.725191	9.662791
-0.299316	0.776611	1.834473	45.442748	40.229008	-44.229008	9.673696
-0.317627	0.798828	1.999939	26.572519	27.770992	-14.007634	9.683840
-0.335449	0.725830	1.999939	-13.648855	14.488550	3.832061	9.694249
-0.355957	0.544434	1.999939	-38.404580	-9.099237	16.000000	9.704936
-0.367188	0.465088	1.929688	-39.396947	-32.595420	33.717557	9.715202
-0.279785	0.417480	1.687256	-63.450382	-39.793893	40.167939	9.725005
-0.307129	0.233887	1.239014	-53.557252	-63.198473	52.839695	9.734893
-0.137451	-0.021240	0.775146	-44.641221	-65.900763	70.366412	9.745912
-0.076904	-0.351318	0.530273	-35.305344	-59.305344	83.229008	9.756253
-0.040039	-0.809082	0.357666	-32.114504	-53.877863	80.931298	9.766731
-0.048828	-1.289795	0.079590	-6.259542	-39.251908	62.458015	9.777413
0.025879	-1.537354	-0.032227	1.442748	-13.877863	22.946565	9.787638
-0.029053	-1.406250	0.074951	28.190840	6.320611	-21.061069	9.798126
-0.068604	-1.138916	0.268066	24.946565	31.648855	-52.015267	9.808377
-0.101807	-0.914062	0.356934	41.763359	43.488550	-72.824427	9.818820
-0.131592	-0.598633	0.593994	45.106870	61.465649	-91.312977	9.829440
-0.173584	-0.234131	0.824951	69.022901	59.526718	-95.961832	9.839725
-0.229492	0.204834	1.128174	63.931298	51.206107	-91.045802	9.850092
-0.238037	0.333984	1.391113	82.870229	50.007634	-58.190840	9.860462
-0.272705	0.598633	1.666748	64.832061	39.923664	-48.374046	9.870832
-0.282227	0.821289	1.860596	42.404580	20.282443	-35.038168	9.881483
-0.301514	0.866455	1.925293	24.412214	13.366412	-8.038168	9.891426
-0.304199	0.869385	1.999939	10.847328	1.007634	17.190840	9.901879
-0.373047	0.790039	1.999939	-11.282443	-10.229008	33.251908	9.912373
-0.361328	0.716553	1.956543	-22.786260	-31.854962	58.229008	9.922731
-0.341797	0.644287	1.677490	-51.618321	-48.977099	67.786260	9.933272
-0.307129	0.450684	1.239014	-54.404580	-63.641221	89.129771	9.943925
-0.217285	0.061035	0.804932	-64.213740	-58.236641	106.473282	9.954041
-0.149902	-0.477295	0.499023	-74.969466	-49.244275	113.152672	9.964642
-0.081787	-1.094238	0.280273	-61.282443	-37.343511	101.221374	9.975257
-0.103027	-1.451172	0.244385	-50.786260	-29.916031	65.740458	9.985614
-0.128418	-1.554688	0.241699	-28.885496	-13.122137	28.435115	9.995757
-0.082764	-1.432617	0.223145	-9.923664	3.450382	-7.664122	10.006385
-0.087158	-1.248047	0.240723	-0.916031	23.229008	-33.389313	10.016906
-0.092529	-1.142334	0.247314	19.572519	31.801527	-56.312977	10.026974
-0.091064	-0.923584	0.390137	41.015267	42.335878	-77.374046	10.037544
-0.169678	-0.624268	0.751709	67.114504	45.992366	-90.343511	10.047958
-0.209473	-0.184814	1.040527	61.145038	49.954198	-108.984733	10.058430
-0.259766	0.187256	1.390869	59.931298	44.770992	-109.244275	10.068987
-0.310059	0.534668	1.705078	57.832061	28.702290	-90.297710	10.079641
-0.266113	0.831299	1.832764	16.954198	30.732824	-78.152672	10.089999
-0.264893	0.947998	1.999939	-1.435115	13.564885	-46.503817	10.100251
-0.266846	0.928467	1.999939	-9.488550	1.580153	-11.526718	10.111119
-0.269287	0.836426	1.901611	-27.015267	-11.854962	13.961832	10.121912
-0.251465	0.821045	1.796143	-33.335878	-38.740458	33.587786	10.132317
-0.286133	0.669922	1.651611	-48.664122	-38.801527	54.610687	10.142383
-0.206299	0.409912	1.365234	-66.809160	-52.045802	75.587786	10.152635
-0.141357	0.157715	0.925049	-52.770992	-56.374046	94.770992	10.163066
-0.168945	-0.147217	0.726074	-65.122137	-51.839695	99.648855	10.173297
-0.153564	-0.714111	0.499756	-57.519084	-43.458015	93.557252	10.184383
-0.091309	-1.239502	0.290771	-48.595420	-37.824427	66.725191	10.194546
-0.066895	-1.524170	0.112305	-6.625954	-29.335878	35.442748	10.205319
-0.053467	-1.423340	0.147949	20.183206	-6.969466	1.473282	10.215825
-0.068848	-1.115479	0.338135	27.099237	7.221374	-20.038168	10.226331
-0.120850	-1.093018	0.362549	17.679389	21.832061	-42.061069	10.236518
-0.102295	-1.040527	0.529297	20.725191	41.435115	-68.465649	10.247062
-0.176514	-0.678467	0.748535	46.977099	41.137405	-88.992366	10.257450
-0.204102	-0.207275	1.009521	59.305344	41.251908	-99.374046	10.268207
-0.223633	0.295898	1.193848	56.038168	39.091603	-93.503817	10.278312
-0.254395	0.658447	1.512451	57.793893	31.290076	-71.801527	10.288873
-0.228271	0.822510	1.816895	32.587786	25.061069	-41.389313	10.299219
-0.246338	0.848145	1.999939	21.839695	9.862595	-11.625954	10.309689
-0.350098	0.770508	1.999939	-15.633588	-4.648855	3.610687	10.320605
-0.239502	0.597900	1.871826	-38.549618	-19.572519	20.274809	10.330845
-0.261475	0.659912	1.735840	-34.404580	-36.770992	44.297710	10.341576
-0.200684	0.556641	1.509766	-82.129771	-52.030534	46.984733	10.352053
-0.199707	0.343506	1.112061	-58.755725	-57.145038	87.251908	10.361780
-0.138672	-0.041748	0.660156	-68.229008	-51.190840	101.396947	10.371558
-0.087891	-0.583008	0.352051	-44.641221	-43.847328	113.038168	10.381952
-0.078857	-1.129150	0.048096	-32.931298	-28.236641	99.809160	10.392734
-0.058350	-1.555420	-0.018799	-8.213740	-13.160305	68.725191	10.403085
-0.099121	-1.641602	0.083008	12.343511	4.694656	17.793893	10.413624
-0.111084	-1.519531	0.279297	24.450382	22.816794	-30.770992	10.424132
-0.136230	-1.138428	0.382568	36.625954	43.641221	-69.244275	10.434338
-0.159668	-0.762939	0.612549	47.206107	48.351145	-99.702290	10.444900
-0.165771	-0.263184	0.949951	62.267176	57.679389	-114.114504	10.455317
-0.268799	0.381592	1.456055	70.152672	56.480916	-103.145038	10.465740
-0.243164	0.945068	1.900391	52.755725	31.312977	-64.992366	10.476341
-0.263672	0.996826	1.999939	16.030534	28.213740	-21.801527	10.486506
-0.267578	0.772217	1.999939	-25.954198	2.732824	-2.954198	10.497018
-0.273682	0.458740	1.965088	-37.007634	-10.908397	16.290076	10.507135
-0.239258	0.528320	1.840332	-38.603053	-27.167939	30.022901	10.517627
-0.165283	0.523193	1.565918	-52.908397	-41.435115	45.519084	10.528373
-0.198486	0.274902	1.159424	-53.221374	-48.977099	76.160305	10.538888
-0.116943	-0.276367	0.621094	-58.557252	-45.519084	98.183206	10.549443
-0.058105	-0.866699	0.225830	-32.854962	-48.419847	90.282443	10.559309
-0.039795	-1.330811	-0.107178	-9.282443	-27.564885	67.435115	10.569981
-0.011475	-1.566162	-0.096436	14.549618	-5.145038	34.030534	10.580152
-0.105957	-1.420654	0.155762	36.358779	15.778626	-10.030534	10.590975
-0.110107	-1.117188	0.453613	27.854962	47.709924	-45.770992	10.601201
-0.131836	-0.798096	0.514160	39.992366	48.335878	-76.404580	10.611568
-0.173340	-0.268799	0.808594	39.679389	60.946565	-104.152672	10.622898
-0.231445	0.297852	1.272461	56.633588	65.755725	-101.419847	10.633125
-0.282959	0.765137	1.731934	42.984733	56.755725	-79.709924	10.643469
-0.321533	1.015137	1.999939	26.145038	38.358779	-41.984733	10.653835
-0.322510	1.055420	1.999939	4.450382	20.458015	0.625954	10.664143
-0.331543	0.825439	1.999939	-12.305344	-0.068702	32.885496	10.674992
-0.320312	0.617676	1.869629	-14.068702	-17.396947	55.969466	10.685153
-0.306152	0.429688	1.649902	-38.679389	-37.099237	63.923664	10.696092
-0.240234	0.098389	1.281738	-51.267176	-48.412214	78.725191	10.706300
-0.186523	-0.362061	0.577881	-56.740458	-49.389313	87.198473	10.716423
-0.073486	-0.946533	0.099121	-50.419847	-43.854962	84.221374	10.727236
-0.050293	-1.338135	-0.074951	-26.877863	-20.770992	70.748092	10.737853
-0.106445	-1.595947	-0.061768	-16.305344	-5.221374	34.465649	10.748033
-0.141357	-1.698730	0.075195	4.251908	19.335878	-7.854962	10.758405
-0.163818	-1.421143	0.210693	15.198473	39.000000	-66.145038	10.768920
-0.171875	-0.881348	0.521973	50.740458	46.816794	-96.526718	10.779442
-0.249268	-0.276123	1.028809	66.969466	57.312977	-113.198473	10.789826
-0.270508	0.423096	1.386963	57.610687	48.709924	-113.458015	10.800211
-0.311768	0.960449	1.808594	61.679389	36.488550	-78.992366	10.810520
-0.281250	1.207275	1.999939	22.091603	33.465649	-31.503817	10.820930
-0.347656	1.047852	1.999939	-5.244275	15.442748	3.770992	10.831786
-0.380127	0.818604	1.999939	-32.763359	-11.427481	27.862595	10.842038
-0.427979	0.717041	1.999939	-32.137405	-34.740458	49.641221	10.852218
-0.338379	0.539551	1.794189	-70.083969	-39.778626	58.442748	10.862041
-0.272461	0.219971	1.383789	-81.885496	-57.053435	82.580153	10.872889
-0.173340	-0.298096	0.569824	-63.923664	-74.015267	102.847328	10.883464
-0.044678	-0.892578	0.016113	-47.145038	-65.633588	102.916031	10.893767
0.032715	-1.535889	-0.383301	-17.320611	-45.862595	87.694656	10.904109
-0.010498	-1.964355	-0.375000	21.000000	-14.816794	38.786260	10.914401
-0.138672	-1.828613	0.123291	53.183206	12.053435	-22.290076	10.924917
-0.169922	-1.432129	0.378418	46.305344	36.007634	-69.465649	10.934548
-0.125977	-1.065186	0.427246	37.473282	43.717557	-103.381679	10.944006
-0.178467	-0.612793	0.636719	49.076336	52.687023	-123.221374	10.953549
-0.195312	0.025635	1.080322	37.175573	60.496183	-133.320611	10.962831
-0.310059	0.644531	1.485840	49.702290	50.908397	-110.740458	10.973688
-0.273926	0.968262	1.814453	32.961832	28.305344	-66.862595	10.985043
-0.283936	1.043213	1.999939	13.259542	20.595420	-28.755725	10.995190
-0.313477	0.889404	1.999939	-1.900763	10.770992	-0.366412	11.005147
-0.323242	0.757568	1.999939	-18.870229	-16.145038	20.251908	11.014997
-0.347412	0.696777	1.999939	-25.801527	-35.160305	41.396947	11.024832
-0.318604	0.642334	1.781738	-64.435115	-55.351145	54.809160	11.035976
-0.272217	0.358643	1.232910	-80.190840	-60.778626	74.396947	11.046462
-0.194336	-0.153076	0.720459	-78.603053	-68.320611	101.519084	11.056664
-0.112793	-0.722168	0.197754	-69.755725	-55.175573	106.595420	11.067123
-0.073242	-1.300781	-0.218018	-41.587786	-49.885496	92.778626	11.077404
-0.044678	-1.744385	-0.313965	-4.099237	-26.847328	61.679389	11.087439
-0.042969	-1.816162	-0.102051	21.534351	1.503817	11.854962	11.098058
-0.095947	-1.450684	0.195068	29.816794	22.587786	-46.473282	11.108431
-0.097656	-1.120850	0.330078	35.282443	36.908397	-80.068702	11.118544
-0.154297	-0.672852	0.478271	44.412214	48.381679	-106.572519	11.129155
-0.181152	-0.180664	0.793945	43.396947	66.145038	-122.114504	11.140024
-0.250000	0.408936	1.296387	52.633588	67.022901	-108.030534	11.150098
-0.274414	0.743896	1.743164	44.862595	61.877863	-70.916031	11.160088
-0.318115	0.841064	1.999939	33.465649	34.259542	-31.694656	11.170897
-0.365723	0.803711	1.999939	7.541985	18.847328	-13.221374	11.181070
-0.373047	0.778809	1.999939	-6.091603	-7.381679	10.717557	11.191839
-0.364746	0.781738	1.999939	-12.381679	-27.320611	41.229008	11.202251
-0.357422	0.676758	1.911621	-39.732824	-40.236641	61.809160	11.212571
-0.249512	0.395996	1.461914	-70.977099	-60.053435	80.290076	11.223153
-0.165039	-0.113525	0.863525	-82.450382	-65.564885	96.519084	11.233943
-0.116455	-0.573975	0.381348	-55.061069	-70.297710	106.236641	11.243947
-0.038330	-1.068359	-0.022217	-37.778626	-63.824427	96.984733	11.253612
-0.022705	-1.509766	-0.208008	-13.694656	-35.244275	74.587786	11.263419
-0.038330	-1.836182	-0.213867	14.908397	-3.259542	23.351145	11.274769
-0.046631	-1.610840	0.008789	35.969466	13.702290	-38.404580	11.285375
-0.125244	-1.116211	0.408936	40.473282	35.465649	-81.793893	11.295903
-0.241699	-0.696289	0.701660	61.557252	46.534351	-97.717557	11.306498
-0.220215	-0.166992	1.065430	40.610687	50.229008	-122.648855	11.316703
-0.265381	0.319580	1.462402	45.503817	45.916031	-111.900763	11.326907
-0.289795	0.773438	1.940186	26.251908	32.068702	-82.503817	11.337864
-0.319092	0.919434	1.999939	17.083969	17.061069	-40.969466	11.348481
-0.394287	0.899902	1.999939	-13.343511	-8.679389	-14.229008	11.358647
-0.339844	0.641602	1.999939	-28.458015	-33.427481	17.442748	11.369082
-0.314209	0.553955	1.902588	-16.778626	-53.687023	41.190840	11.379441
-0.263428	0.211670	1.527100	-41.091603	-73.160305	47.396947	11.389691
-0.105957	-0.045410	0.994873	-62.251908	-64.587786	49.641221	11.400206
-0.032227	-0.550293	0.414551	-47.442748	-72.152672	60.259542	11.410599
0.015381	-0.837402	0.137695	-23.847328	-67.122137	57.740458	11.421099
0.071045	-1.173584	-0.170166	-14.404580	-37.442748	36.083969	11.431831
0.060303	-1.319580	-0.198730	8.198473	-10.259542	12.473282	11.442033
0.047607	-1.124756	0.093994	23.541985	12.824427	-18.366412	11.452889
-0.017578	-0.911621	0.364502	22.793893	39.954198	-38.847328	11.462512
-0.031494	-0.714111	0.494141	28.206107	54.213740	-53.465649	11.472957
-0.116211	-0.343506	0.817383	40.320611	61.114504	-68.801527	11.483851
-0.202148	-0.023438	1.240479	39.404580	59.244275	-74.137405	11.494108
-0.312500	0.286133	1.563232	54.618321	47.351145	-65.274809	11.504199
-0.289062	0.597168	1.855469	30.290076	40.068702	-45.702290	11.514694
-0.303467	0.693115	1.999939	21.931298	23.992366	-16.847328	11.524741
-0.333496	0.642578	1.999939	-0.931298	3.381679	2.122137	11.534941
-0.333008	0.523193	1.999939	-7.519084	-16.519084	22.213740	11.544497
-0.319580	0.512207	1.864746	-6.007634	-30.412214	41.473282	11.554018
-0.213867	0.506348	1.287842	-46.893130	-34.435115	62.839695	11.567206
-0.138916	-0.197021	0.876953	-46.732824	-32.893130	84.954198	11.579064
-0.065430	-0.670410	0.503662	-42.603053	-36.068702	73.099237	11.589386
0.015381	-1.095947	0.170410	-18.824427	-32.068702	59.328244	11.599857
0.067139	-1.304199	-0.115479	15.587786	-12.274809	37.198473	11.610248
0.017090	-1.332520	0.021729	30.603053	4.122137	7.679389	11.620854
-0.051025	-1.200928	0.322021	40.908397	23.877863	-24.404580	11.630915
-0.108887	-0.987061	0.494873	37.175573	40.778626	-55.824427	11.641322
-0.110352	-0.708496	0.693604	37.236641	45.526718	-74.526718	11.650861
-0.191162	-0.274658	0.866211	55.801527	50.198473	-83.748092	11.661182
-0.225098	0.146240	1.309570	34.244275	53.221374	-84.259542	11.672153
-0.283447	0.490234	1.710205	32.167939	41.076336	-65.206107	11.683094
-0.339844	0.711426	1.999939	9.816794	31.717557	-43.625954	11.693410
-0.378174	0.732666	1.999939	-13.083969	4.580153	-22.740458	11.703891
-0.357422	0.695312	1.999939	-16.641221	-19.213740	3.343511	11.714172
-0.296631	0.711914	1.744629	-13.809160	-35.145038	31.091603	11.724260
-0.194336	0.414551	1.389160	-28.770992	-46.213740	57.877863	11.734947
-0.113037	0.111084	1.093262	-33.931298	-56.412214	68.702290	11.745358
-0.127197	-0.259033	0.708740	-32.717557	-48.038168	82.045802	11.755592
-0.060059	-0.808350	0.307129	-33.351145	-39.290076	69.992366	11.765684
0.011963	-1.117188	0.121094	-18.641221	-20.114504	40.351145	11.776999
0.025391	-1.118652	0.118408	8.374046	-5.183206	22.274809	11.787826
0.002930	-1.095703	0.169434	9.114504	16.366412	-1.938931	11.798645
0.012451	-1.154297	0.263916	9.809160	33.541985	-25.641221	11.809240
-0.095459	-0.911865	0.437988	31.198473	41.145038	-55.221374	11.819470
-0.151123	-0.673096	0.782715	54.022901	54.816794	-74.343511	11.829874
-0.155273	0.000488	1.067139	62.625954	42.961832	-80.595420	11.840343
-0.237549	0.368896	1.435303	53.465649	41.480916	-70.488550	11.850624
-0.294678	0.602051	1.832275	47.404580	31.419847	-47.381679	11.860522
-0.360840	0.738525	1.999939	31.541985	18.190840	-20.473282	11.871202
-0.352783	0.734863	1.999939	-6.946565	3.763359	-9.732824	11.881660
-0.330078	0.665527	1.999939	-12.847328	-23.129771	14.053435	11.891988
-0.312988	0.575684	1.864014	-14.229008	-36.641221	41.267176	11.902588
-0.268799	0.459473	1.558594	-39.053435	-47.419847	53.343511	11.912611
-0.171143	0.171875	1.173340	-66.503817	-51.877863	55.557252	11.923445
-0.116699	-0.299561	0.808838	-68.045802	-47.633588	66.351145	11.933750
-0.023926	-0.768311	0.308350	-42.679389	-54.633588	63.801527	11.943730
0.036377	-1.108154	-0.097900	-15.938931	-35.770992	46.106870	11.954903
0.059082	-1.183105	-0.142578	33.549618	-7.381679	42.877863	11.965157
0.038574	-1.185547	0.075439	23.557252	17.572519	17.480916	11.975259
-0.086914	-1.249268	0.342773	29.557252	33.526718	-16.229008	11.985977
-0.102051	-0.989502	0.503418	21.351145	48.343511	-57.625954	11.996431
-0.187744	-0.542969	0.764893	43.580153	53.916031	-72.229008	12.006603
-0.203369	-0.010010	1.047607	38.931298	54.770992	-78.534351	12.017075
-0.248291	0.359375	1.391357	28.038168	62.465649	-63.641221	12.027609
-0.299316	0.531738	1.736084	9.282443	55.221374	-44.610687	12.038149
-0.385254	0.608643	1.999939	1.167939	34.862595	-27.427481	12.048726
-0.409668	0.715332	1.999939	-8.549618	8.167939	-11.496183	12.058770
-0.389893	0.752197	1.999939	-20.305344	-15.038168	8.351145	12.068547
-0.335938	0.643555	1.880127	-10.832061	-35.564885	42.145038	12.079382
-0.303711	0.425293	1.661133	-18.893130	-47.862595	57.961832	12.089867
-0.226318	0.167236	1.334961	-53.595420	-63.175573	54.038168	12.099984
-0.193604	-0.242676	0.938721	-42.824427	-57.809160	71.236641	12.110542
-0.101318	-0.641357	0.483154	-38.335878	-64.961832	65.740458	12.120925
-0.007568	-0.872803	0.145264	-19.534351	-49.709924	49.465649	12.131461
0.106689	-1.005615	-0.165283	-23.709924	-25.770992	35.992366	12.141049
0.044434	-1.246338	-0.210449	12.419847	15.251908	40.511450	12.150598
0.025146	-1.261475	0.011475	9.396947	32.511450	6.320611	12.160745
-0.062988	-1.324219	0.335449	14.267176	42.671756	-30.129771	12.170637
-0.173828	-0.911377	0.559570	47.183206	47.160305	-76.061069	12.182225
-0.275391	-0.515869	0.979980	73.419847	40.305344	-93.641221	12.193014
-0.236084	0.018555	1.414551	56.312977	31.083969	-109.862595	12.203204
-0.263428	0.548828	1.553223	59.061069	20.358779	-89.351145	12.213632
-0.219727	0.842529	1.733643	30.786260	23.595420	-57.625954	12.223820
-0.357422	0.820801	1.976562	9.969466	2.877863	-33.068702	12.234250
-0.339600	0.662598	1.999939	-8.022901	-10.000000	-14.038168	12.244663
-0.286865	0.683105	1.785156	-2.923664	-33.442748	9.770992	12.255172
-0.295166	0.455078	1.682373	-1.458015	-37.534351	39.213740	12.265311
-0.248779	0.235352	1.387695	-8.732824	-47.755725	48.687023	12.275678
-0.089355	-0.037354	0.883789	-20.694656	-50.450382	54.412214	12.285565
-0.025879	-0.486084	0.416992	-21.969466	-42.946565	61.717557	12.295301
0.020264	-0.882568	0.217041	-9.099237	-35.290076	59.740458	12.304887
0.006836	-1.296387	0.152100	-6.282443	-10.106870	35.137405	12.316274
-0.038818	-1.397705	0.189453	11.343511	13.717557	2.801527	12.326305
-0.098633	-1.104004	0.446289	16.190840	34.832061	-35.740458	12.337129
-0.075195	-0.683105	0.609863	5.358779	40.625954	-59.809160	12.347091
-0.238770	-0.308105	0.795166	36.763359	42.290076	-63.083969	12.357579
-0.161621	0.030518	1.124268	9.709924	54.267176	-64.305344	12.368417
-0.194336	0.309570	1.414062	15.793893	45.992366	-55.122137	12.378607
-0.248047	0.577393	1.697754	7.190840	31.396947	-39.687023	12.388871
-0.290771	0.635742	1.948242	-2.251908	17.305344	-19.106870	12.399493
-0.291748	0.716309	1.950439	-2.274809	-1.244275	3.519084	12.409846
-0.304932	0.659668	1.889893	-15.183206	-12.854962	20.992366	12.420340
-0.248291	0.536621	1.858643	-33.923664	-31.167939	40.969466	12.431228
-0.261230	0.463379	1.663086	-22.725191	-48.366412	60.877863	12.441614
-0.138916	0.235107	1.220459	-57.679389	-65.946565	66.045802	12.451919
-0.149902	-0.397461	0.562744	-51.404580	-57.847328	80.351145	12.462501
0.002686	-0.866943	0.125977	-31.045802	-49.786260	75.908397	12.472856
0.072754	-1.119629	-0.039551	-0.847328	-39.015267	59.442748	12.483171
0.033691	-1.366455	0.036621	16.732824	2.847328	35.519084	12.493573
-0.031006	-1.356201	0.269287	1.251908	20.412214	-0.236641	12.503814
-0.078857	-1.368164	0.479736	-10.480916	36.351145	-45.816794	12.514298
-0.083496	-1.003662	0.567871	3.290076	36.618321	-78.045802	12.524600
-0.156738	-0.650879	0.632324	34.748092	49.832061	-93.236641	12.535244
-0.187012	-0.075684	0.948486	38.969466	56.717557	-97.206107	12.545685
-0.208984	0.428711	1.281982	60.862595	56.251908	-68.404580	12.555666
-0.250977	0.830322	1.717529	41.885496	35.427481	-46.335878	12.566413
-0.326416	0.815186	1.963379	42.877863	25.801527	-14.129771	12.576776
-0.342285	0.859863	1.999939	-3.610687	11.290076	-2.923664	12.586931
-0.355225	0.755859	1.999939	-3.572519	-10.633588	25.259542	12.597477
-0.343262	0.781982	1.986572	-26.977099	-25.167939	45.465649	12.607912
-0.373047	0.657959	1.788818	-56.282443	-42.763359	57.099237	12.617928
-0.230957	0.293701	1.289795	-83.122137	-42.366412	66.465649	12.628370
-0.161621	-0.056152	0.784180	-69.374046	-52.419847	96.534351	12.638776
-0.034180	-0.678711	0.226318	-63.213740	-53.290076	96.251908	12.648800
-0.007080	-0.958740	0.015625	-18.045802	-44.702290	96.801527	12.658600
-0.044678	-1.312988	-0.004150	-5.480916	-33.221374	83.984733	12.669494
-0.030273	-1.486328	0.069580	9.343511	-6.244275	60.396947	12.680134
-0.079102	-1.519531	0.202881	4.274809	8.969466	18.702290	12.690195
-0.135986	-1.483643	0.311523	2.282443	25.625954	-37.114504	12.701150
-0.113770	-1.047607	0.432617	13.473282	39.656489	-81.335878	12.711570
-0.213379	-0.612061	0.731445	42.549618	45.580153	-99.923664	12.721992
-0.179688	0.093750	1.045166	36.358779	45.106870	-117.854962	12.732340
-0.228516	0.583740	1.403076	45.190840	49.969466	-90.702290	12.742895
-0.258789	0.832031	1.859863	20.099237	47.572519	-59.679389	12.753053
-0.297607	0.914795	1.999939	4.183206	27.259542	-35.984733	12.762953
-0.319092	0.849365	1.999939	-12.954198	8.282443	-9.022901	12.773593
-0.344727	0.727783	1.999939	-18.198473	-14.068702	16.832061	12.784062
-0.300781	0.653564	1.972412	-27.251908	-37.221374	44.366412	12.793828
-0.319824	0.561768	1.650879	-19.648855	-61.587786	66.366412	12.804645
-0.231934	0.331299	1.345215	-61.091603	-63.671756	65.091603	12.814822
-0.151123	-0.119629	0.781250	-57.740458	-53.748092	82.625954	12.825479
-0.071777	-0.558105	0.362305	-40.496183	-60.259542	80.992366	12.835971
-0.047363	-0.920654	0.163574	-14.335878	-47.648855	71.801527	12.846263
-0.002930	-1.243896	0.083008	-21.480916	-22.862595	50.167939	12.856360
-0.014160	-1.483643	0.059326	10.358779	-11.038168	28.519084	12.866842
-0.070801	-1.478760	0.137695	22.694656	10.854962	-8.595420	12.876833
-0.065430	-1.282471	0.198486	19.801527	29.496183	-48.129771	12.886711
-0.059326	-0.999512	0.342773	31.595420	38.961832	-75.442748	12.897108
-0.170166	-0.602295	0.672852	66.977099	46.022901	-89.358779	12.907961
-0.202393	-0.041504	1.056396	69.305344	46.618321	-93.557252	12.918208
-0.215576	0.410645	1.465088	56.366412	45.763359	-77.633588	12.928018
-0.250732	0.734375	1.838623	30.763359	40.564885	-53.572519	12.938425
-0.276611	0.682617	1.999939	-4.916031	9.664122	-33.236641	12.948620
-0.270508	0.680664	1.999939	-13.282443	0.557252	-10.419847	12.959075
-0.295654	0.678467	1.999939	-33.549618	-7.839695	4.091603	12.969650
-0.296387	0.646484	1.854980	-37.862595	-20.358779	25.274809	12.980283
-0.329346	0.444336	1.812012	-36.480916	-37.473282	49.282443	12.990608
-0.248291	0.342529	1.490967	-33.809160	-57.503817	61.938931	13.001023
-0.099121	-0.010010	0.788330	-50.625954	-64.419847	72.229008	13.011731
-0.020508	-0.508301	0.253662	-18.549618	-63.442748	94.137405	13.022240
-0.028809	-1.125488	0.031494	-5.244275	-40.290076	78.633588	13.033013
0.023193	-1.380127	0.064941	0.648855	-9.778626	51.946565	13.043562
-0.031982	-1.406738	0.159668	6.412214	6.725191	21.198473	13.053522
-0.048096	-1.361572	0.204102	-6.786260	23.992366	-24.328244	13.063232
-0.066162	-1.070068	0.329346	0.755725	40.137405	-58.702290	13.073993
-0.113281	-0.647949	0.618164	16.992366	45.305344	-83.282443	13.084675
-0.238770	-0.143799	0.975342	59.030534	39.862595	-82.145038	13.094810
-0.180664	0.337158	1.302734	52.671756	47.503817	-67.526718	13.105000
-0.216064	0.526855	1.631104	52.083969	37.190840	-44.045802	13.115383
