-0.305420	-0.714844	0.968018	-23.312977	250.129771	90.083969	0.004233
-0.192383	-1.234131	1.999939	61.274809	224.465649	68.725191	0.012813
0.021729	-1.615234	1.999939	80.503817	46.572519	14.458015	0.021025
-0.050049	-1.225586	1.999939	74.152672	-124.229008	-67.618321	0.029199
-0.130371	-0.739746	1.999939	23.114504	-250.137405	-102.274809	0.037611
-0.368164	-0.640625	1.999939	-12.725191	-250.137405	-126.366412	0.045948
-0.337402	-0.456787	1.318359	5.374046	-250.137405	-143.053435	0.054409
-0.192383	0.009766	0.221191	0.137405	-250.137405	-107.503817	0.062634
-0.262695	0.398438	-1.535889	-28.549618	-250.137405	-47.320611	0.070894
-0.097168	0.963135	-2.000000	-63.877863	-14.809160	33.259542	0.079078
-0.400879	1.077148	-2.000000	-88.778626	250.129771	89.061069	0.087445
-0.543457	0.599854	-1.898193	-88.427481	250.129771	117.251908	0.095611
-0.458496	-0.163086	0.247559	-69.954198	250.129771	107.580153	0.104479
-0.300781	-0.960693	1.744873	-6.824427	250.129771	91.396947	0.114686
-0.052734	-1.255859	1.999939	49.114504	190.419847	46.061069	0.124176
0.077393	-1.206787	1.999939	51.480916	-3.732824	-14.290076	0.133730
-0.102783	-0.945801	1.999939	31.900763	-216.129771	-91.923664	0.143496
-0.226807	-0.735107	1.999939	11.954198	-250.137405	-134.664122	0.153076
-0.251709	-0.534668	1.176758	43.183206	-250.137405	-147.625954	0.162814
-0.108154	0.097656	-0.171875	52.694656	-250.137405	-97.076336	0.172161
-0.127197	0.656494	-1.323975	31.977099	-193.519084	-10.931298	0.181565
-0.224365	1.333984	-2.000000	-46.358779	74.267176	82.045802	0.190992
-0.520996	0.631104	-1.968506	-98.923664	250.129771	116.015267	0.200190
-0.448975	-0.010742	-0.139404	-120.022901	250.129771	93.435115	0.210177
-0.161133	-0.650146	1.359131	-39.847328	250.129771	83.839695	0.219672
-0.040283	-1.215576	1.999939	20.778626	171.305344	60.480916	0.228995
0.093750	-1.338379	1.999939	27.145038	23.610687	0.183206	0.238609
0.079346	-0.803711	1.999939	18.465649	-121.236641	-55.900763	0.248179
-0.104248	-0.554688	1.999939	-0.687023	-235.183206	-81.061069	0.257929
-0.215332	-0.296387	1.152588	21.160305	-250.137405	-91.664122	0.267070
-0.063965	-0.108643	0.558105	44.809160	-250.137405	-77.038168	0.276156
0.004883	0.275391	-0.610352	25.664122	-196.198473	-23.053435	0.285434
0.054688	0.926270	-2.000000	-7.992366	53.206107	63.358779	0.295120
-0.513428	0.875732	-2.000000	-83.274809	250.129771	142.603053	0.304822
-0.517578	0.028076	-0.243896	-95.412214	250.129771	126.946565	0.314638
-0.294678	-0.645264	1.190674	-40.702290	250.129771	112.664122	0.324139
-0.143311	-1.226074	1.999939	17.664122	225.320611	89.763359	0.333175
-0.016602	-1.530518	1.999939	30.129771	75.473282	20.969466	0.342875
-0.063477	-1.186768	1.999939	23.625954	-91.145038	-63.709924	0.352520
-0.254150	-0.862549	1.999939	8.526718	-250.137405	-117.061069	0.362899
-0.258545	-0.576904	1.482666	51.816794	-250.137405	-150.755725	0.375082
-0.130127	0.372559	-0.647217	47.221374	-250.137405	-92.122137	0.386830
-0.074951	1.299072	-2.000000	-9.832061	56.145038	52.694656	0.397957
-0.493408	1.022949	-2.000000	-93.534351	250.129771	136.572519	0.410765
-0.502686	-0.275391	0.217041	-92.854962	250.129771	127.793893	0.422495
-0.412354	-1.276611	1.786621	-15.625954	250.129771	114.251908	0.434460
-0.248535	-1.389648	1.999939	48.030534	182.908397	40.221374	0.446521
-0.150391	-0.974365	1.999939	22.977099	-19.053435	-37.053435	0.458518
-0.258545	-0.658203	1.999939	12.908397	-250.137405	-104.717557	0.470529
-0.312988	-0.717041	1.689209	42.847328	-250.137405	-129.625954	0.482174
-0.176270	-0.105957	0.410400	54.061069	-250.137405	-125.893130	0.494561
-0.065918	0.758545	-2.000000	6.480916	-129.877863	-24.030534	0.506390
-0.390869	1.265625	-2.000000	-48.282443	246.099237	96.793893	0.518313
-0.543213	0.488770	-1.018799	-88.251908	250.129771	131.297710	0.530212
-0.481201	-0.605469	0.977295	-24.244275	250.129771	141.793893	0.543870
-0.336182	-1.295654	1.999939	26.000000	250.129771	84.076336	0.556507
-0.181152	-1.182861	1.999939	8.740458	49.900763	13.076336	0.567585
-0.371338	-1.117920	1.999939	-10.251908	-185.488550	-71.335878	0.578289
-0.432373	-0.869873	1.999939	-2.458015	-250.137405	-127.687023	0.589128
-0.508301	-0.431152	1.309814	59.816794	-250.137405	-157.908397	0.602593
-0.215820	0.156494	-0.449951	27.908397	-250.137405	-108.442748	0.615144
-0.171143	1.099854	-2.000000	-30.183206	-30.740458	13.374046	0.627502
-0.466797	1.316406	-2.000000	-70.290076	250.129771	101.938931	0.639185
-0.741943	0.362549	-1.117432	-61.870229	250.129771	170.656489	0.651707
-0.728271	-0.709229	0.605713	-0.389313	250.129771	179.534351	0.663703
-0.439209	-1.441895	1.999939	77.473282	250.129771	93.015267	0.675667
-0.293457	-1.311768	1.999939	63.755725	23.625954	25.656489	0.687275
-0.307373	-1.047119	1.999939	49.954198	-222.312977	-89.625954	0.698633
-0.362793	-0.890869	1.999939	53.633588	-250.137405	-145.160305	0.710941
-0.458740	-0.208496	1.675781	79.969466	-250.137405	-145.671756	0.723369
-0.300293	0.411621	-0.461426	8.694656	-250.137405	-49.862595	0.735373
-0.370361	0.711914	-2.000000	-89.755725	47.473282	55.809160	0.747526
-0.481934	0.660400	-1.514893	-104.343511	180.908397	47.992366	0.758550
-0.331055	-0.212402	-0.991943	-87.496183	185.282443	51.488550	0.768697
-0.183838	-0.248535	0.328369	51.366412	207.610687	64.106870	0.779193
-0.258789	-0.693848	1.437256	74.374046	157.259542	53.786260	0.789049
-0.055176	-0.334717	1.583252	83.198473	130.068702	32.519084	0.799304
-0.098877	-0.122314	1.703369	64.763359	107.610687	34.305344	0.809863
-0.086914	-0.363281	1.501221	16.167939	63.809160	36.679389	0.820308
-0.150146	-0.374268	1.050049	14.702290	61.587786	20.809160	0.830574
-0.195801	-0.401855	1.233643	9.954198	59.244275	24.488550	0.840857
-0.182373	-0.423340	1.478760	0.770992	44.007634	15.633588	0.851437
-0.233643	-0.433105	1.642822	-9.969466	22.969466	2.717557	0.861630
-0.252930	-0.289062	1.788086	-11.977099	-31.618321	-16.175573	0.871239
-0.254639	-0.254395	1.482422	-22.610687	-78.763359	-16.916031	0.881573
-0.267090	-0.161377	0.903564	-21.030534	-80.091603	-20.740458	0.891498
-0.303711	-0.149414	0.347412	-18.236641	-85.175573	-27.274809	0.902458
-0.208984	-0.135498	-0.697021	-21.954198	-20.442748	-14.916031	0.912627
-0.321533	0.337402	-1.312256	9.358779	121.557252	10.229008	0.923104
-0.326660	0.425293	-0.530518	6.549618	235.366412	69.641221	0.933268
-0.416504	-0.009277	0.342041	3.473282	250.129771	81.503817	0.943691
-0.382324	-0.575195	1.680908	-24.473282	250.129771	63.954198	0.954324
-0.318115	-0.743164	1.999939	55.389313	165.725191	25.450382	0.964614
-0.292480	-0.488281	1.999939	-18.099237	67.511450	-1.053435	0.974941
-0.425537	-0.605957	1.999939	-19.091603	-76.061069	-41.877863	0.985421
-0.531738	-0.727295	1.999939	-34.778626	-192.755725	-63.839695	0.995497
-0.595703	-0.498535	1.999939	-27.381679	-250.137405	-89.480916	1.005905
-0.636475	-0.620850	1.579346	-36.900763	-250.137405	-120.167939	1.015897
-0.422852	-0.193604	-0.795898	-51.961832	-250.137405	-123.076336	1.025865
-0.162109	0.711426	-2.000000	-37.992366	-100.000000	-53.122137	1.036596
-0.260010	1.390137	-2.000000	9.335878	169.366412	22.969466	1.047103
-0.485107	0.786133	-2.000000	-20.938931	250.129771	99.381679	1.057549
-0.631592	-0.225098	-0.130615	4.167939	250.129771	115.236641	1.068261
-0.836426	-0.657227	1.279541	53.496183	250.129771	106.618321	1.078778
-0.508545	-0.977539	1.999939	81.900763	250.129771	109.740458	1.088890
-0.399902	-1.074951	1.999939	83.580153	73.541985	35.671756	1.099101
-0.540527	-0.890869	1.999939	36.916031	-130.076336	-84.244275	1.109528
-0.517578	-0.349609	1.999939	6.122137	-250.137405	-110.923664	1.119823
-0.511230	-0.087646	1.999939	18.183206	-250.137405	-126.068702	1.130151
-0.380371	0.049072	0.984619	-30.893130	-250.137405	-67.213740	1.140624
-0.364258	-0.024170	-1.450928	-98.740458	-241.175573	-28.923664	1.150804
-0.434814	0.600342	-2.000000	-86.267176	6.404580	-26.740458	1.160537
-0.534912	0.906982	-2.000000	-13.183206	152.984733	6.450382	1.170484
-0.298584	0.478027	-0.807617	8.473282	203.083969	90.305344	1.181514
-0.452881	-0.628418	0.795410	51.961832	233.267176	72.564885	1.191741
-0.334961	-0.423828	1.735840	62.000000	205.809160	49.328244	1.201566
-0.184570	-1.029541	1.999939	80.870229	84.129771	46.587786	1.212528
-0.248779	-0.988525	1.999939	-11.625954	-78.625954	-43.465649	1.222950
-0.370850	-0.747803	1.999939	-15.908397	-250.137405	-97.122137	1.233907
-0.406494	-0.434814	1.999939	1.946565	-250.137405	-111.106870	1.244537
-0.461426	0.211182	-0.224609	-41.778626	-250.137405	-58.969466	1.254520
-0.133301	0.523926	-1.650146	-83.870229	-70.465649	11.541985	1.265210
-0.377441	0.711914	-2.000000	-59.992366	78.022901	26.862595	1.275584
-0.346436	0.785645	-2.000000	-26.748092	185.137405	49.221374	1.285930
-0.596191	-0.093994	-0.572266	18.351145	250.129771	86.877863	1.295975
-0.415039	-0.668701	1.155518	75.603053	250.129771	74.183206	1.306466
-0.246582	-0.446777	1.999939	108.954198	211.030534	57.137405	1.316800
-0.200684	-0.885498	1.999939	41.709924	61.251908	31.190840	1.326703
-0.227783	-1.231689	1.999939	-25.702290	-112.175573	-52.923664	1.337466
-0.291504	-0.812012	1.999939	-13.648855	-250.137405	-89.916031	1.347636
-0.429199	-0.331787	1.999939	-17.374046	-250.137405	-94.679389	1.358479
-0.463623	0.253418	0.239990	-68.893130	-250.137405	-55.389313	1.368824
-0.309814	0.470703	-0.920166	-119.984733	-63.320611	18.083969	1.379346
-0.441895	0.289062	-1.505615	-122.847328	50.977099	15.534351	1.389828
-0.412354	0.287109	-1.990967	-75.587786	94.641221	-5.633588	1.400118
-0.345947	0.105469	-0.414307	15.549618	164.328244	49.343511	1.410619
-0.261719	-0.445801	1.111816	77.511450	129.961832	34.732824	1.420988
-0.123535	-0.013672	1.364258	81.580153	137.801527	36.312977	1.431174
-0.121826	-0.510498	1.999939	54.190840	93.396947	63.083969	1.441915
-0.049316	-1.300293	1.999939	-0.358779	-26.183206	-4.801527	1.452216
-0.278564	-1.094238	1.999939	-25.564885	-154.847328	-84.610687	1.462853
-0.223877	-0.286133	1.999939	-53.404580	-236.343511	-89.335878	1.472577
-0.427734	-0.017090	0.931641	-34.030534	-230.893130	-62.572519	1.482678
-0.250244	0.092529	-0.041504	-97.687023	-101.358779	-3.160305	1.492786
-0.328613	0.195557	-1.343506	-98.763359	16.893130	-11.381679	1.503478
-0.353271	0.280518	-1.708740	-72.145038	84.068702	-25.847328	1.513830
-0.300049	0.737793	-1.541504	33.030534	116.442748	31.610687	1.524042
-0.417725	-0.082275	0.041016	80.007634	175.580153	83.587786	1.533950
-0.145996	-0.121582	1.275635	99.450382	164.664122	47.022901	1.544728
-0.171875	-0.164795	1.999939	121.580153	144.015267	44.931298	1.555452
-0.079102	-0.951660	1.999939	-2.549618	47.564885	22.129771	1.565316
-0.136230	-1.554199	1.999939	-51.175573	-115.320611	-74.015267	1.575793
-0.268555	-0.962402	1.999939	-1.862595	-236.793893	-97.564885	1.586220
-0.383789	0.058105	0.615723	-24.893130	-232.694656	-67.244275	1.596459
-0.237549	0.539307	-0.783691	-102.496183	-34.679389	19.473282	1.606752
-0.229492	0.326904	-1.379150	-104.389313	119.328244	11.816794	1.617464
-0.245850	0.802734	-2.000000	-71.938931	163.412214	23.328244	1.627714
-0.204346	0.531982	-1.729980	32.977099	227.419847	91.587786	1.638257
-0.515869	-0.356934	0.375488	127.183206	219.076336	91.633588	1.648918
-0.377441	0.104980	1.706055	194.251908	249.480916	69.702290	1.659269
-0.497070	-0.346924	1.999939	144.503817	167.358779	53.145038	1.669053
-0.353027	-1.915283	1.999939	-84.251908	-44.381679	20.816794	1.678912
-0.345459	-1.692627	1.999939	-14.770992	-250.137405	-132.282443	1.689633
-0.690674	-0.697998	1.999939	-11.007634	-250.137405	-149.419847	1.700222
-0.676270	-0.045410	1.081055	-11.244275	-250.137405	-133.763359	1.710531
-0.499268	0.665527	-0.975586	-81.374046	-239.328244	-41.702290	1.720945
-0.317383	0.857910	-1.451416	-136.900763	100.473282	89.595420	1.731483
-0.208740	0.548828	-2.000000	-105.488550	149.030534	25.190840	1.742015
-0.093994	0.779785	-2.000000	-40.847328	167.259542	48.801527	1.752143
-0.446533	0.048828	-0.275391	60.099237	201.335878	117.160305	1.761613
-0.323975	-0.575439	0.793945	142.099237	127.122137	81.732824	1.771174
-0.212158	0.258057	1.279541	182.305344	182.824427	45.458015	1.780871
-0.333984	-0.160156	1.999939	117.625954	113.832061	64.664122	1.791736
-0.085205	-1.530273	1.999939	-125.305344	-79.404580	19.160305	1.802734
-0.343750	-1.911621	1.999939	-6.732824	-250.137405	-107.885496	1.812943
-0.330811	-0.877441	1.999939	-55.564885	-250.137405	-120.022901	1.823993
-0.338379	0.336182	0.104980	-59.450382	-250.137405	-94.709924	1.834045
-0.356201	0.951416	-1.511963	-161.145038	50.748092	22.450382	1.845300
-0.448975	0.860840	-2.000000	-113.854962	181.503817	39.603053	1.856122
-0.416016	0.620605	-2.000000	-45.519084	180.305344	76.885496	1.865779
-0.410889	-0.016846	-0.616943	64.862595	234.664122	99.587786	1.875583
-0.338623	-0.262207	0.928955	139.183206	199.847328	46.984733	1.886640
-0.129395	0.378174	1.999939	150.320611	202.183206	28.343511	1.897078
-0.233887	-0.836182	1.999939	75.519084	58.366412	74.946565	1.907619
0.036865	-1.683350	1.999939	-48.557252	-88.679389	-27.038168	1.917303
-0.321777	-1.706299	1.999939	-20.007634	-247.015267	-114.511450	1.928129
-0.356934	-0.703369	1.978027	-40.259542	-250.137405	-118.267176	1.938161
-0.382812	0.576904	-0.283203	-71.160305	-226.648855	-60.534351	1.948632
-0.423828	0.999268	-1.304932	-139.687023	72.557252	55.564885	1.959259
-0.316895	0.651855	-2.000000	-125.961832	130.282443	19.396947	1.969544
-0.306152	0.391113	-2.000000	-32.748092	174.427481	58.839695	1.980435
-0.448486	-0.042725	-0.118652	92.358779	213.862595	104.763359	1.990735
-0.410645	-0.110352	1.149658	157.648855	171.916031	52.404580	2.001219
-0.228516	0.232178	1.999939	146.824427	181.244275	50.877863	2.011374
-0.409912	-0.958008	1.999939	53.885496	22.885496	52.473282	2.022317
-0.276123	-1.929199	1.999939	-45.053435	-143.740458	-26.198473	2.032881
-0.339600	-1.510986	1.999939	-7.893130	-250.137405	-122.190840	2.042761
-0.402100	-0.214355	1.570068	-23.251908	-250.137405	-102.374046	2.052287
-0.415771	0.656982	-0.028564	-28.824427	-237.221374	-55.450382	2.061761
-0.315430	0.520752	-0.643066	-117.404580	-47.931298	28.236641	2.071111
-0.293701	0.560059	-1.780273	-102.175573	76.213740	16.290076	2.081417
-0.389648	0.496582	-2.000000	-51.022901	133.259542	19.328244	2.091028
-0.377686	0.205322	-0.566650	93.618321	195.213740	85.740458	2.102649
-0.309570	-0.402832	0.992188	145.992366	165.267176	57.587786	2.112993
-0.214355	0.177979	1.582031	127.801527	204.641221	32.801527	2.122662
-0.371826	-0.373779	1.999939	81.580153	136.702290	72.603053	2.133346
-0.150146	-1.343506	1.999939	-44.297710	0.213740	38.145038	2.143544
-0.249023	-1.529053	1.999939	7.145038	-165.351145	-64.664122	2.154481
-0.364014	-0.842041	1.999939	-24.923664	-250.137405	-93.587786	2.164961
-0.501465	-0.074951	1.281738	-33.717557	-250.137405	-91.366412	2.174912
-0.352539	0.614746	-0.882568	-116.366412	-163.931298	-9.839695	2.185565
-0.375732	0.896484	-2.000000	-148.977099	120.351145	67.519084	2.195520
-0.389893	0.810303	-2.000000	-96.923664	213.786260	43.343511	2.206030
-0.357422	-0.056152	-1.737549	2.534351	250.129771	92.480916	2.216584
-0.513428	-0.671143	0.600586	125.770992	246.549618	94.274809	2.227239
-0.361084	0.051025	1.999939	161.496183	250.129771	38.969466	2.237416
-0.414551	-0.007812	1.999939	99.870229	150.984733	46.854962	2.247459
-0.260498	-1.323242	1.999939	-61.244275	-111.198473	-6.580153	2.258349
-0.408691	-1.566650	1.999939	3.312977	-250.137405	-107.251908	2.268608
-0.520508	-0.931396	1.999939	-26.267176	-250.137405	-141.045802	2.278947
-0.571533	-0.223877	1.250732	-54.740458	-250.137405	-125.488550	2.289178
-0.437744	0.606689	-1.039795	-111.732824	-250.137405	-41.259542	2.299688
-0.407471	0.790039	-2.000000	-184.847328	126.862595	66.748092	2.310373
-0.339844	0.762207	-2.000000	-105.007634	224.236641	24.748092	2.320752
-0.263184	0.471924	-1.749268	1.282443	221.343511	73.267176	2.331294
-0.550781	-0.195557	0.077393	94.519084	184.801527	96.961832	2.341801
-0.288818	-0.157227	0.934814	151.877863	198.312977	58.824427	2.352074
-0.254150	0.127441	1.999939	157.259542	211.977099	46.526718	2.362670
-0.246094	-0.921875	1.999939	27.488550	51.938931	57.068702	2.373061
-0.286621	-1.671387	1.999939	-15.534351	-148.274809	-37.564885	2.383409
-0.350342	-1.420166	1.999939	-9.068702	-250.137405	-105.061069	2.393704
-0.330566	-0.397705	1.931641	-23.351145	-250.137405	-98.099237	2.404209
-0.419189	0.536621	-0.159912	-54.778626	-250.137405	-55.641221	2.414737
-0.212891	0.964600	-1.724365	-144.320611	40.969466	71.335878	2.424970
-0.421631	0.669434	-1.957275	-116.961832	227.320611	60.541985	2.435515
-0.372070	0.426514	-2.000000	-74.473282	204.862595	98.885496	2.445980
-0.601074	-0.228760	-0.122803	94.358779	228.793893	100.244275	2.457443
-0.392822	-0.563965	1.860352	163.801527	193.114504	46.152672	2.467893
-0.280762	0.057861	1.999939	141.190840	126.984733	15.519084	2.478191
-0.454102	-0.634521	1.999939	19.709924	-28.870229	10.839695	2.488135
-0.482178	-1.947510	1.999939	-48.992366	-184.687023	-48.786260	2.498903
-0.411865	-1.335205	1.999939	-37.961832	-250.137405	-125.229008	2.508723
-0.644775	-0.533936	1.999939	-6.381679	-250.137405	-129.458015	2.518357
-0.524170	0.413574	-0.067383	-68.473282	-250.137405	-76.458015	2.528660
-0.179443	1.323486	-2.000000	-174.022901	79.694656	71.190840	2.540170
-0.532471	1.551758	-2.000000	-102.175573	250.129771	103.312977	2.550652
-0.638428	0.046875	-1.853516	-50.671756	250.129771	180.572519	2.563917
-0.970215	-0.879150	0.231201	133.740458	250.129771	187.435115	2.574388
-0.856445	-0.117920	1.999939	239.419847	250.129771	102.885496	2.584532
-0.807861	-0.115479	1.999939	172.717557	204.374046	83.114504	2.595142
-0.762939	-1.462891	1.999939	6.938931	-24.595420	-0.106870	2.605628
-0.720703	-2.000000	1.999939	-8.839695	-250.137405	-97.038168	2.615983
-0.853760	-1.178467	1.999939	6.267176	-250.137405	-161.541985	2.626241
-0.908936	-0.157959	1.258301	-40.702290	-250.137405	-142.061069	2.636834
-0.700928	0.717529	-1.320312	-78.389313	-250.137405	-79.229008	2.647162
-0.461670	1.256104	-2.000000	-202.969466	117.106870	65.862595	2.657342
-0.237305	0.725098	-2.000000	-122.412214	250.129771	66.625954	2.667952
-0.051025	0.567383	-2.000000	-46.908397	250.129771	113.671756	2.678375
-0.401123	0.146729	-0.426270	88.305344	250.129771	131.091603	2.688598
-0.760010	-0.302979	0.713623	144.145038	193.282443	108.557252	2.699396
-0.615234	-0.000244	1.999939	210.015267	214.465649	61.580153	2.710089
-0.854980	-0.925049	1.999939	99.007634	29.412214	28.167939	2.720493
-0.843750	-1.323975	1.999939	-43.900763	-206.374046	-120.358779	2.730817
-0.899658	-2.000000	1.999939	-6.419847	-250.137405	-125.335878	2.741113
-0.727783	-0.751953	1.999939	-22.213740	-250.137405	-188.519084	2.750907
-0.773682	0.165527	0.229736	-112.709924	-250.137405	-126.320611	2.760677
-0.410645	1.193848	-2.000000	-195.229008	11.106870	65.519084	2.771942
-0.334717	1.273193	-2.000000	-136.725191	250.129771	124.206107	2.782202
-0.071045	0.798584	-2.000000	-53.076336	250.129771	109.175573	2.792551
-0.441895	-0.004395	-1.349121	50.099237	250.129771	94.648855	2.802476
-1.013672	-0.572510	0.904053	181.900763	229.679389	95.877863	2.813168
-0.742676	0.015625	1.999939	250.129771	186.603053	26.603053	2.823731
-1.035645	-0.857422	1.999939	82.427481	-57.564885	-9.557252	2.834072
-0.914551	-1.411377	1.999939	-102.580153	-250.137405	-157.961832	2.844533
-1.225586	-1.869629	1.999939	-39.290076	-250.137405	-208.740458	2.854987
-0.741699	-0.567383	1.278809	-64.480916	-250.137405	-239.320611	2.865246
-0.479492	1.062500	-2.000000	-104.480916	-250.137405	-84.748092	2.875773
-0.626709	1.999939	-2.000000	-184.320611	250.129771	181.465649	2.886013
0.110596	0.939697	-2.000000	-158.931298	250.129771	154.396947	2.896394
0.055664	0.274658	-2.000000	-64.419847	250.129771	138.748092	2.906868
-0.586670	0.012939	-0.573730	63.488550	250.129771	138.488550	2.916983
-0.840088	-0.119385	0.843750	146.152672	250.129771	133.145038	2.927353
-0.868408	0.102051	1.999939	218.954198	237.778626	89.961832	2.937493
-0.994141	-0.785156	1.999939	145.496183	75.946565	65.396947	2.947963
-1.159668	-1.843750	1.999939	28.160305	-178.541985	-38.328244	2.958579
-0.999756	-2.000000	1.999939	-29.732824	-250.137405	-165.618321	2.968020
-0.959717	-1.153809	1.999939	-63.984733	-250.137405	-214.137405	2.978335
-0.562012	0.596191	-0.675293	-100.274809	-250.137405	-137.244275	2.989284
-0.623779	1.715332	-2.000000	-169.916031	4.557252	72.015267	2.999596
-0.091553	1.056641	-2.000000	-206.137405	250.129771	136.190840	3.010224
-0.008545	0.311035	-2.000000	-64.122137	250.129771	79.320611	3.020305
-0.454590	0.041260	-0.338379	74.961832	247.603053	86.038168	3.031018
-0.616211	-0.046631	0.770508	173.450382	147.061069	73.412214	3.040552
-0.617188	0.229248	1.760010	231.083969	170.793893	61.114504	3.050588
-0.837891	-0.485840	1.999939	99.282443	95.068702	52.412214	3.061024
-0.968994	-1.547607	1.999939	51.587786	-203.648855	-63.541985	3.073180
-0.698730	-1.403320	1.999939	-14.564885	-250.137405	-105.824427	3.083496
-0.560303	-0.463867	1.465576	-31.137405	-250.137405	-136.961832	3.094024
-0.425293	0.374512	-0.294922	-60.854962	-250.137405	-69.427481	3.104652
-0.237305	1.109131	-2.000000	-131.664122	-7.473282	55.740458	3.114985
-0.241699	0.536865	-2.000000	-119.946565	242.419847	80.190840	3.125585
-0.213867	0.184570	-1.692383	-38.549618	218.541985	81.083969	3.136255
-0.508789	-0.141113	-0.587891	90.251908	223.366412	79.671756	3.145911
-0.610107	-0.703857	1.373047	156.145038	165.862595	63.572519	3.156282
-0.672852	-0.500732	1.999939	188.068702	140.648855	-5.618321	3.165900
-0.926514	-0.719727	1.999939	35.068702	-40.648855	-8.511450	3.176800
-0.772217	-1.099121	1.999939	-6.709924	-219.419847	-96.916031	3.187251
-0.942383	-0.711670	1.999939	-8.549618	-250.137405	-128.755725	3.197554
-0.624023	-0.064941	1.195801	-28.641221	-250.137405	-118.839695	3.208412
-0.407959	0.426270	-0.685059	-54.549618	-235.748092	-41.450382	3.218775
-0.107178	0.740967	-1.800781	-132.305344	13.251908	65.648855	3.229109
-0.215332	0.265625	-1.993896	-91.458015	162.839695	36.625954	3.239588
-0.141113	0.207275	-1.679199	-26.793893	163.854962	39.671756	3.250195
-0.364258	-0.369629	0.202148	95.519084	197.847328	69.732824	3.260624
-0.517578	-0.473145	1.425049	153.030534	154.572519	20.809160	3.270850
-0.493652	-0.064941	1.999939	86.099237	130.465649	19.412214	3.281322
-0.530029	-0.962646	1.999939	-42.312977	-55.122137	-5.473282	3.291741
-0.404785	-0.854248	1.999939	16.183206	-155.160305	-92.732824	3.302193
-0.565674	-0.317139	1.810303	-29.885496	-250.137405	-79.053435	3.312543
-0.536865	0.138428	0.872559	-52.160305	-236.755725	-68.129771	3.323129
-0.365234	0.317383	-0.332764	-61.564885	-130.122137	1.198473	3.333159
-0.302979	0.218262	-0.807861	-95.068702	25.503817	54.717557	3.343092
-0.186279	0.178223	-1.439697	-88.244275	105.137405	42.030534	3.353341
-0.192139	0.230469	-1.360840	-13.312977	111.206107	33.832061	3.364091
-0.368896	-0.143555	-0.160645	55.931298	154.076336	59.229008	3.374244
-0.520996	-0.525391	1.203613	94.969466	104.473282	20.984733	3.384733
-0.401611	-0.275879	1.999939	79.198473	77.099237	8.114504	3.394737
-0.416748	-0.486572	1.999939	19.946565	-26.679389	12.152672	3.405387
-0.315918	-1.097168	1.999939	-25.297710	-113.122137	-39.000000	3.415698
-0.571533	-0.768555	1.999939	-15.358779	-196.038168	-72.824427	3.426075
-0.431641	0.000000	1.110107	-54.167939	-192.564885	-72.625954	3.436309
-0.281006	0.235352	0.107910	-91.969466	-96.679389	-0.633588	3.446656
-0.333496	0.067871	-0.643799	-89.526718	42.488550	25.717557	3.457398
-0.168945	0.170654	-0.967041	-58.908397	62.717557	10.534351	3.467743
-0.142578	0.072021	-1.201416	-15.221374	46.595420	4.175573	3.477522
-0.291748	-0.009521	-0.279297	56.137405	89.259542	19.419847	3.488279
-0.318604	-0.411865	0.906982	82.221374	60.854962	15.923664	3.498693
-0.360596	-0.141113	1.408936	79.755725	54.198473	9.213740	3.509314
-0.360107	-0.377441	1.999939	33.618321	36.137405	26.335878	3.519426
-0.193604	-0.911377	1.999939	-5.244275	-39.145038	-18.503817	3.530065
-0.341553	-0.485596	1.945312	8.717557	-108.526718	-52.587786	3.540631
-0.340088	-0.143066	1.446533	-32.488550	-128.755725	-38.007634	3.550966
-0.336182	0.112793	0.787354	-66.534351	-112.893130	-20.442748	3.561447
-0.287109	0.196289	0.104004	-107.984733	24.923664	65.503817	3.571834
-0.248291	-0.295166	-0.087158	-76.320611	99.717557	37.908397	3.581638
-0.237549	-0.094238	-0.935059	-48.305344	85.251908	31.732824	3.592338
-0.204102	0.015381	-0.842285	20.961832	90.503817	19.801527	3.602767
-0.307129	-0.100830	0.067627	33.328244	123.007634	48.496183	3.613103
-0.374512	-0.493896	0.958740	68.954198	93.404580	15.328244	3.623721
-0.417236	-0.307861	1.539551	59.977099	99.366412	18.328244	3.634704
-0.398193	-0.372559	1.999939	32.740458	26.694656	12.221374	3.646056
-0.367432	-0.575439	1.999939	3.213740	-30.106870	-4.312977	3.656278
-0.429199	-0.375244	1.572998	18.862595	-45.656489	-29.931298	3.667361
-0.383789	-0.193359	1.546143	-9.358779	-80.671756	-18.854962	3.678178
-0.399414	0.033691	0.764404	-33.618321	-64.419847	-0.068702	3.689120
-0.339600	-0.195312	1.084961	-46.664122	-28.496183	24.122137	3.699386
-0.256348	-0.268066	0.425293	-45.725191	-56.229008	-2.984733	3.710080
-0.262939	-0.219482	-0.581299	-36.877863	-8.938931	-16.129771	3.720726
-0.260254	0.061523	-0.283691	8.557252	2.908397	-7.572519	3.731326
-0.274658	-0.002197	-0.035400	18.267176	61.068702	24.908397	3.741585
-0.244629	-0.292725	0.510010	16.587786	86.992366	25.557252	3.752109
-0.319580	-0.104248	0.307373	15.435115	126.480916	33.312977	3.762589
-0.372559	0.025635	0.437012	30.396947	163.740458	60.374046	3.773038
-0.476074	-0.164062	0.704590	36.328244	181.480916	70.061069	3.782839
-0.404053	-0.352539	1.373535	17.610687	183.732824	74.793893	3.793242
-0.523926	-0.549316	1.999939	25.374046	92.152672	37.511450	3.803274
-0.572754	-0.680176	1.999939	3.648855	-6.732824	-8.465649	3.813996
-0.595947	-0.488037	1.999939	-18.419847	-98.641221	-39.129771	3.824490
-0.730713	-0.475098	1.999939	-4.587786	-180.236641	-74.816794	3.834914
-0.537598	-0.457275	1.789795	-55.351145	-250.137405	-92.274809	3.845312
-0.675537	-0.387939	0.749268	-34.816794	-250.137405	-132.938931	3.855463
-0.331787	-0.004150	-0.634521	-21.793893	-250.137405	-100.809160	3.865817
-0.257324	0.386475	-1.682129	-7.175573	-123.610687	-57.671756	3.876243
-0.200439	0.595215	-1.589111	-3.885496	66.816794	3.488550	3.886152
-0.315186	0.233154	-0.864746	-6.145038	160.213740	48.961832	3.896783
-0.339355	-0.221680	0.230469	29.366412	213.305344	72.755725	3.907317
-0.429932	-0.349609	0.906982	51.992366	204.503817	61.916031	3.917894
-0.455811	0.120117	0.715332	68.572519	193.984733	51.442748	3.928278
-0.385498	0.051025	1.291504	89.633588	215.572519	57.740458	3.938700
-0.513672	-0.613037	1.999939	40.541985	106.053435	60.687023	3.949367
-0.448486	-0.821045	1.999939	18.320611	-34.664122	-5.625954	3.959493
-0.590088	-0.886475	1.999939	12.564885	-203.961832	-72.076336	3.968927
-0.567383	-1.048828	1.999939	9.496183	-250.137405	-112.954198	3.979966
-0.751953	-0.282959	1.999939	-84.015267	-250.137405	-123.358779	3.990240
-0.655273	0.369385	0.135010	-161.389313	-250.137405	-63.129771	4.000917
-0.420410	0.026367	-1.246338	-161.564885	-34.335878	11.954198	4.011588
-0.267578	0.139648	-2.000000	-68.465649	58.221374	-28.793893	4.022055
-0.157715	0.579102	-2.000000	19.137405	62.900763	-12.465649	4.032344
-0.228271	0.474609	-0.961182	41.893130	147.786260	41.419847	4.042850
-0.434570	0.054932	0.693848	97.564885	139.473282	35.931298	4.053592
-0.247314	0.223389	0.806641	84.900763	158.778626	65.786260	4.063853
-0.435547	0.215820	0.914307	98.526718	191.725191	101.129771	4.074153
-0.276123	-0.741455	1.999939	1.625954	129.519084	98.809160	4.084384
-0.275879	-1.266357	1.999939	-5.282443	20.221374	26.206107	4.094829
-0.437256	-0.793457	1.999939	28.572519	-56.916031	-21.839695	4.105501
-0.460205	-0.517578	1.999939	-14.465649	-101.274809	-68.198473	4.115879
-0.575684	0.029785	1.999939	-110.152672	-213.580153	-64.015267	4.126411
-0.545898	-0.192871	0.711670	-132.763359	-170.381679	-18.290076	4.136850
-0.330811	-0.352783	-0.788818	-83.519084	-125.671756	-42.541985	4.147326
-0.213623	0.511230	-2.000000	9.381679	-38.625954	-36.389313	4.158008
-0.172363	1.077637	-2.000000	47.312977	84.732824	27.122137	4.167876
-0.424316	0.593262	-1.652588	64.549618	234.839695	105.297710	4.177443
-0.489258	-0.625000	0.677490	90.641221	216.312977	83.534351	4.188329
-0.549805	-0.492676	1.242920	194.106870	250.129771	99.312977	4.198649
-0.529785	-1.098145	1.999939	69.893130	219.152672	24.053435	4.209367
-0.610352	-0.873291	1.999939	-129.580153	-67.633588	-4.038168	4.219547
-0.591797	-1.166260	1.999939	-26.328244	-174.106870	-109.671756	4.230119
-0.690674	-0.020752	1.999939	-90.251908	-250.137405	-109.099237	4.240532
-0.633057	0.365234	0.508057	-122.374046	-227.671756	-44.763359	4.251640
-0.447998	0.019775	-0.643066	-130.099237	-44.526718	20.435115	4.262121
-0.013428	-0.077637	-2.000000	-50.450382	46.465649	-11.778626	4.272305
-0.147217	0.706787	-2.000000	25.190840	60.412214	-31.587786	4.283345
-0.149902	1.017334	-1.683105	78.519084	158.213740	61.923664	4.293304
-0.470459	-0.145996	0.369141	134.687023	141.687023	81.236641	4.304077
-0.300537	0.147461	1.082520	169.374046	214.236641	81.725191	4.315013
-0.468262	-0.036865	1.999939	98.885496	184.893130	69.458015	4.325449
-0.611084	-1.294189	1.999939	-46.152672	-65.305344	19.091603	4.335952
-0.421143	-1.606201	1.999939	-26.129771	-163.717557	-51.251908	4.346260
-0.710693	-0.715332	1.999939	-53.854962	-250.137405	-91.572519	4.356979
-0.497070	0.273193	1.035645	-119.938931	-223.099237	-90.877863	4.367415
-0.593994	0.426758	-0.424072	-177.129771	-56.404580	30.442748	4.377653
-0.331543	-0.116455	-0.426758	-112.374046	80.534351	37.297710	4.388306
-0.109619	0.546631	-1.971680	-36.129771	72.145038	8.709924	4.398169
-0.049072	0.535400	-2.000000	27.305344	117.770992	27.068702	4.409152
-0.499268	-0.072998	0.015869	117.496183	119.816794	59.664122	4.419887
-0.521240	-0.283936	1.119385	179.106870	70.503817	70.541985	4.429422
-0.336426	-0.289062	1.999939	179.664122	148.236641	21.488550	4.439220
-0.734131	-0.968262	1.999939	-59.893130	-28.221374	23.992366	4.450167
-0.302979	-1.436523	1.999939	-28.068702	-164.213740	-61.351145	4.460409
-0.607178	-0.473389	1.999939	-23.618321	-248.045802	-89.549618	4.470743
-0.502197	0.216064	0.850342	-152.236641	-218.732824	-81.442748	4.481110
-0.462158	0.244385	-0.425293	-163.916031	-75.709924	7.427481	4.491547
-0.283203	-0.017090	-0.638672	-105.267176	67.106870	30.900763	4.501625
-0.070068	0.644043	-2.000000	-41.511450	121.671756	13.305344	4.512161
-0.022217	0.636719	-2.000000	25.694656	165.977099	48.648855	4.522801
-0.302979	-0.022217	-0.141357	86.381679	153.755725	72.076336	4.532985
-0.474609	-0.179932	0.563965	159.000000	129.526718	65.954198	4.543632
-0.378418	-0.054199	1.999939	205.053435	195.664122	29.145038	4.554293
-0.654541	-1.012207	1.999939	27.778626	2.870229	23.458015	4.567408
-0.586670	-1.369385	1.999939	-34.786260	-151.229008	-46.977099	4.577263
-0.830811	-0.835449	1.999939	-2.801527	-225.267176	-92.244275	4.587948
-0.752686	-0.106445	1.919434	-115.656489	-250.137405	-112.458015	4.598295
-0.696533	0.333252	-0.071533	-143.167939	-214.732824	-42.671756	4.608824
-0.400391	0.280029	-0.983887	-161.190840	-1.145038	19.137405	4.619346
-0.033691	0.620605	-2.000000	-89.832061	88.648855	0.832061	4.630023
-0.045166	1.042725	-2.000000	14.641221	129.961832	48.480916	4.640526
-0.487305	-0.270752	-0.287842	84.641221	199.717557	100.977099	4.651071
-0.514160	-0.447510	1.093018	174.900763	139.175573	69.381679	4.661492
-0.424805	0.015137	1.999939	207.198473	218.389313	16.335878	4.672105
-0.735352	-0.443115	1.999939	32.549618	28.328244	47.709924	4.682207
-0.433594	-1.170410	1.999939	-44.404580	-106.267176	-4.633588	4.692309
-0.614502	-1.452148	1.999939	-0.908397	-174.152672	-68.877863	4.702776
-0.668701	-0.493652	1.999939	-98.603053	-250.137405	-127.931298	4.713388
-0.829834	0.242676	0.853271	-142.015267	-250.137405	-91.931298	4.723589
-0.554932	0.279541	-0.302246	-177.061069	-112.900763	1.717557	4.733968
-0.204102	0.665039	-1.512451	-121.564885	65.290076	14.862595	4.744449
-0.024414	0.994385	-2.000000	-46.664122	170.236641	53.824427	4.755495
0.029785	0.437012	-1.749512	22.877863	203.595420	79.480916	4.765602
-0.448730	-0.433594	0.508545	128.740458	138.969466	74.198473	4.776026
-0.338867	-0.391846	0.944092	194.687023	138.541985	72.465649	4.786044
-0.512451	0.478027	1.999939	175.312977	185.290076	32.648855	4.796516
-0.569092	-0.838623	1.999939	57.564885	11.641221	43.427481	4.806931
-0.497803	-1.248779	1.999939	-32.702290	-90.458015	0.824427	4.817355
-0.724854	-1.087646	1.999939	12.290076	-176.519084	-82.167939	4.827702
-0.662598	-0.155273	1.999939	-80.687023	-250.137405	-101.580153	4.837906
-0.654053	0.163818	0.208252	-109.541985	-246.076336	-50.541985	4.848521
-0.414795	0.529297	-0.723877	-135.625954	-48.793893	17.778626	4.858942
-0.231201	0.506592	-1.665771	-92.129771	62.580153	15.748092	4.869627
-0.213623	0.523682	-2.000000	-27.465649	148.366412	44.541985	4.880016
-0.193848	0.028564	-0.620605	46.053435	196.022901	70.206107	4.889598
-0.459717	-0.230957	0.893311	126.793893	136.511450	75.618321	4.900593
-0.401367	-0.496338	1.532959	157.099237	147.221374	29.862595	4.910733
-0.568604	-0.350342	1.999939	59.641221	99.274809	32.687023	4.922036
-0.468994	-0.833740	1.999939	1.671756	-69.488550	-7.610687	4.932908
-0.492676	-1.103271	1.999939	26.946565	-138.519084	-44.374046	4.943012
-0.652100	-0.433105	1.999939	-45.801527	-211.847328	-77.679389	4.953874
-0.487305	0.143555	0.693848	-105.091603	-196.633588	-61.946565	4.964376
-0.402832	0.135498	-0.369385	-148.702290	-59.320611	24.534351	4.974802
-0.163086	0.300781	-1.533691	-122.389313	69.977099	16.183206	4.984988
-0.263184	0.594971	-2.000000	-40.664122	144.015267	32.755725	4.995393
-0.189453	0.110352	-1.283691	33.404580	199.076336	73.145038	5.005747
-0.615479	-0.528809	1.000488	135.061069	152.541985	53.068702	5.016238
-0.469482	-0.441406	1.999939	147.610687	137.152672	46.557252	5.027156
-0.663574	-0.077148	1.999939	32.793893	73.732824	37.709924	5.037799
-0.738037	-1.019287	1.999939	-33.175573	-121.603053	-46.160305	5.047873
-0.730713	-1.078369	1.999939	13.435115	-196.442748	-97.030534	5.058645
-0.770264	-0.147705	1.999939	-99.801527	-250.137405	-115.664122	5.068490
-0.697021	-0.136719	1.160400	-122.335878	-250.137405	-100.229008	5.078235
-0.487793	0.143555	-0.543213	-130.908397	-185.389313	-39.389313	5.087741
-0.120117	0.280273	-1.959717	-127.366412	27.824427	8.908397	5.099022
0.025146	1.016113	-2.000000	-29.984733	135.374046	13.297710	5.109587
-0.015625	1.107910	-2.000000	34.847328	211.595420	87.045802	5.120018
-0.709717	-0.457031	0.123535	100.465649	204.664122	89.519084	5.130562
-0.431396	-0.697754	1.481201	217.801527	203.725191	63.641221	5.140971
-0.606201	0.348633	1.999939	191.854962	173.091603	11.618321	5.151324
-0.696533	-1.058105	1.999939	38.900763	-42.893130	21.702290	5.161943
-0.583740	-1.213135	1.999939	-24.847328	-164.748092	-34.465649	5.172214
-0.573975	-0.897461	1.999939	-36.786260	-250.137405	-90.045802	5.182762
-0.614258	-0.297607	1.859375	-98.961832	-250.137405	-108.893130	5.192394
-0.645020	0.331543	-0.245850	-129.580153	-250.137405	-58.503817	5.202367
-0.403564	0.492188	-1.210449	-162.564885	-12.343511	28.083969	5.213547
-0.098145	0.712646	-2.000000	-82.725191	109.824427	28.923664	5.223888
-0.139404	0.644775	-2.000000	-20.748092	170.603053	69.977099	5.234367
-0.457275	-0.025879	-0.346924	100.022901	222.564885	95.396947	5.244917
-0.566406	-0.352051	1.238037	126.366412	137.778626	104.229008	5.255391
-0.350586	-0.311279	1.999939	192.389313	189.954198	17.221374	5.265669
-0.500977	-0.251221	1.999939	8.893130	76.503817	19.862595	5.275963
-0.378418	-0.966064	1.999939	21.824427	-113.221374	-35.366412	5.286422
-0.589844	-1.053223	1.999939	1.221374	-170.473282	-59.709924	5.296683
-0.486572	-0.383789	1.999939	-95.152672	-220.106870	-100.610687	5.307475
-0.523926	0.008789	0.667480	-100.145038	-224.236641	-65.725191	5.317774
-0.221680	0.445068	-0.955078	-138.259542	-54.916031	10.450382	5.328559
0.003174	0.504395	-2.000000	-105.763359	102.351145	26.419847	5.338950
-0.194580	0.883301	-2.000000	-28.473282	199.618321	54.312977	5.349203
-0.349609	-0.006836	-0.829346	67.267176	250.129771	87.603053	5.360100
-0.490723	-0.681885	1.115723	112.755725	200.793893	85.839695	5.370604
-0.490723	-0.294434	1.999939	219.992366	208.343511	44.625954	5.380884
-0.864990	-0.229492	1.999939	77.679389	104.435115	18.564885	5.391255
-0.901855	-1.318359	1.999939	-37.045802	-202.267176	-18.610687	5.401817
-0.697266	-0.973389	1.999939	-21.664122	-239.435115	-85.595420	5.412114
-0.955322	-0.380615	1.999939	-45.564885	-250.137405	-127.190840	5.422199
-0.758789	0.060059	1.095947	-127.198473	-250.137405	-109.007634	5.432991
-0.522461	0.372803	-1.008789	-163.335878	-200.244275	-18.778626	5.443302
-0.040039	0.335205	-2.000000	-152.938931	105.587786	42.572519	5.453544
0.180908	1.259766	-2.000000	-16.511450	250.129771	54.000000	5.464479
-0.124512	0.597412	-1.910645	16.374046	250.129771	117.549618	5.475089
-0.677002	-0.344482	0.655762	71.610687	250.129771	118.763359	5.485387
-0.718018	-0.392334	1.537598	183.633588	231.198473	122.007634	5.495570
-0.680908	0.051514	1.999939	228.267176	218.908397	45.251908	5.505295
-0.917725	-0.584229	1.999939	13.687023	-42.786260	16.129771	5.516307
-0.632812	-1.364990	1.999939	-2.534351	-247.305344	-42.893130	5.526382
-0.840088	-1.215332	1.999939	-6.702290	-250.137405	-106.335878	5.537593
-0.647461	-0.081787	1.769287	-94.748092	-250.137405	-140.083969	5.548221
-0.780273	0.347656	-0.619385	-137.946565	-250.137405	-67.778626	5.558319
-0.369873	0.638184	-1.812012	-209.648855	20.778626	40.587786	5.568996
0.119629	0.703369	-2.000000	-101.572519	199.587786	30.732824	5.579197
0.067139	0.954346	-2.000000	-28.267176	230.511450	84.175573	5.589911
-0.459961	-0.234863	-0.459473	77.458015	250.129771	83.839695	5.600225
-0.751465	-0.476807	0.938477	144.137405	184.160305	105.870229	5.610627
-0.495361	-0.267822	1.999939	246.312977	184.900763	88.717557	5.620790
-0.723877	-0.150391	1.999939	134.503817	123.572519	10.320611	5.631162
-1.080811	-0.898193	1.999939	-89.175573	-136.862595	-22.740458	5.641429
-0.646240	-1.416016	1.999939	27.847328	-244.000000	-98.625954	5.652308
-0.852295	-0.417480	1.999939	-49.221374	-250.137405	-116.541985	5.662952
-0.654785	0.095947	0.876953	-140.854962	-250.137405	-107.824427	5.673417
-0.465820	0.391846	-1.097168	-140.992366	-172.893130	-35.053435	5.684207
-0.095947	0.499023	-2.000000	-141.068702	79.832061	37.145038	5.694751
0.087891	1.137939	-2.000000	-40.007634	250.129771	61.503817	5.705029
0.072998	0.258789	-1.504150	-7.412214	250.129771	99.702290	5.715358
-0.489014	-0.429688	0.313232	78.893130	235.862595	102.664122	5.725237
-0.626953	-0.452393	1.608643	183.190840	199.061069	110.885496	5.735971
-0.558594	-0.228027	1.999939	233.328244	149.984733	65.694656	5.746264
-0.752686	-0.285156	1.999939	21.114504	31.091603	-51.725191	5.756575
-0.591797	-1.270752	1.999939	-11.984733	-202.961832	-48.267176	5.767556
-0.861328	-1.064453	1.999939	22.648855	-211.740458	-92.732824	5.778130
-0.612549	-0.052490	1.707520	-87.954198	-250.137405	-126.435115	5.788533
-0.596191	0.228516	-0.157227	-107.694656	-242.343511	-68.274809	5.798900
-0.114502	0.758545	-1.776855	-160.610687	13.519084	56.404580	5.808809
0.023926	0.727051	-2.000000	-92.229008	225.351145	77.885496	5.819797
-0.058350	0.345703	-1.939453	-53.175573	250.129771	87.740458	5.830201
-0.639160	-0.339600	0.008545	73.893130	250.129771	91.938931	5.840931
-0.686035	-0.673828	1.443115	127.015267	190.603053	100.587786	5.851233
-0.618652	-0.223145	1.999939	172.610687	143.916031	74.664122	5.861477
-0.826172	-0.515869	1.999939	70.946565	83.572519	-8.442748	5.872161
-1.101074	-0.850342	1.999939	-60.236641	-184.816794	-1.870229	5.882649
-0.822754	-0.825684	1.999939	47.954198	-192.152672	-71.190840	5.892919
-0.797607	-0.136475	1.948730	-20.717557	-250.137405	-97.916031	5.903503
-0.648438	0.076660	0.639893	-121.748092	-249.954198	-74.580153	5.913399
0.035400	0.399170	-1.985107	-146.213740	-45.015267	19.633588	5.924224
0.023438	0.939453	-2.000000	-78.381679	235.618321	82.702290	5.934402
-0.015381	0.585693	-2.000000	-57.358779	250.129771	101.694656	5.945155
-0.586670	-0.430420	-0.307861	34.015267	250.129771	106.847328	5.955845
-0.899658	-0.863281	1.411377	94.541985	225.068702	82.961832	5.965870
-0.672363	-0.373047	1.999939	202.061069	143.664122	51.725191	5.976698
-1.023193	-0.105713	1.999939	87.335878	48.847328	-39.106870	5.987153
-1.381836	-1.082031	1.999939	-68.236641	-250.137405	-50.916031	5.997672
-0.999756	-0.834717	1.999939	39.496183	-250.137405	-134.694656	6.008372
-1.171631	0.013672	1.772949	-16.847328	-250.137405	-159.137405	6.019036
-0.804932	0.325928	-0.295898	-109.793893	-250.137405	-97.160305	6.029341
-0.188232	0.555908	-2.000000	-143.175573	-88.702290	29.251908	6.039506
0.229004	0.879883	-2.000000	-104.748092	250.129771	130.786260	6.050394
0.127930	1.473633	-2.000000	-18.435115	250.129771	203.549618	6.060959
-0.463867	0.052246	-1.006348	-18.038168	250.129771	212.763359	6.071475
-1.083984	-0.781738	0.344238	30.145038	250.129771	197.251908	6.082234
-1.497559	-0.626953	1.999939	149.167939	250.129771	180.045802	6.092633
-1.891602	-0.912598	1.999939	118.480916	250.129771	26.145038	6.103376
-2.000000	-1.756592	1.999939	21.916031	-125.946565	-0.625954	6.113542
-2.000000	-1.182129	1.999939	20.618321	-250.137405	-169.076336	6.124385
-1.797607	-0.405518	1.999939	89.732824	-250.137405	-250.137405	6.134785
-1.205811	0.549805	0.044189	-77.732824	-250.137405	-173.236641	6.145789
0.096191	0.744873	-2.000000	-193.458015	-239.404580	-43.213740	6.156670
0.228271	1.224365	-2.000000	-73.198473	234.702290	30.687023	6.167347
0.082520	0.749023	-1.900391	-6.694656	250.129771	95.763359	6.177807
-0.528564	-0.180176	-0.159668	27.038168	250.129771	102.183206	6.188004
-0.915283	-0.817139	1.591553	64.549618	162.694656	70.877863	6.198632
-0.718262	-0.262451	1.999939	157.534351	134.832061	56.458015	6.208933
-0.942139	-0.125977	1.999939	60.839695	54.854962	-6.625954	6.219348
-1.183838	-0.858887	1.999939	-25.885496	-183.229008	-23.519084	6.230088
-0.845215	-1.164062	1.999939	103.832061	-250.137405	-117.465649	6.240297
-0.915039	-0.093750	1.062012	32.977099	-250.137405	-131.648855	6.251402
-0.335449	0.747559	-0.933105	-102.557252	-213.572519	-64.244275	6.261943
-0.114746	0.846680	-2.000000	-133.709924	112.839695	94.534351	6.272397
-0.182861	0.371582	-1.234619	-102.900763	250.129771	151.847328	6.282980
-0.352051	-0.176270	-0.005615	-40.656489	250.129771	89.038168	6.293927
-0.513428	-0.525391	0.665771	29.312977	184.832061	70.267176	6.304430
-0.823975	-0.499512	1.078369	88.381679	147.557252	73.328244	6.314790
-0.774170	-0.421387	1.999939	85.290076	81.961832	23.099237	6.325281
-1.143066	-0.433105	1.999939	45.519084	-74.114504	-57.099237	6.335845
-1.010254	-0.643799	1.999939	14.274809	-250.137405	-79.916031	6.345983
-0.949463	-0.648193	1.840576	38.442748	-250.137405	-115.603053	6.355899
-0.812744	0.242432	0.908936	-22.236641	-250.137405	-110.572519	6.365851
-0.443848	0.444092	-0.282471	-109.389313	-190.832061	-57.961832	6.374801
-0.150635	0.044922	-1.213867	-105.748092	-49.656489	-15.458015	6.383752
-0.064209	0.050049	-1.272461	-62.778626	34.190840	10.328244	6.392170
-0.127686	0.089355	-1.047119	-5.816794	74.633588	19.251908	6.400136
-0.252441	0.102051	-0.454102	11.709924	101.244275	20.664122	6.409000
-0.224854	-0.016113	-0.033936	25.503817	146.007634	39.503817	6.417243
-0.504639	-0.317139	0.808350	51.664122	142.374046	40.946565	6.425618
-0.664551	-0.234863	1.214355	74.625954	94.404580	32.274809	6.434069
-0.554443	-0.029785	1.656250	79.045802	74.633588	21.183206	6.442362
-0.521729	0.133057	1.814209	66.847328	63.786260	18.374046	6.450850
-0.569580	-0.203125	1.791992	30.679389	10.519084	30.656489	6.459208
-0.705811	-0.510986	1.984619	-8.801527	-47.053435	13.671756	6.467819
-0.639160	-0.722900	1.999939	12.969466	-94.610687	-27.748092	6.476050
-0.679443	-0.407959	1.999939	37.129771	-152.656489	-47.435115	6.484552
-0.805176	-0.031738	1.877930	-30.374046	-208.572519	-44.404580	6.493099
-0.763184	-0.089600	1.660400	-93.786260	-227.076336	-57.412214	6.501517
-0.561768	-0.076416	0.768311	-103.129771	-227.015267	-50.763359	6.510225
-0.178467	-0.264404	-1.004883	-126.053435	-136.160305	-24.519084	6.518476
-0.254395	-0.179688	-1.490723	-90.603053	-29.687023	-23.732824	6.526959
-0.192871	0.066895	-1.029297	-24.770992	15.977099	-18.129771	6.535419
-0.215820	0.264160	-0.866699	25.251908	42.022901	-1.641221	6.543638
-0.232422	0.305908	-0.644287	30.717557	84.969466	33.061069	6.551980
-0.422363	-0.400146	-0.098633	63.824427	117.198473	30.732824	6.560518
-0.475586	-0.286621	0.937744	94.648855	87.083969	7.564885	6.570616
-0.442871	-0.127686	0.836670	106.595420	90.580153	19.778626	6.578616
-0.393555	0.228271	0.361328	141.648855	164.122137	24.916031	6.587685
-0.604736	0.541260	0.155518	50.068702	211.419847	40.061069	6.596344
-0.479736	-0.306641	1.223633	30.297710	195.259542	83.297710	6.604646
-0.644043	-0.441650	1.999939	43.328244	181.725191	68.351145	6.613391
-0.708740	-0.847412	1.999939	9.290076	91.343511	41.908397	6.621649
-0.816162	-0.859131	1.999939	-12.175573	-33.480916	-30.312977	6.630545
-0.874756	-0.424561	1.999939	-53.396947	-153.587786	-71.786260	6.639057
-0.944092	0.169678	1.999939	-124.396947	-227.839695	-68.580153	6.647341
-0.890869	0.374268	1.829346	-201.603053	-204.259542	-35.099237	6.656098
-0.948242	-0.586670	1.143555	-216.641221	-247.473282	-22.358779	6.664568
-0.557129	-0.884033	-0.698242	-132.770992	-250.137405	-134.061069	6.674247
-0.256104	0.077393	-1.844971	8.503817	-222.450382	-143.732824	6.684754
-0.084473	0.930176	-2.000000	36.221374	-56.748092	-58.152672	6.695606
-0.145264	0.960205	-1.711182	9.167939	76.763359	12.015267	6.706550
-0.461182	0.356201	-0.442871	28.603053	215.633588	70.954198	6.717563
-0.444336	-0.454346	0.608643	34.229008	224.358779	88.816794	6.727715
-0.376709	-0.268066	0.703125	97.343511	250.129771	87.801527	6.737889
-0.591064	0.293457	0.764160	81.183206	250.129771	99.977099	6.748617
-0.802246	0.126709	1.999939	-9.030534	232.610687	95.625954	6.759242
-0.653809	-1.165527	1.999939	34.160305	83.770992	35.183206	6.769976
-0.954102	-0.874512	1.999939	-8.625954	-104.297710	-32.725191	6.780437
-0.841064	-0.631836	1.999939	8.702290	-208.351145	-76.618321	6.790834
-0.970459	-0.163818	1.999939	-105.916031	-250.137405	-100.038168	6.801415
-0.724121	-0.492920	0.494141	-162.908397	-250.137405	-131.885496	6.811952
-0.287354	-0.127197	-1.978027	-74.419847	-250.137405	-118.366412	6.822430
-0.166016	0.772949	-2.000000	1.290076	-43.152672	-45.053435	6.833035
-0.148193	1.466797	-2.000000	37.656489	160.206107	36.091603	6.843553
-0.366211	0.819824	-1.712646	2.007634	250.129771	125.809160	6.853712
-0.745117	-0.369385	0.447998	51.167939	250.129771	150.641221	6.864531
-0.671143	-0.476074	1.569336	131.984733	250.129771	147.412214	6.875001
-0.689209	-0.612793	1.999939	141.572519	250.129771	69.931298	6.885454
-1.224854	-0.298096	1.999939	-31.778626	5.450382	23.488550	6.895911
-0.795166	-0.892822	1.999939	38.351145	-154.145038	-70.297710	6.906691
-0.991455	-1.049805	1.999939	4.938931	-250.137405	-86.458015	6.917105
-0.837402	0.268066	1.562744	-75.503817	-250.137405	-104.374046	6.927453
-0.815674	0.226074	-0.358398	-161.206107	-250.137405	-50.076336	6.937837
-0.328125	-0.381348	-1.159424	-149.541985	-114.412214	-24.549618	6.948239
-0.218506	0.125732	-1.562744	-37.419847	-45.534351	-55.732824	6.958405
-0.268555	0.684326	-1.659424	34.763359	22.679389	-6.312977	6.969076
-0.214355	0.516357	-0.904053	47.938931	124.000000	44.694656	6.979860
-0.479004	-0.003662	0.118896	89.694656	138.564885	45.175573	6.989482
-0.346680	-0.275391	1.099609	111.114504	137.885496	89.931298	6.999091
-0.299561	-0.457275	1.999939	137.679389	115.480916	64.564885	7.008487
-0.466797	-0.402344	1.999939	83.160305	93.022901	-8.625954	7.017871
-0.544922	-0.307617	1.999939	-77.282443	-111.954198	16.038168	7.029191
-0.617432	-0.518311	1.999939	36.832061	-35.702290	-4.412214	7.038807
-0.575195	-0.428955	1.999939	-66.740458	-149.961832	-44.908397	7.050086
-0.585205	0.177979	0.605713	-120.885496	-116.290076	-29.564885	7.060543
-0.422852	-0.112549	-0.098633	-121.190840	-62.503817	6.931298	7.071396
-0.198486	-0.219482	-0.920898	-85.152672	-40.465649	-14.687023	7.081820
-0.198975	0.170166	-1.582031	14.473282	18.961832	-31.030534	7.091973
-0.255859	0.563232	-1.087646	61.274809	95.893130	35.641221	7.102690
-0.582031	-0.056885	0.878662	106.160305	124.938931	46.671756	7.113372
-0.393799	-0.495605	1.968018	82.038168	79.748092	52.564885	7.123951
-0.298828	-0.639160	1.999939	59.877863	53.297710	4.801527	7.134125
-0.705811	0.030029	1.999939	-51.709924	-42.038168	-37.473282	7.144843
-0.440186	-0.770996	1.999939	-9.580153	-58.480916	-46.908397	7.155478
-0.748047	0.069336	1.784180	-49.770992	-154.312977	-38.671756	7.165604
-0.789551	0.209229	0.644043	-136.541985	-44.603053	2.290076	7.176799
-0.416260	-0.377686	-0.103516	-167.000000	4.816794	26.061069	7.187229
-0.016602	-0.375244	-0.948486	-63.961832	-11.923664	-23.580153	7.197873
-0.029541	0.200684	-1.663086	33.122137	-9.992366	-37.900763	7.208507
-0.180176	0.809326	-1.349609	52.603053	55.793893	11.290076	7.218977
-0.305176	0.007324	0.163818	94.320611	108.824427	43.847328	7.230105
-0.473389	-0.236816	0.976807	170.213740	91.015267	56.366412	7.240288
-0.403076	0.625244	1.126709	200.870229	190.511450	53.190840	7.250918
-0.764893	-0.157715	1.877441	54.213740	157.053435	66.435115	7.261411
-0.746094	-0.951416	1.999939	17.755725	68.091603	51.022901	7.271800
-0.948730	-1.249756	1.999939	15.290076	-24.603053	10.732824	7.282316
-0.910400	-0.127930	1.999939	-64.183206	-112.465649	-53.900763	7.292522
-0.921387	0.166504	1.700928	-183.664122	-127.549618	-34.618321	7.302448
-1.055908	0.158447	0.965576	-201.183206	-113.732824	-9.076336	7.313582
-0.438232	-0.531494	-0.174561	-205.480916	-82.503817	-24.435115	7.324562
-0.145508	-0.566650	-1.357422	-93.305344	-82.175573	-89.633588	7.334937
-0.007080	0.338623	-1.393555	33.412214	-75.000000	-81.709924	7.344983
-0.097168	0.913330	-0.875732	57.633588	-63.557252	-29.320611	7.356050
-0.180176	0.527344	-1.082520	98.206107	31.167939	20.748092	7.366610
-0.255859	-0.307617	0.681641	93.099237	100.137405	58.244275	7.376979
-0.343262	0.089844	0.963623	193.251908	95.396947	63.916031	7.387582
-0.400635	0.143555	0.970947	107.702290	179.748092	73.847328	7.397650
-0.507568	-0.038574	1.855225	-13.587786	139.290076	70.534351	7.408239
-0.805908	-0.984863	1.999939	24.770992	73.923664	44.519084	7.419086
-0.750000	-1.200928	1.999939	-7.358779	-47.480916	-27.786260	7.429451
-0.969727	-0.155273	1.999939	-109.885496	-198.839695	-89.290076	7.439969
-0.945312	0.199463	0.959473	-184.984733	-169.198473	-52.282443	7.450523
-0.424316	-0.098389	-0.166260	-172.725191	-130.022901	-51.396947	7.461166
-0.045898	-0.097900	-1.742920	-114.679389	-64.351145	-68.480916	7.471371
-0.085205	0.625732	-2.000000	27.442748	-24.969466	-47.396947	7.482035
-0.229492	0.887207	-1.038086	79.015267	50.419847	11.419847	7.492421
-0.359863	0.286865	0.022705	108.946565	117.213740	67.603053	7.502860
-0.440430	-0.487305	1.318848	123.938931	99.068702	69.106870	7.513831
-0.309814	-0.404785	1.627197	134.122137	152.076336	42.755725	7.524372
-0.579590	-0.281982	1.999939	25.427481	122.160305	7.450382	7.534997
-0.473877	-0.636963	1.999939	-28.740458	1.633588	20.480916	7.545074
-0.781738	-0.626465	1.999939	-4.702290	-35.725191	-19.931298	7.555609
-0.686279	-0.088623	1.948730	-71.847328	-98.923664	-43.396947	7.565927
-0.557617	0.241699	0.580811	-120.419847	-73.572519	-19.412214	7.576497
-0.405518	0.064453	-0.186279	-130.458015	5.778626	38.725191	7.587032
-0.067383	-0.003174	-0.858398	-53.931298	7.641221	-15.343511	7.597577
-0.150146	0.082764	-0.999756	14.778626	38.038168	-7.618321	7.608023
-0.140869	0.309570	-0.140137	67.328244	66.992366	26.282443	7.619039
-0.408691	-0.054688	0.208984	99.778626	73.083969	39.244275	7.628844
-0.534424	-0.480469	1.206543	90.709924	66.809160	44.419847	7.638740
-0.619629	-0.568604	1.953064	84.664122	42.312977	33.160305	7.648152
-0.740479	-0.411377	1.999939	50.862595	60.213740	-23.458015	7.658995
-0.509033	-0.562744	1.999939	-27.916031	-106.381679	-23.732824	7.669815
-0.840576	-0.113281	1.999939	-5.572519	-90.053435	-37.137405	7.680517
-0.543701	0.307373	1.005615	-97.908397	-118.671756	-29.854962	7.691055
-0.470947	0.078613	-0.320068	-163.870229	-13.801527	13.351145	7.701646
-0.010986	0.256592	-2.000000	-121.755725	95.625954	42.000000	7.712324
0.062256	0.234619	-1.753662	-18.641221	174.564885	52.580153	7.722843
-0.301270	0.234375	-0.355957	22.320611	176.236641	71.076336	7.733309
-0.784180	-0.710449	1.199219	86.106870	147.480916	41.488550	7.743782
-0.790283	-0.214355	1.999939	88.206107	56.778626	43.877863	7.753863
-0.864258	-0.784180	1.999939	83.213740	0.687023	-17.053435	7.764359
-0.964600	-0.536865	1.999939	-10.664122	-144.244275	-84.564885	7.774666
-0.772705	-0.639160	1.841553	-18.007634	-240.801527	-70.091603	7.785278
-1.079102	0.169922	1.215332	-49.732824	-250.137405	-99.274809	7.795958
-0.363281	0.279541	-0.517822	-167.175573	-157.557252	-59.916031	7.806234
-0.130127	-0.065430	-1.226807	-150.839695	-4.770992	-19.022901	7.816808
-0.017090	0.407715	-2.000000	-21.106870	40.435115	-11.725191	7.827250
-0.129395	0.522705	-0.994141	18.000000	121.236641	54.351145	7.837825
-0.347656	-0.197510	0.569580	67.671756	127.374046	54.931298	7.848643
-0.560547	-0.401611	1.152100	72.770992	107.770992	51.725191	7.859132
-0.501221	-0.430664	1.999939	83.137405	81.335878	52.572519	7.869821
-0.590088	-0.437012	1.999939	41.969466	8.877863	18.946565	7.880042
-0.770752	-0.434814	1.999939	-8.656489	-63.045802	-39.045802	7.890960
-0.453857	-0.362305	1.705078	-15.206107	-110.916031	-20.282443	7.901593
-0.719482	0.163086	0.425293	-41.496183	-138.137405	-15.946565	7.911624
-0.149902	-0.028564	-0.443848	-139.923664	-2.641221	8.251908	7.922888
-0.129639	0.285400	-2.000000	-71.832061	88.282443	20.603053	7.933434
-0.027344	0.424072	-1.699219	51.106870	151.687023	66.977099	7.944079
-0.611572	-0.581787	0.911133	82.603053	180.541985	74.603053	7.954101
-0.697510	-0.582764	1.505127	92.053435	98.267176	33.007634	7.964858
-0.664551	0.043213	1.999939	68.725191	82.358779	39.633588	7.974782
-0.717041	-0.823730	1.999939	28.633588	-6.007634	-1.908397	7.984224
-1.069336	-0.367188	1.999939	-19.847328	-127.312977	-81.328244	7.995460
-0.590820	-0.274170	1.704346	-4.671756	-189.717557	-55.183206	8.005888
-0.714844	0.193848	0.845459	-59.496183	-211.541985	-62.709924	8.016469
-0.353027	-0.024414	-0.381348	-122.671756	-115.923664	-38.961832	8.026951
-0.095215	0.058838	-1.371582	-111.236641	3.916031	-4.580153	8.037444
-0.082031	0.443848	-2.000000	15.793893	61.137405	1.625954	8.048137
-0.227295	0.095947	-0.788574	43.160305	182.786260	58.328244	8.058110
-0.604248	-0.613770	1.548340	108.969466	102.335878	29.038168	8.069248
-0.605957	-0.016602	1.965088	91.702290	80.526718	38.557252	8.079554
-0.643555	-0.228760	1.999939	33.076336	18.061069	35.206107	8.089947
-0.786133	-0.556641	1.999939	-0.236641	-82.755725	-13.137405	8.100441
-0.651855	-0.521973	1.999939	-7.954198	-154.175573	-37.885496	8.110975
-0.711426	0.045654	1.561523	-17.610687	-162.396947	-56.374046	8.121501
-0.492432	0.342529	0.125000	-140.038168	-156.167939	-49.473282	8.132295
-0.313232	-0.170898	-0.557129	-174.389313	1.755725	-12.160305	8.142730
0.061035	0.216553	-1.783447	-62.717557	29.229008	-0.938931	8.153304
-0.195801	0.383057	-1.785400	19.458015	95.480916	44.389313	8.163580
-0.656006	-0.453125	0.539307	78.740458	156.992366	38.725191	8.174569
-0.558105	-0.489502	1.552490	84.625954	70.404580	24.251908	8.184646
-0.537109	-0.126709	1.999939	103.213740	43.580153	30.106870	8.195188
-0.655762	-0.336182	1.999939	39.893130	-15.725191	4.526718	8.205435
-0.755371	-0.639648	1.999939	-25.770992	-120.885496	-52.526718	8.216147
-0.559570	-0.666504	1.974365	-46.099237	-153.572519	-60.412214	8.226686
-0.583008	0.174316	0.621826	-84.290076	-198.648855	-56.106870	8.237341
-0.337646	0.266113	-0.597412	-174.068702	-25.412214	2.053435	8.247713
-0.090332	0.151123	-1.338867	-140.770992	90.916031	28.396947	8.258260
0.008545	0.160889	-2.000000	-25.236641	92.480916	40.076336	8.268215
-0.215576	0.156006	-1.023926	48.717557	200.679389	67.343511	8.278560
-0.591309	-0.178223	1.000488	97.419847	178.480916	60.244275	8.288352
-0.788574	-0.085449	1.297852	115.206107	151.900763	83.038168	8.299102
-0.673584	-0.112305	1.999939	110.068702	143.900763	60.396947	8.309481
-0.819580	-0.617188	1.999939	-0.816794	-22.106870	-29.610687	8.320178
-0.784424	-0.989014	1.999939	1.267176	-248.335878	-46.091603	8.330938
-0.906982	-0.468750	1.832764	-25.297710	-200.931298	-88.885496	8.341255
-0.566406	0.290283	0.855225	-115.053435	-245.458015	-77.053435	8.351907
-0.171387	0.193359	-1.135254	-187.938931	-95.488550	-16.030534	8.362357
-0.043945	0.009521	-2.000000	-105.251908	30.152672	-5.152672	8.372978
-0.124268	0.714111	-1.983398	26.198473	132.717557	34.916031	8.383506
-0.300049	-0.021484	-0.176025	28.526718	197.969466	68.816794	8.393338
-0.526611	-0.364746	1.276123	85.160305	133.610687	58.320611	8.404214
-0.383789	-0.453857	1.912598	117.465649	125.030534	49.381679	8.415141
-0.698242	-0.383789	1.999939	56.519084	47.312977	8.068702	8.425656
-0.717529	-1.004639	1.999939	-6.824427	-97.931298	-10.045802	8.435883
-0.711670	-0.910645	1.999939	-6.137405	-130.305344	-72.816794	8.446231
-0.613281	0.081299	1.159912	-79.412214	-195.541985	-82.221374	8.456869
-0.421387	0.198975	-0.217285	-118.320611	-78.374046	-17.038168	8.467707
-0.223389	0.062988	-1.010254	-113.221374	22.167939	-2.480916	8.478299
-0.049316	0.571533	-1.899902	-39.351145	122.038168	27.473282	8.488574
-0.176025	0.102783	-1.062500	4.946565	191.900763	57.770992	8.499145
-0.548096	-0.211182	0.790283	70.473282	178.862595	73.160305	8.509906
-0.644775	-0.474365	1.999939	99.045802	119.931298	73.091603	8.520618
-0.709473	-0.463379	1.999939	80.389313	61.045802	12.839695	8.530979
-0.975830	-0.392578	1.999939	-32.496183	-129.984733	-21.503817	8.542058
-0.751221	-0.718506	1.863037	8.587786	-219.587786	-62.694656	8.552489
-0.724121	-0.007080	1.557129	-40.893130	-233.282443	-68.961832	8.564764
-0.446533	-0.383545	0.063965	-114.908397	-203.000000	-62.702290	8.575824
0.063721	0.332764	-1.862305	-74.038168	-72.709924	-28.244275	8.586242
-0.073975	0.886230	-2.000000	15.167939	153.977099	41.900763	8.596667
-0.218750	0.637939	-1.583008	6.648855	250.129771	97.038168	8.607308
-0.718994	-1.104004	0.905518	38.366412	250.129771	87.816794	8.617793
-0.771729	-0.682129	1.655273	127.190840	198.183206	61.587786	8.628411
-0.838867	-0.242676	1.999939	115.534351	184.122137	15.129771	8.640486
-1.076172	-0.702637	1.999939	-36.099237	-91.274809	-75.091603	8.651466
-0.920410	-1.000732	1.999939	8.625954	-250.137405	-103.068702	8.663618
-0.814453	-0.169922	1.630127	-48.671756	-250.137405	-130.763359	8.674268
-0.625488	0.226562	-0.060547	-72.267176	-250.137405	-90.022901	8.685480
-0.214111	0.436035	-2.000000	-136.259542	-130.564885	-10.267176	8.695809
-0.038574	0.326172	-2.000000	-104.793893	133.656489	23.503817	8.706204
-0.168213	0.543457	-1.696045	4.610687	182.893130	58.122137	8.717018
-0.356201	0.065430	-0.019775	31.984733	227.549618	79.412214	8.727383
-0.570312	-0.346680	1.022949	46.694656	177.755725	99.877863	8.737910
-0.548584	-0.462891	1.743652	79.900763	156.770992	94.732824	8.748531
-0.558350	-0.472900	1.999939	84.854962	116.801527	20.534351	8.758945
-0.835693	-0.658447	1.999939	-34.877863	-130.503817	20.656489	8.769637
-0.611572	-1.013428	1.999939	24.389313	-191.793893	-72.297710	8.780337
-0.685791	-0.175781	1.525391	-51.343511	-250.137405	-92.038168	8.790767
-0.526611	0.064941	0.185059	-86.564885	-208.541985	-74.656489	8.801134
-0.189209	0.354980	-1.590332	-79.496183	-67.114504	-10.427481	8.812247
-0.195068	0.446045	-1.740967	-19.564885	95.129771	17.099237	8.822744
-0.222900	0.466309	-1.114502	-9.190840	148.740458	54.755725	8.832810
-0.578613	-0.262695	0.225342	39.129771	184.595420	69.740458	8.843349
-0.560547	-0.587158	1.413574	66.221374	121.503817	69.572519	8.853954
-0.581299	-0.560303	1.999939	74.954198	120.847328	34.748092	8.864295
-0.665527	-0.425049	1.999939	-16.671756	20.000000	-1.267176	8.874676
-0.569824	-0.746338	1.999939	-10.038168	-80.786260	-27.480916	8.885107
-0.765137	-0.460449	1.872803	-25.725191	-145.961832	-50.656489	8.895490
-0.520020	-0.159912	1.233154	-61.068702	-158.687023	-60.061069	8.905514
-0.466797	-0.034912	0.150879	-58.938931	-147.900763	-44.000000	8.915618
-0.137207	0.104004	-0.724121	-62.145038	-34.343511	-4.328244	8.925121
-0.207764	0.080811	-1.126221	-29.946565	50.549618	-6.816794	8.935230
-0.265381	0.384033	-0.776611	8.450382	107.839695	30.824427	8.946130
-0.415527	-0.163574	0.576904	45.015267	132.290076	53.251908	8.956565
-0.453613	-0.551270	1.540039	53.244275	91.877863	44.259542	8.967152
-0.533203	-0.712891	1.999939	36.839695	45.641221	14.893130	8.977486
-0.729004	-0.307373	1.999939	-6.137405	-62.160305	-31.206107	8.988299
-0.564697	-0.465332	1.638428	-6.610687	-106.809160	-33.259542	8.998736
-0.517822	-0.064697	1.088379	-39.862595	-133.603053	-32.312977	9.008861
-0.219482	0.036865	-0.228271	-45.572519	-89.877863	-18.755725	9.019605
-0.126465	-0.106445	-1.209961	-36.290076	31.763359	7.053435	9.030325
-0.171387	0.316895	-1.518799	3.931298	99.671756	21.496183	9.040789
-0.363037	0.231445	-0.515137	51.541985	199.167939	66.229008	9.051265
-0.640625	-0.665527	0.718506	42.305344	195.351145	67.145038	9.061632
-0.664551	-0.607910	1.886230	80.862595	161.847328	36.564885	9.072259
-0.655762	-0.595947	1.999939	48.778626	110.175573	-29.946565	9.082446
-0.793701	-0.787109	1.999939	1.633588	-70.206107	-28.748092	9.093151
-0.919434	-0.733643	1.999939	-23.412214	-122.106870	-79.931298	9.103483
-0.821289	-0.109131	1.951172	-71.519084	-183.961832	-110.931298	9.114318
-0.787354	0.048340	0.785156	-94.374046	-202.305344	-57.229008	9.124635
-0.319336	-0.116211	0.050781	-113.053435	-98.015267	-37.541985	9.135246
-0.169189	-0.073242	-1.660645	-90.580153	8.160305	-48.549618	9.145687
-0.083740	0.311279	-1.019775	5.900763	78.511450	-39.625954	9.156208
-0.049072	0.837891	-0.965088	56.541985	73.977099	20.312977	9.167201
-0.350342	0.149902	0.255371	49.969466	116.083969	62.534351	9.177784
-0.314941	-0.555908	1.035400	88.389313	59.809160	40.099237	9.187527
-0.282959	-0.358154	1.171143	159.496183	78.984733	34.030534	9.197178
-0.471436	0.033936	1.641113	124.091603	71.274809	17.625954	9.207158
-0.616211	-0.720703	1.999939	-14.610687	-29.618321	38.091603	9.218446
-0.615479	-0.750977	1.999939	3.816794	-43.900763	-17.954198	9.229129
-0.632324	-0.394775	1.999939	0.564885	-91.603053	-30.167939	9.239811
-0.765625	-0.194824	1.929932	-85.137405	-138.221374	-64.320611	9.250372
-0.698730	0.166748	0.953125	-126.412214	-135.122137	-27.816794	9.261127
-0.404785	-0.235840	-0.042969	-121.557252	-71.389313	1.389313	9.271413
0.051270	0.169678	-1.898438	-47.961832	-38.106870	-24.022901	9.281754
-0.080322	0.522705	-1.993652	42.312977	64.152672	1.335878	9.292131
-0.333252	0.413574	-0.387939	91.885496	136.343511	58.335878	9.302603
-0.462646	-0.718994	1.180420	82.053435	107.099237	50.862595	9.312990
-0.410156	-0.047363	1.237549	124.045802	114.213740	-5.801527	9.323661
-0.460693	0.381104	1.178711	100.480916	99.335878	64.412214	9.334192
-0.475586	-0.486084	1.999939	18.450382	38.671756	57.236641	9.344519
-0.682129	-0.923340	1.999939	-11.221374	-21.374046	10.167939	9.355071
-0.705322	-0.811768	1.999939	11.496183	-58.320611	-21.480916	9.365807
-0.778564	-0.454346	1.999939	-74.786260	-156.152672	-59.770992	9.376234
-0.702637	-0.068604	1.119873	-163.503817	-147.290076	-43.190840	9.386572
-0.639893	-0.291992	0.337891	-169.977099	-67.458015	-19.549618	9.396465
-0.236084	-0.196533	-0.557861	-106.305344	-53.572519	-57.633588	9.406177
-0.111328	0.061523	-1.214844	0.305344	-20.870229	-54.022901	9.417570
-0.060303	0.660889	-0.818115	42.137405	15.045802	-8.106870	9.428415
-0.472168	0.330566	-0.806396	77.160305	34.587786	6.969466	9.438834
-0.299561	-0.484375	0.883545	91.244275	87.625954	41.053435	9.449286
-0.289062	-0.101807	0.973877	182.343511	79.656489	27.511450	9.459981
-0.402344	-0.049072	1.352051	62.862595	122.274809	20.091603	9.470351
-0.387207	-0.700195	1.762939	-15.816794	53.335878	38.992366	9.480659
-0.556152	-0.810059	1.999939	10.717557	56.778626	20.534351	9.490578
-0.655273	-0.539551	1.999939	-0.229008	-8.076336	-11.595420	9.500430
-0.668457	-0.248047	1.999939	-83.763359	-75.870229	-31.083969	9.511644
-0.654541	-0.213623	1.522461	-141.870229	-96.656489	-35.648855	9.521763
-0.677002	-0.370361	0.895752	-138.954198	-87.526718	-7.236641	9.532429
-0.200928	-0.198730	-0.488037	-88.015267	-88.916031	-38.442748	9.543117
-0.092773	-0.053955	-1.338379	10.045802	-52.068702	-64.206107	9.552966
-0.030273	0.556641	-0.780518	46.251908	-12.335878	-23.931298	9.563264
-0.328369	0.641113	-0.857910	70.114504	41.541985	17.015267	9.573251
-0.394775	-0.177490	0.478271	46.824427	112.618321	65.687023	9.584025
-0.367188	-0.444336	1.356689	97.038168	80.740458	43.862595	9.593982
-0.330322	0.078613	0.973145	121.343511	112.381679	41.000000	9.604630
-0.745850	0.109619	1.293457	-8.229008	94.618321	81.091603	9.614844
-0.568848	-0.630127	1.999939	-5.022901	95.732824	53.801527	9.625529
-0.626709	-0.691650	1.999939	21.694656	-6.832061	16.435115	9.636137
-0.780518	-0.480469	1.999939	-34.954198	-105.290076	-20.572519	9.646408
-0.728516	-0.367188	1.813965	-110.679389	-168.786260	-57.312977	9.656439
-0.475098	-0.358154	0.695801	-134.465649	-148.511450	-54.809160	9.667351
-0.324463	-0.439941	-0.252197	-96.687023	-132.351145	-73.160305	9.677907
-0.172607	0.093994	-1.118164	2.778626	-89.641221	-71.908397	9.688421
-0.147461	0.768555	-1.227295	51.916031	6.580153	-15.412214	9.699132
-0.313232	0.500488	-0.621094	34.267176	98.709924	36.374046	9.710062
-0.399414	-0.234863	0.082764	48.908397	139.122137	52.618321	9.720373
-0.420654	-0.391113	1.213135	92.450382	140.656489	57.809160	9.730819
-0.436523	-0.215088	1.221924	98.480916	139.854962	44.809160	9.740978
-0.526855	-0.202393	1.804443	2.259542	116.549618	44.770992	9.751760
-0.483398	-0.351807	1.999939	-7.793893	53.412214	39.648855	9.762064
-0.667236	-0.556885	1.999939	-7.236641	-16.755725	23.564885	9.772531
-0.772705	-0.756592	1.999939	-43.015267	-97.030534	-33.793893	9.783371
-0.674805	-0.320801	1.777100	-97.083969	-178.679389	-55.519084	9.793943
-0.564209	-0.495361	0.966553	-139.450382	-168.503817	-53.450382	9.803935
-0.510010	-0.263184	-0.245117	-91.335878	-180.931298	-107.351145	9.815365
-0.284424	0.136963	-0.826660	5.580153	-137.320611	-86.648855	9.825430
-0.248291	0.388428	-0.750977	35.015267	-50.244275	-48.908397	9.836323
-0.264404	0.471191	-0.584717	26.145038	16.832061	-19.297710	9.847049
-0.306885	0.057617	-0.102539	27.145038	89.702290	33.656489	9.856846
-0.320557	-0.447266	1.095215	72.061069	96.954198	35.564885	9.866730
-0.312012	-0.243408	1.359863	93.885496	77.122137	35.786260	9.876500
-0.348145	-0.215088	1.386719	60.732824	90.160305	30.068702	9.887479
-0.468750	-0.553467	1.872803	-46.954198	43.427481	23.389313	9.897648
-0.493896	-0.649414	1.999939	14.145038	6.076336	-9.854962	9.908107
-0.598389	-0.614258	1.999939	-46.129771	-92.832061	-35.160305	9.918973
-0.437012	-0.075195	1.365967	-108.435115	-113.694656	-37.618321	9.929147
-0.414062	-0.320068	0.428711	-141.343511	-10.190840	2.259542	9.939915
-0.063477	-0.023682	-0.973877	-76.832061	-11.786260	-32.198473	9.950399
0.001221	0.232422	-1.087891	26.877863	25.435115	-18.374046	9.960396
-0.034912	0.320312	-0.526367	46.290076	52.351145	-0.633588	9.971033
-0.377930	0.124756	-0.209229	80.572519	40.412214	2.137405	9.980517
-0.328613	-0.342529	0.731689	94.679389	58.366412	23.045802	9.988928
-0.396240	-0.334229	1.123535	152.679389	63.213740	-4.335878	9.997154
-0.387451	0.270264	1.184082	105.748092	90.946565	22.274809	10.005346
-0.409668	-0.147949	1.758545	63.129771	75.679389	39.870229	10.014276
-0.482910	-0.678711	1.999939	-17.183206	17.404580	20.992366	10.022701
-0.514648	-0.890625	1.999939	-11.511450	-22.549618	-10.061069	10.030906
-0.718018	-0.796631	1.999939	-23.839695	-76.732824	-27.778626	10.039572
-0.721924	-0.542969	1.999939	-103.129771	-178.099237	-65.374046	10.048111
-0.730957	0.005127	1.505127	-176.061069	-159.419847	-23.992366	10.056558
-1.000977	-0.032715	0.578613	-200.465649	-104.832061	-7.160305	10.065190
-0.501953	-0.473389	-0.068359	-171.587786	-53.625954	-33.427481	10.073625
-0.113525	-0.266113	-1.109375	-80.167939	-31.442748	-68.870229	10.082030
0.039307	0.328857	-1.741943	20.389313	-2.770992	-55.320611	10.090371
-0.021973	0.719727	-1.641602	50.335878	41.763359	-20.603053	10.098844
0.000732	1.039062	-1.168945	55.717557	92.091603	12.366412	10.106882
-0.450684	0.362549	-0.052246	70.885496	81.282443	53.099237	10.114847
-0.240967	-0.496826	1.290283	115.297710	91.679389	53.847328	10.123225
-0.309082	-0.147949	1.300781	173.603053	102.671756	32.618321	10.131520
-0.288574	0.483643	1.298096	116.366412	112.374046	48.511450	10.140088
-0.459229	-0.360596	1.763916	41.938931	35.778626	101.946565	10.148558
-0.399414	-1.088623	1.999939	-1.679389	36.938931	55.809160	10.157040
-0.561768	-1.690430	1.999939	-36.625954	-4.885496	-4.488550	10.165123
-0.715332	-1.063965	1.999939	-18.961832	-100.778626	-76.282443	10.173761
-0.701416	-0.286133	1.999939	-110.603053	-209.740458	-86.290076	10.182353
-0.704590	0.195801	0.594238	-210.152672	-145.328244	-42.839695	10.190452
-0.621582	-0.102783	-0.054443	-219.351145	-40.793893	-25.244275	10.198509
-0.326172	0.002930	-0.783936	-143.137405	27.083969	-31.267176	10.206845
-0.051758	0.275879	-1.386963	-23.106870	5.435115	-50.221374	10.215632
0.074219	0.669678	-1.466797	36.519084	16.213740	-22.793893	10.223966
-0.052490	0.710938	-1.074707	62.351145	49.122137	2.137405	10.232443
-0.437256	0.515381	-0.159424	115.236641	53.236641	28.267176	10.241033
-0.213623	-0.583984	1.309326	110.931298	66.770992	73.725191	10.249471
-0.438721	-0.534180	1.545166	197.312977	77.954198	36.519084	10.257908
-0.318604	-0.413086	1.999939	104.343511	83.366412	38.099237	10.266638
-0.616211	-0.695801	1.999939	-18.877863	-21.725191	41.000000	10.275149
-0.424072	-1.245850	1.999939	-33.435115	-26.824427	-8.625954	10.283596
-0.699463	-1.166504	1.999939	-51.732824	-109.648855	-73.259542	10.292050
-0.500488	-0.141602	1.434082	-117.167939	-143.061069	-72.496183	10.300413
-0.647217	0.416016	-0.010254	-171.938931	-51.809160	-8.541985	10.308848
-0.472412	0.093750	-0.497559	-163.091603	75.511450	28.045802	10.317679
-0.095215	-0.003906	-0.467773	-115.091603	111.519084	22.068702	10.326053
-0.007080	0.526855	-1.336914	-14.244275	97.335878	-2.564885	10.334476
0.058594	0.725342	-1.639648	30.076336	83.824427	32.335878	10.342842
-0.166260	0.434082	-0.437500	97.755725	135.984733	69.755725	10.351496
-0.571777	0.107666	1.191406	105.351145	81.641221	71.145038	10.360019
-0.439697	-0.492432	1.401611	124.503817	72.549618	99.923664	10.368311
-0.443848	-0.237061	1.731934	188.862595	92.755725	30.664122	10.376819
-0.583984	-0.230225	1.999939	96.977099	79.870229	46.160305	10.385463
-0.865723	-1.374756	1.999939	11.519084	-66.610687	59.259542	10.393738
-0.656250	-1.503906	1.999939	-30.832061	-95.122137	-52.534351	10.402468
-0.700684	-1.006104	1.999939	-15.549618	-119.480916	-67.648855	10.410753
-0.683105	0.132568	1.158691	-73.748092	-148.893130	-66.893130	10.418576
-0.647217	0.177246	0.096191	-177.526718	-24.862595	-2.641221	10.427599
-0.595215	-0.018799	-0.204834	-147.229008	26.106870	2.862595	10.435870
-0.149902	-0.092529	-0.224121	-89.045802	51.167939	2.435115	10.444123
-0.025635	0.195801	-0.920654	-26.198473	23.954198	-10.832061	10.452695
0.070068	0.487305	-1.491699	16.709924	33.709924	-1.343511	10.461330
-0.128662	0.320801	-0.345215	70.129771	60.816794	9.145038	10.469497
-0.359619	0.029541	0.312012	126.137405	9.541985	40.442748	10.477360
-0.422607	-0.474854	1.114258	135.984733	21.900763	59.511450	10.486035
-0.415771	-0.355225	1.650635	181.702290	24.656489	44.244275	10.494250
-0.517334	-0.249023	1.999939	117.541985	66.068702	16.648855	10.502581
-0.599609	-0.782959	1.999939	-41.824427	-4.343511	-29.076336	10.511070
-0.498047	-1.021240	1.999939	-53.709924	-109.297710	-18.442748	10.519260
-0.749268	-0.705566	1.999939	6.343511	-108.473282	-51.473282	10.527929
-0.554443	0.019043	1.256592	-99.793893	-116.328244	-54.801527	10.536408
-0.521973	0.254883	0.220215	-162.610687	-23.549618	-10.961832	10.544633
-0.464600	0.055176	-0.394043	-156.007634	41.198473	19.946565	10.553228
-0.047363	-0.032959	-0.928955	-90.045802	119.160305	31.259542	10.562859
0.204346	0.623779	-2.000000	13.198473	129.709924	31.625954	10.573340
-0.018555	0.738037	-1.857666	40.419847	180.709924	73.396947	10.581816
-0.603027	-0.503662	0.771973	115.732824	181.687023	63.358779	10.590287
-0.693604	-0.348877	1.925781	98.038168	97.946565	70.091603	10.598516
-0.696533	-0.522949	1.999939	168.282443	84.496183	61.442748	10.606673
-0.724854	-0.419189	1.999939	137.923664	69.916031	-1.656489	10.614561
-0.994629	-0.748047	1.999939	-62.847328	-64.625954	13.648855	10.623209
-0.827393	-1.362549	1.999939	-8.007634	-191.740458	-64.328244	10.631618
-1.198486	-0.737305	1.999939	-41.427481	-186.564885	-96.488550	10.639672
-1.086182	-0.108398	1.999939	-126.297710	-250.137405	-116.106870	10.648131
-0.796387	0.018311	1.027832	-220.549618	-231.618321	-91.702290	10.656666
-0.688477	-0.542725	-0.690430	-207.519084	-119.763359	-62.877863	10.665178
-0.040771	-0.103271	-1.238770	-127.290076	21.290076	-48.389313	10.673280
0.354248	0.985596	-2.000000	-32.625954	95.343511	-20.328244	10.681833
0.607178	1.381104	-2.000000	24.580153	127.221374	4.229008	10.690311
0.321045	1.183594	-2.000000	39.167939	181.206107	49.763359	10.698640
-0.364502	0.053711	0.268555	91.740458	145.526718	68.030534	10.707272
-0.579834	-0.283203	0.943604	170.908397	70.885496	87.419847	10.715918
-0.459473	-0.042480	0.750977	250.129771	115.946565	107.312977	10.723814
-0.679199	0.357178	1.999939	215.450382	188.053435	73.122137	10.732576
-0.596680	-0.552490	1.999939	-23.213740	89.099237	24.687023	10.741053
-1.013184	-1.976318	1.999939	-48.244275	-143.076336	33.954198	10.749162
-0.751709	-1.726562	1.999939	22.763359	-153.839695	-69.312977	10.757868
-0.944092	-1.177734	1.999939	-4.732824	-237.152672	-117.106870	10.766001
-0.844238	0.109619	1.999939	-87.633588	-250.137405	-146.519084	10.773707
-0.965332	0.615967	0.533691	-191.175573	-220.030534	-78.839695	10.781612
-0.810547	0.151855	-0.553711	-218.175573	-74.351145	1.664122	10.789962
-0.388916	-0.006836	-0.335693	-155.282443	84.908397	11.274809	10.798757
0.069824	0.302490	-0.790771	-78.282443	88.190840	-0.419847	10.807287
0.134277	0.256836	-1.374512	-8.816794	62.763359	-5.061069	10.815864
0.144775	0.719727	-1.025635	46.801527	53.893130	12.954198	10.824356
-0.046631	0.686279	-0.250244	60.885496	66.839695	49.740458	10.832373
-0.453369	0.071289	0.185547	92.656489	15.412214	48.221374	10.840321
-0.289551	-0.549561	0.977783	88.992366	17.755725	65.587786	10.848007
-0.426025	-0.464355	1.108398	174.816794	10.557252	46.961832	10.856501
-0.426270	-0.139893	1.427734	165.519084	52.267176	40.076336	10.865221
-0.663330	-0.212646	1.999939	23.099237	16.274809	17.511450	10.873656
-0.491211	-1.046143	1.999939	-4.954198	-49.671756	15.977099	10.882107
-0.615479	-0.636719	1.974854	-1.374046	-62.488550	-15.259542	10.890262
-0.558838	-0.643066	1.970947	-15.541985	-59.442748	-32.488550	10.898892
-0.631836	-0.040039	1.172119	-74.946565	-86.633588	-32.664122	10.906939
-0.420166	0.116211	0.436768	-138.358779	6.496183	13.015267	10.915688
-0.331543	-0.074707	-0.068115	-112.931298	31.870229	9.160305	10.923667
-0.042480	0.146973	-1.115723	-51.748092	28.717557	2.267176	10.932356
0.013916	0.168213	-1.608887	7.022901	56.778626	7.450382	10.940881
-0.125244	0.353271	-1.010254	72.236641	112.183206	31.442748	10.949067
-0.535400	-0.030029	0.498535	138.190840	116.717557	48.587786	10.957594
-0.682129	-0.589600	1.468506	99.274809	71.068702	65.633588	10.966210
-0.731445	-0.759521	1.999939	114.450382	71.190840	51.236641	10.974688
-0.711914	-0.780029	1.999939	61.671756	80.305344	-39.236641	10.982952
-0.934814	-0.666016	1.999939	-65.198473	-32.099237	-59.152672	10.991594
-0.870117	-1.265137	1.999939	-57.954198	-179.015267	-83.938931	10.999930
-1.012207	-0.263672	1.999939	-56.618321	-183.992366	-115.893130	11.008272
-0.828857	0.517090	1.010254	-151.335878	-170.938931	-69.870229	11.016823
-0.716553	0.300537	0.278076	-220.129771	-57.549618	-21.045802	11.025172
-0.623779	-0.271973	-0.009277	-170.404580	23.992366	-12.969466	11.032992
0.067871	-0.078369	-0.550293	-141.251908	72.770992	-11.511450	11.041050
0.318604	0.331787	-1.746338	-68.969466	78.961832	-28.992366	11.048717
0.551514	0.783936	-1.940918	-5.793893	90.473282	-18.916031	11.056333
0.331543	0.777100	-1.657959	32.526718	92.885496	32.419847	11.064188
-0.070801	0.160645	-0.227783	87.961832	68.442748	37.534351	11.071791
-0.367432	-0.251221	0.840088	159.007634	22.099237	27.526718	11.079776
-0.413574	0.216309	0.726562	198.305344	-9.152672	73.740458	11.087845
-0.419678	0.204590	1.084229	250.129771	64.099237	81.870229	11.096404
-0.614990	0.100342	1.830811	160.755725	98.145038	55.229008	11.104647
-0.857178	-0.924561	1.999939	-1.480916	31.793893	51.534351	11.112990
-0.620605	-1.458252	1.999939	-26.854962	-44.709924	4.427481	11.121610
-0.739014	-1.515381	1.999939	-20.595420	-66.412214	7.809160	11.129567
-0.955322	-0.710205	1.999939	22.267176	-91.160305	-78.824427	11.138183
-0.813721	0.230957	1.999939	-144.969466	-153.160305	-67.045802	11.146548
-0.831299	0.278320	0.932373	-224.587786	-102.618321	-25.702290	11.154598
-0.803467	0.032715	0.343262	-198.816794	-29.335878	3.282443	11.163371
-0.391113	-0.167725	0.193115	-168.374046	25.244275	1.664122	11.171735
-0.029297	-0.202393	-0.133789	-104.610687	40.763359	-17.458015	11.180897
0.304932	0.240234	-1.650146	-13.564885	8.717557	-22.832061	11.191214
0.278320	0.600342	-1.291748	52.541985	24.450382	3.519084	11.201639
-0.261719	0.513916	-0.714111	103.045802	7.648855	32.236641	11.211667
-0.451904	-0.430420	1.133789	116.099237	23.511450	48.389313	11.222778
-0.303711	-0.192871	1.103027	219.511450	27.068702	51.709924	11.232692
-0.494629	-0.362305	1.766113	110.946565	93.099237	59.610687	11.243449
-0.755859	-0.691406	1.999939	-31.267176	-6.198473	18.038168	11.253824
-0.543701	-0.978516	1.999939	-34.893130	-16.083969	2.610687	11.264217
-0.791748	-0.573486	1.999939	-16.908397	-86.198473	-44.267176	11.274687
-0.763184	0.107666	1.416016	-145.480916	-117.091603	-35.595420	11.285385
-0.756836	0.100098	0.564209	-179.068702	-19.374046	5.053435	11.295890
-0.033691	-0.313965	-0.701172	-178.801527	48.557252	16.465649	11.306320
0.366699	0.314941	-1.880859	-15.603053	62.312977	-23.717557	11.317271
0.227783	0.717773	-1.826660	47.259542	81.770992	24.603053	11.327508
-0.374268	0.120117	-0.147949	130.908397	91.267176	45.961832	11.337435
-0.612305	-0.498535	1.481201	123.748092	45.763359	44.709924	11.348284
-0.642090	-0.205566	1.264648	207.404580	32.748092	57.923664	11.358443
-0.610840	-0.068848	1.988281	114.801527	109.290076	30.114504	11.368229
-0.753906	-0.604492	1.999939	-27.885496	21.335878	-14.519084	11.377741
-0.731934	-1.285400	1.999939	-19.274809	-39.587786	-6.938931	11.389023
-0.757568	-0.389893	1.999939	16.129771	-82.000000	-59.267176	11.399186
-0.567627	0.484375	0.947510	-99.870229	-77.427481	-21.625954	11.410135
-0.611084	0.250732	0.473389	-167.000000	34.129771	26.106870	11.420536
-0.416016	-0.113525	0.243408	-126.114504	71.458015	50.442748	11.430928
0.018066	-0.257812	-0.342285	-89.335878	32.717557	-3.129771	11.441161
0.030029	-0.001221	-1.107178	20.877863	19.549618	-12.251908	11.451693
-0.185303	-0.045898	0.245117	63.343511	35.519084	15.603053	11.461627
-0.333984	-0.111084	0.686523	101.343511	-12.931298	13.671756	11.471794
-0.460449	-0.317383	0.955811	78.679389	-27.259542	8.603053	11.481735
-0.487793	-0.218994	1.356934	100.206107	-14.267176	16.251908	11.491043
-0.499023	-0.225342	1.653809	93.603053	3.236641	5.916031	11.501799
-0.677246	-0.479492	1.895508	-15.503817	-51.870229	-2.183206	11.512579
-0.636963	-0.509277	1.572998	-34.519084	-96.419847	-14.740458	11.522562
-0.595947	-0.270752	1.406494	17.969466	-58.770992	-18.763359	11.533327
-0.558838	-0.002930	1.041504	-108.587786	-60.801527	-3.564885	11.543609
-0.528320	-0.230713	0.708740	-143.572519	-12.000000	-14.366412	11.554006
-0.200928	-0.253418	-0.132324	-83.038168	-14.854962	-30.664122	11.564432
-0.076416	0.172852	-0.879395	2.938931	-10.236641	-18.450382	11.574935
-0.152588	0.261963	-0.058594	24.083969	32.610687	6.251908	11.585102
-0.352539	0.017334	0.332275	71.167939	10.931298	-8.175573	11.595789
-0.458496	-0.315918	0.948730	81.000000	22.839695	8.557252	11.606246
-0.442383	-0.353516	1.355957	90.465649	13.534351	24.740458	11.616913
-0.506592	-0.480713	1.724854	9.854962	28.496183	31.213740	11.627855
-0.606201	-0.482178	1.999939	-38.839695	18.167939	-37.412214	11.638300
-0.418945	-0.550049	1.999939	-69.244275	-36.343511	-48.931298	11.647973
-0.663086	-0.320068	1.899170	-91.282443	-119.633588	-22.984733	11.657413
-0.795654	-0.028564	1.400146	-154.923664	-79.267176	-24.106870	11.667575
-0.639160	-0.103027	0.734863	-184.274809	-4.694656	16.885496	11.677970
-0.305664	-0.904053	-0.310059	-150.305344	75.854962	0.083969	11.688400
0.346191	-0.301758	-0.485840	-22.274809	130.091603	-24.801527	11.698738
0.361572	0.633545	-1.367188	62.343511	10.740458	-48.709924	11.709068
0.268066	0.926270	-1.290039	112.984733	36.992366	-21.038168	11.720208
-0.255371	-0.042725	-0.204834	100.809160	-11.129771	-2.931298	11.730442
-0.585205	-0.193359	1.330811	208.801527	-48.870229	20.893130	11.740590
-0.483398	0.683838	0.812744	230.709924	26.687023	54.824427	11.751345
-0.643311	-0.015381	1.483643	32.656489	98.885496	72.625954	11.761920
-0.628174	-0.761719	1.999939	-95.755725	51.587786	28.435115	11.772010
-0.626221	-1.308350	1.999939	17.664122	32.328244	35.335878	11.782647
-0.741943	-0.513184	1.999939	-3.221374	4.152672	-0.435115	11.793200
-0.808594	-0.139893	1.999939	-155.236641	-43.152672	-44.541985	11.803468
-0.888184	0.099854	0.992188	-190.038168	-17.946565	-4.145038	11.814331
-0.670410	-0.207764	0.237305	-162.572519	34.793893	41.946565	11.825188
-0.087891	-0.259766	-0.148926	-85.251908	55.511450	4.145038	11.835602
0.066162	-0.144287	-1.542236	-10.687023	39.160305	-27.541985	11.845527
0.194824	0.445801	-0.944092	54.267176	59.557252	1.145038	11.856417
-0.172607	0.481445	-0.028564	96.328244	46.396947	32.389313	11.866869
-0.295410	-0.280762	0.767334	80.725191	45.007634	45.206107	11.876783
-0.486816	-0.099365	1.130859	151.549618	36.832061	56.274809	11.887761
-0.466797	-0.132324	1.318604	142.381679	69.961832	87.473282	11.898123
-0.486328	-0.155762	1.644043	45.786260	96.099237	-16.099237	11.908751
-0.686279	-0.980225	1.867432	-39.694656	20.496183	46.564885	11.919980
-1.031982	-1.263428	1.999939	-3.755725	-8.076336	-13.458015	11.930115
-1.113525	-0.535156	1.999939	-76.687023	-127.381679	-88.236641	11.940838
-0.725830	-0.011475	0.752930	-172.877863	-94.809160	-64.435115	11.951078
-0.520508	0.188232	-0.125977	-166.618321	15.290076	-31.969466	11.960842
-0.074707	-0.058350	-0.360596	-117.259542	33.541985	-32.763359	11.970153
0.025635	0.304688	-0.958252	-13.709924	9.343511	-45.717557	11.980664
0.119873	0.420410	-0.507324	21.290076	20.038168	6.274809	11.991101
-0.439941	0.317627	0.033691	106.946565	-0.053435	9.213740	12.001720
-0.406006	-0.239258	0.952393	87.145038	9.770992	47.954198	12.012357
-0.540527	-0.114258	0.789062	143.137405	4.419847	57.564885	12.022603
-0.551270	-0.316895	1.052979	88.053435	94.068702	55.923664	12.033097
-0.723877	-0.241943	1.879395	-8.404580	83.763359	8.190840	12.043782
-0.684814	-0.931885	1.934570	-22.480916	46.290076	17.770992	12.053991
-0.928223	-0.457275	1.999939	-16.557252	-11.076336	-12.274809	12.064675
-0.870361	-0.489014	1.999939	-91.122137	-63.251908	-34.190840	12.075027
-0.702637	-0.167969	1.000488	-167.221374	-54.343511	-52.221374	12.085492
-0.449707	-0.288818	0.445557	-137.419847	-47.740458	-71.465649	12.096102
-0.073486	-0.016357	-0.328125	-63.251908	-92.732824	-66.557252	12.106135
0.221680	0.244141	-1.294189	17.648855	-82.274809	-43.938931	12.115979
0.087158	0.723145	-1.478760	66.091603	-7.404580	-18.671756	12.125227
-0.150146	0.778564	-1.030273	113.076336	77.473282	52.335878	12.134569
-0.469482	-0.316650	1.088623	111.328244	97.954198	70.511450	12.145663
-0.442383	-0.032715	1.187012	186.824427	75.916031	71.496183	12.155861
-0.628662	0.370361	0.739746	135.603053	135.770992	97.809160	12.166495
-0.926758	-0.623291	1.625977	-6.129771	102.335878	79.931298	12.176863
-0.900391	-0.935791	1.999939	-17.053435	33.083969	29.809160	12.187503
-1.141113	-1.144043	1.999939	-2.526718	-12.923664	-17.442748	12.198025
-1.278076	-0.596924	1.999939	-74.534351	-119.786260	-90.206107	12.208366
-1.203857	0.086182	1.651367	-216.137405	-119.564885	-75.893130	12.219125
-1.194092	-0.003662	0.813477	-236.900763	-82.954198	-62.282443	12.229619
-0.297363	-0.441895	0.029785	-203.312977	-42.992366	-84.229008	12.240472
0.122314	0.055420	-1.244629	-85.442748	-43.068702	-110.290076	12.250234
0.278076	0.361572	-1.643799	1.503817	-24.328244	-75.099237	12.259685
0.231445	0.748047	-0.889893	30.183206	14.755725	-22.786260	12.269121
-0.023682	0.799805	-0.366211	62.916031	31.969466	12.450382	12.278653
-0.096924	0.058350	0.262939	52.458015	37.961832	47.137405	12.288325
-0.317627	-0.279053	0.822266	184.519084	13.328244	52.977099	12.298560
-0.233154	0.462402	0.567139	182.190840	40.259542	103.137405	12.309070
-0.457275	-0.097412	0.581543	159.778626	102.496183	106.213740	12.319633
-0.790283	-0.467773	1.901123	24.748092	105.419847	56.251908	12.330101
-0.783936	-1.252930	1.999939	-19.236641	-3.557252	27.198473	12.340260
-1.036133	-1.255615	1.999939	-25.778626	-4.633588	-24.572519	12.351222
-1.214355	-0.705078	1.999939	-62.748092	-80.725191	-106.885496	12.361220
-1.034912	0.153320	1.999939	-160.503817	-136.641221	-94.740458	12.371943
-0.834961	0.050537	0.406006	-209.694656	-101.877863	-68.045802	12.382235
-0.051025	-0.030273	-0.531006	-119.251908	-85.587786	-82.099237	12.392709
0.028076	0.057129	-1.228516	-39.312977	-85.923664	-70.610687	12.402336
0.220215	0.403076	-1.023926	55.557252	-24.648855	-33.725191	12.412383
-0.165771	0.590088	-0.512207	98.129771	4.213740	19.748092	12.423918
-0.245117	-0.280518	0.323975	89.770992	65.435115	56.236641	12.434271
-0.310059	-0.208252	1.136475	126.824427	49.770992	28.908397	12.444719
-0.429932	0.086182	0.759521	151.221374	46.351145	80.053435	12.455079
-0.444824	-0.604736	1.537598	79.259542	121.992366	58.549618	12.465202
-0.745117	-0.667725	1.999939	-29.832061	32.709924	14.839695	12.475973
-0.801758	-0.891602	1.999939	-6.251908	-2.442748	-10.083969	12.486128
-0.907471	-0.476318	1.999939	-35.167939	-80.664122	-56.305344	12.496618
-0.852051	0.024902	1.387451	-149.633588	-93.122137	-47.977099	12.506942
-0.785156	-0.179443	0.604248	-192.671756	-25.389313	-42.748092	12.517758
0.181885	-0.209473	-0.409668	-148.847328	-0.435115	-73.916031	12.528432
0.387939	0.284180	-2.000000	-49.709924	1.580153	-46.374046	12.538790
0.441162	1.150146	-2.000000	55.343511	74.816794	19.603053	12.549822
-0.351562	0.627686	-0.854492	174.992366	110.648855	71.610687	12.560144
-0.460449	-0.156982	1.019043	222.236641	93.251908	95.511450	12.572156
-0.472412	0.564941	0.955811	250.129771	100.564885	116.160305	12.582571
-1.044922	-0.657715	1.934082	114.816794	133.702290	96.206107	12.593494
-1.088867	-1.861328	1.999939	-51.801527	-45.160305	16.488550	12.604334
-1.143555	-1.146729	1.999939	10.740458	-110.083969	-51.435115	12.615074
-1.076660	-0.282471	1.999939	-42.625954	-167.969466	-105.213740	12.625462
-0.770996	0.555664	0.757568	-182.312977	-94.450382	-107.778626	12.636172
-1.070801	0.035645	0.238281	-181.641221	-75.549618	-9.610687	12.646494
-0.431641	0.080566	0.053711	-137.610687	8.900763	-10.381679	12.656876
-0.030762	0.003662	-0.397217	-130.381679	30.106870	-67.603053	12.667050
0.048096	-0.152832	-1.223145	-55.908397	-4.549618	-55.068702	12.677657
-0.066650	0.510498	-0.678955	81.877863	29.519084	1.938931	12.687787
-0.264648	0.253662	0.129150	82.374046	31.694656	53.213740	12.698368
-0.245117	-0.283203	0.882568	76.740458	53.091603	41.396947	12.708912
-0.271240	0.199219	1.062256	147.748092	25.603053	47.068702	12.719525
-0.521240	-0.195312	1.338867	72.984733	30.946565	88.717557	12.730136
-0.544189	-0.773682	1.999939	32.732824	-3.572519	33.702290	12.740640
-0.739014	-0.778809	1.964355	17.755725	-68.717557	10.274809	12.750807
-0.841064	-0.907959	1.999939	-21.786260	-69.053435	-22.442748	12.761331
-0.780273	-0.353760	1.467773	-73.259542	-77.557252	-69.091603	12.770987
-0.741455	0.277344	0.322021	-193.038168	-20.885496	-24.229008	12.781984
-0.245850	0.003418	-0.189697	-161.824427	72.145038	-17.893130	12.792130
0.083740	0.284424	-1.191406	-85.213740	49.480916	-28.717557	12.802718
