0.008789	0.117188	0.912598	-0.694656	1.984733	0.274809	0.007207
0.013672	0.116699	0.930176	-0.946565	2.587786	1.160305	0.015508
0.012207	0.109375	0.941895	-1.427481	3.152672	1.755725	0.023620
0.013184	0.099609	0.947510	-2.122137	3.412214	1.229008	0.031945
0.011963	0.102539	0.935547	-2.366412	2.748092	0.381679	0.040114
0.015137	0.106689	0.940918	-3.076336	2.129771	0.068702	0.048234
0.017334	0.110107	0.949707	-2.778626	1.755725	0.595420	0.056316
0.023438	0.115723	0.947266	-2.366412	1.908397	1.534351	0.064373
0.014404	0.121826	0.957520	-2.328244	2.083969	2.282443	0.072515
0.017578	0.112305	0.942139	-1.732824	1.748092	2.175573	0.080722
0.013184	0.104248	0.952881	-2.229008	1.587786	2.282443	0.088564
0.013916	0.116211	0.945557	-2.900763	2.198473	2.427481	0.096181
0.010742	0.101562	0.939209	-3.022901	2.206107	2.725191	0.103706
0.010010	0.102295	0.936279	-2.435115	2.419847	2.580153	0.111224
0.014404	0.102783	0.949951	-2.015267	2.435115	3.045802	0.118705
0.017090	0.096436	0.947021	-1.419847	2.358779	3.213740	0.126224
0.017578	0.088623	0.967529	-0.709924	3.015267	3.259542	0.133703
0.017822	0.090332	0.971924	-0.312977	1.847328	3.129771	0.141182
0.014893	0.098633	0.971191	-1.213740	-0.145038	3.282443	0.148771
0.018799	0.103516	0.968262	-1.725191	-0.816794	3.572519	0.156265
0.014648	0.099609	0.957275	-3.572519	0.580153	3.687023	0.163744
0.021484	0.090576	0.943359	-6.000000	-1.496183	3.320611	0.171248
0.018311	0.099121	0.937012	-7.816794	-1.061069	3.534351	0.178766
0.014160	0.079590	0.943359	-7.656489	0.435115	3.648855	0.186295
0.009033	0.068359	0.932861	-5.938931	-0.335878	3.465649	0.193744
0.014404	0.072510	0.931641	-4.351145	0.381679	2.534351	0.201584
0.010498	0.062500	0.937500	-2.541985	1.877863	1.618321	0.210573
0.010498	0.074707	0.947021	-1.473282	0.419847	0.847328	0.219169
0.018799	0.081055	0.930664	-1.870229	0.053435	0.129771	0.227608
0.020020	0.086426	0.939941	-0.755725	1.297710	-0.152672	0.235868
0.013672	0.097900	0.949463	-1.213740	1.244275	0.290076	0.244502
0.011963	0.097412	0.929688	-1.931298	0.885496	0.534351	0.252818
0.012695	0.096680	0.933838	-1.969466	0.908397	0.664122	0.260900
0.007568	0.100586	0.943359	-3.145038	1.061069	0.694656	0.269312
0.010498	0.088135	0.953613	-4.038168	1.984733	0.603053	0.277594
0.017090	0.091797	0.933594	-2.931298	-0.022901	1.114504	0.285932
0.010010	0.083740	0.928955	-0.496183	1.893130	2.236641	0.294268
0.007080	0.077637	0.919678	0.854962	2.648855	0.969466	0.302635
0.008789	0.094727	0.921631	0.969466	3.206107	-0.480916	0.310928
0.013184	0.113525	0.933594	-0.351145	4.000000	0.259542	0.319207
0.014160	0.111816	0.948730	-1.412214	3.679389	1.465649	0.327526
0.011963	0.109619	0.948730	-2.145038	2.725191	2.167939	0.335671
0.012939	0.119385	0.936768	-2.274809	1.923664	3.389313	0.344098
0.012207	0.108887	0.945557	-4.175573	2.221374	3.778626	0.352098
0.011719	0.092285	0.968994	-4.358779	2.343511	3.381679	0.360698
0.010010	0.065430	0.941162	-4.335878	1.419847	2.618321	0.370726
0.005371	0.058350	0.944824	-2.412214	2.129771	0.755725	0.379251
0.007812	0.082764	0.941895	-0.885496	2.297710	-0.076336	0.387623
0.016357	0.081299	0.945312	-0.946565	2.381679	-0.160305	0.396040
0.016357	0.085205	0.946533	-1.183206	2.183206	-0.587786	0.404079
0.016846	0.090332	0.963379	-1.038168	1.900763	-0.244275	0.412668
0.009277	0.106445	0.975830	-1.442748	0.610687	-0.175573	0.421023
0.021240	0.103760	0.932861	-1.083969	0.312977	0.938931	0.429512
0.011719	0.090820	0.951172	-1.916031	-0.030534	0.809160	0.437783
0.013184	0.100586	0.953613	-1.877863	-0.236641	0.687023	0.446045
0.010010	0.102539	0.926758	-1.824427	-0.824427	0.984733	0.454064
0.014404	0.088867	0.928467	-1.839695	-0.213740	0.633588	0.461899
0.009766	0.085205	0.922607	-1.152672	0.129771	-0.366412	0.469797
0.014648	0.075928	0.939209	-0.992366	0.748092	-1.679389	0.477436
0.013428	0.096191	0.949951	-0.114504	0.442748	-3.068702	0.485975
0.015137	0.136719	0.951172	-0.381679	0.297710	-1.038168	0.494231
0.015869	0.129150	0.942627	-1.549618	0.190840	1.679389	0.502856
0.012695	0.091553	0.958496	-2.755725	-0.519084	2.381679	0.511601
0.008789	0.084717	0.948242	-4.175573	-1.259542	1.007634	0.520561
0.007324	0.092529	0.929932	-4.076336	-0.465649	0.587786	0.529118
0.014893	0.091309	0.931885	-3.412214	-0.038168	0.755725	0.537606
0.019287	0.072754	0.927246	-2.641221	0.305344	0.396947	0.546085
0.018555	0.088867	0.940918	-1.725191	0.511450	-0.068702	0.554230
0.022217	0.092285	0.937988	-1.763359	2.290076	-0.251908	0.562640
0.022705	0.090820	0.946777	-1.580153	2.427481	-0.343511	0.570852
0.018555	0.095703	0.968018	-2.412214	0.656489	0.145038	0.579525
0.017822	0.093506	0.965332	-2.114504	-0.297710	0.419847	0.587988
0.008789	0.104980	0.915771	-3.328244	-2.091603	0.106870	0.596473
0.010254	0.097412	0.918457	-2.106870	-1.106870	1.053435	0.604724
0.007568	0.101318	0.936035	-1.595420	0.732824	1.137405	0.613275
0.004395	0.081787	0.941650	-1.229008	1.854962	0.931298	0.621591
0.013428	0.091553	0.936279	-0.740458	0.519084	0.778626	0.629851
0.030029	0.092773	0.954590	-0.664122	1.015267	0.595420	0.638267
0.019531	0.102783	0.949707	-1.381679	-0.160305	0.633588	0.646505
0.015381	0.083496	0.937500	-2.526718	0.389313	0.160305	0.654879
0.015869	0.103760	0.924805	-2.564885	1.435115	-0.022901	0.663145
0.016357	0.102783	0.921631	-2.793893	0.328244	0.938931	0.671315
0.018311	0.094482	0.939209	-2.954198	2.122137	1.442748	0.679800
0.009521	0.090576	0.954102	-3.664122	2.549618	0.969466	0.688153
0.011963	0.104492	0.933594	-3.610687	0.290076	1.305344	0.696536
0.016357	0.105225	0.907471	-3.450382	-0.045802	2.045802	0.704929
0.007324	0.103271	0.930420	-2.671756	1.954198	2.496183	0.712823
0.007080	0.096924	0.942383	-3.282443	0.900763	2.305344	0.721410
0.014160	0.095215	0.950928	-2.595420	1.122137	2.664122	0.729483
0.014893	0.094971	0.936523	-2.351145	1.251908	2.297710	0.737854
0.003174	0.090332	0.937744	-2.221374	0.900763	1.251908	0.746257
0.011475	0.092041	0.938965	-2.007634	2.633588	0.389313	0.754487
0.012939	0.099609	0.937988	-1.763359	1.465649	0.580153	0.762645
0.020752	0.086914	0.945557	-1.832061	2.091603	0.770992	0.771061
0.008789	0.095947	0.942139	-0.969466	3.900763	0.381679	0.779173
0.009766	0.118408	0.913086	-0.809160	2.152672	2.679389	0.787685
0.008789	0.092529	0.930664	-0.305344	1.473282	4.061069	0.796138
0.014648	0.080811	0.957031	-0.694656	2.213740	3.053435	0.804480
0.012451	0.090332	0.959229	-1.519084	1.076336	2.435115	0.812482
0.012939	0.084961	0.930420	-1.923664	1.534351	2.335878	0.820511
0.011475	0.086426	0.937500	-0.954198	2.152672	2.061069	0.829436
0.012207	0.079834	0.957520	-0.931298	2.251908	1.557252	0.837345
0.009766	0.074219	0.952881	-1.137405	1.931298	0.419847	0.845826
0.010498	0.080811	0.946289	-0.847328	1.603053	-0.274809	0.854133
0.010986	0.090332	0.949707	-0.511450	1.404580	-0.419847	0.862278
0.008057	0.093750	0.939209	-0.282443	1.816794	-0.610687	0.870734
0.014404	0.103760	0.937012	0.183206	1.312977	-0.564885	0.878711
0.017578	0.086670	0.918945	-0.900763	2.091603	-0.129771	0.887164
0.012939	0.093018	0.943604	-0.801527	1.961832	-0.954198	0.895657
0.016357	0.125977	0.956543	-0.854962	2.068702	0.748092	0.903823
0.013184	0.119385	0.950195	-1.503817	1.625954	2.725191	0.912044
0.015137	0.096924	0.947021	-2.351145	1.900763	3.000000	0.920220
0.010742	0.085693	0.969482	-2.267176	1.992366	1.877863	0.928746
0.004639	0.086426	0.962158	-1.236641	1.320611	1.572519	0.937159
0.013672	0.091797	0.958252	-0.496183	0.564885	1.175573	0.945502
0.014404	0.098877	0.947998	-0.114504	0.290076	1.328244	0.953717
0.015625	0.102783	0.955322	-1.183206	0.030534	1.381679	0.962084
0.009277	0.092041	0.934570	-2.717557	0.198473	1.129771	0.970298
0.012207	0.088135	0.939697	-1.732824	-0.190840	0.633588	0.978626
0.011963	0.096680	0.938721	-1.770992	-0.061069	0.564885	0.987234
0.033447	0.118408	0.940186	-2.450382	2.923664	1.419847	0.995706
0.007568	0.094238	0.956787	-3.351145	0.022901	2.664122	1.004091
0.015625	0.079346	0.944092	-3.106870	-0.595420	2.557252	1.012304
0.015137	0.079346	0.929199	-1.770992	1.007634	1.824427	1.020713
0.011963	0.081787	0.927002	-0.259542	0.938931	1.992366	1.029179
0.009277	0.084717	0.914795	-0.885496	-0.175573	1.816794	1.037852
0.014404	0.080078	0.946045	-0.091603	1.748092	1.877863	1.046559
0.006836	0.086426	0.946777	-0.198473	1.007634	0.961832	1.055089
0.012939	0.095947	0.932617	-0.076336	1.541985	0.687023	1.063689
0.015381	0.103760	0.945801	-0.938931	0.885496	0.587786	1.071915
0.015137	0.102051	0.947266	-1.854962	0.564885	0.847328	1.080041
0.006104	0.103516	0.921387	-2.503817	0.374046	0.671756	1.088597
0.011475	0.114014	0.926270	-2.664122	1.603053	1.000000	1.097087
0.014648	0.108887	0.939697	-2.931298	1.923664	1.076336	1.104858
0.007812	0.110840	0.958008	-2.099237	1.206107	1.427481	1.113059
0.008789	0.107666	0.958984	-1.511450	1.190840	1.778626	1.121010
0.013672	0.081787	0.971924	-1.312977	0.526718	0.992366	1.129618
0.009033	0.036621	0.978516	-1.679389	0.694656	-4.488550	1.138030
0.015137	0.124512	0.948975	-0.648855	-0.526718	-4.908397	1.146669
0.019775	0.142090	0.947754	-3.404580	-0.732824	-0.885496	1.154886
0.021240	0.116455	0.939697	-3.198473	2.183206	0.587786	1.163208
-0.002686	0.099609	0.947754	-3.503817	1.099237	1.251908	1.171360
0.012939	0.080078	0.952881	-2.977099	-1.076336	0.832061	1.179805
0.013184	0.091553	0.953125	-3.152672	0.152672	0.236641	1.188028
0.017822	0.094482	0.949951	-3.877863	0.145038	0.251908	1.196544
0.013428	0.090332	0.946289	-3.664122	-0.595420	0.801527	1.205117
0.012451	0.094482	0.950928	-3.610687	1.183206	0.755725	1.213431
0.014648	0.089600	0.947021	-2.312977	-0.251908	1.320611	1.221580
0.017090	0.090332	0.941162	-1.564885	-0.190840	1.549618	1.229961
0.007812	0.091064	0.946533	-1.351145	-0.145038	0.618321	1.238398
0.000977	0.091309	0.937256	-0.793893	-0.129771	0.374046	1.246852
0.016602	0.102539	0.921387	-0.259542	0.717557	0.748092	1.255197
0.010986	0.116943	0.945312	0.442748	1.564885	2.045802	1.263498
0.015381	0.104248	0.959717	-0.396947	1.282443	2.549618	1.271635
0.005371	0.104248	0.976807	-2.832061	0.022901	2.167939	1.279994
0.010498	0.100098	0.959229	-5.114504	-1.167939	1.442748	1.288088
0.011230	0.103027	0.949219	-5.183206	-1.221374	2.053435	1.296854
0.019287	0.098145	0.931641	-5.549618	-0.351145	2.572519	1.305140
0.009033	0.081787	0.935059	-5.473282	-0.267176	3.893130	1.313282
0.006348	0.081055	0.937500	-4.580153	-0.496183	1.145038	1.321439
0.007812	0.077881	0.930176	-3.503817	-0.854962	1.122137	1.329881
0.013428	0.077637	0.941650	-2.977099	-0.320611	0.992366	1.338308
0.013672	0.081787	0.947754	-2.404580	1.267176	0.625954	1.346834
0.011719	0.084961	0.945068	-2.015267	-0.335878	0.709924	1.355357
0.002197	0.090332	0.918701	-1.564885	-0.053435	1.137405	1.363392
0.014404	0.078613	0.920654	-1.480916	0.236641	1.290076	1.371919
0.015625	0.068848	0.924316	-1.603053	0.870229	0.511450	1.380141
0.015869	0.093018	0.924561	-0.343511	1.206107	0.465649	1.388276
0.012939	0.103027	0.951904	-0.946565	1.190840	0.687023	1.396996
0.015381	0.104736	0.953857	-2.633588	0.458015	0.824427	1.405380
0.011719	0.106201	0.945557	-4.091603	0.061069	1.007634	1.413615
0.008545	0.098633	0.956787	-5.160305	0.740458	0.931298	1.421900
0.007568	0.093750	0.953369	-5.229008	0.206107	0.687023	1.430131
0.014160	0.098145	0.935791	-4.145038	0.267176	0.954198	1.438602
0.011230	0.097168	0.938477	-2.335878	1.580153	1.763359	1.447098
0.014160	0.085449	0.929199	-0.969466	0.503817	1.725191	1.455315
0.018555	0.079834	0.939209	-1.305344	0.916031	1.427481	1.463591
0.018066	0.080566	0.932861	-1.007634	1.290076	0.877863	1.472019
0.021240	0.075439	0.936768	-1.839695	0.687023	0.145038	1.479994
0.022705	0.087646	0.936279	-1.870229	1.114504	-0.160305	1.488566
0.022461	0.096191	0.929932	-2.083969	0.748092	-0.083969	1.497054
0.015381	0.099121	0.938721	-2.564885	1.343511	0.595420	1.505368
0.008789	0.092529	0.935303	-2.816794	1.572519	0.458015	1.513570
0.010742	0.095459	0.931152	-2.381679	1.725191	0.778626	1.522156
0.014648	0.102295	0.927002	-2.305344	1.564885	1.312977	1.530602
0.015625	0.088867	0.941895	-2.167939	1.778626	1.755725	1.539146
0.024414	0.086426	0.930908	-2.854962	2.458015	1.175573	1.547780
0.021484	0.090332	0.932617	-3.045802	2.404580	0.885496	1.556128
0.017822	0.096680	0.936035	-2.633588	2.068702	1.610687	1.564557
0.016846	0.090820	0.960449	-1.832061	1.832061	1.755725	1.573258
0.013916	0.093994	0.966309	-1.465649	1.045802	1.358779	1.581206
0.018066	0.098877	0.955566	-2.427481	0.587786	1.305344	1.589899
0.027832	0.099121	0.936279	-2.488550	0.900763	1.427481	1.598465
0.015381	0.094971	0.927002	-2.343511	0.916031	1.603053	1.606834
0.006592	0.085449	0.933838	-2.297710	1.198473	1.068702	1.615107
0.010498	0.088867	0.941162	-1.610687	1.175573	0.893130	1.623262
0.012207	0.086914	0.947266	-1.427481	0.854962	1.282443	1.631527
0.017822	0.084961	0.945068	-0.977099	0.694656	0.954198	1.639918
0.021484	0.087402	0.940674	-1.007634	1.068702	0.702290	1.648516
0.018311	0.095947	0.936523	-1.076336	0.946565	1.396947	1.656722
0.020020	0.103271	0.937500	-0.748092	1.358779	2.206107	1.665055
0.016357	0.094482	0.934814	-1.328244	1.145038	2.221374	1.673336
0.013916	0.097900	0.944092	-1.770992	1.335878	2.106870	1.681523
0.010254	0.103516	0.943604	-2.366412	0.870229	2.167939	1.689977
0.009766	0.093018	0.939453	-2.312977	0.496183	2.419847	1.698375
0.010010	0.082031	0.960449	-1.519084	0.541985	2.183206	1.706875
0.017334	0.084717	0.934326	-0.587786	0.541985	1.916031	1.715283
0.024170	0.083008	0.938232	-0.488550	0.503817	1.862595	1.723658
0.023193	0.082275	0.926270	-0.938931	1.045802	1.610687	1.731753
0.021240	0.075928	0.932373	-1.435115	2.106870	0.847328	1.739508
0.020508	0.080566	0.944092	-1.450382	2.465649	0.259542	1.747277
0.016846	0.093506	0.939697	-1.450382	2.732824	0.610687	1.754781
0.017578	0.090820	0.942871	-2.099237	2.496183	1.160305	1.762436
0.018066	0.096436	0.953613	-2.007634	2.419847	0.870229	1.770236
0.012939	0.100586	0.960693	-1.946565	2.122137	1.229008	1.779135
0.002441	0.097656	0.966309	-2.145038	1.572519	1.618321	1.787268
0.008545	0.089600	0.961182	-2.251908	0.595420	1.557252	1.795772
0.014160	0.085449	0.952881	-1.526718	0.679389	1.358779	1.804095
0.005127	0.093018	0.943604	-0.854962	0.137405	1.603053	1.812592
0.022217	0.096436	0.942383	-0.938931	0.320611	2.160305	1.820901
0.014160	0.087402	0.946777	-1.725191	0.007634	2.282443	1.829259
0.020752	0.086914	0.950439	-2.534351	0.198473	2.206107	1.837286
0.005127	0.076904	0.943115	-2.557252	0.122137	1.969466	1.846022
0.010498	0.073975	0.930664	-2.297710	0.129771	1.618321	1.854236
0.010498	0.068115	0.926025	-2.068702	0.954198	0.694656	1.862582
0.013916	0.076904	0.929688	-1.267176	1.312977	0.450382	1.871112
0.015869	0.076416	0.942627	-0.938931	1.648855	0.000000	1.879535
0.022217	0.074707	0.947754	-1.068702	2.213740	-0.122137	1.887654
0.011719	0.076172	0.946533	-0.671756	1.931298	-0.320611	1.896107
0.022217	0.094971	0.936768	-1.053435	1.083969	-1.938931	1.904276
0.013916	0.104248	0.946289	-1.068702	1.503817	0.213740	1.912320
0.014893	0.101562	0.942383	-1.801527	1.206107	0.648855	1.920692
0.001709	0.105469	0.968018	-2.396947	0.595420	0.694656	1.929173
0.015137	0.100830	0.969971	-3.045802	0.160305	0.824427	1.937312
0.014648	0.108887	0.946533	-3.167939	-0.450382	0.793893	1.946055
0.013184	0.103271	0.943604	-1.977099	-0.274809	1.229008	1.954405
0.015869	0.100342	0.949707	-0.900763	0.175573	1.625954	1.962674
0.013916	0.088623	0.937500	-0.595420	-0.412214	1.519084	1.970940
0.017822	0.100098	0.945312	-0.389313	-0.045802	1.473282	1.979267
0.021973	0.095459	0.947998	-1.206107	-0.442748	1.343511	1.987565
0.021729	0.089355	0.936035	-1.793893	-0.679389	1.221374	1.996038
0.023438	0.103027	0.945557	-2.496183	-0.770992	1.175573	2.004164
0.020020	0.104736	0.948242	-3.557252	-0.587786	1.847328	2.012559
0.024170	0.099365	0.944824	-4.244275	-0.496183	2.160305	2.020470
0.024902	0.098389	0.936768	-3.732824	-1.122137	2.656489	2.028899
0.016113	0.074707	0.925537	-3.076336	-0.526718	2.519084	2.036824
0.013916	0.074707	0.936279	-1.335878	-1.931298	1.503817	2.044472
0.016357	0.080566	0.931641	-0.221374	0.389313	1.007634	2.052410
0.020508	0.083252	0.943115	0.076336	0.396947	0.832061	2.060121
0.014893	0.092041	0.932861	0.786260	0.625954	0.748092	2.067626
0.017822	0.106201	0.935059	0.755725	0.572519	0.572519	2.075605
0.022217	0.105713	0.950928	-0.404580	0.419847	0.824427	2.083233
0.020752	0.113281	0.955566	-2.381679	-0.206107	1.488550	2.090970
0.020508	0.101074	0.952148	-4.389313	-0.702290	1.312977	2.098803
0.012451	0.093506	0.929199	-5.641221	1.145038	1.000000	2.107892
0.017334	0.103271	0.912598	-4.671756	-0.152672	1.496183	2.116549
0.010010	0.081299	0.942383	-3.419847	3.015267	1.923664	2.124959
0.014160	0.088379	0.958496	-2.267176	1.038168	1.702290	2.133097
0.017334	0.096436	0.947510	-1.061069	0.511450	1.740458	2.141257
0.020020	0.096191	0.961914	-1.015267	1.221374	1.526718	2.149930
0.021240	0.087158	0.956055	-0.977099	0.251908	1.213740	2.158231
0.024902	0.103271	0.950195	-1.809160	-0.358779	1.534351	2.166519
0.020996	0.091064	0.965088	-2.679389	0.091603	1.977099	2.174882
0.023193	0.092773	0.953125	-3.335878	0.022901	1.877863	2.183158
0.011475	0.085938	0.924561	-2.916031	-1.290076	1.908397	2.191470
0.013916	0.088867	0.922119	-2.404580	0.030534	1.328244	2.199922
0.012451	0.089844	0.923340	-1.145038	0.488550	1.717557	2.208077
0.010986	0.090332	0.922119	-0.809160	1.480916	1.251908	2.216426
0.010742	0.088867	0.910889	0.526718	1.893130	1.290076	2.224704
0.015625	0.090332	0.924316	1.442748	3.259542	1.167939	2.234232
0.011230	0.104980	0.937744	0.839695	3.595420	0.916031	2.243432
0.014648	0.109375	0.953613	-0.732824	2.358779	1.335878	2.252181
0.014893	0.118408	0.945557	-2.297710	1.557252	2.236641	2.260623
0.015137	0.112549	0.940186	-3.221374	1.816794	2.893130	2.269063
0.014648	0.097656	0.938721	-4.351145	1.931298	2.931298	2.277552
0.016357	0.096924	0.944824	-4.702290	1.832061	3.206107	2.285754
0.014160	0.084717	0.938232	-4.755725	2.404580	3.129771	2.294155
0.016602	0.076172	0.943115	-3.412214	2.374046	2.541985	2.302235
0.016846	0.072998	0.940918	-1.900763	2.572519	2.007634	2.310382
0.020020	0.067383	0.934082	-1.076336	2.389313	1.656489	2.318914
0.025635	0.070068	0.933838	-0.458015	2.488550	1.251908	2.327233
0.021973	0.077881	0.956543	-0.770992	2.503817	0.992366	2.335673
0.030518	0.087158	0.947266	-1.587786	2.702290	0.763359	2.343864
0.018066	0.080078	0.939697	-2.732824	2.335878	1.122137	2.352244
0.016357	0.082031	0.952393	-3.251908	2.114504	0.694656	2.360789
0.019531	0.086914	0.949951	-2.916031	2.167939	0.992366	2.370759
0.020508	0.076904	0.970703	-3.022901	1.770992	0.916031	2.379300
0.018555	0.083252	0.961182	-2.297710	1.458015	0.778626	2.387247
0.019531	0.088867	0.941895	-2.213740	1.343511	0.961832	2.395616
0.015381	0.090576	0.938965	-2.106870	1.297710	1.061069	2.403398
0.022217	0.089111	0.948242	-1.656489	1.045802	1.076336	2.411856
0.022217	0.096924	0.947998	-1.358779	1.473282	1.396947	2.420266
0.018555	0.087158	0.976562	-1.374046	0.687023	1.549618	2.428334
0.019287	0.094727	0.961426	-1.435115	0.442748	1.335878	2.436717
0.018066	0.089844	0.958008	-1.832061	-0.297710	1.229008	2.445257
0.019531	0.093018	0.962158	-1.687023	-0.793893	1.282443	2.453311
0.014160	0.094971	0.936523	-1.625954	-1.137405	1.427481	2.461874
0.012451	0.101562	0.939697	-1.526718	-1.106870	1.526718	2.470037
0.020020	0.086182	0.938477	-1.328244	-0.702290	1.763359	2.478566
0.018311	0.079346	0.933350	-0.824427	-0.282443	1.076336	2.486859
0.018311	0.085938	0.928467	0.145038	0.625954	0.549618	2.495415
0.023193	0.091064	0.944336	0.251908	0.435115	0.725191	2.503375
0.017090	0.091309	0.944092	-0.526718	-0.145038	0.709924	2.511908
0.018311	0.099609	0.930908	-1.259542	0.038168	0.679389	2.520254
0.016357	0.099365	0.932861	-1.854962	0.396947	0.702290	2.528693
0.014160	0.101074	0.936768	-2.267176	0.847328	0.916031	2.537392
0.011963	0.093750	0.925049	-2.122137	1.312977	1.099237	2.545869
0.010010	0.102295	0.940674	-1.923664	1.480916	1.236641	2.554219
0.014893	0.099121	0.944092	-2.122137	1.297710	1.236641	2.562660
0.018311	0.100586	0.935059	-2.297710	0.854962	1.328244	2.571183
0.012207	0.096924	0.935303	-1.977099	0.664122	1.694656	2.579845
0.015869	0.101074	0.932861	-2.320611	1.160305	1.183206	2.588174
0.011719	0.106934	0.940186	-2.595420	1.549618	1.648855	2.596619
0.016357	0.107422	0.935791	-2.809160	1.885496	1.900763	2.604469
0.015869	0.098877	0.935791	-2.564885	2.251908	1.916031	2.613097
0.018555	0.090820	0.937500	-2.412214	2.083969	1.595420	2.620927
0.016602	0.105713	0.938721	-2.251908	1.793893	1.687023	2.629778
0.017090	0.097900	0.940918	-2.175573	1.717557	2.053435	2.638115
0.010986	0.083984	0.929199	-1.839695	1.839695	1.816794	2.646576
0.017090	0.084961	0.933594	-0.045802	2.251908	1.908397	2.654946
0.019531	0.091797	0.946289	0.725191	2.641221	2.312977	2.663295
0.020996	0.082764	0.951172	0.847328	2.427481	2.183206	2.671798
0.020264	0.092529	0.941650	0.564885	1.679389	1.236641	2.680218
0.017822	-0.041992	0.952148	-2.305344	1.267176	-3.854962	2.688614
0.008301	0.052246	0.944824	2.183206	1.251908	-12.671756	2.696993
0.016113	0.179932	0.922852	-0.709924	1.419847	-8.015267	2.705034
0.024170	0.205566	0.951172	-2.244275	1.030534	1.366412	2.712998
0.013916	0.072754	0.954102	-3.832061	0.595420	4.763359	2.721260
0.009766	0.025146	0.946533	-3.465649	0.374046	0.053435	2.729585
0.015137	0.088135	0.928467	-2.167939	1.114504	-1.877863	2.737808
0.018311	0.117676	0.951172	-2.488550	1.007634	0.412214	2.746095
0.016846	0.088379	0.938965	-2.862595	1.061069	1.778626	2.754012
0.021484	0.057617	0.939453	-2.297710	1.053435	0.473282	2.761978
0.015625	0.081543	0.934082	-0.908397	1.564885	-0.419847	2.769569
0.012207	0.103760	0.948730	-0.297710	1.015267	0.580153	2.778596
0.019043	0.085205	0.968506	-0.862595	0.908397	0.923664	2.786960
0.017822	0.070801	0.968750	-0.900763	0.488550	0.099237	2.795230
0.010986	0.080322	0.955078	-0.763359	-0.045802	-0.450382	2.803780
0.019287	0.099121	0.947510	-1.068702	-0.702290	-1.045802	2.811835
0.006836	0.109375	0.936035	-1.320611	-0.480916	-0.778626	2.820278
0.010254	0.110840	0.949951	-2.045802	-0.732824	-0.641221	2.828527
0.012451	0.110840	0.941162	-1.977099	-0.763359	-0.160305	2.836777
0.010986	0.124023	0.946045	-2.137405	-0.358779	0.763359	2.845170
0.014648	0.114014	0.947754	-3.312977	-0.015267	2.099237	2.853826
0.014404	0.105225	0.959717	-3.595420	-0.061069	2.229008	2.861757
0.016357	0.089844	0.963379	-3.549618	-1.190840	2.312977	2.870269
0.020264	0.090332	0.950684	-3.503817	-1.206107	2.396947	2.878582
0.017334	0.079102	0.951660	-2.862595	-1.488550	1.763359	2.886992
0.018555	0.078857	0.939209	-2.244275	-1.106870	1.374046	2.895543
0.014160	0.084473	0.949463	-2.000000	-0.664122	0.908397	2.903794
0.020020	0.093506	0.940918	-2.190840	-0.687023	1.145038	2.911906
0.034912	0.084229	0.939209	-2.000000	2.175573	1.503817	2.920455
0.020752	0.087646	0.945068	-1.480916	-0.221374	1.541985	2.928698
0.024658	0.081299	0.938477	-1.770992	-0.786260	1.419847	2.936992
0.020020	0.090576	0.947021	-2.122137	0.343511	1.755725	2.945428
0.017578	0.087891	0.953613	-2.648855	-0.625954	1.610687	2.953876
0.017578	0.083252	0.945801	-2.618321	-1.152672	0.946565	2.962004
0.027344	0.089844	0.951416	-2.862595	2.167939	0.664122	2.970568
0.021240	0.107910	0.943604	-1.931298	-0.496183	1.389313	2.978955
0.017822	0.102051	0.932617	-3.374046	-1.770992	1.480916	2.987254
0.022217	0.090820	0.937500	-3.229008	-1.145038	2.114504	2.995698
0.026611	0.090820	0.948242	-2.442748	0.442748	1.587786	3.003982
0.023193	0.050537	0.928955	3.877863	-0.656489	3.801527	3.012022
0.020508	0.098877	0.930420	-1.068702	0.358779	0.152672	3.020067
0.020508	0.113281	0.918457	-2.557252	-0.702290	0.709924	3.028027
0.021729	0.092285	0.941650	-3.152672	0.061069	2.167939	3.036508
0.012695	0.073730	0.960205	-2.862595	0.091603	1.000000	3.044347
0.019287	0.094482	0.941162	-3.381679	-0.564885	-0.251908	3.053315
0.009766	0.104980	0.932617	-3.717557	-0.076336	-1.946565	3.061667
0.016357	0.087158	0.936768	-2.396947	0.244275	0.450382	3.069971
0.023193	0.087646	0.946777	-1.244275	1.091603	-0.038168	3.078578
0.013428	0.096680	0.940430	-0.022901	1.122137	0.702290	3.086870
0.019775	0.113037	0.930664	0.916031	0.053435	1.839695	3.095583
0.029053	0.111572	0.927979	-1.419847	0.770992	1.748092	3.103802
0.023926	0.094238	0.942139	-1.992366	0.618321	1.809160	3.112222
0.025635	0.086914	0.938721	-1.534351	0.572519	2.061069	3.119986
0.019775	0.099365	0.925293	-1.450382	0.687023	1.984733	3.128522
0.025146	0.089600	0.928467	-2.000000	0.427481	2.160305	3.136970
0.020020	0.075439	0.923828	-1.954198	0.694656	1.961832	3.145440
0.020996	0.078613	0.923096	-0.641221	1.282443	1.175573	3.153922
0.024658	0.094971	0.923096	0.435115	2.435115	1.183206	3.162193
0.021484	0.091064	0.918457	1.938931	2.992366	1.549618	3.170688
0.015381	0.083740	0.945557	-0.236641	2.778626	1.007634	3.179105
0.018555	0.104248	0.940430	-1.190840	2.870229	0.374046	3.187849
0.023682	0.089600	0.929688	-1.755725	3.022901	0.229008	3.196412
0.019287	0.098877	0.931885	-2.106870	2.038168	0.625954	3.204286
0.020752	0.100586	0.934082	-0.022901	3.786260	1.229008	3.212010
0.021484	0.105469	0.935303	-2.412214	4.106870	1.152672	3.219613
0.027100	0.105713	0.933838	-2.572519	3.648855	1.076336	3.227974
0.027588	0.114746	0.955811	-2.908397	3.160305	1.259542	3.235607
0.022217	0.103271	0.962891	-3.587786	3.557252	1.870229	3.243132
0.015869	0.091309	0.975830	-2.702290	2.618321	2.251908	3.251774
0.017334	0.080322	0.965332	-2.419847	1.969466	2.106870	3.260181
0.018311	0.078857	0.966797	-1.786260	1.152672	1.068702	3.268425
0.023438	0.094238	0.955078	-1.190840	1.229008	0.725191	3.276936
0.025146	0.093994	0.959473	-1.564885	0.610687	0.832061	3.285362
0.025879	0.078613	0.959961	-1.801527	0.763359	0.717557	3.293706
0.022949	0.089844	0.964111	-2.045802	0.419847	0.259542	3.302314
0.018311	0.092529	0.957764	-2.801527	-0.458015	0.106870	3.312508
0.019287	0.098877	0.941406	-2.992366	-0.175573	-1.946565	3.322460
0.020508	0.105957	0.953613	-2.442748	0.190840	0.839695	3.332800
0.023438	0.104980	0.948242	-1.557252	0.473282	1.267176	3.343267
0.025391	0.105469	0.939209	-0.557252	0.015267	2.152672	3.353798
0.017822	0.098877	0.941406	-0.885496	-0.015267	2.534351	3.364216
0.016357	0.093018	0.959717	-1.648855	-0.847328	1.694656	3.375006
0.025391	0.100098	0.958740	-1.694656	0.083969	1.282443	3.385464
0.028809	0.102783	0.948242	-1.870229	-2.435115	2.366412	3.395568
0.024170	0.094482	0.938232	-2.229008	-0.091603	2.244275	3.406235
0.018555	0.100586	0.932617	-3.229008	-0.984733	2.648855	3.415748
0.023682	0.094482	0.915283	-2.847328	0.007634	3.114504	3.425587
0.016846	0.079590	0.945801	-2.793893	-0.114504	2.770992	3.436356
0.016113	0.081299	0.951904	-3.137405	-0.213740	2.374046	3.446829
0.023926	0.075928	0.931396	-3.709924	0.564885	1.900763	3.457266
0.024658	0.065674	0.937744	-2.717557	2.954198	1.221374	3.467908
0.018066	0.090820	0.934814	-2.190840	1.664122	1.053435	3.478121
0.025635	0.092041	0.936523	-1.893130	0.290076	1.419847	3.488681
0.021240	0.093994	0.925049	-1.511450	1.816794	1.435115	3.499283
0.016113	0.102051	0.946289	-1.045802	2.244275	1.824427	3.509469
0.014404	0.093262	0.953125	-1.847328	1.916031	1.877863	3.519749
0.010986	0.089111	0.943848	-2.458015	0.793893	2.221374	3.529943
0.018311	0.085938	0.941162	-2.496183	0.809160	2.541985	3.540002
0.023682	0.079834	0.940918	-3.610687	0.885496	1.580153	3.550729
0.026611	0.075195	0.925049	-3.870229	1.427481	1.244275	3.561248
0.033203	0.078369	0.930908	-1.977099	2.580153	1.320611	3.571394
0.028320	0.080078	0.952881	-1.916031	2.183206	1.389313	3.581706
0.025635	0.080078	0.948730	-2.427481	1.778626	1.007634	3.592251
0.019531	0.084717	0.942139	-2.610687	1.694656	0.389313	3.602872
0.017822	0.100830	0.942871	-2.381679	1.564885	0.908397	3.613157
0.030518	0.109863	0.928711	-2.404580	1.908397	1.877863	3.624277
0.025146	0.095703	0.936768	-2.549618	1.870229	1.862595	3.634789
0.018555	0.085938	0.944824	-2.595420	2.145038	1.389313	3.645625
0.019531	0.090332	0.946777	-2.198473	1.877863	1.206107	3.655997
0.025879	0.105713	0.951172	-1.625954	1.625954	2.320611	3.666211
0.041992	0.092529	0.958984	-2.290076	1.007634	2.458015	3.675664
0.026123	0.087402	0.946289	-1.687023	1.389313	2.396947	3.685549
0.019287	0.091553	0.944824	-2.114504	1.351145	1.687023	3.696533
0.020752	0.086670	0.949707	-2.282443	1.274809	1.473282	3.707079
0.029297	0.088379	0.942139	-1.366412	0.992366	1.603053	3.717236
0.027832	0.101074	0.942383	-1.030534	1.251908	1.832061	3.727453
0.031738	0.095459	0.946045	-1.633588	0.580153	1.854962	3.737876
0.026367	0.099854	0.940186	-1.717557	0.564885	1.824427	3.748366
0.026855	0.097168	0.939941	-2.190840	1.557252	1.679389	3.758095
0.020508	0.098633	0.934814	-2.083969	1.000000	1.549618	3.768583
0.018066	0.104980	0.931641	-1.893130	1.549618	1.740458	3.778857
0.013184	0.099854	0.944092	-2.076336	3.122137	1.992366	3.789225
0.015137	0.103027	0.938477	-2.022901	2.244275	2.381679	3.799931
0.017822	0.106934	0.942139	-2.694656	1.709924	2.206107	3.810536
0.013916	0.095215	0.928955	-1.931298	1.687023	2.847328	3.820993
0.018066	0.078369	0.947510	-1.625954	2.961832	2.885496	3.831310
0.008057	0.074463	0.940430	-0.862595	2.580153	2.251908	3.841571
0.014648	0.080566	0.927490	0.267176	2.374046	2.503817	3.852264
0.010010	0.074707	0.923584	0.732824	2.740458	2.015267	3.862565
0.018311	0.077881	0.925049	0.809160	2.648855	1.564885	3.873040
0.016113	0.093994	0.922363	0.343511	3.198473	1.351145	3.883064
0.018555	0.096680	0.918701	-0.519084	4.183206	1.473282	3.893671
0.013672	0.097900	0.939453	-1.526718	4.496183	1.374046	3.904201
0.021729	0.118164	0.937988	-2.992366	3.984733	2.183206	3.914604
0.010986	0.094482	0.949463	-4.343511	4.595420	3.000000	3.924906
0.006836	0.073242	0.968994	-4.358779	4.404580	2.229008	3.935192
0.009521	0.080322	0.949707	-3.374046	3.824427	2.099237	3.945376
0.012451	0.078857	0.963623	-2.145038	3.740458	1.984733	3.955776
0.021484	0.084717	0.966309	-1.213740	3.503817	2.404580	3.966432
0.015381	0.079346	0.969238	-1.083969	3.053435	2.755725	3.976842
0.015625	0.074219	0.972412	-1.022901	2.412214	1.709924	3.987093
0.016113	0.086426	0.978516	-1.671756	1.320611	1.320611	3.997585
0.006592	0.088867	0.971924	-2.412214	0.053435	2.061069	4.008119
0.009277	0.082520	0.960449	-2.900763	-0.610687	1.839695	4.018357
0.015137	0.079102	0.969482	-2.343511	0.190840	1.259542	4.028683
0.008057	0.078857	0.966797	-1.916031	-0.183206	0.984733	4.038584
0.017090	0.078369	0.956787	-1.297710	-1.343511	1.198473	4.049235
0.018799	0.081543	0.957520	-0.839695	-1.053435	1.000000	4.059608
0.020508	0.089111	0.949463	-1.419847	-1.473282	0.549618	4.070214
0.011963	0.104980	0.940186	-2.496183	-1.793893	0.778626	4.080459
0.017334	0.092529	0.946289	-3.847328	-1.885496	1.030534	4.090439
0.014648	0.094482	0.945801	-4.633588	-1.595420	1.022901	4.101370
0.012695	0.094727	0.935547	-4.748092	-0.977099	0.961832	4.111836
0.016357	0.091309	0.947021	-3.862595	2.007634	1.519084	4.121966
0.010986	0.097168	0.928711	-3.603053	-1.954198	1.618321	4.132333
0.002197	0.091553	0.918701	-4.091603	-0.099237	2.099237	4.142309
0.015625	0.081787	0.926758	-3.618321	-0.396947	1.465649	4.152546
0.020264	0.081055	0.942139	-3.053435	0.839695	1.282443	4.163265
0.025879	0.090332	0.940430	-2.694656	-0.381679	1.587786	4.173616
0.024170	0.078369	0.927734	-3.740458	0.412214	1.801527	4.184085
0.012207	0.080566	0.939453	-3.778626	-0.229008	1.603053	4.194261
0.016357	0.087158	0.933105	-3.870229	-0.167939	1.641221	4.204716
0.009521	0.075195	0.928223	-2.755725	0.763359	1.557252	4.215339
0.018799	0.070801	0.921875	-1.374046	1.007634	1.068702	4.225746
0.022217	0.087158	0.919189	-0.877863	1.099237	0.694656	4.235988
0.017822	0.090820	0.924072	-1.015267	1.580153	1.068702	4.246321
0.015625	0.082764	0.921631	-1.770992	1.816794	0.977099	4.256721
0.014893	0.087158	0.916504	-2.511450	2.671756	0.450382	4.267120
0.012451	0.095459	0.923828	-2.641221	2.954198	0.381679	4.276931
0.006836	0.101318	0.928467	-1.885496	3.763359	0.534351	4.286435
0.007324	0.113037	0.945801	-1.419847	3.977099	0.877863	4.296463
0.007568	0.117920	0.947754	-1.206107	3.137405	1.687023	4.307191
0.014160	0.106445	0.945557	-1.053435	3.152672	2.343511	4.316908
0.014404	0.099854	0.970215	-1.702290	2.129771	3.015267	4.327301
0.015625	0.102051	0.967041	-2.167939	1.603053	3.351145	4.337744
0.023193	0.062988	0.948730	-2.687023	1.572519	3.496183	4.348030
0.020996	0.072754	0.962158	-3.160305	0.954198	2.671756	4.358505
0.020996	0.060791	0.962646	-2.648855	1.022901	1.984733	4.371775
0.019043	0.066406	0.955566	-2.015267	1.099237	1.152672	4.382369
0.018555	0.067383	0.950684	-1.687023	1.152672	0.526718	4.392274
0.017090	0.073486	0.955322	-1.709924	0.916031	0.648855	4.403174
0.017334	0.072754	0.946777	-1.366412	0.160305	0.572519	4.413402
0.016846	0.087402	0.937256	-1.015267	0.717557	0.167939	4.423987
0.017822	0.093994	0.958984	-1.068702	0.610687	0.664122	4.434343
0.015869	0.093262	0.949463	-2.045802	-0.251908	0.564885	4.444138
0.001221	0.096680	0.949463	-2.099237	-0.335878	1.381679	4.454127
0.004395	0.081299	0.958984	-2.450382	-0.450382	1.488550	4.465105
0.006348	0.083740	0.962402	-2.473282	-1.022901	0.984733	4.475566
0.010986	0.101074	0.934814	-2.282443	-0.709924	1.175573	4.485906
0.018555	0.093750	0.942871	-2.832061	0.145038	1.778626	4.496397
0.014893	0.081055	0.922363	-3.000000	-0.832061	1.694656	4.506736
0.022217	0.070801	0.940430	-3.122137	-0.129771	1.335878	4.517233
0.014404	0.066162	0.933594	-2.610687	-0.534351	0.877863	4.527455
0.016602	0.081787	0.931885	-2.229008	-0.603053	0.587786	4.537758
0.020020	0.092041	0.938965	-2.358779	-0.106870	1.038168	4.548038
0.015625	0.093262	0.941162	-3.114504	-0.335878	1.320611	4.558481
0.017090	0.085449	0.937500	-2.541985	-1.946565	1.557252	4.568477
0.014404	0.075439	0.939941	-1.282443	0.450382	1.488550	4.578845
0.021973	0.074707	0.954346	-0.503817	0.335878	1.038168	4.589150
0.018799	0.082275	0.933594	-0.580153	0.076336	0.488550	4.599470
0.017822	0.090576	0.945801	-1.358779	0.488550	0.473282	4.610092
0.023926	0.097900	0.938721	-2.259542	1.076336	0.679389	4.620615
0.022217	0.096436	0.945068	-3.068702	1.435115	1.167939	4.630877
0.010498	0.089600	0.948486	-3.007634	-0.106870	1.603053	4.641164
0.018311	0.084717	0.952148	-3.244275	-0.595420	1.374046	4.651472
0.027344	0.081299	0.949951	-2.809160	-0.931298	1.694656	4.661657
0.021729	0.076660	0.946289	-2.175573	-0.160305	1.221374	4.671779
0.017090	0.081299	0.935059	-1.496183	0.679389	0.900763	4.682410
0.026367	0.092529	0.919434	-1.732824	-0.160305	1.305344	4.692823
0.022461	0.097900	0.920654	-1.717557	1.007634	1.328244	4.703148
0.023193	0.099854	0.941895	-1.488550	1.496183	1.526718	4.713804
0.015137	0.085205	0.954834	-1.221374	1.786260	1.992366	4.724183
0.019043	0.089111	0.954102	-1.748092	0.809160	1.656489	4.734424
0.019531	0.094971	0.952881	-2.183206	0.091603	1.679389	4.745324
0.025635	0.096680	0.943848	-2.870229	0.206107	1.931298	4.755272
0.018555	0.083252	0.942627	-2.473282	1.358779	1.847328	4.765851
0.020020	0.084229	0.930664	-1.595420	1.312977	2.366412	4.776201
0.024902	0.088135	0.944336	1.404580	1.167939	2.503817	4.786430
0.024170	0.099121	0.936523	-2.938931	0.419847	1.679389	4.797018
0.013184	0.064697	0.952637	-2.007634	1.221374	2.641221	4.806979
0.017090	0.073730	0.935303	-2.229008	0.862595	1.625954	4.817545
0.019531	0.091309	0.920654	-2.251908	1.534351	2.007634	4.827947
0.016357	0.071289	0.941162	-1.274809	1.167939	2.244275	4.838374
0.014893	0.072021	0.934082	-0.366412	1.160305	1.312977	4.848450
0.019287	0.082031	0.940918	-0.061069	2.114504	1.748092	4.858207
0.017334	0.075439	0.952148	-1.664122	1.198473	1.595420	4.869045
0.022949	0.085938	0.950439	-2.587786	0.908397	1.435115	4.879402
0.013428	0.071289	0.949951	-2.893130	1.244275	1.595420	4.890059
0.014404	0.069824	0.938965	-2.534351	1.000000	1.076336	4.900654
0.018799	0.070801	0.948730	-2.015267	0.854962	0.625954	4.910924
0.017822	0.074219	0.939941	-1.480916	1.396947	0.580153	4.921521
0.017578	0.066650	0.932861	-1.702290	1.923664	0.190840	4.931878
0.023193	0.073486	0.936035	-1.541985	1.992366	-0.267176	4.941975
0.015381	-0.010254	0.933594	-1.305344	2.183206	-2.832061	4.951861
0.022461	-0.045654	0.933105	0.465649	0.412214	-21.778626	4.961620
0.025146	0.231689	0.936035	10.496183	1.435115	-12.778626	4.971004
0.029541	0.181641	0.957275	-2.412214	1.274809	-3.488550	4.982358
0.023926	0.120605	0.947754	-2.732824	1.618321	2.564885	4.992484
0.013672	0.056396	0.956543	-1.328244	1.213740	0.862595	5.003234
0.016357	0.121582	0.982666	0.633588	0.480916	-0.580153	5.013460
0.020508	0.078613	0.918457	-4.732824	0.404580	0.793893	5.023747
0.014160	0.059814	0.921631	-1.862595	2.099237	0.496183	5.033964
0.026855	0.072754	0.951416	-1.213740	1.877863	-0.923664	5.044137
0.024902	0.107178	0.945801	0.076336	0.709924	0.358779	5.054236
0.022217	0.106689	0.944824	-2.106870	0.870229	2.099237	5.064124
0.025146	0.073486	0.943848	-4.007634	1.183206	1.061069	5.074144
0.017334	0.070068	0.945312	-3.496183	1.412214	-0.083969	5.085570
0.023193	0.098145	0.936279	-0.839695	1.419847	0.969466	5.096154
0.018311	0.100586	0.945557	-0.847328	1.389313	2.129771	5.106721
0.017578	0.078613	0.944336	-2.946565	0.404580	1.847328	5.117020
0.015137	0.068359	0.942139	-2.755725	0.557252	1.992366	5.127609
0.015137	0.069092	0.949463	-1.992366	0.763359	1.213740	5.138222
0.020264	0.077148	0.937744	-1.770992	1.129771	0.641221	5.148887
0.022461	0.091064	0.929443	-1.213740	1.236641	1.000000	5.159447
0.025391	0.084961	0.963135	-0.587786	1.091603	1.358779	5.169545
0.020752	0.092041	0.964600	-1.694656	-0.641221	1.290076	5.179614
0.019531	0.105469	0.950928	-2.847328	-0.687023	2.236641	5.190203
0.012451	0.089600	0.936035	-3.305344	-0.816794	2.145038	5.200847
0.012207	0.084961	0.935059	-1.809160	-0.145038	1.465649	5.210910
0.011230	0.090332	0.945801	-0.610687	0.099237	1.145038	5.221156
0.014648	0.087158	0.937500	0.305344	0.717557	0.557252	5.231593
0.024902	0.095459	0.946045	1.938931	0.931298	0.251908	5.241773
0.025879	0.107422	0.960205	-1.717557	0.419847	1.282443	5.252071
0.025635	0.087158	0.956055	-3.412214	-0.435115	1.732824	5.262496
0.026611	0.078125	0.945312	-3.679389	-1.290076	1.687023	5.272701
0.024658	0.084717	0.932861	-2.198473	-1.427481	2.068702	5.283138
0.015137	0.075439	0.937256	-1.129771	-1.274809	2.297710	5.293562
0.020020	0.071777	0.916260	0.465649	-0.679389	1.145038	5.303943
0.019775	0.086670	0.919922	1.206107	0.824427	0.511450	5.314246
0.025146	0.093506	0.938965	0.755725	0.786260	0.755725	5.324365
0.020996	0.102783	0.934570	-0.290076	1.641221	0.763359	5.334893
0.019287	0.109131	0.949707	-1.374046	1.786260	2.076336	5.344851
0.020996	0.106689	0.954834	-2.190840	1.458015	2.908397	5.354688
0.026123	0.089600	0.944824	-2.717557	0.847328	2.755725	5.364529
0.019775	0.092041	0.951904	-2.450382	1.007634	2.480916	5.375562
0.023682	0.064941	0.955811	-2.511450	0.946565	1.633588	5.385240
0.015869	0.079590	0.931641	-1.984733	0.412214	0.938931	5.395845
0.022461	0.087158	0.936768	-1.045802	1.129771	0.786260	5.406061
0.025391	0.094971	0.943604	-0.832061	1.488550	1.122137	5.415547
0.021240	0.090088	0.944336	-1.664122	1.366412	1.450382	5.425369
0.023438	0.072021	0.928711	-2.106870	1.656489	0.816794	5.436394
0.018066	0.085693	0.943604	-1.671756	1.717557	0.236641	5.446714
0.023682	0.080811	0.942627	-1.320611	1.984733	0.465649	5.456779
0.022217	0.089111	0.944336	-1.030534	1.312977	0.366412	5.467192
0.020020	0.106934	0.945312	-0.961832	0.862595	1.175573	5.477568
0.019775	0.092041	0.947021	-1.839695	1.396947	1.877863	5.487669
0.014404	0.081299	0.948730	-2.198473	0.488550	1.755725	5.498578
0.014648	0.083252	0.963379	-2.114504	0.824427	1.587786	5.508936
0.014893	0.097412	0.946289	-1.717557	0.122137	1.679389	5.519280
0.019287	0.084473	0.922119	-1.870229	0.931298	1.763359	5.530087
0.021729	0.090088	0.932129	-1.381679	1.519084	1.458015	5.540685
0.028076	0.091553	0.955566	-1.885496	1.282443	1.862595	5.551545
0.025391	0.083496	0.952393	-2.580153	0.229008	1.541985	5.561741
0.030273	0.090332	0.957275	-3.694656	-0.511450	1.480916	5.572185
0.027344	0.076172	0.963379	-4.221374	-1.374046	1.572519	5.582340
0.017334	0.077881	0.950684	-3.519084	-1.335878	0.954198	5.592032
0.015137	0.074707	0.932861	-3.412214	-1.633588	0.755725	5.602714
0.013672	0.074219	0.921875	-3.030534	-0.221374	0.396947	5.612446
0.018799	0.093994	0.931152	-1.152672	0.648855	0.984733	5.623341
0.017090	0.084717	0.964844	-1.129771	0.954198	0.320611	5.633935
0.030029	0.103760	0.932617	-1.091603	0.244275	0.770992	5.644092
0.026855	0.096436	0.939697	-1.419847	0.984733	1.687023	5.654367
0.029053	0.088135	0.946777	-1.847328	0.045802	1.290076	5.664605
0.027344	0.095703	0.965576	-2.480916	-0.732824	1.137405	5.674792
0.024170	0.089844	0.956543	-2.549618	-1.030534	1.229008	5.684997
0.022461	0.085449	0.946533	-3.427481	-1.465649	1.206107	5.695275
0.024170	0.077148	0.931152	-3.694656	-0.900763	1.229008	5.705614
0.016357	0.066162	0.931396	-2.801527	0.038168	0.519084	5.715816
0.026123	0.074707	0.943604	-1.740458	0.717557	-0.435115	5.725942
0.030029	0.089600	0.945801	5.068702	0.229008	0.572519	5.736806
0.026611	0.060791	0.953369	-1.648855	-1.030534	-2.526718	5.747014
0.033691	0.061279	0.927734	1.343511	-1.809160	-6.961832	5.757672
0.021484	0.170410	0.924561	0.732824	0.908397	-2.770992	5.767573
0.026123	0.119629	0.950195	-1.511450	-0.534351	1.938931	5.778245
0.026855	0.069092	0.945557	-2.396947	-1.427481	0.625954	5.788661
0.029053	0.083496	0.936279	-2.526718	-1.061069	-0.694656	5.799045
0.022461	0.094482	0.922119	-1.687023	0.290076	-0.717557	5.809488
0.029541	0.101318	0.924316	-0.793893	2.198473	0.000000	5.819901
0.028076	0.101562	0.937256	-0.664122	3.015267	0.076336	5.829937
0.026367	0.099854	0.961914	-1.343511	2.343511	0.274809	5.840478
0.022217	0.102051	0.946289	-1.870229	1.809160	1.251908	5.850989
0.022949	0.092041	0.955322	-1.702290	1.969466	1.717557	5.861392
0.018555	0.083496	0.958740	-2.427481	0.580153	1.465649	5.871662
0.028320	0.090820	0.963379	-2.793893	-0.763359	1.091603	5.881608
0.026367	0.092041	0.956055	-0.183206	-1.160305	1.969466	5.892018
0.028564	0.095215	0.940674	-0.664122	-1.709924	1.916031	5.902577
0.027588	0.091553	0.930176	-2.076336	-1.000000	1.526718	5.912813
0.024658	0.084961	0.908936	-1.488550	1.167939	1.389313	5.923235
0.028076	0.082275	0.901611	-0.503817	2.923664	0.877863	5.933473
0.029053	0.095215	0.949707	-0.526718	3.671756	0.916031	5.943833
0.036377	0.085938	0.956543	-1.854962	2.488550	1.786260	5.953967
0.031250	0.073486	0.964111	-2.687023	1.404580	0.809160	5.964605
0.033447	0.099609	0.964355	-3.763359	0.137405	0.870229	5.974907
0.036865	0.080322	0.929688	-3.885496	-0.267176	1.435115	5.984857
0.022217	0.070557	0.897461	-1.862595	1.290076	0.503817	5.995488
0.026123	0.090332	0.922363	-0.633588	2.603053	-0.068702	6.006111
0.021729	0.093750	0.941650	-0.267176	3.015267	0.687023	6.016451
0.020508	0.092041	0.988525	-0.213740	1.961832	0.862595	6.026780
0.024170	0.104980	0.973389	-0.511450	0.404580	1.511450	6.036978
0.027344	0.091797	0.952881	-2.534351	-0.725191	1.587786	6.047462
0.023193	0.093506	0.924316	-2.427481	-0.534351	1.160305	6.057708
0.030029	0.092041	0.919434	-2.870229	0.190840	1.625954	6.067904
0.027588	0.072754	0.933594	-3.549618	1.045802	1.015267	6.078298
0.026367	0.078857	0.940430	-3.328244	0.916031	-0.030534	6.088385
0.036133	0.090820	0.958008	-3.450382	0.633588	0.083969	6.098490
0.030273	0.111816	0.954346	-4.312977	1.938931	1.198473	6.108856
0.027344	0.088867	0.928955	-4.206107	0.007634	2.038168	6.119444
0.020264	0.081543	0.927734	-2.175573	1.343511	1.938931	6.129627
0.026123	0.090820	0.941162	-1.374046	1.916031	1.335878	6.139069
0.027344	0.094482	0.945068	-0.801527	1.145038	1.687023	6.150008
0.026855	0.093750	0.950684	-1.007634	1.122137	1.297710	6.160833
0.030273	0.092041	0.960449	-2.038168	0.778626	0.984733	6.171270
0.029053	0.092285	0.936768	-3.175573	0.106870	1.022901	6.182050
0.024658	0.099121	0.929199	-2.541985	0.511450	1.557252	6.192018
0.029053	0.095703	0.929688	-2.030534	1.076336	2.427481	6.202380
0.026611	0.087402	0.947021	-1.396947	0.671756	1.916031	6.212898
0.028809	0.089600	0.928955	-0.824427	1.282443	1.984733	6.223443
0.032227	0.080566	0.938965	-0.381679	1.816794	2.030534	6.233496
0.031494	0.096680	0.950439	-1.725191	1.198473	1.824427	6.243376
0.032715	0.088135	0.947021	-2.946565	0.694656	2.183206	6.253094
0.031982	0.070557	0.951904	-2.572519	0.251908	1.503817	6.263948
0.031006	0.075195	0.932861	-2.564885	-0.007634	1.229008	6.274395
0.027344	0.072510	0.916260	-1.847328	1.366412	0.610687	6.284529
0.033691	0.086914	0.914795	-0.870229	2.610687	0.534351	6.295120
0.025635	0.101807	0.942871	0.305344	2.679389	0.534351	6.305345
0.017578	0.102051	0.958496	-0.870229	1.809160	1.709924	6.315593
0.028809	0.091064	0.970459	-1.366412	0.366412	1.732824	6.326066
0.023438	0.097900	0.950439	-2.152672	-0.091603	1.694656	6.336389
0.022461	0.098145	0.952393	-3.091603	-1.022901	2.076336	6.346759
0.025146	0.093506	0.934326	-3.473282	-0.244275	2.389313	6.357243
0.023438	0.075928	0.916504	-2.282443	0.145038	1.709924	6.369474
0.025635	0.085449	0.927734	-0.641221	1.946565	1.366412	6.380307
0.026367	0.086670	0.946045	-1.267176	2.106870	1.412214	6.390909
0.025879	0.090088	0.952148	-1.648855	1.671756	1.984733	6.401745
0.029785	0.087646	0.948975	-2.847328	1.007634	2.427481	6.411946
0.030273	0.079590	0.957764	-3.625954	0.328244	2.450382	6.422319
0.023926	0.080322	0.941406	-4.137405	0.091603	1.969466	6.432668
0.020508	0.079102	0.927490	-2.969466	0.648855	1.748092	6.442953
0.024902	0.076172	0.934814	-1.374046	1.389313	1.045802	6.454247
0.028809	0.083496	0.925537	0.106870	2.099237	0.908397	6.464708
0.030029	0.079346	0.931396	0.442748	2.282443	0.969466	6.475075
0.029053	0.092041	0.945068	0.305344	2.824427	0.648855	6.485565
0.029297	0.096191	0.937988	-1.152672	2.534351	0.870229	6.495825
0.024902	0.079346	0.942139	-2.458015	2.541985	1.236641	6.505335
0.024902	0.086670	0.943359	-3.267176	2.725191	0.885496	6.514705
0.031738	0.090576	0.946533	-3.610687	2.587786	0.916031	6.524229
0.020996	0.104980	0.955322	-3.503817	2.221374	1.106870	6.534594
0.019775	0.105957	0.953857	-3.160305	1.358779	1.854962	6.545176
0.028076	0.092529	0.953369	-3.717557	0.946565	2.206107	6.555720
0.023438	0.088867	0.947021	-3.824427	1.267176	1.885496	6.566113
0.023438	0.080322	0.938721	-3.312977	1.320611	1.740458	6.576694
0.030518	0.077148	0.956543	-2.259542	1.076336	1.083969	6.587289
0.030762	0.079590	0.953125	-1.526718	0.870229	0.969466	6.597282
0.031494	0.086182	0.940430	-1.198473	0.809160	1.473282	6.607736
0.024170	0.089355	0.933838	-0.419847	1.213740	1.076336	6.616412
0.025635	0.083252	0.942871	-0.664122	1.938931	1.091603	6.624750
0.032227	0.096680	0.941162	-0.274809	1.824427	1.236641	6.633247
0.031982	0.102051	0.945312	-1.183206	1.297710	2.129771	6.641785
0.027100	0.096436	0.941650	-2.412214	0.793893	2.175573	6.649995
0.026123	0.097168	0.944092	-2.809160	0.778626	2.259542	6.658491
0.023682	0.088867	0.930420	-3.099237	1.045802	2.480916	6.666758
0.022217	0.080078	0.930176	-3.114504	1.541985	2.091603	6.675123
0.015625	0.063477	0.934326	-2.931298	1.778626	1.526718	6.683130
0.020264	0.083740	0.931641	-2.076336	1.709924	1.099237	6.691601
0.026367	0.094482	0.939453	-1.145038	1.656489	1.465649	6.699770
0.024902	0.100342	0.939941	-1.534351	1.770992	1.557252	6.708076
0.030518	0.102783	0.948486	-2.564885	1.038168	2.229008	6.716286
0.030518	0.102783	0.950928	-3.122137	0.473282	2.969466	6.724713
0.024658	0.088135	0.933350	-3.534351	0.877863	3.251908	6.733118
0.022461	0.090576	0.921875	-3.740458	1.801527	2.893130	6.741691
0.017578	0.079346	0.934326	-3.786260	2.305344	3.114504	6.750036
0.023438	0.064453	0.942139	-3.068702	2.694656	2.687023	6.758382
0.024902	0.065674	0.944824	-2.267176	3.206107	1.893130	6.767068
0.017822	0.077393	0.938965	-1.793893	2.984733	1.480916	6.774888
0.028076	0.077637	0.951904	-2.167939	2.374046	1.694656	6.782754
0.022705	0.076172	0.950928	-1.862595	1.839695	1.687023	6.791545
0.027832	0.080566	0.932129	-1.870229	2.167939	1.412214	6.800130
0.024170	0.087891	0.949707	-1.213740	2.702290	1.351145	6.808507
0.019775	0.102539	0.937988	-1.061069	2.687023	1.885496	6.816566
0.017578	0.098633	0.945312	-1.984733	2.190840	1.916031	6.824861
0.019287	0.093506	0.948242	-1.694656	2.572519	0.022901	6.833543
0.022461	0.101807	0.941162	-2.625954	2.847328	2.312977	6.841966
0.029297	0.094482	0.956055	-3.648855	2.152672	2.503817	6.850507
0.025635	0.086914	0.948486	-3.847328	1.740458	2.427481	6.858925
0.025391	0.076904	0.953613	-3.083969	1.442748	2.458015	6.866960
0.028564	0.073975	0.946777	-2.496183	1.351145	2.587786	6.874977
0.026611	0.068604	0.951904	-3.908397	1.366412	2.022901	6.882718
0.041992	0.068848	0.946533	-1.435115	0.824427	2.221374	6.891137
0.027588	0.073486	0.956787	-0.854962	0.854962	2.145038	6.899691
0.029053	0.071777	0.969482	-0.656489	0.221374	1.885496	6.907930
0.023682	0.079590	0.952148	-0.870229	-0.122137	1.480916	6.916164
0.019287	0.083740	0.938232	-1.244275	-0.038168	1.290076	6.924357
0.022217	0.084717	0.935303	-0.839695	0.770992	1.038168	6.932832
0.023193	0.093994	0.929199	-1.022901	1.137405	1.229008	6.941165
0.018799	0.104736	0.940186	-1.480916	1.671756	1.648855	6.949645
0.022217	0.093506	0.949463	-2.053435	1.290076	2.213740	6.958091
0.021240	0.087891	0.946045	-2.671756	1.328244	3.900763	6.966674
0.015137	0.090820	0.947021	-3.236641	1.030534	1.893130	6.975009
0.021973	0.099609	0.959229	-3.358779	0.694656	2.290076	6.983190
0.022705	0.085449	0.978516	-3.351145	0.114504	3.038168	6.991720
0.020752	0.064209	0.954590	-2.625954	-0.725191	2.366412	7.000407
0.021973	0.080078	0.949951	-1.496183	-0.435115	2.236641	7.008687
0.024170	0.076172	0.947510	-2.320611	-0.374046	1.702290	7.017379
0.017334	0.069092	0.948242	-2.267176	0.442748	0.977099	7.025612
0.027100	0.079102	0.924316	-1.671756	-0.366412	0.938931	7.033541
0.024170	0.083252	0.947266	-1.725191	1.503817	1.122137	7.041406
0.021484	0.092041	0.962402	-1.450382	1.122137	1.473282	7.050000
0.021729	0.087646	0.962891	-1.206107	0.427481	1.282443	7.057806
0.019043	0.089355	0.958252	-1.076336	0.977099	1.320611	7.065599
0.031006	0.087891	0.962646	-0.198473	1.160305	1.396947	7.074206
0.018066	0.095947	0.939941	-0.732824	-0.671756	1.198473	7.082684
0.021240	0.099365	0.937012	-1.198473	-0.862595	2.129771	7.091049
0.024414	0.090820	0.937500	-2.374046	0.045802	2.183206	7.099423
0.023926	0.079102	0.931885	-2.458015	0.106870	1.732824	7.107884
0.019531	0.079590	0.941162	-2.732824	-0.129771	1.381679	7.116214
0.028320	0.083496	0.935547	-2.877863	-0.335878	1.564885	7.124380
0.030762	0.083008	0.918701	-3.198473	0.442748	1.969466	7.132684
0.030273	0.084717	0.916504	-3.793893	0.923664	1.534351	7.141049
0.027832	0.082764	0.908936	-2.809160	2.152672	0.786260	7.149660
0.026123	0.094482	0.935547	-2.725191	2.412214	1.465649	7.157829
0.020508	0.092041	0.948242	-2.236641	1.870229	1.549618	7.166207
0.016846	0.090088	0.958252	-2.190840	1.832061	3.893130	7.174618
0.019775	0.082275	0.957031	-2.244275	1.458015	1.442748	7.183004
0.024414	0.081787	0.957520	-2.267176	0.725191	1.786260	7.191332
0.027100	0.090088	0.955811	-2.664122	0.480916	1.916031	7.199548
0.023438	0.084229	0.925049	-1.671756	0.641221	1.839695	7.208129
0.021729	0.078857	0.920654	-1.229008	1.480916	1.656489	7.216506
0.024658	0.079102	0.932617	-1.129771	2.206107	1.145038	7.224556
0.021484	0.078125	0.961670	-0.938931	2.320611	0.885496	7.232843
0.023193	0.093018	0.953613	-2.000000	2.022901	1.381679	7.241232
0.021484	0.100342	0.948486	-2.664122	1.625954	1.725191	7.249839
0.020264	0.099121	0.963379	-3.916031	1.679389	2.236641	7.258053
0.019287	0.086182	0.964111	-4.343511	1.801527	2.305344	7.266570
0.021484	0.086426	0.953857	-3.045802	1.183206	2.832061	7.274752
0.016846	0.076416	0.942139	-3.305344	0.633588	2.977099	7.283129
0.016113	0.067871	0.935791	-2.610687	-0.366412	2.709924	7.291587
0.022217	0.060059	0.915039	-1.770992	0.534351	1.900763	7.300111
0.020752	0.055908	0.925049	-0.908397	2.099237	1.206107	7.308555
0.028320	0.072510	0.958740	-0.778626	2.091603	0.511450	7.316830
0.027832	0.085693	0.952881	-1.595420	1.648855	1.244275	7.325287
0.021729	0.083008	0.947754	-2.984733	1.137405	1.702290	7.333620
0.025635	0.075195	0.951416	-3.458015	1.221374	1.404580	7.341846
0.017334	0.076172	0.942139	-3.274809	1.335878	0.870229	7.350830
0.015381	0.076172	0.965088	-2.740458	0.664122	1.083969	7.359101
0.024902	0.074219	0.964355	-2.007634	0.854962	1.389313	7.367301
0.025391	0.075195	0.958008	-1.969466	0.259542	0.938931	7.375674
0.033936	0.080322	0.943115	-1.152672	-0.213740	0.908397	7.384013
0.026855	0.079102	0.942871	-1.435115	-0.267176	0.938931	7.392418
0.033447	0.076172	0.951904	-1.717557	-0.122137	0.664122	7.401013
0.025879	0.090332	0.944824	-2.083969	-0.297710	0.519084	7.409171
0.031494	0.095703	0.948486	-2.885496	0.045802	0.916031	7.416998
0.027344	0.083984	0.947754	-3.618321	-0.229008	1.145038	7.425078
0.026855	0.084229	0.939697	-3.137405	-0.297710	1.015267	7.432839
0.016357	0.080078	0.935547	-2.770992	0.015267	1.106870	7.441668
0.019775	0.076904	0.944824	-2.198473	0.083969	0.610687	7.449945
0.024414	0.088135	0.933105	-1.603053	0.038168	0.816794	7.457889
0.024902	0.089600	0.942871	-0.938931	-0.175573	1.137405	7.466309
0.046387	0.083740	0.944092	-0.343511	-0.167939	1.053435	7.474779
0.041260	0.091797	0.925781	-0.671756	-0.366412	1.129771	7.483382
0.031494	0.096924	0.939453	-2.152672	-0.366412	1.549618	7.491821
0.031982	0.089844	0.944824	-3.717557	-0.526718	1.717557	7.500268
0.028076	0.088379	0.943359	-4.160305	-0.984733	1.923664	7.508502
0.029297	0.085938	0.946533	-3.824427	0.343511	2.259542	7.518045
0.020508	0.070557	0.939697	-2.641221	0.450382	2.519084	7.528060
0.022461	0.055908	0.930908	-2.328244	-0.366412	1.488550	7.538210
0.025146	0.069336	0.920166	-0.519084	-0.259542	0.564885	7.549088
0.027588	0.077881	0.923096	0.297710	0.625954	0.610687	7.559646
0.028320	0.076660	0.931396	0.610687	1.221374	0.160305	7.569859
0.024170	0.093506	0.923096	-0.137405	1.748092	0.450382	7.580294
0.026123	0.096191	0.911865	-0.435115	1.908397	0.610687	7.590423
0.020508	0.105713	0.933838	-1.167939	2.641221	0.954198	7.601018
0.019775	0.110840	0.941162	-2.267176	2.748092	1.358779	7.611205
0.013916	0.101562	0.941895	-2.290076	2.595420	2.167939	7.621234
0.019775	0.092773	0.946045	-2.343511	2.450382	2.213740	7.631782
0.019287	0.095947	0.945801	-2.213740	1.977099	2.328244	7.641890
0.029541	0.093262	0.964111	-2.526718	1.893130	2.908397	7.652488
0.034180	0.072510	0.950439	-2.610687	1.839695	2.687023	7.663031
0.035645	0.067871	0.935059	-2.786260	1.786260	2.099237	7.672991
0.016846	0.068848	0.940674	-1.671756	2.320611	1.412214	7.683584
0.023682	0.076416	0.952881	-1.076336	2.534351	1.374046	7.693995
0.024902	0.080811	0.958252	-0.824427	1.656489	1.473282	7.704541
0.020508	0.077881	0.944824	-0.908397	1.343511	0.977099	7.714890
0.021240	0.097168	0.936523	-1.076336	1.564885	0.816794	7.725054
0.020020	0.091797	0.945557	-0.748092	2.045802	1.656489	7.735732
0.026611	0.092285	0.967285	-1.053435	1.488550	3.885496	7.746173
0.025146	0.083496	0.943115	-0.541985	1.572519	1.977099	7.756617
0.022217	0.081055	0.940430	-1.267176	1.488550	1.625954	7.766879
0.023193	0.085693	0.950928	-1.862595	0.931298	0.954198	7.776773
0.019531	0.099609	0.947998	-1.870229	0.824427	1.618321	7.787339
0.023438	0.088379	0.956787	-2.427481	1.335878	1.908397	7.797809
0.018799	0.088379	0.953125	-2.404580	1.129771	2.015267	7.808150
0.019775	0.085693	0.958740	-2.961832	0.625954	2.480916	7.818699
0.023193	0.069092	0.960938	-2.503817	0.717557	2.778626	7.828735
0.022705	0.064941	0.950928	-1.564885	0.480916	2.076336	7.839521
0.024902	0.068604	0.947021	-0.832061	0.320611	1.832061	7.850411
0.028076	0.067871	0.938232	-0.984733	0.427481	1.030534	7.860853
0.023193	0.071533	0.938477	-1.305344	0.793893	0.450382	7.871077
0.024414	0.089111	0.947998	-1.969466	0.725191	0.648855	7.881395
0.026123	0.087646	0.941650	-3.175573	0.404580	0.946565	7.892106
0.021484	0.085938	0.947998	-4.068702	-0.213740	0.893130	7.902673
0.020020	0.078125	0.950195	-3.557252	-0.083969	1.099237	7.913151
0.019531	0.076660	0.948486	-2.198473	-0.229008	1.381679	7.923602
0.026611	0.070312	0.952881	-1.335878	0.106870	1.549618	7.934025
0.025391	0.072510	0.938232	-1.007634	-0.297710	1.320611	7.944355
0.027832	0.071045	0.926514	-0.129771	-0.366412	1.335878	7.955130
0.027588	0.076904	0.933594	-0.748092	0.419847	1.076336	7.965371
0.026855	0.087158	0.938965	-1.404580	0.152672	0.755725	7.975710
0.027344	0.086182	0.946289	-2.900763	0.114504	0.992366	7.985879
0.030762	0.081299	0.948486	-3.221374	-0.045802	0.648855	7.996642
0.018311	0.095215	0.932617	-3.473282	-0.320611	0.786260	8.007106
0.026611	0.082031	0.924316	-3.435115	0.267176	1.160305	8.017411
0.026611	0.083740	0.930176	-2.045802	1.244275	0.954198	8.027792
0.030029	0.086670	0.947266	-1.427481	1.496183	1.053435	8.038253
0.031006	0.083984	0.948242	-0.854962	1.091603	1.610687	8.048657
0.031006	0.069580	0.954834	-0.213740	1.229008	1.106870	8.059116
0.022705	0.092773	0.949707	-0.786260	0.450382	0.648855	8.069564
0.032959	0.098145	0.930908	-1.381679	0.541985	0.938931	8.079776
0.025635	0.078857	0.927002	-1.870229	1.053435	1.213740	8.090074
0.024170	0.095703	0.937256	-1.656489	1.190840	1.877863	8.100921
0.027344	0.097656	0.958008	-1.412214	0.961832	2.458015	8.111331
0.030029	0.090576	0.957031	-2.160305	0.129771	2.396947	8.121568
0.027588	0.083740	0.936768	-2.183206	0.114504	2.244275	8.131914
0.023438	0.082764	0.935303	-1.977099	0.984733	2.656489	8.142108
0.021484	0.070312	0.935547	-1.488550	0.053435	1.839695	8.153089
0.025879	0.077148	0.932129	-0.740458	1.274809	1.488550	8.162684
0.029297	0.080811	0.929688	-1.946565	1.694656	0.969466	8.172845
0.025146	0.088623	0.942139	0.068702	2.167939	1.396947	8.182909
0.030029	0.083740	0.952148	-1.603053	1.587786	1.580153	8.193275
0.027100	0.079834	0.946777	-2.648855	1.274809	1.190840	8.203972
0.030273	0.076172	0.932861	-2.618321	1.587786	1.435115	8.214689
0.027344	0.077148	0.937988	-2.396947	1.832061	1.572519	8.225131
0.021973	0.083008	0.944336	-2.526718	2.061069	1.534351	8.235235
0.023193	0.089355	0.941650	-2.213740	1.717557	1.694656	8.245861
0.024902	0.070312	0.949707	-1.748092	2.122137	1.320611	8.256278
0.024170	0.073730	0.944824	-1.099237	1.908397	1.183206	8.266645
0.022217	0.081055	0.944824	-0.832061	1.885496	1.022901	8.277160
0.030762	0.080078	0.954346	-1.442748	1.282443	0.900763	8.287291
0.025635	0.089844	0.953613	-1.854962	1.351145	1.091603	8.298052
0.020752	0.080322	0.944092	-2.099237	1.496183	1.106870	8.308600
0.027588	0.088867	0.952148	-2.045802	1.938931	0.717557	8.318917
0.025146	0.097168	0.964600	-2.244275	0.687023	1.366412	8.329155
0.027344	0.085693	0.948730	-1.931298	1.335878	1.671756	8.339123
0.025146	0.081787	0.952148	-1.755725	0.854962	1.030534	8.349718
0.020752	0.088623	0.957764	-2.419847	0.938931	0.954198	8.360207
0.028076	0.087891	0.949463	-2.839695	0.236641	1.442748	8.374206
0.029785	0.083496	0.961426	-2.702290	-0.099237	1.419847	8.385381
0.025879	0.077637	0.956299	-2.824427	-0.366412	1.274809	8.396263
0.021484	0.076660	0.937012	-2.419847	-0.564885	1.129771	8.406835
0.031982	0.080322	0.941650	-1.748092	-0.267176	0.908397	8.417213
0.031006	0.080566	0.941650	-2.114504	0.137405	0.809160	8.427340
0.027100	0.087891	0.940674	-2.274809	0.244275	1.137405	8.437796
0.033691	0.089111	0.937744	-2.755725	0.229008	1.389313	8.448194
0.030762	0.093994	0.945557	-2.725191	0.335878	1.374046	8.458063
0.031982	0.086914	0.951172	-2.725191	-0.007634	1.595420	8.468752
0.024658	0.085938	0.958984	-2.404580	-0.404580	1.274809	8.478942
0.014648	0.085938	0.933594	-1.572519	-0.946565	1.580153	8.489368
0.028076	0.087646	0.954346	-1.221374	-1.534351	1.778626	8.499762
0.030518	0.089111	0.940674	-1.916031	-1.282443	2.267176	8.510047
0.034180	0.059082	0.918213	-2.946565	-0.557252	1.496183	8.522072
0.027832	0.078125	0.922363	-1.877863	0.748092	0.862595	8.532905
0.034912	0.084229	0.928955	-1.007634	1.595420	1.221374	8.542781
0.028564	0.088379	0.928711	-1.603053	1.511450	1.412214	8.553392
0.030273	0.090820	0.950439	-2.412214	1.267176	1.480916	8.564017
0.026611	0.090332	0.964111	-2.763359	0.717557	2.267176	8.574416
0.022461	0.084961	0.938721	-2.488550	0.580153	2.793893	8.584773
0.029053	0.073242	0.929199	-0.969466	0.885496	2.458015	8.595080
0.022949	0.082520	0.938721	0.198473	1.396947	2.198473	8.605944
0.032959	0.081299	0.947998	-0.267176	0.893130	2.038168	8.616497
0.030273	0.080566	0.946777	-1.389313	0.702290	2.022901	8.626886
0.038330	0.083496	0.951416	-2.000000	0.778626	1.709924	8.637410
0.030029	0.081055	0.935791	-2.748092	0.435115	1.839695	8.647881
0.030029	0.077393	0.933594	-2.633588	0.870229	1.671756	8.658085
0.029053	0.069336	0.924072	-1.862595	1.259542	1.328244	8.668656
0.024170	0.077393	0.937988	-0.801527	1.503817	1.389313	8.679033
0.025146	0.078369	0.953125	-0.839695	1.427481	1.083969	8.688932
0.026611	0.079102	0.931152	-1.175573	1.167939	0.091603	8.699734
0.024414	0.082764	0.931152	-0.854962	1.984733	1.946565	8.710170
0.029053	0.100098	0.928711	-1.106870	2.175573	0.435115	8.720506
0.029785	0.107422	0.921631	-1.824427	2.473282	1.549618	8.730770
0.028564	0.093262	0.929199	-2.687023	2.801527	1.870229	8.741215
0.023682	0.089844	0.945557	-2.534351	2.259542	1.984733	8.751485
0.025391	0.096924	0.958984	-2.694656	2.022901	2.099237	8.761522
0.031006	0.101074	0.965088	-3.381679	1.419847	2.755725	8.772154
0.024414	0.078613	0.953369	-3.259542	1.053435	2.793893	8.782443
0.027588	0.071045	0.948730	-1.450382	0.664122	2.198473	8.793640
0.027832	0.075928	0.941895	-0.381679	1.129771	1.854962	8.803790
0.030762	0.081787	0.961914	-0.236641	1.030534	1.778626	8.814130
0.033691	0.079102	0.953369	-0.328244	1.175573	1.793893	8.824567
0.028564	0.071533	0.950928	-0.267176	1.183206	1.183206	8.834787
0.030273	0.086914	0.960205	-0.839695	0.770992	1.076336	8.845599
0.030518	0.095215	0.968750	-0.923664	-1.916031	1.809160	8.855636
0.031494	0.087646	0.940674	-0.503817	-1.954198	1.664122	8.866321
0.032959	0.089600	0.943359	-1.351145	0.320611	0.793893	8.876853
0.027832	0.108643	0.946289	-2.358779	-0.610687	1.633588	8.887321
0.024902	0.084961	0.951904	-2.618321	0.076336	1.480916	8.898044
0.021729	0.099365	0.934326	-2.587786	-0.175573	1.862595	8.908254
0.027344	0.104004	0.949707	-2.053435	0.351145	2.496183	8.918621
0.027344	0.092773	0.949463	-1.984733	0.282443	3.358779	8.929174
0.023193	0.081299	0.953369	-1.893130	-0.167939	3.305344	8.939381
0.031006	0.070557	0.943604	-1.503817	0.007634	2.954198	8.949948
0.034180	0.079346	0.944580	-2.099237	-0.290076	2.511450	8.960234
0.031494	0.068115	0.943115	-2.862595	0.022901	2.038168	8.970256
0.022705	0.067139	0.944824	-2.305344	1.755725	1.664122	8.980863
0.023926	0.067871	0.931641	-2.007634	0.503817	1.061069	8.991158
0.018555	0.074707	0.928223	-1.526718	-0.038168	1.587786	9.001391
0.026367	0.077637	0.916748	-1.320611	1.213740	1.374046	9.011926
0.024170	0.083008	0.930176	-1.480916	1.343511	1.251908	9.022312
0.030518	0.080078	0.944092	-2.152672	1.022901	1.290076	9.032794
0.027344	0.074463	0.936523	-2.541985	0.954198	1.022901	9.042968
0.035645	0.090332	0.931641	-3.282443	1.129771	1.427481	9.053441
0.023682	0.079590	0.940430	-3.389313	1.068702	1.839695	9.063796
0.027588	0.072998	0.945068	-3.068702	1.106870	1.572519	9.073981
0.033203	0.077637	0.930176	-2.297710	1.419847	1.083969	9.084224
0.031494	0.076904	0.934082	-0.885496	1.679389	1.045802	9.094565
0.029053	0.080811	0.941162	-0.618321	1.770992	1.038168	9.105082
0.028320	0.085205	0.940186	-0.786260	1.389313	0.801527	9.115527
0.034668	0.083252	0.946777	-0.786260	1.572519	1.076336	9.126298
0.032715	0.083008	0.934570	-0.389313	1.702290	0.923664	9.136699
0.033691	0.086914	0.943848	-1.572519	1.839695	1.236641	9.146961
0.030762	0.086914	0.947510	-1.885496	1.557252	0.862595	9.157610
0.029297	0.087158	0.946777	-1.572519	1.206107	1.083969	9.168185
0.020508	0.086914	0.945801	-1.129771	1.259542	0.809160	9.178707
0.026123	0.085693	0.933838	-1.496183	1.435115	-0.358779	9.189135
0.028564	0.095215	0.930420	-1.160305	1.977099	-0.312977	9.199780
0.031250	0.103271	0.934326	-1.580153	2.633588	0.595420	9.209800
0.028564	0.105713	0.955811	-1.984733	2.015267	1.091603	9.220248
0.031250	0.095459	0.960205	-2.984733	1.625954	1.854962	9.230830
0.026123	0.093994	0.956543	-2.358779	0.916031	2.541985	9.241435
0.034668	0.083008	0.962646	-2.396947	0.969466	2.816794	9.251920
0.031738	0.079834	0.955566	-1.366412	0.641221	2.358779	9.261604
0.029541	0.080322	0.947998	-0.916031	0.473282	2.038168	9.272062
0.030518	0.086182	0.950195	-0.022901	0.625954	1.694656	9.282429
0.029785	0.088867	0.938965	-0.412214	0.793893	1.809160	9.292917
0.031006	0.095459	0.930908	-0.656489	0.587786	2.053435	9.303532
0.023682	0.085693	0.941162	-1.946565	0.351145	1.847328	9.313921
0.031006	0.083496	0.929443	-1.709924	0.687023	1.404580	9.324231
0.032959	0.095947	0.926270	-2.061069	1.137405	2.129771	9.334924
0.028564	0.082031	0.939453	-2.801527	1.778626	1.946565	9.345236
0.032715	0.085205	0.943115	-2.633588	1.442748	1.885496	9.355502
0.034668	0.073486	0.959961	-2.167939	1.641221	1.992366	9.365702
0.032227	0.081543	0.969971	-2.404580	0.335878	1.557252	9.375906
0.032227	0.083252	0.959717	-1.702290	-0.167939	2.099237	9.386381
0.046143	0.069580	0.946777	-1.473282	-0.213740	2.137405	9.397062
0.029541	0.083496	0.942871	-0.236641	-0.038168	1.824427	9.407234
0.033936	0.075684	0.932373	-0.732824	0.404580	1.916031	9.417453
0.031250	0.075928	0.956787	-0.618321	0.206107	0.938931	9.427484
0.031006	0.101562	0.940674	-1.175573	0.564885	1.251908	9.437944
0.025879	0.094727	0.945557	-2.648855	0.244275	2.190840	9.447548
0.027832	0.084229	0.938477	-3.122137	-0.045802	1.282443	9.457847
0.023193	0.097168	0.936523	-3.083969	0.618321	1.282443	9.468135
0.021484	0.089844	0.944580	-2.656489	1.641221	1.877863	9.478446
0.025391	0.085449	0.944336	-2.564885	2.106870	1.763359	9.489055
0.027832	0.083984	0.967529	-2.175573	1.175573	1.755725	9.499528
0.025391	0.096191	0.951904	-1.274809	0.129771	2.496183	9.509606
0.026855	0.080566	0.943604	-1.351145	-0.053435	2.572519	9.519866
0.030762	0.075439	0.938232	-1.610687	-0.145038	2.351145	9.530606
0.030273	0.062744	0.937500	-2.343511	0.450382	1.877863	9.541247
0.045898	0.073486	0.943848	-2.519084	1.000000	1.083969	9.552002
0.031494	0.088135	0.941406	-1.977099	1.480916	1.221374	9.562602
0.018555	0.085938	0.952881	-1.862595	1.145038	1.450382	9.573052
0.029541	0.091553	0.949463	-2.358779	0.770992	1.274809	9.583383
0.027832	0.083496	0.944580	-2.427481	0.816794	1.374046	9.593738
0.025146	0.076904	0.934814	-1.938931	0.801527	1.122137	9.604095
0.036377	0.074951	0.939453	-1.786260	1.129771	0.832061	9.614359
0.031982	0.085449	0.943115	-1.786260	1.114504	0.862595	9.624867
0.031494	0.083008	0.925049	-1.496183	1.251908	0.938931	9.635223
0.033936	0.083740	0.949707	-1.412214	1.427481	1.167939	9.645583
0.028076	0.094971	0.936035	-1.633588	1.129771	0.946565	9.655949
0.028076	0.096680	0.944336	-1.862595	1.709924	1.694656	9.666444
0.033447	0.091064	0.937256	-2.175573	1.587786	1.816794	9.676908
0.030029	0.099854	0.947021	-2.129771	2.244275	1.832061	9.687115
0.024170	0.095947	0.950684	-2.328244	2.007634	2.221374	9.697720
0.034180	0.088135	0.946533	-2.015267	1.969466	2.137405	9.708050
0.027344	0.086426	0.946777	-2.167939	3.900763	2.206107	9.718344
0.029053	0.078369	0.951416	-2.496183	1.687023	1.885496	9.728717
0.030029	0.082275	0.949951	-2.816794	1.694656	1.847328	9.739014
0.026855	0.080322	0.951904	-3.251908	1.480916	1.755725	9.749590
0.029053	0.076660	0.956299	-2.961832	0.908397	1.816794	9.760078
0.030273	0.066406	0.940430	-2.519084	0.603053	1.679389	9.770422
0.033936	0.068848	0.943848	-2.083969	1.038168	1.343511	9.780799
0.037842	0.065430	0.945557	-1.854962	0.938931	1.114504	9.790528
0.032959	0.067139	0.937500	-1.534351	1.206107	0.671756	9.800202
0.033447	0.065918	0.931641	-0.740458	1.702290	0.580153	9.809514
0.030518	0.082764	0.937256	-0.061069	2.022901	0.656489	9.818681
0.025146	0.083740	0.942139	-0.374046	2.106870	0.274809	9.828575
0.023193	0.081299	0.938232	-0.923664	2.213740	0.557252	9.838483
0.030762	0.097900	0.943359	-1.717557	1.664122	0.694656	9.849213
0.027832	0.105469	0.939453	-2.664122	1.931298	1.221374	9.859901
0.026123	0.098145	0.938232	-3.206107	1.908397	1.618321	9.870235
0.032959	0.096436	0.929443	-3.610687	2.687023	1.435115	9.880902
0.022949	0.099121	0.943359	-3.312977	2.625954	1.931298	9.891055
0.022461	0.100586	0.940918	-2.625954	2.709924	2.496183	9.901480
0.023926	0.088623	0.952148	-1.916031	2.610687	2.664122	9.912213
0.027832	0.084961	0.954102	-1.549618	2.274809	2.343511	9.922311
0.030029	0.079102	0.946777	-2.175573	1.725191	2.137405	9.932626
0.026123	0.083008	0.932861	-2.679389	1.725191	1.763359	9.943074
0.031738	0.088867	0.940674	-3.061069	1.832061	2.015267	9.953370
0.025635	0.084473	0.943115	-2.595420	2.335878	2.190840	9.963811
0.025635	0.082764	0.928955	-1.778626	2.641221	1.259542	9.973745
0.023193	0.097900	0.933105	-1.427481	3.015267	1.748092	9.983870
0.021973	0.099854	0.954590	-1.534351	2.809160	2.824427	9.994136
0.024902	0.088867	0.965088	-2.137405	2.374046	2.824427	10.004385
0.025146	0.093506	0.973389	-2.190840	1.198473	2.961832	10.014646
0.024902	0.081787	0.962646	-2.770992	0.366412	2.832061	10.025024
0.023193	0.074463	0.951660	-2.251908	0.496183	2.725191	10.035211
0.025879	0.073730	0.945801	-1.106870	0.206107	2.160305	10.045642
0.025635	0.081299	0.947266	-0.717557	1.091603	2.198473	10.056003
0.030273	0.093262	0.942871	-1.274809	1.145038	2.206107	10.066034
0.027100	0.085938	0.937744	-1.946565	0.923664	2.877863	10.076450
0.025879	0.082764	0.953613	-2.877863	1.053435	3.083969	10.086017
0.021240	0.092285	0.937988	-3.549618	0.671756	3.374046	10.095275
0.017090	0.063721	0.940186	-3.755725	0.580153	3.076336	10.104595
0.021240	0.056885	0.951416	-2.564885	0.358779	1.832061	10.116039
0.026123	0.071777	0.947754	-2.000000	1.503817	1.503817	10.126663
0.023193	0.063965	0.962158	-1.854962	0.648855	1.839695	10.136754
0.030029	0.069580	0.945557	-2.122137	-0.442748	1.030534	10.147164
0.035645	0.080811	0.950195	-2.290076	-0.488550	1.366412	10.157418
0.019287	0.073730	0.953613	-2.541985	-0.122137	1.519084	10.167813
0.019775	0.085938	0.944092	-1.694656	-0.305344	1.068702	10.178184
0.024170	0.083008	0.946533	-1.061069	0.061069	1.480916	10.188792
0.020264	0.093994	0.935791	-0.480916	0.328244	1.580153	10.198677
0.019287	0.086426	0.927979	-1.274809	-1.068702	1.984733	10.209529
0.026611	0.083740	0.918213	-1.656489	-0.091603	1.610687	10.220067
0.024902	0.086182	0.909180	-1.755725	0.580153	1.458015	10.230008
0.029541	0.089600	0.911133	-1.595420	1.458015	1.870229	10.240450
0.027344	0.083496	0.927246	-2.160305	2.198473	1.488550	10.250754
0.028320	0.089355	0.938477	-2.358779	2.297710	1.580153	10.261276
0.034912	0.082764	0.960205	-3.442748	1.435115	1.809160	10.271901
0.026367	0.087158	0.943848	-3.832061	0.938931	1.572519	10.282148
0.027100	0.086670	0.943604	-3.541985	0.900763	2.091603	10.291988
0.022949	0.070312	0.947266	-2.229008	1.351145	1.763359	10.301920
0.023193	0.084717	0.939697	-0.854962	1.580153	1.709924	10.311697
0.020264	0.086426	0.944336	-0.282443	2.000000	2.091603	10.321322
0.026855	0.078369	0.942871	1.946565	1.862595	1.816794	10.330541
0.028320	0.079590	0.939209	-0.328244	1.900763	0.992366	10.339692
0.024902	0.091553	0.932617	-1.015267	2.412214	0.847328	10.350023
0.025635	0.088867	0.931152	-2.396947	2.358779	1.496183	10.359986
0.024170	0.083496	0.943848	-2.961832	2.526718	1.435115	10.371643
0.026123	0.087891	0.944580	-3.748092	2.381679	1.541985	10.381733
0.023926	0.070068	0.942627	-4.099237	2.122137	1.534351	10.391736
0.026123	0.071045	0.946533	-3.312977	2.305344	1.083969	10.401927
0.029785	0.083008	0.946533	-1.961832	2.389313	1.358779	10.411816
0.028809	0.080566	0.956787	-0.992366	1.931298	1.381679	10.421086
0.024902	0.084961	0.963379	-0.511450	1.725191	1.587786	10.430265
0.027344	0.084473	0.962158	-0.496183	1.427481	1.687023	10.439736
0.022949	0.080811	0.947754	-1.167939	1.099237	1.572519	10.448932
0.024170	0.087646	0.954590	-1.274809	0.946565	1.603053	10.458723
0.023682	0.092285	0.947510	-1.885496	1.007634	1.633588	10.467921
0.031982	0.087402	0.947510	-2.427481	0.519084	1.740458	10.477081
0.030029	0.083252	0.952637	-2.564885	0.404580	1.946565	10.486321
0.026611	0.065430	0.939453	-2.778626	0.175573	1.900763	10.495987
0.024902	0.066650	0.946045	-2.916031	0.389313	1.664122	10.505737
0.028809	0.063477	0.947998	-3.068702	-0.053435	1.251908	10.516229
0.038330	0.081787	0.939453	-2.557252	0.083969	1.374046	10.526402
0.034424	0.073975	0.938477	-2.717557	0.633588	1.206107	10.536363
0.028809	0.078369	0.931885	-2.885496	0.290076	1.465649	10.546650
0.028809	0.071533	0.943848	-2.824427	0.900763	1.221374	10.555929
0.022705	0.080811	0.945312	-1.732824	1.122137	1.076336	10.565109
0.027344	0.096436	0.942139	-1.122137	1.007634	1.450382	10.574227
0.022461	0.098877	0.951904	-1.000000	1.503817	2.053435	10.583342
0.023926	0.082275	0.947510	-2.061069	0.511450	2.267176	10.592503
0.025391	0.090088	0.956055	-2.297710	0.244275	2.167939	10.602791
0.027100	0.082764	0.956787	-2.435115	-0.442748	2.183206	10.612897
0.028076	0.082031	0.947510	-3.267176	-1.000000	2.305344	10.623313
0.019775	0.067383	0.943604	-3.587786	-0.954198	1.740458	10.633838
0.025146	0.067383	0.934326	-2.503817	-0.297710	1.160305	10.643815
0.028320	0.091797	0.935547	-1.770992	0.496183	1.129771	10.654910
0.025391	0.090820	0.961426	-1.618321	1.625954	1.442748	10.665080
0.022217	0.081787	0.948975	-1.251908	0.694656	1.893130	10.674556
0.022217	0.070312	0.945312	-2.068702	-1.076336	1.748092	10.684791
0.026855	0.074219	0.938477	-2.274809	-0.335878	1.160305	10.694496
0.029053	0.078857	0.912842	-2.312977	-0.099237	1.213740	10.703948
0.028564	0.078857	0.919434	-2.374046	0.763359	1.221374	10.713107
0.023193	0.080566	0.927002	-2.419847	1.320611	0.961832	10.722540
0.024170	0.082520	0.938232	-2.549618	1.282443	0.885496	10.731819
0.027344	0.090332	0.943848	-2.580153	1.030534	1.068702	10.741886
0.022705	0.085938	0.947510	-2.816794	0.740458	1.610687	10.753112
0.027344	0.079834	0.939697	-1.992366	0.687023	2.213740	10.763459
0.027832	0.077637	0.927490	-0.603053	1.106870	1.618321	10.773891
0.029785	0.080566	0.940674	-0.343511	1.687023	1.541985	10.783820
0.026855	0.088135	0.951416	-0.824427	1.496183	1.526718	10.793522
0.037842	0.082031	0.932617	-1.503817	1.702290	1.832061	10.804317
0.037109	0.079346	0.938232	-1.839695	1.549618	1.717557	10.814770
0.030029	0.078369	0.943115	-2.633588	1.137405	1.656489	10.823856
0.030762	0.094238	0.936035	-2.183206	0.984733	1.832061	10.832201
0.037354	0.105225	0.933105	-2.366412	1.129771	2.320611	10.840652
0.026367	0.079346	0.931152	-2.374046	1.305344	1.977099	10.849042
0.030518	0.071289	0.934326	-1.610687	1.473282	1.770992	10.857274
0.028809	0.076904	0.922363	-0.618321	2.076336	1.748092	10.865893
0.031738	0.078857	0.928955	0.106870	2.351145	1.458015	10.874307
0.032715	0.081299	0.950684	-0.167939	2.541985	1.648855	10.882423
0.031006	0.085205	0.942139	-0.465649	2.351145	1.503817	10.890834
0.026367	0.087402	0.939697	-0.442748	2.740458	1.748092	10.899127
0.028076	0.086914	0.950195	-1.503817	2.236641	1.908397	10.907504
0.029297	0.081055	0.950195	-1.671756	1.824427	1.473282	10.915445
0.031006	0.094727	0.940918	-1.816794	1.969466	1.931298	10.923994
0.027588	0.089111	0.947998	-2.351145	1.603053	1.969466	10.932450
0.027832	0.084229	0.964111	-2.694656	1.419847	1.954198	10.940702
0.025635	0.092529	0.955078	-2.396947	1.198473	2.183206	10.949225
0.018066	0.088867	0.948975	-1.793893	1.419847	2.381679	10.957619
0.031494	0.088379	0.939453	-1.022901	1.198473	2.839695	10.966021
0.030029	0.089844	0.955322	-2.374046	1.351145	2.786260	10.974376
0.028564	0.091553	0.965820	-2.847328	1.068702	2.893130	10.982802
0.028809	0.075928	0.963379	-3.099237	0.671756	3.259542	10.991336
0.029785	0.057129	0.948242	-2.961832	0.328244	2.862595	10.999590
0.024902	0.058105	0.950439	-2.221374	0.229008	1.801527	11.008208
0.030273	0.076416	0.940918	-1.862595	0.374046	1.419847	11.016242
0.016602	0.074219	0.943359	-1.809160	1.053435	1.167939	11.024846
0.024902	0.073975	0.941895	-1.389313	0.824427	1.335878	11.033249
0.025391	0.081787	0.933594	-1.328244	0.549618	1.618321	11.041769
0.025391	0.077148	0.939941	-0.809160	0.580153	1.511450	11.050110
0.020020	0.082275	0.953369	-0.312977	0.458015	1.648855	11.058394
0.027344	0.089355	0.961182	-1.083969	0.748092	1.816794	11.066691
0.021484	0.090576	0.958740	-1.381679	0.206107	2.091603	11.075284
0.029053	0.094482	0.945312	-1.702290	0.236641	2.549618	11.083735
0.019287	0.083008	0.938477	-1.496183	0.061069	2.778626	11.092008
0.022217	0.086182	0.943359	-1.885496	0.244275	2.618321	11.100309
0.023926	0.082275	0.946045	-1.969466	0.129771	2.931298	11.108747
0.020264	0.078369	0.941406	-1.541985	0.229008	3.022901	11.116817
0.021484	0.067627	0.930420	-0.961832	0.465649	2.900763	11.125065
0.020020	0.064209	0.930908	-0.694656	0.190840	2.305344	11.133471
0.026123	0.070312	0.934082	-0.709924	0.305344	2.114504	11.141726
0.030518	0.066406	0.934570	-1.404580	0.389313	2.526718	11.150047
0.030518	0.058594	0.942627	-2.038168	0.557252	1.633588	11.158406
0.027832	0.080078	0.940918	-2.129771	0.351145	1.000000	11.167008
0.024902	0.079346	0.931152	-2.274809	0.274809	1.358779	11.175329
0.028320	0.074463	0.927002	-2.839695	0.801527	1.435115	11.183681
0.027100	0.068359	0.952148	-2.671756	1.022901	0.832061	11.192202
0.026367	0.086426	0.934814	-2.977099	1.557252	0.839695	11.200476
0.029297	0.081543	0.937012	-2.656489	1.778626	1.366412	11.208821
0.023926	0.076172	0.949463	-2.221374	1.854962	1.557252	11.217169
0.025635	0.080322	0.945557	-1.923664	1.992366	1.251908	11.225449
0.026855	0.079102	0.959473	-2.259542	1.603053	0.954198	11.233784
0.026367	0.085205	0.940186	-1.671756	1.389313	1.450382	11.242280
0.015869	0.083008	0.942871	-1.610687	1.419847	1.824427	11.250553
0.029785	0.074707	0.948730	-0.725191	1.656489	1.656489	11.259038
0.024658	0.088867	0.935547	-0.374046	1.312977	1.770992	11.267414
0.027588	0.083984	0.954834	-1.213740	0.885496	2.099237	11.275891
0.027100	0.077637	0.941406	-1.305344	-0.381679	1.893130	11.284093
0.031982	0.078613	0.943604	-2.183206	-0.007634	1.091603	11.292622
0.025879	0.077881	0.958984	-1.801527	1.854962	1.053435	11.301030
0.022949	0.070801	0.953613	-0.038168	-0.633588	1.450382	11.309242
0.022217	0.081299	0.922852	-0.496183	0.152672	1.442748	11.317764
0.030518	0.078369	0.927979	-0.290076	0.832061	1.389313	11.326152
0.027832	0.088867	0.941650	-1.328244	1.473282	0.839695	11.334611
0.019775	0.089111	0.937256	-3.274809	1.900763	1.229008	11.342898
0.016602	0.072754	0.927002	-1.847328	-0.732824	1.038168	11.351397
0.026611	0.077148	0.925537	-1.564885	-1.809160	0.885496	11.359770
0.026123	0.088135	0.911377	-1.847328	-3.458015	0.809160	11.367867
0.046387	0.082031	0.940186	-3.465649	0.648855	0.404580	11.375463
0.024902	0.072510	0.945557	-3.541985	-0.328244	-0.045802	11.383014
0.016602	0.079590	0.927734	-4.480916	-6.908397	-0.206107	11.391492
0.111328	-0.028320	0.964111	13.106870	-0.045802	3.946565	11.399806
0.082275	0.060791	0.919678	-7.381679	0.961832	-1.954198	11.408412
0.034180	0.140381	0.956299	3.801527	4.137405	3.931298	11.416623
-0.045410	0.098633	1.007080	6.870229	5.427481	6.396947	11.424772
0.057129	0.109131	0.959717	4.969466	6.312977	1.396947	11.433382
0.032715	0.172607	0.935303	-5.305344	9.641221	-2.381679	11.441832
0.020264	0.117676	0.958740	-1.312977	7.007634	6.206107	11.450111
0.010986	0.041260	0.964355	4.931298	5.916031	4.503817	11.458854
0.019287	0.137695	0.919434	0.290076	4.763359	-0.862595	11.467188
0.030273	0.152100	0.927734	-2.190840	6.709924	1.923664	11.475637
0.034668	0.085205	0.967285	-3.404580	2.564885	3.870229	11.484090
0.017090	0.065674	0.962891	-1.396947	-2.374046	1.473282	11.492548
0.042725	0.090820	0.961426	0.541985	0.931298	2.129771	11.500690
0.018799	0.091064	0.917725	-0.862595	-1.709924	2.938931	11.509362
0.045166	0.059814	0.919189	-2.847328	-0.175573	3.885496	11.517590
0.031006	0.061035	0.963623	-1.641221	2.038168	0.435115	11.525737
0.032715	0.111572	0.961426	-2.854962	-0.435115	1.229008	11.534139
0.039062	0.075439	0.936523	-0.587786	1.480916	3.877863	11.542484
0.022949	0.064453	0.944580	-1.053435	3.328244	1.816794	11.550860
0.030029	0.091553	0.947021	-2.709924	-0.167939	0.740458	11.559122
0.024658	0.106445	0.937012	-3.511450	-1.992366	2.000000	11.567715
0.032471	0.087158	0.945068	-3.229008	-0.488550	1.885496	11.576106
0.028076	0.063965	0.954346	-1.374046	-1.312977	1.832061	11.584488
0.035645	0.087891	0.950684	0.213740	-0.748092	1.374046	11.592753
0.029297	0.086426	0.953857	-0.725191	-1.328244	1.770992	11.601151
0.028809	0.076172	0.979248	-0.030534	1.519084	1.725191	11.609547
0.023438	0.078857	0.969727	-1.572519	-0.259542	1.320611	11.617328
0.040527	0.103271	0.942139	-2.854962	-2.877863	1.122137	11.625121
0.021484	0.100586	0.935791	-5.465649	-2.343511	1.389313	11.633414
0.027100	0.074463	0.927002	-4.328244	-7.404580	1.389313	11.641848
-0.021729	0.053711	0.907959	-5.557252	-11.259542	4.412214	11.650187
0.012207	0.107666	0.898193	-0.480916	-15.709924	0.206107	11.658742
0.028809	0.114746	0.940430	18.007634	-4.778626	1.534351	11.666690
0.033447	0.138672	0.923828	-4.114504	-0.564885	-2.022901	11.675040
0.036377	0.112061	0.958984	-3.854962	-2.007634	4.213740	11.683370
0.035156	0.052490	1.010498	-3.274809	0.938931	2.351145	11.691743
0.035400	0.097412	0.929688	-3.824427	-3.122137	0.450382	11.700156
0.041992	0.107910	0.913086	-3.305344	-0.473282	2.984733	11.708469
0.030518	0.088867	0.942871	-5.961832	-0.305344	2.618321	11.716947
0.033691	0.053711	0.942139	-2.045802	1.076336	1.312977	11.724635
0.030762	0.084229	0.933350	-0.885496	2.702290	0.625954	11.733224
0.030273	0.089111	0.950684	0.404580	2.786260	1.770992	11.741576
0.030762	0.072998	0.951172	-0.664122	-0.770992	1.557252	11.750008
0.032715	0.089111	0.973877	-0.381679	2.931298	0.992366	11.758509
0.032959	0.094238	0.943359	-1.725191	-0.480916	0.824427	11.766765
0.038086	0.099121	0.909180	-2.923664	1.007634	1.114504	11.775189
0.040283	0.080566	0.948242	-0.816794	4.541985	1.137405	11.783552
0.029053	0.091064	0.950928	-1.274809	4.137405	0.549618	11.792063
0.029541	0.100586	0.923096	-0.984733	2.992366	1.114504	11.799987
0.030273	0.116455	0.921387	-2.221374	3.358779	1.564885	11.808384
0.032959	0.101074	0.961426	-3.030534	3.458015	1.916031	11.816659
0.028320	0.097412	0.965332	-3.694656	-0.564885	2.267176	11.825062
0.051270	0.114990	0.937988	-5.251908	-0.625954	2.160305	11.833142
0.029297	0.086914	0.934326	-5.587786	1.442748	2.832061	11.841551
0.027344	0.038818	0.943359	-1.251908	-2.351145	3.618321	11.850006
0.035889	0.084717	0.944092	-2.496183	-1.870229	1.007634	11.858674
0.045166	0.107666	0.948486	-1.496183	2.374046	1.206107	11.866804
0.034668	0.072510	0.954590	-0.908397	-0.244275	1.519084	11.875102
0.044189	0.081299	0.942627	-1.099237	-1.129771	1.061069	11.883829
0.036133	0.092529	0.931641	-1.129771	0.152672	1.458015	11.892191
0.040771	0.093750	0.947021	-1.694656	-0.435115	1.763359	11.900503
0.043945	0.074219	0.954102	-2.053435	-0.022901	1.549618	11.908954
0.040039	0.078369	0.950195	-2.595420	0.038168	1.137405	11.917209
0.044434	0.072021	0.940674	-1.450382	-0.045802	1.442748	11.925169
0.038818	0.064697	0.921875	-0.290076	0.274809	1.564885	11.933564
0.038818	0.072021	0.937012	-0.076336	0.389313	1.167939	11.941846
0.038330	0.079346	0.939941	0.229008	1.015267	0.702290	11.950178
0.042480	0.093018	0.933105	-2.503817	2.022901	0.083969	11.958903
0.034912	0.078857	0.923828	-0.900763	3.465649	-0.412214	11.966599
0.031494	0.066650	0.919189	1.877863	1.312977	0.389313	11.974758
0.026123	0.106445	0.927490	-0.511450	1.847328	-0.206107	11.982765
0.030029	0.108154	0.918457	-1.358779	2.244275	0.648855	11.991755
0.030029	0.103760	0.923340	-2.511450	0.763359	1.129771	12.000113
0.031006	0.092041	0.941162	-2.862595	3.274809	0.580153	12.008241
0.028564	0.111572	0.959717	-2.786260	2.328244	0.977099	12.016153
0.030518	0.121582	0.928711	-3.893130	1.755725	0.778626	12.024229
0.031494	0.108887	0.951904	-4.038168	4.656489	1.587786	12.032748
0.027344	0.106934	0.965088	-3.496183	2.045802	2.541985	12.040994
0.037842	0.103760	0.958496	-2.954198	2.213740	2.732824	12.049234
0.038086	0.098145	0.945801	-2.641221	3.221374	3.022901	12.057920
0.033936	0.096924	0.938965	-2.236641	3.274809	3.251908	12.066351
0.040283	0.091064	0.950195	-2.725191	2.099237	3.198473	12.074902
0.041748	0.093750	0.956055	-3.022901	2.824427	3.045802	12.083299
0.041260	0.093506	0.957520	-2.816794	2.412214	3.450382	12.091827
0.038330	0.077393	0.971436	-3.015267	0.351145	3.625954	12.100113
0.046387	0.073975	0.981934	-3.015267	0.251908	3.007634	12.108583
0.040039	0.069336	0.973389	-2.450382	-0.381679	2.274809	12.116763
0.044189	0.066895	0.950928	-2.870229	-1.274809	1.923664	12.124894
0.039062	0.051758	0.943848	-2.167939	-1.641221	1.549618	12.133336
0.040527	0.070068	0.943359	-1.557252	-1.320611	1.198473	12.141386
0.044434	0.073975	0.948975	-1.778626	-0.618321	0.923664	12.149841
0.042969	0.078613	0.942871	-1.488550	-1.541985	0.809160	12.158479
0.038574	0.075195	0.963379	-1.442748	-2.137405	0.854962	12.166617
0.045410	0.084717	0.955078	-0.885496	-1.450382	0.442748	12.174884
0.031250	0.091309	0.950928	-1.343511	-2.068702	1.419847	12.183176
0.045898	0.086182	0.932373	-2.198473	-2.526718	1.267176	12.191732
0.035645	0.083740	0.937500	-1.763359	-1.725191	1.343511	12.200186
