0.125977	-0.088379	1.093994	-3.045802	-0.877863	-2.358779	0.005740
0.122803	-0.081787	1.086670	-3.007634	0.160305	-1.374046	0.014134
0.117188	-0.080566	1.093018	-3.389313	0.992366	-0.671756	0.022273
0.124756	-0.095459	1.117188	-3.969466	0.961832	-0.343511	0.030604
0.121094	-0.095947	1.125244	-3.877863	0.786260	-0.763359	0.038783
0.128906	-0.099121	1.136475	-4.076336	-0.015267	-1.488550	0.046895
0.130615	-0.094482	1.128174	-4.320611	-0.305344	-1.992366	0.054955
0.126221	-0.064941	1.125977	-3.625954	-0.297710	-0.877863	0.063042
0.125244	-0.084717	1.116455	-4.335878	-0.412214	0.312977	0.071185
0.121826	-0.104248	1.118896	-3.969466	-0.572519	0.290076	0.079392
0.119141	-0.107178	1.109863	-3.870229	-0.083969	-0.366412	0.087318
0.116699	-0.089355	1.103516	-3.862595	0.412214	-0.519084	0.094840
0.110840	-0.085938	1.105469	-4.427481	0.786260	-0.015267	0.102457
0.123291	-0.082275	1.102295	-4.190840	1.519084	1.015267	0.109983
0.121338	-0.098633	1.113525	-3.732824	2.000000	1.183206	0.117463
0.118408	-0.114990	1.141846	-3.114504	1.015267	0.664122	0.124972
0.124023	-0.123047	1.167969	-2.687023	0.251908	-0.267176	0.132464
0.126465	-0.104004	1.146973	-2.488550	-0.519084	-0.618321	0.139940
0.115723	-0.089844	1.141113	-3.038168	-1.801527	0.137405	0.147528
0.124512	-0.083740	1.122559	-4.015267	-2.679389	0.732824	0.155017
0.127197	-0.097900	1.108398	-4.954198	-2.267176	1.122137	0.162490
0.129883	-0.099854	1.082764	-6.297710	-1.503817	1.572519	0.170011
0.119873	-0.107910	1.100586	-7.488550	-0.931298	1.862595	0.177529
0.118896	-0.127197	1.112793	-8.076336	-0.854962	1.778626	0.185048
0.110840	-0.120605	1.108643	-7.641221	-0.992366	1.404580	0.192508
0.129150	-0.137207	1.110596	-6.954198	-0.862595	0.824427	0.200101
0.121582	-0.147217	1.116211	-5.259542	-0.145038	-0.648855	0.209254
0.123779	-0.131836	1.105713	-3.549618	0.160305	-1.862595	0.217791
0.118896	-0.123047	1.108398	-3.137405	0.389313	-2.374046	0.226294
0.121338	-0.116699	1.096924	-2.488550	0.480916	-2.450382	0.234381
0.119873	-0.107178	1.108887	-1.900763	1.000000	-1.946565	0.243053
0.122803	-0.099121	1.111328	-2.541985	1.022901	-2.007634	0.251318
0.110840	-0.100586	1.098877	-3.022901	1.442748	-2.190840	0.259629
0.113281	-0.088379	1.096191	-3.480916	1.572519	-1.305344	0.267806
0.117920	-0.079346	1.091309	-4.129771	1.816794	-0.251908	0.276302
0.119873	-0.106689	1.105225	-4.541985	1.687023	0.045802	0.284578
0.118408	-0.128174	1.113525	-3.717557	1.763359	-0.931298	0.292949
0.115723	-0.133789	1.107422	-2.129771	1.671756	-1.656489	0.301120
0.120850	-0.115479	1.103760	-0.832061	1.786260	-2.419847	0.309541
0.113281	-0.096191	1.102539	0.022901	2.145038	-2.442748	0.317795
0.108398	-0.072021	1.114990	-1.007634	2.076336	-1.923664	0.326164
0.113770	-0.069092	1.127197	-3.083969	2.251908	-1.129771	0.334328
0.116211	-0.065186	1.114502	-4.488550	1.938931	0.259542	0.342690
0.116699	-0.088623	1.115723	-5.396947	2.267176	1.419847	0.350832
0.119141	-0.116211	1.119873	-4.526718	2.129771	1.786260	0.359315
0.117432	-0.127197	1.132812	-3.908397	1.740458	1.114504	0.368766
0.113037	-0.138916	1.111572	-3.450382	1.900763	-0.320611	0.377725
0.114990	-0.135986	1.098389	-1.717557	2.549618	-1.267176	0.386092
0.120361	-0.121582	1.106445	-1.053435	3.114504	-1.679389	0.394403
0.116699	-0.117432	1.098877	-0.786260	3.992366	-1.687023	0.402632
0.148926	-0.109131	1.057861	-1.893130	13.564885	1.694656	0.411337
0.039307	-0.127441	1.248535	1.007634	9.740458	0.755725	0.419740
0.112061	-0.102539	1.154297	-4.473282	-2.274809	-2.290076	0.428054
0.105469	-0.105225	1.123779	-3.572519	-0.580153	-2.000000	0.436501
0.101807	-0.103516	1.086670	-3.427481	-1.816794	-1.931298	0.444535
0.117920	-0.099121	1.101318	-2.748092	-0.251908	-1.366412	0.452680
0.108643	-0.090820	1.105957	-3.213740	-0.083969	-1.618321	0.460635
0.112305	-0.098145	1.111816	-2.992366	-0.129771	-1.671756	0.468273
0.108154	-0.097412	1.109619	-2.564885	-0.053435	-1.816794	0.476184
0.112061	-0.089844	1.112793	-2.526718	0.183206	-1.801527	0.484555
0.104980	-0.094971	1.133545	-2.267176	0.022901	-1.290076	0.492762
0.104980	-0.093262	1.140625	-2.793893	-0.595420	-1.206107	0.501560
0.106201	-0.093994	1.137451	-3.717557	-1.511450	-0.541985	0.509992
0.115479	-0.096436	1.108154	-5.175573	-1.603053	0.145038	0.519193
0.106201	-0.113281	1.080078	-5.053435	-0.419847	-0.297710	0.527829
0.106689	-0.115234	1.088135	-3.931298	0.389313	-0.312977	0.536219
0.110840	-0.107422	1.098877	-2.923664	1.358779	-0.312977	0.544599
0.110596	-0.109619	1.118896	-2.358779	1.435115	-0.290076	0.552962
0.102783	-0.121582	1.130859	-2.030534	0.183206	-1.229008	0.561254
0.111328	-0.118408	1.127441	-2.992366	-1.496183	-0.007634	0.569551
0.113037	-0.099609	1.110840	-4.038168	-1.541985	-2.618321	0.578118
0.109131	-0.093506	1.114990	-4.282443	-1.977099	-1.564885	0.586510
0.106934	-0.088623	1.111572	-4.389313	-1.702290	-0.885496	0.594988
0.100586	-0.108398	1.106201	-4.633588	-1.740458	-0.793893	0.603245
0.104492	-0.110352	1.084229	-3.641221	-0.786260	-1.007634	0.611879
0.101074	-0.105713	1.089355	-2.198473	0.183206	-1.129771	0.620187
0.107422	-0.092285	1.104248	-1.625954	0.389313	-0.870229	0.628551
0.104004	-0.102051	1.121582	-1.885496	0.526718	-0.610687	0.636940
0.112305	-0.103516	1.113770	-2.595420	1.946565	-0.893130	0.645182
0.108643	-0.107666	1.116455	-2.900763	0.137405	-0.755725	0.653578
0.116455	-0.110840	1.110596	-3.244275	-0.274809	-1.343511	0.661752
0.107910	-0.106201	1.111816	-3.076336	-0.061069	-1.519084	0.670049
0.105469	-0.085449	1.094727	-3.603053	-1.954198	-0.816794	0.678412
0.101562	-0.097168	1.110107	-4.320611	0.160305	-0.633588	0.686760
0.104004	-0.102783	1.124268	-4.610687	-0.694656	-0.572519	0.695219
0.106445	-0.097900	1.133545	-5.274809	-1.732824	-1.183206	0.703618
0.102295	-0.093506	1.113037	-4.969466	-1.480916	-1.030534	0.711559
0.103271	-0.094238	1.095703	-4.259542	-0.786260	-1.000000	0.720011
0.106934	-0.096924	1.094727	-3.603053	0.038168	-0.625954	0.728211
0.103760	-0.084229	1.101562	-3.450382	0.557252	-0.083969	0.736487
0.109863	-0.093506	1.105713	-3.839695	1.015267	0.335878	0.744769
0.107178	-0.118164	1.109375	-3.427481	1.030534	0.038168	0.753117
0.100342	-0.108887	1.108154	-2.717557	1.549618	-0.526718	0.761182
0.099609	-0.100830	1.107422	-2.709924	1.755725	-0.519084	0.769780
0.100342	-0.102051	1.121826	-2.160305	1.534351	-0.274809	0.777625
0.099609	-0.099609	1.134521	-2.335878	-0.931298	-0.099237	0.786246
0.110840	-0.105225	1.128174	-3.061069	-2.091603	-0.267176	0.794584
0.112549	-0.106934	1.106445	-2.847328	-1.900763	-0.106870	0.803133
0.108887	-0.104248	1.082520	-2.847328	-0.748092	0.099237	0.811154
0.103760	-0.101318	1.089111	-2.679389	-0.290076	0.664122	0.818927
0.105713	-0.103271	1.108643	-2.694656	0.580153	0.557252	0.827944
0.104980	-0.123047	1.111816	-2.396947	1.076336	0.198473	0.836040
0.103027	-0.121338	1.133789	-2.022901	0.961832	-0.488550	0.844219
0.106689	-0.126221	1.128906	-1.931298	0.236641	-1.290076	0.852714
0.106689	-0.116211	1.120117	-2.290076	-0.977099	-2.183206	0.861006
0.101807	-0.104980	1.110840	-1.740458	-0.618321	-2.335878	0.869395
0.106445	-0.096191	1.101318	-1.496183	-0.412214	-2.442748	0.877316
0.100098	-0.071533	1.110596	-2.061069	-0.725191	-1.496183	0.885777
0.096924	-0.075439	1.122070	-2.618321	-1.389313	0.137405	0.894172
0.111084	-0.091064	1.101074	-3.610687	-1.633588	0.648855	0.902547
0.105469	-0.106445	1.093262	-2.931298	-0.206107	0.480916	0.910749
0.104004	-0.105225	1.106445	-2.465649	0.694656	0.366412	0.918834
0.096680	-0.109619	1.138428	-2.618321	0.404580	0.305344	0.927352
0.099854	-0.111328	1.146729	-2.923664	-0.358779	-0.290076	0.935700
0.102051	-0.116943	1.140625	-2.839695	-0.610687	-1.068702	0.943944
0.106445	-0.104248	1.129395	-1.763359	-0.328244	-1.740458	0.952308
0.104736	-0.094971	1.118896	-2.603053	-0.305344	-1.427481	0.960806
0.098877	-0.099365	1.125977	-3.450382	-1.732824	-1.190840	0.968897
0.107666	-0.104980	1.121826	-4.038168	-1.854962	-1.900763	0.977342
0.106689	-0.102539	1.107422	-3.839695	-1.778626	-2.167939	0.985922
0.106934	-0.094971	1.114258	-3.839695	-1.312977	-1.793893	0.994210
0.109863	-0.097656	1.124268	-3.908397	-1.572519	-0.946565	1.002655
0.105225	-0.097168	1.112793	-4.427481	-2.473282	-0.587786	1.011024
0.106689	-0.108887	1.099365	-4.366412	-2.412214	-0.732824	1.018971
0.113770	-0.111084	1.065918	-2.900763	-1.152672	-0.389313	1.027890
0.105713	-0.118652	1.084961	-1.809160	-0.320611	-0.274809	1.036529
0.106201	-0.122070	1.095947	-1.458015	-0.816794	-0.587786	1.045106
0.108887	-0.113525	1.139404	-1.511450	-2.000000	-2.053435	1.053563
0.103271	-0.094971	1.129639	-2.038168	-2.022901	-2.557252	1.062306
0.100830	-0.093018	1.111084	-3.412214	-2.488550	-2.763359	1.070516
0.104492	-0.091553	1.091064	-4.404580	-2.061069	-2.129771	1.078747
0.104004	-0.093750	1.083740	-4.137405	-1.335878	-1.824427	1.087182
0.096680	-0.074463	1.094727	-4.618321	-0.053435	-1.335878	1.095712
0.097412	-0.079346	1.110840	-5.213740	0.259542	-0.908397	1.103586
0.102051	-0.087158	1.139404	-4.854962	0.083969	-0.618321	1.111561
0.104492	-0.102051	1.153320	-3.763359	0.167939	-0.580153	1.119744
0.103271	-0.112061	1.157959	-3.259542	-0.801527	-0.832061	1.128227
0.114990	-0.096191	1.142578	-2.213740	-1.229008	-0.984733	1.136671
0.118408	-0.104736	1.129395	-3.885496	-1.015267	-0.259542	1.145154
0.106201	-0.116211	1.116943	-3.549618	-1.412214	-1.190840	1.153419
0.111328	-0.107422	1.085693	-2.870229	-0.877863	-1.847328	1.161844
0.105713	-0.088867	1.108398	-3.458015	0.083969	-0.938931	1.169945
0.110352	-0.104980	1.133301	-4.312977	-0.664122	-0.251908	1.178499
0.109863	-0.123047	1.142334	-4.618321	-1.038168	-0.763359	1.186375
0.114990	-0.126709	1.125732	-5.572519	-2.038168	-1.923664	1.195224
0.103760	-0.113770	1.105469	-4.763359	-1.702290	-2.099237	1.203709
0.099609	-0.096191	1.104248	-4.877863	-1.709924	-1.267176	1.212143
0.106445	-0.102539	1.113770	-4.465649	-1.816794	-0.816794	1.220281
0.101562	-0.109619	1.113770	-3.679389	-1.045802	-0.763359	1.228643
0.104736	-0.122314	1.119385	-2.625954	-0.480916	-1.175573	1.237006
0.099365	-0.108887	1.100342	-1.938931	-0.679389	-1.587786	1.245458
0.099609	-0.095947	1.115967	-1.549618	-0.641221	-1.641221	1.253725
0.099854	-0.091797	1.124023	-1.396947	-1.763359	-1.526718	1.262107
0.103760	-0.095215	1.128418	-2.587786	-2.068702	-1.519084	1.270360
0.103271	-0.096436	1.118896	-4.175573	-2.480916	-1.099237	1.278722
0.104980	-0.104736	1.116455	-5.931298	-3.007634	-1.137405	1.286789
0.108887	-0.104004	1.108154	-6.221374	-2.870229	-1.427481	1.295446
0.108643	-0.089355	1.088867	-6.908397	-2.473282	-0.900763	1.303732
0.106201	-0.100098	1.084717	-6.916031	-1.511450	-0.297710	1.311907
0.109131	-0.125732	1.097412	-5.526718	-0.763359	-0.167939	1.320171
0.108887	-0.131836	1.124512	-4.236641	-0.580153	-0.816794	1.328448
0.109619	-0.129150	1.124023	-3.129771	-0.564885	-1.625954	1.336905
0.122803	-0.113770	1.110107	-2.946565	-0.374046	-1.984733	1.345508
0.104248	-0.115234	1.099609	-2.480916	-0.045802	-1.648855	1.353922
0.103760	-0.110107	1.097656	-2.396947	-0.190840	-1.580153	1.362100
0.103760	-0.104492	1.093750	-2.427481	-0.587786	-0.954198	1.370612
0.104736	-0.120117	1.114502	-2.595420	-1.358779	-0.969466	1.378608
0.111572	-0.120605	1.101562	-2.488550	-1.564885	-1.954198	1.386958
0.107422	-0.097168	1.104980	-2.557252	-1.236641	-2.404580	1.395536
0.110840	-0.086182	1.098633	-3.465649	-0.641221	-1.725191	1.403876
0.099609	-0.092529	1.115234	-4.442748	-0.435115	-0.717557	1.412315
0.105713	-0.106445	1.117188	-5.351145	-0.305344	-0.419847	1.420616
0.104736	-0.106201	1.110352	-5.580153	0.061069	-0.725191	1.428694
0.096191	-0.101562	1.118652	-4.618321	0.152672	-1.236641	1.437221
0.100342	-0.093018	1.123535	-3.557252	-0.427481	-0.832061	1.445709
0.106445	-0.105225	1.114502	-2.862595	-0.732824	-0.167939	1.453880
0.107910	-0.119873	1.113281	-2.389313	-0.862595	-0.541985	1.462194
0.116699	-0.134766	1.095703	-1.534351	-0.290076	-1.648855	1.470625
0.104248	-0.123047	1.098389	-1.717557	-0.587786	-2.564885	1.478717
0.108154	-0.092285	1.101318	-2.862595	-0.801527	-2.442748	1.487245
0.104736	-0.092529	1.107422	-3.244275	-0.251908	-1.709924	1.495743
0.105469	-0.096680	1.096436	-3.366412	0.114504	-0.961832	1.503917
0.101318	-0.107178	1.107910	-3.282443	0.259542	-0.923664	1.512215
0.104980	-0.098389	1.104248	-3.061069	0.175573	-1.320611	1.520800
0.100586	-0.090820	1.106201	-3.267176	0.213740	-0.931298	1.528993
0.103760	-0.089355	1.093262	-3.572519	0.274809	-0.259542	1.537758
0.093750	-0.104248	1.085449	-3.778626	0.954198	0.312977	1.546459
0.109131	-0.116211	1.097656	-3.343511	0.839695	-0.274809	1.554680
0.111572	-0.116943	1.132080	-3.221374	-0.083969	-1.030534	1.563145
0.105957	-0.111084	1.139648	-3.435115	-1.045802	-1.679389	1.571707
0.105957	-0.097656	1.135498	-3.977099	-1.343511	-1.877863	1.579941
0.102539	-0.102783	1.114990	-4.236641	-1.274809	-1.702290	1.588254
0.100342	-0.094238	1.103516	-3.832061	-0.618321	-1.320611	1.597164
0.096924	-0.095947	1.112549	-3.244275	-0.061069	-1.183206	1.605415
0.097168	-0.101318	1.117920	-3.396947	0.083969	-1.000000	1.613705
0.103271	-0.102051	1.130859	-2.839695	-0.694656	-0.633588	1.621994
0.100586	-0.100586	1.127441	-3.068702	-1.022901	-0.603053	1.630234
0.110596	-0.110596	1.121094	-2.679389	-1.167939	-0.610687	1.638625
0.111816	-0.119629	1.105469	-2.419847	-0.725191	-1.068702	1.647225
0.111328	-0.120117	1.115234	-2.404580	-1.221374	-1.473282	1.655376
0.108154	-0.104980	1.109863	-2.519084	-1.259542	-1.862595	1.663655
0.111084	-0.090820	1.109131	-3.305344	-0.763359	-1.770992	1.671954
0.098877	-0.084229	1.100342	-3.709924	0.015267	-1.137405	1.680240
0.095947	-0.100830	1.125000	-3.641221	-0.412214	-0.931298	1.688609
0.097656	-0.102539	1.140869	-3.870229	-1.687023	-1.198473	1.696901
0.097656	-0.109619	1.118652	-3.786260	-1.725191	-1.236641	1.705518
0.105225	-0.108643	1.101562	-3.068702	-1.404580	-0.969466	1.713892
0.111328	-0.100830	1.101562	-2.015267	-1.137405	-0.648855	1.722223
0.113770	-0.109863	1.084961	-2.419847	-1.106870	-0.419847	1.730460
0.114746	-0.121094	1.080078	-3.068702	-0.045802	-0.740458	1.738231
0.114502	-0.120361	1.075439	-2.450382	1.244275	-1.580153	1.746017
0.121582	-0.100098	1.107422	-1.923664	1.854962	-1.312977	1.753547
0.108643	-0.084961	1.124023	-2.534351	1.274809	-0.450382	1.761198
0.097412	-0.095703	1.154053	-4.015267	0.083969	-0.312977	1.768940
0.108398	-0.111328	1.144775	-4.419847	-0.854962	-0.763359	1.777742
0.103027	-0.108154	1.124756	-3.740458	-0.763359	-1.236641	1.785864
0.106934	-0.102295	1.127197	-3.503817	-1.137405	-0.709924	1.794338
0.098145	-0.107422	1.128662	-3.259542	-1.351145	-0.511450	1.802668
0.099609	-0.116943	1.118408	-2.679389	-1.267176	-1.091603	1.811187
0.101562	-0.108643	1.114746	-2.900763	-1.068702	-1.175573	1.819519
0.103271	-0.097900	1.114746	-3.312977	-1.221374	-1.099237	1.827856
0.102783	-0.111328	1.118652	-3.534351	-1.702290	-0.793893	1.835979
0.104248	-0.120605	1.103760	-3.793893	-1.442748	-1.175573	1.844475
0.096680	-0.116211	1.103760	-3.167939	-0.961832	-1.412214	1.852958
0.103760	-0.117676	1.098633	-3.145038	-0.511450	-1.167939	1.861178
0.105469	-0.126465	1.103516	-1.801527	-0.412214	-1.465649	1.869706
0.107910	-0.119385	1.102539	-1.511450	-0.068702	-1.618321	1.878147
0.100342	-0.121094	1.107666	-1.641221	0.129771	-1.618321	1.886350
0.110596	-0.114014	1.110352	-1.687023	-0.030534	-2.015267	1.894560
0.105225	-0.108398	1.115967	-1.763359	-0.404580	-2.175573	1.902888
0.106934	-0.102295	1.128174	-1.732824	-0.923664	-2.167939	1.911053
0.102295	-0.095215	1.130127	-2.435115	-1.244275	-2.404580	1.919318
0.104248	-0.085693	1.124512	-3.625954	-2.488550	-2.114504	1.927751
0.104736	-0.091309	1.134766	-4.290076	-2.335878	-1.702290	1.936003
0.103271	-0.094482	1.127197	-4.580153	-2.068702	-1.427481	1.944439
0.105713	-0.100098	1.121338	-3.404580	-1.748092	-1.648855	1.952978
0.109131	-0.093506	1.121582	-2.732824	-1.557252	-1.419847	1.961304
0.107910	-0.085938	1.121094	-2.465649	-1.419847	-0.893130	1.969633
0.108154	-0.108643	1.112549	-1.862595	-0.717557	-0.641221	1.977977
0.108887	-0.111816	1.122559	-1.549618	-0.862595	-1.022901	1.986264
0.111816	-0.111084	1.122803	-2.549618	-1.351145	-1.938931	1.994462
0.115967	-0.090088	1.117920	-3.595420	-1.595420	-2.030534	2.002876
0.113281	-0.087402	1.096924	-4.603053	-1.267176	-1.183206	2.011255
0.108643	-0.097412	1.104492	-4.595420	-0.671756	-0.297710	2.019189
0.104980	-0.107422	1.117676	-4.351145	-1.053435	-0.480916	2.027510
0.105713	-0.116455	1.128418	-4.221374	-1.244275	-0.893130	2.035540
0.105225	-0.123535	1.106689	-2.961832	-1.297710	-1.251908	2.043078
0.111084	-0.124023	1.093262	-1.862595	-0.526718	-1.809160	2.051145
0.103027	-0.119629	1.097900	-1.091603	-0.450382	-2.221374	2.058849
0.108398	-0.107666	1.119873	-0.793893	-0.641221	-2.519084	2.066367
0.103271	-0.080322	1.130615	-1.000000	-0.778626	-2.274809	2.074281
0.115234	-0.076416	1.117432	-2.854962	-1.244275	-1.977099	2.081994
0.111328	-0.075195	1.108398	-4.465649	-1.282443	-1.412214	2.089711
0.103516	-0.093506	1.098633	-5.687023	-1.488550	-0.870229	2.097557
0.105469	-0.096680	1.095947	-6.320611	-1.114504	-0.893130	2.106431
0.104248	-0.079590	1.104248	-5.732824	-0.183206	-1.175573	2.115029
0.095459	-0.093262	1.109375	-5.099237	0.374046	-0.854962	2.123489
0.101318	-0.106201	1.115723	-3.725191	0.458015	-0.725191	2.131816
0.102051	-0.116943	1.144043	-2.603053	-0.366412	-0.931298	2.139945
0.109619	-0.123291	1.141846	-2.587786	-1.061069	-1.824427	2.148389
0.109863	-0.113525	1.118652	-2.580153	-1.480916	-2.374046	2.156942
0.106445	-0.082031	1.111084	-3.167939	-1.801527	-1.687023	2.165217
0.107178	-0.101074	1.110352	-4.618321	-1.908397	-0.992366	2.173406
0.107910	-0.115723	1.125244	-4.541985	-2.152672	-1.160305	2.181680
0.103271	-0.113770	1.113525	-4.755725	-2.114504	-1.847328	2.190188
0.099365	-0.098633	1.102295	-4.458015	-1.969466	-2.091603	2.198625
0.100830	-0.103760	1.084473	-3.358779	-0.931298	-1.564885	2.206773
0.097656	-0.105225	1.074219	-2.106870	-0.450382	-1.404580	2.215043
0.101318	-0.103516	1.086182	-1.351145	-0.145038	-1.557252	2.223300
0.099609	-0.089600	1.093994	-0.633588	0.083969	-1.435115	2.232678
0.096436	-0.089355	1.086182	-0.862595	0.328244	-0.664122	2.241967
0.099854	-0.083252	1.127197	-1.862595	-0.083969	-0.603053	2.250786
0.102295	-0.078125	1.121582	-3.534351	-0.832061	-0.404580	2.259277
0.104004	-0.083252	1.110107	-5.312977	-1.145038	0.145038	2.267602
0.099854	-0.089111	1.098389	-6.053435	-0.839695	0.366412	2.276160
0.103760	-0.096924	1.102295	-5.541985	0.030534	0.938931	2.284312
0.106445	-0.120361	1.121826	-5.687023	0.129771	0.725191	2.292849
0.101318	-0.129395	1.123779	-5.175573	-0.183206	0.412214	2.300836
0.109619	-0.138672	1.127686	-3.931298	-0.038168	-0.351145	2.309116
0.116699	-0.135010	1.114746	-2.206107	0.251908	-0.786260	2.317499
0.112061	-0.120605	1.114990	-1.305344	0.351145	-1.106870	2.325880
0.108154	-0.115723	1.102051	-1.511450	0.755725	-0.961832	2.334253
0.112305	-0.108643	1.105469	-2.656489	0.381679	-0.961832	2.342590
0.110596	-0.108154	1.120605	-3.793893	-0.312977	-1.229008	2.350948
0.110596	-0.116455	1.131348	-4.610687	-0.839695	-1.633588	2.359433
0.103760	-0.114258	1.122803	-4.725191	-0.984733	-1.572519	2.369141
0.104980	-0.119141	1.123535	-4.274809	-0.809160	-1.473282	2.378007
0.119141	-0.112061	1.126465	-3.671756	-0.671756	-1.587786	2.385958
0.111084	-0.111816	1.122070	-3.282443	-0.633588	-1.496183	2.393866
0.093750	-0.114746	1.119873	-3.274809	-0.679389	-1.251908	2.402134
0.103516	-0.100098	1.132324	-2.946565	-0.717557	-1.053435	2.410537
0.103027	-0.102783	1.122070	-2.839695	-0.519084	-1.190840	2.418874
0.108154	-0.105713	1.118164	-2.580153	-0.404580	-1.251908	2.426882
0.109619	-0.102783	1.148193	-2.511450	-1.122137	-1.290076	2.435370
0.104492	-0.107666	1.137939	-2.885496	-1.427481	-1.687023	2.443701
0.108398	-0.098145	1.125732	-3.465649	-1.419847	-1.862595	2.451914
0.108398	-0.100098	1.116943	-3.183206	-1.419847	-1.549618	2.460394
0.111328	-0.099609	1.111572	-2.687023	-1.022901	-1.328244	2.468628
0.095459	-0.111084	1.106689	-2.015267	-1.099237	-1.282443	2.477086
0.103027	-0.100342	1.110840	-1.969466	-1.381679	-1.603053	2.485535
0.103271	-0.108398	1.103271	-1.938931	-1.221374	-1.694656	2.493932
0.107910	-0.116699	1.092285	-1.725191	-0.854962	-1.938931	2.502109
0.112305	-0.108887	1.092041	-1.526718	-0.610687	-2.213740	2.510468
0.103760	-0.092285	1.102783	-2.030534	-0.870229	-2.114504	2.518877
0.102783	-0.091553	1.097412	-2.938931	-1.061069	-1.694656	2.527280
0.096924	-0.094727	1.092285	-3.160305	-0.793893	-1.564885	2.535974
0.099854	-0.090088	1.098145	-3.038168	-0.244275	-1.259542	2.544352
0.101807	-0.097168	1.107178	-3.137405	0.068702	-1.167939	2.552645
0.099854	-0.104736	1.124268	-3.099237	-0.015267	-1.145038	2.561281
0.098145	-0.100830	1.121826	-3.160305	-0.671756	-1.503817	2.569723
0.105957	-0.090576	1.110352	-3.694656	-1.000000	-1.412214	2.578546
0.106689	-0.092041	1.095215	-4.297710	-0.946565	-0.977099	2.586793
0.103516	-0.102539	1.093750	-4.114504	-0.618321	-0.961832	2.595186
0.101562	-0.095215	1.114746	-3.931298	-0.541985	-1.030534	2.603175
0.096680	-0.080078	1.115967	-4.190840	-0.717557	-1.061069	2.611573
0.103760	-0.088623	1.108154	-4.564885	-0.778626	-0.549618	2.619615
0.103760	-0.102783	1.103027	-4.282443	-0.725191	-0.381679	2.628399
0.103027	-0.108154	1.111328	-3.641221	-0.297710	-0.366412	2.636804
0.100342	-0.112061	1.115723	-3.114504	-0.099237	-0.595420	2.644865
0.105713	-0.097900	1.106445	-2.534351	-0.274809	-0.969466	2.653625
0.104980	-0.105225	1.108887	-1.862595	0.099237	-0.877863	2.661917
0.105713	-0.114014	1.127197	-1.259542	-0.114504	-0.564885	2.670413
0.110840	-0.111084	1.131348	-1.480916	-0.618321	-0.694656	2.678844
0.106201	-0.099609	1.125732	-2.832061	-1.511450	-1.129771	2.687214
0.108643	-0.070801	1.103516	-4.015267	-1.045802	0.503817	2.695501
0.107178	-0.135254	1.099365	-5.366412	-1.045802	-0.900763	2.703721
0.109863	-0.123291	1.095703	-3.106870	-1.030534	-1.267176	2.711733
0.102783	-0.093750	1.113770	-3.160305	-0.358779	-0.877863	2.719979
0.107422	-0.079346	1.124268	-4.190840	-0.687023	0.061069	2.728297
0.106445	-0.127686	1.131592	-4.893130	-0.702290	-0.435115	2.736388
0.109131	-0.133789	1.114746	-3.740458	-0.916031	-1.496183	2.744601
0.106445	-0.110107	1.111084	-3.236641	-0.351145	-1.885496	2.752716
0.100342	-0.107666	1.118896	-3.068702	-0.145038	-1.381679	2.760707
0.106689	-0.098145	1.125732	-3.114504	-0.541985	-1.221374	2.768324
0.106934	-0.116943	1.137939	-2.053435	-0.488550	-1.267176	2.777212
0.105713	-0.112549	1.128174	-1.480916	-0.709924	-1.900763	2.785571
0.106689	-0.117920	1.124512	-2.167939	-0.854962	-2.114504	2.793830
0.099121	-0.111572	1.123779	-2.709924	-1.152672	-2.404580	2.802306
0.098145	-0.110352	1.133789	-2.717557	-1.419847	-2.816794	2.810406
0.093262	-0.094482	1.131348	-2.625954	-1.755725	-2.679389	2.818972
0.096191	-0.076172	1.126465	-3.000000	-2.038168	-2.038168	2.827125
0.099121	-0.078125	1.114258	-3.526718	-1.763359	-1.236641	2.835439
0.100830	-0.087646	1.112305	-3.328244	-1.656489	-0.610687	2.843778
0.106934	-0.093994	1.140381	-4.091603	-1.106870	-0.458015	2.852405
0.100830	-0.091553	1.113281	-4.175573	-1.442748	-0.458015	2.860458
0.102295	-0.096924	1.137695	-4.839695	-1.320611	-0.099237	2.868838
0.108887	-0.115234	1.140381	-5.061069	-1.664122	-0.458015	2.877229
0.109375	-0.130615	1.125977	-4.221374	-1.938931	-0.946565	2.885586
0.118164	-0.114990	1.112305	-3.496183	-1.969466	-1.732824	2.894010
0.110107	-0.107178	1.100098	-3.213740	-1.007634	-1.748092	2.902446
0.106689	-0.102051	1.104736	-2.709924	-0.740458	-1.450382	2.910521
0.110352	-0.105713	1.110107	-2.534351	-0.961832	-1.137405	2.919082
0.111084	-0.109131	1.108398	-2.541985	-0.916031	-1.137405	2.927302
0.094727	-0.098389	1.121826	-3.053435	-1.175573	-1.221374	2.935698
0.108643	-0.102783	1.101074	-3.404580	-1.183206	-1.091603	2.944030
0.101562	-0.114990	1.101074	-3.595420	-0.740458	-0.770992	2.952504
0.105469	-0.112549	1.117432	-3.496183	-1.167939	-1.297710	2.960705
0.104492	-0.113525	1.125977	-3.854962	-1.007634	-1.702290	2.969184
0.096191	-0.103271	1.123047	-3.839695	-1.389313	-1.458015	2.977515
0.103271	-0.108154	1.112305	-4.305344	-0.015267	-1.175573	2.985778
0.103271	-0.125244	1.094971	-4.564885	-1.938931	-1.435115	2.994120
0.108643	-0.118408	1.090820	-3.480916	-1.404580	-1.694656	3.002604
0.113037	-0.098633	1.104004	-2.923664	-0.725191	-1.679389	3.010743
0.115234	-0.104248	1.108887	-3.152672	-0.908397	-1.114504	3.018784
0.111084	-0.109375	1.109619	-4.076336	-0.938931	-1.832061	3.026739
0.107910	-0.097412	1.094482	-3.312977	-0.465649	-2.083969	3.034655
0.111084	-0.087646	1.100830	-3.664122	-0.167939	-1.511450	3.043071
0.105713	-0.111084	1.114502	-3.885496	0.167939	-1.091603	3.051928
0.104248	-0.113037	1.130371	-3.977099	-0.946565	-1.984733	3.060236
0.102539	-0.104492	1.127197	-3.320611	-1.206107	-2.328244	3.068683
0.097656	-0.092529	1.110107	-2.519084	-0.977099	-2.183206	3.077181
0.100586	-0.083740	1.093506	-2.511450	-1.236641	-1.641221	3.085444
0.099854	-0.084229	1.105713	-1.809160	-1.335878	-1.198473	3.094104
0.107422	-0.083984	1.106201	-2.656489	-1.236641	-0.763359	3.102371
0.101807	-0.097900	1.103516	-3.053435	-1.091603	-0.664122	3.110857
0.103027	-0.103027	1.111816	-3.229008	-1.160305	-0.595420	3.118723
0.103271	-0.111328	1.112305	-3.435115	-1.114504	-0.587786	3.127238
0.112793	-0.113281	1.101074	-3.473282	-1.473282	-1.236641	3.135559
0.107422	-0.117676	1.095459	-3.473282	-1.305344	-1.274809	3.143968
0.104492	-0.096191	1.085938	-2.687023	-0.641221	-1.618321	3.152603
0.106201	-0.098877	1.093994	-1.679389	-0.038168	-1.305344	3.160926
0.100342	-0.108887	1.104736	-1.328244	0.030534	-1.183206	3.169175
0.099854	-0.119141	1.112061	-1.786260	-0.709924	-1.625954	3.177797
0.103027	-0.097900	1.106201	-2.572519	-1.106870	-2.328244	3.186472
0.108643	-0.094482	1.082275	-3.458015	-0.916031	-2.328244	3.195037
0.104004	-0.099854	1.090820	-3.603053	-0.343511	-1.717557	3.203019
0.103027	-0.091309	1.082764	-3.763359	0.175573	-1.129771	3.210708
0.106689	-0.091064	1.094971	-3.946565	0.381679	-1.221374	3.218369
0.100342	-0.086182	1.124268	-4.053435	0.541985	-1.152672	3.226668
0.111816	-0.082520	1.129395	-4.175573	0.419847	-0.534351	3.234314
0.100830	-0.093994	1.145020	-5.076336	-0.503817	-0.015267	3.241898
0.114746	-0.116211	1.155029	-4.603053	-0.938931	-0.083969	3.250478
0.107666	-0.121582	1.143799	-4.053435	-1.389313	-0.625954	3.258806
0.109863	-0.114990	1.138428	-3.725191	-1.625954	-1.343511	3.267101
0.113525	-0.112793	1.122314	-2.977099	-1.099237	-1.549618	3.275328
0.118164	-0.110107	1.119385	-2.358779	-0.458015	-1.389313	3.283931
0.114502	-0.103516	1.128174	-2.511450	-0.244275	-1.549618	3.292346
0.111328	-0.108643	1.134033	-3.244275	-0.541985	-1.641221	3.300926
0.109619	-0.109375	1.136230	-3.496183	-0.465649	-1.992366	3.310919
0.108398	-0.100342	1.118896	-3.824427	-0.320611	-2.053435	3.320881
0.104492	-0.099609	1.118408	-3.740458	-0.442748	-2.022901	3.331213
0.111572	-0.105225	1.125244	-3.282443	-0.297710	-1.732824	3.341535
0.113281	-0.091553	1.131592	-2.763359	-0.648855	-1.709924	3.351975
0.109131	-0.092041	1.138672	-2.488550	-1.236641	-1.526718	3.362463
0.113281	-0.102051	1.123047	-3.167939	-1.854962	-1.541985	3.372847
0.106201	-0.103516	1.121338	-3.122137	-1.847328	-1.488550	3.383852
0.107666	-0.087646	1.132568	-3.404580	-1.847328	-1.221374	3.393683
0.102783	-0.094238	1.102295	-3.694656	-1.641221	-0.312977	3.404458
0.098389	-0.108154	1.098877	-4.282443	-0.908397	-0.366412	3.414151
0.107422	-0.104492	1.112793	-3.778626	-1.152672	-0.656489	3.423948
0.098633	-0.096436	1.109131	-4.580153	-1.198473	-0.374046	3.434597
0.107666	-0.122070	1.096191	-4.801527	-1.099237	-0.083969	3.445020
0.107422	-0.129150	1.091064	-4.335878	-0.977099	-0.732824	3.455662
0.109619	-0.120361	1.090820	-4.175573	-0.312977	-1.519084	3.466149
0.098389	-0.113525	1.108887	-3.885496	-0.251908	-1.374046	3.476544
0.100586	-0.115234	1.104736	-4.000000	-0.763359	-1.519084	3.486888
0.101562	-0.096924	1.104736	-3.282443	-0.572519	-1.541985	3.497554
0.099121	-0.089111	1.094971	-2.503817	0.335878	-0.312977	3.507906
0.100586	-0.103760	1.122070	-3.038168	0.534351	-0.129771	3.518041
0.103760	-0.112061	1.135254	-3.641221	-0.564885	-0.755725	3.528099
0.103027	-0.104248	1.119873	-4.114504	-0.885496	-0.648855	3.538387
0.107422	-0.116211	1.103271	-4.595420	-0.679389	-0.312977	3.549006
0.110352	-0.125244	1.078369	-3.893130	-0.564885	-0.702290	3.559536
0.109375	-0.124268	1.101562	-3.274809	-0.625954	-1.603053	3.569807
0.110107	-0.104248	1.115967	-3.450382	0.167939	-1.030534	3.580117
0.107422	-0.122070	1.125977	-3.374046	0.076336	-0.786260	3.590440
0.101318	-0.115967	1.135254	-3.167939	-0.335878	-1.893130	3.601137
0.100586	-0.091064	1.117676	-3.625954	-0.641221	-1.969466	3.611410
0.101562	-0.083252	1.109863	-3.641221	-0.641221	-0.603053	3.622551
0.107910	-0.103516	1.105713	-3.618321	-0.328244	0.312977	3.633041
0.109131	-0.117432	1.103027	-3.106870	0.129771	-0.488550	3.643204
0.106201	-0.104980	1.123535	-3.404580	-0.267176	-1.259542	3.654310
0.112305	-0.086670	1.131104	-4.198473	-1.053435	-0.832061	3.664538
0.097656	-0.111084	1.127441	-4.709924	-1.274809	-0.687023	3.674079
0.115234	-0.114990	1.111084	-3.748092	-0.541985	-0.809160	3.683932
0.105957	-0.100586	1.103516	-3.442748	-0.061069	-1.099237	3.694463
0.107422	-0.103760	1.109863	-3.458015	0.129771	-0.816794	3.705372
0.106934	-0.119873	1.121338	-2.877863	0.458015	-1.053435	3.715611
0.115967	-0.101562	1.117432	-2.526718	0.145038	-1.671756	3.725741
0.110840	-0.093262	1.114990	-3.083969	-0.068702	-1.526718	3.736022
0.104492	-0.098877	1.115234	-3.618321	-0.389313	-1.305344	3.746638
0.106201	-0.106689	1.111084	-3.984733	-0.198473	-1.366412	3.756519
0.089111	-0.094482	1.111572	-3.847328	-0.435115	-1.526718	3.766267
0.103027	-0.083252	1.110352	-3.839695	-0.534351	-0.648855	3.777047
0.101562	-0.100342	1.095215	-4.160305	-0.007634	-0.053435	3.787429
0.099121	-0.089844	1.108154	-4.129771	0.183206	0.068702	3.798326
0.097412	-0.102295	1.104248	-4.961832	0.213740	0.473282	3.808693
0.094971	-0.110352	1.110596	-4.122137	0.114504	-0.015267	3.819219
0.103516	-0.116455	1.106445	-3.450382	0.312977	0.053435	3.829735
0.093994	-0.113281	1.107178	-3.206107	0.297710	0.152672	3.839834
0.091064	-0.113525	1.101562	-2.007634	0.068702	-0.404580	3.850376
0.098389	-0.117432	1.103271	-1.351145	0.251908	-0.633588	3.860840
0.104736	-0.118408	1.092773	-1.282443	-0.335878	-1.053435	3.871302
0.103760	-0.108154	1.084473	-1.732824	0.091603	-1.221374	3.881482
0.104980	-0.100830	1.082275	-2.648855	0.564885	-0.954198	3.891954
0.102295	-0.096191	1.094482	-4.076336	0.503817	-1.251908	3.902491
0.096924	-0.081055	1.110596	-4.625954	0.419847	-0.679389	3.912900
0.095947	-0.083252	1.118652	-6.129771	0.587786	0.343511	3.923112
0.099121	-0.115723	1.116943	-6.114504	0.458015	0.801527	3.933461
0.096191	-0.138916	1.139648	-4.603053	0.801527	0.145038	3.943640
0.104980	-0.111084	1.132568	-3.839695	0.519084	-0.290076	3.954113
0.106934	-0.114258	1.134033	-3.106870	0.343511	0.465649	3.964689
0.096680	-0.131592	1.139404	-2.832061	0.083969	-0.129771	3.975108
0.104980	-0.131592	1.148682	-2.786260	-0.137405	-1.076336	3.985494
0.101318	-0.112305	1.154053	-3.000000	0.038168	-1.251908	3.995860
0.098633	-0.108643	1.151367	-3.748092	-0.167939	-0.770992	4.006373
0.095947	-0.119629	1.145508	-4.312977	-1.114504	-0.603053	4.016623
0.104736	-0.136475	1.134766	-3.740458	-1.022901	-1.030534	4.026938
0.095703	-0.133057	1.128906	-2.885496	-1.160305	-1.541985	4.036869
0.104004	-0.114990	1.146729	-2.473282	-1.786260	-2.129771	4.047643
0.093994	-0.119873	1.124023	-2.389313	-1.946565	-1.931298	4.057911
0.108887	-0.116211	1.106934	-2.160305	-1.671756	-2.152672	4.068346
0.100098	-0.105225	1.107910	-2.694656	-1.534351	-2.145038	4.078746
0.104004	-0.086670	1.106201	-4.160305	-1.229008	-1.526718	4.088852
0.101562	-0.109131	1.112305	-5.038168	-1.000000	-1.190840	4.099595
0.092773	-0.114014	1.117676	-4.908397	-1.229008	-1.648855	4.110141
0.097168	-0.091553	1.108154	-5.206107	-1.030534	-1.893130	4.120426
0.097412	-0.088623	1.095703	-5.335878	-0.809160	-1.290076	4.130426
0.094971	-0.101562	1.101807	-4.946565	-0.725191	-1.053435	4.140759
0.105713	-0.107910	1.107422	-3.610687	-0.923664	-1.015267	4.150940
0.100098	-0.107910	1.104492	-3.908397	-0.839695	-1.007634	4.161517
0.100830	-0.105713	1.105225	-3.938931	-0.923664	-1.206107	4.171849
0.102783	-0.102051	1.112549	-4.450382	-1.229008	-0.824427	4.182503
0.098633	-0.109375	1.105957	-4.496183	-1.290076	-0.664122	4.192439
0.094971	-0.109131	1.095703	-4.458015	-1.022901	-0.763359	4.202972
0.093018	-0.114990	1.081787	-3.793893	-0.671756	-0.824427	4.213414
0.102783	-0.115723	1.086426	-2.618321	-0.534351	-0.877863	4.223861
0.098633	-0.119385	1.103516	-1.900763	-0.358779	-1.511450	4.234153
0.103760	-0.108154	1.083496	-2.450382	-0.595420	-0.015267	4.244328
0.102539	-0.101074	1.081787	-3.244275	-0.221374	-1.442748	4.255103
0.092041	-0.106689	1.085205	-3.763359	-0.137405	-1.412214	4.265531
0.090576	-0.098389	1.094238	-3.725191	0.083969	-2.038168	4.275128
0.091797	-0.086914	1.104736	-3.671756	0.343511	-2.000000	4.284904
0.089111	-0.082764	1.118652	-3.870229	0.740458	-1.259542	4.294179
0.089355	-0.080322	1.127441	-2.908397	0.824427	-0.412214	4.305529
0.089111	-0.082031	1.145264	-2.862595	0.320611	0.000000	4.315290
0.100342	-0.097900	1.132568	-4.122137	-0.534351	0.580153	4.325722
0.103271	-0.114014	1.123779	-4.251908	-0.572519	0.709924	4.336018
0.109619	-0.124512	1.113281	-3.832061	-0.633588	0.603053	4.346414
0.113770	-0.129150	1.132324	-4.129771	-1.175573	0.015267	4.356780
0.114502	-0.136475	1.115723	-4.213740	-0.778626	-0.664122	4.368968
0.103760	-0.140869	1.118408	-3.358779	-0.435115	-1.641221	4.380642
0.100342	-0.124756	1.132568	-3.083969	-0.152672	-1.862595	4.390730
0.104492	-0.110107	1.121582	-3.114504	-0.564885	-1.984733	4.401328
0.101074	-0.128174	1.125000	-2.732824	-0.977099	-2.305344	4.411614
0.100342	-0.116211	1.112061	-2.595420	-1.137405	-2.458015	4.422112
0.104248	-0.106201	1.114746	-2.908397	-1.290076	-2.274809	4.432627
0.099121	-0.100098	1.124756	-3.389313	-1.007634	-1.862595	4.442579
0.094971	-0.094482	1.138672	-3.030534	-1.129771	-1.290076	4.452526
0.099365	-0.107910	1.135742	-3.435115	-1.274809	-1.175573	4.463226
0.091309	-0.116455	1.121338	-3.610687	-1.732824	-1.473282	4.473805
0.093018	-0.098877	1.110840	-3.114504	-1.496183	-1.587786	4.484151
0.100830	-0.098633	1.109375	-3.702290	-0.969466	-0.793893	4.494404
0.103516	-0.116699	1.109131	-3.236641	-0.717557	-0.671756	4.504984
0.108643	-0.127197	1.110107	-3.450382	-1.106870	-1.183206	4.515486
0.102783	-0.126465	1.118408	-3.603053	-1.625954	-2.152672	4.525714
0.102783	-0.114990	1.108887	-3.755725	-2.091603	-2.770992	4.536083
0.101074	-0.094482	1.080078	-3.954198	-1.534351	-1.961832	4.546447
0.094482	-0.097168	1.104736	-4.160305	-1.122137	-1.221374	4.556807
0.097412	-0.112793	1.119629	-4.404580	-1.480916	-0.961832	4.566883
0.106201	-0.124756	1.117920	-3.519084	-1.358779	-1.167939	4.577258
0.108398	-0.127930	1.119629	-2.358779	-1.297710	-1.465649	4.587413
0.105469	-0.113037	1.104492	-1.938931	-1.183206	-2.145038	4.597751
0.097412	-0.100098	1.106689	-2.656489	-0.496183	-2.106870	4.608356
0.110352	-0.101318	1.095947	-2.992366	0.351145	-1.496183	4.618872
0.101318	-0.104736	1.116699	-3.221374	0.511450	-1.015267	4.629068
0.089355	-0.110107	1.154053	-3.839695	-0.259542	-1.038168	4.639471
0.102295	-0.116211	1.144775	-4.122137	-1.648855	-1.038168	4.649890
0.103516	-0.117676	1.125488	-4.290076	-2.206107	-1.343511	4.660073
0.101807	-0.110596	1.111816	-3.748092	-2.603053	-1.893130	4.669837
0.109863	-0.114258	1.101318	-3.648855	-2.221374	-2.015267	4.680690
0.107422	-0.101074	1.094238	-3.290076	-1.381679	-1.541985	4.691260
0.106934	-0.096436	1.086426	-2.984733	-1.053435	-1.343511	4.701556
0.100342	-0.103516	1.098145	-2.427481	-0.061069	-1.282443	4.712072
0.101807	-0.102295	1.115234	-2.465649	0.213740	-0.977099	4.722423
0.097900	-0.101318	1.142090	-3.404580	-0.511450	-1.061069	4.732869
0.097412	-0.104248	1.124268	-3.832061	-1.229008	-1.061069	4.743177
0.102051	-0.108887	1.106201	-4.206107	-1.366412	-1.160305	4.753563
0.099365	-0.097412	1.098145	-3.541985	-0.435115	-0.954198	4.764129
0.098633	-0.100342	1.107178	-3.503817	-0.725191	-0.267176	4.774257
0.102295	-0.120117	1.125244	-4.015267	-0.755725	-0.541985	4.784786
0.104736	-0.121094	1.109619	-3.938931	-0.725191	-1.206107	4.795093
0.090088	-0.104736	1.105957	-4.015267	-0.625954	-1.053435	4.805244
0.093262	-0.107422	1.107910	-4.114504	-0.412214	-0.152672	4.815765
0.099121	-0.131348	1.105957	-3.977099	-0.603053	-0.908397	4.826306
0.094238	-0.109375	1.104248	-2.732824	-0.618321	-1.099237	4.836677
0.101074	-0.118652	1.123779	-2.458015	-0.526718	-0.893130	4.846866
0.102539	-0.123291	1.113525	-1.931298	-0.786260	-1.328244	4.856638
0.099365	-0.107666	1.095703	-2.847328	-0.557252	-1.351145	4.867441
0.104248	-0.112549	1.102295	-3.664122	-0.045802	-0.618321	4.877820
0.097412	-0.127197	1.123535	-3.938931	-0.435115	-0.687023	4.888330
0.093750	-0.123291	1.121826	-3.824427	-1.290076	-1.404580	4.898892
0.097168	-0.119873	1.116699	-3.427481	-1.442748	-1.709924	4.909027
0.102295	-0.124023	1.093750	-2.358779	-1.152672	-1.450382	4.919547
0.103516	-0.116943	1.091553	-2.068702	-0.610687	-1.427481	4.930087
0.098877	-0.106201	1.095947	-2.236641	-0.167939	-1.694656	4.940441
0.097900	-0.098633	1.108398	-2.664122	-0.045802	-1.580153	4.950320
0.110352	-0.038086	1.088867	-1.832061	0.343511	0.541985	4.960083
0.101562	-0.138672	1.134766	-4.595420	0.450382	-1.236641	4.969478
0.096191	-0.103027	1.119873	-0.442748	1.022901	-1.404580	4.980623
0.096680	-0.089355	1.153809	-2.030534	0.206107	-0.656489	4.990939
0.081055	-0.112061	1.134277	-2.488550	-0.152672	-1.282443	5.001455
0.136475	-0.295654	1.029541	-7.053435	2.175573	-7.541985	5.011472
0.110596	-0.188721	1.086670	4.099237	5.145038	-16.305344	5.022035
0.091797	-0.026123	1.151367	8.786260	4.152672	-13.595420	5.032147
0.079346	0.058594	1.152588	0.961832	0.900763	-7.145038	5.042542
0.090820	-0.008789	1.126465	-5.259542	-1.503817	1.671756	5.052453
0.107910	-0.151611	1.104004	-5.541985	-0.938931	2.007634	5.062561
0.105957	-0.177002	1.108887	-2.946565	0.045802	-2.274809	5.072612
0.098877	-0.090576	1.128906	-2.587786	-0.297710	-3.412214	5.083665
0.097900	-0.051514	1.122559	-4.320611	-1.427481	-1.267176	5.094220
0.096924	-0.104492	1.114502	-4.068702	-1.259542	0.068702	5.104871
0.106689	-0.130127	1.112549	-3.862595	-1.343511	-0.549618	5.115373
0.099854	-0.125000	1.114258	-3.412214	-1.366412	-1.419847	5.125928
0.095947	-0.111328	1.096924	-3.900763	-1.404580	-1.183206	5.136493
0.095215	-0.131836	1.102783	-3.557252	-1.259542	-1.267176	5.147255
0.100586	-0.133301	1.137207	-2.312977	-2.587786	-2.648855	5.157730
0.099854	-0.114014	1.133545	-2.435115	-3.290076	-3.687023	5.167866
0.095459	-0.093262	1.122314	-3.770992	-4.000000	-3.305344	5.177902
0.082764	-0.085693	1.124268	-5.015267	-4.320611	-2.427481	5.188348
0.096924	-0.094238	1.127686	-5.564885	-5.122137	-2.290076	5.198989
0.092041	-0.108154	1.109375	-4.725191	-3.862595	-1.816794	5.209360
0.096436	-0.108398	1.116455	-3.381679	-2.870229	-1.580153	5.219413
0.097900	-0.106934	1.112793	-2.030534	-2.175573	-2.251908	5.229904
0.106689	-0.097656	1.119873	-2.213740	-1.564885	-2.801527	5.240107
0.101318	-0.088623	1.113037	-2.793893	-1.473282	-2.129771	5.250484
0.113525	-0.091797	1.124756	-4.244275	-2.106870	-1.190840	5.260913
0.107422	-0.113770	1.135986	-5.374046	-3.236641	-1.450382	5.271111
0.104980	-0.125244	1.132812	-4.458015	-4.480916	-2.389313	5.281398
0.104736	-0.115723	1.112305	-3.496183	-4.564885	-2.908397	5.291674
0.103760	-0.107422	1.078369	-2.167939	-4.465649	-2.885496	5.302236
0.105225	-0.108154	1.053955	-1.190840	-2.610687	-2.664122	5.312510
0.106201	-0.097900	1.064209	-0.755725	-0.870229	-2.847328	5.322579
0.099121	-0.096191	1.097168	-1.564885	0.259542	-2.557252	5.332995
0.105713	-0.080078	1.118408	-2.992366	-0.091603	-1.854962	5.343265
0.103760	-0.091797	1.116699	-4.022901	-0.259542	-1.244275	5.353157
0.106934	-0.093994	1.109619	-4.175573	-0.496183	-0.770992	5.362622
0.104004	-0.091553	1.117676	-4.000000	-0.175573	-0.648855	5.373727
0.099365	-0.114990	1.127197	-4.076336	-0.648855	-0.847328	5.383662
0.102783	-0.115723	1.120361	-3.122137	-1.045802	-1.213740	5.394003
0.110596	-0.105225	1.112549	-3.206107	-1.229008	-1.618321	5.404420
0.107910	-0.098877	1.097412	-2.458015	-0.763359	-1.152672	5.413952
0.094971	-0.104004	1.110107	-2.931298	-0.358779	-0.717557	5.423774
0.104492	-0.123779	1.096924	-3.221374	-0.229008	-1.122137	5.434581
0.109619	-0.120605	1.105225	-2.847328	0.366412	-1.824427	5.445021
0.100830	-0.102051	1.117920	-3.068702	0.068702	-2.000000	5.455185
0.105957	-0.102051	1.126221	-2.396947	0.229008	-1.511450	5.465602
0.105713	-0.106934	1.121094	-2.152672	-0.160305	-1.541985	5.475797
0.105225	-0.095459	1.120361	-2.877863	-0.541985	-1.534351	5.485928
0.099609	-0.100342	1.128174	-3.366412	-1.603053	-0.870229	5.496609
0.097900	-0.109131	1.120117	-3.847328	-2.335878	-1.129771	5.507307
0.095947	-0.098145	1.111084	-3.603053	-2.022901	-1.458015	5.517734
0.094482	-0.095459	1.100586	-3.396947	-1.114504	-0.969466	5.528228
0.104736	-0.107666	1.114990	-2.809160	-1.274809	-0.671756	5.538915
0.111084	-0.115234	1.130371	-2.893130	-1.351145	-1.007634	5.549632
0.110840	-0.106934	1.121338	-3.870229	-2.473282	-1.541985	5.560004
0.108154	-0.114014	1.137939	-5.290076	-3.595420	-1.610687	5.570555
0.112549	-0.123535	1.134766	-6.045802	-4.549618	-2.221374	5.580763
0.104980	-0.116699	1.117188	-5.702290	-4.641221	-2.809160	5.590444
0.107422	-0.103760	1.096436	-6.297710	-3.992366	-2.190840	5.600545
0.098633	-0.130371	1.114990	-5.458015	-4.053435	-2.374046	5.610845
0.102051	-0.128174	1.114990	-2.938931	-4.473282	-4.832061	5.621552
0.102051	-0.091309	1.080811	-3.083969	-2.259542	-4.236641	5.632084
0.113037	-0.072266	1.086670	-2.053435	-0.954198	-1.755725	5.642528
0.114258	-0.096680	1.106201	-2.435115	-0.183206	-0.519084	5.652587
0.110840	-0.117188	1.135498	-2.839695	-1.320611	-1.534351	5.662750
0.108643	-0.103027	1.168213	-3.786260	-3.717557	-1.977099	5.673207
0.104980	-0.103271	1.136230	-5.427481	-5.694656	-2.183206	5.683405
0.106689	-0.100586	1.093994	-6.442748	-5.587786	-1.587786	5.693349
0.111084	-0.111084	1.104980	-5.442748	-4.580153	-1.106870	5.703969
0.117188	-0.126953	1.095947	-4.625954	-3.503817	-1.465649	5.714172
0.119385	-0.120850	1.108643	-3.549618	-3.610687	-2.671756	5.724327
0.119873	-0.104492	1.098877	-2.129771	-2.274809	-2.381679	5.735027
0.116943	-0.102539	1.096680	-2.465649	-1.732824	-1.473282	5.745282
0.117920	-0.093262	1.095947	-2.022901	-2.603053	-1.610687	5.755866
0.102051	-0.128174	1.139893	-3.244275	-3.022901	-3.183206	5.765841
0.111572	-0.101318	1.146240	-3.541985	-5.335878	-4.175573	5.776647
0.110352	-0.103516	1.134766	-3.870229	-6.625954	-4.931298	5.787064
0.128418	-0.095215	1.062256	-6.450382	-5.236641	-4.297710	5.797312
0.113037	-0.086182	1.033936	-3.488550	-1.404580	-2.236641	5.807599
0.120361	-0.102295	1.082520	-1.908397	1.603053	-1.091603	5.818134
0.126953	-0.102295	1.124268	-1.358779	2.137405	-1.305344	5.828347
0.116455	-0.086426	1.118652	-2.015267	2.190840	-0.717557	5.838800
0.105469	-0.088623	1.113281	-2.595420	1.702290	0.038168	5.849261
0.115234	-0.108887	1.150879	-2.725191	0.374046	0.297710	5.859611
0.111572	-0.117920	1.154053	-3.587786	-0.732824	-0.564885	5.869999
0.108398	-0.115479	1.170654	-4.862595	-5.160305	-2.419847	5.879923
0.115234	-0.104980	1.143066	-4.748092	-6.297710	-2.900763	5.890465
0.121338	-0.095459	1.082520	-4.427481	-5.328244	-2.229008	5.900801
0.116943	-0.098877	1.065918	-4.045802	-2.526718	-1.458015	5.911154
0.123291	-0.101318	1.063477	-2.893130	0.343511	-0.679389	5.921545
0.117920	-0.108887	1.071289	-1.610687	2.938931	0.061069	5.931668
0.114014	-0.114014	1.102295	-0.389313	4.587786	0.015267	5.942112
0.116455	-0.106201	1.161865	-1.473282	1.572519	-0.419847	5.952376
0.126465	-0.115479	1.148193	-3.740458	-0.206107	-0.900763	5.962853
0.118896	-0.115234	1.128174	-4.702290	-1.938931	-1.381679	5.973178
0.123779	-0.117920	1.101562	-4.664122	-2.167939	-1.358779	5.983224
0.115234	-0.111816	1.082275	-3.824427	-1.419847	-1.160305	5.993712
0.122070	-0.112061	1.071289	-1.534351	0.412214	-1.198473	6.004311
0.110596	-0.095459	1.111084	-0.633588	1.480916	-1.145038	6.014653
0.112061	-0.104736	1.147949	-1.122137	1.618321	-0.755725	6.025050
0.107910	-0.102295	1.155518	-1.732824	0.961832	-0.511450	6.035085
0.110107	-0.110840	1.158203	-3.900763	-2.351145	-1.053435	6.045699
0.120361	-0.102295	1.087891	-4.938931	-2.809160	-1.503817	6.056029
0.121094	-0.110596	1.054688	-4.282443	-1.007634	-0.633588	6.066333
0.121338	-0.127441	1.097900	-3.374046	0.427481	-0.687023	6.076598
0.127441	-0.122803	1.133545	-3.618321	0.083969	-1.923664	6.086543
0.120361	-0.100830	1.127197	-4.366412	0.015267	-2.374046	6.096912
0.116211	-0.085938	1.119385	-4.480916	-0.114504	-1.358779	6.107077
0.107666	-0.092773	1.108643	-4.595420	-1.045802	-0.198473	6.117707
0.113281	-0.109619	1.098389	-3.664122	-0.404580	-0.106870	6.128048
0.109863	-0.117432	1.103027	-2.557252	0.061069	-0.679389	6.137544
0.109375	-0.104492	1.137939	-2.091603	-0.473282	-1.229008	6.147589
0.118896	-0.106445	1.116455	-3.404580	-1.129771	-1.526718	6.159120
0.114990	-0.102051	1.104736	-3.236641	-0.442748	-1.358779	6.169552
0.115967	-0.107178	1.104248	-3.885496	-0.167939	-1.519084	6.179866
0.112549	-0.088379	1.114258	-4.351145	-0.458015	-1.511450	6.190271
0.113281	-0.100098	1.113525	-4.274809	-0.358779	-0.740458	6.200647
0.120361	-0.112305	1.090820	-2.824427	0.213740	-0.770992	6.211115
0.114746	-0.110840	1.124512	-2.000000	-0.343511	-1.038168	6.221586
0.118896	-0.102539	1.111572	-2.587786	-0.175573	-0.946565	6.231932
0.113281	-0.108398	1.121582	-2.824427	-0.488550	-0.816794	6.241835
0.111816	-0.115234	1.141846	-3.931298	-1.732824	-0.893130	6.251555
0.120605	-0.118896	1.110840	-4.694656	-2.664122	-1.312977	6.262222
0.118652	-0.120117	1.079834	-4.854962	-1.648855	-1.221374	6.272670
0.119141	-0.124756	1.067627	-3.969466	-0.167939	-1.549618	6.282922
0.120850	-0.116211	1.081055	-2.374046	1.557252	-1.755725	6.293215
0.114746	-0.100098	1.119141	-0.671756	2.480916	-1.496183	6.303721
0.114502	-0.100586	1.166260	-2.305344	0.488550	-1.183206	6.313949
0.113770	-0.109375	1.154785	-3.519084	-1.793893	-1.748092	6.324309
0.109863	-0.101562	1.110107	-3.770992	-2.229008	-1.862595	6.334690
0.107422	-0.086914	1.096436	-4.343511	-1.900763	-1.236641	6.345059
0.117676	-0.089600	1.100098	-4.893130	-1.053435	-0.022901	6.355550
0.115723	-0.116211	1.095459	-3.931298	-0.206107	0.175573	6.366755
0.117188	-0.110840	1.097656	-2.343511	0.480916	-0.923664	6.378714
0.107666	-0.096436	1.098877	-2.015267	0.557252	-0.748092	6.389290
0.107178	-0.097168	1.121338	-2.671756	0.419847	0.183206	6.399875
0.108887	-0.116943	1.133789	-4.083969	-0.877863	-0.129771	6.410101
0.116699	-0.111816	1.139648	-5.305344	-1.480916	-0.519084	6.420602
0.114990	-0.123047	1.118164	-5.458015	-2.267176	-0.786260	6.430957
0.122314	-0.123047	1.098877	-4.389313	-1.816794	-1.083969	6.441271
0.114258	-0.125244	1.087402	-2.977099	-0.557252	-1.625954	6.452657
0.114014	-0.113281	1.095215	-1.404580	0.435115	-1.847328	6.463127
0.113281	-0.123047	1.115967	-1.083969	0.137405	-1.916031	6.473343
0.114502	-0.091797	1.099121	-1.709924	0.343511	-1.786260	6.483642
0.112061	-0.094971	1.086670	-2.206107	0.893130	-0.969466	6.494005
0.114990	-0.104980	1.105957	-2.839695	0.778626	-0.404580	6.503712
0.114990	-0.118408	1.105469	-3.748092	0.633588	-0.809160	6.513193
0.106689	-0.110107	1.123291	-4.282443	0.526718	-1.587786	6.522411
0.112549	-0.103760	1.143066	-4.793893	-1.335878	-1.427481	6.532508
0.109619	-0.098877	1.138916	-4.618321	-1.931298	-1.358779	6.543344
0.108643	-0.088379	1.114502	-5.076336	-1.740458	-0.488550	6.554072
0.095215	-0.109375	1.120117	-4.931298	-0.885496	-0.106870	6.564442
0.110840	-0.118164	1.125488	-4.251908	-0.763359	-0.572519	6.574854
0.115479	-0.114258	1.135742	-4.000000	-0.511450	-1.458015	6.585291
0.119141	-0.108398	1.111572	-3.427481	-0.770992	-1.045802	6.595663
0.115479	-0.115234	1.103027	-2.625954	-0.488550	-1.229008	6.606127
0.110840	-0.116699	1.098389	-2.152672	1.938931	-1.511450	6.614970
0.123535	-0.109863	1.106934	-2.206107	0.404580	-1.893130	6.623370
0.114502	-0.101562	1.093506	-1.931298	0.534351	-1.885496	6.631838
0.109375	-0.084229	1.118896	-2.870229	0.320611	-1.190840	6.640303
0.110840	-0.084961	1.120605	-3.832061	-0.305344	-0.259542	6.648610
0.115234	-0.095459	1.110840	-4.274809	-0.358779	0.366412	6.656957
0.113770	-0.110107	1.093750	-4.251908	-0.015267	0.458015	6.665455
0.116211	-0.108154	1.091553	-4.137405	0.702290	0.229008	6.673701
0.111816	-0.113770	1.095215	-3.877863	0.977099	0.000000	6.681858
0.111816	-0.120117	1.119873	-3.190840	0.709924	-0.534351	6.690080
0.110840	-0.117432	1.141602	-2.748092	-0.351145	-1.671756	6.698498
0.112305	-0.102539	1.134766	-3.328244	-0.938931	-1.755725	6.706648
0.109131	-0.103027	1.122314	-4.595420	-1.954198	-1.519084	6.714842
0.114990	-0.086914	1.102295	-5.335878	-1.816794	-1.137405	6.723350
0.112549	-0.098877	1.087646	-6.290076	-1.038168	-0.312977	6.731739
0.109375	-0.112549	1.089111	-5.961832	0.007634	0.366412	6.740303
0.108154	-0.121094	1.096191	-5.351145	0.931298	0.381679	6.748656
0.117676	-0.125244	1.101807	-4.458015	1.312977	0.351145	6.756954
0.106934	-0.127441	1.101074	-3.847328	1.458015	0.198473	6.765671
0.120117	-0.129883	1.107666	-3.152672	1.305344	0.160305	6.773527
0.110840	-0.124512	1.132568	-3.412214	0.580153	-0.236641	6.781331
0.108643	-0.117920	1.119141	-3.083969	0.236641	-0.633588	6.789813
0.107910	-0.113281	1.122314	-3.320611	0.167939	-0.709924	6.798845
0.104248	-0.115723	1.102783	-2.793893	0.099237	-0.786260	6.807131
0.103271	-0.098389	1.121338	-2.534351	0.160305	-0.778626	6.815141
0.104736	-0.094971	1.121826	-3.603053	-0.251908	-0.793893	6.823471
0.098389	-0.103516	1.108154	-3.816794	-0.129771	-0.488550	6.832137
0.110596	-0.101318	1.115234	-3.732824	0.091603	-0.396947	6.840597
0.108154	-0.094482	1.111328	-4.374046	0.312977	0.068702	6.849210
0.107910	-0.106445	1.116699	-5.152672	-0.022901	0.732824	6.857462
0.115234	-0.125732	1.123535	-4.633588	-0.290076	0.595420	6.865674
0.112305	-0.138672	1.114990	-4.183206	-0.099237	0.068702	6.873651
0.114990	-0.135498	1.121582	-3.259542	0.022901	-0.458015	6.881459
0.112793	-0.126709	1.133545	-2.633588	-0.717557	-1.198473	6.889834
0.117432	-0.111816	1.130615	-2.473282	-1.022901	-1.396947	6.897862
0.122559	-0.119629	1.133057	-2.839695	-1.503817	-1.404580	6.906487
0.119629	-0.122559	1.125488	-3.206107	-1.564885	-1.335878	6.914879
0.112305	-0.133545	1.110596	-2.885496	-1.580153	-1.824427	6.922827
0.107910	-0.113770	1.098389	-2.435115	-1.137405	-2.045802	6.931417
0.100586	-0.088135	1.106689	-2.633588	-0.473282	-1.587786	6.939836
0.102051	-0.090332	1.106201	-3.022901	0.274809	-1.007634	6.948363
0.104736	-0.103516	1.103271	-3.282443	0.534351	-0.297710	6.956705
0.101562	-0.110352	1.116211	-3.587786	0.656489	-0.198473	6.965236
0.099121	-0.117188	1.121094	-4.122137	0.587786	-0.419847	6.973566
0.094482	-0.112549	1.121094	-4.114504	-0.236641	-0.587786	6.981910
0.102783	-0.107910	1.144287	-4.572519	-1.267176	-0.320611	6.990413
0.109619	-0.127930	1.145264	-4.244275	-2.015267	-0.580153	6.998931
0.113770	-0.128662	1.128662	-3.770992	-1.900763	-1.091603	7.007388
0.117920	-0.128662	1.117188	-3.465649	-1.511450	-1.374046	7.016068
0.110107	-0.131592	1.098877	-2.893130	-1.404580	-1.793893	7.024151
0.106689	-0.112305	1.100586	-2.801527	-0.954198	-2.152672	7.032276
0.113281	-0.099121	1.099365	-3.358779	-0.564885	-1.709924	7.040110
0.104248	-0.109375	1.109619	-2.992366	0.374046	-1.015267	7.048702
0.103027	-0.111816	1.146973	-2.305344	-0.137405	-0.954198	7.056538
0.104980	-0.119629	1.160156	-2.419847	-1.557252	-1.519084	7.064284
0.098877	-0.107178	1.136963	-3.305344	-2.343511	-2.000000	7.072423
0.110107	-0.107178	1.105469	-3.374046	-2.015267	-1.671756	7.081279
0.100830	-0.099121	1.099609	-2.893130	-1.557252	-0.786260	7.089672
0.102783	-0.110596	1.108398	-3.007634	-1.687023	-0.541985	7.098036
0.114746	-0.121338	1.100342	-3.229008	-1.916031	-1.206107	7.106556
0.114990	-0.115234	1.102295	-3.870229	-1.916031	-1.427481	7.114744
0.115234	-0.103271	1.082520	-4.229008	-1.450382	-1.374046	7.122975
0.106201	-0.106689	1.073975	-4.404580	-0.435115	-0.793893	7.131283
0.113770	-0.116699	1.081787	-4.190840	0.175573	-0.664122	7.139722
0.100098	-0.109863	1.098633	-3.389313	0.694656	-1.083969	7.148315
0.101074	-0.099609	1.112549	-3.526718	1.137405	-1.099237	7.156522
0.101562	-0.102051	1.125488	-3.648855	0.694656	-0.603053	7.164692
0.097168	-0.111084	1.130859	-3.282443	-0.068702	-0.511450	7.173203
0.103271	-0.125244	1.131592	-3.824427	-0.763359	-1.068702	7.181659
0.109375	-0.111084	1.120117	-4.061069	-1.145038	-1.366412	7.189928
0.105225	-0.104004	1.113525	-4.076336	-1.259542	-1.259542	7.198265
0.110107	-0.099854	1.094238	-3.587786	-1.053435	-0.625954	7.206706
0.104980	-0.121582	1.095215	-3.106870	-0.167939	-0.679389	7.215076
0.114990	-0.127930	1.102295	-2.702290	0.419847	-1.335878	7.223278
0.108643	-0.117920	1.109619	-1.893130	1.007634	-1.671756	7.231313
0.102051	-0.100098	1.116943	-2.847328	0.923664	-1.343511	7.239847
0.099609	-0.082520	1.123047	-4.038168	0.122137	-0.496183	7.248446
0.102539	-0.108154	1.126465	-4.938931	-0.549618	0.122137	7.256773
0.101562	-0.117432	1.131592	-5.343511	-1.145038	-0.015267	7.265125
0.103271	-0.116211	1.133789	-5.076336	-1.526718	-0.374046	7.273440
0.103516	-0.113037	1.112061	-5.297710	-1.732824	-0.374046	7.281706
0.107422	-0.125488	1.092529	-4.618321	-1.793893	-0.122137	7.290106
0.111572	-0.137939	1.107178	-3.167939	-1.358779	-0.412214	7.298680
0.115479	-0.142822	1.092285	-2.335878	-0.839695	-1.564885	7.307180
0.107422	-0.121826	1.103027	-2.381679	-0.282443	-2.091603	7.315391
0.106934	-0.109375	1.109375	-2.870229	-0.259542	-1.679389	7.323865
0.112061	-0.107422	1.122803	-4.083969	-0.198473	-0.877863	7.332105
0.112061	-0.117920	1.116943	-4.496183	-0.320611	-0.595420	7.340563
0.106689	-0.135010	1.121338	-4.038168	0.129771	-1.175573	7.349420
0.099365	-0.122559	1.131348	-3.396947	-0.221374	-1.511450	7.357732
0.111572	-0.123291	1.138428	-2.977099	-0.946565	-1.236641	7.365887
0.111572	-0.121826	1.129150	-3.091603	-1.679389	-1.183206	7.374260
0.114258	-0.121582	1.114746	-2.641221	-2.465649	-1.648855	7.382629
0.110352	-0.123535	1.107178	-2.480916	-1.938931	-1.854962	7.391084
0.115479	-0.120605	1.103271	-2.435115	-1.664122	-2.091603	7.399622
0.108154	-0.104492	1.109619	-2.847328	-1.251908	-2.175573	7.407893
0.108154	-0.095703	1.116943	-3.893130	-1.244275	-1.900763	7.415709
0.107422	-0.098877	1.105225	-4.557252	-1.106870	-1.595420	7.423501
0.106201	-0.119873	1.108643	-4.015267	-1.007634	-1.305344	7.431587
0.104004	-0.118164	1.118652	-3.633588	-0.541985	-1.748092	7.440265
0.101074	-0.112305	1.128906	-3.000000	-1.152672	-2.053435	7.448637
0.102539	-0.104736	1.127197	-2.610687	-1.625954	-1.549618	7.456471
0.106445	-0.105225	1.109131	-2.374046	-1.450382	-1.320611	7.465006
0.113770	-0.122070	1.110107	-1.732824	-1.236641	-1.557252	7.473417
0.117920	-0.108887	1.102783	-1.557252	-1.564885	-1.793893	7.482000
0.113281	-0.093506	1.105713	-2.656489	-1.839695	-1.923664	7.490508
0.116699	-0.091553	1.085205	-4.755725	-1.572519	-1.160305	7.498897
0.109375	-0.095947	1.098633	-5.290076	-1.091603	-0.519084	7.507106
0.108643	-0.117676	1.115234	-4.954198	-0.572519	-0.190840	7.516458
0.103516	-0.117920	1.140137	-4.251908	-0.816794	-0.305344	7.526450
0.111816	-0.135498	1.114258	-4.045802	-1.244275	-0.793893	7.536212
0.108398	-0.145020	1.082520	-1.961832	-0.900763	-1.778626	7.547346
0.105469	-0.120361	1.085449	-0.412214	-0.870229	-2.106870	7.558048
0.109375	-0.104980	1.098145	-0.969466	-1.083969	-2.244275	7.568318
0.114990	-0.111572	1.097900	-1.679389	-0.618321	-2.244275	7.578698
0.106201	-0.100586	1.085449	-1.709924	-0.358779	-2.320611	7.588875
0.107910	-0.068115	1.095703	-3.091603	-0.145038	-2.152672	7.599207
0.098389	-0.080811	1.111816	-4.015267	0.412214	-0.603053	7.609613
0.099365	-0.092773	1.121094	-3.908397	0.557252	-0.419847	7.619625
0.103271	-0.095947	1.127686	-4.503817	-0.488550	-0.587786	7.630199
0.106689	-0.103760	1.121338	-4.625954	-0.694656	-0.167939	7.640212
0.106201	-0.109863	1.107910	-4.305344	-0.442748	0.916031	7.650785
0.109863	-0.125977	1.113525	-4.099237	-0.335878	0.564885	7.661352
0.115479	-0.134033	1.110596	-3.908397	-0.129771	-0.312977	7.671403
0.110352	-0.125488	1.104248	-2.900763	0.618321	-0.977099	7.681862
0.111572	-0.122803	1.111816	-2.167939	0.633588	-0.961832	7.692247
0.115234	-0.119385	1.128418	-2.541985	-0.076336	-1.458015	7.702830
0.108398	-0.118164	1.116455	-2.748092	-0.358779	-1.862595	7.713118
0.102539	-0.105469	1.101318	-2.969466	-0.358779	-1.877863	7.723427
0.096436	-0.091797	1.111328	-2.725191	0.076336	-1.129771	7.734074
0.106201	-0.108398	1.122314	-2.862595	-1.946565	-0.290076	7.744201
0.107422	-0.117432	1.138672	-2.656489	-0.770992	-0.740458	7.754871
0.107178	-0.121338	1.123779	-2.786260	-0.839695	-0.954198	7.765286
0.108643	-0.115967	1.116211	-2.961832	-0.687023	-1.106870	7.775001
0.100586	-0.096191	1.121826	-3.145038	-0.221374	-1.312977	7.785516
0.102539	-0.100830	1.130371	-3.923664	-0.282443	-0.870229	7.796065
0.098877	-0.113525	1.124512	-3.748092	-0.511450	-0.404580	7.806440
0.103027	-0.117920	1.117676	-3.793893	-0.435115	-0.503817	7.816953
0.107422	-0.115967	1.121094	-3.809160	-0.610687	-0.038168	7.826946
0.112061	-0.139648	1.119141	-3.534351	-0.916031	-0.442748	7.837926
0.110352	-0.138184	1.111328	-2.290076	-0.786260	-1.587786	7.848602
0.108154	-0.125244	1.113037	-2.061069	-1.618321	-1.916031	7.859104
0.105469	-0.127441	1.105957	-3.068702	-1.549618	-1.969466	7.869405
0.110107	-0.112793	1.099121	-3.450382	-1.137405	-1.893130	7.879610
0.109131	-0.113281	1.120605	-1.961832	-0.709924	-1.534351	7.890395
0.106934	-0.112061	1.128174	-4.587786	-1.274809	-1.290076	7.901086
0.108154	-0.121338	1.131348	-4.900763	-1.755725	-1.305344	7.911564
0.111084	-0.118408	1.117188	-3.854962	-1.832061	-1.709924	7.921849
0.107910	-0.120361	1.113525	-2.900763	-1.229008	-1.496183	7.932137
0.112305	-0.127441	1.111816	-2.236641	-1.022901	-1.694656	7.942479
0.111572	-0.120361	1.096436	-1.549618	-1.145038	-2.236641	7.953393
0.111328	-0.099609	1.090088	-2.290076	-0.954198	-1.931298	7.963650
0.110840	-0.115967	1.096436	-2.137405	-0.908397	-1.526718	7.974059
0.105713	-0.116211	1.112549	-2.900763	-1.183206	-2.030534	7.984049
0.108887	-0.099365	1.113037	-4.190840	-1.687023	-2.129771	7.994628
0.107910	-0.104736	1.103760	-4.755725	-1.557252	-1.259542	8.005359
0.108887	-0.110107	1.102295	-4.221374	-1.603053	-0.908397	8.015810
0.106201	-0.109619	1.095703	-3.526718	-1.374046	-1.129771	8.026068
0.111328	-0.103760	1.102295	-2.572519	-0.442748	-0.938931	8.036333
0.106934	-0.119141	1.124023	-1.847328	-0.877863	-0.992366	8.046903
0.110596	-0.122314	1.136230	-2.015267	-1.282443	-1.557252	8.057516
0.111572	-0.106445	1.113770	-2.335878	-1.274809	-2.305344	8.067823
0.105469	-0.097168	1.090088	-2.236641	-0.770992	-1.969466	8.078041
0.106689	-0.090576	1.096436	-2.931298	-0.526718	-1.366412	8.088349
0.104980	-0.099609	1.119141	-3.419847	-0.839695	-1.229008	8.099149
0.106689	-0.098877	1.126709	-3.442748	-1.083969	-0.832061	8.109652
0.110107	-0.104248	1.110107	-4.068702	-1.167939	-0.526718	8.119878
0.107422	-0.104980	1.111816	-3.877863	-1.419847	-0.854962	8.130308
0.108154	-0.103027	1.115479	-3.488550	-0.969466	-0.526718	8.140288
0.111084	-0.122314	1.114990	-3.320611	-1.335878	-0.862595	8.151288
0.107666	-0.125244	1.104248	-2.770992	-1.625954	-1.335878	8.161146
0.118408	-0.121582	1.104248	-1.824427	-1.358779	-1.900763	8.171233
0.104492	-0.104736	1.103516	-2.206107	-1.007634	-1.519084	8.180753
0.109863	-0.109131	1.097168	-2.832061	-0.381679	-0.748092	8.191579
0.108643	-0.121826	1.109131	-3.374046	-0.259542	-0.862595	8.202220
0.111084	-0.117920	1.106689	-4.137405	-0.519084	-1.541985	8.212993
0.103271	-0.112061	1.097412	-4.030534	-0.366412	-1.068702	8.223308
0.102539	-0.115723	1.109131	-3.862595	-0.221374	-0.946565	8.233618
0.104248	-0.117920	1.123047	-3.694656	-0.404580	-1.007634	8.244012
0.108643	-0.115234	1.125244	-3.137405	-0.404580	-0.900763	8.254477
0.111816	-0.129883	1.121826	-2.725191	-1.007634	-1.236641	8.264903
0.107178	-0.113525	1.112549	-2.221374	-1.358779	-1.778626	8.275438
0.109863	-0.108398	1.106445	-2.511450	-0.687023	-1.358779	8.285677
0.107178	-0.112305	1.123047	-3.038168	-0.992366	-1.183206	8.296208
0.110107	-0.117676	1.128174	-3.480916	-1.244275	-1.351145	8.306905
0.107178	-0.110107	1.114502	-3.312977	-0.877863	-1.610687	8.317082
0.104736	-0.109375	1.118164	-3.160305	-0.480916	-1.114504	8.327399
0.117188	-0.111084	1.134521	-3.183206	-0.664122	-0.618321	8.337420
0.110352	-0.118408	1.134277	-3.122137	-0.923664	-1.251908	8.348107
0.115967	-0.109619	1.116943	-3.366412	-0.557252	-1.580153	8.358510
0.111084	-0.107422	1.121094	-3.595420	-1.053435	-1.129771	8.371977
0.112793	-0.119141	1.137451	-3.954198	-1.763359	-1.282443	8.383763
0.106201	-0.117432	1.116455	-3.916031	-2.106870	-1.938931	8.394315
0.110352	-0.107666	1.100830	-3.687023	-2.183206	-2.106870	8.405061
0.105957	-0.097900	1.099854	-3.068702	-1.702290	-3.900763	8.415607
0.112549	-0.116211	1.099854	-3.160305	-0.977099	-3.885496	8.425756
0.112061	-0.096680	1.107422	-3.251908	-0.465649	-1.442748	8.436161
0.108398	-0.112793	1.107422	-3.557252	-0.213740	-0.824427	8.446437
0.109863	-0.110352	1.109619	-3.541985	0.038168	-1.290076	8.456518
0.106445	-0.107422	1.138184	-3.404580	0.175573	-1.099237	8.467012
0.103760	-0.119873	1.139404	-3.251908	-1.015267	-1.320611	8.477345
0.105957	-0.104980	1.133789	-2.923664	-2.160305	-1.977099	8.487822
0.105225	-0.100586	1.133301	-3.114504	-2.908397	-1.519084	8.498020
0.103027	-0.101562	1.095215	-3.267176	-2.847328	-1.129771	8.508072
0.117432	-0.122314	1.082275	-4.061069	-2.198473	-1.206107	8.519733
0.116211	-0.115234	1.077881	-3.374046	-0.763359	-1.549618	8.531152
0.113770	-0.117920	1.092285	-2.450382	0.320611	-1.297710	8.541203
0.110596	-0.107422	1.119873	-2.343511	0.114504	-1.465649	8.551689
0.108643	-0.095703	1.125000	-3.648855	-0.389313	-1.610687	8.562334
0.102539	-0.093018	1.111328	-4.679389	-0.183206	-1.244275	8.572697
0.100342	-0.105469	1.111816	-4.251908	-0.824427	-0.122137	8.583225
0.098633	-0.124756	1.124512	-3.068702	-1.625954	-0.175573	8.593401
0.110596	-0.122070	1.110107	-2.190840	-1.587786	-0.870229	8.604060
0.110107	-0.112549	1.101562	-1.801527	-1.045802	-0.877863	8.614596
0.118164	-0.113037	1.095947	-2.832061	-0.732824	-0.816794	8.625153
0.110596	-0.122559	1.107910	-3.603053	-0.671756	-0.839695	8.635512
0.112305	-0.115234	1.104736	-4.106870	-0.389313	-0.938931	8.645941
0.115723	-0.118896	1.101318	-3.603053	-0.351145	-0.916031	8.656502
0.106201	-0.120850	1.103271	-3.030534	-0.633588	-1.236641	8.666930
0.109131	-0.124756	1.113770	-2.450382	-0.824427	-1.778626	8.677326
0.114502	-0.124023	1.109375	-2.473282	-0.748092	-2.106870	8.687353
0.105225	-0.119629	1.106445	-2.137405	-1.244275	-2.526718	8.698010
0.110840	-0.105713	1.092041	-2.442748	-0.694656	-2.603053	8.708302
0.106689	-0.081543	1.092529	-2.625954	0.030534	-1.740458	8.718833
0.109375	-0.081055	1.117920	-3.145038	0.480916	-0.778626	8.729049
0.103271	-0.101074	1.102051	-4.091603	0.053435	-0.610687	8.739463
0.106201	-0.108887	1.113770	-4.343511	-0.251908	-0.923664	8.749571
0.109863	-0.098877	1.132324	-4.908397	-0.854962	-1.030534	8.759949
0.093994	-0.104736	1.122803	-5.297710	-1.259542	-0.312977	8.770400
0.110840	-0.121338	1.130859	-4.938931	-1.625954	0.083969	8.780646
0.116699	-0.133545	1.126953	-3.412214	-1.145038	-0.328244	8.791751
0.116943	-0.123535	1.120361	-2.503817	-0.923664	-1.076336	8.802257
0.110352	-0.106445	1.117188	-2.335878	-0.473282	-1.030534	8.812543
0.116455	-0.116943	1.131592	-2.297710	-0.770992	-0.717557	8.822842
0.110840	-0.118896	1.128906	-2.229008	-1.175573	-1.664122	8.833231
0.112549	-0.119385	1.119385	-2.664122	-1.312977	-2.076336	8.843577
0.110840	-0.104004	1.131348	-2.847328	-1.610687	-1.694656	8.853846
0.114014	-0.113525	1.137451	-2.816794	-1.816794	-1.671756	8.864264
0.116211	-0.111572	1.105469	-2.725191	-1.763359	-2.114504	8.875207
0.093750	-0.098389	1.098877	-3.213740	-1.381679	-1.900763	8.885411
0.109619	-0.108154	1.104248	-3.923664	-0.702290	-1.160305	8.896292
0.107666	-0.090820	1.132324	-4.312977	-0.366412	-1.122137	8.906508
0.103516	-0.092285	1.125977	-4.259542	-0.641221	-0.862595	8.917034
0.107910	-0.097412	1.121094	-3.488550	-0.595420	0.229008	8.927525
0.103516	-0.121338	1.131836	-3.633588	-1.076336	-0.045802	8.937793
0.116943	-0.120850	1.115479	-3.755725	-1.419847	-0.541985	8.948305
0.108398	-0.118652	1.114258	-3.877863	-1.564885	-0.641221	8.958208
0.112305	-0.122559	1.111816	-4.099237	-1.297710	-0.595420	8.968387
0.112793	-0.132568	1.100586	-4.229008	-1.175573	-0.946565	8.979085
0.110352	-0.130127	1.113770	-3.541985	-0.343511	-1.381679	8.989485
0.109863	-0.123291	1.108154	-3.442748	-0.748092	-1.374046	8.999804
0.111328	-0.118408	1.103516	-2.335878	-0.648855	-1.404580	9.010367
0.104980	-0.116943	1.102051	-2.496183	-0.931298	-1.465649	9.020760
0.106689	-0.117676	1.105469	-3.175573	-1.221374	-1.572519	9.031215
0.110107	-0.113037	1.095947	-3.709924	-0.610687	-1.389313	9.041248
0.108643	-0.107178	1.105469	-4.442748	-0.587786	-0.954198	9.051821
0.102051	-0.104736	1.122559	-4.282443	-1.190840	-0.641221	9.062027
0.107910	-0.114502	1.114014	-4.541985	-1.221374	-0.610687	9.072304
0.101318	-0.125244	1.110352	-3.503817	-1.236641	-1.221374	9.082576
0.106689	-0.120117	1.110352	-2.793893	-0.801527	-1.343511	9.092888
0.112305	-0.109619	1.107910	-2.297710	-0.694656	-1.213740	9.103333
0.113037	-0.110352	1.114746	-1.770992	-0.221374	-1.358779	9.113642
0.120850	-0.113525	1.109619	-1.969466	-0.419847	-1.541985	9.124469
0.116455	-0.112793	1.103271	-2.045802	-0.160305	-1.763359	9.134889
0.116211	-0.079834	1.105469	-2.664122	0.099237	-1.496183	9.144784
0.106934	-0.107910	1.119629	-3.099237	-0.244275	-0.778626	9.155631
0.117920	-0.118652	1.128906	-3.190840	-1.213740	-1.534351	9.166614
0.111572	-0.112305	1.109375	-2.862595	-1.557252	-2.549618	9.176958
0.110840	-0.109375	1.110840	-2.854962	-1.709924	-2.679389	9.187516
0.115723	-0.093506	1.085938	-2.404580	-0.824427	-2.458015	9.198028
0.109131	-0.083252	1.082520	-2.580153	0.335878	-1.916031	9.208103
0.106201	-0.085693	1.112793	-2.908397	0.603053	-0.755725	9.218548
0.103516	-0.102295	1.144043	-4.000000	-0.190840	-0.412214	9.229102
0.107422	-0.103760	1.127930	-4.244275	-0.877863	-0.870229	9.239709
0.116455	-0.107666	1.131348	-4.129771	-1.221374	-0.152672	9.250318
0.109375	-0.132568	1.127441	-3.297710	-1.381679	0.038168	9.260046
0.117432	-0.126709	1.108887	-2.480916	-1.427481	-1.435115	9.270522
0.116699	-0.102051	1.116211	-2.145038	-1.465649	-1.572519	9.280872
0.111572	-0.100098	1.095703	-2.664122	-1.000000	-1.061069	9.291165
0.113037	-0.109131	1.100342	-2.435115	-0.412214	-1.282443	9.301950
0.113770	-0.101318	1.104248	-3.572519	-0.297710	-1.068702	9.312038
0.110596	-0.110107	1.105957	-3.877863	-1.038168	-1.091603	9.322516
0.116699	-0.098633	1.096191	-3.938931	-0.236641	-1.083969	9.333015
0.110107	-0.110840	1.088623	-3.984733	0.282443	-0.519084	9.343407
0.112061	-0.110352	1.116211	-3.801527	0.274809	-0.160305	9.353792
0.114502	-0.126465	1.134033	-3.625954	0.114504	-0.541985	9.363734
0.115723	-0.128418	1.150146	-3.877863	-1.496183	-1.442748	9.374125
0.113037	-0.118408	1.117432	-3.839695	-0.015267	-1.625954	9.384491
0.113770	-0.113281	1.108154	-3.885496	-1.488550	-0.931298	9.395062
0.107666	-0.126709	1.103516	-2.312977	-0.618321	-1.000000	9.405630
0.111084	-0.120117	1.124512	-2.183206	-0.961832	-1.519084	9.415675
0.107910	-0.117432	1.117676	-2.633588	-1.152672	-2.244275	9.425378
0.106689	-0.105713	1.106445	-3.236641	-0.824427	-1.832061	9.436182
0.110596	-0.098389	1.118652	-3.595420	-0.610687	-1.145038	9.445960
0.101807	-0.109863	1.113525	-4.480916	-0.778626	-1.267176	9.456228
0.112061	-0.110596	1.098389	-4.503817	-0.557252	-1.458015	9.466021
0.106201	-0.104736	1.100586	-3.618321	0.664122	-0.870229	9.476854
0.100830	-0.115723	1.118896	-3.068702	0.595420	-0.534351	9.487235
0.108154	-0.116455	1.156982	-3.160305	-0.946565	-0.885496	9.497821
0.105713	-0.113037	1.135254	-3.259542	-2.335878	-1.297710	9.507986
0.114990	-0.111084	1.104248	-3.519084	-2.122137	-0.961832	9.518270
0.110107	-0.122070	1.089844	-2.801527	-2.091603	-0.549618	9.528856
0.110840	-0.126709	1.090576	-3.541985	-1.572519	-0.908397	9.539488
0.111328	-0.120117	1.091553	-3.809160	-1.122137	-1.221374	9.550299
0.114502	-0.121094	1.115234	-3.106870	-0.564885	-1.137405	9.560885
0.111328	-0.105469	1.116699	-3.312977	-0.374046	-1.503817	9.571299
0.106689	-0.109619	1.104980	-3.358779	-0.221374	-1.236641	9.581538
0.109375	-0.118652	1.117188	-3.366412	-0.595420	-0.977099	9.592000
0.112061	-0.127441	1.115234	-2.740458	-1.549618	-1.648855	9.602416
0.114014	-0.116699	1.102539	-3.320611	-1.641221	-1.847328	9.612782
0.115723	-0.113037	1.093018	-3.206107	-1.305344	-1.473282	9.623059
0.117188	-0.117920	1.102051	-2.496183	-0.793893	-1.610687	9.633451
0.105225	-0.101562	1.112549	-2.763359	-1.236641	-1.816794	9.643722
0.112793	-0.096436	1.098877	-3.603053	-1.007634	-1.503817	9.654140
0.105957	-0.093750	1.098633	-3.328244	-0.183206	-1.206107	9.664843
0.106934	-0.100586	1.106445	-4.099237	0.251908	-0.641221	9.675130
0.108154	-0.098877	1.116455	-3.656489	0.427481	-0.435115	9.685513
0.102539	-0.099609	1.116455	-3.893130	0.137405	-0.480916	9.695891
0.112305	-0.110107	1.125244	-3.679389	-0.229008	-0.412214	9.706186
0.106201	-0.115234	1.120117	-3.770992	-0.198473	-0.381679	9.716516
0.103516	-0.117188	1.107422	-3.549618	-0.038168	-0.419847	9.726854
0.115723	-0.108398	1.103516	-3.694656	0.282443	-0.320611	9.737428
0.108154	-0.120850	1.115723	-3.824427	0.160305	-0.122137	9.747953
0.112549	-0.130371	1.149170	-4.015267	-0.541985	-0.320611	9.758383
0.108887	-0.127930	1.127197	-3.916031	-1.435115	-0.969466	9.768848
0.117676	-0.136475	1.119873	-3.778626	-1.648855	-1.259542	9.779063
0.120605	-0.132568	1.097168	-2.969466	-1.114504	-1.404580	9.788963
0.118408	-0.127930	1.099609	-2.656489	-0.862595	-1.770992	9.798515
0.113281	-0.122070	1.116211	-2.580153	-1.412214	-2.282443	9.808001
0.114990	-0.111328	1.110352	-1.916031	-1.221374	-2.343511	9.817176
0.107910	-0.109863	1.089600	-1.748092	-0.824427	-2.419847	9.827059
0.105957	-0.101074	1.103027	-2.114504	-0.572519	-1.923664	9.836608
0.105469	-0.093506	1.103027	-2.923664	-0.717557	-1.778626	9.847621
0.106445	-0.093018	1.104492	-4.099237	-0.664122	-1.236641	9.858307
0.112061	-0.101807	1.102783	-4.732824	-0.282443	-0.816794	9.868495
0.105469	-0.099609	1.103271	-4.297710	0.412214	-0.687023	9.879179
0.103516	-0.096191	1.107178	-4.648855	0.603053	-0.755725	9.889167
0.103271	-0.096680	1.120117	-4.503817	0.328244	-0.045802	9.899904
0.110352	-0.107666	1.124023	-3.488550	0.610687	0.244275	9.910495
0.105469	-0.115967	1.132568	-3.160305	-0.137405	-0.312977	9.920772
0.108887	-0.113281	1.128418	-3.671756	-0.893130	-0.854962	9.930809
0.114502	-0.110596	1.101074	-4.526718	-1.236641	-0.793893	9.941382
0.115723	-0.109131	1.100098	-4.977099	-0.702290	-0.511450	9.951815
0.095459	-0.116211	1.112793	-4.099237	-0.022901	-0.496183	9.962269
0.110596	-0.110107	1.107910	-3.786260	0.221374	-0.946565	9.972169
0.101074	-0.096924	1.103516	-3.778626	0.198473	-0.862595	9.982122
0.109375	-0.094971	1.126465	-3.496183	0.656489	0.106870	9.992383
0.112305	-0.110107	1.134766	-3.824427	-0.267176	0.053435	10.002843
0.113525	-0.105469	1.147705	-4.572519	-1.129771	-0.282443	10.012878
0.111328	-0.119629	1.132324	-4.992366	-1.419847	-0.015267	10.023144
0.110840	-0.133301	1.110107	-3.992366	-1.259542	-0.251908	10.033280
0.112061	-0.132568	1.126709	-2.992366	-0.969466	-1.190840	10.043873
0.106934	-0.107422	1.113770	-2.809160	-1.007634	-1.167939	10.054199
0.112061	-0.107910	1.085205	-3.068702	-0.496183	-0.702290	10.064390
0.104492	-0.106689	1.101318	-3.351145	0.053435	-0.442748	10.074782
0.109863	-0.102783	1.115234	-4.526718	0.419847	0.389313	10.084352
0.107666	-0.115234	1.123047	-4.961832	-0.244275	0.732824	10.093759
0.104492	-0.137207	1.122803	-5.297710	-0.954198	0.083969	10.103077
0.109375	-0.143555	1.121826	-4.557252	-1.290076	-0.938931	10.114286
0.113770	-0.135254	1.110352	-3.030534	-0.839695	-1.167939	10.124903
0.107422	-0.133789	1.115723	-3.129771	-0.793893	-1.404580	10.134974
0.106201	-0.129639	1.117188	-3.450382	-1.290076	-1.679389	10.145410
0.110352	-0.118896	1.123535	-3.290076	-1.335878	-1.587786	10.155813
0.106934	-0.125000	1.112061	-3.603053	-1.251908	-1.534351	10.166036
0.100830	-0.120605	1.123291	-3.175573	-1.259542	-1.870229	10.176451
0.105713	-0.115479	1.121826	-3.015267	-1.587786	-1.824427	10.187166
0.102539	-0.111816	1.122314	-2.824427	-2.114504	-1.717557	10.197136
0.096191	-0.110107	1.099365	-3.251908	-1.984733	-1.618321	10.207962
0.106445	-0.104004	1.090820	-2.847328	-1.511450	-1.358779	10.218339
0.103271	-0.101807	1.066895	-2.839695	-0.931298	-1.099237	10.228449
0.111328	-0.096924	1.080811	-2.854962	0.160305	-0.458015	10.238734
0.124756	-0.105225	1.091797	-2.809160	0.610687	-0.053435	10.249082
0.104004	-0.123535	1.118164	-3.206107	-0.335878	-1.091603	10.259406
0.110352	-0.108398	1.114746	-4.473282	-0.992366	-1.312977	10.270172
0.104980	-0.103271	1.104004	-5.007634	-0.725191	-0.778626	10.280578
0.105957	-0.118164	1.113281	-4.435115	-1.007634	-0.519084	10.290458
0.101807	-0.120605	1.114502	-3.916031	-1.603053	-0.160305	10.300307
0.102783	-0.119629	1.114746	-3.320611	-0.832061	-1.091603	10.310147
0.106934	-0.119629	1.122314	-3.908397	-0.045802	-0.954198	10.319820
0.104492	-0.120361	1.129883	-1.503817	-1.045802	-1.190840	10.329042
0.106445	-0.118896	1.106445	-2.022901	-1.297710	-1.709924	10.338192
0.107178	-0.114258	1.083984	-2.748092	-1.061069	-1.732824	10.348209
0.109131	-0.097412	1.088623	-3.435115	-0.038168	-0.969466	10.358414
0.106201	-0.114258	1.104736	-4.068702	0.221374	-0.458015	10.369596
0.110107	-0.118408	1.117188	-5.045802	0.251908	-0.496183	10.380186
0.105469	-0.126953	1.121826	-4.946565	0.335878	-0.503817	10.389782
0.102051	-0.130127	1.110107	-3.870229	0.312977	-0.763359	10.399914
0.104492	-0.120605	1.130859	-3.297710	-0.091603	-1.160305	10.410074
0.106201	-0.123047	1.135254	-2.793893	-0.916031	-1.595420	10.419562
0.110840	-0.117188	1.129150	-2.809160	-1.229008	-1.633588	10.428696
0.109131	-0.116699	1.125000	-2.557252	-1.236641	-1.442748	10.438227
0.109131	-0.104004	1.121094	-2.809160	-1.358779	-1.290076	10.447424
0.120605	-0.108643	1.112793	-3.007634	-0.709924	-0.893130	10.457192
0.109375	-0.109619	1.121338	-3.366412	-0.129771	-0.816794	10.466411
0.111572	-0.115967	1.127930	-3.389313	-0.465649	-0.694656	10.475542
0.112061	-0.124756	1.127930	-3.717557	-0.625954	-0.572519	10.484632
0.113525	-0.114258	1.109863	-4.129771	-1.061069	-0.961832	10.494222
0.114502	-0.125244	1.104736	-4.007634	-1.015267	-0.725191	10.503625
0.112305	-0.135010	1.121826	-3.839695	-1.465649	-1.175573	10.514459
0.107422	-0.126709	1.122314	-3.679389	-1.778626	-1.687023	10.524699
0.109619	-0.119873	1.094482	-4.015267	-1.541985	-1.480916	10.534674
0.111328	-0.119873	1.081055	-3.885496	-0.793893	-0.938931	10.544753
0.105713	-0.127197	1.103516	-3.465649	-0.664122	-1.198473	10.554383
0.106201	-0.105225	1.118896	-3.152672	-0.129771	-1.656489	10.563533
0.104492	-0.094727	1.119629	-3.000000	-0.541985	-1.496183	10.572681
0.099365	-0.093994	1.117676	-2.725191	0.129771	-0.748092	10.581842
0.105225	-0.110840	1.113770	-2.877863	-0.160305	-0.351145	10.591000
0.103760	-0.117432	1.142822	-3.083969	-1.229008	-0.900763	10.601248
0.104492	-0.112061	1.134277	-3.984733	-1.946565	-1.244275	10.611031
0.113281	-0.106689	1.111572	-4.679389	-2.000000	-0.900763	10.621583
0.113525	-0.126465	1.093262	-4.809160	-1.740458	-0.854962	10.632056
0.109863	-0.129883	1.100098	-3.580153	-1.038168	-1.732824	10.642243
0.107910	-0.112793	1.114746	-2.816794	-0.732824	-2.076336	10.653097
0.106689	-0.110107	1.113770	-3.061069	-1.045802	-1.603053	10.663377
0.103516	-0.110840	1.109863	-3.580153	-1.297710	-1.251908	10.673023
0.103027	-0.118652	1.118652	-3.687023	-1.328244	-1.167939	10.683070
0.107910	-0.130615	1.110596	-3.603053	-2.229008	-1.648855	10.692966
0.103516	-0.115234	1.077881	-3.412214	-2.022901	-2.053435	10.702446
0.114502	-0.101562	1.075928	-3.442748	-0.984733	-1.511450	10.711586
0.107178	-0.115967	1.083008	-2.977099	0.213740	-1.145038	10.721017
0.099609	-0.114502	1.114990	-3.038168	0.122137	-1.343511	10.730313
0.104492	-0.097168	1.129395	-3.580153	-0.374046	-1.618321	10.740331
0.104004	-0.096924	1.131348	-4.290076	-1.503817	-0.885496	10.751549
0.109619	-0.121826	1.109863	-4.122137	-1.984733	-0.916031	10.761750
0.103760	-0.121338	1.099365	-2.694656	-1.503817	-1.000000	10.772159
0.107666	-0.111084	1.095459	-2.221374	-0.877863	-1.236641	10.782277
0.109131	-0.110107	1.100098	-2.160305	-0.290076	-0.847328	10.791955
0.121582	-0.109131	1.114258	-2.587786	-0.511450	-0.595420	10.802727
0.113770	-0.116455	1.099854	-3.412214	-0.526718	-0.687023	10.813013
0.111816	-0.116699	1.108154	-4.229008	-0.870229	-1.297710	10.822392
0.109619	-0.100830	1.105713	-4.015267	-0.618321	-1.259542	10.830847
0.110596	-0.107422	1.117676	-4.564885	-0.778626	-0.618321	10.839268
0.108154	-0.121338	1.113037	-4.068702	-1.015267	-0.572519	10.847488
0.106201	-0.127441	1.097656	-3.251908	-1.053435	-1.000000	10.855935
0.101318	-0.117188	1.103516	-2.854962	-0.732824	-1.213740	10.864455
0.106445	-0.110107	1.101807	-2.244275	-0.022901	-0.992366	10.872943
0.109131	-0.119629	1.104736	-1.977099	0.351145	-1.061069	10.881012
0.113281	-0.111816	1.107422	-1.717557	0.679389	-1.198473	10.889472
0.099365	-0.104736	1.122314	-2.290076	0.358779	-1.267176	10.897669
0.112793	-0.105713	1.120605	-3.541985	0.015267	-1.145038	10.906141
0.113525	-0.114502	1.120117	-4.198473	-0.244275	-1.053435	10.914145
0.106689	-0.121582	1.122314	-3.778626	0.022901	-1.244275	10.922609
0.124512	-0.105469	1.126953	-4.351145	0.244275	-1.312977	10.931006
0.106689	-0.106445	1.133789	-4.793893	-0.305344	-0.984733	10.939256
0.109375	-0.116943	1.134033	-4.633588	-0.351145	-0.732824	10.947926
0.108643	-0.128662	1.130859	-4.145038	-0.198473	-0.786260	10.956199
0.118408	-0.105713	1.117676	-3.129771	-1.534351	-1.183206	10.964545
0.107422	-0.092529	1.123535	-4.389313	-0.786260	-0.580153	10.972991
0.113770	-0.114502	1.118408	-4.908397	-0.824427	0.183206	10.981357
0.113770	-0.127441	1.113770	-4.862595	-0.022901	0.358779	10.989942
0.119385	-0.141602	1.115234	-4.549618	-0.549618	-0.221374	10.998289
0.117432	-0.143799	1.117188	-4.366412	-0.687023	-1.000000	11.006772
0.107666	-0.139404	1.103271	-3.580153	-0.648855	-1.549618	11.014788
0.108398	-0.119873	1.097900	-3.229008	0.038168	-1.770992	11.023416
0.111084	-0.110840	1.107422	-3.053435	0.213740	-1.549618	11.031867
0.105225	-0.120361	1.129395	-3.328244	-0.351145	-1.496183	11.040365
0.101074	-0.125977	1.138428	-3.282443	-1.175573	-3.893130	11.048705
0.101807	-0.119629	1.117676	-2.839695	-1.312977	-2.290076	11.056987
0.102295	-0.109131	1.119629	-3.221374	-1.152672	-1.946565	11.065265
0.103027	-0.112549	1.132324	-3.488550	-1.427481	-1.412214	11.073861
0.109131	-0.110107	1.128906	-4.091603	-1.572519	-1.480916	11.082350
0.106445	-0.107422	1.114258	-4.145038	-1.572519	-1.244275	11.090498
0.106201	-0.110596	1.113525	-3.954198	-0.755725	-0.679389	11.098997
0.106689	-0.122070	1.094238	-3.740458	-0.748092	-0.458015	11.107443
0.104492	-0.125244	1.109619	-3.274809	-0.732824	-0.770992	11.115506
0.105713	-0.117432	1.124023	-3.213740	-0.687023	-0.839695	11.123615
0.094482	-0.131836	1.103760	-2.885496	-0.832061	-0.580153	11.132055
0.109131	-0.145264	1.098389	-2.450382	-0.946565	-0.931298	11.140298
0.107910	-0.137451	1.104736	-2.603053	-1.503817	-1.679389	11.148712
0.105713	-0.111084	1.095215	-3.091603	-1.351145	-1.793893	11.157100
0.105713	-0.117920	1.100830	-3.534351	-1.374046	-1.175573	11.165571
0.102783	-0.130859	1.100342	-3.541985	-1.526718	-1.213740	11.173862
0.113770	-0.129639	1.113525	-3.786260	-1.587786	-1.419847	11.182371
0.107178	-0.113281	1.093018	-4.190840	-1.358779	-1.786260	11.190804
0.109863	-0.116699	1.087891	-4.274809	-0.786260	-1.458015	11.198775
0.105713	-0.124023	1.093750	-3.664122	-0.229008	-1.167939	11.207190
0.109863	-0.127441	1.125488	-3.351145	-0.267176	-1.305344	11.215786
0.094482	-0.120117	1.128418	-3.496183	-0.389313	-1.167939	11.223934
0.111816	-0.123291	1.126221	-3.580153	-0.595420	-1.038168	11.232417
0.111816	-0.127441	1.104492	-3.114504	-0.633588	-1.305344	11.240928
0.106689	-0.115234	1.121094	-3.022901	-0.816794	-1.587786	11.249062
0.105225	-0.112549	1.115723	-2.534351	-0.633588	-1.480916	11.257394
0.106934	-0.112549	1.107178	-2.511450	-0.465649	-0.870229	11.265917
0.110107	-0.121582	1.111816	-2.412214	-0.496183	-0.725191	11.274421
0.112305	-0.124756	1.127441	-2.488550	-0.748092	-1.175573	11.282785
0.110107	-0.123047	1.115967	-2.351145	-0.740458	-1.366412	11.291242
0.108887	-0.124512	1.106445	-3.045802	-0.633588	-1.458015	11.299516
0.113525	-0.122559	1.109863	-3.656489	-0.511450	-1.931298	11.307818
0.095947	-0.120117	1.108643	-2.366412	-1.595420	-0.610687	11.316369
0.115479	-0.110596	1.113037	-3.946565	0.114504	-1.671756	11.324534
0.100098	-0.116211	1.111084	-2.824427	0.251908	-1.297710	11.333202
0.114990	-0.121582	1.102539	-3.137405	-2.137405	-0.938931	11.341488
0.109619	-0.124023	1.104492	-2.396947	-0.473282	-1.511450	11.350042
0.107910	-0.109619	1.096191	-2.519084	-0.969466	-1.595420	11.358478
0.102295	-0.123047	1.079590	-1.748092	0.419847	-0.725191	11.366610
0.107422	-0.128418	1.078125	-1.961832	-0.114504	-1.312977	11.374155
0.112549	-0.138184	1.093506	-1.564885	0.984733	-1.984733	11.381769
0.104492	-0.111572	1.132812	-0.229008	1.152672	-1.381679	11.390193
0.102783	-0.110840	1.119873	-1.854962	-0.259542	-1.839695	11.398534
0.094727	-0.127930	1.110840	-9.709924	0.114504	-3.923664	11.406977
0.116455	-0.103271	1.110840	-4.335878	1.045802	-1.961832	11.414931
0.094482	-0.111816	1.126221	-1.145038	-1.916031	0.694656	11.423463
0.102783	-0.095459	1.115234	-5.129771	-1.137405	-0.541985	11.431977
0.093262	-0.119873	1.142578	-5.534351	-0.717557	-2.587786	11.440493
0.107422	-0.074463	1.130615	-5.167939	-1.000000	-1.206107	11.448725
0.100098	-0.076416	1.104248	-4.809160	-1.854962	1.236641	11.457421
0.106934	-0.139404	1.113037	-4.893130	-0.580153	0.786260	11.465692
0.112793	-0.149902	1.128662	-1.251908	0.366412	-1.854962	11.474192
0.106445	-0.088867	1.131592	0.160305	0.412214	-1.580153	11.482478
0.104492	-0.064209	1.126221	-3.786260	-1.091603	0.870229	11.491168
0.112305	-0.132080	1.111328	-5.160305	-2.267176	0.633588	11.499384
0.130371	-0.177734	1.108154	-1.687023	0.435115	-0.557252	11.507942
0.114258	-0.135986	1.120361	-0.343511	-1.198473	-1.244275	11.516052
0.116211	-0.106445	1.112549	-2.946565	0.931298	-2.641221	11.524362
0.107422	-0.108643	1.109375	-3.068702	-1.099237	-0.603053	11.532748
0.116943	-0.121582	1.107422	-3.877863	-0.862595	-0.770992	11.541109
0.105713	-0.127441	1.123779	-4.038168	-0.702290	-1.221374	11.549502
0.115967	-0.124756	1.112793	-4.679389	-1.274809	-1.374046	11.557846
0.110596	-0.130859	1.107910	-3.541985	-0.770992	-1.099237	11.566308
0.104248	-0.110107	1.094238	-2.961832	-0.778626	-0.793893	11.574644
0.115479	-0.117920	1.112793	-2.496183	-0.427481	-0.709924	11.583077
0.113281	-0.129883	1.131104	-1.618321	-0.679389	-0.862595	11.591326
0.106201	-0.139404	1.132568	-1.839695	-0.809160	-1.473282	11.599836
0.110352	-0.137939	1.117432	-2.053435	-1.366412	-2.106870	11.608268
0.106689	-0.113281	1.110352	-2.770992	-1.465649	-2.061069	11.616070
0.113525	-0.106689	1.119873	-3.427481	-1.351145	-1.366412	11.623836
0.106689	-0.115234	1.114502	-4.183206	-1.587786	-1.335878	11.631964
0.106934	-0.119629	1.106201	-3.106870	-1.236641	-1.351145	11.640490
0.101074	-0.113770	1.092041	-0.221374	-0.450382	-0.847328	11.648895
0.104980	-0.109863	1.056885	-0.946565	0.374046	-1.748092	11.657341
0.095703	-0.140625	1.068604	-0.015267	1.335878	-0.954198	11.665378
0.097168	-0.130859	1.105713	-0.732824	2.541985	-1.282443	11.673584
0.104980	-0.101318	1.140625	-1.229008	1.610687	-0.679389	11.682070
0.102051	-0.093750	1.151611	-5.396947	-0.824427	-0.900763	11.690458
0.101562	-0.107910	1.163818	-7.068702	-2.381679	0.259542	11.698773
0.106934	-0.141357	1.111328	-6.770992	-2.664122	-0.290076	11.707162
0.106934	-0.130859	1.068359	-4.633588	-2.106870	-1.442748	11.715630
0.103027	-0.115479	1.081543	-3.083969	0.061069	-1.458015	11.723389
0.106689	-0.115723	1.132080	-2.206107	0.229008	-1.068702	11.731805
0.105713	-0.135254	1.138672	-2.854962	-0.564885	-1.595420	11.740268
0.105469	-0.135254	1.124268	-2.335878	-1.641221	-1.770992	11.748576
0.103027	-0.118164	1.107666	-2.847328	-0.854962	-2.251908	11.757133
0.103271	-0.114502	1.110352	-2.954198	-1.038168	-1.816794	11.765468
0.101318	-0.114258	1.128662	-3.114504	-1.641221	-1.480916	11.773670
0.104004	-0.118408	1.100586	-3.587786	-1.335878	-1.694656	11.782229
0.108887	-0.109863	1.089600	-3.801527	-1.534351	-1.847328	11.790591
0.105225	-0.100586	1.113525	-3.198473	-1.007634	-1.496183	11.798629
0.108887	-0.096680	1.116943	-3.122137	-0.748092	-0.725191	11.806992
0.101562	-0.100830	1.104980	-5.183206	-1.244275	-0.389313	11.815281
0.113525	-0.109375	1.131592	-5.068702	-1.396947	-0.488550	11.823637
0.102295	-0.100830	1.137207	-5.022901	-1.480916	0.038168	11.831876
0.099854	-0.119385	1.117676	-5.648855	-1.954198	0.129771	11.840170
0.111572	-0.143555	1.098145	-4.251908	-1.541985	-0.160305	11.848463
0.107422	-0.145020	1.104980	-2.076336	-1.251908	-0.717557	11.857294
0.112793	-0.132568	1.107666	-2.076336	-0.572519	-1.717557	11.865501
0.114502	-0.116455	1.106934	-1.358779	-0.458015	-1.511450	11.873773
0.114746	-0.117676	1.118896	-2.267176	-0.625954	-1.404580	11.882486
0.114014	-0.118164	1.110352	-3.358779	-1.000000	-1.458015	11.890781
0.113770	-0.118408	1.113770	-3.633588	-1.267176	-1.496183	11.899214
0.111816	-0.117188	1.113281	-4.328244	-1.274809	-1.206107	11.907646
0.107910	-0.127930	1.112549	-4.687023	-1.725191	-1.312977	11.915791
0.109131	-0.132080	1.113770	-3.992366	-1.534351	-1.587786	11.923769
0.109131	-0.135010	1.104736	-3.198473	-1.206107	-1.480916	11.932261
0.107422	-0.138428	1.099365	-2.709924	-1.129771	-1.923664	11.940426
0.111816	-0.125488	1.104004	-2.213740	-1.183206	-2.106870	11.948845
0.105225	-0.123047	1.087891	-1.618321	-0.633588	-2.198473	11.957616
0.107666	-0.115967	1.079590	-2.152672	-0.496183	-2.229008	11.965336
0.106689	-0.109619	1.098633	-2.091603	-0.412214	-2.038168	11.973457
0.105225	-0.109131	1.097412	-2.572519	-0.534351	-2.137405	11.981497
0.104004	-0.099365	1.093262	-2.648855	-0.885496	-2.320611	11.990109
0.098145	-0.085693	1.109131	-2.671756	-0.404580	-1.374046	11.998700
0.107178	-0.099121	1.101562	-3.961832	-0.641221	-1.122137	12.006963
0.100830	-0.099121	1.101074	-4.076336	-0.213740	-1.290076	12.014863
0.100830	-0.100098	1.122070	-4.412214	-0.190840	-1.503817	12.022972
0.095947	-0.084229	1.125488	-4.633588	-0.603053	-0.893130	12.031382
0.096924	-0.082031	1.127197	-5.312977	-0.732824	-0.290076	12.039601
0.102051	-0.091797	1.128418	-5.732824	-0.893130	0.343511	12.047926
0.109131	-0.110596	1.116943	-5.404580	-0.274809	0.396947	12.056579
0.109619	-0.116699	1.119873	-4.503817	-0.328244	0.175573	12.064962
0.110352	-0.108154	1.124268	-4.381679	0.022901	0.236641	12.073438
0.113037	-0.112549	1.125977	-4.862595	-0.175573	0.045802	12.081751
0.111572	-0.113525	1.132568	-4.885496	-0.541985	0.137405	12.090437
0.107666	-0.123047	1.129883	-5.038168	-1.122137	0.404580	12.098723
0.115479	-0.140625	1.140869	-4.908397	-1.595420	0.145038	12.107222
0.118164	-0.145264	1.127930	-4.465649	-1.709924	-0.687023	12.115263
0.119873	-0.140869	1.119141	-4.244275	-1.717557	-0.916031	12.123563
0.114990	-0.142822	1.118408	-3.664122	-1.511450	-1.396947	12.131909
0.115479	-0.138672	1.111084	-2.740458	-0.862595	-1.763359	12.140083
0.118896	-0.142822	1.113525	-2.396947	-0.732824	-2.312977	12.148262
0.117676	-0.131348	1.125000	-1.702290	-1.068702	-2.099237	12.156941
0.106201	-0.130371	1.118896	-1.809160	-1.328244	-2.396947	12.165206
0.111572	-0.122314	1.111084	-2.229008	-1.282443	-2.625954	12.173586
0.101318	-0.108154	1.109863	-2.809160	-0.977099	-2.671756	12.181888
0.097412	-0.109619	1.114502	-3.351145	-1.893130	-2.442748	12.190376
0.093262	-0.108398	1.123535	-3.824427	-2.786260	-2.320611	12.198691
